[Metadata]
Crisp
yak_won
Xin_U
Mintice Kazukisinx EZ2AC
35
0

[TimingPoints]
1430,342.857142857143,4,2,0,18,1,0
61087,68.5714285714286,4,2,0,18,1,0
61115,1E+308,4,2,0,18,1,0
61410,85.7142857142857,4,2,0,18,1,0
61430,457.142857142857,4,2,0,18,1,0
61772,342.857142857143,4,2,0,18,1,0
62458,68.5714285714286,4,2,0,18,1,0
62487,1E+308,4,2,0,18,1,0
62781,85.7142857142857,4,2,0,18,1,0
62801,457.142857142857,4,2,0,18,1,0
63144,342.857142857143,4,2,0,18,1,0
63830,68.5714285714286,4,2,0,18,1,0
63858,1E+308,4,2,0,18,1,0
64152,85.7142857142857,4,2,0,18,1,0
64172,457.142857142857,4,2,0,18,1,0
64515,342.857142857143,4,2,0,18,1,0
65201,68.5714285714286,4,2,0,18,1,0
65230,1E+308,4,2,0,18,1,0
65524,85.7142857142857,4,2,0,18,1,0
65544,457.142857142857,4,2,0,18,1,0
65887,342.857142857143,4,2,0,18,1,0
66572,68.5714285714286,4,2,0,18,1,0
66601,1E+308,4,2,0,18,1,0
66895,85.7142857142857,4,2,0,18,1,0
66915,457.142857142857,4,2,0,18,1,0
67258,342.857142857143,4,2,0,18,1,0
67944,68.5714285714286,4,2,0,18,1,0
67972,1E+308,4,2,0,18,1,0
68267,68.5714285714286,4,2,0,18,1,0
68287,457.142857142857,4,2,0,18,1,0
68630,342.857142857143,4,2,0,18,1,0
69315,68.5714285714286,4,2,0,18,1,0
69344,1E+308,4,2,0,18,1,0
69638,85.7142857142857,4,2,0,18,1,0
69658,457.142857142857,4,2,0,18,1,0
70001,342.857142857143,4,2,0,18,1,0
70687,68.5714285714286,4,2,0,18,1,0
70715,1E+308,4,2,0,18,1,0
71010,85.7142857142857,4,2,0,18,1,0
71030,457.142857142857,4,2,0,18,1,0
71372,342.857142857143,4,2,0,18,1,0
115258,34.2857142857143,4,2,0,18,1,0
115280,1714.28571428571,4,2,0,18,1,0
116630,685.714285714286,4,2,0,18,1,0


[HitObjects]
182,344,1430,128,2,2115:0:0:0:0:
475,352,1430,1,0,0:0:0:0:
402,344,1515,1,0,0:0:0:0:
329,328,1601,1,0,0:0:0:0:
256,304,1687,1,0,0:0:0:0:
402,256,1772,1,0,0:0:0:0:
256,224,1858,1,0,0:0:0:0:
109,200,1944,1,0,0:0:0:0:
36,168,2030,1,0,0:0:0:0:
475,200,2115,128,2,2800:0:0:0:0:
402,136,2115,1,0,0:0:0:0:
329,120,2201,1,0,0:0:0:0:
256,96,2287,1,0,0:0:0:0:
182,80,2372,1,0,0:0:0:0:
329,40,2458,1,0,0:0:0:0:
182,16,2544,1,0,0:0:0:0:
109,8,2630,1,0,0:0:0:0:
36,8,2715,1,0,0:0:0:0:
329,376,2801,128,2,3486:0:0:0:0:
402,368,2801,1,0,0:0:0:0:
256,336,2887,1,0,0:0:0:0:
109,304,2972,1,0,0:0:0:0:
36,288,3058,1,0,0:0:0:0:
475,264,3144,1,0,0:0:0:0:
402,232,3230,1,0,0:0:0:0:
256,184,3315,1,0,0:0:0:0:
182,160,3401,1,0,0:0:0:0:
36,208,3487,128,2,4172:0:0:0:0:
402,136,3487,1,0,0:0:0:0:
256,120,3572,1,0,0:0:0:0:
182,104,3658,1,0,0:0:0:0:
109,80,3744,1,0,0:0:0:0:
475,64,3830,1,0,0:0:0:0:
402,48,3915,1,0,0:0:0:0:
329,40,4001,1,0,0:0:0:0:
256,16,4087,1,0,0:0:0:0:
402,376,4172,128,2,4857:0:0:0:0:
475,376,4172,1,0,0:0:0:0:
329,344,4258,1,0,0:0:0:0:
182,320,4344,1,0,0:0:0:0:
109,304,4430,1,0,0:0:0:0:
256,280,4515,1,0,0:0:0:0:
182,256,4601,1,0,0:0:0:0:
109,248,4687,1,0,0:0:0:0:
36,232,4772,1,0,0:0:0:0:
109,216,4858,128,2,5200:0:0:0:0:
475,216,4858,1,0,0:0:0:0:
329,208,4944,1,0,0:0:0:0:
256,184,5030,1,0,0:0:0:0:
36,152,5115,1,0,0:0:0:0:
182,128,5201,128,2,5543:0:0:0:0:
402,112,5201,1,0,0:0:0:0:
329,96,5287,1,0,0:0:0:0:
256,64,5372,1,0,0:0:0:0:
109,32,5458,1,0,0:0:0:0:
329,360,5544,128,2,6229:0:0:0:0:
475,376,5544,1,0,0:0:0:0:
402,352,5630,1,0,0:0:0:0:
256,328,5715,1,0,0:0:0:0:
182,320,5801,1,0,0:0:0:0:
402,296,5887,1,0,0:0:0:0:
182,256,5972,1,0,0:0:0:0:
109,248,6058,1,0,0:0:0:0:
36,232,6144,1,0,0:0:0:0:
256,224,6230,128,2,6915:0:0:0:0:
475,216,6230,1,0,0:0:0:0:
402,200,6315,1,0,0:0:0:0:
329,184,6401,1,0,0:0:0:0:
182,160,6487,1,0,0:0:0:0:
329,120,6572,1,0,0:0:0:0:
182,96,6658,1,0,0:0:0:0:
109,80,6744,1,0,0:0:0:0:
36,32,6830,1,0,0:0:0:0:
109,384,6915,128,2,7600:0:0:0:0:
402,376,6915,1,0,0:0:0:0:
329,336,7001,1,0,0:0:0:0:
256,304,7087,1,0,0:0:0:0:
182,288,7172,1,0,0:0:0:0:
475,272,7258,1,0,0:0:0:0:
402,248,7344,1,0,0:0:0:0:
329,224,7430,1,0,0:0:0:0:
256,200,7515,1,0,0:0:0:0:
36,200,7601,128,2,8286:0:0:0:0:
475,160,7601,1,0,0:0:0:0:
329,144,7687,1,0,0:0:0:0:
256,128,7772,1,0,0:0:0:0:
109,104,7858,1,0,0:0:0:0:
402,72,7944,1,0,0:0:0:0:
329,40,8030,1,0,0:0:0:0:
182,24,8115,1,0,0:0:0:0:
109,8,8201,1,0,0:0:0:0:
475,384,8287,128,2,8972:0:0:0:0:
329,376,8287,1,0,0:0:0:0:
256,344,8372,1,0,0:0:0:0:
182,320,8458,1,0,0:0:0:0:
109,288,8544,1,0,0:0:0:0:
402,272,8630,1,0,0:0:0:0:
182,256,8715,1,0,0:0:0:0:
109,224,8801,1,0,0:0:0:0:
36,200,8887,1,0,0:0:0:0:
329,208,8972,128,2,9657:0:0:0:0:
402,176,8972,1,0,0:0:0:0:
256,152,9058,1,0,0:0:0:0:
182,120,9144,1,0,0:0:0:0:
36,72,9230,1,0,0:0:0:0:
475,64,9315,1,0,0:0:0:0:
402,32,9401,1,0,0:0:0:0:
256,8,9487,1,0,0:0:0:0:
109,8,9572,1,0,0:0:0:0:
182,384,9658,128,2,10343:0:0:0:0:
402,376,9658,1,0,0:0:0:0:
329,336,9744,1,0,0:0:0:0:
256,304,9830,1,0,0:0:0:0:
36,272,9915,1,0,0:0:0:0:
475,264,10001,1,0,0:0:0:0:
402,240,10087,1,0,0:0:0:0:
329,208,10172,1,0,0:0:0:0:
109,192,10258,1,0,0:0:0:0:
256,216,10344,128,2,10686:0:0:0:0:
402,176,10344,1,0,0:0:0:0:
329,152,10430,1,0,0:0:0:0:
109,128,10515,1,0,0:0:0:0:
36,104,10601,1,0,0:0:0:0:
402,136,10687,128,2,11029:0:0:0:0:
475,88,10687,1,0,0:0:0:0:
329,64,10772,1,0,0:0:0:0:
182,40,10858,1,0,0:0:0:0:
109,8,10944,1,0,0:0:0:0:
475,376,11030,128,2,12401:0:0:0:0:
329,368,11030,1,0,0:0:0:0:
256,336,11115,1,0,0:0:0:0:
182,304,11201,1,0,0:0:0:0:
109,288,11287,1,0,0:0:0:0:
329,272,11372,1,0,0:0:0:0:
256,248,11458,1,0,0:0:0:0:
109,216,11544,1,0,0:0:0:0:
36,200,11630,1,0,0:0:0:0:
402,192,11715,1,0,0:0:0:0:
329,176,11801,1,0,0:0:0:0:
256,160,11887,1,0,0:0:0:0:
182,128,11972,1,0,0:0:0:0:
329,104,12058,1,0,0:0:0:0:
256,64,12144,1,0,0:0:0:0:
182,48,12230,1,0,0:0:0:0:
109,32,12315,1,0,0:0:0:0:
182,352,12401,5,0,0:0:0:0:
329,352,12401,1,0,0:0:0:0:
256,320,12487,1,0,0:0:0:0:
109,288,12572,1,0,0:0:0:0:
402,288,12572,1,0,0:0:0:0:
36,256,12658,1,0,0:0:0:0:
475,256,12658,1,0,0:0:0:0:
109,224,12744,1,0,0:0:0:0:
402,224,12744,1,0,0:0:0:0:
256,192,12830,1,0,0:0:0:0:
182,160,12915,1,0,0:0:0:0:
329,160,12915,1,0,0:0:0:0:
109,128,13001,1,0,0:0:0:0:
402,128,13001,1,0,0:0:0:0:
36,352,13087,5,0,0:0:0:0:
475,352,13087,1,0,0:0:0:0:
182,320,13172,1,0,0:0:0:0:
329,320,13172,1,0,0:0:0:0:
109,288,13258,1,0,0:0:0:0:
402,288,13258,1,0,0:0:0:0:
36,256,13344,1,0,0:0:0:0:
475,256,13344,1,0,0:0:0:0:
402,224,13430,1,0,0:0:0:0:
109,224,13430,1,0,0:0:0:0:
475,192,13515,1,0,0:0:0:0:
36,192,13515,1,0,0:0:0:0:
329,160,13601,1,0,0:0:0:0:
182,160,13601,1,0,0:0:0:0:
256,128,13687,1,0,0:0:0:0:
182,352,13772,5,0,0:0:0:0:
329,352,13772,1,0,0:0:0:0:
109,320,13858,1,0,0:0:0:0:
402,320,13858,1,0,0:0:0:0:
36,288,13944,1,0,0:0:0:0:
475,288,13944,1,0,0:0:0:0:
182,256,14030,1,0,0:0:0:0:
329,256,14030,1,0,0:0:0:0:
36,224,14115,1,0,0:0:0:0:
475,224,14115,1,0,0:0:0:0:
109,192,14201,1,0,0:0:0:0:
402,192,14201,1,0,0:0:0:0:
256,160,14287,1,0,0:0:0:0:
329,128,14372,1,0,0:0:0:0:
182,128,14372,1,0,0:0:0:0:
109,352,14458,5,0,0:0:0:0:
402,352,14458,1,0,0:0:0:0:
256,320,14544,1,0,0:0:0:0:
36,288,14630,1,0,0:0:0:0:
475,288,14630,1,0,0:0:0:0:
402,256,14715,1,0,0:0:0:0:
109,256,14715,1,0,0:0:0:0:
256,224,14801,1,0,0:0:0:0:
182,192,14887,1,0,0:0:0:0:
329,192,14887,1,0,0:0:0:0:
36,160,14972,1,0,0:0:0:0:
475,160,14972,1,0,0:0:0:0:
109,128,15058,1,0,0:0:0:0:
402,128,15058,1,0,0:0:0:0:
329,352,15144,128,2,16515:0:0:0:0:
36,352,15144,1,0,1:0:0:50:normal-hitnormal2.ogg
182,352,15144,1,0,0:0:0:0:
256,320,15230,1,0,0:0:0:0:
36,288,15315,1,0,1:0:0:50:normal-hitnormal2.ogg
109,288,15315,1,0,0:0:0:0:
402,256,15401,1,0,0:0:0:0:
475,224,15487,1,8,1:0:0:0:
109,224,15487,1,0,0:0:0:0:
182,192,15572,1,0,0:0:0:0:
256,160,15658,1,0,0:0:0:0:
36,128,15744,1,0,1:0:0:50:normal-hitnormal2.ogg
402,128,15744,1,0,0:0:0:0:
256,352,15830,5,0,0:0:0:0:
109,320,15915,1,0,0:0:0:0:
475,288,16001,1,8,1:0:0:0:
182,288,16001,1,0,0:0:0:0:
256,256,16087,1,0,0:0:0:0:
36,224,16172,1,0,1:0:0:50:normal-hitnormal2.ogg
402,224,16172,1,0,0:0:0:0:
256,192,16258,1,0,0:0:0:0:
475,160,16344,1,8,1:0:0:0:
109,160,16344,1,0,0:0:0:0:
182,128,16430,1,0,0:0:0:0:
109,8,16515,128,2,17200:0:0:0:0:
36,352,16515,1,0,1:0:0:50:normal-hitnormal2.ogg
256,352,16515,1,0,0:0:0:0:
182,320,16601,1,0,0:0:0:0:
36,288,16687,1,0,1:0:0:50:normal-hitnormal2.ogg
329,288,16687,1,0,0:0:0:0:
402,256,16772,1,0,0:0:0:0:
475,224,16858,1,8,1:0:0:0:
329,224,16858,1,0,0:0:0:0:
182,192,16944,1,0,0:0:0:0:
36,160,17030,1,0,1:0:0:50:normal-hitnormal2.ogg
402,160,17030,1,0,0:0:0:0:
329,128,17115,1,0,0:0:0:0:
256,16,17201,128,2,17886:0:0:0:0:
182,352,17201,1,0,0:0:0:0:
402,320,17287,1,0,0:0:0:0:
36,288,17372,1,0,1:0:0:50:normal-hitnormal2.ogg
109,288,17372,1,0,0:0:0:0:
402,256,17458,1,0,0:0:0:0:
475,224,17544,1,8,1:0:0:0:
329,224,17544,1,0,0:0:0:0:
109,192,17630,1,0,0:0:0:0:
182,160,17715,1,0,0:0:0:0:
109,128,17801,1,0,0:0:0:0:
36,352,17887,5,0,1:0:0:50:normal-hitnormal2.ogg
329,16,17887,128,2,19258:0:0:0:0:
402,352,17887,1,0,0:0:0:0:
109,320,17972,1,0,0:0:0:0:
36,288,18058,1,0,1:0:0:50:normal-hitnormal2.ogg
182,288,18058,1,0,0:0:0:0:
256,256,18144,1,0,0:0:0:0:
475,224,18230,1,8,1:0:0:0:
109,224,18230,1,0,0:0:0:0:
402,192,18315,1,0,0:0:0:0:
182,160,18401,1,0,0:0:0:0:
256,128,18487,1,0,0:0:0:0:
182,352,18572,5,0,0:0:0:0:
36,352,18572,1,0,1:0:0:50:normal-hitnormal2.ogg
402,320,18658,1,0,0:0:0:0:
475,288,18744,1,8,1:0:0:0:
109,288,18744,1,0,0:0:0:0:
256,256,18830,1,0,0:0:0:0:
36,224,18915,1,0,1:0:0:50:normal-hitnormal2.ogg
402,224,18915,1,0,0:0:0:0:
256,192,19001,1,0,0:0:0:0:
475,160,19087,1,8,1:0:0:0:
182,160,19087,1,0,0:0:0:0:
402,128,19172,1,0,0:0:0:0:
109,24,19258,128,2,20629:0:0:0:0:
182,352,19258,1,0,0:0:0:0:
36,352,19258,1,0,1:0:0:50:normal-hitnormal2.ogg
256,320,19344,1,0,0:0:0:0:
36,288,19430,1,0,1:0:0:50:normal-hitnormal2.ogg
329,288,19430,1,0,0:0:0:0:
402,256,19515,1,0,0:0:0:0:
475,224,19601,1,8,1:0:0:0:
256,224,19601,1,0,0:0:0:0:
182,192,19687,1,0,0:0:0:0:
36,160,19772,1,0,1:0:0:50:normal-hitnormal2.ogg
329,160,19772,1,0,0:0:0:0:
402,128,19858,1,0,0:0:0:0:
329,352,19944,5,0,0:0:0:0:
402,320,20030,1,0,0:0:0:0:
36,288,20115,1,0,1:0:0:50:normal-hitnormal2.ogg
256,288,20115,1,0,0:0:0:0:
329,256,20201,1,0,0:0:0:0:
475,224,20287,1,8,1:0:0:0:
402,224,20287,1,0,0:0:0:0:
182,192,20372,1,0,0:0:0:0:
329,160,20458,1,0,0:0:0:0:
256,128,20544,1,0,0:0:0:0:
182,32,20630,128,2,21315:0:0:0:0:
36,352,20630,1,0,1:0:0:50:normal-hitnormal2.ogg
329,352,20630,1,0,0:0:0:0:
402,320,20715,1,0,0:0:0:0:
36,288,20801,1,0,1:0:0:50:normal-hitnormal2.ogg
109,288,20801,1,0,0:0:0:0:
329,256,20887,1,0,0:0:0:0:
475,224,20972,1,8,1:0:0:0:
256,224,20972,1,0,0:0:0:0:
109,192,21058,1,0,0:0:0:0:
256,160,21144,1,0,0:0:0:0:
36,192,21230,1,0,1:0:0:50:normal-hitnormal2.ogg
329,128,21230,1,0,0:0:0:0:
402,32,21315,128,2,22000:0:0:0:0:
109,352,21315,1,0,0:0:0:0:
256,320,21401,1,0,0:0:0:0:
475,288,21487,1,8,1:0:0:0:
182,288,21487,1,0,0:0:0:0:
329,256,21572,1,0,0:0:0:0:
36,224,21658,1,0,1:0:0:50:normal-hitnormal2.ogg
256,224,21658,1,0,0:0:0:0:
182,192,21744,1,0,0:0:0:0:
475,160,21830,1,8,1:0:0:0:
256,160,21830,1,0,0:0:0:0:
109,128,21915,1,0,0:0:0:0:
329,32,22001,128,2,22686:0:0:0:0:
36,352,22001,1,0,1:0:0:50:normal-hitnormal2.ogg
182,352,22001,1,0,0:0:0:0:
256,320,22087,1,0,0:0:0:0:
36,288,22172,1,0,1:0:0:50:normal-hitnormal2.ogg
109,288,22172,1,0,0:0:0:0:
402,256,22258,1,0,0:0:0:0:
475,224,22344,1,8,1:0:0:0:
109,224,22344,1,0,0:0:0:0:
182,192,22430,1,0,0:0:0:0:
36,160,22515,1,0,1:0:0:50:normal-hitnormal2.ogg
256,160,22515,1,0,0:0:0:0:
402,128,22601,1,0,0:0:0:0:
109,32,22687,128,2,23372:0:0:0:0:
256,352,22687,1,0,0:0:0:0:
182,320,22772,1,0,0:0:0:0:
36,288,22858,1,0,1:0:0:50:normal-hitnormal2.ogg
329,288,22858,1,0,0:0:0:0:
402,256,22944,1,0,0:0:0:0:
475,224,23030,1,8,1:0:0:0:
256,224,23030,1,0,0:0:0:0:
402,192,23115,1,0,0:0:0:0:
329,160,23201,1,0,0:0:0:0:
182,128,23287,1,0,0:0:0:0:
256,32,23372,128,2,25429:0:0:0:0:
36,352,23372,1,0,1:0:0:50:normal-hitnormal2.ogg
329,352,23372,1,0,0:0:0:0:
402,320,23458,1,0,0:0:0:0:
36,288,23544,1,0,1:0:0:50:normal-hitnormal2.ogg
182,288,23544,1,0,0:0:0:0:
109,256,23630,1,0,0:0:0:0:
475,224,23715,1,8,1:0:0:0:
182,224,23715,1,0,0:0:0:0:
329,192,23801,1,0,0:0:0:0:
109,160,23887,1,0,0:0:0:0:
402,128,23972,1,0,0:0:0:0:
36,352,24058,5,0,1:0:0:50:normal-hitnormal2.ogg
109,352,24058,1,0,0:0:0:0:
329,320,24144,1,0,0:0:0:0:
475,288,24230,1,8,1:0:0:0:
109,288,24230,1,0,0:0:0:0:
402,256,24315,1,0,0:0:0:0:
36,224,24401,1,0,1:0:0:50:normal-hitnormal2.ogg
329,224,24401,1,0,0:0:0:0:
182,192,24487,1,0,0:0:0:0:
475,160,24572,1,8,1:0:0:0:
109,160,24572,1,0,0:0:0:0:
182,128,24658,1,0,0:0:0:0:
36,352,24744,5,0,1:0:0:50:normal-hitnormal2.ogg
329,352,24744,1,0,0:0:0:0:
402,320,24830,1,0,0:0:0:0:
36,288,24915,1,0,1:0:0:50:normal-hitnormal2.ogg
109,288,24915,1,0,0:0:0:0:
182,256,25001,1,0,0:0:0:0:
475,224,25087,1,8,1:0:0:0:
109,224,25087,1,0,0:0:0:0:
329,192,25172,1,0,0:0:0:0:
36,160,25258,1,0,1:0:0:50:normal-hitnormal2.ogg
182,160,25258,1,0,0:0:0:0:
329,128,25344,1,0,0:0:0:0:
402,32,25430,128,2,26115:0:0:0:0:
109,352,25430,1,0,0:0:0:0:
182,320,25515,1,0,0:0:0:0:
36,288,25601,1,0,1:0:0:50:normal-hitnormal2.ogg
256,288,25601,1,0,0:0:0:0:
329,256,25687,1,0,0:0:0:0:
475,224,25772,1,8,1:0:0:0:
182,224,25772,1,0,0:0:0:0:
109,192,25858,1,0,0:0:0:0:
329,160,25944,1,0,0:0:0:0:
256,128,26030,1,0,0:0:0:0:
109,24,26115,128,2,26800:0:0:0:0:
475,352,26115,1,0,1:0:0:50:normal-hitnormal2.ogg
182,352,26115,1,0,0:0:0:0:
256,320,26201,1,0,0:0:0:0:
475,288,26287,1,0,1:0:0:50:normal-hitnormal2.ogg
329,288,26287,1,0,0:0:0:0:
402,256,26372,1,0,0:0:0:0:
36,224,26458,1,8,1:0:0:0:
256,224,26458,1,0,0:0:0:0:
329,192,26544,1,0,0:0:0:0:
182,160,26630,1,0,0:0:0:0:
475,128,26715,1,0,1:0:0:50:normal-hitnormal2.ogg
402,128,26715,1,0,0:0:0:0:
329,32,26801,128,2,27486:0:0:0:0:
256,352,26801,1,0,0:0:0:0:
182,320,26887,1,0,0:0:0:0:
36,288,26972,1,8,1:0:0:0:
256,288,26972,1,0,0:0:0:0:
109,256,27058,1,0,0:0:0:0:
475,224,27144,1,0,1:0:0:50:normal-hitnormal2.ogg
402,224,27144,1,0,0:0:0:0:
256,192,27230,1,0,0:0:0:0:
36,160,27315,1,8,1:0:0:0:
182,160,27315,1,0,0:0:0:0:
109,128,27401,1,0,0:0:0:0:
256,32,27487,128,2,28172:0:0:0:0:
475,352,27487,1,0,1:0:0:50:normal-hitnormal2.ogg
182,352,27487,1,0,0:0:0:0:
402,320,27572,1,0,0:0:0:0:
475,288,27658,1,0,1:0:0:50:normal-hitnormal2.ogg
109,288,27658,1,0,0:0:0:0:
329,256,27744,1,0,0:0:0:0:
36,224,27830,1,8,1:0:0:0:
109,224,27830,1,0,0:0:0:0:
182,192,27915,1,0,0:0:0:0:
475,160,28001,1,0,1:0:0:50:normal-hitnormal2.ogg
402,160,28001,1,0,0:0:0:0:
329,128,28087,1,0,0:0:0:0:
182,32,28172,128,2,28857:0:0:0:0:
109,352,28172,1,0,0:0:0:0:
329,320,28258,1,0,0:0:0:0:
475,288,28344,1,0,1:0:0:50:normal-hitnormal2.ogg
402,288,28344,1,0,0:0:0:0:
256,256,28430,1,0,0:0:0:0:
36,224,28515,1,8,1:0:0:0:
402,224,28515,1,0,0:0:0:0:
109,192,28601,1,0,0:0:0:0:
256,160,28687,1,0,0:0:0:0:
329,128,28772,1,0,0:0:0:0:
109,24,28858,128,2,30229:0:0:0:0:
475,352,28858,1,0,1:0:0:50:normal-hitnormal2.ogg
256,352,28858,1,0,0:0:0:0:
402,320,28944,1,0,0:0:0:0:
475,288,29030,1,0,1:0:0:50:normal-hitnormal2.ogg
182,288,29030,1,0,0:0:0:0:
256,256,29115,1,0,0:0:0:0:
36,224,29201,1,8,1:0:0:0:
329,224,29201,1,0,0:0:0:0:
182,192,29287,1,0,0:0:0:0:
329,160,29372,1,0,0:0:0:0:
402,128,29458,1,0,0:0:0:0:
475,352,29544,5,0,1:0:0:50:normal-hitnormal2.ogg
182,352,29544,1,0,0:0:0:0:
402,320,29630,1,0,0:0:0:0:
36,288,29715,1,8,1:0:0:0:
256,288,29715,1,0,0:0:0:0:
329,256,29801,1,0,0:0:0:0:
475,224,29887,1,0,1:0:0:50:normal-hitnormal2.ogg
402,224,29887,1,0,0:0:0:0:
182,192,29972,1,0,0:0:0:0:
36,160,30058,1,8,1:0:0:0:
256,160,30058,1,0,0:0:0:0:
182,128,30144,1,0,0:0:0:0:
256,32,30230,128,2,30915:0:0:0:0:
475,352,30230,1,0,1:0:0:50:normal-hitnormal2.ogg
402,352,30230,1,0,0:0:0:0:
329,320,30315,1,0,0:0:0:0:
475,288,30401,1,0,1:0:0:50:normal-hitnormal2.ogg
109,288,30401,1,0,0:0:0:0:
182,256,30487,1,0,0:0:0:0:
36,224,30572,1,8,1:0:0:0:
109,224,30572,1,0,0:0:0:0:
329,192,30658,1,0,0:0:0:0:
475,160,30744,1,0,1:0:0:50:normal-hitnormal2.ogg
182,160,30744,1,0,0:0:0:0:
402,128,30830,1,0,0:0:0:0:
329,32,30915,128,2,31600:0:0:0:0:
182,352,30915,1,0,0:0:0:0:
109,320,31001,1,0,0:0:0:0:
475,288,31087,1,0,1:0:0:50:normal-hitnormal2.ogg
256,288,31087,1,0,0:0:0:0:
182,256,31172,1,0,0:0:0:0:
36,224,31258,1,8,1:0:0:0:
402,224,31258,1,0,0:0:0:0:
256,192,31344,1,0,0:0:0:0:
109,160,31430,1,0,0:0:0:0:
182,128,31515,1,0,0:0:0:0:
402,24,31601,128,2,32972:0:0:0:0:
475,352,31601,1,0,1:0:0:50:normal-hitnormal2.ogg
109,352,31601,1,0,0:0:0:0:
256,320,31687,1,0,0:0:0:0:
475,288,31772,1,0,1:0:0:50:normal-hitnormal2.ogg
182,288,31772,1,0,0:0:0:0:
329,256,31858,1,0,0:0:0:0:
36,224,31944,1,8,1:0:0:0:
256,224,31944,1,0,0:0:0:0:
182,192,32030,1,0,0:0:0:0:
109,160,32115,1,0,0:0:0:0:
475,128,32201,1,0,1:0:0:50:normal-hitnormal2.ogg
329,128,32201,1,0,0:0:0:0:
182,352,32287,5,0,0:0:0:0:
256,320,32372,1,0,0:0:0:0:
36,288,32458,1,8,1:0:0:0:
109,288,32458,1,0,0:0:0:0:
329,256,32544,1,0,0:0:0:0:
475,224,32630,1,0,1:0:0:50:normal-hitnormal2.ogg
182,224,32630,1,0,0:0:0:0:
109,192,32715,1,0,0:0:0:0:
36,160,32801,1,8,1:0:0:0:
329,160,32801,1,0,0:0:0:0:
109,128,32887,1,0,0:0:0:0:
256,24,32972,128,2,33657:0:0:0:0:
475,352,32972,1,0,1:0:0:50:normal-hitnormal2.ogg
182,352,32972,1,0,0:0:0:0:
329,320,33058,1,0,0:0:0:0:
475,288,33144,1,0,1:0:0:50:normal-hitnormal2.ogg
109,288,33144,1,0,0:0:0:0:
329,256,33230,1,0,0:0:0:0:
36,224,33315,1,8,1:0:0:0:
182,224,33315,1,0,0:0:0:0:
402,192,33401,1,0,0:0:0:0:
475,160,33487,1,0,1:0:0:50:normal-hitnormal2.ogg
109,160,33487,1,0,0:0:0:0:
329,128,33572,1,0,0:0:0:0:
182,32,33658,128,2,34343:0:0:0:0:
109,352,33658,1,0,0:0:0:0:
329,320,33744,1,0,0:0:0:0:
475,288,33830,1,0,1:0:0:50:normal-hitnormal2.ogg
256,288,33830,1,0,0:0:0:0:
402,256,33915,1,0,0:0:0:0:
36,224,34001,1,8,1:0:0:0:
329,224,34001,1,0,0:0:0:0:
256,192,34087,1,0,0:0:0:0:
109,160,34172,1,0,0:0:0:0:
329,128,34258,1,0,0:0:0:0:
109,32,34344,128,2,35715:0:0:0:0:
475,352,34344,1,0,1:0:0:50:normal-hitnormal2.ogg
402,352,34344,1,0,0:0:0:0:
256,320,34430,1,0,0:0:0:0:
475,288,34515,1,0,1:0:0:50:normal-hitnormal2.ogg
182,288,34515,1,0,0:0:0:0:
329,256,34601,1,0,0:0:0:0:
36,224,34687,1,8,1:0:0:0:
182,224,34687,1,0,0:0:0:0:
256,192,34772,1,0,0:0:0:0:
329,160,34858,1,0,0:0:0:0:
402,128,34944,1,0,0:0:0:0:
475,352,35030,5,0,1:0:0:50:normal-hitnormal2.ogg
182,352,35030,1,0,0:0:0:0:
329,320,35115,1,0,0:0:0:0:
36,288,35201,1,8,1:0:0:0:
256,288,35201,1,0,0:0:0:0:
182,256,35287,1,0,0:0:0:0:
475,224,35372,1,0,1:0:0:50:normal-hitnormal2.ogg
402,224,35372,1,0,0:0:0:0:
329,192,35458,1,0,0:0:0:0:
36,160,35544,1,8,1:0:0:0:
402,160,35544,1,0,0:0:0:0:
256,128,35630,1,0,0:0:0:0:
402,40,35715,128,2,37086:0:0:0:0:
475,352,35715,1,0,1:0:0:50:normal-hitnormal2.ogg
182,352,35715,1,0,0:0:0:0:
256,320,35801,1,0,0:0:0:0:
475,288,35887,1,0,1:0:0:50:normal-hitnormal2.ogg
109,288,35887,1,0,0:0:0:0:
182,256,35972,1,0,0:0:0:0:
36,224,36058,1,8,1:0:0:0:
109,224,36058,1,0,0:0:0:0:
329,192,36144,1,0,0:0:0:0:
475,160,36230,1,0,1:0:0:50:normal-hitnormal2.ogg
182,160,36230,1,0,0:0:0:0:
256,128,36315,1,0,0:0:0:0:
182,352,36401,5,0,0:0:0:0:
109,320,36487,1,0,0:0:0:0:
475,288,36572,1,0,1:0:0:50:normal-hitnormal2.ogg
256,288,36572,1,0,0:0:0:0:
182,256,36658,1,0,0:0:0:0:
36,224,36744,1,8,1:0:0:0:
329,224,36744,1,0,0:0:0:0:
256,192,36830,1,0,0:0:0:0:
182,160,36915,1,0,0:0:0:0:
109,128,37001,1,0,0:0:0:0:
182,368,37087,128,2,37429:0:0:0:0:
36,368,37087,1,0,0:0:0:70:normal-hitnormal2.ogg
109,360,37258,1,0,0:0:0:0:
36,320,37430,1,8,0:0:0:0:
256,368,37430,1,0,0:0:0:70:normal-hitnormal2.ogg
329,272,37430,128,2,37772:0:0:0:0:
475,368,37601,1,0,0:0:0:0:
182,368,37772,1,0,0:0:0:0:
402,320,37772,1,0,0:0:0:70:normal-hitnormal2.ogg
109,184,37772,128,2,38114:0:0:0:0:
256,320,37858,1,0,0:0:0:0:
329,368,37944,1,0,0:0:0:0:
256,272,38115,1,8,0:0:0:0:
36,272,38115,1,0,0:0:0:70:normal-hitnormal2.ogg
475,112,38115,128,2,38457:0:0:0:0:
182,320,38287,1,0,0:0:0:0:
402,368,38458,128,2,38800:0:0:0:0:
329,320,38458,1,0,0:0:0:70:normal-hitnormal2.ogg
109,368,38630,1,0,0:0:0:0:
182,272,38801,1,0,0:0:0:70:normal-hitnormal2.ogg
475,320,38801,1,8,0:0:0:0:
256,280,38801,128,2,39143:0:0:0:0:
36,224,38972,1,0,0:0:0:0:
329,272,39144,1,0,0:0:0:70:normal-hitnormal2.ogg
475,272,39144,1,0,0:0:0:0:
182,176,39144,128,2,39486:0:0:0:0:
109,320,39230,1,0,0:0:0:0:
402,320,39315,1,0,0:0:0:0:
256,224,39487,1,0,0:0:0:70:normal-hitnormal2.ogg
475,224,39487,1,8,0:0:0:0:
36,96,39487,128,2,39829:0:0:0:0:
329,224,39658,1,0,0:0:0:0:
256,176,39658,1,0,0:0:0:70:normal-hitnormal2.ogg
109,376,39830,128,2,40172:0:0:0:0:
182,224,39830,1,0,0:0:0:70:normal-hitnormal2.ogg
402,272,40001,1,0,0:0:0:0:
329,176,40172,1,0,0:0:0:70:normal-hitnormal2.ogg
256,176,40172,1,8,0:0:0:0:
475,272,40172,128,2,40514:0:0:0:0:
36,176,40344,1,0,0:0:0:0:
109,272,40515,1,0,0:0:0:0:
182,376,40515,1,0,0:0:0:70:normal-hitnormal2.ogg
402,176,40515,128,2,40857:0:0:0:0:
329,320,40601,1,0,0:0:0:0:
109,224,40687,1,0,0:0:0:0:
36,376,40858,1,8,0:0:0:0:
475,176,40858,1,0,0:0:0:70:normal-hitnormal2.ogg
256,112,40858,128,2,41200:0:0:0:0:
329,368,41030,1,0,0:0:0:0:
182,384,41201,128,2,42229:0:0:0:0:
109,328,41201,1,0,0:0:0:70:normal-hitnormal2.ogg
36,328,41372,1,0,0:0:0:0:
329,272,41544,1,0,0:0:0:70:normal-hitnormal2.ogg
475,368,41544,1,8,0:0:0:0:
402,368,41715,1,0,0:0:0:0:
109,280,41887,1,0,0:0:0:0:
256,368,41887,1,0,0:0:0:70:normal-hitnormal2.ogg
36,280,41972,1,0,0:0:0:0:
329,224,42058,1,0,0:0:0:0:
402,112,42230,128,2,42572:0:0:0:0:
36,232,42230,1,8,0:0:0:0:
256,320,42230,1,0,0:0:0:70:normal-hitnormal2.ogg
109,232,42401,1,0,0:0:0:0:
329,320,42401,1,0,0:0:0:70:normal-hitnormal2.ogg
36,376,42572,128,2,42914:0:0:0:0:
475,320,42572,1,0,0:0:0:70:normal-hitnormal2.ogg
402,320,42744,1,0,0:0:0:0:
475,280,42915,128,2,43257:0:0:0:0:
182,368,42915,1,0,0:0:0:70:normal-hitnormal2.ogg
256,272,42915,1,8,0:0:0:0:
109,184,43087,1,0,0:0:0:0:
329,184,43258,128,2,43600:0:0:0:0:
182,328,43258,1,0,0:0:0:70:normal-hitnormal2.ogg
36,184,43258,1,0,0:0:0:0:
402,280,43344,1,0,0:0:0:0:
109,376,43430,1,0,0:0:0:0:
256,136,43601,128,2,43943:0:0:0:0:
36,376,43601,1,8,0:0:0:0:
475,232,43601,1,0,0:0:0:70:normal-hitnormal2.ogg
402,232,43772,1,0,0:0:0:0:
182,376,43944,128,2,44286:0:0:0:0:
475,184,43944,1,0,0:0:0:70:normal-hitnormal2.ogg
329,360,44115,1,0,0:0:0:0:
109,280,44287,128,2,44629:0:0:0:0:
36,328,44287,1,8,0:0:0:0:
256,224,44287,1,0,0:0:0:70:normal-hitnormal2.ogg
402,184,44458,1,0,0:0:0:0:
329,192,44630,128,2,44972:0:0:0:0:
475,360,44630,1,0,0:0:0:0:
182,280,44630,1,0,0:0:0:70:normal-hitnormal2.ogg
36,280,44715,1,0,0:0:0:0:
256,176,44801,1,0,0:0:0:0:
402,128,44972,128,2,45314:0:0:0:0:
182,328,44972,1,0,0:0:0:70:normal-hitnormal2.ogg
109,328,44972,1,8,0:0:0:0:
256,376,45144,1,0,0:0:0:70:normal-hitnormal2.ogg
36,232,45144,1,0,0:0:0:0:
475,376,45315,128,2,45657:0:0:0:0:
182,232,45315,1,0,0:0:0:70:normal-hitnormal2.ogg
329,320,45487,1,0,0:0:0:0:
36,264,45658,128,2,46000:0:0:0:0:
109,232,45658,1,8,0:0:0:0:
256,328,45658,1,0,0:0:0:70:normal-hitnormal2.ogg
402,376,45830,1,0,0:0:0:0:
109,168,46001,128,2,46343:0:0:0:0:
256,280,46001,1,0,0:0:0:0:
329,328,46001,1,0,0:0:0:70:normal-hitnormal2.ogg
182,184,46087,1,0,0:0:0:0:
475,328,46172,1,0,0:0:0:0:
402,112,46344,128,2,46686:0:0:0:0:
36,216,46344,1,8,0:0:0:0:
182,376,46344,1,0,0:0:0:70:normal-hitnormal2.ogg
256,232,46515,1,0,0:0:0:0:
329,376,46687,128,2,47029:0:0:0:0:
109,184,46687,1,0,0:0:0:70:normal-hitnormal2.ogg
36,376,46858,1,0,0:0:0:0:
182,272,47030,128,2,47372:0:0:0:0:
256,184,47030,1,0,0:0:0:70:normal-hitnormal2.ogg
475,280,47030,1,8,0:0:0:0:
402,328,47201,1,0,0:0:0:0:
256,184,47372,128,2,48057:0:0:0:0:
329,280,47372,1,0,0:0:0:0:
36,328,47372,1,0,0:0:0:70:normal-hitnormal2.ogg
475,184,47372,1,0,0:0:0:0:
109,376,47458,1,0,0:0:0:0:
402,232,47458,1,0,0:0:0:0:
475,232,47544,1,0,0:0:0:0:
182,328,47544,1,0,0:0:0:0:
36,280,47630,1,0,0:0:0:0:
182,224,47715,1,0,0:0:0:0:
329,192,47715,1,8,0:0:0:0:
109,352,47715,1,0,0:0:0:70:normal-hitnormal2.ogg
36,232,47801,1,0,0:0:0:0:
109,328,47887,1,0,0:0:0:70:normal-hitnormal2.ogg
402,184,47887,1,0,0:0:0:0:
475,328,47972,1,0,0:0:0:0:
329,384,48058,128,0,48400:0:0:0:0:
109,136,48058,128,0,48400:0:0:0:0:
402,280,48401,128,0,48743:0:0:0:0:
182,8,48401,128,0,48743:0:0:0:0:
36,200,48744,128,0,49086:0:0:0:0:
256,64,48744,128,0,49086:0:0:0:0:
475,120,49087,128,0,49429:0:0:0:0:
329,64,49087,128,0,49429:0:0:0:0:
256,352,49430,128,0,49772:0:0:0:0:
109,24,49430,128,0,49772:0:0:0:0:
402,360,49772,128,0,50114:0:0:0:0:
36,224,49772,128,0,50114:0:0:0:0:
182,192,50115,128,0,50457:0:0:0:0:
475,16,50115,128,0,50457:0:0:0:0:
36,120,50458,128,0,50800:0:0:0:0:
402,32,50458,128,0,50800:0:0:0:0:
256,376,50801,128,0,51143:0:0:0:0:
109,16,50801,128,0,51143:0:0:0:0:
475,272,51144,128,0,51486:0:0:0:0:
329,0,51144,128,0,51486:0:0:0:0:
402,176,51487,128,0,51829:0:0:0:0:
256,16,51487,128,0,51829:0:0:0:0:
329,128,51830,128,0,52172:0:0:0:0:
182,32,51830,128,0,52172:0:0:0:0:
109,360,52172,128,0,52857:0:0:0:0:
36,8,52172,128,0,53200:0:0:0:0:
402,200,52858,128,0,53543:0:0:0:0:
475,16,53201,128,0,53543:0:0:0:0:
109,368,53544,128,0,53886:0:0:0:0:
329,264,53544,128,0,53886:0:0:0:0:
475,280,53887,128,0,54229:0:0:0:0:
256,40,53887,128,0,54229:0:0:0:0:
182,184,54230,128,0,54572:0:0:0:0:
402,40,54230,128,0,54572:0:0:0:0:
109,120,54572,128,0,54914:0:0:0:0:
329,8,54572,128,0,54914:0:0:0:0:
36,368,54915,128,0,55257:0:0:0:0:
256,32,54915,128,0,55257:0:0:0:0:
329,272,55258,128,0,55600:0:0:0:0:
109,32,55258,128,0,55600:0:0:0:0:
402,208,55601,128,0,55943:0:0:0:0:
182,24,55601,128,0,55943:0:0:0:0:
475,104,55944,128,0,56286:0:0:0:0:
256,32,55944,128,0,56286:0:0:0:0:
36,368,56287,128,0,56629:0:0:0:0:
329,16,56287,128,0,56629:0:0:0:0:
109,0,56630,128,0,56972:0:0:0:0:
402,344,56630,128,0,56972:0:0:0:0:
36,192,56972,128,0,57314:0:0:0:0:
329,0,56972,128,0,57314:0:0:0:0:
475,256,57315,128,0,57657:0:0:0:0:
182,32,57315,128,0,57657:0:0:0:0:
402,368,57658,128,0,58000:0:0:0:0:
256,96,57658,128,0,58000:0:0:0:0:
182,256,58001,128,0,58343:0:0:0:0:
36,16,58001,128,0,58343:0:0:0:0:
402,192,58344,128,0,59029:0:0:0:0:
109,32,58344,128,0,59029:0:0:0:0:
36,352,59030,5,0,0:0:0:0:
475,352,59030,1,0,0:0:0:0:
256,192,59030,1,0,0:0:0:0:
182,320,59115,1,0,0:0:0:0:
329,320,59115,1,0,0:0:0:0:
36,288,59201,1,0,0:0:0:0:
475,288,59201,1,0,0:0:0:0:
182,256,59287,1,0,0:0:0:0:
329,256,59287,1,0,0:0:0:0:
36,224,59372,1,0,0:0:0:0:
475,224,59372,1,0,0:0:0:0:
182,192,59458,1,0,0:0:0:0:
329,192,59458,1,0,0:0:0:0:
36,160,59544,1,0,0:0:0:0:
475,160,59544,1,0,0:0:0:0:
329,128,59630,1,0,0:0:0:0:
182,128,59630,1,0,0:0:0:0:
36,352,59715,5,0,0:0:0:0:
475,352,59715,1,0,0:0:0:0:
182,320,59801,1,0,0:0:0:0:
329,320,59801,1,0,0:0:0:0:
36,288,59887,1,0,0:0:0:0:
475,288,59887,1,0,0:0:0:0:
182,256,59972,1,0,0:0:0:0:
329,256,59972,1,0,0:0:0:0:
36,224,60058,1,0,0:0:0:0:
475,224,60058,1,0,0:0:0:0:
182,192,60144,1,0,0:0:0:0:
329,192,60144,1,0,0:0:0:0:
36,160,60230,1,0,0:0:0:0:
475,160,60230,1,0,0:0:0:0:
182,128,60315,1,0,0:0:0:0:
329,128,60315,1,0,0:0:0:0:
256,352,60401,5,2,0:0:0:70:normal-hitnormal2.ogg
402,352,60401,1,0,0:0:0:0:
109,352,60401,1,0,0:0:0:0:
182,320,60487,1,0,0:0:0:0:
329,320,60487,1,0,0:0:0:0:
36,288,60572,1,0,0:0:0:0:
475,288,60572,1,0,0:0:0:0:
402,256,60658,1,0,0:0:0:0:
109,256,60658,1,0,0:0:0:0:
182,224,60744,1,0,0:0:0:0:
329,224,60744,1,0,0:0:0:0:
109,192,60830,1,0,0:0:0:0:
402,192,60830,1,0,0:0:0:0:
256,160,60915,1,2,0:0:0:70:normal-hitnormal2.ogg
36,160,60915,1,0,0:0:0:0:
475,160,60915,1,0,0:0:0:0:
182,128,61001,1,0,0:0:0:0:
329,128,61001,1,0,0:0:0:0:
475,352,61087,1,0,0:0:0:0:
36,352,61087,1,0,0:0:0:0:
256,224,61430,1,2,0:0:0:70:normal-hitnormal2.ogg
109,224,61430,1,0,0:0:0:0:
182,224,61430,1,0,0:0:0:0:
402,224,61430,1,0,0:0:0:0:
36,192,61601,1,0,0:0:0:0:
36,192,61687,1,0,0:0:0:0:
256,352,61772,5,2,0:0:0:70:normal-hitnormal2.ogg
182,352,61772,1,0,0:0:0:0:
329,352,61772,1,0,0:0:0:0:
109,320,61858,1,0,0:0:0:0:
402,320,61858,1,0,0:0:0:0:
475,288,61944,1,0,0:0:0:0:
36,288,61944,1,0,0:0:0:0:
182,256,62030,1,0,0:0:0:0:
329,256,62030,1,0,0:0:0:0:
36,224,62115,1,0,0:0:0:0:
475,224,62115,1,0,0:0:0:0:
182,192,62201,1,0,0:0:0:0:
329,192,62201,1,0,0:0:0:0:
256,160,62287,1,2,0:0:0:70:normal-hitnormal2.ogg
402,160,62287,1,0,0:0:0:0:
109,160,62287,1,0,0:0:0:0:
182,128,62372,1,0,0:0:0:0:
329,128,62372,1,0,0:0:0:0:
475,352,62458,1,0,0:0:0:0:
36,352,62458,1,0,0:0:0:0:
256,224,62801,1,2,0:0:0:70:normal-hitnormal2.ogg
329,224,62801,1,0,0:0:0:0:
402,224,62801,1,0,0:0:0:0:
109,224,62801,1,0,0:0:0:0:
475,192,62972,1,0,0:0:0:0:
475,192,63058,1,0,0:0:0:0:
256,352,63144,5,2,0:0:0:70:normal-hitnormal2.ogg
329,352,63144,1,0,0:0:0:0:
182,352,63144,1,0,0:0:0:0:
109,320,63230,1,0,0:0:0:0:
402,320,63230,1,0,0:0:0:0:
36,288,63315,1,0,0:0:0:0:
475,288,63315,1,0,0:0:0:0:
402,256,63401,1,0,0:0:0:0:
109,256,63401,1,0,0:0:0:0:
182,224,63487,1,0,0:0:0:0:
329,224,63487,1,0,0:0:0:0:
36,192,63572,1,0,0:0:0:0:
475,192,63572,1,0,0:0:0:0:
256,160,63658,1,2,0:0:0:70:normal-hitnormal2.ogg
402,160,63658,1,0,0:0:0:0:
109,160,63658,1,0,0:0:0:0:
36,128,63744,1,0,0:0:0:0:
475,128,63744,1,0,0:0:0:0:
329,352,63830,1,0,0:0:0:0:
182,352,63830,1,0,0:0:0:0:
36,224,64172,1,0,0:0:0:0:
182,224,64172,1,0,0:0:0:0:
402,224,64172,1,0,0:0:0:0:
256,224,64172,1,2,0:0:0:70:normal-hitnormal2.ogg
109,192,64344,1,0,0:0:0:0:
109,192,64430,1,0,0:0:0:0:
256,352,64515,5,2,0:0:0:70:normal-hitnormal2.ogg
182,352,64515,1,0,0:0:0:0:
329,352,64515,1,0,0:0:0:0:
109,320,64601,1,0,0:0:0:0:
402,320,64601,1,0,0:0:0:0:
329,288,64687,1,0,0:0:0:0:
182,288,64687,1,0,0:0:0:0:
36,256,64772,1,0,0:0:0:0:
475,256,64772,1,0,0:0:0:0:
402,224,64858,1,0,0:0:0:0:
109,224,64858,1,0,0:0:0:0:
36,192,64944,1,0,0:0:0:0:
475,192,64944,1,0,0:0:0:0:
256,160,65030,1,2,0:0:0:70:normal-hitnormal2.ogg
402,160,65030,1,0,0:0:0:0:
109,160,65030,1,0,0:0:0:0:
182,128,65115,1,0,0:0:0:0:
329,128,65115,1,0,0:0:0:0:
475,352,65201,1,0,0:0:0:0:
36,352,65201,1,0,0:0:0:0:
256,224,65544,1,2,0:0:0:70:normal-hitnormal2.ogg
329,224,65544,1,0,0:0:0:0:
475,224,65544,1,0,0:0:0:0:
109,224,65544,1,0,0:0:0:0:
402,192,65715,1,0,0:0:0:0:
402,192,65801,1,0,0:0:0:0:
256,352,65887,5,2,0:0:0:30:normal-hitnormal2.ogg
182,352,65887,1,0,0:0:0:0:
475,352,65887,1,0,0:0:0:0:
109,320,65972,1,0,0:0:0:0:
402,320,65972,1,0,0:0:0:0:
256,288,66058,1,2,0:0:0:0:
36,288,66058,1,0,0:0:0:0:
329,288,66058,1,0,0:0:0:0:
109,256,66144,1,0,0:0:0:0:
402,256,66144,1,0,0:0:0:0:
475,224,66230,1,0,0:0:0:0:
36,224,66230,1,0,0:0:0:0:
182,192,66315,1,0,0:0:0:0:
329,192,66315,1,0,0:0:0:0:
256,160,66401,1,2,0:0:0:30:normal-hitnormal2.ogg
109,160,66401,1,0,0:0:0:0:
402,160,66401,1,0,0:0:0:0:
329,128,66487,1,0,0:0:0:0:
182,128,66487,1,0,0:0:0:0:
256,352,66572,5,2,0:0:0:0:
475,352,66572,1,0,0:0:0:0:
36,352,66572,1,0,0:0:0:0:
109,224,66915,1,0,0:0:0:0:
36,224,66915,1,0,0:0:0:0:
475,224,66915,1,0,0:0:0:0:
256,224,66915,1,2,0:0:0:30:normal-hitnormal2.ogg
182,192,67087,1,0,0:0:0:0:
182,192,67172,1,0,0:0:0:0:
256,352,67258,5,2,0:0:0:30:normal-hitnormal2.ogg
36,352,67258,1,0,0:0:0:0:
329,352,67258,1,0,0:0:0:0:
402,320,67344,1,0,0:0:0:0:
109,320,67344,1,0,0:0:0:0:
256,288,67430,1,2,0:0:0:0:
475,288,67430,1,0,0:0:0:0:
182,288,67430,1,0,0:0:0:0:
109,256,67515,1,0,0:0:0:0:
402,256,67515,1,0,0:0:0:0:
329,224,67601,1,0,0:0:0:0:
182,224,67601,1,0,0:0:0:0:
36,192,67687,1,0,0:0:0:0:
475,192,67687,1,0,0:0:0:0:
256,160,67772,1,2,0:0:0:30:normal-hitnormal2.ogg
109,160,67772,1,0,0:0:0:0:
402,160,67772,1,0,0:0:0:0:
475,128,67858,1,0,0:0:0:0:
36,128,67858,1,0,0:0:0:0:
256,352,67944,5,2,0:0:0:0:
182,352,67944,1,0,0:0:0:0:
329,352,67944,1,0,0:0:0:0:
256,224,68287,1,2,0:0:0:30:normal-hitnormal2.ogg
475,224,68287,1,0,0:0:0:0:
402,224,68287,1,0,0:0:0:0:
36,224,68287,1,0,0:0:0:0:
329,192,68458,1,0,0:0:0:0:
329,192,68544,1,0,0:0:0:0:
256,352,68630,5,2,0:0:0:30:normal-hitnormal2.ogg
402,352,68630,1,0,0:0:0:0:
109,352,68630,1,0,0:0:0:0:
36,320,68715,1,0,0:0:0:0:
475,320,68715,1,0,0:0:0:0:
256,288,68801,1,2,0:0:0:0:
402,288,68801,1,0,0:0:0:0:
109,288,68801,1,0,0:0:0:0:
182,256,68887,1,0,0:0:0:0:
329,256,68887,1,0,0:0:0:0:
36,224,68972,1,0,0:0:0:0:
475,224,68972,1,0,0:0:0:0:
402,192,69058,1,0,0:0:0:0:
109,192,69058,1,0,0:0:0:0:
256,160,69144,1,2,0:0:0:30:normal-hitnormal2.ogg
36,160,69144,1,0,0:0:0:0:
329,160,69144,1,0,0:0:0:0:
109,128,69230,1,0,0:0:0:0:
402,128,69230,1,0,0:0:0:0:
256,352,69315,5,2,0:0:0:0:
182,352,69315,1,0,0:0:0:0:
475,352,69315,1,0,0:0:0:0:
109,224,69658,1,0,0:0:0:0:
182,224,69658,1,0,0:0:0:0:
475,224,69658,1,0,0:0:0:0:
256,224,69658,1,2,0:0:0:30:normal-hitnormal2.ogg
109,192,69830,1,0,0:0:0:0:
109,192,69915,1,0,0:0:0:0:
256,352,70001,5,2,0:0:0:30:normal-hitnormal2.ogg
36,352,70001,1,0,0:0:0:0:
475,352,70001,1,0,0:0:0:0:
109,320,70087,1,0,0:0:0:0:
402,320,70087,1,0,0:0:0:0:
256,288,70172,1,2,0:0:0:0:
329,288,70172,1,0,0:0:0:0:
182,288,70172,1,0,0:0:0:0:
475,256,70258,1,0,0:0:0:0:
36,256,70258,1,0,0:0:0:0:
329,224,70344,1,0,0:0:0:0:
182,224,70344,1,0,0:0:0:0:
402,192,70430,1,0,0:0:0:0:
109,192,70430,1,0,0:0:0:0:
256,160,70515,1,2,0:0:0:30:normal-hitnormal2.ogg
475,160,70515,1,0,0:0:0:0:
182,160,70515,1,0,0:0:0:0:
402,128,70601,1,0,0:0:0:0:
109,128,70601,1,0,0:0:0:0:
256,352,70687,5,2,0:0:0:0:
329,352,70687,1,0,0:0:0:0:
36,352,70687,1,0,0:0:0:0:
256,224,71030,1,2,0:0:0:30:normal-hitnormal2.ogg
402,224,71030,1,0,0:0:0:0:
329,224,71030,1,0,0:0:0:0:
36,224,71030,1,0,0:0:0:0:
402,192,71201,1,0,0:0:0:0:
402,192,71287,1,0,0:0:0:0:
475,32,71372,128,2,72743:0:0:0:0:
329,352,71372,1,0,0:0:0:0:
256,352,71372,1,0,1:0:0:30:normal-hitnormal2.ogg
182,320,71458,1,0,0:0:0:0:
109,288,71544,1,0,0:0:0:0:
36,256,71630,1,0,0:0:0:0:
256,96,71715,1,0,1:0:0:30:normal-hitnormal2.ogg
329,224,71715,1,0,0:0:0:0:
182,224,71715,1,8,1:0:0:0:
109,192,71801,1,0,0:0:0:0:
182,160,71887,1,0,0:0:0:0:
402,128,71972,1,0,0:0:0:0:
329,352,72058,5,0,0:0:0:0:
256,352,72058,1,0,1:0:0:30:normal-hitnormal2.ogg
182,320,72144,1,0,0:0:0:0:
109,288,72230,1,0,0:0:0:0:
36,256,72315,1,0,0:0:0:0:
256,224,72401,1,0,1:0:0:30:normal-hitnormal2.ogg
402,224,72401,1,0,0:0:0:0:
182,224,72401,1,8,1:0:0:0:
329,192,72487,1,0,0:0:0:0:
109,160,72572,1,0,0:0:0:0:
36,128,72658,1,0,0:0:0:0:
182,32,72744,128,2,74115:0:0:0:0:
402,352,72744,1,0,0:0:0:0:
256,352,72744,1,0,1:0:0:30:normal-hitnormal2.ogg
329,320,72830,1,0,0:0:0:0:
475,288,72915,1,0,0:0:0:0:
109,256,73001,1,0,0:0:0:0:
256,224,73087,1,0,1:0:0:30:normal-hitnormal2.ogg
402,224,73087,1,0,0:0:0:0:
475,224,73087,1,8,1:0:0:0:
329,192,73172,1,0,0:0:0:0:
36,160,73258,1,0,0:0:0:0:
109,128,73344,1,0,0:0:0:0:
475,352,73430,5,0,0:0:0:0:
256,352,73430,1,0,1:0:0:30:normal-hitnormal2.ogg
402,320,73515,1,0,0:0:0:0:
36,288,73601,1,0,0:0:0:0:
329,256,73687,1,0,0:0:0:0:
256,224,73772,1,0,1:0:0:30:normal-hitnormal2.ogg
475,224,73772,1,0,0:0:0:0:
402,224,73772,1,8,1:0:0:0:
109,192,73858,1,0,0:0:0:0:
402,160,73944,1,0,0:0:0:0:
36,128,74030,1,0,0:0:0:0:
402,32,74115,128,2,75486:0:0:0:0:
329,352,74115,1,0,0:0:0:0:
256,352,74115,1,0,1:0:0:30:normal-hitnormal2.ogg
109,320,74201,1,0,0:0:0:0:
36,288,74287,1,0,0:0:0:0:
109,256,74372,1,0,0:0:0:0:
256,224,74458,1,0,1:0:0:30:normal-hitnormal2.ogg
475,224,74458,1,0,0:0:0:0:
182,224,74458,1,8,1:0:0:0:
329,192,74544,1,0,0:0:0:0:
182,160,74630,1,0,0:0:0:0:
36,128,74715,1,0,0:0:0:0:
475,352,74801,5,0,0:0:0:0:
256,352,74801,1,0,1:0:0:30:normal-hitnormal2.ogg
182,320,74887,1,0,0:0:0:0:
329,288,74972,1,0,0:0:0:0:
109,256,75058,1,0,0:0:0:0:
256,224,75144,1,0,1:0:0:30:normal-hitnormal2.ogg
36,224,75144,1,0,0:0:0:0:
182,224,75144,1,8,1:0:0:0:
475,192,75230,1,0,0:0:0:0:
329,160,75315,1,0,0:0:0:0:
182,128,75401,1,0,0:0:0:0:
109,32,75487,128,2,76858:0:0:0:0:
329,352,75487,1,0,0:0:0:0:
256,352,75487,1,0,1:0:0:30:normal-hitnormal2.ogg
475,320,75572,1,0,0:0:0:0:
182,288,75658,1,0,0:0:0:0:
36,256,75744,1,0,0:0:0:0:
256,224,75830,1,0,1:0:0:30:normal-hitnormal2.ogg
402,224,75830,1,0,0:0:0:0:
475,224,75830,1,8,1:0:0:0:
329,192,75915,1,0,0:0:0:0:
182,160,76001,1,0,0:0:0:0:
36,128,76087,1,0,0:0:0:0:
475,352,76172,5,0,0:0:0:0:
256,352,76172,1,0,1:0:0:30:normal-hitnormal2.ogg
402,320,76258,1,0,0:0:0:0:
329,288,76344,1,0,0:0:0:0:
36,256,76430,1,0,0:0:0:0:
256,224,76515,1,0,1:0:0:30:normal-hitnormal2.ogg
182,224,76515,1,0,0:0:0:0:
329,224,76515,1,8,1:0:0:0:
402,192,76601,1,0,0:0:0:0:
475,160,76687,1,0,0:0:0:0:
182,128,76772,1,0,0:0:0:0:
329,32,76858,128,2,78229:0:0:0:0:
36,352,76858,1,0,0:0:0:0:
256,352,76858,1,0,1:0:0:30:normal-hitnormal2.ogg
402,320,76944,1,0,0:0:0:0:
109,288,77030,1,0,0:0:0:0:
182,256,77115,1,0,0:0:0:0:
256,224,77201,1,0,1:0:0:30:normal-hitnormal2.ogg
475,224,77201,1,0,0:0:0:0:
36,224,77201,1,8,1:0:0:0:
402,192,77287,1,0,0:0:0:0:
109,160,77372,1,0,0:0:0:0:
36,128,77458,1,0,0:0:0:0:
256,352,77544,5,0,1:0:0:30:normal-hitnormal2.ogg
475,352,77544,1,0,0:0:0:0:
402,320,77630,1,0,0:0:0:0:
182,288,77715,1,0,0:0:0:0:
109,256,77801,1,0,0:0:0:0:
256,224,77887,1,0,1:0:0:30:normal-hitnormal2.ogg
36,224,77887,1,0,0:0:0:0:
182,224,77887,1,8,1:0:0:0:
475,192,77972,1,0,0:0:0:0:
182,160,78058,1,0,0:0:0:0:
402,128,78144,1,0,0:0:0:0:
36,32,78230,128,2,79601:0:0:0:0:
256,352,78230,1,0,1:0:0:30:normal-hitnormal2.ogg
475,352,78230,1,0,0:0:0:0:
182,320,78315,1,0,0:0:0:0:
109,288,78401,1,0,0:0:0:0:
329,256,78487,1,0,0:0:0:0:
256,224,78572,1,0,1:0:0:30:normal-hitnormal2.ogg
402,224,78572,1,0,0:0:0:0:
475,224,78572,1,8,1:0:0:0:
329,192,78658,1,0,0:0:0:0:
182,192,78744,1,0,0:0:0:0:
109,160,78830,1,0,0:0:0:0:
256,352,78915,5,0,1:0:0:30:normal-hitnormal2.ogg
182,128,78915,1,0,0:0:0:0:
475,352,79001,1,0,0:0:0:0:
329,320,79087,1,0,0:0:0:0:
402,288,79172,1,0,0:0:0:0:
256,224,79258,1,0,1:0:0:30:normal-hitnormal2.ogg
109,224,79258,1,0,0:0:0:0:
329,224,79258,1,8,1:0:0:0:
475,192,79344,1,0,0:0:0:0:
402,160,79430,1,0,0:0:0:0:
182,128,79515,1,0,0:0:0:0:
256,36,79601,128,2,80886:0:0:0:0:
402,352,79601,1,0,0:0:0:30:normal-hitnormal2.ogg
109,352,79601,1,0,1:0:0:0:
329,320,79687,1,0,0:0:0:0:
182,288,79772,1,0,0:0:0:0:
109,256,79858,1,0,0:0:0:0:
475,224,79944,1,0,0:0:0:30:normal-hitnormal2.ogg
182,224,79944,1,8,1:0:0:0:
402,224,79944,1,0,1:0:0:0:
329,192,80030,1,0,0:0:0:0:
402,160,80115,1,0,0:0:0:0:
36,128,80201,1,0,0:0:0:0:
475,352,80287,5,0,0:0:0:0:
182,352,80287,1,0,1:0:0:30:normal-hitnormal2.ogg
402,320,80372,1,0,0:0:0:0:
109,288,80458,1,0,0:0:0:0:
182,256,80544,1,0,0:0:0:0:
36,224,80630,1,0,0:0:0:30:normal-hitnormal2.ogg
402,224,80630,1,8,1:0:0:0:
475,224,80630,1,0,1:0:0:0:
329,192,80715,1,0,0:0:0:0:
182,160,80801,1,0,0:0:0:0:
109,128,80887,1,0,0:0:0:0:
256,0,80972,128,2,82343:0:0:0:0:
36,352,80972,1,0,0:0:0:0:
329,352,80972,1,0,1:0:0:30:normal-hitnormal2.ogg
475,320,81058,1,0,0:0:0:0:
402,288,81144,1,0,0:0:0:0:
109,256,81230,1,0,0:0:0:0:
329,224,81315,1,0,0:0:0:0:
182,224,81315,1,8,1:0:0:0:
36,224,81315,1,0,1:0:0:30:normal-hitnormal2.ogg
109,192,81401,1,0,0:0:0:0:
402,160,81487,1,0,0:0:0:0:
36,128,81572,1,0,0:0:0:0:
475,352,81658,5,0,0:0:0:30:normal-hitnormal2.ogg
402,352,81658,1,0,1:0:0:0:
182,320,81744,1,0,0:0:0:0:
329,288,81830,1,0,0:0:0:0:
36,256,81915,1,0,0:0:0:0:
182,224,82001,1,0,0:0:0:0:
402,224,82001,1,8,1:0:0:0:
109,224,82001,1,0,1:0:0:30:normal-hitnormal2.ogg
329,192,82087,1,0,0:0:0:0:
182,160,82172,1,0,0:0:0:0:
109,128,82258,1,0,0:0:0:0:
36,32,82344,128,0,83715:0:0:0:0:
182,32,82344,128,2,83715:0:0:0:0:
402,352,82344,1,0,1:0:0:70:normal-hitnormal2.ogg
329,352,82344,1,0,0:0:0:0:
402,288,82515,1,0,1:0:0:70:normal-hitnormal2.ogg
109,288,82515,1,0,0:0:0:0:
475,224,82687,1,8,1:0:0:0:
256,224,82687,1,0,0:0:0:0:
329,192,82772,1,0,0:0:0:0:
402,128,82944,1,0,1:0:0:70:normal-hitnormal2.ogg
109,352,83030,5,0,0:0:0:0:
256,320,83115,1,0,0:0:0:0:
475,288,83201,1,8,1:0:0:0:
329,288,83201,1,0,0:0:0:0:
402,224,83372,1,0,1:0:0:70:normal-hitnormal2.ogg
329,224,83372,1,0,0:0:0:0:
256,192,83458,1,0,0:0:0:0:
475,160,83544,1,8,1:0:0:0:
109,160,83544,1,0,0:0:0:0:
329,128,83630,1,0,0:0:0:0:
475,32,83715,128,0,85086:0:0:0:0:
256,32,83715,128,2,84400:0:0:0:0:
109,352,83715,1,0,1:0:0:70:normal-hitnormal2.ogg
402,352,83715,1,0,0:0:0:0:
109,288,83887,1,0,1:0:0:70:normal-hitnormal2.ogg
182,288,83887,1,0,0:0:0:0:
36,224,84058,1,8,1:0:0:0:
329,224,84058,1,0,0:0:0:0:
402,192,84144,1,0,0:0:0:0:
109,160,84230,1,0,1:0:0:70:normal-hitnormal2.ogg
329,32,84401,128,2,85086:0:0:0:0:
182,352,84401,1,0,0:0:0:0:
402,320,84487,1,0,0:0:0:0:
109,288,84572,1,0,1:0:0:70:normal-hitnormal2.ogg
256,288,84572,1,0,0:0:0:0:
36,224,84744,1,8,1:0:0:0:
402,224,84744,1,0,0:0:0:0:
182,192,84830,1,0,0:0:0:0:
256,160,84915,1,0,0:0:0:0:
182,128,85001,1,0,0:0:0:0:
36,32,85087,128,0,86458:0:0:0:0:
256,32,85087,128,2,86458:0:0:0:0:
402,352,85087,1,0,1:0:0:70:normal-hitnormal2.ogg
109,352,85087,1,0,0:0:0:0:
402,288,85258,1,0,1:0:0:70:normal-hitnormal2.ogg
182,288,85258,1,0,0:0:0:0:
475,224,85430,1,8,1:0:0:0:
109,224,85430,1,0,0:0:0:0:
329,192,85515,1,0,0:0:0:0:
402,352,85772,5,0,1:0:0:70:normal-hitnormal2.ogg
182,352,85772,1,0,0:0:0:0:
329,320,85858,1,0,0:0:0:0:
475,288,85944,1,8,1:0:0:0:
109,288,85944,1,0,0:0:0:0:
402,224,86115,1,0,1:0:0:70:normal-hitnormal2.ogg
329,224,86115,1,0,0:0:0:0:
109,192,86201,1,0,0:0:0:0:
475,160,86287,1,8,1:0:0:0:
182,160,86287,1,0,0:0:0:0:
329,128,86372,1,0,0:0:0:0:
475,32,86458,128,0,87829:0:0:0:0:
182,32,86458,128,2,87829:0:0:0:0:
109,352,86458,1,0,1:0:0:70:normal-hitnormal2.ogg
402,352,86458,1,0,0:0:0:0:
109,288,86630,1,0,1:0:0:70:normal-hitnormal2.ogg
256,288,86630,1,0,0:0:0:0:
36,224,86801,1,8,1:0:0:0:
329,224,86801,1,0,0:0:0:0:
402,192,86887,1,0,0:0:0:0:
109,160,86972,1,0,1:0:0:70:normal-hitnormal2.ogg
256,352,87144,5,0,0:0:0:0:
329,320,87230,1,0,0:0:0:0:
109,288,87315,1,0,1:0:0:70:normal-hitnormal2.ogg
402,288,87315,1,0,0:0:0:0:
36,224,87487,1,8,1:0:0:0:
329,224,87487,1,0,0:0:0:0:
402,192,87572,1,0,0:0:0:0:
256,160,87658,1,0,0:0:0:0:
329,128,87744,1,0,0:0:0:0:
36,32,87830,128,0,89201:0:0:0:0:
256,32,87830,128,2,88515:0:0:0:0:
402,352,87830,1,0,1:0:0:70:normal-hitnormal2.ogg
109,352,87830,1,0,0:0:0:0:
402,288,88001,1,0,1:0:0:70:normal-hitnormal2.ogg
329,288,88001,1,0,0:0:0:0:
475,224,88172,1,8,1:0:0:0:
182,224,88172,1,0,0:0:0:0:
109,192,88258,1,0,0:0:0:0:
402,128,88430,1,0,1:0:0:70:normal-hitnormal2.ogg
329,32,88515,128,2,89200:0:0:0:0:
182,352,88515,1,0,0:0:0:0:
109,320,88601,1,0,0:0:0:0:
475,288,88687,1,8,1:0:0:0:
256,288,88687,1,0,0:0:0:0:
402,224,88858,1,0,1:0:0:70:normal-hitnormal2.ogg
256,224,88858,1,0,0:0:0:0:
109,192,88944,1,0,0:0:0:0:
475,160,89030,1,8,1:0:0:0:
182,160,89030,1,0,0:0:0:0:
256,128,89115,1,0,0:0:0:0:
475,32,89201,128,0,89886:0:0:0:0:
182,16,89201,128,2,89886:0:0:0:0:
109,352,89201,1,0,1:0:0:70:normal-hitnormal2.ogg
402,352,89201,1,0,0:0:0:0:
109,288,89372,1,0,1:0:0:70:normal-hitnormal2.ogg
256,288,89372,1,0,0:0:0:0:
36,224,89544,1,8,1:0:0:0:
402,224,89544,1,0,0:0:0:0:
329,192,89630,1,0,0:0:0:0:
109,160,89715,1,0,1:0:0:70:normal-hitnormal2.ogg
36,32,89887,128,0,90572:0:0:0:0:
256,16,89887,128,2,90572:0:0:0:0:
329,352,89887,1,0,0:0:0:0:
109,320,89972,1,0,0:0:0:0:
402,288,90058,1,0,1:0:0:70:normal-hitnormal2.ogg
182,288,90058,1,0,0:0:0:0:
475,224,90230,1,8,1:0:0:0:
329,224,90230,1,0,0:0:0:0:
182,192,90315,1,0,0:0:0:0:
109,160,90401,1,0,0:0:0:0:
182,128,90487,1,0,0:0:0:0:
475,32,90572,128,0,93314:0:0:0:0:
329,16,90572,128,2,92629:0:0:0:0:
109,352,90572,1,0,1:0:0:70:normal-hitnormal2.ogg
402,352,90572,1,0,0:0:0:0:
109,288,90744,1,0,1:0:0:70:normal-hitnormal2.ogg
182,288,90744,1,0,0:0:0:0:
36,224,90915,1,8,1:0:0:0:
256,224,90915,1,0,0:0:0:0:
402,192,91001,1,0,0:0:0:0:
109,352,91258,5,0,1:0:0:70:normal-hitnormal2.ogg
182,352,91258,1,0,0:0:0:0:
402,320,91344,1,0,0:0:0:0:
36,288,91430,1,8,1:0:0:0:
256,288,91430,1,0,0:0:0:0:
109,224,91601,1,0,1:0:0:70:normal-hitnormal2.ogg
182,224,91601,1,0,0:0:0:0:
402,192,91687,1,0,0:0:0:0:
36,160,91772,1,8,1:0:0:0:
256,160,91772,1,0,0:0:0:0:
182,128,91858,1,0,0:0:0:0:
109,352,91944,5,0,1:0:0:70:normal-hitnormal2.ogg
256,352,91944,1,0,0:0:0:0:
109,288,92115,1,0,1:0:0:70:normal-hitnormal2.ogg
182,288,92115,1,0,0:0:0:0:
36,224,92287,1,8,1:0:0:0:
402,224,92287,1,0,0:0:0:0:
256,192,92372,1,0,0:0:0:0:
109,160,92458,1,0,1:0:0:70:normal-hitnormal2.ogg
182,32,92630,128,2,93315:0:0:0:0:
256,352,92630,1,0,0:0:0:0:
402,320,92715,1,0,0:0:0:0:
109,288,92801,1,0,1:0:0:70:normal-hitnormal2.ogg
329,288,92801,1,0,0:0:0:0:
36,224,92972,1,8,1:0:0:0:
402,224,92972,1,0,0:0:0:0:
329,192,93058,1,0,0:0:0:0:
256,160,93144,1,0,0:0:0:0:
329,128,93230,1,0,0:0:0:0:
36,32,93315,128,0,94686:0:0:0:0:
109,32,93315,128,2,94000:0:0:0:0:
402,352,93315,1,0,0:0:0:0:
256,320,93401,1,0,0:0:0:0:
182,288,93487,1,0,0:0:0:0:
329,256,93572,1,0,0:0:0:0:
475,224,93658,1,8,1:0:0:0:
402,224,93658,1,0,0:0:0:0:
256,192,93744,1,0,0:0:0:0:
329,160,93830,1,0,0:0:0:0:
402,128,93915,1,0,0:0:0:0:
182,32,94001,128,2,94686:0:0:0:0:
256,352,94001,1,0,0:0:0:0:
402,320,94087,1,0,0:0:0:0:
475,288,94172,1,8,1:0:0:0:
109,288,94172,1,0,0:0:0:0:
329,256,94258,1,0,0:0:0:0:
109,224,94344,1,0,0:0:0:0:
256,192,94430,1,0,0:0:0:0:
475,160,94515,1,8,1:0:0:0:
402,160,94515,1,0,0:0:0:0:
329,128,94601,1,0,0:0:0:0:
475,32,94687,128,0,96058:0:0:0:0:
402,32,94687,128,2,95372:0:0:0:0:
109,352,94687,1,0,0:0:0:0:
256,320,94772,1,0,0:0:0:0:
182,288,94858,1,0,0:0:0:0:
329,256,94944,1,0,0:0:0:0:
36,224,95030,1,8,1:0:0:0:
256,224,95030,1,0,0:0:0:0:
182,192,95115,1,0,0:0:0:0:
109,160,95201,1,0,0:0:0:0:
182,128,95287,1,0,0:0:0:0:
329,32,95372,128,2,96057:0:0:0:0:
256,352,95372,1,0,0:0:0:0:
109,320,95458,1,0,0:0:0:0:
182,288,95544,1,0,0:0:0:0:
402,256,95630,1,0,0:0:0:0:
36,224,95715,1,8,1:0:0:0:
256,224,95715,1,0,0:0:0:0:
109,192,95801,1,0,0:0:0:0:
256,160,95887,1,0,0:0:0:0:
182,128,95972,1,0,0:0:0:0:
36,32,96058,128,0,97429:0:0:0:0:
109,16,96058,128,2,97429:0:0:0:0:
402,352,96058,1,0,0:0:0:0:
182,320,96144,1,0,0:0:0:0:
256,288,96230,1,0,0:0:0:0:
329,256,96315,1,0,0:0:0:0:
475,224,96401,1,8,1:0:0:0:
256,224,96401,1,0,0:0:0:0:
182,192,96487,1,0,0:0:0:0:
329,160,96572,1,0,0:0:0:0:
402,128,96658,1,0,0:0:0:0:
329,352,96744,5,0,0:0:0:0:
182,320,96830,1,0,0:0:0:0:
475,224,96915,1,8,1:0:0:0:
402,288,96915,1,0,0:0:0:0:
256,256,97001,1,0,0:0:0:0:
402,224,97087,1,0,0:0:0:0:
329,192,97172,1,0,0:0:0:0:
475,224,97258,1,8,1:0:0:0:
182,160,97258,1,0,0:0:0:0:
256,128,97344,1,0,0:0:0:0:
475,32,97430,128,0,98801:0:0:0:0:
182,32,97430,128,2,98115:0:0:0:0:
329,352,97430,1,0,0:0:0:0:
402,320,97515,1,0,0:0:0:0:
256,288,97601,1,0,0:0:0:0:
109,256,97687,1,0,0:0:0:0:
36,224,97772,1,8,1:0:0:0:
256,224,97772,1,0,0:0:0:0:
329,192,97858,1,0,0:0:0:0:
402,160,97944,1,0,0:0:0:0:
109,128,98030,1,0,0:0:0:0:
329,32,98115,128,2,98800:0:0:0:0:
402,352,98115,1,0,0:0:0:0:
256,320,98201,1,0,0:0:0:0:
182,288,98287,1,0,0:0:0:0:
109,256,98372,1,0,0:0:0:0:
36,224,98458,1,8,1:0:0:0:
256,224,98458,1,0,0:0:0:0:
402,192,98544,1,0,0:0:0:0:
109,160,98630,1,0,0:0:0:0:
182,128,98715,1,0,0:0:0:0:
36,32,98801,128,0,100172:0:0:0:0:
109,352,98801,1,0,0:0:0:0:
402,32,98801,128,2,100172:0:0:0:0:
182,320,98887,1,0,0:0:0:0:
256,288,98972,1,0,0:0:0:0:
329,256,99058,1,0,0:0:0:0:
475,224,99144,1,8,1:0:0:0:
182,224,99144,1,0,0:0:0:0:
109,192,99230,1,0,0:0:0:0:
182,160,99315,1,0,0:0:0:0:
329,128,99401,1,0,0:0:0:0:
256,352,99487,5,0,0:0:0:0:
329,320,99572,1,0,0:0:0:0:
475,224,99658,1,8,1:0:0:0:
109,288,99658,1,0,0:0:0:0:
256,256,99744,1,0,0:0:0:0:
182,224,99830,1,0,0:0:0:0:
256,192,99915,1,0,0:0:0:0:
475,224,100001,1,8,1:0:0:0:
329,160,100001,1,0,0:0:0:0:
109,128,100087,1,0,0:0:0:0:
475,32,100172,128,0,100857:0:0:0:0:
182,352,100172,1,0,0:0:0:0:
329,32,100172,128,2,100857:0:0:0:0:
256,320,100258,1,0,0:0:0:0:
402,288,100344,1,0,0:0:0:0:
109,256,100430,1,0,0:0:0:0:
36,224,100515,1,8,1:0:0:0:
256,224,100515,1,0,0:0:0:0:
182,192,100601,1,0,0:0:0:0:
256,160,100687,1,0,0:0:0:0:
402,128,100772,1,0,0:0:0:0:
36,32,100858,128,0,101543:0:0:0:0:
182,32,100858,128,2,101543:0:0:0:0:
109,352,100858,1,0,0:0:0:0:
256,320,100944,1,0,0:0:0:0:
402,288,101030,1,0,0:0:0:0:
329,256,101115,1,0,0:0:0:0:
475,224,101201,1,8,1:0:0:0:
402,224,101201,1,0,0:0:0:0:
109,192,101287,1,0,0:0:0:0:
329,160,101372,1,0,0:0:0:0:
256,128,101458,1,0,0:0:0:0:
475,32,101544,128,0,102915:0:0:0:0:
109,16,101544,128,2,102915:0:0:0:0:
329,352,101544,1,0,0:0:0:0:
256,320,101630,1,0,0:0:0:0:
182,288,101715,1,0,0:0:0:0:
402,256,101801,1,0,0:0:0:0:
36,224,101887,1,8,1:0:0:0:
182,224,101887,1,0,0:0:0:0:
329,192,101972,1,0,0:0:0:0:
256,160,102058,1,0,0:0:0:0:
329,128,102144,1,0,0:0:0:0:
182,352,102230,5,0,0:0:0:0:
256,320,102315,1,0,0:0:0:0:
36,224,102401,1,8,1:0:0:0:
402,288,102401,1,0,0:0:0:0:
182,256,102487,1,0,0:0:0:0:
329,224,102572,1,0,0:0:0:0:
256,192,102658,1,0,0:0:0:0:
36,224,102744,1,8,1:0:0:0:
402,160,102744,1,0,0:0:0:0:
182,128,102830,1,0,0:0:0:0:
36,32,102915,128,0,104286:0:0:0:0:
329,16,102915,128,2,104286:0:0:0:0:
256,352,102915,1,0,0:0:0:0:
402,320,103001,1,0,0:0:0:0:
109,288,103087,1,0,0:0:0:0:
182,256,103172,1,0,0:0:0:0:
475,224,103258,1,8,1:0:0:0:
109,224,103258,1,0,0:0:0:0:
256,192,103344,1,0,0:0:0:0:
182,160,103430,1,0,0:0:0:0:
402,128,103515,1,0,0:0:0:0:
256,352,103601,5,0,0:0:0:0:
109,320,103687,1,0,0:0:0:0:
182,288,103772,1,0,0:0:0:0:
256,256,103858,1,0,0:0:0:0:
475,224,103944,1,8,1:0:0:0:
182,224,103944,1,0,0:0:0:0:
402,192,104030,1,0,0:0:0:0:
109,160,104115,1,0,0:0:0:0:
256,128,104201,1,0,0:0:0:0:
182,344,104287,128,0,104972:0:0:0:0:
475,352,104287,1,0,0:0:0:0:
109,32,104287,1,2,2:0:0:0:
402,336,104372,1,0,0:0:0:0:
256,328,104458,1,0,0:0:0:0:
109,288,104544,1,0,0:0:0:0:
402,256,104630,1,0,0:0:0:0:
329,32,104630,1,2,2:0:0:0:
256,224,104715,1,0,0:0:0:0:
109,200,104801,1,0,0:0:0:0:
36,168,104887,1,0,0:0:0:0:
475,200,104972,128,0,105657:0:0:0:0:
402,136,104972,1,0,0:0:0:0:
109,32,104972,1,2,2:0:0:0:
329,120,105058,1,0,0:0:0:0:
256,96,105144,1,0,0:0:0:0:
182,80,105230,1,0,0:0:0:0:
329,40,105315,1,2,2:0:0:0:
402,32,105315,1,0,0:0:0:0:
182,16,105401,1,0,0:0:0:0:
109,8,105487,1,0,0:0:0:0:
36,8,105572,1,0,0:0:0:0:
329,376,105658,128,0,106343:0:0:0:0:
402,368,105658,1,0,0:0:0:0:
182,32,105658,1,2,2:0:0:0:
256,336,105744,1,0,0:0:0:0:
109,304,105830,1,0,0:0:0:0:
36,288,105915,1,0,0:0:0:0:
475,264,106001,1,0,0:0:0:0:
109,24,106001,1,2,2:0:0:0:
402,232,106087,1,0,0:0:0:0:
256,184,106172,1,0,0:0:0:0:
182,160,106258,1,0,0:0:0:0:
36,208,106344,128,0,107029:0:0:0:0:
402,136,106344,1,2,2:0:0:0:
475,32,106344,1,0,0:0:0:0:
256,120,106430,1,0,0:0:0:0:
182,104,106515,1,0,0:0:0:0:
109,80,106601,1,0,0:0:0:0:
475,64,106687,1,0,0:0:0:0:
182,16,106687,1,2,2:0:0:0:
402,48,106772,1,0,0:0:0:0:
256,32,106858,1,0,0:0:0:0:
182,0,106944,1,0,0:0:0:0:
402,376,107030,128,0,107715:0:0:0:0:
475,376,107030,1,0,0:0:0:0:
109,16,107030,1,2,2:0:0:0:
329,344,107115,1,0,0:0:0:0:
182,320,107201,1,0,0:0:0:0:
109,304,107287,1,0,0:0:0:0:
256,280,107372,1,2,2:0:0:0:
475,8,107372,1,0,0:0:0:0:
182,256,107458,1,0,0:0:0:0:
109,248,107544,1,0,0:0:0:0:
36,232,107630,1,0,0:0:0:0:
109,216,107715,128,0,108057:0:0:0:0:
475,216,107715,1,0,0:0:0:0:
182,8,107715,1,2,2:0:0:0:
329,208,107801,1,0,0:0:0:0:
256,184,107887,1,0,0:0:0:0:
36,152,107972,1,0,0:0:0:0:
182,128,108058,128,0,108400:0:0:0:0:
402,112,108058,1,2,2:0:0:0:
475,40,108058,1,0,0:0:0:0:
329,96,108144,1,0,0:0:0:0:
256,64,108230,1,0,0:0:0:0:
109,32,108315,1,0,0:0:0:0:
329,360,108401,128,0,109086:0:0:0:0:
475,376,108401,1,0,0:0:0:0:
36,24,108401,1,2,2:0:0:0:
402,352,108487,1,0,0:0:0:0:
256,328,108572,1,0,0:0:0:0:
182,320,108658,1,0,0:0:0:0:
402,296,108744,1,0,0:0:0:0:
182,256,108830,1,0,0:0:0:0:
109,248,108915,1,0,0:0:0:0:
36,232,109001,1,0,0:0:0:0:
256,224,109087,128,0,109772:0:0:0:0:
475,216,109087,1,0,0:0:0:0:
402,200,109172,1,0,0:0:0:0:
329,184,109258,1,0,0:0:0:0:
182,160,109344,1,0,0:0:0:0:
36,120,109430,1,2,2:0:0:0:
402,16,109430,1,0,0:0:0:0:
182,96,109515,1,0,0:0:0:0:
109,80,109601,1,0,0:0:0:0:
36,32,109687,1,0,0:0:0:0:
182,376,109772,1,2,2:0:0:0:
109,208,109772,128,0,110457:0:0:0:0:
475,16,109772,1,0,0:0:0:0:
329,336,109858,1,0,0:0:0:0:
256,304,109944,1,0,0:0:0:0:
182,288,110030,1,0,0:0:0:0:
475,272,110115,1,0,0:0:0:0:
256,16,110115,1,2,2:0:0:0:
402,248,110201,1,0,0:0:0:0:
329,224,110287,1,0,0:0:0:0:
256,200,110372,1,0,0:0:0:0:
475,160,110458,1,0,0:0:0:0:
36,200,110458,128,0,111143:0:0:0:0:
182,8,110458,1,2,2:0:0:0:
329,144,110544,1,0,0:0:0:0:
256,128,110630,1,0,0:0:0:0:
109,104,110715,1,0,0:0:0:0:
402,72,110801,1,2,2:0:0:0:
475,40,110801,1,0,0:0:0:0:
329,40,110887,1,0,0:0:0:0:
182,24,110972,1,0,0:0:0:0:
109,8,111058,1,0,0:0:0:0:
329,376,111144,1,0,0:0:0:0:
475,368,111144,128,0,111829:0:0:0:0:
182,40,111144,1,2,2:0:0:0:
256,344,111230,1,0,0:0:0:0:
182,320,111315,1,0,0:0:0:0:
109,288,111401,1,0,0:0:0:0:
402,272,111487,1,0,0:0:0:0:
256,16,111487,1,2,2:0:0:0:
182,256,111572,1,0,0:0:0:0:
109,224,111658,1,0,0:0:0:0:
36,200,111744,1,0,0:0:0:0:
329,208,111830,128,0,112515:0:0:0:0:
402,176,111830,1,0,0:0:0:0:
182,56,111830,1,2,2:0:0:0:
256,152,111915,1,0,0:0:0:0:
182,120,112001,1,0,0:0:0:0:
36,72,112087,1,0,0:0:0:0:
475,64,112172,1,0,0:0:0:0:
256,0,112172,1,2,2:0:0:0:
402,32,112258,1,0,0:0:0:0:
256,8,112344,1,0,0:0:0:0:
109,8,112430,1,0,0:0:0:0:
475,384,112515,1,0,0:0:0:0:
182,360,112515,128,0,113200:0:0:0:0:
36,32,112515,1,2,2:0:0:0:
402,352,112601,1,0,0:0:0:0:
256,304,112687,1,0,0:0:0:0:
36,272,112772,1,0,0:0:0:0:
475,264,112858,1,0,0:0:0:0:
109,32,112858,1,2,2:0:0:0:
402,240,112944,1,0,0:0:0:0:
329,208,113030,1,0,0:0:0:0:
109,192,113115,1,0,0:0:0:0:
256,216,113201,128,0,113543:0:0:0:0:
402,176,113201,1,2,2:0:0:0:
475,24,113201,1,0,0:0:0:0:
329,152,113287,1,0,0:0:0:0:
109,128,113372,1,0,0:0:0:0:
36,104,113458,1,0,0:0:0:0:
402,136,113544,128,0,113886:0:0:0:0:
475,88,113544,1,0,0:0:0:0:
182,8,113544,1,2,2:0:0:0:
329,64,113630,1,0,0:0:0:0:
182,40,113715,1,0,0:0:0:0:
109,8,113801,1,0,0:0:0:0:
475,376,113887,128,0,115258:0:0:0:0:
329,368,113887,1,0,0:0:0:0:
36,8,113887,1,2,2:0:0:0:
256,336,113972,1,0,0:0:0:0:
182,304,114058,1,0,0:0:0:0:
109,288,114144,1,0,0:0:0:0:
329,272,114230,1,2,2:0:0:0:
402,16,114230,1,0,0:0:0:0:
256,248,114315,1,0,0:0:0:0:
109,216,114401,1,0,0:0:0:0:
36,200,114487,1,0,0:0:0:0:
402,192,114572,1,0,0:0:0:0:
182,16,114572,1,2,2:0:0:0:
329,176,114658,1,0,0:0:0:0:
256,160,114744,1,0,0:0:0:0:
182,128,114830,1,0,0:0:0:0:
329,104,114915,1,0,0:0:0:0:
256,64,115001,1,0,0:0:0:0:
182,48,115087,1,0,0:0:0:0:
109,32,115172,1,0,0:0:0:0:
109,192,116630,128,2,120744:0:0:0:0:
402,192,116630,128,2,120744:0:0:0:0:
