[Metadata]
Melty Sweets
Ironami
kobi
sdvx konami sound voltex
40
0


[TimingPoints]
1378,338.983050847458,4,2,1,30,1,0
24428,-100,4,2,1,30,0,1
35276,-100,4,2,1,30,0,0
38327,-100,4,2,1,30,0,1
67818,-100,4,2,1,30,0,0
92225,-100,4,2,1,30,0,1
113920,-100,4,2,1,30,0,0


[HitObjects]
182,192,1039,1,0,0:0:0:0:
182,192,1123,1,0,0:0:0:0:
329,192,1208,1,0,0:0:0:0:
329,192,1293,1,0,0:0:0:0:
36,192,1378,128,0,1716:0:0:0:50:cymbal.wav
182,192,1378,1,0,0:0:0:0:
256,192,1378,1,0,0:0:0:0:
475,192,1378,1,0,0:0:0:0:
402,192,1547,1,0,0:0:0:0:
329,192,1716,1,0,0:0:0:0:
36,192,1886,128,0,2225:0:0:0:0:
402,192,1886,128,0,2225:0:0:0:0:
182,192,2055,128,0,2394:0:0:0:0:
329,192,2225,128,0,2394:0:0:0:0:
36,192,2394,128,0,2733:0:0:0:0:
475,192,2394,128,0,2733:0:0:0:0:
256,192,2564,128,0,2733:0:0:0:0:
182,192,2733,1,0,0:0:0:50:LR_Chm Fast.wav
329,192,2733,1,0,0:0:0:0:
36,192,2903,128,0,3242:0:0:0:0:
475,192,2903,1,0,0:0:0:0:
182,192,3072,128,0,3411:0:0:0:0:
475,192,3072,1,0,0:0:0:0:
329,192,3157,1,0,0:0:0:0:
109,192,3242,128,0,3411:0:0:0:0:
475,192,3242,1,0,0:0:0:0:
329,192,3327,1,0,0:0:0:0:
36,192,3411,128,0,3666:0:0:0:0:
475,192,3411,1,0,0:0:0:0:
182,192,3581,128,0,3666:0:0:0:0:
329,192,3581,128,0,3920:0:0:0:0:
475,192,3581,128,0,3920:0:0:0:0:
109,192,3750,128,0,3835:0:0:0:0:
256,192,3920,128,0,4005:0:0:0:0:
36,192,4089,1,0,0:0:0:0:
329,192,4089,1,0,0:0:0:0:
475,192,4089,128,0,4428:0:0:0:0:
109,192,4259,1,0,0:0:0:0:
182,192,4428,1,0,0:0:0:0:
36,192,4598,128,0,4937:0:0:0:0:
475,192,4598,128,0,4937:0:0:0:0:
329,192,4767,128,0,5106:0:0:0:0:
182,192,4937,128,0,5106:0:0:0:0:
109,192,5106,128,0,5276:0:0:0:0:
402,192,5106,128,0,5276:0:0:0:0:
36,192,5276,1,0,0:0:0:0:
475,192,5276,1,0,0:0:0:0:
109,192,5361,1,0,0:0:0:0:
402,192,5361,1,0,0:0:0:0:
36,192,5445,128,0,6039:0:0:0:50:LR_Chm Fast.wav
182,192,5445,128,0,5530:0:0:0:0:
329,192,5445,128,0,5530:0:0:0:0:
475,192,5445,128,0,6039:0:0:0:0:
256,192,5615,128,0,5700:0:0:0:0:
109,192,5784,128,0,5869:0:0:0:0:
402,192,5784,128,0,5869:0:0:0:0:
256,192,5954,128,0,6039:0:0:0:0:
36,192,6123,128,0,6236:0:0:0:0:
182,192,6123,128,0,6293:0:0:0:0:
329,192,6123,128,0,6349:0:0:0:0:
475,192,6123,128,0,6406:0:0:0:0:
36,192,6293,1,0,0:0:0:0:
182,192,6349,1,0,0:0:0:0:
329,192,6406,1,0,0:0:0:0:
36,192,6462,1,0,0:0:0:0:
109,192,6462,128,0,6547:0:0:0:0:
475,192,6462,1,0,0:0:0:0:
402,192,6632,128,0,6716:0:0:0:0:
36,192,6801,1,0,0:0:0:50:LR_Chm Fast.wav
329,192,6801,128,0,7140:0:0:0:0:
475,192,6801,128,0,8072:0:0:0:0:
36,192,6971,1,0,0:0:0:0:
109,192,7140,1,0,0:0:0:0:
256,192,7140,1,0,0:0:0:0:
182,192,7310,1,0,0:0:0:0:
256,192,7394,1,0,0:0:0:0:
182,192,7479,128,0,7564:0:0:0:0:
329,192,7479,1,0,0:0:0:0:
109,192,7649,128,0,7733:0:0:0:0:
329,192,7649,1,0,0:0:0:0:
36,192,7818,128,0,7903:0:0:0:0:
402,192,7818,1,0,0:0:0:0:
182,192,7988,1,0,0:0:0:0:
402,192,7988,1,0,0:0:0:0:
36,192,8157,1,0,0:0:0:50:LR_Chm Fast.wav
256,192,8157,1,0,0:0:0:0:
475,192,8157,1,0,0:0:0:0:
109,192,8327,128,0,8411:0:0:0:0:
475,192,8327,1,0,0:0:0:0:
36,192,8496,1,0,0:0:0:0:
329,192,8496,1,0,0:0:0:0:
182,192,8666,128,0,8750:0:0:0:0:
329,192,8666,1,0,0:0:0:0:
36,192,8835,1,0,0:0:0:0:
402,192,8835,1,0,0:0:0:0:
182,192,9005,128,0,9089:0:0:0:0:
329,192,9005,1,0,0:0:0:0:
402,192,9061,1,0,0:0:0:0:
475,192,9118,1,0,0:0:0:0:
109,192,9174,1,0,0:0:0:0:
329,192,9174,128,0,9259:0:0:0:0:
36,192,9231,1,0,0:0:0:0:
182,192,9287,1,0,0:0:0:0:
109,192,9344,1,0,0:0:0:0:
475,192,9344,128,0,9428:0:0:0:0:
256,192,9400,1,0,0:0:0:0:
182,192,9457,1,0,0:0:0:0:
36,192,9513,128,0,10784:0:0:0:0:
109,192,9513,128,0,9852:0:0:0:0:
329,192,9513,1,0,0:0:0:0:
475,192,9513,1,0,0:0:0:0:
182,192,9683,1,0,0:0:0:0:
329,192,9852,128,0,10191:0:0:0:0:
475,192,9852,1,0,0:0:0:0:
182,192,10022,128,0,10361:0:0:0:0:
475,192,10022,1,0,0:0:0:0:
256,192,10191,1,0,0:0:0:0:
256,192,10361,1,0,0:0:0:0:
402,192,10361,128,0,10700:0:0:0:0:
182,192,10530,1,0,0:0:0:0:
256,192,10530,128,0,10869:0:0:0:0:
182,192,10700,1,0,0:0:0:0:
36,192,10869,1,0,0:0:0:50:LR_Chm Fast.wav
402,192,10869,128,0,11208:0:0:0:0:
475,192,10869,128,0,11547:0:0:0:0:
36,192,11039,1,0,0:0:0:0:
109,192,11208,1,0,0:0:0:0:
256,192,11208,1,0,0:0:0:0:
109,192,11378,1,0,0:0:0:0:
36,192,11547,1,0,0:0:0:0:
182,192,11547,128,0,11632:0:0:0:0:
329,192,11632,1,0,0:0:0:0:
109,192,11716,1,0,0:0:0:0:
256,192,11716,128,0,11801:0:0:0:0:
402,192,11801,1,0,0:0:0:0:
36,192,11886,128,0,12140:0:0:0:0:
182,192,11886,1,0,0:0:0:0:
329,192,11886,128,0,11971:0:0:0:0:
475,192,11886,128,0,12140:0:0:0:0:
109,192,11971,1,0,0:0:0:0:
256,192,12055,1,0,0:0:0:0:
402,192,12055,128,0,12140:0:0:0:0:
182,192,12140,1,0,0:0:0:0:
36,192,12225,1,0,0:0:0:50:cymbal.wav
109,192,12225,1,0,0:0:0:0:
402,192,12225,1,0,0:0:0:0:
475,192,12225,1,0,0:0:0:0:
36,192,12564,1,0,0:0:0:0:
402,192,12564,128,0,12733:0:0:0:0:
475,192,12564,128,0,12733:0:0:0:0:
182,192,12733,1,0,0:0:0:0:
256,192,12818,1,0,0:0:0:0:
36,192,12903,128,0,13242:0:0:0:0:
329,192,12903,1,0,0:0:0:0:
475,192,12903,1,0,0:0:0:0:
109,192,12988,1,0,0:0:0:0:
256,192,13072,1,0,0:0:0:0:
402,192,13072,128,0,13242:0:0:0:0:
475,192,13072,128,0,13242:0:0:0:0:
109,192,13157,1,0,0:0:0:0:
182,192,13242,1,0,0:0:0:0:
329,192,13242,1,0,0:0:0:0:
36,192,13327,1,0,0:0:0:0:
256,192,13411,1,0,0:0:0:0:
402,192,13411,128,0,13581:0:0:0:0:
475,192,13411,128,0,13581:0:0:0:0:
109,192,13496,1,0,0:0:0:0:
36,192,13581,1,0,0:0:0:0:
256,192,13581,1,0,0:0:0:0:
36,192,13750,1,0,0:0:0:0:
329,192,13750,128,0,14005:0:0:0:0:
109,192,13835,1,0,0:0:0:0:
182,192,13920,1,0,0:0:0:0:
475,192,13920,128,0,14005:0:0:0:0:
36,192,14089,128,0,14174:0:0:0:0:
329,192,14089,1,0,0:0:0:0:
256,192,14174,1,0,0:0:0:0:
182,192,14259,1,0,0:0:0:0:
329,192,14259,128,0,14344:0:0:0:0:
475,192,14259,128,0,14344:0:0:0:0:
36,192,14344,1,0,0:0:0:0:
182,192,14428,1,0,0:0:0:0:
256,192,14428,128,0,14513:0:0:0:0:
402,192,14428,128,0,14513:0:0:0:0:
109,192,14513,1,0,0:0:0:0:
36,192,14598,1,0,0:0:0:0:
182,192,14598,128,0,14683:0:0:0:0:
329,192,14598,128,0,14683:0:0:0:0:
475,192,14598,1,0,0:0:0:0:
402,192,14683,1,0,0:0:0:0:
109,192,14767,128,0,14852:0:0:0:0:
256,192,14767,128,0,14852:0:0:0:0:
329,192,14767,1,0,0:0:0:0:
475,192,14852,1,0,0:0:0:0:
36,192,14937,1,0,0:0:0:0:
182,192,14937,1,0,0:0:0:0:
329,192,14937,1,0,0:0:0:0:
36,192,15276,128,0,15445:0:0:0:0:
109,192,15276,128,0,15445:0:0:0:0:
475,192,15276,1,0,0:0:0:0:
329,192,15445,1,0,0:0:0:0:
256,192,15530,1,0,0:0:0:0:
36,192,15615,1,0,0:0:0:0:
182,192,15615,1,0,0:0:0:0:
475,192,15615,128,0,15954:0:0:0:0:
402,192,15700,1,0,0:0:0:0:
36,192,15784,128,0,15954:0:0:0:0:
109,192,15784,128,0,15954:0:0:0:0:
256,192,15784,1,0,0:0:0:0:
402,192,15869,1,0,0:0:0:0:
182,192,15954,1,0,0:0:0:0:
329,192,15954,1,0,0:0:0:0:
475,192,16039,1,0,0:0:0:0:
36,192,16123,128,0,16293:0:0:0:0:
109,192,16123,128,0,16293:0:0:0:0:
256,192,16123,1,0,0:0:0:0:
402,192,16208,1,0,0:0:0:0:
256,192,16293,1,0,0:0:0:0:
475,192,16293,1,0,0:0:0:0:
182,192,16462,128,0,16716:0:0:0:0:
475,192,16462,1,0,0:0:0:0:
402,192,16547,1,0,0:0:0:0:
36,192,16632,128,0,16716:0:0:0:0:
329,192,16632,1,0,0:0:0:0:
182,192,16801,1,0,0:0:0:0:
475,192,16801,128,0,16886:0:0:0:0:
256,192,16886,1,0,0:0:0:0:
36,192,16971,128,0,17055:0:0:0:0:
182,192,16971,128,0,17055:0:0:0:0:
329,192,16971,1,0,0:0:0:0:
475,192,17055,1,0,0:0:0:0:
109,192,17140,128,0,17225:0:0:0:0:
256,192,17140,128,0,17225:0:0:0:0:
329,192,17140,1,0,0:0:0:0:
402,192,17225,1,0,0:0:0:0:
36,192,17310,1,0,0:0:0:0:
182,192,17310,128,0,17394:0:0:0:0:
329,192,17310,128,0,17394:0:0:0:0:
475,192,17310,1,0,0:0:0:0:
109,192,17394,1,0,0:0:0:0:
182,192,17479,1,0,0:0:0:0:
256,192,17479,128,0,17564:0:0:0:0:
402,192,17479,128,0,17564:0:0:0:0:
36,192,17564,1,0,0:0:0:0:
109,192,17649,1,0,0:0:0:50:snare.wav
182,192,17649,1,0,0:0:0:0:
329,192,17649,1,0,0:0:0:0:
475,192,17649,1,0,0:0:0:0:
402,192,17733,1,0,0:0:0:0:
109,192,17818,1,0,0:0:0:0:
256,192,17818,1,0,0:0:0:0:
329,192,17903,1,0,0:0:0:0:
36,192,17988,1,0,0:0:0:50:snare.wav
182,192,17988,1,0,0:0:0:0:
402,192,17988,1,0,0:0:0:0:
475,192,17988,1,0,0:0:0:0:
256,192,18072,1,0,0:0:0:0:
182,192,18157,1,0,0:0:0:0:
402,192,18157,1,0,0:0:0:0:
329,192,18242,1,0,0:0:0:0:
36,192,18327,1,0,0:0:0:50:snare.wav
109,192,18327,1,0,0:0:0:0:
402,192,18327,1,0,0:0:0:0:
475,192,18327,1,0,0:0:0:0:
182,192,18411,1,0,0:0:0:0:
109,192,18496,1,0,0:0:0:0:
329,192,18496,1,0,0:0:0:0:
256,192,18581,1,0,0:0:0:50:snare.wav
402,192,18581,1,0,0:0:0:0:
475,192,18581,1,0,0:0:0:0:
36,192,18666,1,0,0:0:0:50:kick.wav
182,192,18666,1,0,0:0:0:0:
329,192,18666,1,0,0:0:0:0:
109,192,18750,1,0,0:0:0:0:
256,192,18835,1,0,0:0:0:50:snare.wav
402,192,18835,1,0,0:0:0:0:
475,192,18835,1,0,0:0:0:0:
182,192,18920,1,0,0:0:0:0:
36,192,19005,1,0,0:0:0:50:snare.wav
109,192,19005,1,0,0:0:0:0:
329,192,19005,1,0,0:0:0:0:
475,192,19005,1,0,0:0:0:0:
256,192,19089,1,0,0:0:0:0:
109,192,19174,1,0,0:0:0:0:
402,192,19174,1,0,0:0:0:0:
182,192,19259,1,0,0:0:0:0:
36,192,19344,1,0,0:0:0:50:snare.wav
256,192,19344,1,0,0:0:0:0:
402,192,19344,1,0,0:0:0:0:
475,192,19344,1,0,0:0:0:0:
329,192,19428,1,0,0:0:0:0:
36,192,19513,1,0,0:0:0:0:
182,192,19513,1,0,0:0:0:0:
256,192,19598,1,0,0:0:0:0:
36,192,19683,1,0,0:0:0:50:snare.wav
109,192,19683,1,0,0:0:0:0:
329,192,19683,1,0,0:0:0:0:
475,192,19683,1,0,0:0:0:0:
402,192,19767,1,0,0:0:0:0:
109,192,19852,1,0,0:0:0:0:
256,192,19852,1,0,0:0:0:0:
182,192,19937,1,0,0:0:0:50:snare.wav
329,192,19937,1,0,0:0:0:0:
475,192,19937,1,0,0:0:0:0:
36,192,20022,1,0,0:0:0:50:kick.wav
109,192,20022,1,0,0:0:0:0:
402,192,20022,1,0,0:0:0:0:
256,192,20106,1,0,0:0:0:0:
36,192,20191,1,0,0:0:0:50:snare.wav
329,192,20191,1,0,0:0:0:0:
475,192,20191,1,0,0:0:0:0:
182,192,20276,1,0,0:0:0:0:
36,192,20361,1,0,0:0:0:50:snare.wav
256,192,20361,1,0,0:0:0:0:
402,192,20361,1,0,0:0:0:0:
475,192,20361,128,0,20530:0:0:0:0:
36,192,20530,1,0,0:0:0:50:snare.wav
256,192,20530,1,0,0:0:0:0:
402,192,20530,1,0,0:0:0:0:
36,192,20700,128,0,20869:0:0:0:50:snare.wav
182,192,20700,1,0,0:0:0:0:
329,192,20700,1,0,0:0:0:0:
475,192,20700,1,0,0:0:0:0:
182,192,20869,1,0,0:0:0:50:snare.wav
329,192,20869,1,0,0:0:0:0:
475,192,20869,1,0,0:0:0:0:
109,192,21039,1,0,0:0:0:50:snare.wav
256,192,21039,1,0,0:0:0:0:
402,192,21039,1,0,0:0:0:0:
475,192,21039,128,0,21208:0:0:0:0:
36,192,21208,128,0,21378:0:0:0:50:snare.wav
109,192,21208,1,0,0:0:0:0:
256,192,21208,1,0,0:0:0:0:
402,192,21208,1,0,0:0:0:0:
182,192,21378,1,0,0:0:0:50:snare.wav
329,192,21378,1,0,0:0:0:0:
475,192,21378,1,0,0:0:0:0:
36,192,21547,128,0,21716:0:0:0:50:snare.wav
182,192,21547,1,0,0:0:0:0:
329,192,21547,1,0,0:0:0:0:
475,192,21547,1,0,0:0:0:0:
182,192,21716,1,0,0:0:0:50:snare.wav
402,192,21716,1,0,0:0:0:0:
475,192,21716,1,0,0:0:0:0:
109,192,21801,1,0,0:0:0:50:snare.wav
256,192,21801,1,0,0:0:0:0:
329,192,21886,1,0,0:0:0:50:snare.wav
402,192,21886,1,0,0:0:0:0:
475,192,21886,1,0,0:0:0:0:
36,192,21971,1,0,0:0:0:50:snare.wav
109,192,21971,1,0,0:0:0:0:
256,192,22055,1,0,0:0:0:50:snare.wav
402,192,22055,1,0,0:0:0:0:
475,192,22055,1,0,0:0:0:0:
36,192,22140,1,0,0:0:0:50:snare.wav
109,192,22140,1,0,0:0:0:0:
256,192,22225,1,0,0:0:0:50:snare.wav
329,192,22225,1,0,0:0:0:0:
402,192,22225,1,0,0:0:0:0:
109,192,22310,1,0,0:0:0:50:snare.wav
182,192,22310,1,0,0:0:0:0:
36,192,22394,1,0,0:0:0:50:snare.wav
402,192,22394,1,0,0:0:0:0:
475,192,22394,1,0,0:0:0:0:
182,192,22479,1,0,0:0:0:50:snare.wav
329,192,22479,1,0,0:0:0:0:
36,192,22564,1,0,0:0:0:50:snare.wav
109,192,22564,1,0,0:0:0:0:
475,192,22564,1,0,0:0:0:0:
182,192,22649,1,0,0:0:0:50:snare.wav
329,192,22649,1,0,0:0:0:0:
36,192,22733,1,0,0:0:0:50:snare.wav
256,192,22733,1,0,0:0:0:0:
475,192,22733,1,0,0:0:0:0:
109,192,22818,1,0,0:0:0:50:snare.wav
402,192,22818,1,0,0:0:0:0:
182,192,22903,1,0,0:0:0:50:snare.wav
329,192,22903,1,0,0:0:0:0:
256,192,22988,1,0,0:0:0:50:snare.wav
402,192,22988,1,0,0:0:0:0:
36,192,23072,128,0,23581:0:0:0:0:
109,192,23072,128,0,23411:0:0:0:0:
329,192,23072,1,0,0:0:0:0:
475,192,23072,1,0,0:0:0:0:
256,192,23750,128,0,23835:0:0:0:0:
182,192,23920,128,0,24005:0:0:0:0:
329,192,23920,128,0,24005:0:0:0:0:
109,192,24089,1,0,0:0:0:0:
402,192,24089,1,0,0:0:0:0:
36,192,24428,128,0,24683:0:0:0:50:kick.wav
109,192,24428,128,0,24683:0:0:0:50:cymbal.wav
256,192,24428,1,0,0:0:0:0:
329,192,24428,1,0,0:0:0:0:
475,192,24428,1,0,0:0:0:0:
475,192,24598,1,0,0:0:0:0:
402,192,24683,1,0,0:0:0:0:
36,192,24767,128,0,25022:0:0:0:50:kick.wav
109,192,24767,128,0,25022:0:0:0:0:
182,192,24767,1,0,0:0:0:0:
329,192,24767,1,0,0:0:0:0:
256,192,24937,128,0,25022:0:0:0:0:
402,192,24937,128,0,25022:0:0:0:0:
36,192,25106,1,0,0:0:0:50:snare.wav
109,192,25106,1,0,0:0:0:0:
329,192,25106,128,0,25191:0:0:0:0:
475,192,25106,128,0,25191:0:0:0:0:
36,192,25276,128,0,25445:0:0:0:50:kick.wav
109,192,25276,128,0,25445:0:0:0:0:
256,192,25276,128,0,25361:0:0:0:0:
402,192,25276,128,0,25361:0:0:0:0:
182,192,25445,128,0,25530:0:0:0:0:
329,192,25445,128,0,25530:0:0:0:0:
36,192,25615,128,0,25869:0:0:0:50:kick.wav
109,192,25615,128,0,25869:0:0:0:0:
256,192,25615,1,0,0:0:0:0:
402,192,25615,128,0,25869:0:0:0:0:
475,192,25615,128,0,25869:0:0:0:0:
36,192,25954,1,0,0:0:0:50:kick.wav
182,192,25954,128,0,26039:0:0:0:0:
402,192,25954,128,0,26123:0:0:0:0:
475,192,25954,128,0,26123:0:0:0:0:
329,192,26039,128,0,26123:0:0:0:0:
109,192,26123,128,0,26208:0:0:0:0:
256,192,26208,128,0,26293:0:0:0:0:
36,192,26293,128,0,26378:0:0:0:50:kick.wav
402,192,26293,128,0,26462:0:0:0:0:
475,192,26293,128,0,26462:0:0:0:0:
182,192,26378,128,0,26462:0:0:0:0:
36,192,26462,1,0,0:0:0:50:snare.wav
109,192,26462,1,0,0:0:0:0:
329,192,26462,1,0,0:0:0:0:
329,192,26632,128,0,26716:0:0:0:50:kick.wav
475,192,26632,1,0,0:0:0:0:
36,192,26716,1,0,0:0:0:50:kick.wav
109,192,26716,1,0,0:0:0:0:
182,192,26716,128,0,26801:0:0:0:0:
329,192,26801,128,0,26886:0:0:0:50:kick.wav
402,192,26801,1,0,0:0:0:0:
475,192,26801,1,0,0:0:0:0:
109,192,26886,1,0,0:0:0:50:kick.wav
182,192,26886,1,0,0:0:0:0:
329,192,26971,1,0,0:0:0:50:kick.wav
402,192,26971,128,0,27055:0:0:0:0:
109,192,27055,1,0,0:0:0:50:kick.wav
182,192,27055,1,0,0:0:0:0:
36,192,27140,128,0,27310:0:0:0:50:kick.wav
256,192,27140,128,0,27310:0:0:0:0:
475,192,27140,128,0,27310:0:0:0:0:
36,192,27479,128,0,27903:0:0:0:50:kick.wav
182,192,27479,1,0,0:0:0:50:cymbal.wav
329,192,27479,1,0,0:0:0:0:
402,192,27479,1,0,0:0:0:0:
475,192,27479,128,0,27733:0:0:0:0:
109,192,27649,128,0,27733:0:0:0:0:
256,192,27649,128,0,27733:0:0:0:0:
182,192,27818,128,0,27903:0:0:0:50:snare.wav
329,192,27818,128,0,27903:0:0:0:0:
475,192,27818,128,0,28072:0:0:0:0:
36,192,27988,128,0,28072:0:0:0:0:
256,192,27988,128,0,28072:0:0:0:0:
402,192,27988,128,0,28072:0:0:0:0:
109,192,28157,128,0,28327:0:0:0:0:
182,192,28157,1,0,0:0:0:0:
329,192,28242,1,0,0:0:0:0:
182,192,28327,1,0,0:0:0:0:
475,192,28327,128,0,28581:0:0:0:0:
329,192,28411,1,0,0:0:0:0:
36,192,28496,128,0,28666:0:0:0:50:kick.wav
109,192,28496,128,0,28666:0:0:0:0:
182,192,28496,1,0,0:0:0:0:
329,192,28666,128,0,28750:0:0:0:0:
36,192,28750,128,0,28920:0:0:0:50:kick.wav
109,192,28750,128,0,28920:0:0:0:0:
475,192,28750,128,0,28835:0:0:0:0:
256,192,28835,128,0,28920:0:0:0:0:
402,192,28920,128,0,29005:0:0:0:0:
36,192,29005,128,0,29174:0:0:0:50:kick.wav
109,192,29005,128,0,29174:0:0:0:0:
182,192,29005,128,0,29089:0:0:0:0:
329,192,29089,128,0,29174:0:0:0:0:
256,192,29174,1,0,0:0:0:50:snare.wav
402,192,29174,1,0,0:0:0:0:
475,192,29174,1,0,0:0:0:0:
256,192,29344,1,0,0:0:0:50:kick.wav
402,192,29344,128,0,29598:0:0:0:0:
475,192,29344,128,0,29598:0:0:0:0:
182,192,29400,1,0,0:0:0:0:
109,192,29457,1,0,0:0:0:0:
36,192,29513,1,0,0:0:0:0:
329,192,29513,128,0,29598:0:0:0:0:
36,192,29683,1,0,0:0:0:50:kick.wav
182,192,29683,1,0,0:0:0:0:
402,192,29683,128,0,29767:0:0:0:0:
36,192,29767,1,0,0:0:0:50:kick.wav
182,192,29767,1,0,0:0:0:0:
475,192,29852,128,0,29937:0:0:0:0:
475,192,30022,1,0,0:0:0:0:
36,192,30191,1,0,0:0:0:0:
475,192,30191,128,0,30276:0:0:0:0:
109,192,30276,1,0,0:0:0:0:
182,192,30361,1,0,0:0:0:50:kick.wav
329,192,30361,1,0,0:0:0:50:cymbal.wav
402,192,30361,128,0,30615:0:0:0:0:
475,192,30361,128,0,30615:0:0:0:0:
36,192,30530,128,0,30615:0:0:0:50:snare.wav
109,192,30530,1,0,0:0:0:0:
256,192,30530,128,0,30615:0:0:0:0:
109,192,30700,128,0,30784:0:0:0:50:kick.wav
329,192,30700,128,0,30784:0:0:0:0:
402,192,30700,1,0,0:0:0:0:
475,192,30700,1,0,0:0:0:0:
182,192,30869,128,0,30954:0:0:0:0:
402,192,30869,128,0,30954:0:0:0:0:
36,192,31039,128,0,31293:0:0:0:50:kick.wav
109,192,31039,1,0,0:0:0:0:
256,192,31039,128,0,31293:0:0:0:0:
475,192,31039,128,0,31293:0:0:0:0:
329,192,31378,128,0,31462:0:0:0:0:
475,192,31462,128,0,31547:0:0:0:0:
36,192,31547,128,0,31801:0:0:0:50:kick.wav
109,192,31547,128,0,31801:0:0:0:0:
256,192,31547,128,0,31632:0:0:0:0:
402,192,31632,128,0,31716:0:0:0:0:
182,192,31716,128,0,31801:0:0:0:0:
329,192,31801,128,0,31886:0:0:0:0:
36,192,31886,128,0,31971:0:0:0:50:snare.wav
182,192,31886,128,0,31971:0:0:0:0:
402,192,31886,1,0,0:0:0:0:
475,192,31886,1,0,0:0:0:0:
36,192,32055,1,0,0:0:0:50:kick.wav
182,192,32055,1,0,0:0:0:0:
402,192,32055,128,0,32310:0:0:0:0:
475,192,32055,128,0,32310:0:0:0:0:
109,192,32225,128,0,32310:0:0:0:0:
256,192,32225,128,0,32310:0:0:0:0:
109,192,32394,1,0,0:0:0:0:
256,192,32394,1,0,0:0:0:0:
36,192,32564,128,0,32818:0:0:0:50:kick.wav
182,192,32564,1,0,0:0:0:0:
329,192,32564,1,0,0:0:0:0:
475,192,32564,128,0,32818:0:0:0:0:
256,192,32733,128,0,32818:0:0:0:0:
36,192,32903,128,0,32988:0:0:0:0:
475,192,32903,128,0,32988:0:0:0:0:
109,192,33072,128,0,33327:0:0:0:50:kick.wav
182,192,33072,1,0,0:0:0:0:
329,192,33072,1,0,0:0:0:0:
402,192,33072,128,0,33327:0:0:0:0:
36,192,33242,1,0,0:0:0:50:snare.wav
256,192,33242,128,0,33327:0:0:0:0:
475,192,33242,1,0,0:0:0:0:
329,192,33411,1,0,0:0:0:0:
475,192,33411,1,0,0:0:0:0:
256,192,33496,1,0,0:0:0:0:
36,192,33581,128,0,33835:0:0:0:50:kick.wav
109,192,33581,1,0,0:0:0:0:
182,192,33581,128,0,33835:0:0:0:0:
402,192,33581,128,0,33666:0:0:0:0:
475,192,33581,1,0,0:0:0:0:
329,192,33750,128,0,33835:0:0:0:0:
36,192,33920,128,0,34005:0:0:0:0:
256,192,33920,128,0,34005:0:0:0:0:
475,192,33920,1,0,0:0:0:0:
36,192,34089,1,0,0:0:0:50:kick.wav
109,192,34089,128,0,34174:0:0:0:0:
329,192,34089,128,0,34344:0:0:0:0:
402,192,34089,1,0,0:0:0:0:
475,192,34089,128,0,34344:0:0:0:0:
256,192,34174,1,0,0:0:0:0:
182,192,34259,128,0,34344:0:0:0:0:
36,192,34428,1,0,0:0:0:0:
256,192,34428,128,0,34513:0:0:0:0:
475,192,34428,128,0,34513:0:0:0:0:
36,192,34598,1,0,0:0:0:50:snare.wav
182,192,34598,1,0,0:0:0:0:
329,192,34598,1,0,0:0:0:0:
475,192,34598,128,0,34852:0:0:0:0:
36,192,34767,128,0,34937:0:0:0:50:kick.wav
109,192,34767,128,0,34937:0:0:0:0:
256,192,34767,128,0,34852:0:0:0:0:
402,192,34767,128,0,34852:0:0:0:0:
329,192,34937,128,0,35022:0:0:0:0:
475,192,34937,128,0,35022:0:0:0:0:
36,192,35106,128,0,35191:0:0:0:0:
182,192,35106,128,0,35191:0:0:0:0:
36,192,35276,128,0,37479:0:0:0:50:kick.wav
182,192,35276,1,0,0:0:0:50:cymbal.wav
329,192,35276,1,0,0:0:0:0:
402,192,35276,128,0,35530:0:0:0:0:
475,192,35276,128,0,37903:0:0:0:0:
402,192,35615,1,0,0:0:0:0:
109,192,35784,1,0,0:0:0:0:
109,192,35869,1,0,0:0:0:0:
402,192,36039,1,0,0:0:0:0:
402,192,36123,128,0,36378:0:0:0:0:
256,192,36293,128,0,36378:0:0:0:0:
109,192,36462,128,0,36632:0:0:0:0:
256,192,36462,128,0,36632:0:0:0:0:
402,192,36462,128,0,36632:0:0:0:0:
182,192,36801,1,0,0:0:0:0:
182,192,36886,1,0,0:0:0:0:
329,192,36971,1,0,0:0:0:0:
329,192,37055,1,0,0:0:0:0:
182,192,37140,1,0,0:0:0:0:
182,192,37225,1,0,0:0:0:0:
109,192,37310,128,0,37479:0:0:0:0:
256,192,37310,128,0,37479:0:0:0:0:
402,192,37310,128,0,37479:0:0:0:0:
36,192,37564,128,0,37733:0:0:0:0:
182,192,37564,128,0,37733:0:0:0:0:
329,192,37564,128,0,37733:0:0:0:0:
36,192,37818,128,0,37903:0:0:0:0:
182,192,37818,128,0,37903:0:0:0:0:
329,192,37818,128,0,37903:0:0:0:0:
36,192,37988,1,0,0:0:0:50:kick.wav
182,192,37988,1,0,0:0:0:0:
329,192,37988,1,0,0:0:0:0:
475,192,37988,1,0,0:0:0:0:
36,192,38327,1,0,0:0:0:50:snare.wav
256,192,38327,1,0,0:0:0:50:cymbal.wav
329,192,38327,1,0,0:0:0:0:
402,192,38327,1,0,0:0:0:0:
475,192,38327,1,0,0:0:0:0:
109,192,38411,1,0,0:0:0:0:
182,192,38496,128,0,38581:0:0:0:0:
329,192,38496,1,0,0:0:0:0:
475,192,38496,1,0,0:0:0:0:
256,192,38581,1,0,0:0:0:0:
109,192,38666,128,0,38750:0:0:0:0:
182,192,38666,1,0,0:0:0:0:
402,192,38666,1,0,0:0:0:0:
329,192,38750,1,0,0:0:0:0:
36,192,38835,128,0,38920:0:0:0:50:kick.wav
182,192,38835,1,0,0:0:0:0:
475,192,38835,1,0,0:0:0:0:
256,192,38920,1,0,0:0:0:0:
36,192,39005,1,0,0:0:0:50:snare.wav
329,192,39005,128,0,39089:0:0:0:0:
475,192,39005,128,0,39089:0:0:0:0:
182,192,39089,1,0,0:0:0:0:
36,192,39174,1,0,0:0:0:0:
256,192,39174,128,0,39259:0:0:0:0:
402,192,39174,128,0,39259:0:0:0:0:
182,192,39259,1,0,0:0:0:0:
36,192,39344,128,0,39598:0:0:0:50:kick.wav
329,192,39344,1,0,0:0:0:0:
402,192,39344,1,0,0:0:0:0:
475,192,39344,128,0,39598:0:0:0:0:
182,192,39428,1,0,0:0:0:0:
329,192,39513,1,0,0:0:0:0:
182,192,39598,1,0,0:0:0:0:
36,192,39683,1,0,0:0:0:50:snare.wav
256,192,39683,1,0,0:0:0:0:
402,192,39683,1,0,0:0:0:0:
475,192,39683,1,0,0:0:0:0:
36,192,39852,128,0,39937:0:0:0:0:
329,192,39852,128,0,39937:0:0:0:0:
109,192,39937,128,0,40022:0:0:0:0:
402,192,39937,128,0,40022:0:0:0:0:
182,192,40022,128,0,40106:0:0:0:0:
475,192,40022,128,0,40106:0:0:0:0:
36,192,40191,128,0,40445:0:0:0:50:kick.wav
182,192,40191,128,0,40276:0:0:0:0:
256,192,40191,1,0,0:0:0:0:
329,192,40191,128,0,40276:0:0:0:0:
475,192,40191,128,0,40445:0:0:0:0:
109,192,40361,128,0,40445:0:0:0:50:snare.wav
256,192,40361,1,0,0:0:0:0:
402,192,40361,128,0,40445:0:0:0:0:
36,192,40530,128,0,40615:0:0:0:0:
256,192,40530,128,0,40615:0:0:0:0:
475,192,40530,128,0,40615:0:0:0:0:
36,192,40700,1,0,0:0:0:50:kick.wav
329,192,40700,1,0,0:0:0:0:
475,192,40700,1,0,0:0:0:0:
182,192,40784,1,0,0:0:0:0:
109,192,40869,1,0,0:0:0:0:
329,192,40869,128,0,40954:0:0:0:0:
475,192,40869,1,0,0:0:0:0:
256,192,40954,1,0,0:0:0:0:
36,192,41039,1,0,0:0:0:50:snare.wav
402,192,41039,1,0,0:0:0:0:
475,192,41039,1,0,0:0:0:0:
182,192,41095,1,0,0:0:0:0:
329,192,41152,1,0,0:0:0:0:
36,192,41208,1,0,0:0:0:0:
256,192,41208,1,0,0:0:0:0:
475,192,41208,1,0,0:0:0:0:
109,192,41293,1,0,0:0:0:0:
182,192,41378,128,0,41462:0:0:0:0:
329,192,41378,1,0,0:0:0:0:
475,192,41378,1,0,0:0:0:0:
402,192,41462,1,0,0:0:0:0:
36,192,41547,1,0,0:0:0:50:kick.wav
109,192,41547,1,0,0:0:0:0:
256,192,41547,128,0,41632:0:0:0:0:
182,192,41632,1,0,0:0:0:0:
36,192,41716,1,0,0:0:0:50:snare.wav
329,192,41716,128,0,41801:0:0:0:0:
475,192,41716,1,0,0:0:0:0:
109,192,41801,1,0,0:0:0:0:
182,192,41886,128,0,42225:0:0:0:0:
402,192,41886,128,0,42310:0:0:0:0:
36,192,42055,128,0,42310:0:0:0:50:kick.wav
329,192,42055,1,0,0:0:0:0:
475,192,42055,1,0,0:0:0:0:
109,192,42225,128,0,42310:0:0:0:0:
329,192,42310,128,0,42394:0:0:0:0:
36,192,42394,128,0,42649:0:0:0:50:snare.wav
182,192,42394,128,0,42479:0:0:0:0:
256,192,42394,1,0,0:0:0:0:
475,192,42394,1,0,0:0:0:0:
402,192,42479,128,0,42564:0:0:0:0:
256,192,42564,128,0,42649:0:0:0:0:
475,192,42649,128,0,42733:0:0:0:0:
182,192,42733,128,0,42818:0:0:0:0:
329,192,42733,128,0,42818:0:0:0:0:
36,192,42903,128,0,43157:0:0:0:50:kick.wav
109,192,42903,128,0,42988:0:0:0:0:
256,192,42903,128,0,42988:0:0:0:0:
402,192,42903,1,0,0:0:0:0:
475,192,42903,128,0,43157:0:0:0:0:
109,192,43072,1,0,0:0:0:50:snare.wav
256,192,43072,128,0,43157:0:0:0:0:
402,192,43072,128,0,43157:0:0:0:0:
182,192,43242,128,0,43327:0:0:0:0:
329,192,43242,128,0,43327:0:0:0:0:
36,192,43411,1,0,0:0:0:50:kick.wav
109,192,43411,1,0,0:0:0:0:
256,192,43411,1,0,0:0:0:0:
402,192,43411,1,0,0:0:0:0:
475,192,43411,1,0,0:0:0:0:
182,192,43581,1,0,0:0:0:0:
329,192,43581,128,0,43666:0:0:0:0:
475,192,43581,1,0,0:0:0:0:
109,192,43666,1,0,0:0:0:0:
36,192,43750,1,0,0:0:0:50:snare.wav
256,192,43750,128,0,43835:0:0:0:0:
402,192,43750,1,0,0:0:0:0:
475,192,43835,1,0,0:0:0:0:
36,192,43920,1,0,0:0:0:0:
182,192,43920,128,0,44005:0:0:0:0:
329,192,43920,1,0,0:0:0:0:
109,192,44005,1,0,0:0:0:0:
182,192,44089,128,0,44344:0:0:0:0:
329,192,44089,128,0,44259:0:0:0:0:
475,192,44089,1,0,0:0:0:0:
36,192,44259,1,0,0:0:0:50:kick.wav
475,192,44259,1,0,0:0:0:0:
329,192,44344,1,0,0:0:0:0:
36,192,44428,128,0,44513:0:0:0:50:snare.wav
182,192,44428,1,0,0:0:0:0:
402,192,44428,1,0,0:0:0:0:
475,192,44428,1,0,0:0:0:0:
329,192,44513,1,0,0:0:0:0:
109,192,44598,128,0,44683:0:0:0:0:
182,192,44598,1,0,0:0:0:0:
329,192,44683,1,0,0:0:0:0:
36,192,44767,1,0,0:0:0:50:kick.wav
182,192,44767,1,0,0:0:0:0:
402,192,44767,128,0,44852:0:0:0:0:
475,192,44767,1,0,0:0:0:0:
256,192,44852,1,0,0:0:0:0:
36,192,44937,1,0,0:0:0:50:snare.wav
109,192,44937,1,0,0:0:0:0:
182,192,44937,128,0,45022:0:0:0:0:
402,192,44937,1,0,0:0:0:0:
329,192,45022,1,0,0:0:0:0:
36,192,45106,1,0,0:0:0:50:kick.wav
182,192,45106,1,0,0:0:0:0:
402,192,45106,128,0,45191:0:0:0:0:
475,192,45106,1,0,0:0:0:0:
256,192,45191,1,0,0:0:0:0:
329,192,45276,128,0,45361:0:0:0:0:
475,192,45276,1,0,0:0:0:0:
36,192,45361,1,0,0:0:0:0:
182,192,45361,1,0,0:0:0:0:
256,192,45361,1,0,0:0:0:0:
109,192,45445,128,0,45530:0:0:0:50:snare.wav
329,192,45445,1,0,0:0:0:0:
402,192,45445,1,0,0:0:0:0:
475,192,45445,1,0,0:0:0:0:
36,192,45615,1,0,0:0:0:50:snare.wav
182,192,45615,1,0,0:0:0:0:
329,192,45615,128,0,45700:0:0:0:0:
475,192,45615,1,0,0:0:0:0:
182,192,45784,128,0,45869:0:0:0:50:snare.wav
329,192,45784,1,0,0:0:0:0:
475,192,45784,1,0,0:0:0:0:
36,192,45869,1,0,0:0:0:50:snare.wav
109,192,45869,1,0,0:0:0:0:
329,192,45954,1,0,0:0:0:50:snare.wav
402,192,45954,128,0,46039:0:0:0:0:
475,192,45954,1,0,0:0:0:0:
109,192,46039,1,0,0:0:0:50:snare.wav
182,192,46039,1,0,0:0:0:0:
36,192,46123,128,0,46293:0:0:0:50:cymbal.wav
256,192,46123,1,0,0:0:0:0:
329,192,46123,128,0,46293:0:0:0:0:
475,192,46123,128,0,46293:0:0:0:0:
36,192,46462,1,0,0:0:0:50:kick.wav
109,192,46462,128,0,46632:0:0:0:50:snare.wav
256,192,46462,128,0,46632:0:0:0:0:
402,192,46462,128,0,46632:0:0:0:0:
36,192,46801,128,0,47055:0:0:0:50:kick.wav
182,192,46801,128,0,46886:0:0:0:0:
475,192,46801,1,0,0:0:0:0:
182,192,46971,128,0,47055:0:0:0:100:hihat1.wav
329,192,46971,128,0,47055:0:0:0:0:
109,192,47140,128,0,47479:0:0:0:50:kick.wav
256,192,47140,128,0,47225:0:0:0:50:snare.wav
402,192,47140,1,0,0:0:0:0:
475,192,47140,1,0,0:0:0:0:
256,192,47310,128,0,47479:0:0:0:100:hihat1.wav
402,192,47310,128,0,47479:0:0:0:0:
475,192,47310,128,0,47479:0:0:0:0:
36,192,47479,1,0,0:0:0:50:kick.wav
256,192,47649,128,0,47818:0:0:0:100:hihat1.wav
402,192,47649,128,0,47818:0:0:0:0:
475,192,47649,128,0,47818:0:0:0:0:
36,192,47818,1,0,0:0:0:50:kick.wav
182,192,47818,1,0,0:0:0:50:snare.wav
329,192,47818,1,0,0:0:0:0:
109,192,47988,128,0,48157:0:0:0:100:hihat1.wav
256,192,47988,128,0,48157:0:0:0:0:
329,192,47988,128,0,48157:0:0:0:0:
36,192,48157,1,0,0:0:0:50:kick.wav
475,192,48157,1,0,0:0:0:0:
182,192,48327,128,0,48411:0:0:0:100:hihat1.wav
329,192,48327,128,0,48411:0:0:0:0:
475,192,48327,128,0,48750:0:0:0:0:
109,192,48496,128,0,48581:0:0:0:50:kick.wav
256,192,48496,128,0,48581:0:0:0:50:snare.wav
402,192,48496,128,0,48750:0:0:0:0:
36,192,48666,128,0,48750:0:0:0:100:hihat1.wav
182,192,48666,128,0,48750:0:0:0:0:
329,192,48666,128,0,48750:0:0:0:0:
36,192,48835,1,0,0:0:0:50:kick.wav
256,192,48835,1,0,0:0:0:0:
402,192,48835,1,0,0:0:0:0:
475,192,48835,1,0,0:0:0:0:
36,192,49174,128,0,49598:0:0:0:50:kick.wav
182,192,49174,128,0,49259:0:0:0:50:snare.wav
329,192,49174,128,0,49259:0:0:0:0:
475,192,49174,1,0,0:0:0:0:
109,192,49344,128,0,49598:0:0:0:100:hihat1.wav
256,192,49344,128,0,49598:0:0:0:0:
475,192,49344,128,0,49767:0:0:0:0:
402,192,49513,128,0,49767:0:0:0:50:kick.wav
36,192,49683,128,0,49767:0:0:0:100:hihat1.wav
182,192,49683,128,0,49767:0:0:0:0:
109,192,49852,1,0,0:0:0:50:kick.wav
256,192,49852,1,0,0:0:0:50:snare.wav
402,192,49852,1,0,0:0:0:0:
475,192,49852,1,0,0:0:0:0:
109,192,50022,128,0,50191:0:0:0:100:hihat1.wav
256,192,50022,128,0,50191:0:0:0:0:
329,192,50191,1,0,0:0:0:50:kick.wav
475,192,50191,1,0,0:0:0:0:
182,192,50361,128,0,50445:0:0:0:100:hihat1.wav
329,192,50361,128,0,50445:0:0:0:0:
475,192,50361,128,0,51123:0:0:0:0:
109,192,50530,128,0,50615:0:0:0:50:kick.wav
256,192,50530,128,0,50615:0:0:0:50:snare.wav
402,192,50530,128,0,50784:0:0:0:0:
36,192,50700,128,0,50784:0:0:0:100:hihat1.wav
182,192,50700,128,0,50784:0:0:0:0:
36,192,50869,128,0,51378:0:0:0:50:kick.wav
182,192,50869,128,0,50954:0:0:0:0:
329,192,50869,128,0,50954:0:0:0:0:
109,192,51039,128,0,51378:0:0:0:100:hihat1.wav
256,192,51039,128,0,51123:0:0:0:0:
402,192,51039,128,0,51123:0:0:0:0:
182,192,51208,128,0,51378:0:0:0:50:kick.wav
329,192,51208,128,0,51378:0:0:0:50:snare.wav
475,192,51208,128,0,51378:0:0:0:0:
36,192,51547,128,0,51716:0:0:0:50:kick.wav
182,192,51547,128,0,51716:0:0:0:0:
256,192,51547,1,0,0:0:0:0:
475,192,51547,128,0,51716:0:0:0:0:
109,192,51886,128,0,52055:0:0:0:50:kick.wav
256,192,51886,128,0,52055:0:0:0:50:snare.wav
402,192,51886,128,0,52055:0:0:0:0:
475,192,51886,1,0,0:0:0:0:
36,192,52225,1,0,0:0:0:50:kick.wav
329,192,52225,128,0,52310:0:0:0:0:
475,192,52225,128,0,52479:0:0:0:0:
182,192,52394,128,0,52479:0:0:0:100:hihat1.wav
329,192,52394,128,0,52479:0:0:0:0:
36,192,52564,1,0,0:0:0:50:kick.wav
109,192,52564,1,0,0:0:0:50:snare.wav
256,192,52564,128,0,52649:0:0:0:0:
402,192,52564,128,0,52903:0:0:0:0:
36,192,52733,128,0,52903:0:0:0:100:hihat1.wav
109,192,52733,128,0,52903:0:0:0:0:
256,192,52733,128,0,52903:0:0:0:0:
329,192,52903,1,0,0:0:0:50:kick.wav
475,192,52903,1,0,0:0:0:0:
36,192,53072,128,0,53242:0:0:0:100:hihat1.wav
109,192,53072,128,0,53242:0:0:0:0:
256,192,53072,128,0,53242:0:0:0:0:
182,192,53242,1,0,0:0:0:50:kick.wav
329,192,53242,1,0,0:0:0:50:snare.wav
475,192,53242,1,0,0:0:0:0:
182,192,53411,128,0,53581:0:0:0:100:hihat1.wav
256,192,53411,128,0,53581:0:0:0:0:
402,192,53411,128,0,53581:0:0:0:0:
36,192,53581,1,0,0:0:0:50:kick.wav
475,192,53581,1,0,0:0:0:0:
36,192,53750,128,0,54174:0:0:0:100:hihat1.wav
182,192,53750,128,0,53835:0:0:0:0:
329,192,53750,128,0,53835:0:0:0:0:
109,192,53920,128,0,54174:0:0:0:50:kick.wav
256,192,53920,128,0,54005:0:0:0:50:snare.wav
402,192,53920,128,0,54005:0:0:0:0:
182,192,54089,128,0,54174:0:0:0:100:hihat1.wav
329,192,54089,128,0,54174:0:0:0:0:
475,192,54089,128,0,54174:0:0:0:0:
36,192,54259,1,0,0:0:0:50:kick.wav
109,192,54259,1,0,0:0:0:0:
256,192,54259,1,0,0:0:0:0:
475,192,54259,1,0,0:0:0:0:
36,192,54598,1,0,0:0:0:50:kick.wav
182,192,54598,128,0,54683:0:0:0:50:snare.wav
329,192,54598,128,0,54683:0:0:0:0:
475,192,54598,128,0,55022:0:0:0:0:
36,192,54767,128,0,55191:0:0:0:100:hihat1.wav
256,192,54767,128,0,55022:0:0:0:0:
402,192,54767,128,0,55022:0:0:0:0:
109,192,54937,128,0,55191:0:0:0:50:kick.wav
329,192,55106,128,0,55191:0:0:0:100:hihat1.wav
475,192,55106,128,0,55191:0:0:0:0:
36,192,55276,1,0,0:0:0:50:kick.wav
109,192,55276,1,0,0:0:0:50:snare.wav
256,192,55276,1,0,0:0:0:0:
402,192,55276,1,0,0:0:0:0:
256,192,55445,128,0,55615:0:0:0:100:hihat1.wav
402,192,55445,128,0,55615:0:0:0:0:
36,192,55615,1,0,0:0:0:50:kick.wav
182,192,55615,1,0,0:0:0:0:
36,192,55784,128,0,56547:0:0:0:100:hihat1.wav
182,192,55784,128,0,55869:0:0:0:0:
329,192,55784,128,0,55869:0:0:0:0:
109,192,55954,128,0,56208:0:0:0:50:kick.wav
256,192,55954,128,0,56039:0:0:0:50:snare.wav
402,192,55954,128,0,56039:0:0:0:0:
329,192,56123,128,0,56208:0:0:0:100:hihat1.wav
475,192,56123,128,0,56208:0:0:0:0:
182,192,56293,128,0,56378:0:0:0:50:kick.wav
329,192,56293,128,0,56378:0:0:0:0:
475,192,56293,128,0,56801:0:0:0:0:
109,192,56462,128,0,56547:0:0:0:100:hihat1.wav
256,192,56462,128,0,56547:0:0:0:0:
402,192,56462,128,0,56801:0:0:0:0:
36,192,56632,128,0,56801:0:0:0:50:kick.wav
182,192,56632,128,0,56801:0:0:0:50:snare.wav
329,192,56632,128,0,56801:0:0:0:0:
36,192,56971,1,0,0:0:0:0:
256,192,56971,128,0,57084:0:0:0:0:
109,192,57027,1,0,0:0:0:0:
329,192,57027,128,0,57140:0:0:0:0:
182,192,57084,1,0,0:0:0:0:
402,192,57084,128,0,57197:0:0:0:0:
256,192,57140,1,0,0:0:0:0:
475,192,57140,128,0,57253:0:0:0:0:
329,192,57197,1,0,0:0:0:0:
402,192,57253,1,0,0:0:0:0:
36,192,57310,128,0,58327:0:0:0:50:snare.wav
109,192,57310,128,0,57479:0:0:0:50:cymbal.wav
256,192,57310,128,0,57479:0:0:0:0:
475,192,57310,1,0,0:0:0:0:
402,192,57479,1,0,0:0:0:100:hihat1.wav
109,192,57649,1,0,0:0:0:50:kick.wav
256,192,57649,128,0,57733:0:0:0:0:
475,192,57649,1,0,0:0:0:0:
182,192,57818,1,0,0:0:0:100:hihat1.wav
329,192,57818,128,0,57903:0:0:0:0:
109,192,57988,1,0,0:0:0:50:kick.wav
256,192,57988,1,0,0:0:0:50:snare.wav
402,192,57988,128,0,58072:0:0:0:0:
329,192,58157,128,0,58327:0:0:0:100:hihat1.wav
475,192,58157,128,0,58327:0:0:0:0:
109,192,58327,1,0,0:0:0:50:kick.wav
182,192,58327,1,0,0:0:0:0:
109,192,58496,128,0,58581:0:0:0:100:hihat1.wav
329,192,58496,128,0,58666:0:0:0:0:
475,192,58496,128,0,58666:0:0:0:0:
36,192,58666,1,0,0:0:0:50:kick.wav
256,192,58666,128,0,58750:0:0:0:50:snare.wav
402,192,58666,1,0,0:0:0:0:
36,192,58835,128,0,59005:0:0:0:100:hihat1.wav
182,192,58835,128,0,59005:0:0:0:0:
402,192,58835,128,0,58920:0:0:0:0:
256,192,59005,128,0,59089:0:0:0:50:kick.wav
329,192,59005,1,0,0:0:0:0:
475,192,59005,1,0,0:0:0:0:
109,192,59174,128,0,59259:0:0:0:100:hihat1.wav
256,192,59174,128,0,59259:0:0:0:0:
475,192,59174,128,0,59428:0:0:0:0:
36,192,59344,128,0,59598:0:0:0:50:kick.wav
182,192,59344,128,0,59428:0:0:0:50:snare.wav
329,192,59344,128,0,59428:0:0:0:0:
109,192,59513,128,0,59598:0:0:0:100:hihat1.wav
256,192,59513,128,0,59598:0:0:0:0:
402,192,59513,128,0,59598:0:0:0:0:
36,192,59683,1,0,0:0:0:50:kick.wav
109,192,59683,1,0,0:0:0:0:
329,192,59683,1,0,0:0:0:0:
475,192,59683,128,0,60361:0:0:0:0:
256,192,59852,1,0,0:0:0:100:hihat1.wav
36,192,60022,128,0,60106:0:0:0:50:kick.wav
182,192,60022,1,0,0:0:0:50:snare.wav
402,192,60022,1,0,0:0:0:0:
36,192,60191,128,0,60276:0:0:0:100:hihat1.wav
329,192,60191,1,0,0:0:0:0:
36,192,60361,1,0,0:0:0:50:kick.wav
256,192,60361,128,0,60445:0:0:0:0:
402,192,60361,1,0,0:0:0:0:
182,192,60530,128,0,60615:0:0:0:100:hihat1.wav
329,192,60530,1,0,0:0:0:0:
109,192,60700,128,0,60784:0:0:0:50:kick.wav
256,192,60700,1,0,0:0:0:50:snare.wav
475,192,60700,1,0,0:0:0:0:
36,192,60869,128,0,61123:0:0:0:100:hihat1.wav
256,192,60869,128,0,62225:0:0:0:0:
475,192,60869,128,0,61123:0:0:0:0:
182,192,61039,1,0,0:0:0:50:kick.wav
329,192,61039,1,0,0:0:0:0:
36,192,61208,1,0,0:0:0:100:hihat1.wav
475,192,61208,1,0,0:0:0:0:
36,192,61378,128,0,61632:0:0:0:50:kick.wav
475,192,61378,128,0,61632:0:0:0:50:snare.wav
182,192,61547,128,0,61801:0:0:0:100:hihat1.wav
329,192,61547,128,0,61801:0:0:0:0:
36,192,61716,128,0,61801:0:0:0:50:kick.wav
475,192,61716,128,0,61801:0:0:0:0:
109,192,61886,128,0,61971:0:0:0:100:hihat1.wav
402,192,61886,128,0,61971:0:0:0:0:
36,192,62055,128,0,62225:0:0:0:50:kick.wav
182,192,62055,128,0,62225:0:0:0:50:snare.wav
329,192,62055,128,0,62225:0:0:0:0:
475,192,62055,128,0,62225:0:0:0:0:
36,192,62394,128,0,62733:0:0:0:50:kick.wav
109,192,62394,128,0,62733:0:0:0:50:cymbal.wav
256,192,62394,128,0,62649:0:0:0:0:
402,192,62394,128,0,62733:0:0:0:0:
475,192,62394,128,0,62733:0:0:0:0:
256,192,62733,1,0,0:0:0:0:
109,192,62903,1,0,0:0:0:50:kick.wav
402,192,62903,1,0,0:0:0:0:
36,192,63072,128,0,63411:0:0:0:50:snare.wav
182,192,63072,128,0,63242:0:0:0:0:
329,192,63072,128,0,63242:0:0:0:0:
475,192,63072,128,0,63411:0:0:0:0:
256,192,63242,1,0,0:0:0:0:
182,192,63411,128,0,63496:0:0:0:0:
329,192,63411,128,0,63496:0:0:0:0:
109,192,63581,128,0,63666:0:0:0:0:
402,192,63581,128,0,63666:0:0:0:0:
36,192,63750,128,0,63920:0:0:0:50:kick.wav
182,192,63750,1,0,0:0:0:0:
329,192,63750,1,0,0:0:0:0:
475,192,63750,1,0,0:0:0:0:
256,192,63835,1,0,0:0:0:0:
182,192,63920,1,0,0:0:0:0:
36,192,64005,1,0,0:0:0:50:kick.wav
329,192,64005,1,0,0:0:0:0:
402,192,64005,1,0,0:0:0:0:
475,192,64005,128,0,64174:0:0:0:0:
109,192,64089,1,0,0:0:0:0:
329,192,64174,1,0,0:0:0:0:
36,192,64259,128,0,64428:0:0:0:50:kick.wav
109,192,64259,1,0,0:0:0:0:
182,192,64259,1,0,0:0:0:0:
475,192,64259,1,0,0:0:0:0:
256,192,64344,1,0,0:0:0:0:
109,192,64428,1,0,0:0:0:50:snare.wav
329,192,64428,1,0,0:0:0:0:
475,192,64428,1,0,0:0:0:0:
182,192,64513,1,0,0:0:0:0:
36,192,64598,1,0,0:0:0:0:
256,192,64598,128,0,64683:0:0:0:0:
402,192,64598,1,0,0:0:0:0:
475,192,64683,1,0,0:0:0:0:
109,192,64767,1,0,0:0:0:0:
182,192,64767,128,0,64852:0:0:0:0:
329,192,64767,1,0,0:0:0:0:
402,192,64852,1,0,0:0:0:0:
109,192,64937,128,0,65022:0:0:0:0:
256,192,64937,1,0,0:0:0:0:
475,192,64937,1,0,0:0:0:0:
329,192,65022,1,0,0:0:0:0:
36,192,65106,1,0,0:0:0:50:kick.wav
109,192,65106,1,0,0:0:0:0:
182,192,65106,1,0,0:0:0:0:
475,192,65106,1,0,0:0:0:0:
402,192,65191,1,0,0:0:0:0:
109,192,65276,1,0,0:0:0:0:
256,192,65276,1,0,0:0:0:0:
329,192,65361,1,0,0:0:0:0:
36,192,65445,1,0,0:0:0:50:kick.wav
182,192,65445,1,0,0:0:0:50:snare.wav
402,192,65445,1,0,0:0:0:0:
475,192,65445,1,0,0:0:0:0:
256,192,65530,1,0,0:0:0:0:
109,192,65615,1,0,0:0:0:0:
329,192,65615,1,0,0:0:0:0:
475,192,65615,1,0,0:0:0:0:
182,192,65700,1,0,0:0:0:0:
36,192,65784,1,0,0:0:0:50:kick.wav
109,192,65784,1,0,0:0:0:0:
256,192,65784,1,0,0:0:0:0:
475,192,65784,1,0,0:0:0:0:
402,192,65869,1,0,0:0:0:0:
109,192,65954,1,0,0:0:0:0:
182,192,65954,1,0,0:0:0:0:
329,192,65954,1,0,0:0:0:0:
402,192,66039,1,0,0:0:0:0:
36,192,66123,1,0,0:0:0:50:kick.wav
256,192,66123,1,0,0:0:0:50:snare.wav
329,192,66123,1,0,0:0:0:0:
475,192,66123,1,0,0:0:0:0:
182,192,66208,1,0,0:0:0:0:
36,192,66293,1,0,0:0:0:0:
329,192,66293,1,0,0:0:0:0:
402,192,66293,1,0,0:0:0:0:
182,192,66378,1,0,0:0:0:0:
36,192,66462,1,0,0:0:0:50:kick.wav
256,192,66462,1,0,0:0:0:50:LR_Chm Fast.wav
475,192,66462,1,0,0:0:0:0:
402,192,66547,1,0,0:0:0:0:
256,192,66632,1,0,0:0:0:0:
475,192,66632,128,0,66716:0:0:0:0:
329,192,66716,1,0,0:0:0:0:
109,192,66801,1,0,0:0:0:0:
402,192,66801,128,0,66886:0:0:0:0:
36,192,66886,1,0,0:0:0:0:
182,192,66971,1,0,0:0:0:0:
329,192,66971,128,0,67055:0:0:0:0:
256,192,67055,1,0,0:0:0:0:
36,192,67140,128,0,67225:0:0:0:0:
329,192,67140,1,0,0:0:0:0:
182,192,67225,1,0,0:0:0:0:
109,192,67310,128,0,67394:0:0:0:0:
402,192,67310,1,0,0:0:0:0:
256,192,67394,1,0,0:0:0:0:
182,192,67479,128,0,67564:0:0:0:0:
475,192,67479,1,0,0:0:0:0:
329,192,67564,1,0,0:0:0:0:
36,192,67649,1,0,0:0:0:0:
256,192,67649,128,0,67733:0:0:0:0:
182,192,67733,1,0,0:0:0:0:
36,192,67818,1,0,0:0:0:50:kick.wav
109,192,67818,1,0,0:0:0:50:cymbal.wav
329,192,67818,1,0,0:0:0:0:
475,192,67818,1,0,0:0:0:0:
182,192,67988,128,0,68072:0:0:0:0:
329,192,68157,128,0,68242:0:0:0:0:
109,192,68327,128,0,68411:0:0:0:0:
402,192,68327,128,0,68581:0:0:0:0:
256,192,68496,128,0,68581:0:0:0:0:
329,192,68666,128,0,68750:0:0:0:0:
256,192,68835,128,0,69089:0:0:0:0:
475,192,68835,128,0,68920:0:0:0:0:
109,192,69005,128,0,69089:0:0:0:0:
256,192,69174,1,0,0:0:0:50:LR_Chm Fast.wav
402,192,69344,128,0,69428:0:0:0:0:
182,192,69513,128,0,69767:0:0:0:0:
329,192,69683,128,0,69767:0:0:0:0:
36,192,69852,128,0,70106:0:0:0:0:
109,192,70022,128,0,70106:0:0:0:0:
256,192,70191,128,0,70276:0:0:0:0:
402,192,70361,128,0,70445:0:0:0:0:
182,192,70530,128,0,70615:0:0:0:0:
475,192,70530,128,0,70784:0:0:0:0:
109,192,70700,128,0,70784:0:0:0:0:
329,192,70869,128,0,70954:0:0:0:0:
36,192,71039,128,0,71293:0:0:0:0:
182,192,71039,128,0,71123:0:0:0:0:
329,192,71208,128,0,71293:0:0:0:0:
256,192,71378,128,0,71462:0:0:0:0:
109,192,71547,128,0,71801:0:0:0:0:
402,192,71547,128,0,71632:0:0:0:0:
182,192,71716,128,0,71801:0:0:0:0:
329,192,71801,128,0,71886:0:0:0:0:
36,192,71886,1,0,0:0:0:50:LR_Chm Fast.wav
475,192,71886,128,0,71971:0:0:0:0:
256,192,72055,128,0,72140:0:0:0:0:
329,192,72225,128,0,72310:0:0:0:0:
402,192,72394,128,0,72479:0:0:0:0:
475,192,72564,128,0,72818:0:0:0:0:
256,192,72733,128,0,72818:0:0:0:0:
402,192,72903,128,0,72988:0:0:0:0:
109,192,73072,128,0,73157:0:0:0:0:
36,192,73242,128,0,74513:0:0:0:50:LR_Chm Fast.wav
256,192,73242,128,0,74513:0:0:0:0:
475,192,73242,128,0,75954:0:0:0:0:
109,192,74598,128,0,76971:0:0:0:50:LR_Chm Fast.wav
256,192,74598,128,0,76632:0:0:0:0:
402,192,74598,128,0,76293:0:0:0:0:
36,192,75954,128,0,77310:0:0:0:0:
475,192,77310,1,0,0:0:0:0:
329,192,77366,1,0,0:0:0:0:
182,192,77423,1,0,0:0:0:0:
36,192,77479,1,0,0:0:0:0:
402,192,77479,128,0,77564:0:0:0:0:
329,192,77564,128,0,77649:0:0:0:0:
36,192,77649,1,0,0:0:0:0:
475,192,77649,128,0,77733:0:0:0:0:
182,192,77705,1,0,0:0:0:0:
329,192,77762,1,0,0:0:0:0:
109,192,77818,1,0,0:0:0:0:
475,192,77818,1,0,0:0:0:0:
182,192,77903,1,0,0:0:0:0:
36,192,77988,1,0,0:0:0:0:
475,192,77988,1,0,0:0:0:0:
402,192,78030,1,0,0:0:0:0:
182,192,78072,1,0,0:0:0:0:
329,192,78072,1,0,0:0:0:0:
36,192,78157,1,0,0:0:0:0:
475,192,78157,1,0,0:0:0:0:
109,192,78200,1,0,0:0:0:0:
182,192,78242,1,0,0:0:0:0:
329,192,78242,1,0,0:0:0:0:
36,192,78327,1,0,0:0:0:0:
475,192,78327,1,0,0:0:0:0:
402,192,78369,1,0,0:0:0:0:
182,192,78411,1,0,0:0:0:0:
329,192,78411,1,0,0:0:0:0:
36,192,78496,1,0,0:0:0:0:
475,192,78496,1,0,0:0:0:0:
109,192,78539,1,0,0:0:0:0:
182,192,78581,1,0,0:0:0:0:
329,192,78581,1,0,0:0:0:0:
36,192,78666,128,0,78920:0:0:0:50:kick.wav
109,192,78666,1,0,0:0:0:50:cymbal.wav
256,192,78666,1,0,0:0:0:0:
402,192,78666,128,0,79005:0:0:0:0:
475,192,78666,128,0,79005:0:0:0:0:
36,192,79005,128,0,79089:0:0:0:0:
182,192,79005,128,0,79089:0:0:0:0:
36,192,79174,128,0,79513:0:0:0:50:kick.wav
109,192,79174,128,0,79513:0:0:0:50:cymbal.wav
256,192,79174,1,0,0:0:0:0:
402,192,79174,1,0,0:0:0:0:
475,192,79174,1,0,0:0:0:0:
329,192,79344,1,0,0:0:0:0:
475,192,79344,128,0,79683:0:0:0:0:
182,192,79428,1,0,0:0:0:0:
329,192,79513,1,0,0:0:0:0:
402,192,79513,128,0,79683:0:0:0:0:
182,192,79598,1,0,0:0:0:0:
36,192,79683,1,0,0:0:0:0:
329,192,79683,1,0,0:0:0:0:
182,192,79767,1,0,0:0:0:0:
36,192,79852,1,0,0:0:0:0:
329,192,79852,128,0,79937:0:0:0:0:
475,192,79852,128,0,79937:0:0:0:0:
182,192,79937,1,0,0:0:0:0:
36,192,80022,1,0,0:0:0:0:
329,192,80022,1,0,0:0:0:0:
475,192,80022,1,0,0:0:0:0:
256,192,80191,1,0,0:0:0:0:
256,192,80276,1,0,0:0:0:0:
36,192,80361,1,0,0:0:0:0:
182,192,80361,128,0,80445:0:0:0:0:
475,192,80361,1,0,0:0:0:0:
256,192,80530,1,0,0:0:0:0:
402,192,80530,128,0,80615:0:0:0:0:
182,192,80700,1,0,0:0:0:0:
329,192,80700,128,0,80784:0:0:0:0:
475,192,80700,1,0,0:0:0:0:
109,192,80869,1,0,0:0:0:0:
256,192,80869,128,0,80954:0:0:0:0:
182,192,81039,128,0,81123:0:0:0:0:
475,192,81039,1,0,0:0:0:0:
329,192,81123,1,0,0:0:0:0:
109,192,81208,128,0,81293:0:0:0:0:
402,192,81208,1,0,0:0:0:0:
256,192,81293,1,0,0:0:0:0:
36,192,81378,128,0,81716:0:0:0:50:kick.wav
109,192,81378,128,0,81716:0:0:0:50:cymbal.wav
182,192,81378,1,0,0:0:0:0:
329,192,81378,1,0,0:0:0:0:
475,192,81378,128,0,81632:0:0:0:0:
329,192,81716,128,0,81801:0:0:0:0:
475,192,81716,128,0,81801:0:0:0:0:
36,192,81886,1,0,0:0:0:50:kick.wav
109,192,81886,1,0,0:0:0:50:cymbal.wav
256,192,81886,1,0,0:0:0:0:
402,192,81886,128,0,82225:0:0:0:0:
475,192,81886,128,0,82225:0:0:0:0:
36,192,82055,128,0,82394:0:0:0:0:
182,192,82055,1,0,0:0:0:0:
329,192,82140,1,0,0:0:0:0:
109,192,82225,128,0,82394:0:0:0:0:
182,192,82225,1,0,0:0:0:0:
329,192,82310,1,0,0:0:0:0:
182,192,82394,1,0,0:0:0:0:
475,192,82394,1,0,0:0:0:0:
329,192,82479,1,0,0:0:0:0:
36,192,82564,128,0,82649:0:0:0:0:
182,192,82564,128,0,82649:0:0:0:0:
475,192,82564,1,0,0:0:0:0:
329,192,82649,1,0,0:0:0:0:
36,192,82733,1,0,0:0:0:0:
182,192,82733,1,0,0:0:0:0:
475,192,82733,1,0,0:0:0:0:
256,192,82903,1,0,0:0:0:0:
256,192,82988,1,0,0:0:0:0:
36,192,83072,1,0,0:0:0:0:
329,192,83072,128,0,83157:0:0:0:0:
475,192,83072,1,0,0:0:0:0:
109,192,83242,128,0,83327:0:0:0:0:
256,192,83242,1,0,0:0:0:0:
36,192,83411,1,0,0:0:0:0:
182,192,83411,128,0,83496:0:0:0:0:
329,192,83411,1,0,0:0:0:0:
256,192,83581,128,0,83666:0:0:0:0:
402,192,83581,1,0,0:0:0:0:
36,192,83750,1,0,0:0:0:0:
329,192,83750,128,0,83835:0:0:0:0:
109,192,83920,1,0,0:0:0:0:
402,192,83920,128,0,84005:0:0:0:0:
36,192,84089,1,0,0:0:0:50:kick.wav
182,192,84089,1,0,0:0:0:50:cymbal.wav
256,192,84089,1,0,0:0:0:0:
329,192,84089,1,0,0:0:0:0:
475,192,84089,1,0,0:0:0:0:
109,192,84259,1,0,0:0:0:0:
36,192,84428,1,0,0:0:0:50:snare.wav
182,192,84428,1,0,0:0:0:0:
329,192,84428,1,0,0:0:0:0:
475,192,84428,1,0,0:0:0:0:
402,192,84598,1,0,0:0:0:0:
36,192,84767,1,0,0:0:0:50:snare.wav
329,192,84767,1,0,0:0:0:0:
475,192,84767,1,0,0:0:0:0:
109,192,84937,1,0,0:0:0:0:
329,192,85022,1,0,0:0:0:50:snare.wav
475,192,85022,1,0,0:0:0:0:
36,192,85106,1,0,0:0:0:0:
182,192,85106,1,0,0:0:0:0:
256,192,85106,1,0,0:0:0:0:
402,192,85106,1,0,0:0:0:0:
109,192,85276,1,0,0:0:0:50:snare.wav
329,192,85276,1,0,0:0:0:0:
475,192,85276,1,0,0:0:0:0:
36,192,85445,1,0,0:0:0:50:snare.wav
182,192,85445,1,0,0:0:0:0:
402,192,85445,1,0,0:0:0:0:
182,192,85615,1,0,0:0:0:0:
329,192,85615,1,0,0:0:0:0:
475,192,85615,1,0,0:0:0:0:
36,192,85784,1,0,0:0:0:50:snare.wav
109,192,85784,1,0,0:0:0:0:
256,192,85784,1,0,0:0:0:0:
475,192,85784,1,0,0:0:0:0:
402,192,85954,1,0,0:0:0:0:
36,192,86123,1,0,0:0:0:50:snare.wav
182,192,86123,1,0,0:0:0:0:
329,192,86123,1,0,0:0:0:0:
402,192,86293,1,0,0:0:0:0:
36,192,86378,1,0,0:0:0:50:snare.wav
182,192,86378,1,0,0:0:0:0:
109,192,86462,1,0,0:0:0:0:
256,192,86462,1,0,0:0:0:0:
329,192,86462,1,0,0:0:0:0:
475,192,86462,1,0,0:0:0:0:
36,192,86632,1,0,0:0:0:50:snare.wav
182,192,86632,1,0,0:0:0:0:
329,192,86632,1,0,0:0:0:0:
36,192,86801,1,0,0:0:0:50:snare.wav
256,192,86801,128,0,88157:0:0:0:0:
402,192,86801,1,0,0:0:0:0:
475,192,86801,1,0,0:0:0:0:
182,192,86971,1,0,0:0:0:50:snare.wav
402,192,86971,1,0,0:0:0:0:
475,192,86971,1,0,0:0:0:0:
36,192,87140,1,0,0:0:0:50:snare.wav
109,192,87140,1,0,0:0:0:0:
329,192,87140,1,0,0:0:0:0:
475,192,87140,1,0,0:0:0:0:
36,192,87310,1,0,0:0:0:50:snare.wav
109,192,87310,1,0,0:0:0:0:
475,192,87310,1,0,0:0:0:0:
36,192,87479,1,0,0:0:0:50:snare.wav
402,192,87479,1,0,0:0:0:0:
475,192,87479,1,0,0:0:0:0:
182,192,87649,1,0,0:0:0:50:snare.wav
402,192,87649,1,0,0:0:0:0:
475,192,87649,1,0,0:0:0:0:
36,192,87818,1,0,0:0:0:50:snare.wav
109,192,87818,1,0,0:0:0:0:
329,192,87818,1,0,0:0:0:0:
475,192,87818,1,0,0:0:0:0:
36,192,87988,1,0,0:0:0:50:snare.wav
109,192,87988,1,0,0:0:0:0:
475,192,87988,1,0,0:0:0:0:
329,192,88157,1,0,0:0:0:50:snare.wav
475,192,88157,1,0,0:0:0:0:
36,192,88242,1,0,0:0:0:50:snare.wav
182,192,88242,1,0,0:0:0:0:
329,192,88327,1,0,0:0:0:50:snare.wav
402,192,88327,1,0,0:0:0:0:
475,192,88327,1,0,0:0:0:0:
36,192,88411,1,0,0:0:0:50:snare.wav
182,192,88411,1,0,0:0:0:0:
256,192,88496,1,0,0:0:0:50:snare.wav
329,192,88496,1,0,0:0:0:0:
402,192,88496,1,0,0:0:0:0:
36,192,88581,1,0,0:0:0:50:snare.wav
109,192,88581,1,0,0:0:0:0:
182,192,88666,1,0,0:0:0:50:snare.wav
256,192,88666,1,0,0:0:0:0:
329,192,88666,1,0,0:0:0:0:
402,192,88750,1,0,0:0:0:50:snare.wav
475,192,88750,1,0,0:0:0:0:
36,192,88835,1,0,0:0:0:50:snare.wav
182,192,88835,1,0,0:0:0:0:
329,192,88920,1,0,0:0:0:50:snare.wav
475,192,88920,1,0,0:0:0:0:
36,192,89005,1,0,0:0:0:50:snare.wav
182,192,89005,1,0,0:0:0:0:
329,192,89089,1,0,0:0:0:50:snare.wav
475,192,89089,1,0,0:0:0:0:
36,192,89174,1,0,0:0:0:50:snare.wav
109,192,89174,1,0,0:0:0:0:
182,192,89174,1,0,0:0:0:0:
329,192,89259,1,0,0:0:0:50:snare.wav
402,192,89259,1,0,0:0:0:0:
475,192,89259,1,0,0:0:0:0:
36,192,89344,1,0,0:0:0:50:snare.wav
109,192,89344,1,0,0:0:0:0:
182,192,89344,1,0,0:0:0:0:
329,192,89428,1,0,0:0:0:50:snare.wav
402,192,89428,1,0,0:0:0:0:
475,192,89428,1,0,0:0:0:0:
109,192,89513,1,0,0:0:0:0:
36,192,89767,1,0,0:0:0:0:
475,192,89767,128,0,90022:0:0:0:0:
109,192,89810,1,0,0:0:0:0:
182,192,89852,1,0,0:0:0:0:
402,192,89852,128,0,90022:0:0:0:0:
256,192,89937,128,0,90191:0:0:0:0:
36,192,90022,128,0,90276:0:0:0:0:
109,192,90106,128,0,90276:0:0:0:0:
475,192,90106,1,0,0:0:0:0:
402,192,90149,1,0,0:0:0:0:
329,192,90191,1,0,0:0:0:0:
256,192,90276,128,0,90445:0:0:0:0:
475,192,90276,128,0,90530:0:0:0:0:
402,192,90361,128,0,90530:0:0:0:0:
36,192,90445,1,0,0:0:0:0:
182,192,90445,1,0,0:0:0:0:
256,192,90530,128,0,90700:0:0:0:0:
36,192,90615,128,0,90869:0:0:0:0:
109,192,90700,128,0,90869:0:0:0:0:
329,192,90700,1,0,0:0:0:0:
475,192,90700,1,0,0:0:0:0:
182,192,90784,128,0,90869:0:0:0:0:
402,192,90869,1,0,0:0:0:50:kick.wav
475,192,90869,1,0,0:0:0:0:
329,192,91039,128,0,91123:0:0:0:0:
182,192,91123,128,0,91208:0:0:0:0:
329,192,91208,128,0,91293:0:0:0:0:
256,192,91378,128,0,91462:0:0:0:0:
36,192,91547,128,0,92055:0:0:0:0:
182,192,91547,128,0,92055:0:0:0:0:
329,192,91547,1,0,0:0:0:0:
329,192,91716,1,0,0:0:0:0:
402,192,91886,1,0,0:0:0:0:
402,192,92055,1,0,0:0:0:0:
36,192,92225,1,0,0:0:0:50:kick.wav
109,192,92225,1,0,0:0:0:0:
182,192,92225,1,0,0:0:0:0:
329,192,92225,1,0,0:0:0:0:
475,192,92225,1,0,0:0:0:0:
402,192,92310,1,0,0:0:0:0:
36,192,92394,1,0,0:0:0:0:
256,192,92394,1,0,0:0:0:0:
475,192,92394,1,0,0:0:0:0:
109,192,92479,1,0,0:0:0:0:
329,192,92479,1,0,0:0:0:0:
182,192,92564,1,0,0:0:0:50:kick.wav
402,192,92564,1,0,0:0:0:50:snare.wav
475,192,92564,128,0,92649:0:0:0:0:
109,192,92649,1,0,0:0:0:0:
36,192,92733,1,0,0:0:0:0:
329,192,92733,1,0,0:0:0:0:
402,192,92733,128,0,92818:0:0:0:0:
256,192,92818,1,0,0:0:0:0:
109,192,92903,128,0,92988:0:0:0:50:kick.wav
182,192,92903,1,0,0:0:0:0:
475,192,92903,1,0,0:0:0:0:
402,192,92988,1,0,0:0:0:0:
36,192,93072,1,0,0:0:0:0:
182,192,93072,128,0,93157:0:0:0:0:
329,192,93072,1,0,0:0:0:0:
402,192,93157,1,0,0:0:0:0:
36,192,93242,128,0,93327:0:0:0:50:kick.wav
109,192,93242,1,0,0:0:0:50:snare.wav
256,192,93242,1,0,0:0:0:0:
475,192,93242,1,0,0:0:0:0:
329,192,93327,1,0,0:0:0:0:
36,192,93411,128,0,93750:0:0:0:0:
109,192,93411,128,0,93750:0:0:0:0:
182,192,93411,1,0,0:0:0:0:
402,192,93411,1,0,0:0:0:0:
256,192,93496,1,0,0:0:0:0:
402,192,93581,1,0,0:0:0:50:kick.wav
475,192,93581,1,0,0:0:0:0:
329,192,93666,1,0,0:0:0:0:
256,192,93750,128,0,93835:0:0:0:0:
475,192,93750,128,0,93835:0:0:0:0:
109,192,93835,128,0,93920:0:0:0:0:
329,192,93835,128,0,93920:0:0:0:0:
182,192,93920,128,0,94005:0:0:0:50:kick.wav
475,192,93920,128,0,94005:0:0:0:50:snare.wav
36,192,94005,128,0,94089:0:0:0:0:
402,192,94005,128,0,94089:0:0:0:0:
109,192,94089,128,0,94174:0:0:0:0:
329,192,94089,128,0,94174:0:0:0:0:
182,192,94174,128,0,94259:0:0:0:0:
402,192,94174,128,0,94259:0:0:0:0:
36,192,94259,1,0,0:0:0:50:kick.wav
256,192,94259,1,0,0:0:0:0:
475,192,94259,1,0,0:0:0:0:
182,192,94428,1,0,0:0:0:0:
475,192,94428,1,0,0:0:0:0:
256,192,94513,1,0,0:0:0:0:
402,192,94513,1,0,0:0:0:0:
36,192,94598,128,0,94683:0:0:0:50:kick.wav
182,192,94598,128,0,94683:0:0:0:50:snare.wav
329,192,94598,128,0,94683:0:0:0:0:
109,192,94767,128,0,94852:0:0:0:0:
256,192,94767,128,0,94852:0:0:0:0:
402,192,94767,128,0,94852:0:0:0:0:
36,192,94937,128,0,95106:0:0:0:50:kick.wav
182,192,94937,128,0,95106:0:0:0:0:
329,192,94937,128,0,95106:0:0:0:0:
475,192,94937,128,0,95106:0:0:0:0:
36,192,95276,1,0,0:0:0:50:snare.wav
182,192,95276,128,0,95361:0:0:0:50:cymbal.wav
329,192,95276,1,0,0:0:0:0:
475,192,95276,1,0,0:0:0:0:
109,192,95361,1,0,0:0:0:0:
256,192,95445,1,0,0:0:0:0:
329,192,95445,128,0,95530:0:0:0:0:
475,192,95445,1,0,0:0:0:0:
182,192,95530,1,0,0:0:0:0:
36,192,95615,1,0,0:0:0:50:kick.wav
109,192,95615,1,0,0:0:0:0:
402,192,95615,128,0,95700:0:0:0:0:
256,192,95700,1,0,0:0:0:0:
109,192,95784,1,0,0:0:0:0:
329,192,95784,1,0,0:0:0:0:
475,192,95784,128,0,95869:0:0:0:0:
182,192,95869,1,0,0:0:0:0:
36,192,95954,1,0,0:0:0:50:kick.wav
329,192,95954,1,0,0:0:0:50:snare.wav
475,192,95954,1,0,0:0:0:0:
256,192,96039,1,0,0:0:0:0:
36,192,96123,1,0,0:0:0:0:
109,192,96123,1,0,0:0:0:0:
402,192,96123,128,0,96462:0:0:0:0:
475,192,96123,128,0,96462:0:0:0:0:
182,192,96208,1,0,0:0:0:0:
36,192,96293,1,0,0:0:0:50:kick.wav
329,192,96293,1,0,0:0:0:0:
256,192,96378,1,0,0:0:0:0:
36,192,96462,128,0,96547:0:0:0:0:
182,192,96462,128,0,96547:0:0:0:0:
329,192,96547,128,0,96632:0:0:0:0:
475,192,96547,128,0,96632:0:0:0:0:
109,192,96632,128,0,96716:0:0:0:50:kick.wav
256,192,96632,128,0,96716:0:0:0:50:snare.wav
182,192,96716,128,0,96801:0:0:0:0:
402,192,96716,128,0,96801:0:0:0:0:
36,192,96801,128,0,96886:0:0:0:0:
329,192,96801,128,0,96886:0:0:0:0:
256,192,96886,128,0,96971:0:0:0:0:
475,192,96886,128,0,96971:0:0:0:0:
36,192,96971,1,0,0:0:0:50:kick.wav
182,192,96971,1,0,0:0:0:0:
402,192,96971,1,0,0:0:0:0:
36,192,97140,1,0,0:0:0:0:
329,192,97140,1,0,0:0:0:0:
109,192,97225,1,0,0:0:0:0:
256,192,97225,1,0,0:0:0:0:
182,192,97310,128,0,97394:0:0:0:50:kick.wav
329,192,97310,128,0,97394:0:0:0:50:snare.wav
475,192,97310,128,0,97394:0:0:0:0:
109,192,97479,128,0,97564:0:0:0:0:
256,192,97479,128,0,97564:0:0:0:0:
402,192,97479,128,0,97564:0:0:0:0:
36,192,97649,1,0,0:0:0:50:kick.wav
182,192,97649,1,0,0:0:0:0:
329,192,97649,1,0,0:0:0:0:
475,192,97649,128,0,97903:0:0:0:0:
36,192,97818,128,0,98072:0:0:0:0:
182,192,97988,128,0,98072:0:0:0:50:kick.wav
329,192,97988,1,0,0:0:0:50:snare.wav
475,192,97988,128,0,98242:0:0:0:0:
256,192,98072,128,0,98157:0:0:0:0:
36,192,98157,128,0,98327:0:0:0:0:
329,192,98157,128,0,98242:0:0:0:0:
109,192,98327,128,0,98411:0:0:0:50:kick.wav
329,192,98327,1,0,0:0:0:0:
475,192,98327,1,0,0:0:0:0:
256,192,98411,1,0,0:0:0:0:
36,192,98496,1,0,0:0:0:0:
182,192,98496,128,0,98581:0:0:0:0:
402,192,98496,1,0,0:0:0:0:
329,192,98581,1,0,0:0:0:0:
109,192,98666,1,0,0:0:0:50:kick.wav
256,192,98666,128,0,98750:0:0:0:50:snare.wav
475,192,98666,1,0,0:0:0:0:
182,192,98750,1,0,0:0:0:0:
36,192,98835,1,0,0:0:0:0:
256,192,98835,1,0,0:0:0:0:
329,192,98835,128,0,99174:0:0:0:0:
475,192,98835,128,0,99174:0:0:0:0:
109,192,98920,1,0,0:0:0:0:
256,192,99005,1,0,0:0:0:50:kick.wav
402,192,99005,1,0,0:0:0:0:
182,192,99089,1,0,0:0:0:0:
109,192,99174,128,0,99259:0:0:0:0:
256,192,99174,128,0,99259:0:0:0:0:
36,192,99259,128,0,99344:0:0:0:0:
402,192,99259,128,0,99344:0:0:0:0:
182,192,99344,128,0,99428:0:0:0:50:kick.wav
329,192,99344,128,0,99428:0:0:0:50:snare.wav
109,192,99428,128,0,99513:0:0:0:0:
475,192,99428,128,0,99513:0:0:0:0:
256,192,99513,128,0,99598:0:0:0:0:
402,192,99513,128,0,99598:0:0:0:0:
182,192,99598,128,0,99683:0:0:0:0:
36,192,99683,1,0,0:0:0:50:kick.wav
329,192,99683,1,0,0:0:0:0:
475,192,99683,1,0,0:0:0:0:
109,192,99852,128,0,99937:0:0:0:0:
256,192,99852,128,0,99937:0:0:0:0:
402,192,99852,128,0,99937:0:0:0:0:
36,192,100022,1,0,0:0:0:50:kick.wav
182,192,100022,1,0,0:0:0:50:snare.wav
402,192,100022,1,0,0:0:0:0:
475,192,100022,1,0,0:0:0:0:
109,192,100191,128,0,100276:0:0:0:0:
256,192,100191,128,0,100276:0:0:0:0:
402,192,100191,128,0,100276:0:0:0:0:
36,192,100361,1,0,0:0:0:50:kick.wav
182,192,100361,1,0,0:0:0:0:
329,192,100361,1,0,0:0:0:0:
475,192,100361,1,0,0:0:0:0:
402,192,100445,1,0,0:0:0:0:
109,192,100530,1,0,0:0:0:0:
256,192,100530,1,0,0:0:0:0:
329,192,100615,1,0,0:0:0:0:
36,192,100700,1,0,0:0:0:50:kick.wav
182,192,100700,1,0,0:0:0:50:snare.wav
402,192,100700,1,0,0:0:0:0:
475,192,100700,1,0,0:0:0:0:
256,192,100784,1,0,0:0:0:0:
109,192,100869,1,0,0:0:0:0:
329,192,100869,1,0,0:0:0:0:
475,192,100869,1,0,0:0:0:0:
182,192,100954,1,0,0:0:0:0:
36,192,101039,1,0,0:0:0:50:kick.wav
256,192,101039,1,0,0:0:0:0:
402,192,101039,1,0,0:0:0:0:
475,192,101123,1,0,0:0:0:0:
109,192,101208,1,0,0:0:0:0:
182,192,101208,1,0,0:0:0:0:
329,192,101208,1,0,0:0:0:0:
256,192,101293,1,0,0:0:0:0:
402,192,101293,1,0,0:0:0:0:
36,192,101378,1,0,0:0:0:50:kick.wav
109,192,101378,1,0,0:0:0:50:snare.wav
329,192,101378,1,0,0:0:0:0:
475,192,101378,1,0,0:0:0:0:
182,192,101462,1,0,0:0:0:0:
36,192,101547,1,0,0:0:0:0:
256,192,101547,1,0,0:0:0:0:
402,192,101547,1,0,0:0:0:0:
329,192,101632,1,0,0:0:0:0:
36,192,101716,1,0,0:0:0:50:kick.wav
182,192,101716,1,0,0:0:0:0:
475,192,101716,128,0,101886:0:0:0:0:
109,192,101886,1,0,0:0:0:0:
329,192,101886,128,0,102140:0:0:0:0:
182,192,101971,1,0,0:0:0:0:
402,192,101971,128,0,102140:0:0:0:0:
36,192,102055,128,0,102310:0:0:0:50:kick.wav
109,192,102055,128,0,102140:0:0:0:50:snare.wav
475,192,102055,128,0,102140:0:0:0:0:
256,192,102225,128,0,102310:0:0:0:0:
36,192,102394,128,0,102479:0:0:0:50:kick.wav
182,192,102394,128,0,102479:0:0:0:0:
402,192,102394,128,0,102649:0:0:0:0:
475,192,102394,128,0,102988:0:0:0:0:
109,192,102564,128,0,102649:0:0:0:0:
256,192,102564,128,0,102649:0:0:0:0:
36,192,102733,128,0,102988:0:0:0:50:kick.wav
182,192,102733,128,0,102818:0:0:0:0:
329,192,102733,128,0,102818:0:0:0:0:
256,192,102903,128,0,102988:0:0:0:0:
402,192,102903,128,0,102988:0:0:0:0:
36,192,103072,1,0,0:0:0:50:kick.wav
182,192,103072,1,0,0:0:0:50:cymbal.wav
256,192,103072,1,0,0:0:0:0:
402,192,103072,1,0,0:0:0:0:
475,192,103072,1,0,0:0:0:0:
329,192,103157,1,0,0:0:0:0:
109,192,103242,1,0,0:0:0:0:
256,192,103242,1,0,0:0:0:0:
475,192,103242,1,0,0:0:0:0:
182,192,103327,1,0,0:0:0:0:
402,192,103327,1,0,0:0:0:0:
36,192,103411,128,0,103496:0:0:0:50:kick.wav
109,192,103411,1,0,0:0:0:50:snare.wav
329,192,103411,1,0,0:0:0:0:
402,192,103496,1,0,0:0:0:0:
109,192,103581,128,0,103666:0:0:0:0:
182,192,103581,1,0,0:0:0:0:
475,192,103581,1,0,0:0:0:0:
256,192,103666,1,0,0:0:0:0:
36,192,103750,1,0,0:0:0:50:kick.wav
329,192,103750,1,0,0:0:0:0:
402,192,103750,128,0,103835:0:0:0:0:
109,192,103835,1,0,0:0:0:0:
182,192,103920,1,0,0:0:0:0:
329,192,103920,128,0,104005:0:0:0:0:
475,192,103920,1,0,0:0:0:0:
109,192,104005,1,0,0:0:0:0:
36,192,104089,1,0,0:0:0:50:kick.wav
256,192,104089,1,0,0:0:0:50:snare.wav
402,192,104089,1,0,0:0:0:0:
475,192,104089,128,0,104174:0:0:0:0:
182,192,104174,1,0,0:0:0:0:
109,192,104259,1,0,0:0:0:0:
329,192,104259,1,0,0:0:0:0:
402,192,104259,128,0,104598:0:0:0:0:
475,192,104259,128,0,104598:0:0:0:0:
256,192,104344,1,0,0:0:0:0:
36,192,104428,1,0,0:0:0:50:kick.wav
109,192,104428,1,0,0:0:0:0:
182,192,104513,1,0,0:0:0:0:
36,192,104598,128,0,104683:0:0:0:0:
256,192,104598,128,0,104767:0:0:0:0:
182,192,104683,128,0,104852:0:0:0:0:
475,192,104683,128,0,105022:0:0:0:0:
109,192,104767,128,0,104937:0:0:0:50:kick.wav
402,192,104767,128,0,104937:0:0:0:50:snare.wav
36,192,104852,128,0,105022:0:0:0:0:
256,192,104852,128,0,104937:0:0:0:0:
329,192,104937,128,0,105022:0:0:0:0:
182,192,105022,128,0,105106:0:0:0:0:
36,192,105106,1,0,0:0:0:50:kick.wav
256,192,105106,1,0,0:0:0:0:
402,192,105106,1,0,0:0:0:0:
475,192,105106,1,0,0:0:0:0:
36,192,105276,1,0,0:0:0:0:
329,192,105276,1,0,0:0:0:0:
109,192,105361,1,0,0:0:0:0:
256,192,105361,1,0,0:0:0:0:
182,192,105445,128,0,105530:0:0:0:50:kick.wav
329,192,105445,128,0,105530:0:0:0:50:snare.wav
475,192,105445,128,0,105530:0:0:0:0:
109,192,105615,128,0,105700:0:0:0:0:
256,192,105615,128,0,105700:0:0:0:0:
402,192,105615,128,0,105700:0:0:0:0:
36,192,105784,128,0,105954:0:0:0:50:kick.wav
182,192,105784,128,0,105954:0:0:0:0:
329,192,105784,128,0,105954:0:0:0:0:
475,192,105784,128,0,105954:0:0:0:0:
36,192,106123,1,0,0:0:0:50:kick.wav
182,192,106123,1,0,0:0:0:50:cymbal.wav
256,192,106123,1,0,0:0:0:0:
329,192,106123,128,0,106208:0:0:0:50:snare.wav
475,192,106123,1,0,0:0:0:0:
402,192,106208,1,0,0:0:0:0:
36,192,106293,1,0,0:0:0:0:
182,192,106293,128,0,106378:0:0:0:0:
256,192,106293,1,0,0:0:0:0:
329,192,106378,1,0,0:0:0:0:
109,192,106462,128,0,106547:0:0:0:50:kick.wav
402,192,106462,1,0,0:0:0:0:
475,192,106462,1,0,0:0:0:0:
256,192,106547,1,0,0:0:0:0:
36,192,106632,128,0,106716:0:0:0:0:
182,192,106632,1,0,0:0:0:0:
402,192,106632,1,0,0:0:0:0:
329,192,106716,1,0,0:0:0:0:
36,192,106801,1,0,0:0:0:50:kick.wav
182,192,106801,1,0,0:0:0:50:snare.wav
475,192,106801,1,0,0:0:0:0:
256,192,106886,1,0,0:0:0:0:
36,192,106971,128,0,107310:0:0:0:0:
109,192,106971,128,0,107310:0:0:0:0:
402,192,106971,1,0,0:0:0:0:
475,192,106971,1,0,0:0:0:0:
256,192,107055,1,0,0:0:0:0:
182,192,107140,1,0,0:0:0:50:kick.wav
329,192,107140,1,0,0:0:0:0:
402,192,107225,1,0,0:0:0:0:
256,192,107310,128,0,107479:0:0:0:0:
475,192,107310,128,0,107394:0:0:0:0:
36,192,107394,128,0,107733:0:0:0:0:
329,192,107394,128,0,107564:0:0:0:0:
109,192,107479,128,0,107649:0:0:0:50:kick.wav
402,192,107479,128,0,107649:0:0:0:50:snare.wav
256,192,107564,128,0,107649:0:0:0:0:
475,192,107564,128,0,107733:0:0:0:0:
182,192,107649,128,0,107733:0:0:0:0:
329,192,107733,128,0,107818:0:0:0:0:
36,192,107818,1,0,0:0:0:50:kick.wav
109,192,107818,1,0,0:0:0:0:
256,192,107818,1,0,0:0:0:0:
475,192,107818,1,0,0:0:0:0:
182,192,107988,1,0,0:0:0:0:
475,192,107988,1,0,0:0:0:0:
256,192,108072,1,0,0:0:0:0:
402,192,108072,1,0,0:0:0:0:
36,192,108157,128,0,108242:0:0:0:50:kick.wav
182,192,108157,128,0,108242:0:0:0:50:snare.wav
329,192,108157,128,0,108242:0:0:0:0:
109,192,108327,128,0,108411:0:0:0:0:
256,192,108327,128,0,108411:0:0:0:0:
402,192,108327,128,0,108411:0:0:0:0:
36,192,108496,1,0,0:0:0:50:kick.wav
329,192,108496,1,0,0:0:0:0:
475,192,108496,1,0,0:0:0:0:
109,192,108581,1,0,0:0:0:0:
256,192,108666,1,0,0:0:0:0:
402,192,108666,1,0,0:0:0:0:
182,192,108750,1,0,0:0:0:0:
36,192,108835,1,0,0:0:0:50:kick.wav
329,192,108835,128,0,108920:0:0:0:50:snare.wav
475,192,108835,1,0,0:0:0:0:
256,192,108920,128,0,109005:0:0:0:0:
109,192,109005,1,0,0:0:0:0:
182,192,109005,128,0,109089:0:0:0:0:
402,192,109005,1,0,0:0:0:0:
329,192,109089,1,0,0:0:0:0:
36,192,109174,1,0,0:0:0:50:kick.wav
182,192,109174,1,0,0:0:0:0:
402,192,109174,128,0,109259:0:0:0:0:
256,192,109259,1,0,0:0:0:0:
109,192,109344,1,0,0:0:0:0:
329,192,109344,128,0,109428:0:0:0:0:
475,192,109344,1,0,0:0:0:0:
182,192,109428,1,0,0:0:0:0:
36,192,109513,1,0,0:0:0:50:kick.wav
256,192,109513,128,0,109598:0:0:0:50:snare.wav
402,192,109513,1,0,0:0:0:0:
329,192,109598,1,0,0:0:0:0:
36,192,109683,128,0,110022:0:0:0:0:
182,192,109683,128,0,110022:0:0:0:0:
475,192,109683,1,0,0:0:0:0:
402,192,109767,1,0,0:0:0:0:
109,192,109852,1,0,0:0:0:50:kick.wav
256,192,109852,1,0,0:0:0:0:
329,192,109937,1,0,0:0:0:0:
256,192,110022,128,0,110106:0:0:0:0:
475,192,110022,128,0,110445:0:0:0:0:
36,192,110106,128,0,110276:0:0:0:0:
402,192,110106,128,0,110361:0:0:0:0:
109,192,110191,128,0,110361:0:0:0:50:kick.wav
329,192,110191,128,0,110276:0:0:0:50:snare.wav
182,192,110276,128,0,110445:0:0:0:0:
36,192,110361,1,0,0:0:0:0:
256,192,110361,128,0,110530:0:0:0:0:
109,192,110445,1,0,0:0:0:0:
36,192,110530,128,0,110784:0:0:0:50:kick.wav
182,192,110530,1,0,0:0:0:0:
402,192,110530,1,0,0:0:0:0:
475,192,110530,1,0,0:0:0:0:
109,192,110700,128,0,110784:0:0:0:0:
256,192,110700,128,0,110784:0:0:0:0:
402,192,110700,128,0,110784:0:0:0:0:
36,192,110869,1,0,0:0:0:50:kick.wav
182,192,110869,1,0,0:0:0:50:snare.wav
329,192,110869,1,0,0:0:0:0:
475,192,110869,128,0,111123:0:0:0:0:
109,192,111039,128,0,111123:0:0:0:0:
256,192,111039,128,0,111123:0:0:0:0:
402,192,111039,128,0,111123:0:0:0:0:
36,192,111208,1,0,0:0:0:50:kick.wav
182,192,111208,1,0,0:0:0:0:
329,192,111208,1,0,0:0:0:0:
475,192,111208,1,0,0:0:0:0:
256,192,111293,1,0,0:0:0:0:
109,192,111378,1,0,0:0:0:0:
402,192,111378,1,0,0:0:0:0:
329,192,111462,1,0,0:0:0:0:
36,192,111547,1,0,0:0:0:50:kick.wav
256,192,111547,1,0,0:0:0:50:snare.wav
475,192,111547,1,0,0:0:0:0:
109,192,111632,1,0,0:0:0:0:
182,192,111716,1,0,0:0:0:0:
329,192,111716,1,0,0:0:0:0:
402,192,111716,1,0,0:0:0:0:
475,192,111801,1,0,0:0:0:0:
36,192,111886,1,0,0:0:0:50:kick.wav
109,192,111886,1,0,0:0:0:0:
256,192,111886,1,0,0:0:0:0:
402,192,111971,1,0,0:0:0:0:
109,192,112055,1,0,0:0:0:0:
329,192,112055,1,0,0:0:0:0:
182,192,112140,1,0,0:0:0:0:
402,192,112140,1,0,0:0:0:0:
36,192,112225,1,0,0:0:0:50:kick.wav
256,192,112225,1,0,0:0:0:50:snare.wav
475,192,112225,1,0,0:0:0:0:
109,192,112310,1,0,0:0:0:0:
182,192,112394,1,0,0:0:0:0:
329,192,112394,1,0,0:0:0:0:
475,192,112394,1,0,0:0:0:0:
109,192,112479,1,0,0:0:0:0:
36,192,112564,1,0,0:0:0:50:kick.wav
256,192,112564,1,0,0:0:0:0:
402,192,112564,1,0,0:0:0:0:
475,192,112564,1,0,0:0:0:0:
182,192,112649,1,0,0:0:0:0:
329,192,112733,1,0,0:0:0:0:
182,192,112818,1,0,0:0:0:0:
36,192,112903,128,0,113327:0:0:0:50:kick.wav
329,192,112903,128,0,112988:0:0:0:50:snare.wav
475,192,112903,128,0,112988:0:0:0:0:
109,192,112988,128,0,113242:0:0:0:0:
182,192,113072,128,0,113157:0:0:0:0:
402,192,113072,128,0,113242:0:0:0:0:
329,192,113157,128,0,113327:0:0:0:0:
256,192,113242,128,0,113411:0:0:0:50:kick.wav
475,192,113242,128,0,113327:0:0:0:0:
182,192,113327,128,0,113496:0:0:0:0:
109,192,113411,128,0,113581:0:0:0:0:
475,192,113411,128,0,113835:0:0:0:0:
402,192,113496,128,0,113750:0:0:0:0:
36,192,113581,1,0,0:0:0:50:kick.wav
182,192,113581,1,0,0:0:0:50:snare.wav
329,192,113581,128,0,113666:0:0:0:0:
109,192,113666,1,0,0:0:0:0:
256,192,113666,1,0,0:0:0:0:
182,192,113750,128,0,113920:0:0:0:0:
329,192,113750,128,0,113920:0:0:0:0:
36,192,113920,128,0,114174:0:0:0:50:kick.wav
109,192,113920,128,0,114174:0:0:0:50:cymbal.wav
256,192,113920,1,0,0:0:0:0:
402,192,113920,128,0,114174:0:0:0:0:
475,192,113920,128,0,114174:0:0:0:0:
109,192,114259,128,0,114344:0:0:0:50:snare.wav
256,192,114259,1,0,0:0:0:0:
402,192,114259,1,0,0:0:0:0:
109,192,114428,128,0,114683:0:0:0:50:kick.wav
182,192,114428,128,0,114683:0:0:0:50:cymbal.wav
256,192,114428,1,0,0:0:0:0:
329,192,114428,128,0,114683:0:0:0:0:
402,192,114428,128,0,114683:0:0:0:0:
109,192,114767,1,0,0:0:0:50:snare.wav
256,192,114767,1,0,0:0:0:0:
402,192,114767,128,0,114852:0:0:0:0:
36,192,114937,128,0,115530:0:0:0:50:kick.wav
182,192,114937,128,0,115502:0:0:0:50:cymbal.wav
256,192,114937,1,0,0:0:0:0:
329,192,114937,128,0,115445:0:0:0:0:
475,192,114937,128,0,115530:0:0:0:0:
329,192,115502,1,0,0:0:0:0:
182,192,115558,1,0,0:0:0:0:
402,192,115615,1,0,0:0:0:0:
475,192,115615,1,0,0:0:0:0:
402,192,115700,1,0,0:0:0:0:
475,192,115700,1,0,0:0:0:0:
109,192,115784,1,0,0:0:0:0:
182,192,115784,1,0,0:0:0:0:
109,192,115869,1,0,0:0:0:0:
182,192,115869,1,0,0:0:0:0:
329,192,115954,1,0,0:0:0:0:
402,192,115954,1,0,0:0:0:0:
329,192,116039,1,0,0:0:0:0:
402,192,116039,1,0,0:0:0:0:
36,192,116123,1,0,0:0:0:0:
109,192,116123,1,0,0:0:0:0:
36,192,116208,1,0,0:0:0:0:
109,192,116208,1,0,0:0:0:0:
256,192,116293,1,0,0:0:0:50:snare.wav
402,192,116293,1,0,0:0:0:0:
475,192,116293,1,0,0:0:0:0:
182,192,116378,1,0,0:0:0:0:
329,192,116378,1,0,0:0:0:0:
36,192,116462,1,0,0:0:0:50:snare.wav
109,192,116462,1,0,0:0:0:0:
256,192,116462,1,0,0:0:0:0:
182,192,116547,1,0,0:0:0:0:
329,192,116547,1,0,0:0:0:0:
36,192,116632,128,0,116886:0:0:0:50:kick.wav
109,192,116632,1,0,0:0:0:50:cymbal.wav
256,192,116632,128,0,116886:0:0:0:0:
402,192,116632,128,0,116886:0:0:0:0:
475,192,116632,128,0,116886:0:0:0:0:
109,192,116971,1,0,0:0:0:50:snare.wav
329,192,116971,128,0,117055:0:0:0:0:
475,192,116971,1,0,0:0:0:0:
36,192,117140,128,0,117394:0:0:0:50:kick.wav
109,192,117140,128,0,117394:0:0:0:50:cymbal.wav
256,192,117140,128,0,117394:0:0:0:0:
475,192,117140,128,0,117394:0:0:0:0:
36,192,117479,1,0,0:0:0:50:snare.wav
182,192,117479,128,0,117564:0:0:0:0:
402,192,117479,1,0,0:0:0:0:
36,192,117649,128,0,118666:0:0:0:50:kick.wav
109,192,117649,128,0,118666:0:0:0:50:cymbal.wav
256,192,117649,128,0,119344:0:0:0:0:
402,192,117649,128,0,119005:0:0:0:0:
475,192,117649,128,0,119005:0:0:0:0:
182,192,118666,128,0,119344:0:0:0:0:
36,192,119005,128,0,119344:0:0:0:0:
