[Metadata]
Melty Sweets
Ironami
kobi
sdvx konami sound voltex
60
0

[TimingPoints]
1378,338.983050847458,4,2,1,30,1,0
17649,-40,4,2,1,30,0,0
17670,-200,4,2,1,30,0,0
17733,-100,4,2,1,30,0,0
17988,-40,4,2,1,30,0,0
18009,-200,4,2,1,30,0,0
18072,-100,4,2,1,30,0,0
18327,-40,4,2,1,30,0,0
18348,-200,4,2,1,30,0,0
18411,-100,4,2,1,30,0,0
18581,-33.3333333333333,4,2,1,30,0,0
18591,-303.030303030303,4,2,1,30,0,0
18623,-100,4,2,1,30,0,0
18666,-40,4,2,1,30,0,0
18687,-200,4,2,1,30,0,0
18750,-100,4,2,1,30,0,0
18835,-40,4,2,1,30,0,0
18856,-200,4,2,1,30,0,0
18920,-100,4,2,1,30,0,0
19005,-40,4,2,1,30,0,0
19026,-200,4,2,1,30,0,0
19089,-100,4,2,1,30,0,0
19344,-40,4,2,1,30,0,0
19365,-200,4,2,1,30,0,0
19428,-100,4,2,1,30,0,0
19683,-40,4,2,1,30,0,0
19704,-200,4,2,1,30,0,0
19767,-100,4,2,1,30,0,0
19937,-33.3333333333333,4,2,1,30,0,0
19947,-303.030303030303,4,2,1,30,0,0
19979,-100,4,2,1,30,0,0
20022,-40,4,2,1,30,0,0
20043,-200,4,2,1,30,0,0
20106,-100,4,2,1,30,0,0
20191,-40,4,2,1,30,0,0
20212,-200,4,2,1,30,0,0
20275,-100,4,2,1,30,0,0
20361,-37.037037037037,4,2,1,30,0,0
20382,-1000,4,2,1,30,0,0
20445,-100,4,2,1,30,0,0
20530,-37.037037037037,4,2,1,30,0,0
20551,-1000,4,2,1,30,0,0
20615,-100,4,2,1,30,0,0
20700,-37.037037037037,4,2,1,30,0,0
20721,-1000,4,2,1,30,0,0
20784,-100,4,2,1,30,0,0
20869,-37.037037037037,4,2,1,30,0,0
20890,-1000,4,2,1,30,0,0
20954,-100,4,2,1,30,0,0
21039,-37.037037037037,4,2,1,30,0,0
21060,-1000,4,2,1,30,0,0
21123,-100,4,2,1,30,0,0
21208,-37.037037037037,4,2,1,30,0,0
21229,-1000,4,2,1,30,0,0
21293,-100,4,2,1,30,0,0
21378,-37.037037037037,4,2,1,30,0,0
21399,-1000,4,2,1,30,0,0
21462,-100,4,2,1,30,0,0
21547,-37.037037037037,4,2,1,30,0,0
21568,-1000,4,2,1,30,0,0
21632,-100,4,2,1,30,0,0
21716,-36.3636363636364,4,2,1,30,0,0
21738,-227.272727272727,4,2,1,30,0,0
21801,-35.7142857142857,4,2,1,30,0,0
21822,-227.272727272727,4,2,1,30,0,0
21886,-35.0877192982456,4,2,1,30,0,0
21907,-227.272727272727,4,2,1,30,0,0
21971,-34.4827586206897,4,2,1,30,0,0
21992,-227.272727272727,4,2,1,30,0,0
22055,-33.8983050847458,4,2,1,30,0,0
22077,-227.272727272727,4,2,1,30,0,0
22140,-33.3333333333333,4,2,1,30,0,0
22161,-227.272727272727,4,2,1,30,0,0
22225,-32.7868852459016,4,2,1,30,0,0
22246,-227.272727272727,4,2,1,30,0,0
22310,-32.258064516129,4,2,1,30,0,0
22331,-227.272727272727,4,2,1,30,0,0
22394,-31.7460317460317,4,2,1,30,0,0
22416,-227.272727272727,4,2,1,30,0,0
22479,-31.25,4,2,1,30,0,0
22500,-227.272727272727,4,2,1,30,0,0
22564,-30.7692307692308,4,2,1,30,0,0
22585,-227.272727272727,4,2,1,30,0,0
22649,-30.3030303030303,4,2,1,30,0,0
22670,-227.272727272727,4,2,1,30,0,0
22733,-29.8507462686567,4,2,1,30,0,0
22755,-227.272727272727,4,2,1,30,0,0
22818,-29.4117647058824,4,2,1,30,0,0
22839,-227.272727272727,4,2,1,30,0,0
22903,-28.9855072463768,4,2,1,30,0,0
22924,-227.272727272727,4,2,1,30,0,0
22988,-28.5714285714286,4,2,1,30,0,0
23009,-227.272727272727,4,2,1,30,0,0
23072,-100,4,2,1,30,0,0
24089,-50,4,2,1,30,0,0
24174,-100,4,2,1,30,0,0
24259,-125,4,2,1,30,0,0
24344,-200,4,2,1,30,0,0
24428,-100,4,2,1,30,0,1
24767,-41.6666666666667,4,2,1,30,0,1
24789,-2000,4,2,1,30,0,1
24810,-100,4,2,1,30,0,1
25276,-41.6666666666667,4,2,1,30,0,1
25297,-2000,4,2,1,30,0,1
25318,-100,4,2,1,30,0,1
25615,-41.6666666666667,4,2,1,30,0,1
25636,-2000,4,2,1,30,0,1
25657,-100,4,2,1,30,0,1
25954,-41.6666666666667,4,2,1,30,0,1
25975,-2000,4,2,1,30,0,1
25996,-100,4,2,1,30,0,1
26293,-41.6666666666667,4,2,1,30,0,1
26314,-2000,4,2,1,30,0,1
26335,-100,4,2,1,30,0,1
26632,-58.8235294117647,4,2,1,30,0,1
26674,-333.333333333333,4,2,1,30,0,1
26716,-58.8235294117647,4,2,1,30,0,1
26759,-333.333333333333,4,2,1,30,0,1
26801,-58.8235294117647,4,2,1,30,0,1
26844,-333.333333333333,4,2,1,30,0,1
26886,-58.8235294117647,4,2,1,30,0,1
26928,-333.333333333333,4,2,1,30,0,1
26971,-58.8235294117647,4,2,1,30,0,1
27013,-333.333333333333,4,2,1,30,0,1
27055,-58.8235294117647,4,2,1,30,0,1
27098,-333.333333333333,4,2,1,30,0,1
27140,-58.8235294117647,4,2,1,30,0,1
27225,-76.9230769230769,4,2,1,30,0,1
27310,-125,4,2,1,30,0,1
27394,-200,4,2,1,30,0,1
27479,-100,4,2,1,30,0,1
28496,-41.6666666666667,4,2,1,30,0,1
28517,-2000,4,2,1,30,0,1
28539,-100,4,2,1,30,0,1
28750,-41.6666666666667,4,2,1,30,0,1
28772,-2000,4,2,1,30,0,1
28793,-100,4,2,1,30,0,1
29005,-41.6666666666667,4,2,1,30,0,1
29026,-2000,4,2,1,30,0,1
29047,-100,4,2,1,30,0,1
29344,-41.6666666666667,4,2,1,30,0,1
29365,-2000,4,2,1,30,0,1
29386,-100,4,2,1,30,0,1
30361,-41.6666666666667,4,2,1,30,0,1
30382,-2000,4,2,1,30,0,1
30403,-100,4,2,1,30,0,1
30700,-41.6666666666667,4,2,1,30,0,1
30721,-2000,4,2,1,30,0,1
30742,-100,4,2,1,30,0,1
31039,-41.6666666666667,4,2,1,30,0,1
31060,-2000,4,2,1,30,0,1
31081,-100,4,2,1,30,0,1
31547,-41.6666666666667,4,2,1,30,0,1
31568,-2000,4,2,1,30,0,1
31589,-100,4,2,1,30,0,1
32055,-41.6666666666667,4,2,1,30,0,1
32077,-2000,4,2,1,30,0,1
32098,-100,4,2,1,30,0,1
32564,-41.6666666666667,4,2,1,30,0,1
32585,-2000,4,2,1,30,0,1
32606,-100,4,2,1,30,0,1
33072,-41.6666666666667,4,2,1,30,0,1
33094,-2000,4,2,1,30,0,1
33115,-100,4,2,1,30,0,1
33581,-41.6666666666667,4,2,1,30,0,1
33602,-2000,4,2,1,30,0,1
33623,-100,4,2,1,30,0,1
34089,-41.6666666666667,4,2,1,30,0,1
34111,-2000,4,2,1,30,0,1
34132,-100,4,2,1,30,0,1
34598,-41.6666666666667,4,2,1,30,0,1
34619,-2000,4,2,1,30,0,1
34640,-100,4,2,1,30,0,1
35276,-123.45679,4,2,1,30,0,0
35302,-122.596154,4,2,1,30,0,0
35355,-120.910384,4,2,1,30,0,0
35408,-119.270346,4,2,1,30,0,0
35462,-117.674204,4,2,1,30,0,0
35488,-116.892047,4,2,1,30,0,0
35541,-115.358516,4,2,1,30,0,0
35595,-113.864702,4,2,1,30,0,0
35648,-112.409081,4,2,1,30,0,0
35674,-111.695138,4,2,1,30,0,0
35728,-110.294118,4,2,1,30,0,0
35784,-573.304257,4,2,1,30,0,0
35858,-15.503593,4,2,1,30,0,0
35869,-106.940658,4,2,1,30,0,0
35914,-105.655687,4,2,1,30,0,0
36039,-543.032678,4,2,1,30,0,0
36112,-14.609748,4,2,1,30,0,0
36123,-101.39165,4,2,1,30,0,0
36153,-100.235849,4,2,1,30,0,0
36206,-99.106102,4,2,1,30,0,0
36259,-98.001537,4,2,1,30,0,0
36286,-97.458437,4,2,1,30,0,0
36339,-96.390096,4,2,1,30,0,0
36392,-95.344924,4,2,1,30,0,0
36445,-94.322175,4,2,1,30,0,0
36462,-25,4,2,1,30,0,0
36472,-92.491839,4,2,1,30,0,0
36478,-91.85879,4,2,1,30,0,0
36485,-91.234347,4,2,1,30,0,0
36495,-90.313441,4,2,1,30,0,0
36505,-89.41094,4,2,1,30,0,0
36512,-88.819227,4,2,1,30,0,0
36522,-87.946198,4,2,1,30,0,0
36532,-87.090164,4,2,1,30,0,0
36538,-86.528673,4,2,1,30,0,0
36548,-85.699882,4,2,1,30,0,0
36558,-84.886818,4,2,1,30,0,0
36565,-84.353291,4,2,1,30,0,0
36575,-83.56546,4,2,1,30,0,0
36585,-82.792208,4,2,1,30,0,0
36592,-82.284608,4,2,1,30,0,0
36602,-81.534772,4,2,1,30,0,0
36612,-80.798479,4,2,1,30,0,0
36618,-80.314961,4,2,1,30,0,0
36632,-100,4,2,1,30,0,0
36801,-66.6666666666667,4,2,1,30,0,0
36844,-200,4,2,1,30,0,0
36886,-66.6666666666667,4,2,1,30,0,0
36928,-200,4,2,1,30,0,0
36971,-66.6666666666667,4,2,1,30,0,0
37013,-200,4,2,1,30,0,0
37055,-66.6666666666667,4,2,1,30,0,0
37098,-200,4,2,1,30,0,0
37140,-66.6666666666667,4,2,1,30,0,0
37183,-200,4,2,1,30,0,0
37225,-66.6666666666667,4,2,1,30,0,0
37267,-200,4,2,1,30,0,0
37310,-43.4782608695652,4,2,1,30,0,0
37352,-1000,4,2,1,30,0,0
37394,-100,4,2,1,30,0,0
37564,-43.4782608695652,4,2,1,30,0,0
37606,-1000,4,2,1,30,0,0
37649,-100,4,2,1,30,0,0
37818,-43.4782608695652,4,2,1,30,0,0
37861,-1000,4,2,1,30,0,0
37903,-200,4,2,1,30,0,0
38072,-125,4,2,1,30,0,0
38157,-100,4,2,1,30,0,0
38242,-66.6666666666667,4,2,1,30,0,0
38327,-100,4,2,1,30,0,1
45784,-66.6666666666667,4,2,1,30,0,1
45827,-200,4,2,1,30,0,1
45869,-66.6666666666667,4,2,1,30,0,1
45911,-200,4,2,1,30,0,1
45954,-66.6666666666667,4,2,1,30,0,1
45996,-200,4,2,1,30,0,1
46039,-66.6666666666667,4,2,1,30,0,1
46081,-200,4,2,1,30,0,1
46123,-100,4,2,1,30,0,1
62394,-40,4,2,1,30,0,1
62416,-200,4,2,1,30,0,1
62479,-100,4,2,1,30,0,1
62903,-40,4,2,1,30,0,1
62924,-200,4,2,1,30,0,1
62988,-100,4,2,1,30,0,1
63750,-40,4,2,1,30,0,1
63772,-200,4,2,1,30,0,1
63835,-100,4,2,1,30,0,1
64005,-40,4,2,1,30,0,1
64026,-200,4,2,1,30,0,1
64089,-100,4,2,1,30,0,1
64259,-40,4,2,1,30,0,1
64280,-200,4,2,1,30,0,1
64344,-100,4,2,1,30,0,1
65106,-83.3333333333333,4,2,1,30,0,1
65149,-125,4,2,1,30,0,1
65191,-81.9672131147541,4,2,1,30,0,1
65233,-128.205128205128,4,2,1,30,0,1
65276,-80.6451612903226,4,2,1,30,0,1
65319,-131.578947368421,4,2,1,30,0,1
65361,-79.3650793650794,4,2,1,30,0,1
65404,-135.135135135135,4,2,1,30,0,1
65446,-78.125,4,2,1,30,0,1
65489,-138.888888888889,4,2,1,30,0,1
65530,-76.9230769230769,4,2,1,30,0,1
65573,-142.857142857143,4,2,1,30,0,1
65615,-75.7575757575758,4,2,1,30,0,1
65658,-147.058823529412,4,2,1,30,0,1
65700,-74.6268656716418,4,2,1,30,0,1
65743,-151.515151515152,4,2,1,30,0,1
65785,-73.5294117647059,4,2,1,30,0,1
65828,-156.25,4,2,1,30,0,1
65869,-72.463768115942,4,2,1,30,0,1
65912,-161.290322580645,4,2,1,30,0,1
65954,-71.4285714285714,4,2,1,30,0,1
65997,-166.666666666667,4,2,1,30,0,1
66039,-70.4225352112676,4,2,1,30,0,1
66082,-172.413793103448,4,2,1,30,0,1
66124,-69.4444444444444,4,2,1,30,0,1
66167,-178.571428571429,4,2,1,30,0,1
66208,-68.4931506849315,4,2,1,30,0,1
66251,-185.185185185185,4,2,1,30,0,1
66293,-67.5675675675676,4,2,1,30,0,1
66336,-192.307692307693,4,2,1,30,0,1
66378,-66.6666666666667,4,2,1,30,0,1
66421,-200,4,2,1,30,0,1
66463,-65.7894736842105,4,2,1,30,0,1
66506,-208.333333333334,4,2,1,30,0,1
66547,-66.6666666666667,4,2,1,30,0,1
66590,-200,4,2,1,30,0,1
66632,-67.5675675675676,4,2,1,30,0,1
66675,-192.307692307693,4,2,1,30,0,1
66717,-68.4931506849315,4,2,1,30,0,1
66760,-185.185185185185,4,2,1,30,0,1
66801,-69.4444444444444,4,2,1,30,0,1
66844,-178.571428571429,4,2,1,30,0,1
66886,-70.4225352112676,4,2,1,30,0,1
66929,-172.413793103449,4,2,1,30,0,1
66971,-71.4285714285714,4,2,1,30,0,1
67014,-166.666666666667,4,2,1,30,0,1
67056,-72.463768115942,4,2,1,30,0,1
67099,-161.290322580645,4,2,1,30,0,1
67140,-73.5294117647059,4,2,1,30,0,1
67183,-156.25,4,2,1,30,0,1
67225,-74.6268656716418,4,2,1,30,0,1
67268,-151.515151515152,4,2,1,30,0,1
67310,-75.7575757575758,4,2,1,30,0,1
67352,-147.058823529412,4,2,1,30,0,1
67395,-76.9230769230769,4,2,1,30,0,1
67438,-142.857142857143,4,2,1,30,0,1
67479,-78.125,4,2,1,30,0,1
67522,-138.888888888889,4,2,1,30,0,1
67564,-79.3650793650794,4,2,1,30,0,1
67607,-135.135135135135,4,2,1,30,0,1
67649,-80.6451612903226,4,2,1,30,0,1
67692,-131.578947368421,4,2,1,30,0,1
67734,-81.9672131147541,4,2,1,30,0,1
67777,-128.205128205129,4,2,1,30,0,1
67818,-100,4,2,1,30,0,0
78666,-33.3333333333333,4,2,1,30,0,0
78687,-333.333333333333,4,2,1,30,0,0
78750,-100,4,2,1,30,0,0
79174,-33.3333333333333,4,2,1,30,0,0
79195,-333.333333333333,4,2,1,30,0,0
79259,-100,4,2,1,30,0,0
81378,-33.3333333333333,4,2,1,30,0,0
81399,-333.333333333333,4,2,1,30,0,0
81462,-100,4,2,1,30,0,0
81886,-33.3333333333333,4,2,1,30,0,0
81907,-200,4,2,1,30,0,0
81971,-100,4,2,1,30,0,0
84089,-50,4,2,1,30,0,0
84111,-200,4,2,1,30,0,0
84174,-100,4,2,1,30,0,0
84428,-50,4,2,1,30,0,0
84450,-200,4,2,1,30,0,0
84513,-100,4,2,1,30,0,0
84767,-50,4,2,1,30,0,0
84789,-200,4,2,1,30,0,0
84852,-100,4,2,1,30,0,0
85022,-50,4,2,1,30,0,0
85043,-200,4,2,1,30,0,0
85106,-100,4,2,1,30,0,0
85276,-50,4,2,1,30,0,0
85297,-200,4,2,1,30,0,0
85361,-100,4,2,1,30,0,0
85445,-50,4,2,1,30,0,0
85466,-200,4,2,1,30,0,0
85530,-100,4,2,1,30,0,0
85784,-50,4,2,1,30,0,0
85805,-200,4,2,1,30,0,0
85869,-100,4,2,1,30,0,0
86123,-50,4,2,1,30,0,0
86144,-200,4,2,1,30,0,0
86208,-100,4,2,1,30,0,0
86378,-50,4,2,1,30,0,0
86399,-200,4,2,1,30,0,0
86462,-100,4,2,1,30,0,0
86632,-50,4,2,1,30,0,0
86653,-200,4,2,1,30,0,0
86716,-100,4,2,1,30,0,0
86801,-37.037037037037,4,2,1,30,0,0
86822,-1000,4,2,1,30,0,0
86886,-100,4,2,1,30,0,0
86971,-37.037037037037,4,2,1,30,0,0
86992,-1000,4,2,1,30,0,0
87055,-100,4,2,1,30,0,0
87140,-37.037037037037,4,2,1,30,0,0
87161,-1000,4,2,1,30,0,0
87225,-100,4,2,1,30,0,0
87310,-37.037037037037,4,2,1,30,0,0
87331,-1000,4,2,1,30,0,0
87394,-100,4,2,1,30,0,0
87479,-37.037037037037,4,2,1,30,0,0
87500,-1000,4,2,1,30,0,0
87564,-100,4,2,1,30,0,0
87649,-37.037037037037,4,2,1,30,0,0
87670,-1000,4,2,1,30,0,0
87733,-100,4,2,1,30,0,0
87818,-37.037037037037,4,2,1,30,0,0
87839,-1000,4,2,1,30,0,0
87903,-100,4,2,1,30,0,0
87988,-37.037037037037,4,2,1,30,0,0
88009,-1000,4,2,1,30,0,0
88072,-100,4,2,1,30,0,0
88157,-36.3636363636364,4,2,1,30,0,0
88178,-227.272727272727,4,2,1,30,0,0
88242,-35.7142857142857,4,2,1,30,0,0
88263,-227.272727272727,4,2,1,30,0,0
88327,-35.0877192982456,4,2,1,30,0,0
88348,-227.272727272727,4,2,1,30,0,0
88411,-34.4827586206897,4,2,1,30,0,0
88433,-227.272727272727,4,2,1,30,0,0
88496,-33.8983050847458,4,2,1,30,0,0
88517,-227.272727272727,4,2,1,30,0,0
88581,-33.3333333333333,4,2,1,30,0,0
88602,-227.272727272727,4,2,1,30,0,0
88666,-32.7868852459016,4,2,1,30,0,0
88687,-227.272727272727,4,2,1,30,0,0
88750,-32.258064516129,4,2,1,30,0,0
88772,-227.272727272727,4,2,1,30,0,0
88835,-31.7460317460317,4,2,1,30,0,0
88856,-227.272727272727,4,2,1,30,0,0
88920,-31.25,4,2,1,30,0,0
88941,-227.272727272727,4,2,1,30,0,0
89005,-30.7692307692308,4,2,1,30,0,0
89026,-227.272727272727,4,2,1,30,0,0
89089,-30.3030303030303,4,2,1,30,0,0
89111,-227.272727272727,4,2,1,30,0,0
89174,-29.8507462686567,4,2,1,30,0,0
89195,-227.272727272727,4,2,1,30,0,0
89259,-29.4117647058824,4,2,1,30,0,0
89280,-227.272727272727,4,2,1,30,0,0
89344,-28.9855072463768,4,2,1,30,0,0
89365,-227.272727272727,4,2,1,30,0,0
89428,-28.5714285714286,4,2,1,30,0,0
89450,-227.272727272727,4,2,1,30,0,0
89513,-100,4,2,1,30,0,0
92225,-100,4,2,1,30,0,1
113920,-50,4,2,1,30,0,0
114005,-200,4,2,1,30,0,0
114174,-100,4,2,1,30,0,0
114428,-50,4,2,1,30,0,0
114513,-200,4,2,1,30,0,0
114683,-100,4,2,1,30,0,0
114937,-20,4,2,1,30,0,0
115022,-125,4,2,1,30,0,0
115502,-55.5555555555556,4,2,1,30,0,0
115530,-500,4,2,1,30,0,0
115558,-55.5555555555556,4,2,1,30,0,0
115587,-500,4,2,1,30,0,0
115615,-58.8235294117647,4,2,1,30,0,0
115657,-333.333333333333,4,2,1,30,0,0
115700,-58.8235294117647,4,2,1,30,0,0
115742,-333.333333333333,4,2,1,30,0,0
115784,-58.8235294117647,4,2,1,30,0,0
115827,-333.333333333333,4,2,1,30,0,0
115869,-58.8235294117647,4,2,1,30,0,0
115911,-333.333333333333,4,2,1,30,0,0
115954,-58.8235294117647,4,2,1,30,0,0
115996,-333.333333333333,4,2,1,30,0,0
116039,-58.8235294117647,4,2,1,30,0,0
116081,-333.333333333333,4,2,1,30,0,0
116123,-58.8235294117647,4,2,1,30,0,0
116166,-333.333333333333,4,2,1,30,0,0
116208,-58.8235294117647,4,2,1,30,0,0
116250,-333.333333333333,4,2,1,30,0,0
116293,-100,4,2,1,30,0,0
116632,-50,4,2,1,30,0,0
116716,-200,4,2,1,30,0,0
116886,-100,4,2,1,30,0,0
117140,-50,4,2,1,30,0,0
117225,-200,4,2,1,30,0,0
117394,-100,4,2,1,30,0,0
117649,-20,4,2,1,30,0,0
117733,-125,4,2,1,30,0,0


[HitObjects]
402,192,1039,128,0,1123:0:0:0:0:
329,192,1123,128,0,1208:0:0:0:0:
402,192,1208,128,0,1293:0:0:0:0:
329,192,1293,128,0,1378:0:0:0:0:
36,192,1378,128,0,1716:0:0:0:50:cymbal.wav
109,192,1378,128,0,1716:0:0:0:0:
182,192,1378,1,0,0:0:0:0:
256,192,1378,1,0,0:0:0:0:
475,192,1378,1,0,0:0:0:0:
256,192,1547,1,0,0:0:0:0:
329,192,1547,128,0,1632:0:0:0:0:
329,192,1716,1,0,0:0:0:0:
402,192,1716,128,0,1801:0:0:0:0:
36,192,1886,128,0,2225:0:0:0:0:
109,192,1886,128,0,2225:0:0:0:0:
402,192,1886,1,0,0:0:0:0:
475,192,1886,128,0,1971:0:0:0:0:
182,192,2055,1,0,0:0:0:0:
329,192,2055,128,0,2394:0:0:0:0:
256,192,2225,1,0,0:0:0:0:
475,192,2225,128,0,2394:0:0:0:0:
36,192,2394,128,0,2733:0:0:0:0:
182,192,2394,128,0,2733:0:0:0:0:
402,192,2394,128,0,2733:0:0:0:0:
329,192,2564,128,0,2733:0:0:0:0:
475,192,2564,1,0,0:0:0:0:
109,192,2733,1,0,0:0:0:50:LR_Chm Fast.wav
256,192,2733,1,0,0:0:0:0:
36,192,2903,128,0,3242:0:0:0:0:
182,192,2903,128,0,3242:0:0:0:0:
402,192,2903,1,0,0:0:0:0:
475,192,2903,128,0,3072:0:0:0:0:
256,192,3072,1,0,0:0:0:0:
329,192,3072,128,0,3411:0:0:0:0:
402,192,3242,1,0,0:0:0:0:
475,192,3242,128,0,3411:0:0:0:0:
109,192,3411,128,0,3666:0:0:0:0:
182,192,3411,1,0,0:0:0:0:
36,192,3581,128,0,3666:0:0:0:0:
329,192,3581,1,0,0:0:0:0:
402,192,3581,128,0,3750:0:0:0:0:
475,192,3581,128,0,3920:0:0:0:0:
256,192,3637,1,0,0:0:0:0:
182,192,3694,1,0,0:0:0:0:
36,192,3750,1,0,0:0:0:0:
109,192,3750,128,0,3835:0:0:0:0:
329,192,3807,1,0,0:0:0:0:
256,192,3863,1,0,0:0:0:0:
109,192,3920,1,0,0:0:0:0:
182,192,3920,128,0,4005:0:0:0:0:
402,192,3976,1,0,0:0:0:0:
329,192,4033,1,0,0:0:0:0:
36,192,4089,128,0,4428:0:0:0:0:
109,192,4089,128,0,4428:0:0:0:0:
182,192,4089,1,0,0:0:0:0:
256,192,4089,128,0,4174:0:0:0:0:
329,192,4259,128,0,4344:0:0:0:0:
475,192,4259,1,0,0:0:0:0:
182,192,4428,1,0,0:0:0:0:
402,192,4428,128,0,4513:0:0:0:0:
36,192,4598,128,0,4937:0:0:0:0:
109,192,4598,128,0,4937:0:0:0:0:
256,192,4598,1,0,0:0:0:0:
475,192,4598,128,0,4683:0:0:0:0:
329,192,4767,128,0,5106:0:0:0:0:
402,192,4767,1,0,0:0:0:0:
182,192,4937,1,0,0:0:0:0:
475,192,4937,128,0,5106:0:0:0:0:
36,192,5106,128,0,5445:0:0:0:0:
109,192,5106,128,0,5445:0:0:0:0:
256,192,5106,1,0,0:0:0:0:
402,192,5106,128,0,5276:0:0:0:0:
182,192,5276,128,0,5361:0:0:0:0:
256,192,5361,128,0,5445:0:0:0:0:
329,192,5445,128,0,5530:0:0:0:50:LR_Chm Fast.wav
402,192,5445,128,0,6123:0:0:0:0:
475,192,5445,128,0,6123:0:0:0:0:
182,192,5615,128,0,5700:0:0:0:0:
256,192,5615,1,0,0:0:0:0:
36,192,5784,128,0,5869:0:0:0:0:
109,192,5784,1,0,0:0:0:0:
182,192,5954,128,0,6039:0:0:0:0:
256,192,5954,1,0,0:0:0:0:
36,192,6123,128,0,6378:0:0:0:0:
182,192,6123,128,0,6801:0:0:0:0:
329,192,6123,128,0,6801:0:0:0:0:
109,192,6293,1,0,0:0:0:0:
475,192,6293,128,0,6378:0:0:0:0:
256,192,6462,128,0,6547:0:0:0:0:
475,192,6462,1,0,0:0:0:0:
36,192,6632,128,0,6716:0:0:0:0:
256,192,6632,1,0,0:0:0:0:
36,192,6801,128,0,8157:0:0:0:50:LR_Chm Fast.wav
109,192,6801,128,0,8157:0:0:0:0:
402,192,6801,1,0,0:0:0:0:
475,192,6801,128,0,6886:0:0:0:0:
329,192,6971,1,0,0:0:0:0:
256,192,7140,128,0,7225:0:0:0:0:
402,192,7140,1,0,0:0:0:0:
329,192,7310,1,0,0:0:0:0:
475,192,7310,128,0,7564:0:0:0:0:
182,192,7479,1,0,0:0:0:0:
402,192,7479,128,0,7564:0:0:0:0:
329,192,7649,128,0,7733:0:0:0:0:
475,192,7649,1,0,0:0:0:0:
256,192,7818,128,0,7903:0:0:0:0:
402,192,7818,1,0,0:0:0:0:
256,192,7988,128,0,8072:0:0:0:0:
402,192,7988,1,0,0:0:0:0:
182,192,8157,1,0,0:0:0:50:LR_Chm Fast.wav
402,192,8157,128,0,9061:0:0:0:0:
475,192,8157,128,0,9231:0:0:0:0:
109,192,8327,1,0,0:0:0:0:
329,192,8327,128,0,8411:0:0:0:0:
256,192,8496,1,0,0:0:0:0:
109,192,8666,128,0,8750:0:0:0:0:
182,192,8666,1,0,0:0:0:0:
329,192,8835,1,0,0:0:0:0:
36,192,8892,1,0,0:0:0:0:
256,192,8948,1,0,0:0:0:0:
109,192,9005,128,0,9089:0:0:0:0:
182,192,9005,1,0,0:0:0:0:
329,192,9061,1,0,0:0:0:0:
256,192,9118,1,0,0:0:0:0:
36,192,9174,1,0,0:0:0:0:
182,192,9174,128,0,9259:0:0:0:0:
402,192,9231,1,0,0:0:0:0:
329,192,9287,1,0,0:0:0:0:
109,192,9344,1,0,0:0:0:0:
256,192,9344,128,0,9428:0:0:0:0:
475,192,9400,1,0,0:0:0:0:
402,192,9457,1,0,0:0:0:0:
36,192,9513,128,0,10869:0:0:0:0:
109,192,9513,128,0,10869:0:0:0:0:
182,192,9513,1,0,0:0:0:0:
329,192,9513,128,0,9598:0:0:0:0:
475,192,9683,1,0,0:0:0:0:
182,192,9852,128,0,9937:0:0:0:0:
402,192,9852,1,0,0:0:0:0:
256,192,10022,1,0,0:0:0:0:
475,192,10022,128,0,10106:0:0:0:0:
402,192,10191,1,0,0:0:0:0:
182,192,10361,1,0,0:0:0:0:
329,192,10361,128,0,10445:0:0:0:0:
256,192,10530,1,0,0:0:0:0:
402,192,10700,1,0,0:0:0:0:
475,192,10700,128,0,10784:0:0:0:0:
182,192,10869,128,0,12225:0:0:0:50:LR_Chm Fast.wav
256,192,10869,1,0,0:0:0:0:
329,192,10869,128,0,12225:0:0:0:0:
402,192,11039,1,0,0:0:0:0:
475,192,11039,128,0,11293:0:0:0:0:
36,192,11208,128,0,11293:0:0:0:0:
109,192,11208,1,0,0:0:0:0:
36,192,11547,1,0,0:0:0:0:
475,192,11547,1,0,0:0:0:0:
402,192,11632,1,0,0:0:0:0:
109,192,11716,1,0,0:0:0:0:
402,192,11801,1,0,0:0:0:0:
36,192,11886,1,0,0:0:0:0:
256,192,11886,128,0,12225:0:0:0:0:
475,192,11886,1,0,0:0:0:0:
36,192,12225,128,0,12818:0:0:0:50:cymbal.wav
109,192,12225,1,0,0:0:0:0:
402,192,12225,1,0,0:0:0:0:
475,192,12225,1,0,0:0:0:0:
182,192,12564,128,0,12988:0:0:0:0:
256,192,12564,1,0,0:0:0:0:
475,192,12564,1,0,0:0:0:0:
402,192,12733,1,0,0:0:0:0:
329,192,12818,1,0,0:0:0:0:
36,192,12903,128,0,13242:0:0:0:0:
475,192,12903,1,0,0:0:0:0:
402,192,12988,1,0,0:0:0:0:
182,192,13072,128,0,13242:0:0:0:0:
329,192,13072,1,0,0:0:0:0:
402,192,13157,1,0,0:0:0:0:
109,192,13242,1,0,0:0:0:0:
256,192,13242,1,0,0:0:0:0:
475,192,13242,1,0,0:0:0:0:
36,192,13411,128,0,13581:0:0:0:0:
182,192,13411,128,0,13581:0:0:0:0:
256,192,13411,1,0,0:0:0:0:
329,192,13496,1,0,0:0:0:0:
402,192,13581,1,0,0:0:0:0:
475,192,13581,1,0,0:0:0:0:
109,192,13750,1,0,0:0:0:0:
329,192,13750,128,0,14344:0:0:0:0:
182,192,13835,1,0,0:0:0:0:
36,192,13920,1,0,0:0:0:0:
256,192,13920,1,0,0:0:0:0:
402,192,13920,128,0,14174:0:0:0:0:
109,192,14089,1,0,0:0:0:0:
475,192,14089,128,0,14513:0:0:0:0:
182,192,14174,1,0,0:0:0:0:
36,192,14259,1,0,0:0:0:0:
402,192,14259,128,0,14683:0:0:0:0:
109,192,14344,1,0,0:0:0:0:
182,192,14428,1,0,0:0:0:0:
329,192,14428,128,0,14937:0:0:0:0:
109,192,14513,1,0,0:0:0:0:
36,192,14598,1,0,0:0:0:0:
256,192,14598,1,0,0:0:0:0:
475,192,14598,128,0,14852:0:0:0:0:
256,192,14767,1,0,0:0:0:0:
402,192,14767,128,0,14937:0:0:0:0:
182,192,14852,1,0,0:0:0:0:
36,192,14937,128,0,15530:0:0:0:0:
109,192,14937,1,0,0:0:0:0:
475,192,14937,1,0,0:0:0:0:
329,192,15106,1,0,0:0:0:0:
402,192,15191,1,0,0:0:0:0:
182,192,15276,128,0,15700:0:0:0:0:
256,192,15276,1,0,0:0:0:0:
475,192,15276,1,0,0:0:0:0:
475,192,15445,1,0,0:0:0:0:
402,192,15530,1,0,0:0:0:0:
36,192,15615,128,0,15954:0:0:0:0:
329,192,15615,1,0,0:0:0:0:
475,192,15700,1,0,0:0:0:0:
182,192,15784,128,0,15954:0:0:0:0:
329,192,15784,1,0,0:0:0:0:
402,192,15869,1,0,0:0:0:0:
109,192,15954,1,0,0:0:0:0:
256,192,15954,1,0,0:0:0:0:
475,192,15954,1,0,0:0:0:0:
36,192,16123,128,0,16293:0:0:0:0:
182,192,16123,128,0,16293:0:0:0:0:
475,192,16123,1,0,0:0:0:0:
402,192,16208,1,0,0:0:0:0:
109,192,16293,1,0,0:0:0:0:
329,192,16293,1,0,0:0:0:0:
182,192,16462,1,0,0:0:0:0:
475,192,16462,128,0,17055:0:0:0:0:
109,192,16547,1,0,0:0:0:0:
36,192,16632,1,0,0:0:0:0:
256,192,16632,1,0,0:0:0:0:
402,192,16632,128,0,16886:0:0:0:0:
36,192,16801,1,0,0:0:0:0:
329,192,16801,128,0,17394:0:0:0:0:
109,192,16886,1,0,0:0:0:0:
182,192,16971,1,0,0:0:0:0:
402,192,16971,128,0,17225:0:0:0:0:
36,192,17055,1,0,0:0:0:0:
182,192,17140,1,0,0:0:0:0:
475,192,17140,128,0,17564:0:0:0:0:
109,192,17225,1,0,0:0:0:0:
36,192,17310,1,0,0:0:0:0:
256,192,17310,1,0,0:0:0:0:
402,192,17310,128,0,17649:0:0:0:0:
109,192,17479,1,0,0:0:0:0:
329,192,17479,128,0,17649:0:0:0:0:
182,192,17564,1,0,0:0:0:0:
36,192,17649,1,0,0:0:0:50:snare.wav
109,192,17649,1,0,0:0:0:0:
256,192,17649,1,0,0:0:0:0:
475,192,17649,1,0,0:0:0:0:
402,192,17733,1,0,0:0:0:0:
109,192,17818,1,0,0:0:0:0:
182,192,17818,1,0,0:0:0:0:
329,192,17903,1,0,0:0:0:0:
36,192,17988,1,0,0:0:0:50:snare.wav
256,192,17988,1,0,0:0:0:0:
402,192,17988,1,0,0:0:0:0:
475,192,17988,1,0,0:0:0:0:
109,192,18072,1,0,0:0:0:0:
329,192,18157,1,0,0:0:0:0:
402,192,18157,1,0,0:0:0:0:
182,192,18242,1,0,0:0:0:0:
36,192,18327,1,0,0:0:0:50:snare.wav
109,192,18327,1,0,0:0:0:0:
256,192,18327,1,0,0:0:0:0:
475,192,18327,1,0,0:0:0:0:
402,192,18411,1,0,0:0:0:0:
109,192,18496,1,0,0:0:0:0:
182,192,18496,1,0,0:0:0:0:
256,192,18581,1,0,0:0:0:50:snare.wav
329,192,18581,1,0,0:0:0:0:
402,192,18581,1,0,0:0:0:0:
475,192,18581,1,0,0:0:0:0:
36,192,18666,1,0,0:0:0:50:kick.wav
109,192,18666,1,0,0:0:0:0:
182,192,18666,1,0,0:0:0:0:
475,192,18750,1,0,0:0:0:0:
36,192,18835,1,0,0:0:0:50:snare.wav
109,192,18835,1,0,0:0:0:0:
182,192,18835,1,0,0:0:0:0:
256,192,18835,1,0,0:0:0:0:
329,192,18920,1,0,0:0:0:0:
36,192,19005,1,0,0:0:0:50:snare.wav
256,192,19005,1,0,0:0:0:0:
402,192,19005,1,0,0:0:0:0:
475,192,19005,1,0,0:0:0:0:
109,192,19089,1,0,0:0:0:0:
329,192,19174,1,0,0:0:0:0:
402,192,19174,1,0,0:0:0:0:
182,192,19259,1,0,0:0:0:0:
36,192,19344,1,0,0:0:0:50:snare.wav
109,192,19344,1,0,0:0:0:0:
256,192,19344,1,0,0:0:0:0:
475,192,19344,1,0,0:0:0:0:
402,192,19428,1,0,0:0:0:0:
109,192,19513,1,0,0:0:0:0:
182,192,19513,1,0,0:0:0:0:
329,192,19598,1,0,0:0:0:0:
36,192,19683,1,0,0:0:0:50:snare.wav
256,192,19683,1,0,0:0:0:0:
402,192,19683,1,0,0:0:0:0:
475,192,19683,1,0,0:0:0:0:
109,192,19767,1,0,0:0:0:0:
329,192,19852,1,0,0:0:0:0:
402,192,19852,1,0,0:0:0:0:
36,192,19937,1,0,0:0:0:50:snare.wav
109,192,19937,1,0,0:0:0:0:
182,192,19937,1,0,0:0:0:0:
256,192,19937,1,0,0:0:0:0:
329,192,20022,1,0,0:0:0:50:kick.wav
402,192,20022,1,0,0:0:0:0:
475,192,20022,1,0,0:0:0:0:
36,192,20106,1,0,0:0:0:0:
256,192,20191,1,0,0:0:0:50:snare.wav
329,192,20191,1,0,0:0:0:0:
402,192,20191,1,0,0:0:0:0:
475,192,20191,1,0,0:0:0:0:
109,192,20276,1,0,0:0:0:0:
36,192,20361,1,0,0:0:0:50:snare.wav
182,192,20361,1,0,0:0:0:0:
329,192,20361,1,0,0:0:0:0:
475,192,20361,1,0,0:0:0:0:
109,192,20530,1,0,0:0:0:50:snare.wav
256,192,20530,1,0,0:0:0:0:
402,192,20530,1,0,0:0:0:0:
475,192,20530,1,0,0:0:0:0:
36,192,20700,1,0,0:0:0:50:snare.wav
182,192,20700,1,0,0:0:0:0:
329,192,20700,1,0,0:0:0:0:
475,192,20700,1,0,0:0:0:0:
109,192,20869,1,0,0:0:0:50:snare.wav
256,192,20869,1,0,0:0:0:0:
402,192,20869,1,0,0:0:0:0:
475,192,20869,1,0,0:0:0:0:
36,192,21039,1,0,0:0:0:50:snare.wav
182,192,21039,1,0,0:0:0:0:
329,192,21039,1,0,0:0:0:0:
475,192,21039,1,0,0:0:0:0:
36,192,21208,1,0,0:0:0:50:snare.wav
109,192,21208,1,0,0:0:0:0:
256,192,21208,1,0,0:0:0:0:
402,192,21208,1,0,0:0:0:0:
36,192,21378,1,0,0:0:0:50:snare.wav
182,192,21378,1,0,0:0:0:0:
329,192,21378,1,0,0:0:0:0:
475,192,21378,1,0,0:0:0:0:
36,192,21547,1,0,0:0:0:50:snare.wav
109,192,21547,1,0,0:0:0:0:
256,192,21547,1,0,0:0:0:0:
402,192,21547,1,0,0:0:0:0:
36,192,21716,1,0,0:0:0:50:snare.wav
109,192,21716,1,0,0:0:0:0:
256,192,21716,1,0,0:0:0:0:
182,192,21801,1,0,0:0:0:50:snare.wav
402,192,21801,1,0,0:0:0:0:
475,192,21801,1,0,0:0:0:0:
36,192,21886,1,0,0:0:0:50:snare.wav
109,192,21886,1,0,0:0:0:0:
329,192,21886,1,0,0:0:0:0:
256,192,21971,1,0,0:0:0:50:snare.wav
402,192,21971,1,0,0:0:0:0:
475,192,21971,1,0,0:0:0:0:
36,192,22055,1,0,0:0:0:50:snare.wav
109,192,22055,1,0,0:0:0:0:
182,192,22055,1,0,0:0:0:0:
329,192,22140,1,0,0:0:0:50:snare.wav
402,192,22140,1,0,0:0:0:0:
475,192,22140,1,0,0:0:0:0:
36,192,22225,1,0,0:0:0:50:snare.wav
109,192,22225,1,0,0:0:0:0:
182,192,22225,1,0,0:0:0:0:
256,192,22310,1,0,0:0:0:50:snare.wav
402,192,22310,1,0,0:0:0:0:
475,192,22310,1,0,0:0:0:0:
36,192,22394,1,0,0:0:0:50:snare.wav
109,192,22394,1,0,0:0:0:0:
329,192,22394,1,0,0:0:0:0:
182,192,22479,1,0,0:0:0:50:snare.wav
402,192,22479,1,0,0:0:0:0:
475,192,22479,1,0,0:0:0:0:
36,192,22564,1,0,0:0:0:50:snare.wav
109,192,22564,1,0,0:0:0:0:
256,192,22564,1,0,0:0:0:0:
329,192,22649,1,0,0:0:0:50:snare.wav
402,192,22649,1,0,0:0:0:0:
475,192,22649,1,0,0:0:0:0:
36,192,22733,1,0,0:0:0:50:snare.wav
109,192,22733,1,0,0:0:0:0:
182,192,22733,1,0,0:0:0:0:
329,192,22818,1,0,0:0:0:50:snare.wav
402,192,22818,1,0,0:0:0:0:
475,192,22818,1,0,0:0:0:0:
36,192,22903,1,0,0:0:0:50:snare.wav
109,192,22903,1,0,0:0:0:0:
256,192,22903,1,0,0:0:0:0:
182,192,22988,1,0,0:0:0:50:snare.wav
402,192,22988,1,0,0:0:0:0:
475,192,22988,1,0,0:0:0:0:
36,192,23072,128,0,23666:0:0:0:0:
109,192,23072,128,0,23623:0:0:0:0:
256,192,23072,128,0,23581:0:0:0:0:
329,192,23072,128,0,23539:0:0:0:0:
329,192,23750,128,0,23835:0:0:0:0:
402,192,23793,128,0,23878:0:0:0:0:
475,192,23835,128,0,23920:0:0:0:0:
182,192,23920,128,0,24005:0:0:0:0:
109,192,23962,128,0,24047:0:0:0:0:
36,192,24005,128,0,24089:0:0:0:0:
256,192,24089,128,0,24428:0:0:0:0:
36,192,24428,1,0,0:0:0:50:kick.wav
109,192,24428,1,0,0:0:0:50:cymbal.wav
182,192,24428,1,0,0:0:0:0:
402,192,24428,1,0,0:0:0:0:
475,192,24428,1,0,0:0:0:0:
109,192,24598,1,0,0:0:0:0:
329,192,24598,1,0,0:0:0:0:
182,192,24683,1,0,0:0:0:0:
402,192,24683,1,0,0:0:0:0:
36,192,24767,1,0,0:0:0:50:kick.wav
256,192,24767,1,0,0:0:0:0:
329,192,24767,1,0,0:0:0:0:
475,192,24767,1,0,0:0:0:0:
36,192,24937,128,0,25530:0:0:0:0:
182,192,24937,128,0,25022:0:0:0:0:
329,192,24937,128,0,25022:0:0:0:0:
109,192,25106,128,0,25361:0:0:0:50:snare.wav
256,192,25106,128,0,25191:0:0:0:0:
402,192,25106,128,0,25191:0:0:0:0:
475,192,25106,1,0,0:0:0:0:
182,192,25276,128,0,25361:0:0:0:50:kick.wav
329,192,25276,128,0,25361:0:0:0:0:
402,192,25276,1,0,0:0:0:0:
475,192,25276,128,0,25530:0:0:0:0:
109,192,25445,128,0,25530:0:0:0:0:
256,192,25445,128,0,25530:0:0:0:0:
402,192,25445,128,0,25530:0:0:0:0:
36,192,25615,128,0,25869:0:0:0:50:kick.wav
182,192,25615,128,0,25869:0:0:0:0:
329,192,25615,128,0,25869:0:0:0:0:
475,192,25615,128,0,25869:0:0:0:0:
36,192,25954,128,0,26208:0:0:0:50:kick.wav
109,192,25954,128,0,26208:0:0:0:0:
256,192,25954,128,0,26039:0:0:0:0:
329,192,25954,128,0,26039:0:0:0:0:
402,192,26039,128,0,26123:0:0:0:0:
475,192,26039,128,0,26123:0:0:0:0:
182,192,26123,128,0,26208:0:0:0:0:
256,192,26123,128,0,26208:0:0:0:0:
329,192,26208,128,0,26293:0:0:0:0:
402,192,26208,128,0,26293:0:0:0:0:
36,192,26293,1,0,0:0:0:50:kick.wav
109,192,26293,128,0,26378:0:0:0:0:
182,192,26293,128,0,26378:0:0:0:0:
475,192,26293,1,0,0:0:0:0:
256,192,26378,128,0,26462:0:0:0:0:
329,192,26378,128,0,26462:0:0:0:0:
36,192,26462,128,0,26547:0:0:0:50:snare.wav
109,192,26462,128,0,26547:0:0:0:0:
402,192,26462,1,0,0:0:0:0:
475,192,26462,1,0,0:0:0:0:
36,192,26632,1,0,0:0:0:50:kick.wav
109,192,26632,1,0,0:0:0:0:
182,192,26632,1,0,0:0:0:0:
329,192,26716,1,0,0:0:0:50:kick.wav
402,192,26716,1,0,0:0:0:0:
475,192,26716,1,0,0:0:0:0:
109,192,26801,1,0,0:0:0:50:kick.wav
182,192,26801,1,0,0:0:0:0:
256,192,26801,1,0,0:0:0:0:
36,192,26886,1,0,0:0:0:50:kick.wav
402,192,26886,1,0,0:0:0:0:
475,192,26886,1,0,0:0:0:0:
182,192,26971,1,0,0:0:0:50:kick.wav
256,192,26971,1,0,0:0:0:0:
329,192,26971,1,0,0:0:0:0:
36,192,27055,1,0,0:0:0:50:kick.wav
109,192,27055,1,0,0:0:0:0:
475,192,27055,1,0,0:0:0:0:
256,192,27140,1,0,0:0:0:50:kick.wav
329,192,27140,1,0,0:0:0:0:
402,192,27140,1,0,0:0:0:0:
36,192,27479,128,0,27903:0:0:0:50:kick.wav
182,192,27479,128,0,27564:0:0:0:50:cymbal.wav
329,192,27479,128,0,27564:0:0:0:0:
402,192,27479,1,0,0:0:0:0:
475,192,27479,128,0,27733:0:0:0:0:
109,192,27649,128,0,27903:0:0:0:0:
256,192,27649,128,0,27733:0:0:0:0:
402,192,27649,128,0,27733:0:0:0:0:
182,192,27818,128,0,27903:0:0:0:50:snare.wav
256,192,27818,1,0,0:0:0:0:
329,192,27818,128,0,27903:0:0:0:0:
475,192,27818,128,0,27903:0:0:0:0:
36,192,27988,1,0,0:0:0:0:
402,192,27988,128,0,28157:0:0:0:0:
475,192,27988,128,0,28157:0:0:0:0:
109,192,28030,1,0,0:0:0:0:
182,192,28072,1,0,0:0:0:0:
256,192,28115,1,0,0:0:0:0:
329,192,28157,1,0,0:0:0:0:
36,192,28242,1,0,0:0:0:0:
182,192,28327,128,0,28496:0:0:0:0:
329,192,28327,128,0,28496:0:0:0:0:
36,192,28496,128,0,28581:0:0:0:50:kick.wav
109,192,28496,128,0,28581:0:0:0:0:
256,192,28496,128,0,28581:0:0:0:0:
402,192,28496,1,0,0:0:0:0:
475,192,28496,1,0,0:0:0:0:
329,192,28666,128,0,28750:0:0:0:0:
36,192,28750,128,0,28835:0:0:0:50:kick.wav
109,192,28750,128,0,28835:0:0:0:0:
182,192,28750,128,0,28835:0:0:0:0:
475,192,28750,128,0,28835:0:0:0:0:
402,192,28835,128,0,28920:0:0:0:0:
329,192,28920,128,0,29005:0:0:0:0:
36,192,29005,128,0,29089:0:0:0:50:kick.wav
109,192,29005,128,0,29089:0:0:0:0:
182,192,29005,128,0,29089:0:0:0:0:
402,192,29005,128,0,29089:0:0:0:0:
329,192,29089,128,0,29174:0:0:0:0:
36,192,29174,128,0,29259:0:0:0:50:snare.wav
109,192,29174,128,0,29259:0:0:0:0:
182,192,29174,128,0,29259:0:0:0:0:
256,192,29174,128,0,29259:0:0:0:0:
475,192,29174,1,0,0:0:0:0:
36,192,29344,1,0,0:0:0:50:kick.wav
109,192,29344,1,0,0:0:0:0:
182,192,29344,128,0,29457:0:0:0:0:
256,192,29344,1,0,0:0:0:0:
329,192,29400,128,0,29513:0:0:0:0:
475,192,29457,128,0,29570:0:0:0:0:
36,192,29513,128,0,29626:0:0:0:0:
256,192,29513,128,0,29626:0:0:0:0:
329,192,29683,1,0,0:0:0:50:kick.wav
402,192,29683,1,0,0:0:0:0:
475,192,29683,1,0,0:0:0:0:
36,192,29767,1,0,0:0:0:50:kick.wav
109,192,29767,1,0,0:0:0:0:
182,192,29767,1,0,0:0:0:0:
329,192,29852,128,0,29937:0:0:0:0:
402,192,29894,128,0,29979:0:0:0:0:
475,192,29937,128,0,30022:0:0:0:0:
36,192,30022,128,0,30106:0:0:0:0:
109,192,30064,128,0,30149:0:0:0:0:
182,192,30106,128,0,30191:0:0:0:0:
329,192,30191,128,0,30361:0:0:0:0:
402,192,30276,128,0,30445:0:0:0:0:
36,192,30361,128,0,30445:0:0:0:50:kick.wav
109,192,30361,128,0,30445:0:0:0:50:cymbal.wav
182,192,30361,128,0,30445:0:0:0:0:
256,192,30361,128,0,30530:0:0:0:0:
475,192,30361,128,0,30530:0:0:0:0:
36,192,30530,1,0,0:0:0:50:snare.wav
182,192,30530,128,0,30615:0:0:0:0:
329,192,30530,128,0,30700:0:0:0:0:
402,192,30530,1,0,0:0:0:0:
109,192,30700,1,0,0:0:0:50:kick.wav
256,192,30700,128,0,30784:0:0:0:0:
402,192,30700,128,0,30869:0:0:0:0:
475,192,30700,1,0,0:0:0:0:
182,192,30869,1,0,0:0:0:0:
329,192,30869,128,0,30954:0:0:0:0:
475,192,30869,128,0,31039:0:0:0:0:
36,192,31039,128,0,31378:0:0:0:50:kick.wav
109,192,31039,128,0,31378:0:0:0:0:
256,192,31039,128,0,31378:0:0:0:0:
402,192,31039,128,0,31378:0:0:0:0:
329,192,31378,128,0,31462:0:0:0:0:
475,192,31462,128,0,31547:0:0:0:0:
36,192,31547,128,0,31801:0:0:0:50:kick.wav
109,192,31547,128,0,31716:0:0:0:0:
182,192,31547,128,0,31632:0:0:0:0:
402,192,31547,128,0,31632:0:0:0:0:
329,192,31632,128,0,31716:0:0:0:0:
256,192,31716,128,0,31801:0:0:0:0:
182,192,31801,128,0,31886:0:0:0:0:
36,192,31886,128,0,32055:0:0:0:50:snare.wav
109,192,31886,128,0,32055:0:0:0:0:
329,192,31886,128,0,31971:0:0:0:0:
475,192,31886,1,0,0:0:0:0:
182,192,32055,128,0,32140:0:0:0:50:kick.wav
329,192,32055,128,0,32310:0:0:0:0:
402,192,32055,128,0,32479:0:0:0:0:
475,192,32055,128,0,32649:0:0:0:0:
36,192,32225,128,0,32394:0:0:0:0:
182,192,32225,1,0,0:0:0:0:
256,192,32225,128,0,32310:0:0:0:0:
109,192,32394,128,0,32564:0:0:0:0:
256,192,32394,1,0,0:0:0:0:
329,192,32394,128,0,32479:0:0:0:0:
36,192,32564,128,0,32903:0:0:0:50:kick.wav
182,192,32564,128,0,32903:0:0:0:0:
329,192,32564,1,0,0:0:0:0:
402,192,32564,128,0,32649:0:0:0:0:
256,192,32733,128,0,32903:0:0:0:0:
109,192,32903,128,0,32988:0:0:0:0:
329,192,32903,128,0,33072:0:0:0:0:
475,192,32903,128,0,33072:0:0:0:0:
36,192,33072,128,0,33157:0:0:0:50:kick.wav
182,192,33072,1,0,0:0:0:0:
256,192,33072,128,0,33411:0:0:0:0:
402,192,33072,128,0,33411:0:0:0:0:
36,192,33242,1,0,0:0:0:50:snare.wav
109,192,33242,128,0,33411:0:0:0:0:
329,192,33242,1,0,0:0:0:0:
475,192,33242,1,0,0:0:0:0:
182,192,33411,1,0,0:0:0:0:
329,192,33411,128,0,33496:0:0:0:0:
109,192,33496,1,0,0:0:0:0:
256,192,33496,128,0,33581:0:0:0:0:
36,192,33581,128,0,33750:0:0:0:50:kick.wav
182,192,33581,128,0,33666:0:0:0:0:
402,192,33581,128,0,33835:0:0:0:0:
475,192,33581,128,0,34005:0:0:0:0:
109,192,33750,128,0,33920:0:0:0:0:
256,192,33750,128,0,33835:0:0:0:0:
329,192,33750,1,0,0:0:0:0:
36,192,33920,1,0,0:0:0:0:
182,192,33920,128,0,34089:0:0:0:0:
329,192,33920,128,0,34005:0:0:0:0:
36,192,34089,128,0,34513:0:0:0:50:kick.wav
109,192,34089,128,0,34344:0:0:0:0:
329,192,34089,128,0,34174:0:0:0:0:
475,192,34089,128,0,34259:0:0:0:0:
182,192,34259,1,0,0:0:0:0:
256,192,34259,128,0,34344:0:0:0:0:
402,192,34259,128,0,34428:0:0:0:0:
109,192,34428,1,0,0:0:0:0:
182,192,34428,128,0,34513:0:0:0:0:
329,192,34428,128,0,34598:0:0:0:0:
36,192,34598,128,0,34683:0:0:0:50:snare.wav
182,192,34598,128,0,34767:0:0:0:0:
402,192,34598,128,0,34937:0:0:0:0:
475,192,34598,128,0,35106:0:0:0:0:
36,192,34767,1,0,0:0:0:50:kick.wav
109,192,34767,128,0,34852:0:0:0:0:
256,192,34767,128,0,34937:0:0:0:0:
109,192,34937,1,0,0:0:0:0:
182,192,34937,128,0,35022:0:0:0:0:
329,192,34937,128,0,35106:0:0:0:0:
109,192,35106,128,0,35276:0:0:0:0:
256,192,35106,128,0,35191:0:0:0:0:
402,192,35106,1,0,0:0:0:0:
36,192,35276,128,0,35361:0:0:0:50:kick.wav
182,192,35276,1,0,0:0:0:50:cymbal.wav
329,192,35276,1,0,0:0:0:0:
402,192,35276,1,0,0:0:0:0:
475,192,35276,1,0,0:0:0:0:
36,192,35445,128,0,36378:0:0:0:0:
182,192,35615,128,0,35700:0:0:0:0:
182,192,35784,128,0,36378:0:0:0:0:
329,192,35869,128,0,35954:0:0:0:0:
329,192,36039,128,0,36632:0:0:0:0:
475,192,36123,128,0,36632:0:0:0:0:
36,192,36462,128,0,36632:0:0:0:0:
182,192,36462,128,0,36632:0:0:0:0:
329,192,36801,128,0,36886:0:0:0:0:
475,192,36801,128,0,36886:0:0:0:0:
36,192,36886,128,0,36971:0:0:0:0:
182,192,36886,128,0,36971:0:0:0:0:
329,192,36971,128,0,37055:0:0:0:0:
475,192,36971,128,0,37055:0:0:0:0:
36,192,37055,128,0,37140:0:0:0:0:
182,192,37055,128,0,37140:0:0:0:0:
329,192,37140,128,0,37225:0:0:0:0:
475,192,37140,128,0,37225:0:0:0:0:
36,192,37225,128,0,37310:0:0:0:0:
182,192,37225,128,0,37310:0:0:0:0:
256,192,37310,128,0,37988:0:0:0:0:
329,192,37310,128,0,37479:0:0:0:0:
475,192,37310,128,0,37479:0:0:0:0:
329,192,37564,128,0,37733:0:0:0:0:
475,192,37564,128,0,37733:0:0:0:0:
329,192,37818,128,0,37988:0:0:0:0:
475,192,37818,128,0,37988:0:0:0:0:
36,192,37988,128,0,38242:0:0:0:50:kick.wav
109,192,37988,128,0,38242:0:0:0:0:
182,192,37988,1,0,0:0:0:0:
402,192,37988,1,0,0:0:0:0:
36,192,38327,1,0,0:0:0:50:snare.wav
109,192,38327,1,0,0:0:0:50:cymbal.wav
182,192,38327,1,0,0:0:0:0:
329,192,38327,1,0,0:0:0:0:
402,192,38327,1,0,0:0:0:0:
475,192,38411,1,0,0:0:0:0:
182,192,38496,1,0,0:0:0:0:
256,192,38496,1,0,0:0:0:0:
402,192,38496,1,0,0:0:0:0:
36,192,38581,1,0,0:0:0:0:
256,192,38666,1,0,0:0:0:0:
329,192,38666,1,0,0:0:0:0:
475,192,38666,1,0,0:0:0:0:
109,192,38750,1,0,0:0:0:0:
36,192,38835,1,0,0:0:0:50:kick.wav
182,192,38835,1,0,0:0:0:0:
402,192,38835,1,0,0:0:0:0:
329,192,38920,1,0,0:0:0:0:
109,192,39005,1,0,0:0:0:50:snare.wav
256,192,39005,1,0,0:0:0:0:
402,192,39005,1,0,0:0:0:0:
475,192,39005,1,0,0:0:0:0:
36,192,39089,1,0,0:0:0:0:
182,192,39174,1,0,0:0:0:0:
329,192,39174,1,0,0:0:0:0:
475,192,39174,1,0,0:0:0:0:
256,192,39259,1,0,0:0:0:0:
36,192,39344,1,0,0:0:0:50:kick.wav
109,192,39344,1,0,0:0:0:0:
402,192,39344,1,0,0:0:0:0:
475,192,39344,1,0,0:0:0:0:
182,192,39428,1,0,0:0:0:0:
256,192,39513,1,0,0:0:0:0:
402,192,39513,1,0,0:0:0:0:
36,192,39598,1,0,0:0:0:0:
109,192,39683,1,0,0:0:0:50:snare.wav
256,192,39683,1,0,0:0:0:0:
329,192,39683,1,0,0:0:0:0:
475,192,39683,1,0,0:0:0:0:
182,192,39767,1,0,0:0:0:0:
329,192,39852,1,0,0:0:0:0:
402,192,39852,1,0,0:0:0:0:
475,192,39852,1,0,0:0:0:0:
36,192,39937,1,0,0:0:0:0:
109,192,39937,1,0,0:0:0:0:
256,192,39937,1,0,0:0:0:0:
329,192,40022,1,0,0:0:0:0:
402,192,40022,1,0,0:0:0:0:
475,192,40022,1,0,0:0:0:0:
182,192,40106,1,0,0:0:0:0:
36,192,40191,1,0,0:0:0:50:kick.wav
109,192,40191,1,0,0:0:0:0:
256,192,40191,1,0,0:0:0:0:
329,192,40276,1,0,0:0:0:0:
36,192,40361,1,0,0:0:0:50:snare.wav
182,192,40361,1,0,0:0:0:0:
402,192,40361,1,0,0:0:0:0:
475,192,40361,1,0,0:0:0:0:
256,192,40445,1,0,0:0:0:0:
109,192,40530,1,0,0:0:0:0:
329,192,40530,1,0,0:0:0:0:
402,192,40530,1,0,0:0:0:0:
475,192,40615,1,0,0:0:0:0:
36,192,40700,1,0,0:0:0:50:kick.wav
182,192,40700,1,0,0:0:0:0:
256,192,40700,1,0,0:0:0:0:
329,192,40700,1,0,0:0:0:0:
402,192,40784,1,0,0:0:0:0:
109,192,40869,1,0,0:0:0:0:
329,192,40869,1,0,0:0:0:0:
475,192,40869,1,0,0:0:0:0:
182,192,40954,1,0,0:0:0:0:
36,192,41039,1,0,0:0:0:50:snare.wav
109,192,41039,1,0,0:0:0:0:
256,192,41039,1,0,0:0:0:0:
475,192,41039,1,0,0:0:0:0:
402,192,41095,1,0,0:0:0:0:
329,192,41152,1,0,0:0:0:0:
36,192,41208,1,0,0:0:0:0:
182,192,41208,1,0,0:0:0:0:
256,192,41208,1,0,0:0:0:0:
402,192,41293,1,0,0:0:0:0:
109,192,41378,1,0,0:0:0:0:
182,192,41378,1,0,0:0:0:0:
329,192,41378,1,0,0:0:0:0:
475,192,41462,1,0,0:0:0:0:
36,192,41547,1,0,0:0:0:50:kick.wav
109,192,41547,1,0,0:0:0:0:
256,192,41547,1,0,0:0:0:0:
402,192,41632,1,0,0:0:0:0:
109,192,41716,1,0,0:0:0:50:snare.wav
182,192,41716,1,0,0:0:0:0:
329,192,41716,1,0,0:0:0:0:
475,192,41716,1,0,0:0:0:0:
36,192,41801,1,0,0:0:0:0:
182,192,41886,1,0,0:0:0:0:
256,192,41886,1,0,0:0:0:0:
402,192,41886,1,0,0:0:0:0:
109,192,41971,1,0,0:0:0:0:
36,192,42055,1,0,0:0:0:50:kick.wav
256,192,42055,1,0,0:0:0:0:
329,192,42055,1,0,0:0:0:0:
402,192,42055,1,0,0:0:0:0:
475,192,42140,1,0,0:0:0:0:
36,192,42225,1,0,0:0:0:0:
109,192,42225,1,0,0:0:0:0:
182,192,42310,1,0,0:0:0:0:
256,192,42310,1,0,0:0:0:0:
36,192,42394,1,0,0:0:0:50:snare.wav
109,192,42394,1,0,0:0:0:0:
329,192,42394,1,0,0:0:0:0:
475,192,42394,1,0,0:0:0:0:
256,192,42479,1,0,0:0:0:0:
402,192,42479,1,0,0:0:0:0:
182,192,42564,1,0,0:0:0:0:
329,192,42564,1,0,0:0:0:0:
109,192,42649,1,0,0:0:0:0:
256,192,42649,1,0,0:0:0:0:
36,192,42733,1,0,0:0:0:0:
182,192,42733,1,0,0:0:0:0:
475,192,42733,1,0,0:0:0:0:
329,192,42818,1,0,0:0:0:0:
109,192,42903,1,0,0:0:0:50:kick.wav
256,192,42903,1,0,0:0:0:0:
402,192,42903,1,0,0:0:0:0:
182,192,42988,1,0,0:0:0:0:
36,192,43072,1,0,0:0:0:50:snare.wav
109,192,43072,1,0,0:0:0:0:
329,192,43072,1,0,0:0:0:0:
475,192,43072,1,0,0:0:0:0:
256,192,43157,1,0,0:0:0:0:
182,192,43242,1,0,0:0:0:0:
402,192,43242,1,0,0:0:0:0:
475,192,43242,1,0,0:0:0:0:
329,192,43327,1,0,0:0:0:0:
36,192,43411,1,0,0:0:0:50:kick.wav
109,192,43411,1,0,0:0:0:0:
182,192,43411,1,0,0:0:0:0:
256,192,43411,1,0,0:0:0:0:
329,192,43496,1,0,0:0:0:0:
182,192,43581,1,0,0:0:0:0:
402,192,43581,1,0,0:0:0:0:
475,192,43581,1,0,0:0:0:0:
256,192,43666,1,0,0:0:0:0:
109,192,43750,1,0,0:0:0:50:snare.wav
329,192,43750,1,0,0:0:0:0:
402,192,43750,1,0,0:0:0:0:
475,192,43750,1,0,0:0:0:0:
182,192,43835,1,0,0:0:0:0:
36,192,43920,1,0,0:0:0:0:
256,192,43920,1,0,0:0:0:0:
329,192,43920,1,0,0:0:0:0:
109,192,44005,1,0,0:0:0:0:
182,192,44089,1,0,0:0:0:0:
402,192,44089,1,0,0:0:0:0:
475,192,44089,1,0,0:0:0:0:
329,192,44174,1,0,0:0:0:0:
36,192,44259,1,0,0:0:0:50:kick.wav
109,192,44259,1,0,0:0:0:0:
256,192,44259,1,0,0:0:0:0:
402,192,44344,1,0,0:0:0:0:
475,192,44344,1,0,0:0:0:0:
36,192,44428,1,0,0:0:0:50:snare.wav
109,192,44428,1,0,0:0:0:0:
182,192,44428,1,0,0:0:0:0:
329,192,44428,1,0,0:0:0:0:
402,192,44513,1,0,0:0:0:0:
182,192,44598,1,0,0:0:0:0:
256,192,44598,1,0,0:0:0:0:
475,192,44598,1,0,0:0:0:0:
109,192,44683,1,0,0:0:0:0:
256,192,44767,1,0,0:0:0:50:kick.wav
329,192,44767,1,0,0:0:0:0:
402,192,44767,1,0,0:0:0:0:
475,192,44767,1,0,0:0:0:0:
182,192,44852,1,0,0:0:0:0:
36,192,44937,1,0,0:0:0:50:snare.wav
109,192,44937,1,0,0:0:0:0:
402,192,44937,1,0,0:0:0:0:
475,192,44937,1,0,0:0:0:0:
329,192,45022,1,0,0:0:0:0:
36,192,45106,1,0,0:0:0:50:kick.wav
182,192,45106,1,0,0:0:0:0:
256,192,45106,1,0,0:0:0:0:
402,192,45191,1,0,0:0:0:0:
36,192,45276,1,0,0:0:0:0:
109,192,45276,1,0,0:0:0:0:
256,192,45276,1,0,0:0:0:0:
402,192,45361,1,0,0:0:0:0:
475,192,45361,1,0,0:0:0:0:
36,192,45445,1,0,0:0:0:50:snare.wav
109,192,45445,1,0,0:0:0:0:
182,192,45445,1,0,0:0:0:0:
329,192,45445,1,0,0:0:0:0:
475,192,45530,1,0,0:0:0:0:
109,192,45615,1,0,0:0:0:50:snare.wav
182,192,45615,1,0,0:0:0:0:
256,192,45615,1,0,0:0:0:0:
402,192,45615,1,0,0:0:0:0:
36,192,45700,1,0,0:0:0:0:
256,192,45784,1,0,0:0:0:50:snare.wav
329,192,45784,1,0,0:0:0:0:
475,192,45784,1,0,0:0:0:0:
36,192,45869,1,0,0:0:0:50:snare.wav
109,192,45869,1,0,0:0:0:0:
182,192,45869,1,0,0:0:0:0:
329,192,45954,1,0,0:0:0:50:snare.wav
402,192,45954,1,0,0:0:0:0:
475,192,45954,1,0,0:0:0:0:
36,192,46039,1,0,0:0:0:50:snare.wav
109,192,46039,1,0,0:0:0:0:
182,192,46039,1,0,0:0:0:0:
256,192,46123,128,0,46293:0:0:0:50:cymbal.wav
329,192,46123,1,0,0:0:0:0:
402,192,46123,128,0,46293:0:0:0:0:
475,192,46123,128,0,46293:0:0:0:0:
36,192,46293,1,0,0:0:0:100:hihat1.wav
109,192,46293,1,0,0:0:0:0:
182,192,46462,128,0,46632:0:0:0:50:kick.wav
329,192,46462,128,0,46632:0:0:0:50:snare.wav
402,192,46462,128,0,46632:0:0:0:0:
475,192,46462,1,0,0:0:0:0:
36,192,46632,1,0,0:0:0:100:hihat1.wav
256,192,46632,1,0,0:0:0:0:
475,192,46716,1,0,0:0:0:0:
36,192,46801,128,0,47140:0:0:0:50:kick.wav
182,192,46801,128,0,46971:0:0:0:0:
329,192,46801,128,0,46886:0:0:0:0:
109,192,46971,128,0,47310:0:0:0:100:hihat1.wav
256,192,46971,128,0,47140:0:0:0:0:
402,192,46971,128,0,47055:0:0:0:0:
182,192,47140,128,0,47479:0:0:0:50:kick.wav
329,192,47140,128,0,47310:0:0:0:50:snare.wav
402,192,47140,1,0,0:0:0:0:
475,192,47140,128,0,47225:0:0:0:0:
256,192,47310,128,0,47479:0:0:0:100:hihat1.wav
402,192,47310,128,0,47479:0:0:0:0:
475,192,47310,128,0,47479:0:0:0:0:
36,192,47479,1,0,0:0:0:50:kick.wav
109,192,47479,1,0,0:0:0:0:
329,192,47479,1,0,0:0:0:0:
256,192,47649,128,0,47818:0:0:0:100:hihat1.wav
402,192,47649,128,0,47818:0:0:0:0:
475,192,47649,128,0,47818:0:0:0:0:
36,192,47818,1,0,0:0:0:50:kick.wav
109,192,47818,1,0,0:0:0:50:snare.wav
182,192,47818,1,0,0:0:0:0:
329,192,47818,1,0,0:0:0:0:
329,192,47988,128,0,48157:0:0:0:100:hihat1.wav
402,192,47988,128,0,48157:0:0:0:0:
475,192,47988,128,0,48157:0:0:0:0:
36,192,48157,1,0,0:0:0:50:kick.wav
182,192,48157,1,0,0:0:0:0:
256,192,48157,1,0,0:0:0:0:
182,192,48327,128,0,48411:0:0:0:100:hihat1.wav
329,192,48327,128,0,48496:0:0:0:0:
475,192,48327,128,0,48835:0:0:0:0:
36,192,48496,1,0,0:0:0:50:kick.wav
109,192,48496,128,0,48581:0:0:0:50:snare.wav
256,192,48496,128,0,48666:0:0:0:0:
402,192,48496,128,0,48835:0:0:0:0:
36,192,48666,128,0,48750:0:0:0:100:hihat1.wav
182,192,48666,128,0,48835:0:0:0:0:
329,192,48666,128,0,48835:0:0:0:0:
36,192,48835,1,0,0:0:0:50:kick.wav
109,192,48835,1,0,0:0:0:0:
256,192,48835,1,0,0:0:0:0:
182,192,49005,1,0,0:0:0:100:hihat1.wav
402,192,49005,1,0,0:0:0:0:
36,192,49174,128,0,49767:0:0:0:50:kick.wav
182,192,49174,128,0,49344:0:0:0:50:snare.wav
329,192,49174,128,0,49259:0:0:0:0:
475,192,49174,1,0,0:0:0:0:
109,192,49344,128,0,49598:0:0:0:100:hihat1.wav
256,192,49344,128,0,49513:0:0:0:0:
402,192,49344,128,0,49428:0:0:0:0:
182,192,49513,128,0,49598:0:0:0:50:kick.wav
329,192,49513,128,0,49683:0:0:0:0:
475,192,49513,128,0,49852:0:0:0:0:
109,192,49683,128,0,49767:0:0:0:100:hihat1.wav
256,192,49683,128,0,49852:0:0:0:0:
402,192,49683,128,0,49852:0:0:0:0:
36,192,49852,1,0,0:0:0:50:kick.wav
109,192,49852,1,0,0:0:0:50:snare.wav
182,192,49852,1,0,0:0:0:0:
329,192,49852,1,0,0:0:0:0:
36,192,50022,128,0,50191:0:0:0:100:hihat1.wav
182,192,50022,128,0,50191:0:0:0:0:
329,192,50022,128,0,50106:0:0:0:0:
402,192,50106,1,0,0:0:0:0:
109,192,50191,1,0,0:0:0:50:kick.wav
256,192,50191,1,0,0:0:0:0:
475,192,50191,1,0,0:0:0:0:
109,192,50361,128,0,50445:0:0:0:100:hihat1.wav
256,192,50361,128,0,50530:0:0:0:0:
402,192,50361,128,0,50700:0:0:0:0:
36,192,50530,1,0,0:0:0:50:kick.wav
182,192,50530,128,0,50615:0:0:0:50:snare.wav
329,192,50530,128,0,50700:0:0:0:0:
475,192,50530,128,0,50700:0:0:0:0:
36,192,50700,128,0,51123:0:0:0:100:hihat1.wav
109,192,50700,128,0,50954:0:0:0:0:
256,192,50700,128,0,50784:0:0:0:0:
182,192,50869,128,0,50954:0:0:0:50:kick.wav
329,192,50869,128,0,51039:0:0:0:0:
475,192,50869,128,0,51378:0:0:0:0:
109,192,51039,128,0,51123:0:0:0:100:hihat1.wav
256,192,51039,128,0,51208:0:0:0:0:
402,192,51039,128,0,51378:0:0:0:0:
36,192,51208,128,0,51293:0:0:0:50:kick.wav
109,192,51208,1,0,0:0:0:50:snare.wav
182,192,51208,128,0,51378:0:0:0:0:
329,192,51208,128,0,51378:0:0:0:0:
36,192,51378,1,0,0:0:0:100:hihat1.wav
256,192,51378,1,0,0:0:0:0:
256,192,51547,128,0,51716:0:0:0:50:kick.wav
402,192,51547,128,0,51716:0:0:0:0:
475,192,51547,128,0,51716:0:0:0:0:
36,192,51716,1,0,0:0:0:100:hihat1.wav
182,192,51716,1,0,0:0:0:0:
109,192,51886,128,0,52055:0:0:0:50:kick.wav
256,192,51886,128,0,52055:0:0:0:50:snare.wav
329,192,51886,128,0,52055:0:0:0:0:
402,192,51886,1,0,0:0:0:0:
182,192,52055,1,0,0:0:0:100:hihat1.wav
475,192,52055,1,0,0:0:0:0:
402,192,52140,1,0,0:0:0:0:
36,192,52225,128,0,52564:0:0:0:50:kick.wav
109,192,52225,128,0,52310:0:0:0:0:
256,192,52225,128,0,52394:0:0:0:0:
109,192,52394,128,0,52733:0:0:0:100:hihat1.wav
182,192,52394,128,0,52479:0:0:0:0:
329,192,52394,128,0,52564:0:0:0:0:
182,192,52564,128,0,52903:0:0:0:50:kick.wav
256,192,52564,128,0,52649:0:0:0:50:snare.wav
402,192,52564,128,0,52733:0:0:0:0:
475,192,52564,1,0,0:0:0:0:
256,192,52733,128,0,52903:0:0:0:100:hihat1.wav
329,192,52733,128,0,52903:0:0:0:0:
475,192,52733,128,0,52903:0:0:0:0:
36,192,52903,1,0,0:0:0:50:kick.wav
109,192,52903,1,0,0:0:0:0:
402,192,52903,1,0,0:0:0:0:
256,192,53072,128,0,53242:0:0:0:100:hihat1.wav
329,192,53072,128,0,53242:0:0:0:0:
475,192,53072,128,0,53242:0:0:0:0:
36,192,53242,1,0,0:0:0:50:kick.wav
109,192,53242,1,0,0:0:0:50:snare.wav
182,192,53242,1,0,0:0:0:0:
402,192,53242,1,0,0:0:0:0:
329,192,53411,128,0,53581:0:0:0:100:hihat1.wav
402,192,53411,128,0,53581:0:0:0:0:
475,192,53411,128,0,53581:0:0:0:0:
36,192,53581,1,0,0:0:0:50:kick.wav
109,192,53581,1,0,0:0:0:0:
182,192,53581,1,0,0:0:0:0:
256,192,53750,128,0,53835:0:0:0:100:hihat1.wav
402,192,53750,128,0,53835:0:0:0:0:
475,192,53750,128,0,54259:0:0:0:0:
109,192,53835,1,0,0:0:0:0:
36,192,53920,1,0,0:0:0:50:kick.wav
182,192,53920,128,0,54005:0:0:0:50:snare.wav
329,192,53920,128,0,54005:0:0:0:0:
402,192,53920,128,0,54259:0:0:0:0:
109,192,54089,128,0,54174:0:0:0:100:hihat1.wav
256,192,54089,128,0,54259:0:0:0:0:
329,192,54089,128,0,54259:0:0:0:0:
36,192,54259,1,0,0:0:0:50:kick.wav
109,192,54259,1,0,0:0:0:0:
182,192,54259,1,0,0:0:0:0:
329,192,54428,1,0,0:0:0:100:hihat1.wav
475,192,54428,1,0,0:0:0:0:
36,192,54598,128,0,54937:0:0:0:50:kick.wav
109,192,54598,1,0,0:0:0:50:snare.wav
256,192,54598,128,0,54767:0:0:0:0:
402,192,54598,128,0,54683:0:0:0:0:
182,192,54767,128,0,54937:0:0:0:100:hihat1.wav
329,192,54767,128,0,54937:0:0:0:0:
475,192,54767,128,0,54852:0:0:0:0:
109,192,54937,128,0,55022:0:0:0:50:kick.wav
256,192,54937,128,0,55106:0:0:0:0:
475,192,54937,128,0,55276:0:0:0:0:
36,192,55106,128,0,55191:0:0:0:100:hihat1.wav
182,192,55106,128,0,55276:0:0:0:0:
329,192,55106,128,0,55276:0:0:0:0:
36,192,55276,1,0,0:0:0:50:kick.wav
109,192,55276,1,0,0:0:0:50:snare.wav
256,192,55276,1,0,0:0:0:0:
402,192,55276,1,0,0:0:0:0:
182,192,55445,128,0,55615:0:0:0:100:hihat1.wav
402,192,55445,128,0,55615:0:0:0:0:
475,192,55445,128,0,55615:0:0:0:0:
36,192,55615,1,0,0:0:0:50:kick.wav
256,192,55615,1,0,0:0:0:0:
329,192,55615,1,0,0:0:0:0:
36,192,55784,128,0,56547:0:0:0:100:hihat1.wav
109,192,55784,128,0,55869:0:0:0:0:
329,192,55784,128,0,55869:0:0:0:0:
109,192,55954,128,0,56378:0:0:0:50:kick.wav
182,192,55954,128,0,56039:0:0:0:50:snare.wav
256,192,55954,1,0,0:0:0:0:
402,192,55954,128,0,56039:0:0:0:0:
256,192,56123,128,0,56208:0:0:0:100:hihat1.wav
329,192,56123,128,0,56208:0:0:0:0:
475,192,56123,128,0,56208:0:0:0:0:
182,192,56293,128,0,56378:0:0:0:50:kick.wav
402,192,56293,128,0,56378:0:0:0:0:
475,192,56293,128,0,56801:0:0:0:0:
109,192,56462,128,0,56547:0:0:0:100:hihat1.wav
329,192,56462,128,0,56547:0:0:0:0:
402,192,56462,128,0,56801:0:0:0:0:
36,192,56632,128,0,56716:0:0:0:50:kick.wav
109,192,56632,1,0,0:0:0:50:snare.wav
256,192,56632,128,0,56716:0:0:0:0:
329,192,56632,128,0,56801:0:0:0:0:
36,192,56801,1,0,0:0:0:100:hihat1.wav
182,192,56801,1,0,0:0:0:0:
36,192,56971,128,0,57084:0:0:0:0:
402,192,56971,128,0,57084:0:0:0:0:
475,192,56971,128,0,57140:0:0:0:0:
109,192,57027,128,0,57140:0:0:0:0:
182,192,57084,128,0,57197:0:0:0:0:
256,192,57140,128,0,57253:0:0:0:0:
329,192,57197,128,0,57310:0:0:0:0:
402,192,57253,128,0,57366:0:0:0:0:
36,192,57310,128,0,57479:0:0:0:50:snare.wav
109,192,57310,128,0,57479:0:0:0:50:cymbal.wav
182,192,57310,128,0,57479:0:0:0:0:
475,192,57310,128,0,57479:0:0:0:0:
329,192,57479,1,0,0:0:0:100:hihat1.wav
402,192,57479,1,0,0:0:0:0:
36,192,57649,128,0,57988:0:0:0:50:kick.wav
182,192,57649,128,0,57733:0:0:0:0:
256,192,57649,128,0,57733:0:0:0:0:
109,192,57818,128,0,58157:0:0:0:100:hihat1.wav
256,192,57818,128,0,57903:0:0:0:0:
329,192,57818,128,0,57903:0:0:0:0:
182,192,57988,128,0,58327:0:0:0:50:kick.wav
329,192,57988,128,0,58072:0:0:0:50:snare.wav
402,192,57988,128,0,58072:0:0:0:0:
475,192,57988,1,0,0:0:0:0:
256,192,58157,128,0,58327:0:0:0:100:hihat1.wav
402,192,58157,128,0,58327:0:0:0:0:
475,192,58157,128,0,58327:0:0:0:0:
36,192,58327,1,0,0:0:0:50:kick.wav
109,192,58327,1,0,0:0:0:0:
329,192,58327,1,0,0:0:0:0:
256,192,58496,128,0,58666:0:0:0:100:hihat1.wav
402,192,58496,128,0,58666:0:0:0:0:
475,192,58496,128,0,58666:0:0:0:0:
36,192,58666,1,0,0:0:0:50:kick.wav
109,192,58666,1,0,0:0:0:50:snare.wav
182,192,58666,1,0,0:0:0:0:
329,192,58666,1,0,0:0:0:0:
329,192,58835,128,0,59005:0:0:0:100:hihat1.wav
402,192,58835,128,0,59005:0:0:0:0:
475,192,58835,128,0,59005:0:0:0:0:
36,192,59005,128,0,59089:0:0:0:50:kick.wav
182,192,59005,1,0,0:0:0:0:
256,192,59005,1,0,0:0:0:0:
256,192,59174,128,0,59259:0:0:0:100:hihat1.wav
329,192,59174,128,0,59259:0:0:0:0:
475,192,59174,128,0,59683:0:0:0:0:
109,192,59259,1,0,0:0:0:0:
36,192,59344,1,0,0:0:0:50:kick.wav
182,192,59344,128,0,59428:0:0:0:50:snare.wav
256,192,59344,128,0,59428:0:0:0:0:
402,192,59344,128,0,59683:0:0:0:0:
109,192,59513,128,0,59598:0:0:0:100:hihat1.wav
182,192,59513,128,0,59598:0:0:0:0:
329,192,59513,128,0,59683:0:0:0:0:
36,192,59683,1,0,0:0:0:50:kick.wav
109,192,59683,1,0,0:0:0:0:
256,192,59683,1,0,0:0:0:0:
329,192,59767,1,0,0:0:0:0:
182,192,59852,1,0,0:0:0:100:hihat1.wav
402,192,59852,1,0,0:0:0:0:
256,192,59937,1,0,0:0:0:0:
36,192,60022,128,0,60106:0:0:0:50:kick.wav
109,192,60022,128,0,60106:0:0:0:50:snare.wav
329,192,60022,128,0,60106:0:0:0:0:
475,192,60022,1,0,0:0:0:0:
36,192,60191,128,0,60784:0:0:0:100:hihat1.wav
109,192,60191,128,0,60615:0:0:0:0:
329,192,60191,128,0,60276:0:0:0:0:
256,192,60361,128,0,60445:0:0:0:50:kick.wav
402,192,60361,128,0,60445:0:0:0:0:
475,192,60361,128,0,60445:0:0:0:0:
182,192,60530,128,0,60615:0:0:0:100:hihat1.wav
329,192,60530,128,0,60615:0:0:0:0:
475,192,60530,128,0,61039:0:0:0:0:
109,192,60700,128,0,60784:0:0:0:50:kick.wav
256,192,60700,128,0,60784:0:0:0:50:snare.wav
402,192,60700,128,0,61039:0:0:0:0:
36,192,60869,128,0,60954:0:0:0:100:hihat1.wav
182,192,60869,128,0,60954:0:0:0:0:
329,192,60869,128,0,61039:0:0:0:0:
36,192,61039,1,0,0:0:0:50:kick.wav
109,192,61039,1,0,0:0:0:0:
256,192,61039,1,0,0:0:0:0:
256,192,61208,128,0,61293:0:0:0:100:hihat1.wav
402,192,61208,128,0,61293:0:0:0:0:
475,192,61208,128,0,61293:0:0:0:0:
109,192,61378,1,0,0:0:0:50:kick.wav
256,192,61378,128,0,61462:0:0:0:50:snare.wav
402,192,61378,128,0,61462:0:0:0:0:
475,192,61378,128,0,61716:0:0:0:0:
36,192,61547,128,0,62225:0:0:0:100:hihat1.wav
182,192,61547,128,0,61716:0:0:0:0:
329,192,61547,128,0,61632:0:0:0:0:
109,192,61716,128,0,61886:0:0:0:50:kick.wav
256,192,61716,128,0,61801:0:0:0:0:
402,192,61716,128,0,61886:0:0:0:0:
182,192,61886,128,0,62055:0:0:0:100:hihat1.wav
329,192,61886,128,0,61971:0:0:0:0:
475,192,61886,128,0,62225:0:0:0:0:
109,192,62055,128,0,62225:0:0:0:50:kick.wav
256,192,62055,128,0,62140:0:0:0:50:snare.wav
329,192,62055,1,0,0:0:0:0:
402,192,62055,128,0,62225:0:0:0:0:
182,192,62225,1,0,0:0:0:100:hihat1.wav
256,192,62225,1,0,0:0:0:0:
36,192,62394,1,0,0:0:0:50:kick.wav
109,192,62394,1,0,0:0:0:50:cymbal.wav
182,192,62394,128,0,62564:0:0:0:0:
329,192,62394,128,0,62564:0:0:0:0:
475,192,62394,128,0,62564:0:0:0:0:
109,192,62733,128,0,62903:0:0:0:0:
256,192,62733,128,0,62903:0:0:0:0:
402,192,62733,128,0,62903:0:0:0:0:
36,192,62903,1,0,0:0:0:50:kick.wav
182,192,62903,1,0,0:0:0:0:
329,192,62903,1,0,0:0:0:0:
36,192,63072,128,0,63411:0:0:0:50:snare.wav
182,192,63072,128,0,63157:0:0:0:0:
329,192,63072,128,0,63157:0:0:0:0:
475,192,63072,1,0,0:0:0:0:
109,192,63242,128,0,63581:0:0:0:0:
256,192,63242,128,0,63327:0:0:0:0:
402,192,63242,128,0,63327:0:0:0:0:
182,192,63411,128,0,63750:0:0:0:0:
329,192,63411,128,0,63496:0:0:0:0:
475,192,63411,128,0,63496:0:0:0:0:
256,192,63581,128,0,63750:0:0:0:0:
402,192,63581,128,0,63666:0:0:0:0:
475,192,63581,128,0,63666:0:0:0:0:
36,192,63750,1,0,0:0:0:50:kick.wav
109,192,63750,1,0,0:0:0:0:
402,192,63750,1,0,0:0:0:0:
475,192,63750,1,0,0:0:0:0:
329,192,63835,1,0,0:0:0:0:
182,192,63920,1,0,0:0:0:0:
36,192,64005,1,0,0:0:0:50:kick.wav
109,192,64005,1,0,0:0:0:0:
402,192,64005,1,0,0:0:0:0:
475,192,64005,1,0,0:0:0:0:
182,192,64089,1,0,0:0:0:0:
329,192,64174,1,0,0:0:0:0:
36,192,64259,1,0,0:0:0:50:kick.wav
109,192,64259,1,0,0:0:0:0:
402,192,64259,1,0,0:0:0:0:
475,192,64259,1,0,0:0:0:0:
329,192,64344,1,0,0:0:0:0:
36,192,64428,1,0,0:0:0:50:snare.wav
109,192,64428,1,0,0:0:0:0:
256,192,64428,1,0,0:0:0:0:
402,192,64428,1,0,0:0:0:0:
475,192,64428,1,0,0:0:0:0:
182,192,64513,1,0,0:0:0:0:
256,192,64598,1,0,0:0:0:0:
329,192,64598,1,0,0:0:0:0:
475,192,64598,1,0,0:0:0:0:
109,192,64683,1,0,0:0:0:0:
182,192,64767,1,0,0:0:0:0:
256,192,64767,1,0,0:0:0:0:
402,192,64767,1,0,0:0:0:0:
36,192,64852,1,0,0:0:0:0:
109,192,64937,1,0,0:0:0:0:
182,192,64937,1,0,0:0:0:0:
329,192,64937,1,0,0:0:0:0:
402,192,65022,1,0,0:0:0:0:
36,192,65106,1,0,0:0:0:50:kick.wav
109,192,65106,1,0,0:0:0:0:
256,192,65106,1,0,0:0:0:0:
329,192,65106,1,0,0:0:0:0:
475,192,65106,1,0,0:0:0:0:
182,192,65191,1,0,0:0:0:0:
402,192,65191,1,0,0:0:0:0:
109,192,65276,1,0,0:0:0:0:
329,192,65276,1,0,0:0:0:0:
36,192,65361,1,0,0:0:0:0:
256,192,65361,1,0,0:0:0:0:
109,192,65445,1,0,0:0:0:50:kick.wav
182,192,65445,1,0,0:0:0:50:snare.wav
402,192,65445,1,0,0:0:0:0:
475,192,65445,1,0,0:0:0:0:
36,192,65530,1,0,0:0:0:0:
329,192,65530,1,0,0:0:0:0:
109,192,65615,1,0,0:0:0:0:
182,192,65615,1,0,0:0:0:0:
329,192,65700,1,0,0:0:0:0:
402,192,65700,1,0,0:0:0:0:
36,192,65784,1,0,0:0:0:50:kick.wav
256,192,65784,1,0,0:0:0:0:
475,192,65784,1,0,0:0:0:0:
109,192,65869,1,0,0:0:0:0:
329,192,65869,1,0,0:0:0:0:
182,192,65954,1,0,0:0:0:0:
402,192,65954,1,0,0:0:0:0:
256,192,66039,1,0,0:0:0:0:
475,192,66039,1,0,0:0:0:0:
36,192,66123,1,0,0:0:0:50:kick.wav
109,192,66123,1,0,0:0:0:50:snare.wav
329,192,66123,1,0,0:0:0:0:
402,192,66123,1,0,0:0:0:0:
182,192,66208,1,0,0:0:0:0:
475,192,66208,1,0,0:0:0:0:
329,192,66293,1,0,0:0:0:0:
402,192,66293,1,0,0:0:0:0:
109,192,66378,1,0,0:0:0:0:
182,192,66378,1,0,0:0:0:0:
36,192,66462,1,0,0:0:0:50:kick.wav
329,192,66462,1,0,0:0:0:50:LR_Chm Fast.wav
475,192,66462,1,0,0:0:0:0:
109,192,66547,1,0,0:0:0:0:
256,192,66547,1,0,0:0:0:0:
182,192,66632,1,0,0:0:0:0:
402,192,66632,1,0,0:0:0:0:
36,192,66716,1,0,0:0:0:0:
329,192,66716,1,0,0:0:0:0:
256,192,66801,1,0,0:0:0:0:
475,192,66801,1,0,0:0:0:0:
109,192,66886,1,0,0:0:0:0:
402,192,66886,1,0,0:0:0:0:
182,192,66971,1,0,0:0:0:0:
329,192,66971,1,0,0:0:0:0:
36,192,67055,1,0,0:0:0:0:
402,192,67055,1,0,0:0:0:0:
182,192,67140,1,0,0:0:0:0:
475,192,67140,1,0,0:0:0:0:
256,192,67225,1,0,0:0:0:0:
402,192,67225,1,0,0:0:0:0:
109,192,67310,1,0,0:0:0:0:
329,192,67310,1,0,0:0:0:0:
182,192,67394,1,0,0:0:0:0:
475,192,67394,1,0,0:0:0:0:
36,192,67479,1,0,0:0:0:0:
256,192,67479,1,0,0:0:0:0:
109,192,67564,1,0,0:0:0:0:
402,192,67564,1,0,0:0:0:0:
182,192,67649,1,0,0:0:0:0:
329,192,67649,1,0,0:0:0:0:
109,192,67733,1,0,0:0:0:0:
475,192,67733,1,0,0:0:0:0:
36,192,67818,1,0,0:0:0:50:kick.wav
256,192,67818,128,0,68157:0:0:0:50:cymbal.wav
402,192,67818,128,0,67903:0:0:0:0:
36,192,67988,128,0,68072:0:0:0:0:
109,192,68157,128,0,68242:0:0:0:0:
182,192,68327,128,0,68411:0:0:0:0:
329,192,68327,128,0,68411:0:0:0:0:
475,192,68327,128,0,68581:0:0:0:0:
329,192,68496,128,0,68581:0:0:0:0:
475,192,68666,128,0,68750:0:0:0:0:
36,192,68835,128,0,69174:0:0:0:0:
402,192,68835,128,0,68920:0:0:0:0:
329,192,69005,128,0,69089:0:0:0:0:
256,192,69174,1,0,0:0:0:50:LR_Chm Fast.wav
475,192,69174,1,0,0:0:0:0:
109,192,69344,128,0,69683:0:0:0:0:
402,192,69344,128,0,69428:0:0:0:0:
329,192,69513,128,0,69767:0:0:0:0:
402,192,69683,128,0,69767:0:0:0:0:
182,192,69852,128,0,70106:0:0:0:0:
109,192,70022,128,0,70106:0:0:0:0:
402,192,70022,128,0,70361:0:0:0:0:
36,192,70191,128,0,70276:0:0:0:0:
109,192,70361,128,0,70445:0:0:0:0:
182,192,70530,128,0,70615:0:0:0:0:
475,192,70530,128,0,70869:0:0:0:0:
36,192,70700,128,0,70784:0:0:0:0:
109,192,70869,128,0,70954:0:0:0:0:
36,192,71039,128,0,71378:0:0:0:0:
182,192,71039,128,0,71123:0:0:0:0:
329,192,71039,128,0,71123:0:0:0:0:
402,192,71208,128,0,71293:0:0:0:0:
475,192,71378,128,0,71462:0:0:0:0:
36,192,71547,128,0,71886:0:0:0:0:
402,192,71547,128,0,71632:0:0:0:0:
182,192,71716,128,0,71801:0:0:0:0:
329,192,71801,128,0,71886:0:0:0:0:
256,192,71886,128,0,72564:0:0:0:50:LR_Chm Fast.wav
475,192,71886,128,0,71971:0:0:0:0:
36,192,72055,128,0,72140:0:0:0:0:
109,192,72225,128,0,72310:0:0:0:0:
182,192,72394,128,0,72479:0:0:0:0:
36,192,72564,128,0,73242:0:0:0:0:
329,192,72564,1,0,0:0:0:0:
475,192,72606,128,0,72818:0:0:0:0:
329,192,72733,128,0,72818:0:0:0:0:
256,192,72903,128,0,72988:0:0:0:0:
182,192,73072,128,0,73157:0:0:0:0:
256,192,73242,1,0,0:0:0:50:LR_Chm Fast.wav
475,192,73242,128,0,74598:0:0:0:0:
109,192,73411,1,0,0:0:0:0:
36,192,73581,1,0,0:0:0:0:
182,192,73623,128,0,73708:0:0:0:0:
402,192,73750,128,0,74005:0:0:0:0:
256,192,73920,128,0,74005:0:0:0:0:
109,192,74089,128,0,74174:0:0:0:0:
36,192,74259,128,0,74344:0:0:0:0:
182,192,74428,128,0,74513:0:0:0:0:
36,192,74598,1,0,0:0:0:50:LR_Chm Fast.wav
256,192,74598,128,0,75954:0:0:0:0:
329,192,74767,128,0,74852:0:0:0:0:
475,192,74937,1,0,0:0:0:0:
109,192,75106,128,0,75191:0:0:0:0:
402,192,75276,1,0,0:0:0:0:
109,192,75445,128,0,75530:0:0:0:0:
182,192,75615,128,0,75700:0:0:0:0:
329,192,75784,128,0,75869:0:0:0:0:
36,192,75954,128,0,77310:0:0:0:0:
402,192,75954,128,0,76039:0:0:0:0:
256,192,76123,1,0,0:0:0:0:
182,192,76293,128,0,76378:0:0:0:0:
475,192,76462,128,0,76547:0:0:0:0:
329,192,76632,1,0,0:0:0:0:
256,192,76801,128,0,76886:0:0:0:0:
475,192,76971,1,0,0:0:0:0:
182,192,77055,1,0,0:0:0:0:
402,192,77140,128,0,77225:0:0:0:0:
109,192,77310,1,0,0:0:0:0:
475,192,77310,1,0,0:0:0:0:
402,192,77338,1,0,0:0:0:0:
329,192,77366,1,0,0:0:0:0:
256,192,77394,1,0,0:0:0:0:
182,192,77423,1,0,0:0:0:0:
36,192,77479,1,0,0:0:0:0:
475,192,77479,1,0,0:0:0:0:
329,192,77564,1,0,0:0:0:0:
36,192,77649,1,0,0:0:0:0:
402,192,77649,1,0,0:0:0:0:
109,192,77677,1,0,0:0:0:0:
182,192,77705,1,0,0:0:0:0:
256,192,77733,1,0,0:0:0:0:
329,192,77762,1,0,0:0:0:0:
36,192,77818,1,0,0:0:0:0:
475,192,77818,1,0,0:0:0:0:
109,192,77903,1,0,0:0:0:0:
182,192,77988,1,0,0:0:0:0:
329,192,77988,1,0,0:0:0:0:
402,192,78030,1,0,0:0:0:0:
475,192,78072,1,0,0:0:0:0:
109,192,78157,1,0,0:0:0:0:
256,192,78157,1,0,0:0:0:0:
329,192,78200,1,0,0:0:0:0:
402,192,78242,1,0,0:0:0:0:
36,192,78327,1,0,0:0:0:0:
182,192,78327,1,0,0:0:0:0:
256,192,78369,1,0,0:0:0:0:
329,192,78411,1,0,0:0:0:0:
109,192,78496,1,0,0:0:0:0:
475,192,78496,1,0,0:0:0:0:
182,192,78539,1,0,0:0:0:0:
256,192,78581,1,0,0:0:0:0:
36,192,78666,128,0,79005:0:0:0:50:kick.wav
109,192,78666,128,0,79005:0:0:0:50:cymbal.wav
329,192,78666,128,0,78835:0:0:0:0:
402,192,78666,128,0,79005:0:0:0:0:
475,192,78666,128,0,79005:0:0:0:0:
182,192,78835,128,0,79005:0:0:0:0:
256,192,79005,128,0,79174:0:0:0:0:
329,192,79005,128,0,79344:0:0:0:0:
36,192,79174,128,0,80022:0:0:0:50:kick.wav
182,192,79174,128,0,79344:0:0:0:50:cymbal.wav
402,192,79174,128,0,79852:0:0:0:0:
475,192,79174,128,0,80022:0:0:0:0:
109,192,79344,128,0,79852:0:0:0:0:
256,192,79344,128,0,79513:0:0:0:0:
182,192,79513,128,0,79683:0:0:0:0:
329,192,79513,128,0,79683:0:0:0:0:
182,192,79852,128,0,80022:0:0:0:0:
329,192,79852,128,0,80022:0:0:0:0:
109,192,80022,1,0,0:0:0:0:
402,192,80022,1,0,0:0:0:0:
36,192,80191,1,0,0:0:0:0:
329,192,80191,1,0,0:0:0:0:
109,192,80276,1,0,0:0:0:0:
475,192,80276,1,0,0:0:0:0:
182,192,80361,1,0,0:0:0:0:
256,192,80361,1,0,0:0:0:0:
402,192,80361,1,0,0:0:0:0:
109,192,80530,1,0,0:0:0:0:
256,192,80530,128,0,80700:0:0:0:0:
475,192,80530,128,0,80700:0:0:0:0:
329,192,80615,1,0,0:0:0:0:
36,192,80700,1,0,0:0:0:0:
182,192,80700,128,0,80869:0:0:0:0:
402,192,80700,128,0,80869:0:0:0:0:
256,192,80784,1,0,0:0:0:0:
109,192,80869,128,0,81039:0:0:0:0:
329,192,80869,128,0,81039:0:0:0:0:
475,192,80869,1,0,0:0:0:0:
182,192,80954,1,0,0:0:0:0:
36,192,81039,128,0,81208:0:0:0:0:
256,192,81039,128,0,81208:0:0:0:0:
402,192,81039,1,0,0:0:0:0:
109,192,81123,1,0,0:0:0:0:
329,192,81208,1,0,0:0:0:0:
256,192,81293,1,0,0:0:0:0:
36,192,81378,128,0,81716:0:0:0:50:kick.wav
109,192,81378,128,0,81716:0:0:0:50:cymbal.wav
182,192,81378,128,0,81547:0:0:0:0:
402,192,81378,128,0,81716:0:0:0:0:
475,192,81378,128,0,81716:0:0:0:0:
329,192,81547,128,0,81716:0:0:0:0:
182,192,81716,128,0,82055:0:0:0:0:
256,192,81716,128,0,81886:0:0:0:0:
36,192,81886,128,0,82733:0:0:0:50:kick.wav
109,192,81886,128,0,82564:0:0:0:50:cymbal.wav
329,192,81886,128,0,82055:0:0:0:0:
475,192,81886,128,0,82733:0:0:0:0:
256,192,82055,128,0,82225:0:0:0:0:
402,192,82055,128,0,82564:0:0:0:0:
182,192,82225,128,0,82394:0:0:0:0:
329,192,82225,128,0,82394:0:0:0:0:
182,192,82564,128,0,82733:0:0:0:0:
329,192,82564,128,0,82733:0:0:0:0:
109,192,82733,1,0,0:0:0:0:
402,192,82733,1,0,0:0:0:0:
182,192,82818,1,0,0:0:0:0:
329,192,82903,1,0,0:0:0:0:
402,192,82903,128,0,82988:0:0:0:0:
36,192,82988,1,0,0:0:0:0:
109,192,82988,1,0,0:0:0:0:
256,192,83072,128,0,83157:0:0:0:0:
402,192,83072,1,0,0:0:0:0:
475,192,83072,1,0,0:0:0:0:
36,192,83157,1,0,0:0:0:0:
109,192,83242,128,0,83327:0:0:0:0:
256,192,83242,1,0,0:0:0:0:
109,192,83411,1,0,0:0:0:0:
329,192,83411,1,0,0:0:0:0:
475,192,83411,128,0,83496:0:0:0:0:
182,192,83496,1,0,0:0:0:0:
329,192,83581,128,0,83666:0:0:0:0:
475,192,83581,1,0,0:0:0:0:
109,192,83750,1,0,0:0:0:0:
182,192,83750,128,0,83835:0:0:0:0:
329,192,83750,1,0,0:0:0:0:
475,192,83835,1,0,0:0:0:0:
36,192,83920,128,0,84005:0:0:0:0:
182,192,83920,1,0,0:0:0:0:
36,192,84089,1,0,0:0:0:50:kick.wav
182,192,84089,1,0,0:0:0:50:cymbal.wav
256,192,84089,1,0,0:0:0:0:
329,192,84089,1,0,0:0:0:0:
475,192,84089,1,0,0:0:0:0:
36,192,84428,1,0,0:0:0:50:snare.wav
182,192,84428,1,0,0:0:0:0:
329,192,84428,1,0,0:0:0:0:
475,192,84428,1,0,0:0:0:0:
256,192,84598,1,0,0:0:0:0:
36,192,84767,1,0,0:0:0:50:snare.wav
182,192,84767,1,0,0:0:0:0:
329,192,84767,1,0,0:0:0:0:
475,192,84767,1,0,0:0:0:0:
256,192,84937,1,0,0:0:0:0:
36,192,85022,1,0,0:0:0:50:snare.wav
182,192,85022,1,0,0:0:0:0:
329,192,85022,1,0,0:0:0:0:
475,192,85022,1,0,0:0:0:0:
256,192,85106,1,0,0:0:0:0:
36,192,85276,1,0,0:0:0:50:snare.wav
182,192,85276,1,0,0:0:0:0:
329,192,85276,1,0,0:0:0:0:
475,192,85276,1,0,0:0:0:0:
36,192,85445,1,0,0:0:0:50:snare.wav
109,192,85445,1,0,0:0:0:0:
402,192,85445,1,0,0:0:0:0:
475,192,85445,1,0,0:0:0:0:
182,192,85615,1,0,0:0:0:0:
329,192,85615,1,0,0:0:0:0:
36,192,85784,1,0,0:0:0:50:snare.wav
109,192,85784,1,0,0:0:0:0:
402,192,85784,1,0,0:0:0:0:
475,192,85784,1,0,0:0:0:0:
256,192,85954,1,0,0:0:0:0:
36,192,86123,1,0,0:0:0:50:snare.wav
109,192,86123,1,0,0:0:0:0:
402,192,86123,1,0,0:0:0:0:
475,192,86123,1,0,0:0:0:0:
256,192,86293,1,0,0:0:0:0:
36,192,86378,1,0,0:0:0:50:snare.wav
109,192,86378,1,0,0:0:0:0:
402,192,86378,1,0,0:0:0:0:
475,192,86378,1,0,0:0:0:0:
256,192,86462,1,0,0:0:0:0:
36,192,86632,1,0,0:0:0:50:snare.wav
109,192,86632,1,0,0:0:0:0:
402,192,86632,1,0,0:0:0:0:
475,192,86632,1,0,0:0:0:0:
36,192,86801,1,0,0:0:0:50:snare.wav
182,192,86801,1,0,0:0:0:0:
329,192,86801,1,0,0:0:0:0:
475,192,86801,1,0,0:0:0:0:
36,192,86971,1,0,0:0:0:50:snare.wav
109,192,86971,1,0,0:0:0:0:
256,192,86971,1,0,0:0:0:0:
402,192,86971,1,0,0:0:0:0:
36,192,87140,1,0,0:0:0:50:snare.wav
182,192,87140,1,0,0:0:0:0:
329,192,87140,1,0,0:0:0:0:
475,192,87140,1,0,0:0:0:0:
36,192,87310,1,0,0:0:0:50:snare.wav
109,192,87310,1,0,0:0:0:0:
256,192,87310,1,0,0:0:0:0:
402,192,87310,1,0,0:0:0:0:
36,192,87479,1,0,0:0:0:50:snare.wav
182,192,87479,1,0,0:0:0:0:
329,192,87479,1,0,0:0:0:0:
475,192,87479,1,0,0:0:0:0:
109,192,87649,1,0,0:0:0:50:snare.wav
256,192,87649,1,0,0:0:0:0:
402,192,87649,1,0,0:0:0:0:
475,192,87649,1,0,0:0:0:0:
36,192,87818,1,0,0:0:0:50:snare.wav
182,192,87818,1,0,0:0:0:0:
329,192,87818,1,0,0:0:0:0:
475,192,87818,1,0,0:0:0:0:
109,192,87988,1,0,0:0:0:50:snare.wav
256,192,87988,1,0,0:0:0:0:
402,192,87988,1,0,0:0:0:0:
475,192,87988,1,0,0:0:0:0:
256,192,88157,1,0,0:0:0:50:snare.wav
402,192,88157,1,0,0:0:0:0:
475,192,88157,1,0,0:0:0:0:
36,192,88242,1,0,0:0:0:50:snare.wav
109,192,88242,1,0,0:0:0:0:
329,192,88242,1,0,0:0:0:0:
182,192,88327,1,0,0:0:0:50:snare.wav
402,192,88327,1,0,0:0:0:0:
475,192,88327,1,0,0:0:0:0:
36,192,88411,1,0,0:0:0:50:snare.wav
109,192,88411,1,0,0:0:0:0:
256,192,88411,1,0,0:0:0:0:
329,192,88496,1,0,0:0:0:50:snare.wav
402,192,88496,1,0,0:0:0:0:
475,192,88496,1,0,0:0:0:0:
36,192,88581,1,0,0:0:0:50:snare.wav
109,192,88581,1,0,0:0:0:0:
182,192,88581,1,0,0:0:0:0:
329,192,88666,1,0,0:0:0:50:snare.wav
402,192,88666,1,0,0:0:0:0:
475,192,88666,1,0,0:0:0:0:
36,192,88750,1,0,0:0:0:50:snare.wav
109,192,88750,1,0,0:0:0:0:
256,192,88750,1,0,0:0:0:0:
182,192,88835,1,0,0:0:0:50:snare.wav
402,192,88835,1,0,0:0:0:0:
475,192,88835,1,0,0:0:0:0:
36,192,88920,1,0,0:0:0:50:snare.wav
109,192,88920,1,0,0:0:0:0:
329,192,88920,1,0,0:0:0:0:
256,192,89005,1,0,0:0:0:50:snare.wav
402,192,89005,1,0,0:0:0:0:
475,192,89005,1,0,0:0:0:0:
36,192,89089,1,0,0:0:0:50:snare.wav
109,192,89089,1,0,0:0:0:0:
182,192,89089,1,0,0:0:0:0:
329,192,89174,1,0,0:0:0:50:snare.wav
402,192,89174,1,0,0:0:0:0:
475,192,89174,1,0,0:0:0:0:
36,192,89259,1,0,0:0:0:50:snare.wav
109,192,89259,1,0,0:0:0:0:
182,192,89259,1,0,0:0:0:0:
256,192,89344,1,0,0:0:0:50:snare.wav
402,192,89344,1,0,0:0:0:0:
475,192,89344,1,0,0:0:0:0:
36,192,89428,1,0,0:0:0:50:snare.wav
109,192,89428,1,0,0:0:0:0:
329,192,89428,1,0,0:0:0:0:
475,192,89513,1,0,0:0:0:0:
256,192,89534,1,0,0:0:0:0:
475,192,89852,1,0,0:0:0:0:
402,192,89894,1,0,0:0:0:0:
329,192,89937,1,0,0:0:0:0:
256,192,89979,1,0,0:0:0:0:
36,192,90022,1,0,0:0:0:0:
109,192,90064,1,0,0:0:0:0:
182,192,90106,1,0,0:0:0:0:
256,192,90149,1,0,0:0:0:0:
475,192,90191,1,0,0:0:0:0:
402,192,90233,1,0,0:0:0:0:
329,192,90276,1,0,0:0:0:0:
256,192,90318,1,0,0:0:0:0:
36,192,90361,1,0,0:0:0:0:
109,192,90403,1,0,0:0:0:0:
182,192,90445,1,0,0:0:0:0:
256,192,90488,1,0,0:0:0:0:
475,192,90530,1,0,0:0:0:0:
402,192,90572,1,0,0:0:0:0:
329,192,90615,1,0,0:0:0:0:
256,192,90657,1,0,0:0:0:0:
36,192,90700,1,0,0:0:0:0:
109,192,90742,1,0,0:0:0:0:
182,192,90784,1,0,0:0:0:0:
256,192,90827,1,0,0:0:0:0:
402,192,90869,1,0,0:0:0:50:kick.wav
475,192,90869,1,0,0:0:0:0:
36,192,91039,128,0,91123:0:0:0:0:
182,192,91039,128,0,91123:0:0:0:0:
256,192,91123,128,0,91208:0:0:0:0:
329,192,91208,128,0,91293:0:0:0:0:
475,192,91208,128,0,91293:0:0:0:0:
36,192,91378,128,0,91462:0:0:0:0:
182,192,91378,128,0,91462:0:0:0:0:
36,192,91547,128,0,92055:0:0:0:0:
256,192,91547,128,0,92055:0:0:0:0:
329,192,91547,1,0,0:0:0:0:
475,192,91547,1,0,0:0:0:0:
109,192,91716,1,0,0:0:0:0:
402,192,91716,1,0,0:0:0:0:
182,192,91886,1,0,0:0:0:0:
475,192,91886,1,0,0:0:0:0:
109,192,92055,1,0,0:0:0:0:
329,192,92055,1,0,0:0:0:0:
402,192,92055,1,0,0:0:0:0:
36,192,92225,128,0,92394:0:0:0:50:kick.wav
182,192,92225,128,0,92394:0:0:0:0:
329,192,92225,128,0,92310:0:0:0:0:
402,192,92225,128,0,92394:0:0:0:0:
475,192,92225,128,0,92479:0:0:0:0:
109,192,92394,128,0,92479:0:0:0:0:
329,192,92394,128,0,92564:0:0:0:0:
182,192,92479,128,0,92564:0:0:0:0:
402,192,92479,128,0,92649:0:0:0:0:
36,192,92564,128,0,92649:0:0:0:50:kick.wav
109,192,92564,128,0,92649:0:0:0:50:snare.wav
256,192,92564,128,0,92649:0:0:0:0:
475,192,92564,128,0,92733:0:0:0:0:
36,192,92733,128,0,92903:0:0:0:0:
256,192,92733,128,0,92903:0:0:0:0:
329,192,92733,128,0,92818:0:0:0:0:
402,192,92733,128,0,92818:0:0:0:0:
182,192,92818,128,0,92903:0:0:0:0:
109,192,92903,128,0,93072:0:0:0:50:kick.wav
329,192,92903,128,0,93072:0:0:0:0:
402,192,92903,128,0,92988:0:0:0:0:
475,192,92903,128,0,92988:0:0:0:0:
256,192,92988,128,0,93072:0:0:0:0:
36,192,93072,128,0,93157:0:0:0:0:
182,192,93072,128,0,93242:0:0:0:0:
402,192,93072,128,0,93242:0:0:0:0:
475,192,93072,128,0,93157:0:0:0:0:
329,192,93157,128,0,93242:0:0:0:0:
36,192,93242,128,0,93327:0:0:0:50:kick.wav
109,192,93242,128,0,93327:0:0:0:50:snare.wav
256,192,93242,128,0,93411:0:0:0:0:
475,192,93242,128,0,93411:0:0:0:0:
402,192,93327,128,0,93411:0:0:0:0:
36,192,93411,128,0,93750:0:0:0:0:
109,192,93411,128,0,93496:0:0:0:0:
182,192,93411,128,0,93496:0:0:0:0:
329,192,93411,128,0,93581:0:0:0:0:
402,192,93496,128,0,93581:0:0:0:0:
109,192,93581,128,0,93750:0:0:0:50:kick.wav
256,192,93581,128,0,93666:0:0:0:0:
475,192,93581,128,0,93666:0:0:0:0:
182,192,93666,128,0,93750:0:0:0:0:
329,192,93750,128,0,94005:0:0:0:0:
475,192,93750,128,0,93835:0:0:0:0:
36,192,93835,128,0,94089:0:0:0:0:
182,192,93835,128,0,93920:0:0:0:0:
256,192,93920,128,0,94174:0:0:0:50:kick.wav
402,192,93920,128,0,94005:0:0:0:50:snare.wav
109,192,94005,128,0,94089:0:0:0:0:
475,192,94005,128,0,94428:0:0:0:0:
182,192,94089,128,0,94344:0:0:0:0:
329,192,94089,128,0,94174:0:0:0:0:
36,192,94174,128,0,94259:0:0:0:0:
402,192,94174,128,0,94428:0:0:0:0:
109,192,94259,128,0,94344:0:0:0:50:kick.wav
256,192,94259,128,0,94344:0:0:0:0:
329,192,94344,128,0,94428:0:0:0:0:
36,192,94428,128,0,94513:0:0:0:0:
182,192,94428,128,0,94513:0:0:0:0:
256,192,94485,128,0,94570:0:0:0:0:
329,192,94541,128,0,94626:0:0:0:0:
36,192,94598,128,0,94852:0:0:0:50:kick.wav
109,192,94598,128,0,94683:0:0:0:50:snare.wav
402,192,94598,128,0,94683:0:0:0:0:
475,192,94598,128,0,94852:0:0:0:0:
182,192,94767,128,0,94852:0:0:0:0:
256,192,94767,128,0,94852:0:0:0:0:
329,192,94767,128,0,94852:0:0:0:0:
36,192,94937,128,0,95191:0:0:0:50:kick.wav
109,192,94937,128,0,95191:0:0:0:0:
402,192,94937,128,0,95191:0:0:0:0:
475,192,94937,128,0,95191:0:0:0:0:
182,192,95106,128,0,95191:0:0:0:0:
329,192,95106,128,0,95191:0:0:0:0:
36,192,95276,128,0,95361:0:0:0:50:snare.wav
109,192,95276,128,0,95445:0:0:0:50:cymbal.wav
329,192,95276,128,0,95445:0:0:0:0:
402,192,95276,128,0,95361:0:0:0:0:
475,192,95276,128,0,95361:0:0:0:0:
256,192,95361,128,0,95445:0:0:0:0:
36,192,95445,128,0,95530:0:0:0:0:
182,192,95445,128,0,95615:0:0:0:0:
402,192,95445,128,0,95615:0:0:0:0:
475,192,95445,128,0,95530:0:0:0:0:
329,192,95530,128,0,95615:0:0:0:0:
36,192,95615,128,0,95700:0:0:0:50:kick.wav
109,192,95615,128,0,95700:0:0:0:0:
256,192,95615,128,0,95784:0:0:0:0:
475,192,95615,128,0,95784:0:0:0:0:
402,192,95700,128,0,95784:0:0:0:0:
36,192,95784,128,0,95954:0:0:0:0:
109,192,95784,128,0,95869:0:0:0:0:
182,192,95784,128,0,95869:0:0:0:0:
329,192,95784,128,0,95954:0:0:0:0:
475,192,95869,128,0,95954:0:0:0:0:
109,192,95954,128,0,96039:0:0:0:50:kick.wav
256,192,95954,128,0,96123:0:0:0:50:snare.wav
402,192,95954,128,0,96039:0:0:0:0:
182,192,96039,128,0,96123:0:0:0:0:
36,192,96123,128,0,96208:0:0:0:0:
329,192,96123,128,0,96208:0:0:0:0:
475,192,96123,128,0,96462:0:0:0:0:
109,192,96208,128,0,96293:0:0:0:0:
182,192,96293,128,0,96378:0:0:0:50:kick.wav
256,192,96293,128,0,96378:0:0:0:0:
329,192,96293,128,0,96378:0:0:0:0:
36,192,96378,128,0,96462:0:0:0:0:
402,192,96378,128,0,96632:0:0:0:0:
109,192,96462,128,0,96716:0:0:0:0:
256,192,96462,128,0,96547:0:0:0:0:
329,192,96547,128,0,96801:0:0:0:0:
475,192,96547,128,0,96632:0:0:0:0:
36,192,96632,128,0,96886:0:0:0:50:kick.wav
182,192,96632,128,0,96716:0:0:0:50:snare.wav
256,192,96716,128,0,96971:0:0:0:0:
402,192,96716,128,0,96801:0:0:0:0:
109,192,96801,128,0,96886:0:0:0:0:
475,192,96801,128,0,97140:0:0:0:0:
182,192,96886,128,0,97140:0:0:0:0:
329,192,96886,128,0,96971:0:0:0:0:
36,192,96971,128,0,97055:0:0:0:50:kick.wav
402,192,96971,128,0,97140:0:0:0:0:
36,192,97140,128,0,97225:0:0:0:0:
329,192,97140,128,0,97225:0:0:0:0:
109,192,97197,128,0,97281:0:0:0:0:
182,192,97253,128,0,97338:0:0:0:0:
256,192,97310,128,0,97394:0:0:0:50:kick.wav
329,192,97310,128,0,97564:0:0:0:50:snare.wav
402,192,97310,128,0,97394:0:0:0:0:
475,192,97310,128,0,97564:0:0:0:0:
36,192,97479,128,0,97564:0:0:0:0:
109,192,97479,128,0,97564:0:0:0:0:
182,192,97479,128,0,97564:0:0:0:0:
36,192,97649,128,0,97903:0:0:0:50:kick.wav
182,192,97649,128,0,97903:0:0:0:0:
329,192,97649,128,0,97903:0:0:0:0:
475,192,97649,128,0,97903:0:0:0:0:
109,192,97818,128,0,97903:0:0:0:0:
402,192,97818,128,0,97903:0:0:0:0:
36,192,97988,128,0,98157:0:0:0:50:kick.wav
256,192,97988,128,0,98157:0:0:0:50:snare.wav
402,192,97988,128,0,98072:0:0:0:0:
475,192,97988,128,0,98157:0:0:0:0:
109,192,98072,128,0,98242:0:0:0:0:
329,192,98072,128,0,98242:0:0:0:0:
182,192,98157,128,0,98327:0:0:0:0:
402,192,98157,128,0,98327:0:0:0:0:
256,192,98242,128,0,98327:0:0:0:0:
36,192,98327,128,0,98496:0:0:0:50:kick.wav
109,192,98327,128,0,98411:0:0:0:0:
329,192,98327,128,0,98496:0:0:0:0:
475,192,98327,128,0,98411:0:0:0:0:
256,192,98411,128,0,98496:0:0:0:0:
109,192,98496,128,0,98666:0:0:0:0:
182,192,98496,128,0,98581:0:0:0:0:
402,192,98496,128,0,98666:0:0:0:0:
475,192,98496,128,0,98581:0:0:0:0:
329,192,98581,128,0,98666:0:0:0:0:
36,192,98666,128,0,98750:0:0:0:50:kick.wav
182,192,98666,128,0,98835:0:0:0:50:snare.wav
256,192,98666,128,0,98750:0:0:0:0:
475,192,98666,128,0,98835:0:0:0:0:
402,192,98750,128,0,98835:0:0:0:0:
36,192,98835,128,0,99174:0:0:0:0:
109,192,98835,128,0,99005:0:0:0:0:
256,192,98835,128,0,99174:0:0:0:0:
329,192,98835,128,0,98920:0:0:0:0:
182,192,98920,128,0,99005:0:0:0:0:
329,192,99005,128,0,99089:0:0:0:50:kick.wav
402,192,99005,128,0,99089:0:0:0:0:
475,192,99005,128,0,99089:0:0:0:0:
109,192,99089,128,0,99174:0:0:0:0:
329,192,99174,128,0,99428:0:0:0:0:
475,192,99174,128,0,99259:0:0:0:0:
36,192,99259,128,0,99513:0:0:0:0:
182,192,99259,128,0,99344:0:0:0:0:
256,192,99344,128,0,99598:0:0:0:50:kick.wav
402,192,99344,128,0,99428:0:0:0:50:snare.wav
109,192,99428,128,0,99513:0:0:0:0:
475,192,99428,128,0,99852:0:0:0:0:
182,192,99513,128,0,99767:0:0:0:0:
329,192,99513,128,0,99598:0:0:0:0:
36,192,99598,128,0,99683:0:0:0:0:
402,192,99598,128,0,99852:0:0:0:0:
109,192,99683,128,0,99852:0:0:0:50:kick.wav
256,192,99683,128,0,99767:0:0:0:0:
329,192,99767,128,0,99852:0:0:0:0:
36,192,99852,128,0,100022:0:0:0:0:
182,192,99852,128,0,100022:0:0:0:0:
256,192,99852,128,0,99937:0:0:0:0:
475,192,99937,128,0,100022:0:0:0:0:
109,192,100022,128,0,100191:0:0:0:50:kick.wav
256,192,100022,128,0,100191:0:0:0:50:snare.wav
329,192,100022,128,0,100106:0:0:0:0:
402,192,100022,1,0,0:0:0:0:
36,192,100106,128,0,100191:0:0:0:0:
182,192,100191,128,0,100361:0:0:0:0:
329,192,100191,128,0,100361:0:0:0:0:
402,192,100191,128,0,100276:0:0:0:0:
109,192,100276,128,0,100361:0:0:0:0:
36,192,100361,1,0,0:0:0:50:kick.wav
256,192,100361,1,0,0:0:0:0:
475,192,100361,1,0,0:0:0:0:
182,192,100445,1,0,0:0:0:0:
402,192,100445,1,0,0:0:0:0:
36,192,100530,1,0,0:0:0:0:
329,192,100530,1,0,0:0:0:0:
109,192,100615,1,0,0:0:0:0:
402,192,100615,1,0,0:0:0:0:
36,192,100700,1,0,0:0:0:50:kick.wav
182,192,100700,1,0,0:0:0:50:snare.wav
256,192,100700,1,0,0:0:0:0:
475,192,100700,1,0,0:0:0:0:
329,192,100784,1,0,0:0:0:0:
402,192,100784,1,0,0:0:0:0:
36,192,100869,1,0,0:0:0:0:
109,192,100869,1,0,0:0:0:0:
475,192,100869,1,0,0:0:0:0:
256,192,100954,1,0,0:0:0:0:
329,192,100954,1,0,0:0:0:0:
109,192,101039,1,0,0:0:0:50:kick.wav
182,192,101039,1,0,0:0:0:0:
475,192,101039,1,0,0:0:0:0:
402,192,101081,1,0,0:0:0:0:
329,192,101123,1,0,0:0:0:0:
256,192,101166,1,0,0:0:0:0:
36,192,101208,1,0,0:0:0:0:
182,192,101208,1,0,0:0:0:0:
109,192,101293,1,0,0:0:0:0:
402,192,101293,1,0,0:0:0:0:
36,192,101378,1,0,0:0:0:50:kick.wav
256,192,101378,1,0,0:0:0:50:snare.wav
329,192,101378,1,0,0:0:0:0:
475,192,101378,1,0,0:0:0:0:
182,192,101462,1,0,0:0:0:0:
402,192,101462,1,0,0:0:0:0:
36,192,101547,1,0,0:0:0:0:
109,192,101547,1,0,0:0:0:0:
256,192,101547,1,0,0:0:0:0:
182,192,101632,1,0,0:0:0:0:
329,192,101632,1,0,0:0:0:0:
36,192,101716,1,0,0:0:0:50:kick.wav
402,192,101716,1,0,0:0:0:0:
475,192,101716,128,0,101801:0:0:0:0:
109,192,101745,1,0,0:0:0:0:
182,192,101773,1,0,0:0:0:0:
256,192,101801,1,0,0:0:0:0:
329,192,101829,1,0,0:0:0:0:
36,192,101886,1,0,0:0:0:0:
402,192,101886,128,0,101971:0:0:0:0:
475,192,101886,1,0,0:0:0:0:
256,192,101971,128,0,102055:0:0:0:0:
36,192,102055,1,0,0:0:0:50:kick.wav
109,192,102055,128,0,102140:0:0:0:50:snare.wav
475,192,102055,1,0,0:0:0:0:
402,192,102084,1,0,0:0:0:0:
329,192,102112,1,0,0:0:0:0:
256,192,102140,1,0,0:0:0:0:
182,192,102168,1,0,0:0:0:0:
36,192,102225,128,0,102310:0:0:0:0:
109,192,102225,1,0,0:0:0:0:
475,192,102225,1,0,0:0:0:0:
256,192,102310,1,0,0:0:0:0:
36,192,102394,1,0,0:0:0:50:kick.wav
182,192,102394,128,0,102479:0:0:0:0:
329,192,102394,1,0,0:0:0:0:
402,192,102437,1,0,0:0:0:0:
475,192,102479,1,0,0:0:0:0:
36,192,102564,1,0,0:0:0:0:
329,192,102564,128,0,102649:0:0:0:0:
402,192,102564,1,0,0:0:0:0:
109,192,102606,1,0,0:0:0:0:
182,192,102649,1,0,0:0:0:0:
36,192,102733,1,0,0:0:0:50:kick.wav
256,192,102733,1,0,0:0:0:0:
402,192,102733,1,0,0:0:0:0:
475,192,102733,128,0,102988:0:0:0:0:
109,192,102903,1,0,0:0:0:0:
256,192,102903,128,0,102988:0:0:0:0:
36,192,103072,128,0,103242:0:0:0:50:kick.wav
182,192,103072,128,0,103242:0:0:0:50:cymbal.wav
329,192,103072,128,0,103157:0:0:0:0:
402,192,103072,128,0,103242:0:0:0:0:
475,192,103072,128,0,103327:0:0:0:0:
109,192,103242,128,0,103327:0:0:0:0:
329,192,103242,128,0,103411:0:0:0:0:
182,192,103327,128,0,103411:0:0:0:0:
402,192,103327,128,0,103496:0:0:0:0:
36,192,103411,128,0,103496:0:0:0:50:kick.wav
109,192,103411,128,0,103496:0:0:0:50:snare.wav
256,192,103411,128,0,103496:0:0:0:0:
475,192,103411,128,0,103581:0:0:0:0:
36,192,103581,128,0,103750:0:0:0:0:
256,192,103581,128,0,103750:0:0:0:0:
329,192,103581,128,0,103666:0:0:0:0:
402,192,103581,128,0,103666:0:0:0:0:
182,192,103666,128,0,103835:0:0:0:0:
109,192,103750,128,0,103920:0:0:0:50:kick.wav
329,192,103750,128,0,103920:0:0:0:0:
402,192,103750,128,0,103835:0:0:0:0:
475,192,103750,128,0,103835:0:0:0:0:
256,192,103835,128,0,104005:0:0:0:0:
36,192,103920,128,0,104005:0:0:0:0:
182,192,103920,128,0,104089:0:0:0:0:
402,192,103920,128,0,104089:0:0:0:0:
329,192,104005,128,0,104174:0:0:0:0:
36,192,104089,128,0,104174:0:0:0:50:kick.wav
109,192,104089,128,0,104174:0:0:0:50:snare.wav
256,192,104089,128,0,104259:0:0:0:0:
475,192,104089,128,0,104259:0:0:0:0:
402,192,104174,128,0,104259:0:0:0:0:
36,192,104259,128,0,104598:0:0:0:0:
109,192,104259,128,0,104344:0:0:0:0:
182,192,104259,128,0,104344:0:0:0:0:
329,192,104259,128,0,104428:0:0:0:0:
402,192,104344,128,0,104428:0:0:0:0:
109,192,104428,128,0,104598:0:0:0:50:kick.wav
256,192,104428,128,0,104513:0:0:0:0:
475,192,104428,128,0,104513:0:0:0:0:
182,192,104513,128,0,104598:0:0:0:0:
329,192,104598,128,0,104852:0:0:0:0:
475,192,104598,128,0,104767:0:0:0:0:
36,192,104683,128,0,104937:0:0:0:0:
182,192,104683,128,0,104767:0:0:0:0:
256,192,104767,128,0,105022:0:0:0:50:kick.wav
402,192,104767,128,0,104937:0:0:0:50:snare.wav
109,192,104852,128,0,104937:0:0:0:0:
475,192,104852,128,0,105276:0:0:0:0:
182,192,104937,128,0,105191:0:0:0:0:
329,192,104937,128,0,105106:0:0:0:0:
36,192,105022,128,0,105106:0:0:0:0:
402,192,105022,128,0,105276:0:0:0:0:
109,192,105106,128,0,105276:0:0:0:50:kick.wav
256,192,105106,128,0,105276:0:0:0:0:
329,192,105191,128,0,105276:0:0:0:0:
36,192,105276,128,0,105361:0:0:0:0:
182,192,105276,128,0,105361:0:0:0:0:
256,192,105332,128,0,105417:0:0:0:0:
329,192,105389,128,0,105474:0:0:0:0:
36,192,105445,128,0,105700:0:0:0:50:kick.wav
109,192,105445,128,0,105530:0:0:0:50:snare.wav
402,192,105445,128,0,105530:0:0:0:0:
475,192,105445,128,0,105700:0:0:0:0:
182,192,105615,128,0,105700:0:0:0:0:
256,192,105615,128,0,105700:0:0:0:0:
329,192,105615,128,0,105700:0:0:0:0:
36,192,105784,128,0,106039:0:0:0:50:kick.wav
109,192,105784,128,0,106039:0:0:0:0:
402,192,105784,128,0,106039:0:0:0:0:
475,192,105784,128,0,106039:0:0:0:0:
182,192,105954,128,0,106039:0:0:0:0:
329,192,105954,128,0,106039:0:0:0:0:
36,192,106123,128,0,106208:0:0:0:50:kick.wav
109,192,106123,128,0,106293:0:0:0:50:cymbal.wav
329,192,106123,128,0,106293:0:0:0:50:snare.wav
402,192,106123,128,0,106208:0:0:0:0:
475,192,106123,128,0,106208:0:0:0:0:
256,192,106208,128,0,106378:0:0:0:0:
36,192,106293,128,0,106378:0:0:0:0:
182,192,106293,128,0,106462:0:0:0:0:
402,192,106293,128,0,106462:0:0:0:0:
475,192,106293,128,0,106378:0:0:0:0:
329,192,106378,128,0,106547:0:0:0:0:
36,192,106462,128,0,106547:0:0:0:50:kick.wav
109,192,106462,128,0,106547:0:0:0:0:
256,192,106462,128,0,106632:0:0:0:0:
475,192,106462,128,0,106632:0:0:0:0:
402,192,106547,128,0,106716:0:0:0:0:
36,192,106632,128,0,106801:0:0:0:0:
109,192,106632,128,0,106716:0:0:0:0:
182,192,106632,128,0,106716:0:0:0:0:
329,192,106632,128,0,106801:0:0:0:0:
475,192,106716,128,0,106801:0:0:0:0:
109,192,106801,128,0,106886:0:0:0:50:kick.wav
256,192,106801,128,0,106886:0:0:0:50:snare.wav
402,192,106801,128,0,106971:0:0:0:0:
182,192,106886,128,0,106971:0:0:0:0:
36,192,106971,128,0,107140:0:0:0:0:
256,192,106971,128,0,107055:0:0:0:0:
329,192,106971,128,0,107055:0:0:0:0:
475,192,106971,128,0,107310:0:0:0:0:
109,192,107055,128,0,107140:0:0:0:0:
182,192,107140,128,0,107225:0:0:0:50:kick.wav
256,192,107140,128,0,107225:0:0:0:0:
329,192,107140,128,0,107225:0:0:0:0:
36,192,107225,128,0,107310:0:0:0:0:
402,192,107225,128,0,107479:0:0:0:0:
109,192,107310,128,0,107564:0:0:0:0:
256,192,107310,128,0,107394:0:0:0:0:
329,192,107394,128,0,107649:0:0:0:0:
475,192,107394,128,0,107564:0:0:0:0:
36,192,107479,128,0,107733:0:0:0:50:kick.wav
182,192,107479,128,0,107564:0:0:0:50:snare.wav
256,192,107564,128,0,107818:0:0:0:0:
402,192,107564,128,0,107733:0:0:0:0:
109,192,107649,128,0,107733:0:0:0:0:
475,192,107649,128,0,107988:0:0:0:0:
182,192,107733,128,0,107988:0:0:0:0:
329,192,107733,128,0,107903:0:0:0:0:
36,192,107818,128,0,107903:0:0:0:50:kick.wav
402,192,107818,128,0,107988:0:0:0:0:
36,192,107988,128,0,108072:0:0:0:0:
329,192,107988,128,0,108072:0:0:0:0:
109,192,108044,128,0,108129:0:0:0:0:
182,192,108101,128,0,108185:0:0:0:0:
256,192,108157,128,0,108242:0:0:0:50:kick.wav
329,192,108157,128,0,108411:0:0:0:50:snare.wav
402,192,108157,128,0,108242:0:0:0:0:
475,192,108157,128,0,108411:0:0:0:0:
36,192,108327,128,0,108411:0:0:0:0:
109,192,108327,128,0,108411:0:0:0:0:
182,192,108327,128,0,108411:0:0:0:0:
36,192,108496,128,0,108750:0:0:0:50:kick.wav
182,192,108496,128,0,108750:0:0:0:0:
329,192,108496,128,0,108750:0:0:0:0:
475,192,108496,128,0,108750:0:0:0:0:
109,192,108666,128,0,108750:0:0:0:0:
402,192,108666,128,0,108750:0:0:0:0:
36,192,108835,128,0,109005:0:0:0:50:kick.wav
256,192,108835,128,0,109005:0:0:0:50:snare.wav
402,192,108835,128,0,108920:0:0:0:0:
475,192,108835,128,0,109005:0:0:0:0:
109,192,108920,128,0,109089:0:0:0:0:
329,192,108920,128,0,109089:0:0:0:0:
182,192,109005,128,0,109174:0:0:0:0:
402,192,109005,128,0,109174:0:0:0:0:
256,192,109089,128,0,109174:0:0:0:0:
36,192,109174,128,0,109344:0:0:0:50:kick.wav
109,192,109174,128,0,109259:0:0:0:0:
329,192,109174,128,0,109344:0:0:0:0:
475,192,109174,128,0,109259:0:0:0:0:
256,192,109259,128,0,109428:0:0:0:0:
109,192,109344,128,0,109513:0:0:0:0:
182,192,109344,128,0,109428:0:0:0:0:
402,192,109344,128,0,109513:0:0:0:0:
475,192,109344,128,0,109428:0:0:0:0:
329,192,109428,128,0,109598:0:0:0:0:
36,192,109513,128,0,109598:0:0:0:50:kick.wav
182,192,109513,128,0,109683:0:0:0:50:snare.wav
256,192,109513,128,0,109598:0:0:0:0:
475,192,109513,128,0,109683:0:0:0:0:
402,192,109598,128,0,109767:0:0:0:0:
36,192,109683,128,0,110022:0:0:0:0:
109,192,109683,128,0,109852:0:0:0:0:
256,192,109683,128,0,110022:0:0:0:0:
329,192,109683,128,0,109767:0:0:0:0:
182,192,109767,128,0,109852:0:0:0:0:
329,192,109852,128,0,109937:0:0:0:50:kick.wav
402,192,109852,128,0,109937:0:0:0:0:
475,192,109852,128,0,109937:0:0:0:0:
109,192,109937,128,0,110022:0:0:0:0:
329,192,110022,128,0,110276:0:0:0:0:
475,192,110022,128,0,110191:0:0:0:0:
36,192,110106,128,0,110361:0:0:0:0:
182,192,110106,128,0,110191:0:0:0:0:
256,192,110191,128,0,110445:0:0:0:50:kick.wav
402,192,110191,128,0,110361:0:0:0:50:snare.wav
109,192,110276,128,0,110361:0:0:0:0:
475,192,110276,128,0,110700:0:0:0:0:
182,192,110361,128,0,110615:0:0:0:0:
329,192,110361,128,0,110530:0:0:0:0:
36,192,110445,128,0,110530:0:0:0:0:
402,192,110445,128,0,110700:0:0:0:0:
109,192,110530,128,0,110700:0:0:0:50:kick.wav
256,192,110530,128,0,110615:0:0:0:0:
329,192,110615,128,0,110700:0:0:0:0:
36,192,110700,128,0,110869:0:0:0:0:
182,192,110700,128,0,110869:0:0:0:0:
256,192,110700,128,0,110784:0:0:0:0:
475,192,110784,128,0,110869:0:0:0:0:
109,192,110869,128,0,111039:0:0:0:50:kick.wav
256,192,110869,128,0,111039:0:0:0:50:snare.wav
329,192,110869,128,0,110954:0:0:0:0:
402,192,110869,1,0,0:0:0:0:
36,192,110954,128,0,111039:0:0:0:0:
182,192,111039,128,0,111208:0:0:0:0:
329,192,111039,128,0,111208:0:0:0:0:
402,192,111039,128,0,111123:0:0:0:0:
109,192,111123,128,0,111208:0:0:0:0:
36,192,111208,1,0,0:0:0:50:kick.wav
256,192,111208,1,0,0:0:0:0:
475,192,111208,1,0,0:0:0:0:
182,192,111293,1,0,0:0:0:0:
36,192,111378,1,0,0:0:0:0:
329,192,111378,1,0,0:0:0:0:
256,192,111462,1,0,0:0:0:0:
109,192,111547,1,0,0:0:0:50:kick.wav
329,192,111547,1,0,0:0:0:50:snare.wav
402,192,111547,1,0,0:0:0:0:
475,192,111547,1,0,0:0:0:0:
182,192,111632,1,0,0:0:0:0:
36,192,111716,1,0,0:0:0:0:
109,192,111716,1,0,0:0:0:0:
256,192,111716,1,0,0:0:0:0:
475,192,111801,1,0,0:0:0:0:
109,192,111886,1,0,0:0:0:50:kick.wav
182,192,111886,1,0,0:0:0:0:
329,192,111886,1,0,0:0:0:0:
36,192,111971,1,0,0:0:0:0:
256,192,112055,1,0,0:0:0:0:
475,192,112055,1,0,0:0:0:0:
182,192,112140,1,0,0:0:0:0:
402,192,112140,1,0,0:0:0:0:
36,192,112225,1,0,0:0:0:50:kick.wav
109,192,112225,1,0,0:0:0:50:snare.wav
329,192,112225,1,0,0:0:0:0:
475,192,112225,1,0,0:0:0:0:
182,192,112310,1,0,0:0:0:0:
256,192,112394,1,0,0:0:0:0:
402,192,112394,1,0,0:0:0:0:
475,192,112394,1,0,0:0:0:0:
109,192,112479,1,0,0:0:0:0:
182,192,112564,1,0,0:0:0:50:kick.wav
329,192,112564,1,0,0:0:0:0:
402,192,112564,1,0,0:0:0:0:
36,192,112649,1,0,0:0:0:0:
109,192,112733,1,0,0:0:0:0:
256,192,112733,1,0,0:0:0:0:
329,192,112733,1,0,0:0:0:0:
475,192,112818,1,0,0:0:0:0:
109,192,112903,1,0,0:0:0:50:kick.wav
182,192,112903,128,0,113072:0:0:0:50:snare.wav
329,192,112903,128,0,113072:0:0:0:0:
402,192,112903,1,0,0:0:0:0:
36,192,112988,128,0,113157:0:0:0:0:
475,192,112988,128,0,113157:0:0:0:0:
109,192,113072,128,0,113242:0:0:0:0:
402,192,113072,128,0,113242:0:0:0:0:
182,192,113157,128,0,113327:0:0:0:0:
329,192,113157,128,0,113327:0:0:0:0:
36,192,113242,128,0,113496:0:0:0:50:kick.wav
256,192,113242,128,0,113496:0:0:0:0:
475,192,113242,128,0,113496:0:0:0:0:
109,192,113327,128,0,113411:0:0:0:0:
402,192,113327,128,0,113411:0:0:0:0:
182,192,113411,128,0,113581:0:0:0:0:
329,192,113411,128,0,113581:0:0:0:0:
109,192,113496,128,0,113666:0:0:0:0:
402,192,113496,128,0,113666:0:0:0:0:
36,192,113581,128,0,113750:0:0:0:50:kick.wav
256,192,113581,128,0,113666:0:0:0:50:snare.wav
475,192,113581,128,0,113750:0:0:0:0:
182,192,113666,128,0,113750:0:0:0:0:
329,192,113666,128,0,113750:0:0:0:0:
109,192,113750,128,0,113920:0:0:0:0:
402,192,113750,128,0,113920:0:0:0:0:
36,192,113920,128,0,114174:0:0:0:50:kick.wav
182,192,113920,128,0,114174:0:0:0:50:cymbal.wav
256,192,113920,128,0,114174:0:0:0:0:
329,192,113920,128,0,114174:0:0:0:0:
475,192,113920,128,0,114174:0:0:0:0:
109,192,114259,128,0,114344:0:0:0:50:snare.wav
182,192,114259,128,0,114344:0:0:0:0:
329,192,114259,128,0,114344:0:0:0:0:
402,192,114259,128,0,114344:0:0:0:0:
36,192,114428,128,0,114683:0:0:0:50:kick.wav
182,192,114428,128,0,114683:0:0:0:50:cymbal.wav
256,192,114428,128,0,114683:0:0:0:0:
329,192,114428,128,0,114683:0:0:0:0:
475,192,114428,128,0,114683:0:0:0:0:
109,192,114767,128,0,114852:0:0:0:50:snare.wav
182,192,114767,128,0,114852:0:0:0:0:
329,192,114767,128,0,114852:0:0:0:0:
402,192,114767,128,0,114852:0:0:0:0:
36,192,114937,128,0,115445:0:0:0:50:kick.wav
182,192,114937,128,0,115445:0:0:0:50:cymbal.wav
329,192,114937,128,0,115445:0:0:0:0:
402,192,114937,128,0,115445:0:0:0:0:
475,192,114937,128,0,115445:0:0:0:0:
109,192,115502,1,0,0:0:0:0:
402,192,115558,1,0,0:0:0:0:
109,192,115615,1,0,0:0:0:0:
329,192,115700,128,0,115784:0:0:0:0:
475,192,115700,128,0,115784:0:0:0:0:
36,192,115784,128,0,115869:0:0:0:0:
182,192,115784,128,0,115869:0:0:0:0:
329,192,115869,128,0,115954:0:0:0:0:
475,192,115869,128,0,115954:0:0:0:0:
36,192,115954,128,0,116039:0:0:0:0:
182,192,115954,128,0,116039:0:0:0:0:
329,192,116039,128,0,116123:0:0:0:0:
475,192,116039,128,0,116123:0:0:0:0:
36,192,116123,128,0,116208:0:0:0:0:
182,192,116123,128,0,116208:0:0:0:0:
329,192,116208,128,0,116293:0:0:0:0:
475,192,116208,128,0,116293:0:0:0:0:
36,192,116293,1,0,0:0:0:50:snare.wav
109,192,116293,1,0,0:0:0:0:
182,192,116293,1,0,0:0:0:0:
402,192,116293,128,0,116378:0:0:0:0:
256,192,116378,128,0,116462:0:0:0:0:
36,192,116462,1,0,0:0:0:50:snare.wav
109,192,116462,1,0,0:0:0:0:
182,192,116462,1,0,0:0:0:0:
475,192,116462,128,0,116547:0:0:0:0:
329,192,116547,128,0,116632:0:0:0:0:
36,192,116632,128,0,116886:0:0:0:50:kick.wav
109,192,116632,128,0,116886:0:0:0:50:cymbal.wav
182,192,116632,128,0,116886:0:0:0:0:
256,192,116632,128,0,116886:0:0:0:0:
475,192,116632,128,0,116886:0:0:0:0:
36,192,116971,128,0,117055:0:0:0:50:snare.wav
109,192,116971,128,0,117055:0:0:0:0:
402,192,116971,128,0,117055:0:0:0:0:
475,192,116971,128,0,117055:0:0:0:0:
36,192,117140,128,0,117394:0:0:0:50:kick.wav
109,192,117140,128,0,117394:0:0:0:50:cymbal.wav
182,192,117140,128,0,117394:0:0:0:0:
329,192,117140,128,0,117394:0:0:0:0:
475,192,117140,128,0,117394:0:0:0:0:
36,192,117479,128,0,117564:0:0:0:50:snare.wav
256,192,117479,128,0,117564:0:0:0:0:
402,192,117479,128,0,117564:0:0:0:0:
475,192,117479,128,0,117564:0:0:0:0:
36,192,117649,128,0,118666:0:0:0:50:kick.wav
109,192,117649,128,0,118666:0:0:0:50:cymbal.wav
329,192,117649,128,0,119174:0:0:0:0:
402,192,117649,128,0,119259:0:0:0:0:
475,192,117649,128,0,119344:0:0:0:0:
