[Metadata]
Re : End of a Dream
uma vs. Morimori Atsushi
pprose
bms of fighters
53
0

[TimingPoints]
30,283.072277788262,4,1,1,30,1,0


[HitObjects]
329,192,30,5,0,0:0:0:0:
402,192,30,1,0,0:0:0:0:
109,192,171,5,0,0:0:0:0:
182,192,171,1,0,0:0:0:0:
402,192,313,1,0,0:0:0:0:
329,192,313,1,0,0:0:0:0:
36,192,454,1,0,0:0:0:0:
109,192,454,1,0,0:0:0:0:
182,192,596,1,0,0:0:0:0:
256,192,596,1,0,0:0:0:0:
329,192,737,1,0,0:0:0:0:
402,192,737,1,0,0:0:0:0:
475,192,879,1,0,0:0:0:0:
36,192,879,1,0,0:0:0:0:
329,192,1020,1,0,0:0:0:0:
182,192,1020,1,0,0:0:0:0:
402,192,1303,1,0,0:0:0:0:
109,192,1303,1,0,0:0:0:0:
182,192,2153,1,0,0:0:0:0:
256,192,2223,1,0,0:0:0:0:
329,192,2294,1,0,0:0:0:0:
182,192,2436,1,0,0:0:0:0:
329,192,2577,1,0,0:0:0:0:
109,192,2719,1,0,0:0:0:0:
256,192,2860,1,0,0:0:0:0:
402,192,3002,1,0,0:0:0:0:
475,192,3143,1,0,0:0:0:0:
182,192,3285,1,0,0:0:0:0:
329,192,3568,1,0,0:0:0:0:
256,192,3851,1,0,0:0:0:0:
182,192,3993,1,0,0:0:0:0:
109,192,4276,1,0,0:0:0:0:
256,192,4559,1,0,0:0:0:0:
402,192,4559,1,0,0:0:0:0:
36,192,4700,1,0,0:0:0:0:
182,192,4700,1,0,0:0:0:0:
256,192,4842,1,0,0:0:0:0:
402,192,4842,1,0,0:0:0:0:
36,192,4983,1,0,0:0:0:0:
109,192,4983,1,0,0:0:0:0:
182,192,5125,1,0,0:0:0:0:
256,192,5125,1,0,0:0:0:0:
329,192,5266,1,0,0:0:0:0:
402,192,5266,1,0,0:0:0:0:
36,192,5408,1,0,0:0:0:0:
475,192,5408,1,0,0:0:0:0:
182,192,5549,1,0,0:0:0:0:
329,192,5549,1,0,0:0:0:0:
109,192,5832,1,0,0:0:0:0:
402,192,5832,1,0,0:0:0:0:
109,192,6682,1,0,0:0:0:0:
256,192,6752,1,0,0:0:0:0:
402,192,6823,1,0,0:0:0:0:
329,192,6965,1,0,0:0:0:0:
402,192,7106,1,0,0:0:0:0:
36,192,7248,1,0,0:0:0:0:
182,192,7389,1,0,0:0:0:0:
329,192,7531,1,0,0:0:0:0:
475,192,7672,1,0,0:0:0:0:
256,192,7814,1,0,0:0:0:0:
402,192,8097,1,0,0:0:0:0:
329,192,8522,1,0,0:0:0:0:
182,192,8592,1,0,0:0:0:0:
329,192,8663,1,0,0:0:0:0:
182,192,8734,1,0,0:0:0:0:
329,192,8805,1,0,0:0:0:0:
36,192,8805,1,0,0:0:0:0:
109,192,8876,1,0,0:0:0:0:
256,192,8876,1,0,0:0:0:0:
182,192,8946,1,0,0:0:0:0:
402,192,8946,1,0,0:0:0:0:
256,192,9017,1,0,0:0:0:0:
329,192,9017,1,0,0:0:0:0:
475,192,9088,1,0,0:0:0:0:
402,192,9088,1,0,0:0:0:0:
36,192,9088,1,0,0:0:0:0:
182,192,9088,1,0,0:0:0:0:
329,192,9229,1,0,0:0:0:0:
109,192,9229,1,0,0:0:0:0:
182,192,9300,1,0,0:0:0:0:
256,192,9300,1,0,0:0:0:0:
475,192,9371,1,0,0:0:0:0:
329,192,9371,1,0,0:0:0:0:
36,192,9371,1,0,0:0:0:0:
256,192,9512,128,0,9725:0:0:0:0:
109,192,9512,128,0,9725:0:0:0:0:
402,192,9512,128,0,9725:0:0:0:0:
109,192,9795,1,0,0:0:0:0:
329,192,9795,1,0,0:0:0:0:
475,192,9795,1,0,0:0:0:0:
36,192,9937,1,0,0:0:0:0:
182,192,9937,1,0,0:0:0:0:
329,192,9937,1,0,0:0:0:0:
109,192,10079,1,0,0:0:0:0:
256,192,10079,1,0,0:0:0:0:
402,192,10079,1,0,0:0:0:0:
182,192,10220,1,0,0:0:0:0:
329,192,10220,1,0,0:0:0:0:
475,192,10220,1,0,0:0:0:0:
36,192,10362,1,0,0:0:0:0:
402,192,10362,1,0,0:0:0:0:
182,192,10432,1,0,0:0:0:0:
256,192,10432,1,0,0:0:0:0:
109,192,10503,1,0,0:0:0:0:
329,192,10503,1,0,0:0:0:0:
475,192,10503,1,0,0:0:0:0:
36,192,10645,128,0,10857:0:0:0:0:
256,192,10645,128,0,10857:0:0:0:0:
402,192,10645,128,0,10857:0:0:0:0:
182,192,10928,1,0,0:0:0:0:
329,192,10928,1,0,0:0:0:0:
475,192,10928,1,0,0:0:0:0:
256,192,11069,1,0,0:0:0:0:
402,192,11069,1,0,0:0:0:0:
36,192,11069,1,0,0:0:0:0:
182,192,11211,1,0,0:0:0:0:
329,192,11211,1,0,0:0:0:0:
475,192,11211,1,0,0:0:0:0:
402,192,11352,1,0,0:0:0:0:
475,192,11352,1,0,0:0:0:0:
256,192,11352,1,0,0:0:0:0:
36,192,11494,1,0,0:0:0:0:
329,192,11494,1,0,0:0:0:0:
109,192,11565,1,0,0:0:0:0:
256,192,11565,1,0,0:0:0:0:
182,192,11635,1,0,0:0:0:0:
402,192,11635,1,0,0:0:0:0:
475,192,11635,1,0,0:0:0:0:
329,192,11777,128,0,11989:0:0:0:0:
109,192,11777,128,0,11989:0:0:0:0:
36,192,11777,128,0,11989:0:0:0:0:
402,192,12060,1,0,0:0:0:0:
475,192,12060,1,0,0:0:0:0:
256,192,12060,1,0,0:0:0:0:
329,192,12202,1,0,0:0:0:0:
36,192,12202,1,0,0:0:0:0:
182,192,12202,1,0,0:0:0:0:
256,192,12343,1,0,0:0:0:0:
402,192,12343,1,0,0:0:0:0:
475,192,12343,1,0,0:0:0:0:
36,192,12485,1,0,0:0:0:0:
329,192,12485,1,0,0:0:0:0:
182,192,12555,1,0,0:0:0:0:
256,192,12555,1,0,0:0:0:0:
109,192,12626,1,0,0:0:0:0:
329,192,12626,1,0,0:0:0:0:
475,192,12626,1,0,0:0:0:0:
36,192,12768,1,0,0:0:0:0:
256,192,12768,1,0,0:0:0:0:
402,192,12768,1,0,0:0:0:0:
109,192,12909,128,0,13122:0:0:0:0:
329,192,12909,128,0,13122:0:0:0:0:
475,192,12909,128,0,13122:0:0:0:0:
36,192,13192,1,0,0:0:0:0:
182,192,13192,1,0,0:0:0:0:
329,192,13192,1,0,0:0:0:0:
109,192,13334,1,0,0:0:0:0:
402,192,13334,1,0,0:0:0:0:
329,192,13381,1,0,0:0:0:0:
256,192,13428,1,0,0:0:0:0:
182,192,13475,1,0,0:0:0:0:
475,192,13617,1,0,0:0:0:0:
329,192,13617,1,0,0:0:0:0:
36,192,13617,1,0,0:0:0:0:
182,192,13759,1,0,0:0:0:0:
402,192,13759,1,0,0:0:0:0:
256,192,13829,1,0,0:0:0:0:
109,192,13829,1,0,0:0:0:0:
329,192,13900,1,0,0:0:0:0:
475,192,13900,1,0,0:0:0:0:
36,192,13900,1,0,0:0:0:0:
109,192,14042,1,0,0:0:0:0:
402,192,14042,1,0,0:0:0:0:
256,192,14042,1,0,0:0:0:0:
36,192,14183,1,0,0:0:0:0:
329,192,14325,1,0,0:0:0:0:
475,192,14325,1,0,0:0:0:0:
109,192,14325,1,0,0:0:0:0:
182,192,14466,1,0,0:0:0:0:
256,192,14466,1,0,0:0:0:0:
402,192,14466,1,0,0:0:0:0:
36,192,14466,1,0,0:0:0:0:
329,192,14608,1,0,0:0:0:0:
475,192,14608,1,0,0:0:0:0:
109,192,14608,1,0,0:0:0:0:
402,192,14749,1,0,0:0:0:0:
475,192,14749,1,0,0:0:0:0:
182,192,14749,1,0,0:0:0:0:
36,192,14749,1,0,0:0:0:0:
329,192,14891,1,0,0:0:0:0:
109,192,14891,1,0,0:0:0:0:
182,192,14962,1,0,0:0:0:0:
256,192,14962,1,0,0:0:0:0:
402,192,15032,1,0,0:0:0:0:
475,192,15032,1,0,0:0:0:0:
36,192,15032,1,0,0:0:0:0:
109,192,15174,1,0,0:0:0:0:
329,192,15174,1,0,0:0:0:0:
256,192,15174,1,0,0:0:0:0:
36,192,15315,1,0,0:0:0:0:
402,192,15457,1,0,0:0:0:0:
475,192,15457,1,0,0:0:0:0:
182,192,15457,1,0,0:0:0:0:
256,192,15598,1,0,0:0:0:0:
329,192,15598,1,0,0:0:0:0:
109,192,15598,1,0,0:0:0:0:
36,192,15598,1,0,0:0:0:0:
182,192,15740,1,0,0:0:0:0:
402,192,15740,1,0,0:0:0:0:
475,192,15740,1,0,0:0:0:0:
329,192,15882,1,0,0:0:0:0:
475,192,15882,1,0,0:0:0:0:
36,192,15882,1,0,0:0:0:0:
109,192,16023,1,0,0:0:0:0:
402,192,16023,1,0,0:0:0:0:
329,192,16094,1,0,0:0:0:0:
256,192,16094,1,0,0:0:0:0:
36,192,16165,1,0,0:0:0:0:
182,192,16165,1,0,0:0:0:0:
475,192,16165,1,0,0:0:0:0:
109,192,16306,1,0,0:0:0:0:
256,192,16306,1,0,0:0:0:0:
402,192,16306,1,0,0:0:0:0:
329,192,16448,1,0,0:0:0:0:
36,192,16448,1,0,0:0:0:0:
182,192,16518,1,0,0:0:0:0:
329,192,16589,1,0,0:0:0:0:
475,192,16589,1,0,0:0:0:0:
36,192,16589,1,0,0:0:0:0:
256,192,16660,1,0,0:0:0:0:
182,192,16731,1,0,0:0:0:0:
402,192,16731,1,0,0:0:0:0:
109,192,16731,1,0,0:0:0:0:
329,192,16802,1,0,0:0:0:0:
36,192,16872,1,0,0:0:0:0:
402,192,16872,1,0,0:0:0:0:
182,192,16872,1,0,0:0:0:0:
256,192,16943,1,0,0:0:0:0:
475,192,17014,1,0,0:0:0:0:
109,192,17014,1,0,0:0:0:0:
329,192,17014,1,0,0:0:0:0:
182,192,17014,1,0,0:0:0:0:
402,192,17203,1,0,0:0:0:0:
36,192,17203,1,0,0:0:0:0:
256,192,17203,1,0,0:0:0:0:
109,192,17203,1,0,0:0:0:0:
329,192,17385,1,0,0:0:0:0:
109,192,17385,1,0,0:0:0:0:
182,192,17385,1,0,0:0:0:0:
475,192,17385,1,0,0:0:0:0:
402,192,17580,1,0,0:0:0:0:
475,192,17580,1,0,0:0:0:0:
109,192,17580,1,0,0:0:0:0:
256,192,17580,1,0,0:0:0:0:
182,192,17769,1,0,0:0:0:0:
329,192,17769,1,0,0:0:0:0:
402,192,17769,1,0,0:0:0:0:
36,192,17769,1,0,0:0:0:0:
109,192,17952,1,0,0:0:0:0:
256,192,17952,1,0,0:0:0:0:
329,192,17952,1,0,0:0:0:0:
475,192,17952,1,0,0:0:0:0:
475,192,18146,1,0,0:0:0:0:
402,192,18164,1,0,0:0:0:0:
329,192,18193,1,0,0:0:0:0:
256,192,18217,1,0,0:0:0:0:
182,192,18235,1,0,0:0:0:0:
109,192,18264,1,0,0:0:0:0:
36,192,18288,1,0,0:0:0:0:
475,192,18305,1,0,0:0:0:0:
402,192,18335,1,0,0:0:0:0:
329,192,18358,1,0,0:0:0:0:
256,192,18376,1,0,0:0:0:0:
182,192,18406,1,0,0:0:0:0:
36,192,18429,1,0,0:0:0:0:
475,192,18429,1,0,0:0:0:0:
109,192,18429,1,0,0:0:0:0:
402,192,18429,1,0,0:0:0:0:
256,192,18571,1,0,0:0:0:0:
36,192,18854,1,0,0:0:0:0:
329,192,18854,1,0,0:0:0:0:
109,192,18995,1,0,0:0:0:0:
475,192,18995,1,0,0:0:0:0:
256,192,18995,1,0,0:0:0:0:
329,192,19137,1,0,0:0:0:0:
36,192,19278,1,0,0:0:0:0:
402,192,19278,1,0,0:0:0:0:
256,192,19420,1,0,0:0:0:0:
329,192,19491,1,0,0:0:0:0:
109,192,19561,1,0,0:0:0:0:
182,192,19561,1,0,0:0:0:0:
402,192,19561,1,0,0:0:0:0:
36,192,19703,1,0,0:0:0:0:
256,192,19703,1,0,0:0:0:0:
36,192,19986,1,0,0:0:0:0:
402,192,19986,1,0,0:0:0:0:
109,192,20128,1,0,0:0:0:0:
182,192,20128,1,0,0:0:0:0:
329,192,20128,1,0,0:0:0:0:
402,192,20269,1,0,0:0:0:0:
36,192,20411,1,0,0:0:0:0:
475,192,20411,1,0,0:0:0:0:
182,192,20552,1,0,0:0:0:0:
329,192,20623,1,0,0:0:0:0:
109,192,20694,1,0,0:0:0:0:
475,192,20694,1,0,0:0:0:0:
256,192,20694,1,0,0:0:0:0:
182,192,20835,1,0,0:0:0:0:
36,192,21118,1,0,0:0:0:0:
329,192,21118,1,0,0:0:0:0:
109,192,21260,1,0,0:0:0:0:
256,192,21260,1,0,0:0:0:0:
475,192,21260,1,0,0:0:0:0:
329,192,21401,1,0,0:0:0:0:
36,192,21543,1,0,0:0:0:0:
475,192,21543,1,0,0:0:0:0:
329,192,21614,1,0,0:0:0:0:
182,192,21685,1,0,0:0:0:0:
109,192,21826,1,0,0:0:0:0:
256,192,21826,1,0,0:0:0:0:
402,192,21826,1,0,0:0:0:0:
36,192,21968,1,0,0:0:0:0:
329,192,21968,1,0,0:0:0:0:
109,192,22109,1,0,0:0:0:0:
182,192,22156,1,0,0:0:0:0:
329,192,22198,1,0,0:0:0:0:
36,192,22251,1,0,0:0:0:0:
256,192,22251,1,0,0:0:0:0:
402,192,22321,1,0,0:0:0:0:
109,192,22392,1,0,0:0:0:0:
182,192,22392,1,0,0:0:0:0:
329,192,22392,1,0,0:0:0:0:
475,192,22439,1,0,0:0:0:0:
36,192,22463,1,0,0:0:0:0:
402,192,22481,1,0,0:0:0:0:
256,192,22534,1,0,0:0:0:0:
182,192,22534,1,0,0:0:0:0:
109,192,22605,1,0,0:0:0:0:
36,192,22675,1,0,0:0:0:0:
329,192,22675,1,0,0:0:0:0:
475,192,22675,1,0,0:0:0:0:
182,192,22817,1,0,0:0:0:0:
402,192,22817,1,0,0:0:0:0:
109,192,22888,1,0,0:0:0:0:
329,192,22888,1,0,0:0:0:0:
36,192,22958,1,0,0:0:0:0:
475,192,22958,1,0,0:0:0:0:
256,192,22958,1,0,0:0:0:0:
329,192,23100,1,0,0:0:0:0:
475,192,23241,1,0,0:0:0:0:
182,192,23241,1,0,0:0:0:0:
36,192,23383,1,0,0:0:0:0:
329,192,23383,1,0,0:0:0:0:
402,192,23430,1,0,0:0:0:0:
182,192,23471,1,0,0:0:0:0:
109,192,23524,1,0,0:0:0:0:
256,192,23524,1,0,0:0:0:0:
475,192,23524,1,0,0:0:0:0:
329,192,23666,1,0,0:0:0:0:
182,192,23666,1,0,0:0:0:0:
36,192,23808,1,0,0:0:0:0:
402,192,23808,1,0,0:0:0:0:
182,192,23808,1,0,0:0:0:0:
329,192,23878,1,0,0:0:0:0:
256,192,23949,1,0,0:0:0:0:
109,192,23949,1,0,0:0:0:0:
402,192,24020,1,0,0:0:0:0:
182,192,24020,1,0,0:0:0:0:
109,192,24091,1,0,0:0:0:0:
329,192,24091,1,0,0:0:0:0:
475,192,24091,1,0,0:0:0:0:
256,192,24108,1,0,0:0:0:0:
36,192,24232,1,0,0:0:0:0:
182,192,24232,1,0,0:0:0:0:
329,192,24374,1,0,0:0:0:0:
36,192,24515,1,0,0:0:0:0:
402,192,24515,1,0,0:0:0:0:
475,192,24562,1,0,0:0:0:0:
256,192,24604,1,0,0:0:0:0:
109,192,24657,1,0,0:0:0:0:
182,192,24657,1,0,0:0:0:0:
329,192,24657,1,0,0:0:0:0:
402,192,24798,1,0,0:0:0:0:
256,192,24798,1,0,0:0:0:0:
36,192,24940,1,0,0:0:0:0:
329,192,24940,1,0,0:0:0:0:
475,192,24940,1,0,0:0:0:0:
182,192,25011,1,0,0:0:0:0:
329,192,25081,1,0,0:0:0:0:
182,192,25152,1,0,0:0:0:0:
109,192,25223,1,0,0:0:0:0:
329,192,25223,1,0,0:0:0:0:
475,192,25223,1,0,0:0:0:0:
182,192,25294,1,0,0:0:0:0:
36,192,25364,1,0,0:0:0:0:
329,192,25364,1,0,0:0:0:0:
182,192,25435,1,0,0:0:0:0:
36,192,25506,1,0,0:0:0:0:
329,192,25506,1,0,0:0:0:0:
109,192,25577,1,0,0:0:0:0:
256,192,25577,1,0,0:0:0:0:
182,192,25648,1,0,0:0:0:0:
402,192,25648,1,0,0:0:0:0:
329,192,25718,1,0,0:0:0:0:
109,192,25718,1,0,0:0:0:0:
182,192,25789,1,0,0:0:0:0:
475,192,25789,1,0,0:0:0:0:
36,192,25789,1,0,0:0:0:0:
402,192,25860,1,0,0:0:0:0:
256,192,25860,1,0,0:0:0:0:
182,192,25931,1,0,0:0:0:0:
329,192,25931,1,0,0:0:0:0:
36,192,25931,1,0,0:0:0:0:
256,192,26001,1,0,0:0:0:0:
402,192,26001,1,0,0:0:0:0:
475,192,26072,1,0,0:0:0:0:
36,192,26072,1,0,0:0:0:0:
109,192,26072,1,0,0:0:0:0:
329,192,26072,1,0,0:0:0:0:
402,192,26214,1,0,0:0:0:0:
256,192,26355,1,0,0:0:0:0:
109,192,26497,1,0,0:0:0:0:
256,192,26638,128,0,26851:0:0:0:0:
402,192,26921,1,0,0:0:0:0:
329,192,27063,1,0,0:0:0:0:
256,192,27204,1,0,0:0:0:0:
36,192,27204,1,0,0:0:0:0:
475,192,27204,1,0,0:0:0:0:
402,192,27240,1,0,0:0:0:0:
182,192,27488,1,0,0:0:0:0:
329,192,27629,1,0,0:0:0:0:
109,192,27629,1,0,0:0:0:0:
182,192,27912,1,0,0:0:0:0:
256,192,28054,1,0,0:0:0:0:
329,192,28195,1,0,0:0:0:0:
182,192,28337,1,0,0:0:0:0:
36,192,28337,1,0,0:0:0:0:
475,192,28478,1,0,0:0:0:0:
402,192,28620,1,0,0:0:0:0:
329,192,28761,1,0,0:0:0:0:
109,192,28761,1,0,0:0:0:0:
402,192,29186,1,0,0:0:0:0:
329,192,29327,1,0,0:0:0:0:
36,192,29469,1,0,0:0:0:0:
256,192,29469,1,0,0:0:0:0:
329,192,29752,1,0,0:0:0:0:
182,192,29894,1,0,0:0:0:0:
402,192,29894,1,0,0:0:0:0:
182,192,30177,1,0,0:0:0:0:
329,192,30318,1,0,0:0:0:0:
475,192,30460,1,0,0:0:0:0:
36,192,30601,1,0,0:0:0:0:
402,192,30601,1,0,0:0:0:0:
256,192,30619,1,0,0:0:0:0:
109,192,31026,1,0,0:0:0:0:
402,192,31167,1,0,0:0:0:0:
329,192,31451,1,0,0:0:0:0:
109,192,31734,1,0,0:0:0:0:
256,192,31734,1,0,0:0:0:0:
402,192,32017,1,0,0:0:0:0:
109,192,32158,1,0,0:0:0:0:
256,192,32158,1,0,0:0:0:0:
182,192,32441,1,0,0:0:0:0:
475,192,32583,1,0,0:0:0:0:
329,192,32724,1,0,0:0:0:0:
182,192,32866,1,0,0:0:0:0:
36,192,32866,1,0,0:0:0:0:
329,192,33149,1,0,0:0:0:0:
36,192,33290,1,0,0:0:0:0:
182,192,33290,1,0,0:0:0:0:
182,192,33574,1,0,0:0:0:0:
256,192,33715,1,0,0:0:0:0:
329,192,33857,1,0,0:0:0:0:
36,192,33998,1,0,0:0:0:0:
182,192,33998,1,0,0:0:0:0:
402,192,34423,1,0,0:0:0:0:
109,192,34423,1,0,0:0:0:0:
256,192,34494,1,0,0:0:0:0:
402,192,34564,1,0,0:0:0:0:
182,192,34989,1,0,0:0:0:0:
475,192,34989,1,0,0:0:0:0:
329,192,35060,1,0,0:0:0:0:
475,192,35130,1,0,0:0:0:0:
36,192,35148,1,0,0:0:0:0:
109,192,35166,1,0,0:0:0:0:
182,192,35201,1,0,0:0:0:0:
256,192,35219,1,0,0:0:0:0:
329,192,35237,1,0,0:0:0:0:
402,192,35272,1,0,0:0:0:0:
329,192,35414,1,0,0:0:0:0:
475,192,35414,1,0,0:0:0:0:
182,192,35414,1,0,0:0:0:0:
109,192,35697,1,0,0:0:0:0:
256,192,35697,1,0,0:0:0:0:
402,192,35697,1,0,0:0:0:0:
182,192,35980,1,0,0:0:0:0:
36,192,35980,1,0,0:0:0:0:
329,192,35980,1,0,0:0:0:0:
402,192,36263,1,0,0:0:0:0:
109,192,36263,1,0,0:0:0:0:
329,192,36404,1,0,0:0:0:0:
182,192,36475,1,0,0:0:0:0:
36,192,36546,1,0,0:0:0:0:
109,192,36546,1,0,0:0:0:0:
475,192,36546,1,0,0:0:0:0:
329,192,36546,1,0,0:0:0:0:
256,192,36617,1,0,0:0:0:0:
402,192,36687,1,0,0:0:0:0:
182,192,36687,1,0,0:0:0:0:
36,192,36829,1,0,0:0:0:0:
182,192,36829,1,0,0:0:0:0:
329,192,36900,1,0,0:0:0:0:
475,192,36970,1,0,0:0:0:0:
182,192,37041,1,0,0:0:0:0:
36,192,37112,1,0,0:0:0:0:
256,192,37112,1,0,0:0:0:0:
402,192,37112,1,0,0:0:0:0:
182,192,37183,1,0,0:0:0:0:
329,192,37254,1,0,0:0:0:0:
109,192,37254,1,0,0:0:0:0:
256,192,37324,1,0,0:0:0:0:
36,192,37395,1,0,0:0:0:0:
475,192,37395,1,0,0:0:0:0:
256,192,37537,1,0,0:0:0:0:
109,192,37537,1,0,0:0:0:0:
402,192,37607,1,0,0:0:0:0:
36,192,37678,1,0,0:0:0:0:
256,192,37678,1,0,0:0:0:0:
182,192,37749,1,0,0:0:0:0:
329,192,37820,1,0,0:0:0:0:
36,192,37961,1,0,0:0:0:0:
329,192,37961,1,0,0:0:0:0:
182,192,38032,1,0,0:0:0:0:
402,192,38103,1,0,0:0:0:0:
329,192,38173,1,0,0:0:0:0:
36,192,38244,1,0,0:0:0:0:
182,192,38244,1,0,0:0:0:0:
475,192,38244,1,0,0:0:0:0:
402,192,38315,1,0,0:0:0:0:
109,192,38386,1,0,0:0:0:0:
256,192,38386,1,0,0:0:0:0:
182,192,38457,1,0,0:0:0:0:
36,192,38527,1,0,0:0:0:0:
329,192,38527,1,0,0:0:0:0:
475,192,38527,1,0,0:0:0:0:
182,192,38669,1,0,0:0:0:0:
475,192,38669,1,0,0:0:0:0:
329,192,38740,1,0,0:0:0:0:
36,192,38810,1,0,0:0:0:0:
109,192,38810,1,0,0:0:0:0:
256,192,38881,1,0,0:0:0:0:
402,192,38952,1,0,0:0:0:0:
182,192,38952,1,0,0:0:0:0:
36,192,39093,1,0,0:0:0:0:
182,192,39093,1,0,0:0:0:0:
329,192,39164,1,0,0:0:0:0:
475,192,39235,1,0,0:0:0:0:
182,192,39306,1,0,0:0:0:0:
256,192,39377,1,0,0:0:0:0:
36,192,39377,1,0,0:0:0:0:
402,192,39377,1,0,0:0:0:0:
329,192,39447,1,0,0:0:0:0:
475,192,39518,1,0,0:0:0:0:
182,192,39518,1,0,0:0:0:0:
402,192,39589,1,0,0:0:0:0:
36,192,39660,1,0,0:0:0:0:
256,192,39660,128,0,40155:0:0:0:0:
475,192,39660,128,0,40155:0:0:0:0:
182,192,39801,1,0,0:0:0:0:
36,192,39943,1,0,0:0:0:0:
182,192,40084,1,0,0:0:0:0:
36,192,40226,1,0,0:0:0:0:
329,192,40226,128,0,40438:0:0:0:0:
402,192,40226,128,0,40438:0:0:0:0:
475,192,40226,128,0,40438:0:0:0:0:
109,192,40226,1,0,0:0:0:0:
182,192,40297,1,0,0:0:0:0:
256,192,40367,1,0,0:0:0:0:
182,192,40509,128,0,40721:0:0:0:0:
36,192,40509,128,0,40721:0:0:0:0:
109,192,40509,128,0,40721:0:0:0:0:
475,192,40509,1,0,0:0:0:0:
402,192,40509,1,0,0:0:0:0:
329,192,40580,1,0,0:0:0:0:
256,192,40650,1,0,0:0:0:0:
36,192,40792,1,0,0:0:0:0:
475,192,40792,1,0,0:0:0:0:
182,192,40792,1,0,0:0:0:0:
329,192,40792,1,0,0:0:0:0:
402,192,41075,1,0,0:0:0:0:
256,192,41075,1,0,0:0:0:0:
36,192,41217,1,0,0:0:0:0:
109,192,41217,1,0,0:0:0:0:
182,192,41217,1,0,0:0:0:0:
329,192,41217,1,0,0:0:0:0:
256,192,41500,1,0,0:0:0:0:
109,192,41570,1,0,0:0:0:0:
329,192,41641,1,0,0:0:0:0:
182,192,41712,1,0,0:0:0:0:
402,192,41783,1,0,0:0:0:0:
256,192,41853,1,0,0:0:0:0:
475,192,41924,1,0,0:0:0:0:
109,192,41924,1,0,0:0:0:0:
36,192,41924,1,0,0:0:0:0:
402,192,41995,1,0,0:0:0:0:
182,192,41995,1,0,0:0:0:0:
329,192,42066,1,0,0:0:0:0:
36,192,42349,1,0,0:0:0:0:
109,192,42349,1,0,0:0:0:0:
182,192,42349,1,0,0:0:0:0:
329,192,42349,1,0,0:0:0:0:
402,192,42349,1,0,0:0:0:0:
475,192,42349,1,0,0:0:0:0:
329,192,42632,1,0,0:0:0:0:
475,192,42632,1,0,0:0:0:0:
109,192,42632,1,0,0:0:0:0:
182,192,42703,1,0,0:0:0:0:
329,192,42773,1,0,0:0:0:0:
36,192,42773,1,0,0:0:0:0:
182,192,42844,1,0,0:0:0:0:
329,192,42915,1,0,0:0:0:0:
109,192,42915,1,0,0:0:0:0:
256,192,42986,1,0,0:0:0:0:
475,192,42986,1,0,0:0:0:0:
36,192,43056,128,0,43269:0:0:0:0:
182,192,43056,128,0,43269:0:0:0:0:
402,192,43056,128,0,43269:0:0:0:0:
36,192,43340,1,0,0:0:0:0:
182,192,43340,1,0,0:0:0:0:
402,192,43340,1,0,0:0:0:0:
256,192,43410,1,0,0:0:0:0:
329,192,43410,1,0,0:0:0:0:
36,192,43481,1,0,0:0:0:0:
402,192,43481,1,0,0:0:0:0:
182,192,43481,1,0,0:0:0:0:
256,192,43552,1,0,0:0:0:0:
329,192,43552,1,0,0:0:0:0:
36,192,43623,1,0,0:0:0:0:
182,192,43623,1,0,0:0:0:0:
402,192,43623,1,0,0:0:0:0:
36,192,43764,1,0,0:0:0:0:
402,192,43764,1,0,0:0:0:0:
182,192,43764,1,0,0:0:0:0:
109,192,44047,128,0,44260:0:0:0:0:
329,192,44047,128,0,44260:0:0:0:0:
475,192,44047,128,0,44260:0:0:0:0:
109,192,44330,1,0,0:0:0:0:
329,192,44330,1,0,0:0:0:0:
475,192,44330,1,0,0:0:0:0:
36,192,44472,1,0,0:0:0:0:
182,192,44472,1,0,0:0:0:0:
329,192,44472,1,0,0:0:0:0:
109,192,44613,1,0,0:0:0:0:
256,192,44613,1,0,0:0:0:0:
402,192,44613,1,0,0:0:0:0:
475,192,44755,1,0,0:0:0:0:
329,192,44755,1,0,0:0:0:0:
182,192,44755,1,0,0:0:0:0:
256,192,45038,128,0,45321:0:0:0:0:
109,192,45038,1,0,0:0:0:0:
182,192,45038,1,0,0:0:0:0:
329,192,45038,1,0,0:0:0:0:
402,192,45038,1,0,0:0:0:0:
36,192,45321,1,0,0:0:0:0:
475,192,45321,1,0,0:0:0:0:
402,192,45321,1,0,0:0:0:0:
182,192,45321,1,0,0:0:0:0:
182,192,45463,1,0,0:0:0:0:
475,192,45604,1,0,0:0:0:0:
182,192,45604,1,0,0:0:0:0:
36,192,45746,1,0,0:0:0:0:
329,192,45746,1,0,0:0:0:0:
182,192,45746,1,0,0:0:0:0:
256,192,46170,1,0,0:0:0:0:
329,192,46878,1,0,0:0:0:0:
36,192,47019,1,0,0:0:0:0:
475,192,47019,1,0,0:0:0:0:
475,192,47161,1,0,0:0:0:0:
256,192,47303,1,0,0:0:0:0:
475,192,47303,1,0,0:0:0:0:
475,192,47444,1,0,0:0:0:0:
36,192,47586,1,0,0:0:0:0:
182,192,47586,1,0,0:0:0:0:
402,192,47586,1,0,0:0:0:0:
329,192,47586,1,0,0:0:0:0:
182,192,47727,1,0,0:0:0:0:
475,192,47869,1,0,0:0:0:0:
182,192,47869,1,0,0:0:0:0:
36,192,48010,1,0,0:0:0:0:
329,192,48010,1,0,0:0:0:0:
182,192,48010,1,0,0:0:0:0:
182,192,48293,1,0,0:0:0:0:
329,192,48435,1,0,0:0:0:0:
36,192,48718,1,0,0:0:0:0:
256,192,48718,1,0,0:0:0:0:
402,192,48718,1,0,0:0:0:0:
36,192,49143,1,0,0:0:0:0:
329,192,49143,1,0,0:0:0:0:
475,192,49143,1,0,0:0:0:0:
475,192,49850,1,0,0:0:0:0:
36,192,49850,1,0,0:0:0:0:
182,192,49850,1,0,0:0:0:0:
329,192,49850,1,0,0:0:0:0:
36,192,49992,1,0,0:0:0:0:
256,192,50133,1,0,0:0:0:0:
36,192,50133,1,0,0:0:0:0:
475,192,50275,1,0,0:0:0:0:
36,192,50275,1,0,0:0:0:0:
182,192,50275,1,0,0:0:0:0:
256,192,50699,1,0,0:0:0:0:
182,192,51407,1,0,0:0:0:0:
475,192,51549,1,0,0:0:0:0:
329,192,51549,1,0,0:0:0:0:
36,192,51549,1,0,0:0:0:0:
329,192,51690,1,0,0:0:0:0:
329,192,51832,1,0,0:0:0:0:
109,192,51832,1,0,0:0:0:0:
329,192,51973,1,0,0:0:0:0:
182,192,51973,1,0,0:0:0:0:
475,192,52115,1,0,0:0:0:0:
36,192,52115,1,0,0:0:0:0:
256,192,52115,1,0,0:0:0:0:
36,192,52256,1,0,0:0:0:0:
329,192,52398,1,0,0:0:0:0:
36,192,52398,1,0,0:0:0:0:
475,192,52539,1,0,0:0:0:0:
182,192,52539,1,0,0:0:0:0:
36,192,52539,1,0,0:0:0:0:
256,192,52587,1,0,0:0:0:0:
402,192,52634,1,0,0:0:0:0:
329,192,52681,1,0,0:0:0:0:
256,192,52822,1,0,0:0:0:0:
36,192,52964,1,0,0:0:0:0:
475,192,53247,1,0,0:0:0:0:
109,192,53247,1,0,0:0:0:0:
256,192,53247,1,0,0:0:0:0:
475,192,53672,1,0,0:0:0:0:
182,192,53672,1,0,0:0:0:0:
329,192,53672,1,0,0:0:0:0:
475,192,54096,1,0,0:0:0:0:
402,192,54132,1,0,0:0:0:0:
329,192,54167,1,0,0:0:0:0:
256,192,54202,1,0,0:0:0:0:
36,192,54238,1,0,0:0:0:0:
109,192,54273,1,0,0:0:0:0:
182,192,54309,1,0,0:0:0:0:
256,192,54344,1,0,0:0:0:0:
329,192,54379,1,0,0:0:0:0:
475,192,54379,1,0,0:0:0:0:
36,192,54379,1,0,0:0:0:0:
329,192,54521,1,0,0:0:0:0:
109,192,54662,1,0,0:0:0:0:
256,192,54662,1,0,0:0:0:0:
475,192,54662,1,0,0:0:0:0:
36,192,54804,1,0,0:0:0:0:
402,192,54804,1,0,0:0:0:0:
182,192,54875,1,0,0:0:0:0:
329,192,54946,1,0,0:0:0:0:
182,192,55016,1,0,0:0:0:0:
36,192,55087,1,0,0:0:0:0:
402,192,55087,1,0,0:0:0:0:
256,192,55229,1,0,0:0:0:0:
109,192,55299,1,0,0:0:0:0:
475,192,55299,1,0,0:0:0:0:
329,192,55370,1,0,0:0:0:0:
182,192,55441,1,0,0:0:0:0:
402,192,55441,1,0,0:0:0:0:
36,192,55512,1,0,0:0:0:0:
256,192,55512,1,0,0:0:0:0:
109,192,55653,1,0,0:0:0:0:
329,192,55653,1,0,0:0:0:0:
475,192,55653,1,0,0:0:0:0:
109,192,55795,1,0,0:0:0:0:
329,192,55795,1,0,0:0:0:0:
475,192,55795,1,0,0:0:0:0:
402,192,55936,1,0,0:0:0:0:
256,192,56007,1,0,0:0:0:0:
36,192,56078,1,0,0:0:0:0:
109,192,56078,1,0,0:0:0:0:
475,192,56078,1,0,0:0:0:0:
475,192,56219,1,0,0:0:0:0:
182,192,56219,1,0,0:0:0:0:
36,192,56361,1,0,0:0:0:0:
109,192,56361,1,0,0:0:0:0:
475,192,56361,1,0,0:0:0:0:
475,192,56502,1,0,0:0:0:0:
182,192,56502,1,0,0:0:0:0:
329,192,56502,1,0,0:0:0:0:
402,192,56644,1,0,0:0:0:0:
36,192,56644,1,0,0:0:0:0:
256,192,56644,1,0,0:0:0:0:
109,192,56644,1,0,0:0:0:0:
402,192,56785,1,0,0:0:0:0:
182,192,56785,1,0,0:0:0:0:
402,192,56927,1,0,0:0:0:0:
109,192,56927,1,0,0:0:0:0:
256,192,56927,1,0,0:0:0:0:
402,192,57069,1,0,0:0:0:0:
36,192,57069,1,0,0:0:0:0:
182,192,57069,1,0,0:0:0:0:
475,192,57069,1,0,0:0:0:0:
329,192,57139,1,0,0:0:0:0:
182,192,57210,1,0,0:0:0:0:
329,192,57281,1,0,0:0:0:0:
36,192,57352,1,0,0:0:0:0:
256,192,57352,1,0,0:0:0:0:
475,192,57352,1,0,0:0:0:0:
329,192,57493,1,0,0:0:0:0:
36,192,57564,1,0,0:0:0:0:
182,192,57564,1,0,0:0:0:0:
475,192,57564,1,0,0:0:0:0:
329,192,57635,1,0,0:0:0:0:
182,192,57705,1,0,0:0:0:0:
329,192,57776,1,0,0:0:0:0:
402,192,57776,1,0,0:0:0:0:
475,192,57776,1,0,0:0:0:0:
36,192,57776,1,0,0:0:0:0:
109,192,57776,1,0,0:0:0:0:
182,192,57918,1,0,0:0:0:0:
329,192,57918,1,0,0:0:0:0:
402,192,57989,1,0,0:0:0:0:
475,192,57989,1,0,0:0:0:0:
182,192,58130,1,0,0:0:0:0:
329,192,58130,1,0,0:0:0:0:
402,192,58201,1,0,0:0:0:0:
475,192,58201,1,0,0:0:0:0:
36,192,58342,1,0,0:0:0:0:
329,192,58342,1,0,0:0:0:0:
402,192,58342,1,0,0:0:0:0:
256,192,58342,1,0,0:0:0:0:
109,192,58342,1,0,0:0:0:0:
109,192,58484,1,0,0:0:0:0:
402,192,58625,1,0,0:0:0:0:
475,192,58625,1,0,0:0:0:0:
36,192,58625,1,0,0:0:0:0:
329,192,58625,1,0,0:0:0:0:
182,192,58625,1,0,0:0:0:0:
182,192,58767,1,0,0:0:0:0:
36,192,58909,1,0,0:0:0:0:
109,192,58909,1,0,0:0:0:0:
256,192,58909,1,0,0:0:0:0:
402,192,58909,1,0,0:0:0:0:
36,192,59333,1,0,0:0:0:0:
109,192,59333,1,0,0:0:0:0:
182,192,59404,1,0,0:0:0:0:
256,192,59404,1,0,0:0:0:0:
329,192,59475,1,0,0:0:0:0:
402,192,59475,1,0,0:0:0:0:
475,192,59475,1,0,0:0:0:0:
36,192,59475,1,0,0:0:0:0:
109,192,59475,1,0,0:0:0:0:
109,192,59899,1,0,0:0:0:0:
329,192,59899,1,0,0:0:0:0:
182,192,59970,1,0,0:0:0:0:
402,192,59970,1,0,0:0:0:0:
475,192,60041,1,0,0:0:0:0:
256,192,60041,1,0,0:0:0:0:
36,192,60041,1,0,0:0:0:0:
109,192,60041,1,0,0:0:0:0:
329,192,60041,1,0,0:0:0:0:
109,192,60465,1,0,0:0:0:0:
182,192,60465,1,0,0:0:0:0:
256,192,60536,1,0,0:0:0:0:
329,192,60536,1,0,0:0:0:0:
182,192,60607,1,0,0:0:0:0:
109,192,60607,1,0,0:0:0:0:
475,192,60607,1,0,0:0:0:0:
36,192,60607,1,0,0:0:0:0:
402,192,60607,1,0,0:0:0:0:
182,192,61032,1,0,0:0:0:0:
329,192,61032,1,0,0:0:0:0:
256,192,61102,1,0,0:0:0:0:
402,192,61102,1,0,0:0:0:0:
36,192,61173,1,0,0:0:0:0:
182,192,61173,1,0,0:0:0:0:
475,192,61173,1,0,0:0:0:0:
329,192,61173,1,0,0:0:0:0:
109,192,61173,1,0,0:0:0:0:
256,192,61362,1,0,0:0:0:0:
402,192,61362,1,0,0:0:0:0:
109,192,61362,1,0,0:0:0:0:
329,192,61362,1,0,0:0:0:0:
109,192,61551,1,0,0:0:0:0:
256,192,61551,1,0,0:0:0:0:
402,192,61551,1,0,0:0:0:0:
329,192,61551,1,0,0:0:0:0:
182,192,61645,1,0,0:0:0:0:
36,192,61739,1,0,0:0:0:0:
329,192,61739,1,0,0:0:0:0:
475,192,61739,1,0,0:0:0:0:
182,192,61834,1,0,0:0:0:0:
36,192,61928,1,0,0:0:0:0:
329,192,61928,1,0,0:0:0:0:
475,192,61928,1,0,0:0:0:0:
256,192,62022,1,0,0:0:0:0:
36,192,62117,1,0,0:0:0:0:
402,192,62117,1,0,0:0:0:0:
182,192,62117,1,0,0:0:0:0:
109,192,62211,1,0,0:0:0:0:
36,192,62305,1,0,0:0:0:0:
329,192,62305,1,0,0:0:0:0:
475,192,62305,1,0,0:0:0:0:
256,192,62305,1,0,0:0:0:0:
109,192,62400,1,0,0:0:0:0:
402,192,62400,1,0,0:0:0:0:
36,192,62494,1,0,0:0:0:0:
182,192,62494,1,0,0:0:0:0:
256,192,62494,1,0,0:0:0:0:
109,192,62588,1,0,0:0:0:0:
402,192,62588,1,0,0:0:0:0:
329,192,62588,1,0,0:0:0:0:
36,192,62683,1,0,0:0:0:0:
182,192,62683,1,0,0:0:0:0:
475,192,62683,1,0,0:0:0:0:
109,192,62777,1,0,0:0:0:0:
256,192,62777,1,0,0:0:0:0:
329,192,62777,1,0,0:0:0:0:
36,192,62872,1,0,0:0:0:0:
402,192,62872,1,0,0:0:0:0:
475,192,62872,1,0,0:0:0:0:
256,192,63013,1,0,0:0:0:0:
109,192,63084,1,0,0:0:0:0:
329,192,63155,1,0,0:0:0:0:
182,192,63225,1,0,0:0:0:0:
402,192,63296,1,0,0:0:0:0:
256,192,63367,1,0,0:0:0:0:
36,192,63438,1,0,0:0:0:0:
109,192,63438,1,0,0:0:0:0:
475,192,63438,1,0,0:0:0:0:
329,192,63579,1,0,0:0:0:0:
402,192,63650,1,0,0:0:0:0:
36,192,63721,1,0,0:0:0:0:
182,192,63721,1,0,0:0:0:0:
329,192,63792,1,0,0:0:0:0:
475,192,63862,1,0,0:0:0:0:
402,192,64004,1,0,0:0:0:0:
182,192,64004,1,0,0:0:0:0:
329,192,64075,1,0,0:0:0:0:
402,192,64145,1,0,0:0:0:0:
36,192,64145,1,0,0:0:0:0:
109,192,64193,1,0,0:0:0:0:
329,192,64216,1,0,0:0:0:0:
182,192,64240,1,0,0:0:0:0:
402,192,64287,1,0,0:0:0:0:
256,192,64287,1,0,0:0:0:0:
329,192,64358,1,0,0:0:0:0:
475,192,64428,1,0,0:0:0:0:
36,192,64428,1,0,0:0:0:0:
182,192,64428,1,0,0:0:0:0:
256,192,64712,1,0,0:0:0:0:
402,192,64782,1,0,0:0:0:0:
182,192,64853,1,0,0:0:0:0:
36,192,64853,1,0,0:0:0:0:
329,192,64924,1,0,0:0:0:0:
475,192,64995,1,0,0:0:0:0:
36,192,64995,1,0,0:0:0:0:
402,192,65136,1,0,0:0:0:0:
109,192,65136,1,0,0:0:0:0:
256,192,65207,1,0,0:0:0:0:
402,192,65278,1,0,0:0:0:0:
182,192,65348,1,0,0:0:0:0:
329,192,65419,1,0,0:0:0:0:
475,192,65419,1,0,0:0:0:0:
36,192,65419,1,0,0:0:0:0:
109,192,65419,1,0,0:0:0:0:
256,192,65561,1,0,0:0:0:0:
109,192,65561,1,0,0:0:0:0:
329,192,65632,1,0,0:0:0:0:
182,192,65632,1,0,0:0:0:0:
402,192,65702,1,0,0:0:0:0:
475,192,65702,1,0,0:0:0:0:
36,192,65702,1,0,0:0:0:0:
182,192,65844,1,0,0:0:0:0:
329,192,65915,1,0,0:0:0:0:
475,192,65915,1,0,0:0:0:0:
36,192,65985,1,0,0:0:0:0:
256,192,65985,1,0,0:0:0:0:
109,192,66056,1,0,0:0:0:0:
256,192,66127,1,0,0:0:0:0:
402,192,66127,1,0,0:0:0:0:
329,192,66268,1,0,0:0:0:0:
36,192,66268,1,0,0:0:0:0:
182,192,66339,1,0,0:0:0:0:
329,192,66410,1,0,0:0:0:0:
182,192,66481,1,0,0:0:0:0:
402,192,66551,1,0,0:0:0:0:
36,192,66551,1,0,0:0:0:0:
475,192,66551,1,0,0:0:0:0:
182,192,66693,1,0,0:0:0:0:
256,192,66764,1,0,0:0:0:0:
475,192,66835,1,0,0:0:0:0:
36,192,66835,1,0,0:0:0:0:
329,192,66835,1,0,0:0:0:0:
256,192,66976,1,0,0:0:0:0:
109,192,66976,1,0,0:0:0:0:
402,192,67118,1,0,0:0:0:0:
36,192,67118,1,0,0:0:0:0:
256,192,67118,1,0,0:0:0:0:
475,192,67259,1,0,0:0:0:0:
109,192,67259,1,0,0:0:0:0:
402,192,67330,1,0,0:0:0:0:
182,192,67330,1,0,0:0:0:0:
329,192,67401,1,0,0:0:0:0:
36,192,67401,1,0,0:0:0:0:
256,192,67401,1,0,0:0:0:0:
109,192,67542,1,0,0:0:0:0:
256,192,67542,1,0,0:0:0:0:
475,192,67589,1,0,0:0:0:0:
402,192,67637,1,0,0:0:0:0:
329,192,67684,1,0,0:0:0:0:
36,192,67684,1,0,0:0:0:0:
256,192,67825,1,0,0:0:0:0:
109,192,67825,1,0,0:0:0:0:
329,192,67967,1,0,0:0:0:0:
475,192,67967,1,0,0:0:0:0:
36,192,67967,1,0,0:0:0:0:
109,192,68108,1,0,0:0:0:0:
329,192,68108,1,0,0:0:0:0:
182,192,68179,1,0,0:0:0:0:
402,192,68179,1,0,0:0:0:0:
36,192,68250,1,0,0:0:0:0:
182,192,68321,1,0,0:0:0:0:
402,192,68321,1,0,0:0:0:0:
109,192,68391,1,0,0:0:0:0:
329,192,68391,1,0,0:0:0:0:
475,192,68533,1,0,0:0:0:0:
402,192,68533,1,0,0:0:0:0:
36,192,68533,1,0,0:0:0:0:
256,192,68604,1,0,0:0:0:0:
182,192,68604,1,0,0:0:0:0:
329,192,68675,1,0,0:0:0:0:
402,192,68675,1,0,0:0:0:0:
182,192,68745,1,0,0:0:0:0:
109,192,68745,1,0,0:0:0:0:
402,192,68816,1,0,0:0:0:0:
475,192,68816,1,0,0:0:0:0:
36,192,68816,1,0,0:0:0:0:
256,192,68887,1,0,0:0:0:0:
329,192,68887,1,0,0:0:0:0:
109,192,68958,1,0,0:0:0:0:
182,192,68958,1,0,0:0:0:0:
329,192,69028,1,0,0:0:0:0:
402,192,69028,1,0,0:0:0:0:
475,192,69099,1,0,0:0:0:0:
256,192,69099,1,0,0:0:0:0:
36,192,69099,1,0,0:0:0:0:
182,192,69241,1,0,0:0:0:0:
402,192,69241,1,0,0:0:0:0:
329,192,69311,1,0,0:0:0:0:
109,192,69311,1,0,0:0:0:0:
475,192,69382,1,0,0:0:0:0:
109,192,69453,1,0,0:0:0:0:
329,192,69453,1,0,0:0:0:0:
182,192,69524,1,0,0:0:0:0:
402,192,69524,1,0,0:0:0:0:
36,192,69665,1,0,0:0:0:0:
475,192,69665,1,0,0:0:0:0:
109,192,69665,1,0,0:0:0:0:
329,192,69736,1,0,0:0:0:0:
402,192,69736,1,0,0:0:0:0:
109,192,69807,1,0,0:0:0:0:
182,192,69807,1,0,0:0:0:0:
256,192,69854,1,0,0:0:0:0:
329,192,69901,1,0,0:0:0:0:
402,192,69948,1,0,0:0:0:0:
36,192,69948,1,0,0:0:0:0:
109,192,69948,1,0,0:0:0:0:
182,192,70019,1,0,0:0:0:0:
256,192,70019,1,0,0:0:0:0:
475,192,70090,1,0,0:0:0:0:
329,192,70090,1,0,0:0:0:0:
182,192,70161,1,0,0:0:0:0:
109,192,70161,1,0,0:0:0:0:
36,192,70231,1,0,0:0:0:0:
475,192,70231,1,0,0:0:0:0:
402,192,70231,1,0,0:0:0:0:
256,192,70231,1,0,0:0:0:0:
329,192,70420,1,0,0:0:0:0:
182,192,70420,1,0,0:0:0:0:
256,192,70609,1,0,0:0:0:0:
402,192,70609,1,0,0:0:0:0:
36,192,70798,1,0,0:0:0:0:
475,192,70798,1,0,0:0:0:0:
109,192,70798,1,0,0:0:0:0:
256,192,70798,1,0,0:0:0:0:
182,192,70986,1,0,0:0:0:0:
329,192,70986,1,0,0:0:0:0:
36,192,71175,1,0,0:0:0:0:
182,192,71175,1,0,0:0:0:0:
329,192,71364,1,0,0:0:0:0:
402,192,71364,1,0,0:0:0:0:
475,192,71364,1,0,0:0:0:0:
36,192,71458,1,0,0:0:0:0:
109,192,71458,1,0,0:0:0:0:
182,192,71458,1,0,0:0:0:0:
256,192,71552,1,0,0:0:0:0:
329,192,71552,1,0,0:0:0:0:
402,192,71552,1,0,0:0:0:0:
182,192,71647,1,0,0:0:0:0:
109,192,71647,1,0,0:0:0:0:
36,192,71647,1,0,0:0:0:0:
329,192,71741,1,0,0:0:0:0:
402,192,71741,1,0,0:0:0:0:
475,192,71741,1,0,0:0:0:0:
182,192,71836,1,0,0:0:0:0:
256,192,71836,1,0,0:0:0:0:
109,192,71836,1,0,0:0:0:0:
402,192,71930,1,0,0:0:0:0:
475,192,71930,1,0,0:0:0:0:
329,192,71930,1,0,0:0:0:0:
109,192,72213,1,0,0:0:0:0:
402,192,72213,1,0,0:0:0:0:
329,192,72248,1,0,0:0:0:0:
36,192,72496,1,0,0:0:0:0:
182,192,72496,1,0,0:0:0:0:
329,192,72496,1,0,0:0:0:0:
475,192,72496,1,0,0:0:0:0:
109,192,72638,1,0,0:0:0:0:
329,192,72638,1,0,0:0:0:0:
182,192,72708,1,0,0:0:0:0:
402,192,72708,1,0,0:0:0:0:
36,192,72779,1,0,0:0:0:0:
182,192,72850,1,0,0:0:0:0:
402,192,72850,1,0,0:0:0:0:
109,192,72921,1,0,0:0:0:0:
329,192,72921,1,0,0:0:0:0:
36,192,73062,1,0,0:0:0:0:
475,192,73062,1,0,0:0:0:0:
256,192,73062,1,0,0:0:0:0:
402,192,73133,1,0,0:0:0:0:
182,192,73133,1,0,0:0:0:0:
475,192,73204,1,0,0:0:0:0:
256,192,73204,1,0,0:0:0:0:
402,192,73274,1,0,0:0:0:0:
182,192,73274,1,0,0:0:0:0:
36,192,73345,1,0,0:0:0:0:
475,192,73345,1,0,0:0:0:0:
256,192,73345,1,0,0:0:0:0:
402,192,73487,1,0,0:0:0:0:
182,192,73487,1,0,0:0:0:0:
36,192,73628,1,0,0:0:0:0:
475,192,73628,1,0,0:0:0:0:
256,192,73628,1,0,0:0:0:0:
109,192,73770,1,0,0:0:0:0:
402,192,73770,1,0,0:0:0:0:
182,192,73841,1,0,0:0:0:0:
329,192,73841,1,0,0:0:0:0:
36,192,73911,1,0,0:0:0:0:
182,192,73982,1,0,0:0:0:0:
329,192,73982,1,0,0:0:0:0:
109,192,74053,1,0,0:0:0:0:
402,192,74053,1,0,0:0:0:0:
36,192,74194,1,0,0:0:0:0:
182,192,74194,1,0,0:0:0:0:
475,192,74194,1,0,0:0:0:0:
402,192,74265,1,0,0:0:0:0:
256,192,74265,1,0,0:0:0:0:
182,192,74336,1,0,0:0:0:0:
475,192,74336,1,0,0:0:0:0:
402,192,74407,1,0,0:0:0:0:
256,192,74407,1,0,0:0:0:0:
36,192,74478,1,0,0:0:0:0:
182,192,74478,1,0,0:0:0:0:
475,192,74478,1,0,0:0:0:0:
256,192,74619,1,0,0:0:0:0:
402,192,74619,1,0,0:0:0:0:
109,192,74619,1,0,0:0:0:0:
36,192,74761,1,0,0:0:0:0:
329,192,74761,1,0,0:0:0:0:
475,192,74761,1,0,0:0:0:0:
182,192,74902,1,0,0:0:0:0:
402,192,74902,1,0,0:0:0:0:
109,192,74973,1,0,0:0:0:0:
329,192,74973,1,0,0:0:0:0:
475,192,75044,1,0,0:0:0:0:
109,192,75114,1,0,0:0:0:0:
329,192,75114,1,0,0:0:0:0:
182,192,75185,1,0,0:0:0:0:
402,192,75185,1,0,0:0:0:0:
36,192,75327,1,0,0:0:0:0:
256,192,75327,1,0,0:0:0:0:
475,192,75327,1,0,0:0:0:0:
109,192,75397,1,0,0:0:0:0:
402,192,75397,1,0,0:0:0:0:
182,192,75468,1,0,0:0:0:0:
329,192,75468,1,0,0:0:0:0:
109,192,75539,1,0,0:0:0:0:
402,192,75539,1,0,0:0:0:0:
36,192,75610,1,0,0:0:0:0:
475,192,75610,1,0,0:0:0:0:
256,192,75610,1,0,0:0:0:0:
402,192,75751,1,0,0:0:0:0:
182,192,75751,1,0,0:0:0:0:
36,192,75893,1,0,0:0:0:0:
475,192,75893,1,0,0:0:0:0:
256,192,75893,1,0,0:0:0:0:
329,192,75964,1,0,0:0:0:0:
109,192,75964,1,0,0:0:0:0:
475,192,76034,1,0,0:0:0:0:
256,192,76034,1,0,0:0:0:0:
109,192,76105,1,0,0:0:0:0:
329,192,76105,1,0,0:0:0:0:
36,192,76176,1,0,0:0:0:0:
182,192,76176,1,0,0:0:0:0:
402,192,76176,1,0,0:0:0:0:
329,192,76317,1,0,0:0:0:0:
475,192,76317,1,0,0:0:0:0:
182,192,76317,1,0,0:0:0:0:
36,192,76459,1,0,0:0:0:0:
109,192,76459,1,0,0:0:0:0:
256,192,76459,1,0,0:0:0:0:
256,192,76601,1,0,0:0:0:0:
402,192,76601,1,0,0:0:0:0:
182,192,76648,1,0,0:0:0:0:
109,192,76695,1,0,0:0:0:0:
36,192,76742,1,0,0:0:0:0:
475,192,76742,1,0,0:0:0:0:
329,192,76742,1,0,0:0:0:0:
36,192,76884,1,0,0:0:0:0:
182,192,76884,1,0,0:0:0:0:
402,192,76884,1,0,0:0:0:0:
109,192,77025,1,0,0:0:0:0:
329,192,77025,1,0,0:0:0:0:
475,192,77025,1,0,0:0:0:0:
36,192,77167,1,0,0:0:0:0:
402,192,77167,1,0,0:0:0:0:
256,192,77167,1,0,0:0:0:0:
36,192,77450,1,0,0:0:0:0:
182,192,77450,1,0,0:0:0:0:
329,192,77450,1,0,0:0:0:0:
109,192,77733,1,0,0:0:0:0:
256,192,77733,1,0,0:0:0:0:
402,192,77733,1,0,0:0:0:0:
36,192,78016,1,0,0:0:0:0:
182,192,78016,1,0,0:0:0:0:
329,192,78016,1,0,0:0:0:0:
109,192,78299,5,0,0:0:0:0:
256,192,78299,1,0,0:0:0:0:
329,192,78370,1,0,0:0:0:0:
402,192,78441,1,0,0:0:0:0:
182,192,78582,1,0,0:0:0:0:
329,192,78582,1,0,0:0:0:0:
475,192,78582,1,0,0:0:0:0:
109,192,78724,1,0,0:0:0:0:
402,192,78724,1,0,0:0:0:0:
256,192,78724,1,0,0:0:0:0:
36,192,78865,1,0,0:0:0:0:
109,192,78936,1,0,0:0:0:0:
182,192,79007,1,0,0:0:0:0:
329,192,79007,1,0,0:0:0:0:
475,192,79007,1,0,0:0:0:0:
182,192,79148,1,0,0:0:0:0:
329,192,79195,1,0,0:0:0:0:
256,192,79243,1,0,0:0:0:0:
36,192,79290,5,0,0:0:0:0:
402,192,79290,1,0,0:0:0:0:
475,192,79290,1,0,0:0:0:0:
109,192,79290,1,0,0:0:0:0:
329,192,79361,1,0,0:0:0:0:
256,192,79431,1,0,0:0:0:0:
402,192,79502,1,0,0:0:0:0:
475,192,79502,1,0,0:0:0:0:
36,192,79502,1,0,0:0:0:0:
109,192,79502,1,0,0:0:0:0:
329,192,79573,1,0,0:0:0:0:
256,192,79644,1,0,0:0:0:0:
475,192,79714,1,0,0:0:0:0:
402,192,79714,1,0,0:0:0:0:
182,192,79714,1,0,0:0:0:0:
109,192,79714,1,0,0:0:0:0:
329,192,79785,1,0,0:0:0:0:
256,192,79856,1,0,0:0:0:0:
36,192,79856,1,0,0:0:0:0:
109,192,79856,1,0,0:0:0:0:
182,192,79856,1,0,0:0:0:0:
329,192,79927,1,0,0:0:0:0:
402,192,79997,1,0,0:0:0:0:
36,192,80068,1,0,0:0:0:0:
109,192,80068,1,0,0:0:0:0:
182,192,80068,1,0,0:0:0:0:
256,192,80068,1,0,0:0:0:0:
329,192,80139,1,0,0:0:0:0:
402,192,80210,1,0,0:0:0:0:
256,192,80280,1,0,0:0:0:0:
329,192,80280,1,0,0:0:0:0:
109,192,80280,1,0,0:0:0:0:
182,192,80280,1,0,0:0:0:0:
36,192,80351,1,0,0:0:0:0:
256,192,80422,1,0,0:0:0:0:
329,192,80422,1,0,0:0:0:0:
402,192,80422,1,0,0:0:0:0:
475,192,80422,1,0,0:0:0:0:
182,192,80493,1,0,0:0:0:0:
109,192,80564,1,0,0:0:0:0:
256,192,80634,1,0,0:0:0:0:
329,192,80634,1,0,0:0:0:0:
402,192,80634,1,0,0:0:0:0:
475,192,80634,1,0,0:0:0:0:
182,192,80705,1,0,0:0:0:0:
329,192,80776,1,0,0:0:0:0:
182,192,80847,1,0,0:0:0:0:
256,192,80847,1,0,0:0:0:0:
109,192,80847,1,0,0:0:0:0:
36,192,80847,1,0,0:0:0:0:
329,192,80917,1,0,0:0:0:0:
36,192,80988,1,0,0:0:0:0:
109,192,80988,1,0,0:0:0:0:
402,192,80988,1,0,0:0:0:0:
475,192,80988,1,0,0:0:0:0:
256,192,81271,128,0,81554:0:0:0:0:
109,192,81271,1,0,0:0:0:0:
182,192,81271,1,0,0:0:0:0:
329,192,81271,1,0,0:0:0:0:
402,192,81271,1,0,0:0:0:0:
36,192,81554,1,0,0:0:0:0:
109,192,81554,1,0,0:0:0:0:
402,192,81554,1,0,0:0:0:0:
475,192,81554,1,0,0:0:0:0:
182,192,81554,1,0,0:0:0:0:
329,192,81554,1,0,0:0:0:0:
36,192,81837,1,0,0:0:0:0:
182,192,81837,1,0,0:0:0:0:
329,192,81837,1,0,0:0:0:0:
402,192,81979,1,0,0:0:0:0:
256,192,82120,1,0,0:0:0:0:
329,192,82215,1,0,0:0:0:0:
402,192,82262,1,0,0:0:0:0:
329,192,82404,1,0,0:0:0:0:
256,192,82545,1,0,0:0:0:0:
475,192,82687,1,0,0:0:0:0:
402,192,82781,1,0,0:0:0:0:
329,192,82875,1,0,0:0:0:0:
256,192,82970,1,0,0:0:0:0:
182,192,83064,1,0,0:0:0:0:
109,192,83158,1,0,0:0:0:0:
36,192,83253,1,0,0:0:0:0:
329,192,83253,1,0,0:0:0:0:
182,192,83536,1,0,0:0:0:0:
402,192,83536,1,0,0:0:0:0:
475,192,83536,1,0,0:0:0:0:
256,192,83677,1,0,0:0:0:0:
329,192,83748,1,0,0:0:0:0:
36,192,83819,1,0,0:0:0:0:
109,192,83819,1,0,0:0:0:0:
475,192,83819,1,0,0:0:0:0:
402,192,83819,1,0,0:0:0:0:
182,192,83819,1,0,0:0:0:0:
182,192,84102,1,0,0:0:0:0:
329,192,84244,1,0,0:0:0:0:
182,192,84314,1,0,0:0:0:0:
329,192,84385,1,0,0:0:0:0:
182,192,84456,1,0,0:0:0:0:
329,192,84527,1,0,0:0:0:0:
182,192,84597,1,0,0:0:0:0:
329,192,84668,1,0,0:0:0:0:
182,192,84739,1,0,0:0:0:0:
329,192,84810,1,0,0:0:0:0:
182,192,84880,1,0,0:0:0:0:
402,192,84951,1,0,0:0:0:0:
36,192,84951,1,0,0:0:0:0:
475,192,84951,1,0,0:0:0:0:
256,192,85093,1,0,0:0:0:0:
402,192,85163,1,0,0:0:0:0:
256,192,85234,1,0,0:0:0:0:
402,192,85305,1,0,0:0:0:0:
256,192,85376,1,0,0:0:0:0:
402,192,85447,1,0,0:0:0:0:
36,192,85517,1,0,0:0:0:0:
109,192,85517,1,0,0:0:0:0:
329,192,85517,1,0,0:0:0:0:
36,192,85659,1,0,0:0:0:0:
109,192,85659,1,0,0:0:0:0:
329,192,85659,1,0,0:0:0:0:
182,192,85800,1,0,0:0:0:0:
475,192,85800,1,0,0:0:0:0:
402,192,85800,1,0,0:0:0:0:
182,192,85942,1,0,0:0:0:0:
402,192,85942,1,0,0:0:0:0:
475,192,85942,1,0,0:0:0:0:
329,192,86083,1,0,0:0:0:0:
475,192,86083,1,0,0:0:0:0:
36,192,86083,1,0,0:0:0:0:
36,192,86367,1,0,0:0:0:0:
329,192,86367,1,0,0:0:0:0:
475,192,86367,1,0,0:0:0:0:
256,192,86508,1,0,0:0:0:0:
402,192,86508,1,0,0:0:0:0:
36,192,86650,1,0,0:0:0:0:
256,192,86791,1,0,0:0:0:0:
402,192,86791,1,0,0:0:0:0:
182,192,86862,1,0,0:0:0:0:
36,192,86933,1,0,0:0:0:0:
329,192,86933,1,0,0:0:0:0:
475,192,86933,1,0,0:0:0:0:
256,192,87003,1,0,0:0:0:0:
329,192,87074,1,0,0:0:0:0:
475,192,87074,1,0,0:0:0:0:
256,192,87145,1,0,0:0:0:0:
36,192,87216,5,0,0:0:0:0:
402,192,87216,1,0,0:0:0:0:
475,192,87216,1,0,0:0:0:0:
36,192,87499,1,0,0:0:0:0:
402,192,87499,1,0,0:0:0:0:
475,192,87499,1,0,0:0:0:0:
256,192,87640,1,0,0:0:0:0:
329,192,87640,1,0,0:0:0:0:
36,192,87782,1,0,0:0:0:0:
36,192,87923,1,0,0:0:0:0:
256,192,87923,1,0,0:0:0:0:
329,192,87923,1,0,0:0:0:0:
109,192,88065,1,0,0:0:0:0:
402,192,88065,1,0,0:0:0:0:
475,192,88065,1,0,0:0:0:0:
329,192,88136,1,0,0:0:0:0:
109,192,88207,1,0,0:0:0:0:
402,192,88207,1,0,0:0:0:0:
475,192,88207,1,0,0:0:0:0:
329,192,88277,1,0,0:0:0:0:
402,192,88348,5,0,0:0:0:0:
475,192,88348,1,0,0:0:0:0:
256,192,88348,1,0,0:0:0:0:
182,192,88348,1,0,0:0:0:0:
36,192,88348,1,0,0:0:0:0:
402,192,88490,1,0,0:0:0:0:
475,192,88490,1,0,0:0:0:0:
36,192,88537,1,0,0:0:0:0:
109,192,88537,1,0,0:0:0:0:
329,192,88725,1,0,0:0:0:0:
182,192,88725,1,0,0:0:0:0:
109,192,88914,1,0,0:0:0:0:
36,192,88914,1,0,0:0:0:0:
475,192,88914,1,0,0:0:0:0:
256,192,88914,1,0,0:0:0:0:
402,192,88914,1,0,0:0:0:0:
109,192,89056,1,0,0:0:0:0:
36,192,89056,1,0,0:0:0:0:
402,192,89103,1,0,0:0:0:0:
329,192,89103,1,0,0:0:0:0:
182,192,89292,1,0,0:0:0:0:
109,192,89292,1,0,0:0:0:0:
182,192,89480,5,0,0:0:0:0:
256,192,89480,1,0,0:0:0:0:
36,192,89480,1,0,0:0:0:0:
475,192,89480,1,0,0:0:0:0:
402,192,89480,1,0,0:0:0:0:
36,192,89622,1,0,0:0:0:0:
475,192,89622,1,0,0:0:0:0:
36,192,90046,1,0,0:0:0:0:
182,192,90046,1,0,0:0:0:0:
329,192,90046,1,0,0:0:0:0:
475,192,90046,1,0,0:0:0:0:
182,192,90188,1,0,0:0:0:0:
329,192,90188,1,0,0:0:0:0:
109,192,90259,1,0,0:0:0:0:
402,192,90330,1,0,0:0:0:0:
182,192,90400,1,0,0:0:0:0:
475,192,90471,1,0,0:0:0:0:
256,192,90542,1,0,0:0:0:0:
402,192,90613,5,0,0:0:0:0:
329,192,90683,1,0,0:0:0:0:
109,192,90754,1,0,0:0:0:0:
402,192,90825,1,0,0:0:0:0:
329,192,90896,1,0,0:0:0:0:
109,192,90966,1,0,0:0:0:0:
475,192,91037,1,0,0:0:0:0:
329,192,91108,1,0,0:0:0:0:
109,192,91179,1,0,0:0:0:0:
329,192,91250,1,0,0:0:0:0:
182,192,91320,1,0,0:0:0:0:
329,192,91391,1,0,0:0:0:0:
182,192,91462,1,0,0:0:0:0:
36,192,91533,1,0,0:0:0:0:
109,192,91603,1,0,0:0:0:0:
256,192,91674,1,0,0:0:0:0:
402,192,91745,1,0,0:0:0:0:
329,192,91816,1,0,0:0:0:0:
109,192,91886,1,0,0:0:0:0:
402,192,91957,1,0,0:0:0:0:
329,192,92028,1,0,0:0:0:0:
109,192,92099,1,0,0:0:0:0:
475,192,92170,1,0,0:0:0:0:
329,192,92240,1,0,0:0:0:0:
109,192,92311,1,0,0:0:0:0:
329,192,92382,1,0,0:0:0:0:
182,192,92453,1,0,0:0:0:0:
329,192,92523,1,0,0:0:0:0:
182,192,92594,1,0,0:0:0:0:
36,192,92665,1,0,0:0:0:0:
109,192,92736,1,0,0:0:0:0:
256,192,92806,1,0,0:0:0:0:
402,192,92877,1,0,0:0:0:0:
329,192,92948,1,0,0:0:0:0:
109,192,93019,1,0,0:0:0:0:
402,192,93090,1,0,0:0:0:0:
329,192,93160,1,0,0:0:0:0:
109,192,93231,1,0,0:0:0:0:
475,192,93302,1,0,0:0:0:0:
329,192,93373,1,0,0:0:0:0:
109,192,93443,1,0,0:0:0:0:
329,192,93514,1,0,0:0:0:0:
182,192,93585,1,0,0:0:0:0:
329,192,93656,1,0,0:0:0:0:
182,192,93726,1,0,0:0:0:0:
36,192,93797,1,0,0:0:0:0:
109,192,93868,1,0,0:0:0:0:
329,192,93868,1,0,0:0:0:0:
182,192,93939,1,0,0:0:0:0:
402,192,93939,1,0,0:0:0:0:
256,192,94009,1,0,0:0:0:0:
475,192,94009,1,0,0:0:0:0:
36,192,94009,1,0,0:0:0:0:
256,192,94151,1,0,0:0:0:0:
475,192,94151,1,0,0:0:0:0:
36,192,94151,1,0,0:0:0:0:
182,192,94293,1,0,0:0:0:0:
402,192,94293,1,0,0:0:0:0:
109,192,94293,1,0,0:0:0:0:
182,192,94434,1,0,0:0:0:0:
402,192,94434,1,0,0:0:0:0:
109,192,94434,1,0,0:0:0:0:
256,192,94505,1,0,0:0:0:0:
36,192,94505,1,0,0:0:0:0:
329,192,94576,1,0,0:0:0:0:
475,192,94576,1,0,0:0:0:0:
109,192,94576,1,0,0:0:0:0:
36,192,94717,128,0,94929:0:0:0:0:
256,192,94717,128,0,94929:0:0:0:0:
402,192,94717,128,0,94929:0:0:0:0:
36,192,95000,1,0,0:0:0:0:
256,192,95000,1,0,0:0:0:0:
402,192,95000,1,0,0:0:0:0:
36,192,95142,1,0,0:0:0:0:
475,192,95142,1,0,0:0:0:0:
109,192,95142,1,0,0:0:0:0:
182,192,95142,1,0,0:0:0:0:
402,192,95213,1,0,0:0:0:0:
256,192,95213,1,0,0:0:0:0:
329,192,95283,1,0,0:0:0:0:
475,192,95354,1,0,0:0:0:0:
109,192,95354,1,0,0:0:0:0:
182,192,95354,1,0,0:0:0:0:
402,192,95425,1,0,0:0:0:0:
256,192,95425,1,0,0:0:0:0:
329,192,95496,1,0,0:0:0:0:
182,192,95566,1,0,0:0:0:0:
36,192,95566,1,0,0:0:0:0:
475,192,95566,1,0,0:0:0:0:
402,192,95708,1,0,0:0:0:0:
329,192,95708,1,0,0:0:0:0:
182,192,95779,1,0,0:0:0:0:
109,192,95779,1,0,0:0:0:0:
256,192,95849,1,0,0:0:0:0:
329,192,95849,1,0,0:0:0:0:
36,192,95920,1,0,0:0:0:0:
109,192,95920,1,0,0:0:0:0:
475,192,95991,1,0,0:0:0:0:
256,192,95991,1,0,0:0:0:0:
402,192,96062,1,0,0:0:0:0:
182,192,96062,1,0,0:0:0:0:
329,192,96133,1,0,0:0:0:0:
109,192,96133,1,0,0:0:0:0:
36,192,96203,1,0,0:0:0:0:
256,192,96203,1,0,0:0:0:0:
475,192,96274,1,0,0:0:0:0:
182,192,96274,1,0,0:0:0:0:
402,192,96274,1,0,0:0:0:0:
109,192,96345,1,0,0:0:0:0:
329,192,96345,1,0,0:0:0:0:
256,192,96416,1,0,0:0:0:0:
36,192,96486,1,0,0:0:0:0:
402,192,96486,1,0,0:0:0:0:
109,192,96557,1,0,0:0:0:0:
329,192,96557,1,0,0:0:0:0:
256,192,96628,1,0,0:0:0:0:
36,192,96699,1,0,0:0:0:0:
475,192,96699,1,0,0:0:0:0:
182,192,96699,1,0,0:0:0:0:
402,192,96840,1,0,0:0:0:0:
256,192,96840,1,0,0:0:0:0:
36,192,96911,1,0,0:0:0:0:
182,192,96911,1,0,0:0:0:0:
475,192,96982,1,0,0:0:0:0:
329,192,96982,1,0,0:0:0:0:
109,192,97053,1,0,0:0:0:0:
256,192,97053,1,0,0:0:0:0:
402,192,97123,1,0,0:0:0:0:
182,192,97123,1,0,0:0:0:0:
329,192,97194,1,0,0:0:0:0:
36,192,97194,1,0,0:0:0:0:
475,192,97265,1,0,0:0:0:0:
402,192,97265,1,0,0:0:0:0:
182,192,97336,1,0,0:0:0:0:
256,192,97336,1,0,0:0:0:0:
36,192,97406,1,0,0:0:0:0:
329,192,97406,1,0,0:0:0:0:
109,192,97406,1,0,0:0:0:0:
402,192,97406,1,0,0:0:0:0:
475,192,97406,1,0,0:0:0:0:
109,192,97595,1,0,0:0:0:0:
329,192,97595,1,0,0:0:0:0:
402,192,97595,1,0,0:0:0:0:
182,192,97595,1,0,0:0:0:0:
36,192,97595,1,0,0:0:0:0:
256,192,97784,1,0,0:0:0:0:
402,192,97784,1,0,0:0:0:0:
475,192,97784,1,0,0:0:0:0:
182,192,97784,1,0,0:0:0:0:
109,192,97784,1,0,0:0:0:0:
36,192,97973,1,0,0:0:0:0:
109,192,97973,1,0,0:0:0:0:
256,192,97973,1,0,0:0:0:0:
402,192,97973,1,0,0:0:0:0:
475,192,97973,1,0,0:0:0:0:
329,192,98161,1,0,0:0:0:0:
182,192,98161,1,0,0:0:0:0:
36,192,98161,1,0,0:0:0:0:
109,192,98161,1,0,0:0:0:0:
402,192,98161,1,0,0:0:0:0:
475,192,98350,1,0,0:0:0:0:
36,192,98350,1,0,0:0:0:0:
109,192,98350,1,0,0:0:0:0:
256,192,98350,1,0,0:0:0:0:
329,192,98350,1,0,0:0:0:0:
36,192,98539,1,0,0:0:0:0:
256,192,98539,1,0,0:0:0:0:
475,192,98539,1,0,0:0:0:0:
109,192,98633,1,0,0:0:0:0:
329,192,98633,1,0,0:0:0:0:
182,192,98727,1,0,0:0:0:0:
402,192,98727,1,0,0:0:0:0:
256,192,98822,1,0,0:0:0:0:
475,192,98822,1,0,0:0:0:0:
36,192,98822,1,0,0:0:0:0:
329,192,98916,1,0,0:0:0:0:
109,192,98916,1,0,0:0:0:0:
402,192,99010,1,0,0:0:0:0:
182,192,99010,1,0,0:0:0:0:
475,192,99105,1,0,0:0:0:0:
256,192,99105,1,0,0:0:0:0:
36,192,99105,1,0,0:0:0:0:
182,192,99388,1,0,0:0:0:0:
329,192,99423,1,0,0:0:0:0:
36,192,99671,1,0,0:0:0:0:
109,192,99671,1,0,0:0:0:0:
256,192,99671,1,0,0:0:0:0:
475,192,99671,1,0,0:0:0:0:
402,192,99671,1,0,0:0:0:0:
182,192,99812,1,0,0:0:0:0:
402,192,99812,1,0,0:0:0:0:
475,192,99883,1,0,0:0:0:0:
256,192,99883,1,0,0:0:0:0:
36,192,99954,1,0,0:0:0:0:
109,192,99954,1,0,0:0:0:0:
475,192,100025,1,0,0:0:0:0:
256,192,100025,1,0,0:0:0:0:
402,192,100096,1,0,0:0:0:0:
182,192,100096,1,0,0:0:0:0:
36,192,100237,1,0,0:0:0:0:
402,192,100237,1,0,0:0:0:0:
182,192,100237,1,0,0:0:0:0:
109,192,100308,1,0,0:0:0:0:
329,192,100308,1,0,0:0:0:0:
182,192,100379,1,0,0:0:0:0:
402,192,100379,1,0,0:0:0:0:
329,192,100449,1,0,0:0:0:0:
109,192,100449,1,0,0:0:0:0:
36,192,100520,1,0,0:0:0:0:
475,192,100520,1,0,0:0:0:0:
256,192,100520,1,0,0:0:0:0:
182,192,100662,1,0,0:0:0:0:
402,192,100662,1,0,0:0:0:0:
109,192,100662,1,0,0:0:0:0:
36,192,100803,1,0,0:0:0:0:
329,192,100803,1,0,0:0:0:0:
475,192,100803,1,0,0:0:0:0:
109,192,100945,1,0,0:0:0:0:
329,192,100945,1,0,0:0:0:0:
36,192,101016,1,0,0:0:0:0:
256,192,101016,1,0,0:0:0:0:
402,192,101086,1,0,0:0:0:0:
475,192,101086,1,0,0:0:0:0:
36,192,101157,1,0,0:0:0:0:
256,192,101157,1,0,0:0:0:0:
109,192,101228,1,0,0:0:0:0:
329,192,101228,1,0,0:0:0:0:
36,192,101369,1,0,0:0:0:0:
182,192,101369,1,0,0:0:0:0:
475,192,101369,1,0,0:0:0:0:
329,192,101440,1,0,0:0:0:0:
109,192,101440,1,0,0:0:0:0:
256,192,101511,1,0,0:0:0:0:
475,192,101511,1,0,0:0:0:0:
109,192,101582,1,0,0:0:0:0:
402,192,101582,1,0,0:0:0:0:
36,192,101652,1,0,0:0:0:0:
475,192,101652,1,0,0:0:0:0:
256,192,101652,1,0,0:0:0:0:
109,192,101794,1,0,0:0:0:0:
329,192,101794,1,0,0:0:0:0:
402,192,101794,1,0,0:0:0:0:
36,192,101936,1,0,0:0:0:0:
182,192,101936,1,0,0:0:0:0:
402,192,101936,1,0,0:0:0:0:
36,192,102077,1,0,0:0:0:0:
182,192,102077,1,0,0:0:0:0:
402,192,102077,1,0,0:0:0:0:
256,192,102219,1,0,0:0:0:0:
475,192,102219,1,0,0:0:0:0:
182,192,102266,1,0,0:0:0:0:
402,192,102266,1,0,0:0:0:0:
109,192,102313,1,0,0:0:0:0:
329,192,102313,1,0,0:0:0:0:
36,192,102360,1,0,0:0:0:0:
256,192,102360,1,0,0:0:0:0:
182,192,102431,1,0,0:0:0:0:
329,192,102502,1,0,0:0:0:0:
475,192,102502,1,0,0:0:0:0:
109,192,102502,1,0,0:0:0:0:
329,192,102643,1,0,0:0:0:0:
475,192,102643,1,0,0:0:0:0:
109,192,102643,1,0,0:0:0:0:
256,192,102785,1,0,0:0:0:0:
36,192,102785,1,0,0:0:0:0:
329,192,102832,1,0,0:0:0:0:
109,192,102832,1,0,0:0:0:0:
402,192,102879,1,0,0:0:0:0:
182,192,102879,1,0,0:0:0:0:
475,192,102926,1,0,0:0:0:0:
256,192,102926,1,0,0:0:0:0:
329,192,102997,1,0,0:0:0:0:
36,192,103068,1,0,0:0:0:0:
182,192,103068,1,0,0:0:0:0:
402,192,103068,1,0,0:0:0:0:
36,192,103209,1,0,0:0:0:0:
182,192,103209,1,0,0:0:0:0:
402,192,103209,1,0,0:0:0:0:
109,192,103351,1,0,0:0:0:0:
329,192,103374,1,0,0:0:0:0:
182,192,103398,1,0,0:0:0:0:
402,192,103422,1,0,0:0:0:0:
256,192,103445,1,0,0:0:0:0:
475,192,103469,1,0,0:0:0:0:
36,192,103492,1,0,0:0:0:0:
109,192,103563,1,0,0:0:0:0:
329,192,103634,1,0,0:0:0:0:
475,192,103634,1,0,0:0:0:0:
182,192,103634,1,0,0:0:0:0:
329,192,103775,1,0,0:0:0:0:
475,192,103775,1,0,0:0:0:0:
182,192,103775,1,0,0:0:0:0:
402,192,103917,1,0,0:0:0:0:
182,192,103941,1,0,0:0:0:0:
329,192,103964,1,0,0:0:0:0:
109,192,103988,1,0,0:0:0:0:
256,192,104011,1,0,0:0:0:0:
36,192,104035,1,0,0:0:0:0:
475,192,104059,1,0,0:0:0:0:
402,192,104129,1,0,0:0:0:0:
36,192,104200,1,0,0:0:0:0:
475,192,104200,1,0,0:0:0:0:
256,192,104200,1,0,0:0:0:0:
329,192,104342,1,0,0:0:0:0:
182,192,104342,1,0,0:0:0:0:
256,192,104625,1,0,0:0:0:0:
475,192,104625,1,0,0:0:0:0:
182,192,104908,1,0,0:0:0:0:
402,192,104908,1,0,0:0:0:0:
36,192,105191,1,0,0:0:0:0:
256,192,105191,1,0,0:0:0:0:
182,192,105474,1,0,0:0:0:0:
329,192,105545,1,0,0:0:0:0:
475,192,105615,1,0,0:0:0:0:
36,192,105615,1,0,0:0:0:0:
182,192,105757,1,0,0:0:0:0:
329,192,105757,1,0,0:0:0:0:
256,192,105899,1,0,0:0:0:0:
402,192,105899,1,0,0:0:0:0:
109,192,106040,1,0,0:0:0:0:
329,192,106040,1,0,0:0:0:0:
402,192,106111,1,0,0:0:0:0:
475,192,106182,1,0,0:0:0:0:
256,192,106182,1,0,0:0:0:0:
182,192,106323,1,0,0:0:0:0:
36,192,106323,1,0,0:0:0:0:
256,192,106370,1,0,0:0:0:0:
329,192,106417,1,0,0:0:0:0:
402,192,106465,1,0,0:0:0:0:
475,192,106465,1,0,0:0:0:0:
109,192,106465,1,0,0:0:0:0:
329,192,106606,1,0,0:0:0:0:
182,192,106606,1,0,0:0:0:0:
475,192,106889,1,0,0:0:0:0:
256,192,106889,1,0,0:0:0:0:
402,192,107172,1,0,0:0:0:0:
182,192,107172,1,0,0:0:0:0:
329,192,107455,1,0,0:0:0:0:
36,192,107455,1,0,0:0:0:0:
256,192,107739,1,0,0:0:0:0:
109,192,107739,1,0,0:0:0:0:
402,192,107880,1,0,0:0:0:0:
182,192,107880,1,0,0:0:0:0:
329,192,108022,1,0,0:0:0:0:
109,192,108022,1,0,0:0:0:0:
182,192,108163,1,0,0:0:0:0:
36,192,108163,1,0,0:0:0:0:
256,192,108305,1,0,0:0:0:0:
402,192,108305,1,0,0:0:0:0:
475,192,108446,1,0,0:0:0:0:
109,192,108446,1,0,0:0:0:0:
329,192,108446,1,0,0:0:0:0:
402,192,108588,1,0,0:0:0:0:
109,192,108588,1,0,0:0:0:0:
329,192,108729,1,0,0:0:0:0:
36,192,108729,1,0,0:0:0:0:
475,192,108729,1,0,0:0:0:0:
182,192,108729,1,0,0:0:0:0:
256,192,108871,1,0,0:0:0:0:
402,192,109154,1,0,0:0:0:0:
329,192,109437,1,0,0:0:0:0:
256,192,109720,1,0,0:0:0:0:
329,192,110003,1,0,0:0:0:0:
182,192,110145,1,0,0:0:0:0:
329,192,110286,1,0,0:0:0:0:
182,192,110428,1,0,0:0:0:0:
36,192,110569,1,0,0:0:0:0:
475,192,110711,1,0,0:0:0:0:
329,192,110711,1,0,0:0:0:0:
109,192,110711,1,0,0:0:0:0:
402,192,110852,1,0,0:0:0:0:
182,192,110852,1,0,0:0:0:0:
329,192,110899,1,0,0:0:0:0:
256,192,110947,1,0,0:0:0:0:
475,192,110994,1,0,0:0:0:0:
36,192,110994,1,0,0:0:0:0:
109,192,110994,1,0,0:0:0:0:
402,192,110994,1,0,0:0:0:0:
182,192,111065,1,0,0:0:0:0:
256,192,111135,1,0,0:0:0:0:
36,192,111206,1,0,0:0:0:0:
109,192,111206,1,0,0:0:0:0:
329,192,111206,1,0,0:0:0:0:
475,192,111206,1,0,0:0:0:0:
182,192,111277,1,0,0:0:0:0:
329,192,111348,1,0,0:0:0:0:
475,192,111418,1,0,0:0:0:0:
182,192,111418,1,0,0:0:0:0:
402,192,111418,1,0,0:0:0:0:
36,192,111418,1,0,0:0:0:0:
256,192,111489,1,0,0:0:0:0:
182,192,111560,1,0,0:0:0:0:
402,192,111560,1,0,0:0:0:0:
475,192,111560,1,0,0:0:0:0:
36,192,111560,1,0,0:0:0:0:
329,192,111631,1,0,0:0:0:0:
256,192,111702,1,0,0:0:0:0:
402,192,111772,1,0,0:0:0:0:
182,192,111772,1,0,0:0:0:0:
475,192,111772,1,0,0:0:0:0:
36,192,111772,1,0,0:0:0:0:
329,192,111843,1,0,0:0:0:0:
182,192,111914,1,0,0:0:0:0:
109,192,111985,1,0,0:0:0:0:
36,192,111985,1,0,0:0:0:0:
329,192,111985,1,0,0:0:0:0:
475,192,111985,1,0,0:0:0:0:
256,192,112055,1,0,0:0:0:0:
36,192,112126,1,0,0:0:0:0:
109,192,112126,1,0,0:0:0:0:
329,192,112126,1,0,0:0:0:0:
475,192,112126,1,0,0:0:0:0:
182,192,112197,1,0,0:0:0:0:
256,192,112268,1,0,0:0:0:0:
36,192,112338,1,0,0:0:0:0:
329,192,112338,1,0,0:0:0:0:
109,192,112338,1,0,0:0:0:0:
475,192,112338,1,0,0:0:0:0:
182,192,112409,1,0,0:0:0:0:
329,192,112480,1,0,0:0:0:0:
402,192,112551,1,0,0:0:0:0:
182,192,112551,1,0,0:0:0:0:
475,192,112551,1,0,0:0:0:0:
36,192,112551,1,0,0:0:0:0:
256,192,112621,1,0,0:0:0:0:
36,192,112692,1,0,0:0:0:0:
109,192,112692,1,0,0:0:0:0:
329,192,112692,1,0,0:0:0:0:
475,192,112692,1,0,0:0:0:0:
109,192,112975,1,0,0:0:0:0:
182,192,112975,1,0,0:0:0:0:
329,192,112975,1,0,0:0:0:0:
402,192,112975,1,0,0:0:0:0:
256,192,113046,1,0,0:0:0:0:
329,192,113117,1,0,0:0:0:0:
402,192,113188,1,0,0:0:0:0:
475,192,113258,1,0,0:0:0:0:
36,192,113258,1,0,0:0:0:0:
109,192,113282,1,0,0:0:0:0:
182,192,113306,1,0,0:0:0:0:
256,192,113329,1,0,0:0:0:0:
329,192,113353,1,0,0:0:0:0:
402,192,113376,1,0,0:0:0:0:
475,192,113400,1,0,0:0:0:0:
36,192,113424,1,0,0:0:0:0:
109,192,113447,1,0,0:0:0:0:
182,192,113471,1,0,0:0:0:0:
256,192,113494,1,0,0:0:0:0:
329,192,113518,1,0,0:0:0:0:
402,192,113541,1,0,0:0:0:0:
475,192,113541,1,0,0:0:0:0:
36,192,113541,1,0,0:0:0:0:
329,192,113683,128,0,113966:0:0:0:0:
402,192,113683,128,0,113966:0:0:0:0:
109,192,113683,1,0,0:0:0:0:
182,192,113825,1,0,0:0:0:0:
36,192,113966,1,0,0:0:0:0:
256,192,113966,1,0,0:0:0:0:
475,192,113966,1,0,0:0:0:0:
109,192,114108,1,0,0:0:0:0:
182,192,114108,1,0,0:0:0:0:
329,192,114108,1,0,0:0:0:0:
256,192,114249,1,0,0:0:0:0:
402,192,114249,1,0,0:0:0:0:
36,192,114391,1,0,0:0:0:0:
329,192,114391,1,0,0:0:0:0:
475,192,114391,1,0,0:0:0:0:
182,192,114532,1,0,0:0:0:0:
329,192,114603,1,0,0:0:0:0:
109,192,114674,1,0,0:0:0:0:
475,192,114674,1,0,0:0:0:0:
256,192,114674,1,0,0:0:0:0:
36,192,114815,1,0,0:0:0:0:
256,192,114815,128,0,115098:0:0:0:0:
402,192,114815,128,0,115098:0:0:0:0:
109,192,114957,1,0,0:0:0:0:
36,192,115098,1,0,0:0:0:0:
182,192,115098,1,0,0:0:0:0:
475,192,115098,1,0,0:0:0:0:
109,192,115240,1,0,0:0:0:0:
256,192,115240,1,0,0:0:0:0:
402,192,115240,1,0,0:0:0:0:
475,192,115381,1,0,0:0:0:0:
329,192,115381,1,0,0:0:0:0:
36,192,115523,1,0,0:0:0:0:
475,192,115523,1,0,0:0:0:0:
256,192,115523,1,0,0:0:0:0:
402,192,115665,1,0,0:0:0:0:
329,192,115735,1,0,0:0:0:0:
109,192,115806,1,0,0:0:0:0:
475,192,115806,1,0,0:0:0:0:
256,192,115806,1,0,0:0:0:0:
402,192,115948,128,0,116231:0:0:0:0:
329,192,115948,128,0,116231:0:0:0:0:
182,192,115948,1,0,0:0:0:0:
109,192,116089,1,0,0:0:0:0:
36,192,116231,1,0,0:0:0:0:
182,192,116231,1,0,0:0:0:0:
256,192,116231,1,0,0:0:0:0:
109,192,116372,1,0,0:0:0:0:
329,192,116372,1,0,0:0:0:0:
256,192,116514,1,0,0:0:0:0:
402,192,116514,1,0,0:0:0:0:
36,192,116655,1,0,0:0:0:0:
182,192,116655,1,0,0:0:0:0:
329,192,116655,1,0,0:0:0:0:
256,192,116797,1,0,0:0:0:0:
402,192,116797,1,0,0:0:0:0:
109,192,116938,1,0,0:0:0:0:
329,192,116938,1,0,0:0:0:0:
182,192,116938,1,0,0:0:0:0:
36,192,117080,1,0,0:0:0:0:
475,192,117080,128,0,117363:0:0:0:0:
402,192,117080,128,0,117363:0:0:0:0:
182,192,117221,1,0,0:0:0:0:
36,192,117363,1,0,0:0:0:0:
329,192,117363,1,0,0:0:0:0:
256,192,117363,1,0,0:0:0:0:
109,192,117504,1,0,0:0:0:0:
182,192,117504,1,0,0:0:0:0:
329,192,117646,1,0,0:0:0:0:
402,192,117646,1,0,0:0:0:0:
36,192,117788,1,0,0:0:0:0:
256,192,117788,1,0,0:0:0:0:
475,192,117788,1,0,0:0:0:0:
182,192,117929,1,0,0:0:0:0:
329,192,118000,1,0,0:0:0:0:
109,192,118071,1,0,0:0:0:0:
475,192,118071,1,0,0:0:0:0:
256,192,118071,1,0,0:0:0:0:
182,192,118212,128,0,118495:0:0:0:0:
329,192,118212,128,0,118495:0:0:0:0:
36,192,118495,1,0,0:0:0:0:
402,192,118495,1,0,0:0:0:0:
475,192,118495,1,0,0:0:0:0:
109,192,118637,1,0,0:0:0:0:
182,192,118637,1,0,0:0:0:0:
329,192,118637,1,0,0:0:0:0:
475,192,118778,1,0,0:0:0:0:
329,192,118778,1,0,0:0:0:0:
36,192,118920,1,0,0:0:0:0:
256,192,118920,1,0,0:0:0:0:
402,192,118920,1,0,0:0:0:0:
329,192,119061,1,0,0:0:0:0:
256,192,119132,1,0,0:0:0:0:
109,192,119203,1,0,0:0:0:0:
182,192,119203,1,0,0:0:0:0:
402,192,119203,1,0,0:0:0:0:
36,192,119344,1,0,0:0:0:0:
329,192,119344,128,0,119628:0:0:0:0:
256,192,119344,128,0,119628:0:0:0:0:
36,192,119628,1,0,0:0:0:0:
402,192,119628,1,0,0:0:0:0:
475,192,119628,1,0,0:0:0:0:
109,192,119769,1,0,0:0:0:0:
182,192,119769,1,0,0:0:0:0:
329,192,119769,1,0,0:0:0:0:
256,192,119911,1,0,0:0:0:0:
402,192,119911,1,0,0:0:0:0:
36,192,120052,5,0,0:0:0:0:
329,192,120052,1,0,0:0:0:0:
475,192,120052,1,0,0:0:0:0:
109,192,120194,1,0,0:0:0:0:
256,192,120264,1,0,0:0:0:0:
402,192,120335,1,0,0:0:0:0:
109,192,120335,1,0,0:0:0:0:
475,192,120335,1,0,0:0:0:0:
36,192,120477,1,0,0:0:0:0:
329,192,120477,128,0,120760:0:0:0:0:
182,192,120477,128,0,120760:0:0:0:0:
36,192,120618,1,0,0:0:0:0:
475,192,120760,1,0,0:0:0:0:
109,192,120760,1,0,0:0:0:0:
36,192,120901,1,0,0:0:0:0:
402,192,120901,1,0,0:0:0:0:
256,192,120901,1,0,0:0:0:0:
109,192,120972,1,0,0:0:0:0:
182,192,121043,1,0,0:0:0:0:
329,192,121043,1,0,0:0:0:0:
475,192,121184,5,0,0:0:0:0:
402,192,121184,1,0,0:0:0:0:
109,192,121184,1,0,0:0:0:0:
256,192,121184,1,0,0:0:0:0:
36,192,121373,1,0,0:0:0:0:
182,192,121373,1,0,0:0:0:0:
329,192,121373,1,0,0:0:0:0:
402,192,121373,1,0,0:0:0:0:
256,192,121562,1,0,0:0:0:0:
329,192,121562,1,0,0:0:0:0:
109,192,121562,1,0,0:0:0:0:
475,192,121562,1,0,0:0:0:0:
182,192,121751,1,0,0:0:0:0:
329,192,121751,1,0,0:0:0:0:
402,192,121751,1,0,0:0:0:0:
36,192,121751,1,0,0:0:0:0:
256,192,121939,1,0,0:0:0:0:
402,192,121939,1,0,0:0:0:0:
475,192,121939,1,0,0:0:0:0:
109,192,121939,1,0,0:0:0:0:
329,192,122128,1,0,0:0:0:0:
475,192,122128,1,0,0:0:0:0:
36,192,122128,1,0,0:0:0:0:
182,192,122128,1,0,0:0:0:0:
36,192,122317,1,0,0:0:0:0:
109,192,122317,1,0,0:0:0:0:
402,192,122317,1,0,0:0:0:0:
475,192,122317,1,0,0:0:0:0:
36,192,122600,1,0,0:0:0:0:
182,192,122600,1,0,0:0:0:0:
329,192,122600,1,0,0:0:0:0:
475,192,122600,1,0,0:0:0:0:
256,192,122671,1,0,0:0:0:0:
402,192,122741,1,0,0:0:0:0:
109,192,122741,1,0,0:0:0:0:
182,192,122812,1,0,0:0:0:0:
329,192,122812,1,0,0:0:0:0:
109,192,122883,1,0,0:0:0:0:
402,192,122883,1,0,0:0:0:0:
256,192,122954,1,0,0:0:0:0:
475,192,122954,1,0,0:0:0:0:
402,192,123024,1,0,0:0:0:0:
182,192,123024,1,0,0:0:0:0:
36,192,123024,1,0,0:0:0:0:
475,192,123095,1,0,0:0:0:0:
256,192,123095,1,0,0:0:0:0:
329,192,123166,1,0,0:0:0:0:
109,192,123166,1,0,0:0:0:0:
182,192,123237,1,0,0:0:0:0:
402,192,123237,1,0,0:0:0:0:
329,192,123307,1,0,0:0:0:0:
36,192,123307,1,0,0:0:0:0:
109,192,123378,1,0,0:0:0:0:
256,192,123378,1,0,0:0:0:0:
182,192,123449,1,0,0:0:0:0:
402,192,123449,1,0,0:0:0:0:
475,192,123449,1,0,0:0:0:0:
256,192,123520,1,0,0:0:0:0:
109,192,123591,1,0,0:0:0:0:
329,192,123591,1,0,0:0:0:0:
402,192,123591,1,0,0:0:0:0:
182,192,123661,1,0,0:0:0:0:
475,192,123732,1,0,0:0:0:0:
256,192,123732,1,0,0:0:0:0:
402,192,123803,1,0,0:0:0:0:
182,192,123803,1,0,0:0:0:0:
329,192,123874,1,0,0:0:0:0:
36,192,123874,1,0,0:0:0:0:
256,192,123944,1,0,0:0:0:0:
109,192,123944,1,0,0:0:0:0:
182,192,124015,1,0,0:0:0:0:
36,192,124015,1,0,0:0:0:0:
475,192,124015,1,0,0:0:0:0:
402,192,124015,1,0,0:0:0:0:
329,192,124086,1,0,0:0:0:0:
182,192,124157,1,0,0:0:0:0:
256,192,124204,1,0,0:0:0:0:
36,192,124227,1,0,0:0:0:0:
109,192,124227,1,0,0:0:0:0:
329,192,124251,1,0,0:0:0:0:
402,192,124298,1,0,0:0:0:0:
475,192,124298,1,0,0:0:0:0:
256,192,124369,1,0,0:0:0:0:
36,192,124440,1,0,0:0:0:0:
402,192,124440,1,0,0:0:0:0:
475,192,124440,1,0,0:0:0:0:
182,192,124440,1,0,0:0:0:0:
329,192,124511,1,0,0:0:0:0:
256,192,124581,1,0,0:0:0:0:
109,192,124581,1,0,0:0:0:0:
36,192,124581,1,0,0:0:0:0:
475,192,124581,1,0,0:0:0:0:
402,192,124652,1,0,0:0:0:0:
182,192,124652,1,0,0:0:0:0:
329,192,124723,1,0,0:0:0:0:
109,192,124723,1,0,0:0:0:0:
36,192,124794,1,0,0:0:0:0:
256,192,124794,1,0,0:0:0:0:
402,192,124864,1,0,0:0:0:0:
109,192,124864,1,0,0:0:0:0:
329,192,124935,1,0,0:0:0:0:
182,192,124935,1,0,0:0:0:0:
402,192,125006,1,0,0:0:0:0:
109,192,125006,1,0,0:0:0:0:
475,192,125077,1,0,0:0:0:0:
182,192,125077,1,0,0:0:0:0:
402,192,125147,1,0,0:0:0:0:
36,192,125147,1,0,0:0:0:0:
256,192,125147,1,0,0:0:0:0:
329,192,125218,1,0,0:0:0:0:
109,192,125218,1,0,0:0:0:0:
402,192,125289,1,0,0:0:0:0:
182,192,125289,1,0,0:0:0:0:
256,192,125360,1,0,0:0:0:0:
475,192,125360,1,0,0:0:0:0:
36,192,125360,1,0,0:0:0:0:
402,192,125431,1,0,0:0:0:0:
109,192,125431,1,0,0:0:0:0:
182,192,125501,1,0,0:0:0:0:
329,192,125501,1,0,0:0:0:0:
109,192,125572,1,0,0:0:0:0:
402,192,125572,1,0,0:0:0:0:
36,192,125643,1,0,0:0:0:0:
475,192,125643,1,0,0:0:0:0:
329,192,125714,1,0,0:0:0:0:
182,192,125714,1,0,0:0:0:0:
475,192,125784,1,0,0:0:0:0:
36,192,125784,1,0,0:0:0:0:
182,192,125855,1,0,0:0:0:0:
329,192,125855,1,0,0:0:0:0:
36,192,125926,1,0,0:0:0:0:
475,192,125926,1,0,0:0:0:0:
182,192,125997,1,0,0:0:0:0:
329,192,125997,1,0,0:0:0:0:
36,192,126067,1,0,0:0:0:0:
475,192,126067,1,0,0:0:0:0:
182,192,126138,1,0,0:0:0:0:
329,192,126138,1,0,0:0:0:0:
36,192,126209,1,0,0:0:0:0:
475,192,126209,1,0,0:0:0:0:
256,192,126280,1,0,0:0:0:0:
109,192,126280,1,0,0:0:0:0:
402,192,126280,1,0,0:0:0:0:
329,192,126374,1,0,0:0:0:0:
182,192,126374,1,0,0:0:0:0:
475,192,126374,1,0,0:0:0:0:
36,192,126421,1,0,0:0:0:0:
402,192,126468,1,0,0:0:0:0:
256,192,126468,1,0,0:0:0:0:
109,192,126468,1,0,0:0:0:0:
182,192,126516,1,0,0:0:0:0:
475,192,126563,1,0,0:0:0:0:
329,192,126563,1,0,0:0:0:0:
36,192,126563,1,0,0:0:0:0:
402,192,126657,1,0,0:0:0:0:
256,192,126657,1,0,0:0:0:0:
109,192,126657,1,0,0:0:0:0:
329,192,126752,1,0,0:0:0:0:
182,192,126752,1,0,0:0:0:0:
36,192,126752,1,0,0:0:0:0:
402,192,126846,5,0,0:0:0:0:
475,192,126846,1,0,0:0:0:0:
109,192,126846,1,0,0:0:0:0:
256,192,126846,1,0,0:0:0:0:
329,192,126987,1,0,0:0:0:0:
182,192,127129,1,0,0:0:0:0:
329,192,127270,1,0,0:0:0:0:
402,192,127306,1,0,0:0:0:0:
329,192,127554,1,0,0:0:0:0:
475,192,127624,1,0,0:0:0:0:
329,192,127695,1,0,0:0:0:0:
182,192,127837,1,0,0:0:0:0:
475,192,127978,5,0,0:0:0:0:
329,192,127978,1,0,0:0:0:0:
36,192,127978,1,0,0:0:0:0:
256,192,128073,1,0,0:0:0:0:
402,192,128073,1,0,0:0:0:0:
109,192,128073,1,0,0:0:0:0:
329,192,128167,1,0,0:0:0:0:
182,192,128167,1,0,0:0:0:0:
36,192,128167,1,0,0:0:0:0:
256,192,128261,1,0,0:0:0:0:
402,192,128261,1,0,0:0:0:0:
109,192,128261,1,0,0:0:0:0:
329,192,128356,1,0,0:0:0:0:
182,192,128356,1,0,0:0:0:0:
36,192,128356,1,0,0:0:0:0:
109,192,128450,1,0,0:0:0:0:
256,192,128450,1,0,0:0:0:0:
475,192,128450,1,0,0:0:0:0:
182,192,128544,1,0,0:0:0:0:
329,192,128544,1,0,0:0:0:0:
402,192,128544,1,0,0:0:0:0:
109,192,128639,1,0,0:0:0:0:
256,192,128639,1,0,0:0:0:0:
475,192,128639,1,0,0:0:0:0:
182,192,128733,1,0,0:0:0:0:
36,192,128733,1,0,0:0:0:0:
402,192,128733,1,0,0:0:0:0:
329,192,128827,1,0,0:0:0:0:
475,192,128827,1,0,0:0:0:0:
109,192,128827,1,0,0:0:0:0:
256,192,128922,1,0,0:0:0:0:
402,192,128922,1,0,0:0:0:0:
36,192,128922,1,0,0:0:0:0:
329,192,129016,1,0,0:0:0:0:
182,192,129016,1,0,0:0:0:0:
475,192,129016,1,0,0:0:0:0:
256,192,129110,1,0,0:0:0:0:
402,192,129110,1,0,0:0:0:0:
109,192,129110,1,0,0:0:0:0:
329,192,129181,1,0,0:0:0:0:
182,192,129181,1,0,0:0:0:0:
36,192,129252,1,0,0:0:0:0:
475,192,129252,1,0,0:0:0:0:
329,192,129323,1,0,0:0:0:0:
182,192,129323,1,0,0:0:0:0:
36,192,129394,1,0,0:0:0:0:
475,192,129394,1,0,0:0:0:0:
109,192,129441,1,0,0:0:0:0:
402,192,129441,1,0,0:0:0:0:
182,192,129488,1,0,0:0:0:0:
329,192,129488,1,0,0:0:0:0:
36,192,129535,1,0,0:0:0:0:
475,192,129535,1,0,0:0:0:0:
109,192,129582,1,0,0:0:0:0:
402,192,129582,1,0,0:0:0:0:
182,192,129629,1,0,0:0:0:0:
329,192,129629,1,0,0:0:0:0:
36,192,129677,1,0,0:0:0:0:
475,192,129677,1,0,0:0:0:0:
109,192,129677,1,0,0:0:0:0:
402,192,129677,1,0,0:0:0:0:
182,192,129818,1,0,0:0:0:0:
329,192,129818,1,0,0:0:0:0:
109,192,129818,1,0,0:0:0:0:
402,192,129818,1,0,0:0:0:0:
36,192,129960,1,0,0:0:0:0:
402,192,129960,1,0,0:0:0:0:
475,192,129960,1,0,0:0:0:0:
109,192,129960,1,0,0:0:0:0:
182,192,130030,1,0,0:0:0:0:
256,192,130030,1,0,0:0:0:0:
329,192,130030,1,0,0:0:0:0:
36,192,130101,1,0,0:0:0:0:
109,192,130101,1,0,0:0:0:0:
402,192,130101,1,0,0:0:0:0:
475,192,130101,1,0,0:0:0:0:
182,192,130172,1,0,0:0:0:0:
256,192,130172,1,0,0:0:0:0:
329,192,130172,1,0,0:0:0:0:
36,192,130243,1,0,0:0:0:0:
109,192,130243,1,0,0:0:0:0:
475,192,130243,1,0,0:0:0:0:
402,192,130243,1,0,0:0:0:0:
329,192,130384,1,0,0:0:0:0:
256,192,130526,1,0,0:0:0:0:
329,192,130597,1,0,0:0:0:0:
182,192,130667,1,0,0:0:0:0:
402,192,130809,1,0,0:0:0:0:
402,192,131092,1,0,0:0:0:0:
329,192,131092,1,0,0:0:0:0:
109,192,131092,1,0,0:0:0:0:
182,192,131163,1,0,0:0:0:0:
402,192,131234,1,0,0:0:0:0:
329,192,131234,1,0,0:0:0:0:
109,192,131234,1,0,0:0:0:0:
182,192,131304,1,0,0:0:0:0:
329,192,131375,5,0,0:0:0:0:
402,192,131375,1,0,0:0:0:0:
36,192,131375,1,0,0:0:0:0:
256,192,131375,1,0,0:0:0:0:
475,192,131375,1,0,0:0:0:0:
109,192,131517,5,0,0:0:0:0:
182,192,131517,1,0,0:0:0:0:
329,192,131658,1,0,0:0:0:0:
402,192,131658,1,0,0:0:0:0:
109,192,131800,1,0,0:0:0:0:
36,192,131800,1,0,0:0:0:0:
256,192,131941,1,0,0:0:0:0:
182,192,131941,1,0,0:0:0:0:
402,192,132083,1,0,0:0:0:0:
329,192,132083,1,0,0:0:0:0:
36,192,132224,1,0,0:0:0:0:
475,192,132224,1,0,0:0:0:0:
182,192,132366,1,0,0:0:0:0:
329,192,132366,1,0,0:0:0:0:
109,192,132649,1,0,0:0:0:0:
402,192,132649,1,0,0:0:0:0:
182,192,133498,1,0,0:0:0:0:
256,192,133569,1,0,0:0:0:0:
329,192,133640,1,0,0:0:0:0:
475,192,133640,1,0,0:0:0:0:
182,192,133781,1,0,0:0:0:0:
36,192,133781,1,0,0:0:0:0:
329,192,133923,1,0,0:0:0:0:
475,192,133923,1,0,0:0:0:0:
36,192,134064,1,0,0:0:0:0:
182,192,134064,1,0,0:0:0:0:
256,192,134206,1,0,0:0:0:0:
402,192,134206,1,0,0:0:0:0:
475,192,134347,1,0,0:0:0:0:
182,192,134347,1,0,0:0:0:0:
329,192,134489,1,0,0:0:0:0:
36,192,134489,1,0,0:0:0:0:
109,192,134630,1,0,0:0:0:0:
256,192,134630,1,0,0:0:0:0:
329,192,134913,1,0,0:0:0:0:
475,192,134913,1,0,0:0:0:0:
256,192,135197,1,0,0:0:0:0:
182,192,135338,1,0,0:0:0:0:
109,192,135621,1,0,0:0:0:0:
402,192,135904,1,0,0:0:0:0:
256,192,135904,1,0,0:0:0:0:
182,192,136046,1,0,0:0:0:0:
36,192,136046,1,0,0:0:0:0:
402,192,136187,1,0,0:0:0:0:
256,192,136187,1,0,0:0:0:0:
109,192,136329,1,0,0:0:0:0:
36,192,136329,1,0,0:0:0:0:
256,192,136470,1,0,0:0:0:0:
182,192,136470,1,0,0:0:0:0:
402,192,136612,1,0,0:0:0:0:
329,192,136612,1,0,0:0:0:0:
475,192,136753,1,0,0:0:0:0:
36,192,136753,1,0,0:0:0:0:
329,192,136895,1,0,0:0:0:0:
182,192,136895,1,0,0:0:0:0:
402,192,137178,1,0,0:0:0:0:
109,192,137178,1,0,0:0:0:0:
109,192,138027,1,0,0:0:0:0:
256,192,138098,1,0,0:0:0:0:
402,192,138169,1,0,0:0:0:0:
36,192,138169,1,0,0:0:0:0:
329,192,138310,1,0,0:0:0:0:
182,192,138310,1,0,0:0:0:0:
402,192,138452,1,0,0:0:0:0:
109,192,138452,1,0,0:0:0:0:
36,192,138593,1,0,0:0:0:0:
256,192,138593,1,0,0:0:0:0:
182,192,138735,1,0,0:0:0:0:
402,192,138735,1,0,0:0:0:0:
329,192,138876,1,0,0:0:0:0:
475,192,138876,1,0,0:0:0:0:
402,192,139018,1,0,0:0:0:0:
182,192,139018,1,0,0:0:0:0:
256,192,139160,1,0,0:0:0:0:
36,192,139160,1,0,0:0:0:0:
109,192,139443,1,0,0:0:0:0:
329,192,139443,1,0,0:0:0:0:
475,192,139443,1,0,0:0:0:0:
