[Metadata]
BlueMoon Princess
Usagi Aikouka(cosMo X syuri22)
inava
Sound Voltex
69
0

[TimingPoints]
605,255.31914893617,4,2,0,0,1,0


[HitObjects]
36,192,605,5,0,0:0:0:0:
256,192,605,1,0,0:0:0:0:
475,192,860,1,0,0:0:0:0:
329,192,860,1,0,0:0:0:0:
109,192,1115,1,0,0:0:0:0:
256,192,1115,1,0,0:0:0:0:
329,192,1370,1,0,0:0:0:0:
475,192,1370,1,0,0:0:0:0:
36,192,1626,1,0,0:0:0:0:
182,192,1626,1,0,0:0:0:0:
329,192,1881,1,0,0:0:0:0:
475,192,1881,1,0,0:0:0:0:
36,192,2136,1,0,0:0:0:0:
256,192,2136,1,0,0:0:0:0:
109,192,2264,1,0,0:0:0:0:
329,192,2264,1,0,0:0:0:0:
182,192,2392,1,0,0:0:0:0:
402,192,2392,1,0,0:0:0:0:
36,192,2456,1,0,0:0:0:0:
182,192,2519,1,0,0:0:0:0:
36,192,2583,1,0,0:0:0:0:
329,192,2583,1,0,0:0:0:0:
109,192,2647,1,0,0:0:0:0:
256,192,2647,1,0,0:0:0:0:
402,192,2647,128,0,3030:0:0:0:0:
475,192,2711,128,0,3030:0:0:0:0:
36,192,2902,1,0,0:0:0:0:
329,192,2902,1,0,0:0:0:0:
182,192,3030,1,0,0:0:0:0:
36,192,3158,1,0,0:0:0:0:
182,192,3158,1,0,0:0:0:0:
475,192,3158,1,0,0:0:0:0:
256,192,3158,1,0,0:0:0:0:
36,192,3413,1,0,0:0:0:0:
182,192,3413,1,0,0:0:0:0:
329,192,3541,1,0,0:0:0:0:
475,192,3541,1,0,0:0:0:0:
109,192,3668,1,0,0:0:0:0:
256,192,3668,1,0,0:0:0:0:
402,192,3668,1,0,0:0:0:0:
36,192,3924,1,0,0:0:0:0:
182,192,3924,1,0,0:0:0:0:
329,192,3924,1,0,0:0:0:0:
475,192,3924,1,0,0:0:0:0:
109,192,4179,1,0,0:0:0:0:
182,192,4179,1,0,0:0:0:0:
329,192,4179,1,0,0:0:0:0:
402,192,4179,1,0,0:0:0:0:
329,192,4307,1,0,0:0:0:0:
475,192,4434,1,0,0:0:0:0:
182,192,4434,1,0,0:0:0:0:
256,192,4434,1,0,0:0:0:0:
36,192,4434,1,0,0:0:0:0:
182,192,4562,1,0,0:0:0:0:
256,192,4690,1,0,0:0:0:0:
36,192,4690,1,0,0:0:0:0:
109,192,4690,1,0,0:0:0:0:
475,192,4945,1,0,0:0:0:0:
329,192,4945,1,0,0:0:0:0:
256,192,5200,1,0,0:0:0:0:
182,192,5200,1,0,0:0:0:0:
36,192,5200,1,0,0:0:0:0:
475,192,5456,1,0,0:0:0:0:
329,192,5456,1,0,0:0:0:0:
109,192,5711,128,0,5966:0:0:0:0:
36,192,5711,128,0,5966:0:0:0:0:
182,192,5711,128,0,5966:0:0:0:0:
475,192,5966,1,0,0:0:0:0:
256,192,5966,1,0,0:0:0:0:
475,192,6222,128,0,6477:0:0:0:0:
402,192,6222,128,0,6477:0:0:0:0:
329,192,6222,128,0,6477:0:0:0:0:
256,192,6477,1,0,0:0:0:0:
36,192,6477,1,0,0:0:0:0:
109,192,6562,1,0,0:0:0:0:
329,192,6562,1,0,0:0:0:0:
402,192,6647,1,0,0:0:0:0:
182,192,6647,1,0,0:0:0:0:
475,192,6732,1,0,0:0:0:0:
109,192,6732,128,0,7243:0:0:0:0:
36,192,6732,128,0,7243:0:0:0:0:
256,192,6732,1,0,0:0:0:0:
329,192,6817,1,0,0:0:0:0:
182,192,6902,1,0,0:0:0:0:
402,192,6902,1,0,0:0:0:0:
256,192,6987,1,0,0:0:0:0:
475,192,6987,1,0,0:0:0:0:
402,192,7073,1,0,0:0:0:0:
329,192,7158,1,0,0:0:0:0:
182,192,7158,1,0,0:0:0:0:
475,192,7243,1,0,0:0:0:0:
402,192,7243,1,0,0:0:0:0:
256,192,7243,1,0,0:0:0:0:
182,192,7328,1,0,0:0:0:0:
402,192,7370,1,0,0:0:0:0:
475,192,7370,1,0,0:0:0:0:
109,192,7413,1,0,0:0:0:0:
256,192,7498,128,0,7562:0:0:0:0:
402,192,7498,128,0,7690:0:0:0:0:
475,192,7498,128,0,7690:0:0:0:0:
36,192,7498,1,0,0:0:0:0:
256,192,7626,128,0,7690:0:0:0:0:
109,192,7626,128,0,7753:0:0:0:0:
36,192,7626,128,0,7753:0:0:0:0:
329,192,7753,128,0,8200:0:0:0:0:
475,192,7753,128,0,8200:0:0:0:0:
256,192,7753,1,0,0:0:0:0:
182,192,7839,1,0,0:0:0:0:
109,192,7924,1,0,0:0:0:0:
256,192,8009,1,0,0:0:0:0:
36,192,8009,1,0,0:0:0:0:
182,192,8094,1,0,0:0:0:0:
109,192,8179,1,0,0:0:0:0:
36,192,8264,128,0,8711:0:0:0:0:
182,192,8264,128,0,8711:0:0:0:0:
256,192,8264,1,0,0:0:0:0:
475,192,8264,1,0,0:0:0:0:
329,192,8349,1,0,0:0:0:0:
402,192,8434,1,0,0:0:0:0:
256,192,8519,1,0,0:0:0:0:
475,192,8519,1,0,0:0:0:0:
329,192,8604,1,0,0:0:0:0:
402,192,8690,1,0,0:0:0:0:
256,192,8775,1,0,0:0:0:0:
36,192,8775,1,0,0:0:0:0:
475,192,8775,1,0,0:0:0:0:
109,192,8775,1,0,0:0:0:0:
329,192,8775,1,0,0:0:0:0:
182,192,8902,1,0,0:0:0:0:
329,192,8902,1,0,0:0:0:0:
109,192,8902,1,0,0:0:0:0:
36,192,9030,1,0,0:0:0:0:
256,192,9030,1,0,0:0:0:0:
475,192,9030,1,0,0:0:0:0:
402,192,9030,1,0,0:0:0:0:
329,192,9158,1,0,0:0:0:0:
182,192,9158,1,0,0:0:0:0:
402,192,9158,1,0,0:0:0:0:
475,192,9285,1,0,0:0:0:0:
36,192,9285,1,0,0:0:0:0:
256,192,9285,1,0,0:0:0:0:
402,192,9349,1,0,0:0:0:0:
109,192,9413,1,0,0:0:0:0:
329,192,9413,1,0,0:0:0:0:
256,192,9477,1,0,0:0:0:0:
475,192,9541,1,0,0:0:0:0:
36,192,9541,1,0,0:0:0:0:
182,192,9541,1,0,0:0:0:0:
402,192,9604,1,0,0:0:0:0:
329,192,9668,1,0,0:0:0:0:
109,192,9668,1,0,0:0:0:0:
256,192,9732,1,0,0:0:0:0:
36,192,9796,1,0,0:0:0:0:
475,192,9796,1,0,0:0:0:0:
182,192,9796,1,0,0:0:0:0:
329,192,9796,1,0,0:0:0:0:
109,192,9860,1,0,0:0:0:0:
182,192,9924,1,0,0:0:0:0:
402,192,9924,1,0,0:0:0:0:
256,192,9987,1,0,0:0:0:0:
36,192,10051,1,0,0:0:0:0:
182,192,10051,1,0,0:0:0:0:
475,192,10051,1,0,0:0:0:0:
256,192,10115,1,0,0:0:0:0:
329,192,10179,1,0,0:0:0:0:
109,192,10179,1,0,0:0:0:0:
402,192,10243,1,0,0:0:0:0:
182,192,10307,128,0,10498:0:0:0:0:
36,192,10307,128,0,10498:0:0:0:0:
256,192,10307,1,0,0:0:0:0:
475,192,10307,1,0,0:0:0:0:
329,192,10307,1,0,0:0:0:0:
329,192,10434,1,0,0:0:0:0:
402,192,10434,1,0,0:0:0:0:
329,192,10562,128,0,10753:0:0:0:0:
475,192,10562,128,0,10753:0:0:0:0:
36,192,10562,1,0,0:0:0:0:
256,192,10562,1,0,0:0:0:0:
182,192,10562,1,0,0:0:0:0:
182,192,10690,1,0,0:0:0:0:
109,192,10690,1,0,0:0:0:0:
256,192,10817,1,0,0:0:0:0:
475,192,10817,1,0,0:0:0:0:
329,192,10817,1,0,0:0:0:0:
36,192,10817,1,0,0:0:0:0:
109,192,10881,1,0,0:0:0:0:
402,192,10945,1,0,0:0:0:0:
182,192,10945,1,0,0:0:0:0:
256,192,11009,1,0,0:0:0:0:
36,192,11073,1,0,0:0:0:0:
329,192,11073,1,0,0:0:0:0:
475,192,11073,1,0,0:0:0:0:
109,192,11136,1,0,0:0:0:0:
402,192,11200,1,0,0:0:0:0:
182,192,11200,1,0,0:0:0:0:
256,192,11264,1,0,0:0:0:0:
109,192,11328,1,0,0:0:0:0:
475,192,11328,1,0,0:0:0:0:
36,192,11328,1,0,0:0:0:0:
402,192,11392,1,0,0:0:0:0:
182,192,11456,1,0,0:0:0:0:
329,192,11456,1,0,0:0:0:0:
256,192,11519,1,0,0:0:0:0:
109,192,11583,1,0,0:0:0:0:
475,192,11583,1,0,0:0:0:0:
36,192,11583,1,0,0:0:0:0:
402,192,11647,1,0,0:0:0:0:
329,192,11711,1,0,0:0:0:0:
182,192,11711,1,0,0:0:0:0:
256,192,11775,1,0,0:0:0:0:
475,192,11839,128,0,12030:0:0:0:0:
109,192,11839,1,0,0:0:0:0:
36,192,11839,1,0,0:0:0:0:
402,192,11902,128,0,12094:0:0:0:0:
329,192,11966,128,0,12158:0:0:0:0:
182,192,11966,1,0,0:0:0:0:
256,192,12030,128,0,12222:0:0:0:0:
475,192,12094,1,0,0:0:0:0:
36,192,12094,1,0,0:0:0:0:
402,192,12158,1,0,0:0:0:0:
329,192,12222,1,0,0:0:0:0:
109,192,12222,1,0,0:0:0:0:
256,192,12285,1,0,0:0:0:0:
36,192,12349,128,0,12541:0:0:0:0:
475,192,12349,1,0,0:0:0:0:
402,192,12349,1,0,0:0:0:0:
109,192,12413,128,0,12604:0:0:0:0:
182,192,12477,128,0,12668:0:0:0:0:
329,192,12477,1,0,0:0:0:0:
256,192,12541,128,0,12732:0:0:0:0:
475,192,12604,1,0,0:0:0:0:
36,192,12604,1,0,0:0:0:0:
109,192,12668,1,0,0:0:0:0:
182,192,12732,1,0,0:0:0:0:
402,192,12732,1,0,0:0:0:0:
256,192,12796,1,0,0:0:0:0:
475,192,12860,1,0,0:0:0:0:
36,192,12860,1,0,0:0:0:0:
109,192,12860,1,0,0:0:0:0:
329,192,12860,1,0,0:0:0:0:
256,192,12924,1,0,0:0:0:0:
182,192,12987,1,0,0:0:0:0:
402,192,12987,1,0,0:0:0:0:
329,192,13051,1,0,0:0:0:0:
256,192,13115,1,0,0:0:0:0:
475,192,13115,1,0,0:0:0:0:
36,192,13115,1,0,0:0:0:0:
402,192,13179,1,0,0:0:0:0:
329,192,13243,1,0,0:0:0:0:
182,192,13243,1,0,0:0:0:0:
109,192,13307,1,0,0:0:0:0:
36,192,13370,1,0,0:0:0:0:
256,192,13370,1,0,0:0:0:0:
475,192,13370,1,0,0:0:0:0:
402,192,13370,1,0,0:0:0:0:
182,192,13434,1,0,0:0:0:0:
109,192,13498,1,0,0:0:0:0:
329,192,13498,1,0,0:0:0:0:
256,192,13562,1,0,0:0:0:0:
182,192,13626,1,0,0:0:0:0:
402,192,13626,1,0,0:0:0:0:
36,192,13626,1,0,0:0:0:0:
329,192,13690,1,0,0:0:0:0:
256,192,13753,1,0,0:0:0:0:
475,192,13753,1,0,0:0:0:0:
402,192,13817,1,0,0:0:0:0:
36,192,13881,1,0,0:0:0:0:
329,192,13881,1,0,0:0:0:0:
109,192,13881,1,0,0:0:0:0:
182,192,13945,1,0,0:0:0:0:
256,192,14009,1,0,0:0:0:0:
329,192,14073,1,0,0:0:0:0:
475,192,14136,1,0,0:0:0:0:
36,192,14136,1,0,0:0:0:0:
402,192,14136,1,0,0:0:0:0:
109,192,14136,1,0,0:0:0:0:
182,192,14200,1,0,0:0:0:0:
256,192,14264,1,0,0:0:0:0:
329,192,14328,1,0,0:0:0:0:
36,192,14392,128,0,14711:0:0:0:0:
475,192,14392,128,0,14711:0:0:0:0:
109,192,14392,1,0,0:0:0:0:
402,192,14392,1,0,0:0:0:0:
182,192,14583,128,0,14839:0:0:0:0:
329,192,14583,128,0,14839:0:0:0:0:
256,192,14647,1,0,0:0:0:0:
36,192,14775,128,0,14839:0:0:0:0:
475,192,14775,128,0,14839:0:0:0:0:
36,192,14902,1,0,0:0:0:0:
402,192,14902,1,0,0:0:0:0:
256,192,14902,1,0,0:0:0:0:
475,192,14902,1,0,0:0:0:0:
109,192,14902,1,0,0:0:0:0:
182,192,15030,1,0,0:0:0:0:
329,192,15030,1,0,0:0:0:0:
36,192,15158,1,0,0:0:0:0:
256,192,15158,1,0,0:0:0:0:
475,192,15158,1,0,0:0:0:0:
109,192,15158,1,0,0:0:0:0:
402,192,15158,1,0,0:0:0:0:
182,192,15285,1,0,0:0:0:0:
329,192,15285,1,0,0:0:0:0:
475,192,15413,1,0,0:0:0:0:
256,192,15413,1,0,0:0:0:0:
36,192,15413,1,0,0:0:0:0:
402,192,15413,1,0,0:0:0:0:
109,192,15413,1,0,0:0:0:0:
329,192,15541,1,0,0:0:0:0:
182,192,15541,1,0,0:0:0:0:
36,192,15668,1,0,0:0:0:0:
109,192,15668,1,0,0:0:0:0:
329,192,15668,1,0,0:0:0:0:
475,192,15668,1,0,0:0:0:0:
182,192,15796,1,0,0:0:0:0:
402,192,15796,1,0,0:0:0:0:
109,192,15860,1,0,0:0:0:0:
329,192,15860,1,0,0:0:0:0:
36,192,15924,1,0,0:0:0:0:
256,192,15924,1,0,0:0:0:0:
182,192,15924,1,0,0:0:0:0:
475,192,15924,1,0,0:0:0:0:
402,192,16051,1,0,0:0:0:0:
329,192,16051,1,0,0:0:0:0:
109,192,16051,1,0,0:0:0:0:
256,192,16179,1,0,0:0:0:0:
475,192,16179,1,0,0:0:0:0:
36,192,16179,1,0,0:0:0:0:
182,192,16179,1,0,0:0:0:0:
402,192,16307,1,0,0:0:0:0:
329,192,16307,1,0,0:0:0:0:
109,192,16307,1,0,0:0:0:0:
36,192,16434,1,0,0:0:0:0:
256,192,16434,1,0,0:0:0:0:
329,192,16434,1,0,0:0:0:0:
475,192,16434,1,0,0:0:0:0:
109,192,16498,1,0,0:0:0:0:
182,192,16562,1,0,0:0:0:0:
402,192,16562,1,0,0:0:0:0:
256,192,16626,1,0,0:0:0:0:
329,192,16690,1,0,0:0:0:0:
475,192,16690,1,0,0:0:0:0:
36,192,16690,1,0,0:0:0:0:
109,192,16690,1,0,0:0:0:0:
256,192,16753,1,0,0:0:0:0:
402,192,16753,1,0,0:0:0:0:
182,192,16817,1,0,0:0:0:0:
329,192,16817,1,0,0:0:0:0:
109,192,16881,1,0,0:0:0:0:
256,192,16881,1,0,0:0:0:0:
36,192,16945,1,0,0:0:0:0:
182,192,16945,1,0,0:0:0:0:
475,192,16945,1,0,0:0:0:0:
402,192,16945,1,0,0:0:0:0:
256,192,17009,1,0,0:0:0:0:
329,192,17073,1,0,0:0:0:0:
109,192,17073,1,0,0:0:0:0:
402,192,17136,1,0,0:0:0:0:
182,192,17200,1,0,0:0:0:0:
36,192,17200,1,0,0:0:0:0:
475,192,17200,1,0,0:0:0:0:
402,192,17264,1,0,0:0:0:0:
329,192,17328,1,0,0:0:0:0:
109,192,17328,1,0,0:0:0:0:
256,192,17392,1,0,0:0:0:0:
182,192,17456,1,0,0:0:0:0:
36,192,17456,1,0,0:0:0:0:
475,192,17456,1,0,0:0:0:0:
329,192,17519,1,0,0:0:0:0:
256,192,17583,1,0,0:0:0:0:
109,192,17583,1,0,0:0:0:0:
329,192,17647,1,0,0:0:0:0:
475,192,17711,1,0,0:0:0:0:
36,192,17711,1,0,0:0:0:0:
182,192,17711,1,0,0:0:0:0:
256,192,17775,1,0,0:0:0:0:
329,192,17839,1,0,0:0:0:0:
109,192,17839,1,0,0:0:0:0:
402,192,17902,1,0,0:0:0:0:
475,192,17966,1,0,0:0:0:0:
36,192,17966,1,0,0:0:0:0:
256,192,17966,1,0,0:0:0:0:
329,192,18030,1,0,0:0:0:0:
109,192,18030,1,0,0:0:0:0:
402,192,18094,1,0,0:0:0:0:
182,192,18094,1,0,0:0:0:0:
256,192,18158,1,0,0:0:0:0:
475,192,18158,1,0,0:0:0:0:
182,192,18222,1,0,0:0:0:0:
36,192,18222,1,0,0:0:0:0:
475,192,18285,1,0,0:0:0:0:
329,192,18285,1,0,0:0:0:0:
36,192,18349,1,0,0:0:0:0:
256,192,18349,1,0,0:0:0:0:
329,192,18413,1,0,0:0:0:0:
109,192,18413,1,0,0:0:0:0:
402,192,18477,1,0,0:0:0:0:
182,192,18477,1,0,0:0:0:0:
475,192,18477,1,0,0:0:0:0:
36,192,18604,1,0,0:0:0:0:
256,192,18604,1,0,0:0:0:0:
329,192,18604,1,0,0:0:0:0:
402,192,18732,1,0,0:0:0:0:
475,192,18732,1,0,0:0:0:0:
182,192,18732,1,0,0:0:0:0:
256,192,18860,1,0,0:0:0:0:
36,192,18860,1,0,0:0:0:0:
329,192,18860,1,0,0:0:0:0:
402,192,18987,1,0,0:0:0:0:
475,192,18987,1,0,0:0:0:0:
36,192,18987,128,0,19179:0:0:0:0:
109,192,19051,128,0,19243:0:0:0:0:
182,192,19115,128,0,19307:0:0:0:0:
256,192,19179,128,0,19370:0:0:0:0:
329,192,19243,1,0,0:0:0:0:
36,192,19243,1,0,0:0:0:0:
402,192,19307,1,0,0:0:0:0:
109,192,19307,1,0,0:0:0:0:
182,192,19370,1,0,0:0:0:0:
475,192,19370,1,0,0:0:0:0:
256,192,19434,1,0,0:0:0:0:
329,192,19498,128,0,19690:0:0:0:0:
36,192,19498,1,0,0:0:0:0:
402,192,19562,128,0,19753:0:0:0:0:
109,192,19562,1,0,0:0:0:0:
475,192,19626,128,0,19817:0:0:0:0:
182,192,19626,1,0,0:0:0:0:
256,192,19690,1,0,0:0:0:0:
329,192,19753,1,0,0:0:0:0:
36,192,19753,1,0,0:0:0:0:
109,192,19753,1,0,0:0:0:0:
402,192,19817,1,0,0:0:0:0:
475,192,19881,1,0,0:0:0:0:
182,192,19881,1,0,0:0:0:0:
256,192,19881,1,0,0:0:0:0:
329,192,20009,1,0,0:0:0:0:
109,192,20009,1,0,0:0:0:0:
36,192,20009,1,0,0:0:0:0:
475,192,20009,1,0,0:0:0:0:
182,192,20136,1,0,0:0:0:0:
329,192,20136,1,0,0:0:0:0:
475,192,20264,1,0,0:0:0:0:
402,192,20264,1,0,0:0:0:0:
256,192,20264,1,0,0:0:0:0:
36,192,20264,1,0,0:0:0:0:
109,192,20264,1,0,0:0:0:0:
329,192,20392,1,0,0:0:0:0:
182,192,20392,1,0,0:0:0:0:
256,192,20519,1,0,0:0:0:0:
475,192,20519,1,0,0:0:0:0:
36,192,20519,1,0,0:0:0:0:
182,192,20583,1,0,0:0:0:0:
402,192,20583,1,0,0:0:0:0:
109,192,20647,1,0,0:0:0:0:
329,192,20647,1,0,0:0:0:0:
36,192,20711,1,0,0:0:0:0:
256,192,20711,1,0,0:0:0:0:
329,192,20775,1,0,0:0:0:0:
475,192,20775,1,0,0:0:0:0:
256,192,20839,1,0,0:0:0:0:
402,192,20839,1,0,0:0:0:0:
182,192,20902,1,0,0:0:0:0:
329,192,20902,1,0,0:0:0:0:
109,192,20966,1,0,0:0:0:0:
256,192,20966,1,0,0:0:0:0:
182,192,21030,1,0,0:0:0:0:
36,192,21030,1,0,0:0:0:0:
475,192,21030,1,0,0:0:0:0:
402,192,21030,1,0,0:0:0:0:
256,192,21094,1,0,0:0:0:0:
329,192,21158,1,0,0:0:0:0:
109,192,21158,1,0,0:0:0:0:
256,192,21222,1,0,0:0:0:0:
475,192,21285,1,0,0:0:0:0:
402,192,21285,1,0,0:0:0:0:
36,192,21285,1,0,0:0:0:0:
182,192,21285,1,0,0:0:0:0:
109,192,21349,1,0,0:0:0:0:
402,192,21413,1,0,0:0:0:0:
182,192,21413,1,0,0:0:0:0:
256,192,21477,1,0,0:0:0:0:
36,192,21541,1,0,0:0:0:0:
329,192,21541,1,0,0:0:0:0:
475,192,21541,1,0,0:0:0:0:
109,192,21541,1,0,0:0:0:0:
256,192,21604,1,0,0:0:0:0:
182,192,21668,1,0,0:0:0:0:
402,192,21668,1,0,0:0:0:0:
256,192,21732,1,0,0:0:0:0:
329,192,21796,1,0,0:0:0:0:
109,192,21796,1,0,0:0:0:0:
36,192,21796,1,0,0:0:0:0:
475,192,21796,1,0,0:0:0:0:
402,192,21860,1,0,0:0:0:0:
109,192,21924,1,0,0:0:0:0:
329,192,21924,1,0,0:0:0:0:
256,192,21987,1,0,0:0:0:0:
402,192,22051,1,0,0:0:0:0:
36,192,22051,128,0,22243:0:0:0:0:
182,192,22051,1,0,0:0:0:0:
475,192,22051,1,0,0:0:0:0:
109,192,22115,128,0,22307:0:0:0:0:
256,192,22115,1,0,0:0:0:0:
182,192,22179,128,0,22370:0:0:0:0:
329,192,22179,1,0,0:0:0:0:
256,192,22243,128,0,22434:0:0:0:0:
402,192,22243,1,0,0:0:0:0:
329,192,22307,128,0,22498:0:0:0:0:
475,192,22307,1,0,0:0:0:0:
36,192,22307,1,0,0:0:0:0:
109,192,22370,1,0,0:0:0:0:
182,192,22434,1,0,0:0:0:0:
256,192,22498,1,0,0:0:0:0:
475,192,22562,128,0,22753:0:0:0:0:
109,192,22562,1,0,0:0:0:0:
329,192,22562,1,0,0:0:0:0:
36,192,22562,1,0,0:0:0:0:
402,192,22626,128,0,22817:0:0:0:0:
256,192,22626,1,0,0:0:0:0:
329,192,22690,128,0,22881:0:0:0:0:
182,192,22690,1,0,0:0:0:0:
109,192,22753,1,0,0:0:0:0:
256,192,22753,128,0,22945:0:0:0:0:
475,192,22817,1,0,0:0:0:0:
182,192,22817,128,0,23009:0:0:0:0:
36,192,22817,1,0,0:0:0:0:
402,192,22881,1,0,0:0:0:0:
329,192,22945,1,0,0:0:0:0:
256,192,23009,1,0,0:0:0:0:
182,192,23073,1,0,0:0:0:0:
402,192,23073,1,0,0:0:0:0:
36,192,23073,128,0,24030:0:0:0:0:
475,192,23073,128,0,24030:0:0:0:0:
256,192,23136,1,0,0:0:0:0:
329,192,23200,1,0,0:0:0:0:
182,192,23264,1,0,0:0:0:0:
256,192,23328,1,0,0:0:0:0:
329,192,23392,1,0,0:0:0:0:
182,192,23456,1,0,0:0:0:0:
256,192,23519,1,0,0:0:0:0:
109,192,23583,128,0,24030:0:0:0:0:
402,192,23583,128,0,24030:0:0:0:0:
329,192,23583,1,0,0:0:0:0:
182,192,23647,1,0,0:0:0:0:
256,192,23711,1,0,0:0:0:0:
329,192,23775,1,0,0:0:0:0:
182,192,23839,1,0,0:0:0:0:
256,192,23902,1,0,0:0:0:0:
329,192,23966,1,0,0:0:0:0:
182,192,24030,1,0,0:0:0:0:
36,192,24094,128,0,24541:0:0:0:0:
256,192,24094,128,0,24285:0:0:0:0:
475,192,24094,1,0,0:0:0:0:
329,192,24094,1,0,0:0:0:0:
329,192,24222,128,0,24349:0:0:0:0:
475,192,24222,128,0,24349:0:0:0:0:
182,192,24349,128,0,24541:0:0:0:0:
256,192,24349,1,0,0:0:0:0:
402,192,24349,1,0,0:0:0:0:
256,192,24477,128,0,24604:0:0:0:0:
402,192,24477,128,0,24604:0:0:0:0:
109,192,24604,128,0,24796:0:0:0:0:
182,192,24604,1,0,0:0:0:0:
329,192,24604,1,0,0:0:0:0:
475,192,24604,128,0,25051:0:0:0:0:
36,192,24604,1,0,0:0:0:0:
182,192,24732,128,0,24860:0:0:0:0:
329,192,24732,128,0,24860:0:0:0:0:
109,192,24860,1,0,0:0:0:0:
36,192,24860,128,0,25051:0:0:0:0:
256,192,24860,1,0,0:0:0:0:
109,192,24987,128,0,25115:0:0:0:0:
256,192,24987,128,0,25115:0:0:0:0:
36,192,25115,1,0,0:0:0:0:
475,192,25115,1,0,0:0:0:0:
182,192,25115,1,0,0:0:0:0:
329,192,25115,1,0,0:0:0:0:
36,192,25370,5,0,0:0:0:0:
109,192,25370,1,0,0:0:0:0:
402,192,25370,1,0,0:0:0:0:
475,192,25370,1,0,0:0:0:0:
182,192,25434,1,0,0:0:0:0:
256,192,25434,1,0,0:0:0:0:
329,192,25434,1,0,0:0:0:0:
36,192,25498,1,0,0:0:0:0:
109,192,25498,1,0,0:0:0:0:
402,192,25498,1,0,0:0:0:0:
475,192,25498,1,0,0:0:0:0:
182,192,25562,1,0,0:0:0:0:
256,192,25562,1,0,0:0:0:0:
329,192,25562,1,0,0:0:0:0:
36,192,25626,1,0,0:0:0:0:
109,192,25626,1,0,0:0:0:0:
402,192,25626,1,0,0:0:0:0:
475,192,25626,1,0,0:0:0:0:
256,192,25881,1,0,0:0:0:0:
182,192,25881,1,0,0:0:0:0:
329,192,25881,1,0,0:0:0:0:
475,192,25945,1,0,0:0:0:0:
109,192,25945,1,0,0:0:0:0:
36,192,25945,1,0,0:0:0:0:
402,192,25945,1,0,0:0:0:0:
329,192,26009,1,0,0:0:0:0:
256,192,26009,1,0,0:0:0:0:
182,192,26009,1,0,0:0:0:0:
109,192,26073,1,0,0:0:0:0:
402,192,26073,1,0,0:0:0:0:
475,192,26073,1,0,0:0:0:0:
36,192,26073,1,0,0:0:0:0:
182,192,26136,5,0,0:0:0:0:
329,192,26136,1,0,0:0:0:0:
256,192,26136,1,0,0:0:0:0:
36,192,26392,1,0,0:0:0:0:
109,192,26392,1,0,0:0:0:0:
182,192,26392,1,0,0:0:0:0:
402,192,26392,1,0,0:0:0:0:
475,192,26392,1,0,0:0:0:0:
256,192,26456,1,0,0:0:0:0:
329,192,26456,1,0,0:0:0:0:
36,192,26519,1,0,0:0:0:0:
109,192,26519,1,0,0:0:0:0:
182,192,26519,1,0,0:0:0:0:
402,192,26519,1,0,0:0:0:0:
475,192,26519,1,0,0:0:0:0:
256,192,26583,1,0,0:0:0:0:
329,192,26583,1,0,0:0:0:0:
36,192,26647,1,0,0:0:0:0:
109,192,26647,1,0,0:0:0:0:
182,192,26647,1,0,0:0:0:0:
402,192,26647,1,0,0:0:0:0:
475,192,26647,1,0,0:0:0:0:
329,192,26711,1,0,0:0:0:0:
475,192,26775,1,0,0:0:0:0:
329,192,26839,1,0,0:0:0:0:
256,192,26902,1,0,0:0:0:0:
182,192,26902,1,0,0:0:0:0:
109,192,26902,1,0,0:0:0:0:
36,192,26902,1,0,0:0:0:0:
475,192,26902,1,0,0:0:0:0:
402,192,26966,1,0,0:0:0:0:
329,192,26966,1,0,0:0:0:0:
256,192,27030,1,0,0:0:0:0:
182,192,27030,1,0,0:0:0:0:
109,192,27030,1,0,0:0:0:0:
36,192,27030,1,0,0:0:0:0:
475,192,27030,1,0,0:0:0:0:
402,192,27094,1,0,0:0:0:0:
329,192,27094,1,0,0:0:0:0:
256,192,27158,1,0,0:0:0:0:
182,192,27158,1,0,0:0:0:0:
109,192,27158,1,0,0:0:0:0:
36,192,27158,1,0,0:0:0:0:
475,192,27158,1,0,0:0:0:0:
36,192,27413,1,0,0:0:0:0:
109,192,27413,1,0,0:0:0:0:
256,192,27413,1,0,0:0:0:0:
402,192,27413,1,0,0:0:0:0:
475,192,27413,1,0,0:0:0:0:
182,192,27477,1,0,0:0:0:0:
329,192,27477,1,0,0:0:0:0:
256,192,27541,1,0,0:0:0:0:
36,192,27541,1,0,0:0:0:0:
109,192,27541,1,0,0:0:0:0:
402,192,27541,1,0,0:0:0:0:
475,192,27541,1,0,0:0:0:0:
182,192,27604,1,0,0:0:0:0:
329,192,27604,1,0,0:0:0:0:
36,192,27668,1,0,0:0:0:0:
109,192,27668,1,0,0:0:0:0:
256,192,27668,1,0,0:0:0:0:
402,192,27668,1,0,0:0:0:0:
475,192,27668,1,0,0:0:0:0:
36,192,27924,1,0,0:0:0:0:
109,192,27924,1,0,0:0:0:0:
329,192,27924,1,0,0:0:0:0:
475,192,27924,1,0,0:0:0:0:
182,192,27987,1,0,0:0:0:0:
256,192,27987,1,0,0:0:0:0:
402,192,27987,1,0,0:0:0:0:
36,192,28051,1,0,0:0:0:0:
109,192,28051,1,0,0:0:0:0:
329,192,28051,1,0,0:0:0:0:
475,192,28051,1,0,0:0:0:0:
182,192,28115,1,0,0:0:0:0:
256,192,28115,1,0,0:0:0:0:
402,192,28115,1,0,0:0:0:0:
36,192,28179,1,0,0:0:0:0:
109,192,28179,1,0,0:0:0:0:
475,192,28179,1,0,0:0:0:0:
329,192,28179,128,0,28370:0:0:0:0:
475,192,28243,128,0,28434:0:0:0:0:
329,192,28434,128,0,28626:0:0:0:0:
36,192,28434,1,0,0:0:0:0:
256,192,28434,1,0,0:0:0:0:
475,192,28498,128,0,28690:0:0:0:0:
182,192,28498,1,0,0:0:0:0:
36,192,28562,1,0,0:0:0:0:
182,192,28626,1,0,0:0:0:0:
329,192,28690,128,0,28881:0:0:0:0:
109,192,28690,1,0,0:0:0:0:
36,192,28690,1,0,0:0:0:0:
256,192,28690,1,0,0:0:0:0:
475,192,28753,128,0,28945:0:0:0:0:
182,192,28817,1,0,0:0:0:0:
36,192,28945,1,0,0:0:0:0:
109,192,28945,1,0,0:0:0:0:
329,192,28945,128,0,29136:0:0:0:0:
475,192,29009,128,0,29200:0:0:0:0:
109,192,29073,1,0,0:0:0:0:
36,192,29073,1,0,0:0:0:0:
36,192,29200,1,0,0:0:0:0:
109,192,29200,1,0,0:0:0:0:
329,192,29200,1,0,0:0:0:0:
256,192,29200,1,0,0:0:0:0:
402,192,29200,1,0,0:0:0:0:
36,192,29456,5,0,0:0:0:0:
109,192,29456,1,0,0:0:0:0:
182,192,29456,1,0,0:0:0:0:
256,192,29456,1,0,0:0:0:0:
475,192,29519,1,0,0:0:0:0:
402,192,29519,1,0,0:0:0:0:
329,192,29519,1,0,0:0:0:0:
182,192,29583,1,0,0:0:0:0:
36,192,29583,1,0,0:0:0:0:
109,192,29583,1,0,0:0:0:0:
256,192,29583,1,0,0:0:0:0:
475,192,29647,1,0,0:0:0:0:
402,192,29647,1,0,0:0:0:0:
329,192,29647,1,0,0:0:0:0:
36,192,29711,1,0,0:0:0:0:
109,192,29711,1,0,0:0:0:0:
182,192,29711,1,0,0:0:0:0:
256,192,29711,1,0,0:0:0:0:
475,192,29966,5,0,0:0:0:0:
256,192,29966,1,0,0:0:0:0:
402,192,29966,1,0,0:0:0:0:
329,192,29966,1,0,0:0:0:0:
109,192,30030,1,0,0:0:0:0:
36,192,30030,1,0,0:0:0:0:
182,192,30030,1,0,0:0:0:0:
256,192,30094,1,0,0:0:0:0:
475,192,30094,1,0,0:0:0:0:
329,192,30094,1,0,0:0:0:0:
402,192,30094,1,0,0:0:0:0:
182,192,30158,1,0,0:0:0:0:
109,192,30158,1,0,0:0:0:0:
36,192,30158,1,0,0:0:0:0:
402,192,30222,1,0,0:0:0:0:
329,192,30222,1,0,0:0:0:0:
256,192,30222,1,0,0:0:0:0:
475,192,30222,1,0,0:0:0:0:
475,192,30477,1,0,0:0:0:0:
402,192,30477,1,0,0:0:0:0:
109,192,30477,1,0,0:0:0:0:
36,192,30477,1,0,0:0:0:0:
329,192,30541,1,0,0:0:0:0:
256,192,30541,1,0,0:0:0:0:
182,192,30541,1,0,0:0:0:0:
475,192,30604,1,0,0:0:0:0:
402,192,30604,1,0,0:0:0:0:
109,192,30604,1,0,0:0:0:0:
36,192,30604,1,0,0:0:0:0:
329,192,30668,1,0,0:0:0:0:
256,192,30668,1,0,0:0:0:0:
182,192,30668,1,0,0:0:0:0:
475,192,30732,1,0,0:0:0:0:
402,192,30732,1,0,0:0:0:0:
109,192,30732,1,0,0:0:0:0:
36,192,30732,1,0,0:0:0:0:
182,192,30796,1,0,0:0:0:0:
36,192,30860,1,0,0:0:0:0:
182,192,30924,1,0,0:0:0:0:
329,192,30987,1,0,0:0:0:0:
402,192,30987,1,0,0:0:0:0:
36,192,30987,1,0,0:0:0:0:
109,192,30987,1,0,0:0:0:0:
475,192,31051,1,0,0:0:0:0:
256,192,31051,1,0,0:0:0:0:
182,192,31051,1,0,0:0:0:0:
329,192,31115,1,0,0:0:0:0:
402,192,31115,1,0,0:0:0:0:
36,192,31115,1,0,0:0:0:0:
109,192,31115,1,0,0:0:0:0:
475,192,31179,1,0,0:0:0:0:
256,192,31179,1,0,0:0:0:0:
182,192,31179,1,0,0:0:0:0:
329,192,31243,1,0,0:0:0:0:
402,192,31243,1,0,0:0:0:0:
36,192,31243,1,0,0:0:0:0:
109,192,31243,1,0,0:0:0:0:
475,192,31498,1,0,0:0:0:0:
402,192,31498,1,0,0:0:0:0:
256,192,31498,1,0,0:0:0:0:
109,192,31498,1,0,0:0:0:0:
36,192,31498,1,0,0:0:0:0:
329,192,31562,1,0,0:0:0:0:
182,192,31562,1,0,0:0:0:0:
256,192,31626,1,0,0:0:0:0:
475,192,31626,1,0,0:0:0:0:
402,192,31626,1,0,0:0:0:0:
109,192,31626,1,0,0:0:0:0:
36,192,31626,1,0,0:0:0:0:
329,192,31690,1,0,0:0:0:0:
182,192,31690,1,0,0:0:0:0:
475,192,31753,1,0,0:0:0:0:
402,192,31753,1,0,0:0:0:0:
256,192,31753,1,0,0:0:0:0:
109,192,31753,1,0,0:0:0:0:
36,192,31753,1,0,0:0:0:0:
475,192,32009,1,0,0:0:0:0:
256,192,32009,1,0,0:0:0:0:
182,192,32009,1,0,0:0:0:0:
36,192,32009,1,0,0:0:0:0:
402,192,32073,1,0,0:0:0:0:
329,192,32073,1,0,0:0:0:0:
109,192,32073,1,0,0:0:0:0:
475,192,32136,1,0,0:0:0:0:
256,192,32136,1,0,0:0:0:0:
182,192,32136,1,0,0:0:0:0:
36,192,32136,1,0,0:0:0:0:
402,192,32200,1,0,0:0:0:0:
329,192,32200,1,0,0:0:0:0:
109,192,32200,1,0,0:0:0:0:
475,192,32264,1,0,0:0:0:0:
36,192,32264,1,0,0:0:0:0:
256,192,32264,128,0,32349:0:0:0:0:
182,192,32264,1,0,0:0:0:0:
329,192,32349,1,0,0:0:0:0:
402,192,32370,1,0,0:0:0:0:
475,192,32392,128,0,32775:0:0:0:0:
109,192,32434,1,0,0:0:0:0:
182,192,32434,128,0,32519:0:0:0:0:
256,192,32519,1,0,0:0:0:0:
402,192,32519,128,0,32775:0:0:0:0:
109,192,32604,128,0,32690:0:0:0:0:
36,192,32604,1,0,0:0:0:0:
182,192,32690,1,0,0:0:0:0:
329,192,32690,128,0,32775:0:0:0:0:
36,192,32775,1,0,0:0:0:0:
256,192,32775,1,0,0:0:0:0:
109,192,32860,1,0,0:0:0:0:
329,192,32860,1,0,0:0:0:0:
402,192,32945,1,0,0:0:0:0:
182,192,32945,1,0,0:0:0:0:
36,192,33030,128,0,33285:0:0:0:0:
475,192,33030,128,0,33222:0:0:0:0:
256,192,33030,128,0,33222:0:0:0:0:
329,192,33030,1,0,0:0:0:0:
182,192,33094,1,0,0:0:0:0:
329,192,33158,1,0,0:0:0:0:
182,192,33222,1,0,0:0:0:0:
256,192,33285,1,0,0:0:0:0:
402,192,33285,128,0,33477:0:0:0:0:
475,192,33285,128,0,33477:0:0:0:0:
329,192,33285,1,0,0:0:0:0:
36,192,33541,128,0,33732:0:0:0:0:
182,192,33541,128,0,33732:0:0:0:0:
475,192,33541,1,0,0:0:0:0:
402,192,33541,1,0,0:0:0:0:
256,192,33668,1,0,0:0:0:0:
329,192,33668,1,0,0:0:0:0:
109,192,33796,128,0,33987:0:0:0:0:
182,192,33796,128,0,33987:0:0:0:0:
402,192,33796,1,0,0:0:0:0:
475,192,33796,1,0,0:0:0:0:
329,192,33924,1,0,0:0:0:0:
256,192,33924,1,0,0:0:0:0:
109,192,34051,128,0,34243:0:0:0:0:
36,192,34051,128,0,34243:0:0:0:0:
402,192,34051,1,0,0:0:0:0:
475,192,34051,1,0,0:0:0:0:
329,192,34179,1,0,0:0:0:0:
256,192,34179,1,0,0:0:0:0:
36,192,34307,1,0,0:0:0:0:
182,192,34307,1,0,0:0:0:0:
475,192,34307,1,0,0:0:0:0:
402,192,34307,1,0,0:0:0:0:
109,192,34307,1,0,0:0:0:0:
256,192,34307,1,0,0:0:0:0:
329,192,34562,128,0,35073:0:0:0:0:
402,192,34562,1,0,0:0:0:0:
36,192,34817,1,0,0:0:0:0:
109,192,34902,1,0,0:0:0:0:
182,192,34987,1,0,0:0:0:0:
256,192,35073,1,0,0:0:0:0:
329,192,35158,1,0,0:0:0:0:
402,192,35243,1,0,0:0:0:0:
475,192,35328,1,0,0:0:0:0:
109,192,35328,128,0,35519:0:0:0:0:
256,192,35328,1,0,0:0:0:0:
182,192,35328,1,0,0:0:0:0:
36,192,35328,128,0,35519:0:0:0:0:
109,192,35583,1,0,0:0:0:0:
475,192,35583,128,0,35775:0:0:0:0:
36,192,35583,1,0,0:0:0:0:
329,192,35583,128,0,35775:0:0:0:0:
182,192,35711,1,0,0:0:0:0:
256,192,35711,1,0,0:0:0:0:
329,192,35839,128,0,36030:0:0:0:0:
402,192,35839,128,0,36030:0:0:0:0:
109,192,35839,1,0,0:0:0:0:
36,192,35839,1,0,0:0:0:0:
256,192,35966,1,0,0:0:0:0:
182,192,35966,1,0,0:0:0:0:
402,192,36094,128,0,36285:0:0:0:0:
36,192,36094,1,0,0:0:0:0:
475,192,36094,128,0,36285:0:0:0:0:
109,192,36094,1,0,0:0:0:0:
182,192,36222,1,0,0:0:0:0:
256,192,36222,1,0,0:0:0:0:
256,192,36349,1,0,0:0:0:0:
329,192,36349,1,0,0:0:0:0:
109,192,36349,1,0,0:0:0:0:
402,192,36349,1,0,0:0:0:0:
475,192,36349,1,0,0:0:0:0:
36,192,36349,1,0,0:0:0:0:
109,192,36604,128,0,37200:0:0:0:0:
182,192,36604,1,0,0:0:0:0:
475,192,36604,1,0,0:0:0:0:
402,192,36690,1,0,0:0:0:0:
329,192,36775,1,0,0:0:0:0:
256,192,36860,1,0,0:0:0:0:
182,192,36945,1,0,0:0:0:0:
329,192,37030,1,0,0:0:0:0:
256,192,37115,1,0,0:0:0:0:
182,192,37200,1,0,0:0:0:0:
109,192,37285,1,0,0:0:0:0:
36,192,37370,1,0,0:0:0:0:
256,192,37370,1,0,0:0:0:0:
402,192,37370,128,0,37562:0:0:0:0:
475,192,37370,128,0,37562:0:0:0:0:
329,192,37498,1,0,0:0:0:0:
109,192,37498,1,0,0:0:0:0:
402,192,37626,1,0,0:0:0:0:
475,192,37626,1,0,0:0:0:0:
182,192,37626,1,0,0:0:0:0:
36,192,37626,128,0,37817:0:0:0:0:
256,192,37753,1,0,0:0:0:0:
329,192,37753,1,0,0:0:0:0:
109,192,37753,1,0,0:0:0:0:
402,192,37881,1,0,0:0:0:0:
475,192,37881,1,0,0:0:0:0:
36,192,37881,1,0,0:0:0:0:
182,192,37881,128,0,38073:0:0:0:0:
256,192,38009,1,0,0:0:0:0:
329,192,38009,1,0,0:0:0:0:
109,192,38009,1,0,0:0:0:0:
402,192,38136,1,0,0:0:0:0:
475,192,38136,1,0,0:0:0:0:
182,192,38136,1,0,0:0:0:0:
36,192,38136,128,0,38328:0:0:0:0:
256,192,38264,1,0,0:0:0:0:
329,192,38264,1,0,0:0:0:0:
109,192,38264,1,0,0:0:0:0:
36,192,38392,1,0,0:0:0:0:
402,192,38392,128,0,38839:0:0:0:0:
329,192,38392,128,0,38839:0:0:0:0:
182,192,38392,1,0,0:0:0:0:
475,192,38392,1,0,0:0:0:0:
256,192,38519,1,0,0:0:0:0:
109,192,38519,1,0,0:0:0:0:
36,192,38647,1,0,0:0:0:0:
182,192,38647,1,0,0:0:0:0:
475,192,38647,1,0,0:0:0:0:
256,192,38775,1,0,0:0:0:0:
109,192,38775,1,0,0:0:0:0:
402,192,38902,128,0,39349:0:0:0:0:
329,192,38902,128,0,39349:0:0:0:0:
36,192,38902,1,0,0:0:0:0:
109,192,38902,1,0,0:0:0:0:
475,192,38902,1,0,0:0:0:0:
256,192,39030,1,0,0:0:0:0:
182,192,39030,1,0,0:0:0:0:
36,192,39158,1,0,0:0:0:0:
109,192,39158,1,0,0:0:0:0:
475,192,39158,1,0,0:0:0:0:
256,192,39285,1,0,0:0:0:0:
182,192,39285,1,0,0:0:0:0:
109,192,39413,128,0,39860:0:0:0:0:
182,192,39413,128,0,39860:0:0:0:0:
36,192,39413,1,0,0:0:0:0:
329,192,39413,1,0,0:0:0:0:
475,192,39413,1,0,0:0:0:0:
256,192,39541,1,0,0:0:0:0:
402,192,39541,1,0,0:0:0:0:
475,192,39668,1,0,0:0:0:0:
36,192,39668,1,0,0:0:0:0:
329,192,39668,1,0,0:0:0:0:
402,192,39796,1,0,0:0:0:0:
256,192,39796,1,0,0:0:0:0:
475,192,39924,1,0,0:0:0:0:
402,192,39924,1,0,0:0:0:0:
109,192,39924,128,0,40370:0:0:0:0:
182,192,39924,1,0,0:0:0:0:
36,192,39924,128,0,40370:0:0:0:0:
329,192,40051,1,0,0:0:0:0:
256,192,40051,1,0,0:0:0:0:
402,192,40179,1,0,0:0:0:0:
182,192,40179,1,0,0:0:0:0:
475,192,40179,1,0,0:0:0:0:
256,192,40307,1,0,0:0:0:0:
329,192,40307,1,0,0:0:0:0:
36,192,40434,1,0,0:0:0:0:
109,192,40434,1,0,0:0:0:0:
402,192,40434,1,0,0:0:0:0:
475,192,40434,1,0,0:0:0:0:
329,192,40562,1,0,0:0:0:0:
182,192,40562,1,0,0:0:0:0:
256,192,40690,1,0,0:0:0:0:
402,192,40690,128,0,41328:0:0:0:0:
36,192,40690,1,0,0:0:0:0:
475,192,40690,1,0,0:0:0:0:
109,192,40690,128,0,41328:0:0:0:0:
182,192,40817,1,0,0:0:0:0:
329,192,40817,1,0,0:0:0:0:
36,192,40945,128,0,41073:0:0:0:0:
256,192,40945,128,0,41073:0:0:0:0:
475,192,40945,128,0,41073:0:0:0:0:
182,192,41073,1,0,0:0:0:0:
329,192,41073,1,0,0:0:0:0:
475,192,41200,128,0,41328:0:0:0:0:
256,192,41200,128,0,41328:0:0:0:0:
36,192,41200,128,0,41328:0:0:0:0:
182,192,41328,1,0,0:0:0:0:
329,192,41328,1,0,0:0:0:0:
402,192,41456,1,0,0:0:0:0:
36,192,41456,128,0,41647:0:0:0:0:
109,192,41456,128,0,41647:0:0:0:0:
256,192,41456,1,0,0:0:0:0:
475,192,41456,1,0,0:0:0:0:
182,192,41583,1,0,0:0:0:0:
475,192,41711,128,0,42158:0:0:0:0:
329,192,41711,128,0,41902:0:0:0:0:
36,192,41711,1,0,0:0:0:0:
109,192,41711,1,0,0:0:0:0:
256,192,41711,1,0,0:0:0:0:
402,192,41711,128,0,41902:0:0:0:0:
182,192,41839,1,0,0:0:0:0:
402,192,41966,128,0,42158:0:0:0:0:
329,192,41966,128,0,42413:0:0:0:0:
256,192,41966,1,0,0:0:0:0:
36,192,41966,1,0,0:0:0:0:
109,192,41966,1,0,0:0:0:0:
182,192,42094,1,0,0:0:0:0:
402,192,42222,128,0,42413:0:0:0:0:
475,192,42222,128,0,42413:0:0:0:0:
256,192,42222,1,0,0:0:0:0:
36,192,42222,1,0,0:0:0:0:
109,192,42222,1,0,0:0:0:0:
182,192,42349,1,0,0:0:0:0:
475,192,42477,1,0,0:0:0:0:
329,192,42477,1,0,0:0:0:0:
36,192,42477,1,0,0:0:0:0:
109,192,42477,1,0,0:0:0:0:
402,192,42477,1,0,0:0:0:0:
256,192,42477,1,0,0:0:0:0:
182,192,42732,128,0,43243:0:0:0:0:
36,192,42732,1,0,0:0:0:0:
475,192,42732,1,0,0:0:0:0:
329,192,42796,1,0,0:0:0:0:
475,192,42860,1,0,0:0:0:0:
329,192,42924,1,0,0:0:0:0:
402,192,42987,1,0,0:0:0:0:
36,192,42987,1,0,0:0:0:0:
256,192,43051,1,0,0:0:0:0:
402,192,43115,1,0,0:0:0:0:
256,192,43179,1,0,0:0:0:0:
329,192,43243,1,0,0:0:0:0:
36,192,43243,1,0,0:0:0:0:
182,192,43307,1,0,0:0:0:0:
329,192,43370,1,0,0:0:0:0:
182,192,43434,1,0,0:0:0:0:
109,192,43498,1,0,0:0:0:0:
475,192,43498,128,0,43690:0:0:0:0:
402,192,43498,128,0,43690:0:0:0:0:
256,192,43498,1,0,0:0:0:0:
36,192,43498,1,0,0:0:0:0:
329,192,43626,1,0,0:0:0:0:
36,192,43753,128,0,44200:0:0:0:0:
182,192,43753,128,0,43945:0:0:0:0:
475,192,43753,1,0,0:0:0:0:
402,192,43753,1,0,0:0:0:0:
256,192,43753,1,0,0:0:0:0:
109,192,43753,128,0,43945:0:0:0:0:
329,192,43881,1,0,0:0:0:0:
109,192,44009,128,0,44200:0:0:0:0:
182,192,44009,128,0,44456:0:0:0:0:
256,192,44009,1,0,0:0:0:0:
475,192,44009,1,0,0:0:0:0:
402,192,44009,1,0,0:0:0:0:
329,192,44136,1,0,0:0:0:0:
109,192,44264,128,0,44456:0:0:0:0:
36,192,44264,128,0,44456:0:0:0:0:
256,192,44264,1,0,0:0:0:0:
475,192,44264,1,0,0:0:0:0:
402,192,44264,1,0,0:0:0:0:
329,192,44392,1,0,0:0:0:0:
36,192,44519,1,0,0:0:0:0:
182,192,44519,1,0,0:0:0:0:
475,192,44519,1,0,0:0:0:0:
402,192,44519,1,0,0:0:0:0:
109,192,44519,1,0,0:0:0:0:
256,192,44519,1,0,0:0:0:0:
329,192,44775,1,0,0:0:0:0:
475,192,44775,128,0,45477:0:0:0:0:
36,192,44775,1,0,0:0:0:0:
109,192,44839,1,0,0:0:0:0:
182,192,44902,1,0,0:0:0:0:
256,192,44966,1,0,0:0:0:0:
109,192,45030,1,0,0:0:0:0:
402,192,45030,1,0,0:0:0:0:
182,192,45094,1,0,0:0:0:0:
256,192,45158,1,0,0:0:0:0:
329,192,45222,1,0,0:0:0:0:
182,192,45285,1,0,0:0:0:0:
36,192,45285,1,0,0:0:0:0:
256,192,45349,1,0,0:0:0:0:
329,192,45413,1,0,0:0:0:0:
402,192,45477,1,0,0:0:0:0:
475,192,45541,1,0,0:0:0:0:
256,192,45541,1,0,0:0:0:0:
109,192,45541,128,0,45732:0:0:0:0:
36,192,45541,128,0,45732:0:0:0:0:
182,192,45668,1,0,0:0:0:0:
402,192,45668,1,0,0:0:0:0:
109,192,45796,1,0,0:0:0:0:
36,192,45796,1,0,0:0:0:0:
329,192,45796,1,0,0:0:0:0:
475,192,45796,128,0,45987:0:0:0:0:
256,192,45924,1,0,0:0:0:0:
182,192,45924,1,0,0:0:0:0:
402,192,45924,1,0,0:0:0:0:
109,192,46051,1,0,0:0:0:0:
36,192,46051,1,0,0:0:0:0:
475,192,46051,1,0,0:0:0:0:
329,192,46051,128,0,46243:0:0:0:0:
256,192,46179,1,0,0:0:0:0:
182,192,46179,1,0,0:0:0:0:
402,192,46179,1,0,0:0:0:0:
109,192,46307,1,0,0:0:0:0:
36,192,46307,1,0,0:0:0:0:
329,192,46307,1,0,0:0:0:0:
475,192,46307,128,0,46498:0:0:0:0:
256,192,46434,1,0,0:0:0:0:
182,192,46434,1,0,0:0:0:0:
402,192,46434,1,0,0:0:0:0:
475,192,46562,1,0,0:0:0:0:
109,192,46562,128,0,47009:0:0:0:0:
36,192,46562,128,0,46753:0:0:0:0:
182,192,46562,1,0,0:0:0:0:
329,192,46562,1,0,0:0:0:0:
256,192,46690,1,0,0:0:0:0:
402,192,46690,1,0,0:0:0:0:
475,192,46817,1,0,0:0:0:0:
329,192,46817,1,0,0:0:0:0:
182,192,46817,128,0,47009:0:0:0:0:
36,192,46817,1,0,0:0:0:0:
256,192,46945,1,0,0:0:0:0:
402,192,46945,1,0,0:0:0:0:
402,192,47073,128,0,47519:0:0:0:0:
182,192,47073,1,0,0:0:0:0:
329,192,47073,128,0,47264:0:0:0:0:
475,192,47073,1,0,0:0:0:0:
36,192,47073,1,0,0:0:0:0:
256,192,47200,1,0,0:0:0:0:
109,192,47200,1,0,0:0:0:0:
36,192,47328,1,0,0:0:0:0:
329,192,47328,1,0,0:0:0:0:
475,192,47328,128,0,47519:0:0:0:0:
182,192,47328,1,0,0:0:0:0:
256,192,47456,1,0,0:0:0:0:
109,192,47456,1,0,0:0:0:0:
109,192,47583,128,0,48030:0:0:0:0:
182,192,47583,128,0,48030:0:0:0:0:
36,192,47583,1,0,0:0:0:0:
475,192,47583,1,0,0:0:0:0:
402,192,47583,1,0,0:0:0:0:
256,192,47711,1,0,0:0:0:0:
329,192,47711,1,0,0:0:0:0:
475,192,47839,1,0,0:0:0:0:
36,192,47839,1,0,0:0:0:0:
402,192,47839,1,0,0:0:0:0:
329,192,47966,1,0,0:0:0:0:
256,192,47966,1,0,0:0:0:0:
109,192,48094,1,0,0:0:0:0:
329,192,48094,128,0,48541:0:0:0:0:
402,192,48094,128,0,48541:0:0:0:0:
36,192,48094,1,0,0:0:0:0:
475,192,48094,1,0,0:0:0:0:
182,192,48222,1,0,0:0:0:0:
256,192,48222,1,0,0:0:0:0:
109,192,48349,1,0,0:0:0:0:
36,192,48349,1,0,0:0:0:0:
475,192,48349,1,0,0:0:0:0:
256,192,48477,1,0,0:0:0:0:
182,192,48477,1,0,0:0:0:0:
36,192,48604,128,0,49051:0:0:0:0:
475,192,48604,128,0,49051:0:0:0:0:
182,192,48604,128,0,48796:0:0:0:0:
329,192,48604,128,0,48796:0:0:0:0:
109,192,48604,1,0,0:0:0:0:
402,192,48604,1,0,0:0:0:0:
256,192,48732,1,0,0:0:0:0:
182,192,48860,128,0,49051:0:0:0:0:
329,192,48860,128,0,49051:0:0:0:0:
109,192,48860,1,0,0:0:0:0:
402,192,48860,1,0,0:0:0:0:
256,192,48987,1,0,0:0:0:0:
36,192,49115,1,0,0:0:0:0:
475,192,49115,1,0,0:0:0:0:
182,192,49115,1,0,0:0:0:0:
329,192,49115,1,0,0:0:0:0:
109,192,49243,1,0,0:0:0:0:
256,192,49243,1,0,0:0:0:0:
182,192,49307,1,0,0:0:0:0:
329,192,49307,1,0,0:0:0:0:
256,192,49370,1,0,0:0:0:0:
36,192,49370,1,0,0:0:0:0:
402,192,49370,1,0,0:0:0:0:
475,192,49370,1,0,0:0:0:0:
109,192,49456,1,0,0:0:0:0:
329,192,49456,1,0,0:0:0:0:
182,192,49541,1,0,0:0:0:0:
402,192,49541,1,0,0:0:0:0:
256,192,49626,1,0,0:0:0:0:
36,192,49626,1,0,0:0:0:0:
475,192,49626,1,0,0:0:0:0:
109,192,49626,1,0,0:0:0:0:
182,192,49753,1,0,0:0:0:0:
329,192,49753,1,0,0:0:0:0:
256,192,49881,1,0,0:0:0:0:
402,192,49881,1,0,0:0:0:0:
36,192,49881,1,0,0:0:0:0:
475,192,49881,128,0,49945:0:0:0:0:
182,192,50009,1,0,0:0:0:0:
329,192,50009,1,0,0:0:0:0:
475,192,50136,128,0,50200:0:0:0:0:
36,192,50136,1,0,0:0:0:0:
109,192,50136,1,0,0:0:0:0:
256,192,50136,1,0,0:0:0:0:
329,192,50264,128,0,50328:0:0:0:0:
182,192,50264,1,0,0:0:0:0:
182,192,50392,128,0,50456:0:0:0:0:
256,192,50392,1,0,0:0:0:0:
475,192,50392,1,0,0:0:0:0:
36,192,50392,1,0,0:0:0:0:
36,192,50519,128,0,50583:0:0:0:0:
402,192,50519,1,0,0:0:0:0:
109,192,50519,1,0,0:0:0:0:
475,192,50647,128,0,50711:0:0:0:0:
182,192,50647,128,0,50711:0:0:0:0:
256,192,50647,1,0,0:0:0:0:
329,192,50775,128,0,50839:0:0:0:0:
36,192,50775,128,0,50839:0:0:0:0:
475,192,50902,128,0,50966:0:0:0:0:
182,192,50902,128,0,50966:0:0:0:0:
256,192,50902,1,0,0:0:0:0:
329,192,51030,128,0,51094:0:0:0:0:
36,192,51030,128,0,51094:0:0:0:0:
475,192,51158,128,0,51604:0:0:0:0:
182,192,51158,128,0,51604:0:0:0:0:
256,192,51158,1,0,0:0:0:0:
256,192,51413,1,0,0:0:0:0:
36,192,51413,128,0,51668:0:0:0:0:
329,192,51413,128,0,51668:0:0:0:0:
182,192,51668,1,0,0:0:0:0:
475,192,51668,1,0,0:0:0:0:
109,192,51668,1,0,0:0:0:0:
402,192,51668,1,0,0:0:0:0:
256,192,51668,1,0,0:0:0:0:
256,192,51796,1,0,0:0:0:0:
329,192,51796,128,0,51860:0:0:0:0:
402,192,51796,128,0,51860:0:0:0:0:
256,192,51924,1,0,0:0:0:0:
109,192,51924,128,0,51987:0:0:0:0:
36,192,51924,128,0,51987:0:0:0:0:
256,192,52051,1,0,0:0:0:0:
402,192,52051,128,0,52115:0:0:0:0:
475,192,52051,128,0,52115:0:0:0:0:
256,192,52179,1,0,0:0:0:0:
182,192,52179,128,0,52243:0:0:0:0:
109,192,52179,128,0,52243:0:0:0:0:
256,192,52307,1,0,0:0:0:0:
402,192,52307,128,0,52370:0:0:0:0:
329,192,52307,128,0,52370:0:0:0:0:
256,192,52434,1,0,0:0:0:0:
36,192,52434,128,0,52498:0:0:0:0:
109,192,52434,128,0,52498:0:0:0:0:
256,192,52562,1,0,0:0:0:0:
475,192,52562,128,0,52626:0:0:0:0:
402,192,52562,128,0,52626:0:0:0:0:
256,192,52690,128,0,52881:0:0:0:0:
36,192,52690,128,0,52881:0:0:0:0:
475,192,52690,128,0,52881:0:0:0:0:
109,192,52817,1,0,0:0:0:0:
402,192,52817,1,0,0:0:0:0:
256,192,52945,1,0,0:0:0:0:
182,192,52945,1,0,0:0:0:0:
329,192,52945,1,0,0:0:0:0:
36,192,52945,128,0,53392:0:0:0:0:
475,192,52945,128,0,53392:0:0:0:0:
109,192,53073,1,0,0:0:0:0:
402,192,53073,1,0,0:0:0:0:
256,192,53200,128,0,53392:0:0:0:0:
182,192,53200,128,0,53392:0:0:0:0:
329,192,53200,128,0,53392:0:0:0:0:
109,192,53328,1,0,0:0:0:0:
402,192,53328,1,0,0:0:0:0:
256,192,53456,1,0,0:0:0:0:
36,192,53456,1,0,0:0:0:0:
182,192,53456,1,0,0:0:0:0:
329,192,53456,1,0,0:0:0:0:
475,192,53456,1,0,0:0:0:0:
109,192,53583,1,0,0:0:0:0:
402,192,53583,1,0,0:0:0:0:
256,192,53711,1,0,0:0:0:0:
475,192,53711,1,0,0:0:0:0:
36,192,53711,1,0,0:0:0:0:
402,192,53711,1,0,0:0:0:0:
329,192,53839,1,0,0:0:0:0:
182,192,53839,1,0,0:0:0:0:
256,192,53966,1,0,0:0:0:0:
109,192,53966,1,0,0:0:0:0:
475,192,53966,1,0,0:0:0:0:
36,192,53966,128,0,54030:0:0:0:0:
329,192,54094,1,0,0:0:0:0:
182,192,54094,1,0,0:0:0:0:
36,192,54222,128,0,54285:0:0:0:0:
475,192,54222,1,0,0:0:0:0:
402,192,54222,1,0,0:0:0:0:
256,192,54222,1,0,0:0:0:0:
182,192,54349,128,0,54413:0:0:0:0:
329,192,54349,1,0,0:0:0:0:
329,192,54477,128,0,54541:0:0:0:0:
256,192,54477,1,0,0:0:0:0:
36,192,54477,1,0,0:0:0:0:
475,192,54477,1,0,0:0:0:0:
475,192,54604,128,0,54668:0:0:0:0:
109,192,54604,1,0,0:0:0:0:
402,192,54604,1,0,0:0:0:0:
36,192,54732,128,0,54796:0:0:0:0:
329,192,54732,128,0,54796:0:0:0:0:
256,192,54732,1,0,0:0:0:0:
109,192,54860,128,0,54924:0:0:0:0:
402,192,54860,128,0,54924:0:0:0:0:
182,192,54987,128,0,55051:0:0:0:0:
475,192,54987,128,0,55051:0:0:0:0:
256,192,54987,1,0,0:0:0:0:
109,192,55115,128,0,55179:0:0:0:0:
402,192,55115,128,0,55179:0:0:0:0:
36,192,55243,128,0,55690:0:0:0:0:
329,192,55243,128,0,55690:0:0:0:0:
256,192,55243,1,0,0:0:0:0:
256,192,55498,1,0,0:0:0:0:
475,192,55498,128,0,55753:0:0:0:0:
182,192,55498,128,0,55753:0:0:0:0:
329,192,55753,1,0,0:0:0:0:
36,192,55753,1,0,0:0:0:0:
256,192,55753,128,0,55945:0:0:0:0:
109,192,55817,1,0,0:0:0:0:
402,192,55817,1,0,0:0:0:0:
182,192,55881,1,0,0:0:0:0:
475,192,55881,1,0,0:0:0:0:
36,192,55945,1,0,0:0:0:0:
329,192,55945,1,0,0:0:0:0:
182,192,56009,1,0,0:0:0:0:
475,192,56009,1,0,0:0:0:0:
256,192,56009,128,0,56200:0:0:0:0:
109,192,56136,128,0,56200:0:0:0:0:
402,192,56136,128,0,56200:0:0:0:0:
475,192,56264,1,0,0:0:0:0:
182,192,56264,1,0,0:0:0:0:
256,192,56264,128,0,56456:0:0:0:0:
402,192,56328,1,0,0:0:0:0:
109,192,56328,1,0,0:0:0:0:
36,192,56392,1,0,0:0:0:0:
329,192,56392,1,0,0:0:0:0:
182,192,56456,1,0,0:0:0:0:
475,192,56456,1,0,0:0:0:0:
36,192,56519,1,0,0:0:0:0:
329,192,56519,1,0,0:0:0:0:
256,192,56519,128,0,56711:0:0:0:0:
109,192,56647,128,0,56711:0:0:0:0:
402,192,56647,128,0,56711:0:0:0:0:
475,192,56775,128,0,56966:0:0:0:0:
36,192,56775,128,0,56966:0:0:0:0:
182,192,56775,128,0,56966:0:0:0:0:
329,192,56775,128,0,56966:0:0:0:0:
256,192,56775,1,0,0:0:0:0:
402,192,56902,1,0,0:0:0:0:
109,192,56902,1,0,0:0:0:0:
475,192,57030,128,0,57477:0:0:0:0:
36,192,57030,128,0,57477:0:0:0:0:
182,192,57030,128,0,57094:0:0:0:0:
329,192,57030,128,0,57094:0:0:0:0:
256,192,57030,128,0,57222:0:0:0:0:
109,192,57158,128,0,57222:0:0:0:0:
402,192,57158,128,0,57222:0:0:0:0:
182,192,57285,128,0,57477:0:0:0:0:
256,192,57285,1,0,0:0:0:0:
329,192,57285,128,0,57477:0:0:0:0:
402,192,57413,1,0,0:0:0:0:
109,192,57413,1,0,0:0:0:0:
36,192,57541,128,0,57732:0:0:0:0:
475,192,57541,128,0,57732:0:0:0:0:
182,192,57541,128,0,57604:0:0:0:0:
329,192,57541,128,0,57604:0:0:0:0:
256,192,57541,128,0,57732:0:0:0:0:
109,192,57668,128,0,57732:0:0:0:0:
402,192,57668,128,0,57732:0:0:0:0:
256,192,57796,1,0,0:0:0:0:
36,192,57796,1,0,0:0:0:0:
475,192,57796,1,0,0:0:0:0:
109,192,57796,1,0,0:0:0:0:
402,192,57796,1,0,0:0:0:0:
182,192,57924,1,0,0:0:0:0:
329,192,57924,1,0,0:0:0:0:
256,192,58051,1,0,0:0:0:0:
475,192,58051,1,0,0:0:0:0:
36,192,58051,1,0,0:0:0:0:
402,192,58051,128,0,58115:0:0:0:0:
182,192,58179,1,0,0:0:0:0:
329,192,58179,1,0,0:0:0:0:
402,192,58307,128,0,58370:0:0:0:0:
36,192,58307,1,0,0:0:0:0:
475,192,58307,1,0,0:0:0:0:
256,192,58307,1,0,0:0:0:0:
256,192,58434,128,0,58498:0:0:0:0:
182,192,58434,1,0,0:0:0:0:
109,192,58562,128,0,58626:0:0:0:0:
256,192,58562,1,0,0:0:0:0:
475,192,58562,1,0,0:0:0:0:
36,192,58562,1,0,0:0:0:0:
329,192,58690,128,0,58753:0:0:0:0:
182,192,58690,1,0,0:0:0:0:
475,192,58817,128,0,58881:0:0:0:0:
36,192,58817,128,0,58881:0:0:0:0:
256,192,58817,1,0,0:0:0:0:
329,192,58945,128,0,59009:0:0:0:0:
182,192,58945,128,0,59009:0:0:0:0:
475,192,59073,128,0,59136:0:0:0:0:
36,192,59073,128,0,59136:0:0:0:0:
256,192,59073,1,0,0:0:0:0:
329,192,59200,128,0,59264:0:0:0:0:
182,192,59200,128,0,59264:0:0:0:0:
475,192,59328,128,0,59775:0:0:0:0:
36,192,59328,128,0,59775:0:0:0:0:
256,192,59328,1,0,0:0:0:0:
256,192,59583,1,0,0:0:0:0:
329,192,59583,128,0,59839:0:0:0:0:
182,192,59583,128,0,59839:0:0:0:0:
475,192,59839,1,0,0:0:0:0:
256,192,59839,1,0,0:0:0:0:
36,192,59839,1,0,0:0:0:0:
402,192,59902,1,0,0:0:0:0:
329,192,59966,1,0,0:0:0:0:
109,192,59966,1,0,0:0:0:0:
256,192,60030,1,0,0:0:0:0:
182,192,60094,1,0,0:0:0:0:
36,192,60094,1,0,0:0:0:0:
475,192,60094,1,0,0:0:0:0:
402,192,60158,1,0,0:0:0:0:
329,192,60222,1,0,0:0:0:0:
109,192,60222,1,0,0:0:0:0:
256,192,60285,1,0,0:0:0:0:
182,192,60349,1,0,0:0:0:0:
36,192,60349,1,0,0:0:0:0:
475,192,60349,1,0,0:0:0:0:
402,192,60413,1,0,0:0:0:0:
109,192,60477,1,0,0:0:0:0:
329,192,60477,1,0,0:0:0:0:
256,192,60541,1,0,0:0:0:0:
182,192,60604,1,0,0:0:0:0:
36,192,60604,1,0,0:0:0:0:
475,192,60604,1,0,0:0:0:0:
402,192,60668,1,0,0:0:0:0:
109,192,60732,1,0,0:0:0:0:
329,192,60732,1,0,0:0:0:0:
256,192,60796,1,0,0:0:0:0:
182,192,60860,1,0,0:0:0:0:
36,192,60860,1,0,0:0:0:0:
402,192,60860,1,0,0:0:0:0:
475,192,60860,1,0,0:0:0:0:
256,192,60924,1,0,0:0:0:0:
329,192,60987,1,0,0:0:0:0:
182,192,61051,1,0,0:0:0:0:
475,192,61115,1,0,0:0:0:0:
329,192,61115,1,0,0:0:0:0:
36,192,61115,1,0,0:0:0:0:
256,192,61179,1,0,0:0:0:0:
182,192,61243,1,0,0:0:0:0:
109,192,61243,1,0,0:0:0:0:
329,192,61307,1,0,0:0:0:0:
402,192,61307,1,0,0:0:0:0:
475,192,61370,128,0,61434:0:0:0:0:
256,192,61370,128,0,61817:0:0:0:0:
36,192,61370,128,0,61434:0:0:0:0:
329,192,61498,128,0,61562:0:0:0:0:
182,192,61498,128,0,61562:0:0:0:0:
36,192,61626,128,0,61817:0:0:0:0:
475,192,61626,128,0,61817:0:0:0:0:
109,192,61626,128,0,61817:0:0:0:0:
402,192,61626,128,0,61817:0:0:0:0:
256,192,61881,1,0,0:0:0:0:
475,192,61881,1,0,0:0:0:0:
36,192,61881,1,0,0:0:0:0:
402,192,61881,1,0,0:0:0:0:
109,192,61881,1,0,0:0:0:0:
329,192,62009,1,0,0:0:0:0:
182,192,62009,1,0,0:0:0:0:
256,192,62136,1,0,0:0:0:0:
36,192,62136,1,0,0:0:0:0:
475,192,62136,1,0,0:0:0:0:
109,192,62136,128,0,62200:0:0:0:0:
329,192,62264,1,0,0:0:0:0:
182,192,62264,1,0,0:0:0:0:
109,192,62392,128,0,62456:0:0:0:0:
475,192,62392,1,0,0:0:0:0:
36,192,62392,1,0,0:0:0:0:
256,192,62392,1,0,0:0:0:0:
256,192,62519,128,0,62583:0:0:0:0:
329,192,62519,1,0,0:0:0:0:
402,192,62647,128,0,62711:0:0:0:0:
256,192,62647,1,0,0:0:0:0:
36,192,62647,1,0,0:0:0:0:
475,192,62647,1,0,0:0:0:0:
182,192,62775,128,0,62839:0:0:0:0:
329,192,62775,1,0,0:0:0:0:
36,192,62902,128,0,62966:0:0:0:0:
475,192,62902,128,0,62966:0:0:0:0:
256,192,62902,1,0,0:0:0:0:
182,192,63030,128,0,63094:0:0:0:0:
329,192,63030,128,0,63094:0:0:0:0:
36,192,63158,128,0,63222:0:0:0:0:
475,192,63158,128,0,63222:0:0:0:0:
256,192,63158,1,0,0:0:0:0:
182,192,63285,128,0,63349:0:0:0:0:
329,192,63285,128,0,63349:0:0:0:0:
36,192,63413,128,0,63839:0:0:0:0:
109,192,63413,128,0,63839:0:0:0:0:
329,192,63413,1,0,0:0:0:0:
402,192,63413,1,0,0:0:0:0:
475,192,63413,1,0,0:0:0:0:
182,192,63498,1,0,0:0:0:0:
256,192,63498,1,0,0:0:0:0:
329,192,63583,1,0,0:0:0:0:
402,192,63583,1,0,0:0:0:0:
475,192,63583,1,0,0:0:0:0:
182,192,63668,1,0,0:0:0:0:
256,192,63668,1,0,0:0:0:0:
329,192,63753,1,0,0:0:0:0:
402,192,63753,1,0,0:0:0:0:
475,192,63753,1,0,0:0:0:0:
182,192,63839,1,0,0:0:0:0:
256,192,63839,1,0,0:0:0:0:
36,192,63924,1,0,0:0:0:0:
475,192,63924,1,0,0:0:0:0:
329,192,63924,1,0,0:0:0:0:
109,192,63987,1,0,0:0:0:0:
182,192,64051,1,0,0:0:0:0:
402,192,64051,1,0,0:0:0:0:
256,192,64115,1,0,0:0:0:0:
329,192,64179,1,0,0:0:0:0:
475,192,64179,1,0,0:0:0:0:
36,192,64179,1,0,0:0:0:0:
109,192,64243,1,0,0:0:0:0:
182,192,64307,1,0,0:0:0:0:
402,192,64307,1,0,0:0:0:0:
256,192,64370,1,0,0:0:0:0:
329,192,64434,1,0,0:0:0:0:
475,192,64434,1,0,0:0:0:0:
36,192,64434,1,0,0:0:0:0:
109,192,64498,1,0,0:0:0:0:
402,192,64562,1,0,0:0:0:0:
182,192,64562,1,0,0:0:0:0:
256,192,64626,1,0,0:0:0:0:
329,192,64690,1,0,0:0:0:0:
475,192,64690,1,0,0:0:0:0:
36,192,64690,1,0,0:0:0:0:
109,192,64753,1,0,0:0:0:0:
402,192,64817,1,0,0:0:0:0:
182,192,64817,1,0,0:0:0:0:
256,192,64881,1,0,0:0:0:0:
329,192,64945,1,0,0:0:0:0:
475,192,64945,1,0,0:0:0:0:
36,192,64945,128,0,65009:0:0:0:0:
182,192,64945,128,0,65009:0:0:0:0:
329,192,65073,128,0,65136:0:0:0:0:
475,192,65073,128,0,65136:0:0:0:0:
36,192,65200,128,0,65264:0:0:0:0:
256,192,65200,128,0,65264:0:0:0:0:
182,192,65328,128,0,65392:0:0:0:0:
475,192,65328,128,0,65392:0:0:0:0:
36,192,65456,128,0,65519:0:0:0:0:
256,192,65456,128,0,65902:0:0:0:0:
329,192,65456,128,0,65519:0:0:0:0:
475,192,65583,128,0,65647:0:0:0:0:
182,192,65583,128,0,65647:0:0:0:0:
329,192,65711,128,0,65902:0:0:0:0:
36,192,65711,128,0,65902:0:0:0:0:
109,192,65711,128,0,65902:0:0:0:0:
402,192,65711,128,0,65902:0:0:0:0:
109,192,65966,1,0,0:0:0:0:
182,192,65966,1,0,0:0:0:0:
256,192,65966,1,0,0:0:0:0:
402,192,65966,1,0,0:0:0:0:
475,192,65966,1,0,0:0:0:0:
36,192,65966,1,0,0:0:0:0:
329,192,66222,1,0,0:0:0:0:
109,192,66222,1,0,0:0:0:0:
36,192,66222,1,0,0:0:0:0:
256,192,66477,1,0,0:0:0:0:
402,192,66477,1,0,0:0:0:0:
475,192,66477,1,0,0:0:0:0:
182,192,66732,1,0,0:0:0:0:
329,192,66732,1,0,0:0:0:0:
402,192,66732,1,0,0:0:0:0:
109,192,66987,1,0,0:0:0:0:
256,192,66987,1,0,0:0:0:0:
329,192,66987,1,0,0:0:0:0:
475,192,66987,1,0,0:0:0:0:
36,192,67243,1,0,0:0:0:0:
182,192,67243,1,0,0:0:0:0:
329,192,67243,1,0,0:0:0:0:
402,192,67243,1,0,0:0:0:0:
329,192,67482,1,0,0:0:0:0:
109,192,67498,1,0,0:0:0:0:
256,192,67498,1,0,0:0:0:0:
475,192,67498,1,0,0:0:0:0:
36,192,67753,1,0,0:0:0:0:
182,192,67753,1,0,0:0:0:0:
402,192,67753,1,0,0:0:0:0:
329,192,67753,1,0,0:0:0:0:
475,192,68009,1,0,0:0:0:0:
182,192,68009,1,0,0:0:0:0:
256,192,68009,1,0,0:0:0:0:
329,192,68009,1,0,0:0:0:0:
109,192,68009,1,0,0:0:0:0:
36,192,68264,1,0,0:0:0:0:
109,192,68264,1,0,0:0:0:0:
182,192,68264,1,0,0:0:0:0:
256,192,68264,1,0,0:0:0:0:
109,192,68519,1,0,0:0:0:0:
256,192,68519,1,0,0:0:0:0:
402,192,68519,1,0,0:0:0:0:
475,192,68519,1,0,0:0:0:0:
36,192,68519,1,0,0:0:0:0:
182,192,68775,1,0,0:0:0:0:
329,192,68775,1,0,0:0:0:0:
402,192,68775,1,0,0:0:0:0:
475,192,69030,128,0,69285:0:0:0:0:
256,192,69030,1,0,0:0:0:0:
36,192,69030,1,0,0:0:0:0:
109,192,69030,1,0,0:0:0:0:
182,192,69285,1,0,0:0:0:0:
329,192,69285,1,0,0:0:0:0:
402,192,69285,1,0,0:0:0:0:
256,192,69541,128,0,69796:0:0:0:0:
36,192,69541,1,0,0:0:0:0:
402,192,69541,1,0,0:0:0:0:
475,192,69541,1,0,0:0:0:0:
182,192,69796,1,0,0:0:0:0:
329,192,69796,1,0,0:0:0:0:
109,192,69796,1,0,0:0:0:0:
36,192,70051,128,0,70307:0:0:0:0:
256,192,70051,1,0,0:0:0:0:
402,192,70051,1,0,0:0:0:0:
475,192,70051,1,0,0:0:0:0:
182,192,70307,1,0,0:0:0:0:
329,192,70307,1,0,0:0:0:0:
36,192,70562,1,0,0:0:0:0:
109,192,70562,1,0,0:0:0:0:
256,192,70562,1,0,0:0:0:0:
109,192,70817,1,0,0:0:0:0:
182,192,70817,1,0,0:0:0:0:
329,192,70817,1,0,0:0:0:0:
256,192,71041,1,0,0:0:0:0:
182,192,71073,1,0,0:0:0:0:
402,192,71073,128,0,71328:0:0:0:0:
36,192,71073,1,0,0:0:0:0:
329,192,71328,1,0,0:0:0:0:
475,192,71328,1,0,0:0:0:0:
109,192,71328,1,0,0:0:0:0:
36,192,71583,1,0,0:0:0:0:
182,192,71583,1,0,0:0:0:0:
329,192,71583,128,0,71966:0:0:0:0:
36,192,71839,1,0,0:0:0:0:
256,192,71839,1,0,0:0:0:0:
182,192,71902,1,0,0:0:0:0:
475,192,71966,1,0,0:0:0:0:
402,192,71966,1,0,0:0:0:0:
36,192,71966,1,0,0:0:0:0:
182,192,72030,1,0,0:0:0:0:
256,192,72094,128,0,72349:0:0:0:0:
329,192,72094,1,0,0:0:0:0:
36,192,72094,1,0,0:0:0:0:
109,192,72094,1,0,0:0:0:0:
182,192,72349,1,0,0:0:0:0:
36,192,72349,1,0,0:0:0:0:
402,192,72349,1,0,0:0:0:0:
109,192,72604,128,0,72860:0:0:0:0:
329,192,72604,1,0,0:0:0:0:
256,192,72604,1,0,0:0:0:0:
475,192,72604,1,0,0:0:0:0:
256,192,72860,1,0,0:0:0:0:
402,192,72860,1,0,0:0:0:0:
36,192,72987,1,0,0:0:0:0:
182,192,72987,1,0,0:0:0:0:
256,192,73115,1,0,0:0:0:0:
329,192,73115,1,0,0:0:0:0:
402,192,73115,128,0,73307:0:0:0:0:
475,192,73115,128,0,73307:0:0:0:0:
182,192,73243,1,0,0:0:0:0:
36,192,73243,128,0,73434:0:0:0:0:
109,192,73243,128,0,73434:0:0:0:0:
329,192,73370,1,0,0:0:0:0:
402,192,73370,128,0,73562:0:0:0:0:
475,192,73370,128,0,73562:0:0:0:0:
182,192,73498,1,0,0:0:0:0:
256,192,73498,1,0,0:0:0:0:
36,192,73498,128,0,73690:0:0:0:0:
109,192,73498,128,0,73690:0:0:0:0:
329,192,73626,1,0,0:0:0:0:
402,192,73626,128,0,73817:0:0:0:0:
475,192,73626,128,0,73817:0:0:0:0:
182,192,73753,1,0,0:0:0:0:
36,192,73753,128,0,73945:0:0:0:0:
109,192,73753,128,0,73945:0:0:0:0:
256,192,73881,1,0,0:0:0:0:
329,192,73881,1,0,0:0:0:0:
402,192,73881,128,0,74073:0:0:0:0:
475,192,73881,128,0,74073:0:0:0:0:
36,192,74009,1,0,0:0:0:0:
109,192,74009,1,0,0:0:0:0:
182,192,74009,1,0,0:0:0:0:
256,192,74136,1,0,0:0:0:0:
329,192,74136,1,0,0:0:0:0:
402,192,74136,1,0,0:0:0:0:
475,192,74136,1,0,0:0:0:0:
402,192,74264,128,0,74328:0:0:0:0:
475,192,74264,128,0,74328:0:0:0:0:
109,192,74392,1,0,0:0:0:0:
182,192,74392,1,0,0:0:0:0:
256,192,74392,1,0,0:0:0:0:
329,192,74392,1,0,0:0:0:0:
109,192,74519,128,0,74583:0:0:0:0:
36,192,74519,128,0,74583:0:0:0:0:
182,192,74647,1,0,0:0:0:0:
256,192,74647,1,0,0:0:0:0:
329,192,74647,1,0,0:0:0:0:
402,192,74647,1,0,0:0:0:0:
329,192,74775,128,0,74839:0:0:0:0:
475,192,74775,128,0,74839:0:0:0:0:
36,192,74902,1,0,0:0:0:0:
109,192,74902,1,0,0:0:0:0:
182,192,74902,1,0,0:0:0:0:
256,192,74902,1,0,0:0:0:0:
109,192,75030,128,0,75094:0:0:0:0:
36,192,75030,128,0,75094:0:0:0:0:
256,192,75158,1,0,0:0:0:0:
329,192,75158,1,0,0:0:0:0:
402,192,75158,1,0,0:0:0:0:
475,192,75158,1,0,0:0:0:0:
475,192,75285,128,0,75349:0:0:0:0:
402,192,75285,128,0,75349:0:0:0:0:
109,192,75413,1,0,0:0:0:0:
182,192,75413,1,0,0:0:0:0:
256,192,75413,1,0,0:0:0:0:
329,192,75413,1,0,0:0:0:0:
182,192,75541,128,0,75604:0:0:0:0:
36,192,75541,128,0,75604:0:0:0:0:
329,192,75652,1,0,0:0:0:0:
256,192,75668,1,0,0:0:0:0:
402,192,75668,1,0,0:0:0:0:
475,192,75668,1,0,0:0:0:0:
329,192,75796,128,0,75860:0:0:0:0:
475,192,75796,128,0,75860:0:0:0:0:
36,192,75924,1,0,0:0:0:0:
109,192,75924,1,0,0:0:0:0:
182,192,75924,1,0,0:0:0:0:
256,192,75924,1,0,0:0:0:0:
329,192,76051,1,0,0:0:0:0:
402,192,76051,1,0,0:0:0:0:
475,192,76051,1,0,0:0:0:0:
182,192,76179,128,0,76243:0:0:0:0:
36,192,76179,128,0,76626:0:0:0:0:
329,192,76307,128,0,76370:0:0:0:0:
475,192,76307,128,0,76753:0:0:0:0:
256,192,76434,128,0,76498:0:0:0:0:
109,192,76434,128,0,77136:0:0:0:0:
402,192,76562,128,0,77136:0:0:0:0:
256,192,76562,128,0,76626:0:0:0:0:
36,192,76690,128,0,76753:0:0:0:0:
182,192,76690,128,0,76881:0:0:0:0:
475,192,76817,128,0,76881:0:0:0:0:
329,192,76817,128,0,77009:0:0:0:0:
182,192,76945,128,0,77009:0:0:0:0:
36,192,76945,128,0,77136:0:0:0:0:
329,192,77073,128,0,77136:0:0:0:0:
475,192,77073,128,0,77136:0:0:0:0:
36,192,77200,128,0,77392:0:0:0:0:
329,192,77200,128,0,77392:0:0:0:0:
402,192,77200,1,0,0:0:0:0:
475,192,77200,1,0,0:0:0:0:
109,192,77328,128,0,77392:0:0:0:0:
182,192,77328,128,0,77392:0:0:0:0:
256,192,77328,128,0,77392:0:0:0:0:
109,192,77456,128,0,77647:0:0:0:0:
402,192,77456,128,0,77647:0:0:0:0:
475,192,77456,1,0,0:0:0:0:
182,192,77583,128,0,77647:0:0:0:0:
256,192,77583,128,0,77647:0:0:0:0:
329,192,77583,128,0,77647:0:0:0:0:
182,192,77711,128,0,77902:0:0:0:0:
475,192,77711,128,0,77902:0:0:0:0:
36,192,77711,1,0,0:0:0:0:
109,192,77711,1,0,0:0:0:0:
329,192,77839,128,0,77902:0:0:0:0:
402,192,77839,128,0,77902:0:0:0:0:
256,192,77839,128,0,77902:0:0:0:0:
109,192,77966,128,0,78158:0:0:0:0:
402,192,77966,128,0,78158:0:0:0:0:
36,192,77966,1,0,0:0:0:0:
256,192,78094,128,0,78158:0:0:0:0:
329,192,78094,128,0,78158:0:0:0:0:
182,192,78094,128,0,78158:0:0:0:0:
36,192,78222,1,0,0:0:0:0:
402,192,78222,128,0,78413:0:0:0:0:
475,192,78222,128,0,78413:0:0:0:0:
329,192,78222,128,0,78285:0:0:0:0:
256,192,78222,128,0,79179:0:0:0:0:
109,192,78285,1,0,0:0:0:0:
182,192,78349,1,0,0:0:0:0:
329,192,78349,128,0,78541:0:0:0:0:
36,192,78413,1,0,0:0:0:0:
109,192,78477,1,0,0:0:0:0:
402,192,78477,128,0,78668:0:0:0:0:
475,192,78477,128,0,78668:0:0:0:0:
182,192,78541,1,0,0:0:0:0:
36,192,78604,1,0,0:0:0:0:
329,192,78604,128,0,78796:0:0:0:0:
109,192,78668,1,0,0:0:0:0:
182,192,78732,1,0,0:0:0:0:
402,192,78732,128,0,78924:0:0:0:0:
475,192,78732,128,0,78924:0:0:0:0:
36,192,78796,1,0,0:0:0:0:
109,192,78860,1,0,0:0:0:0:
329,192,78860,128,0,79051:0:0:0:0:
182,192,78924,1,0,0:0:0:0:
36,192,78987,1,0,0:0:0:0:
402,192,78987,128,0,79179:0:0:0:0:
475,192,78987,128,0,79179:0:0:0:0:
109,192,79051,1,0,0:0:0:0:
182,192,79115,1,0,0:0:0:0:
329,192,79115,128,0,79179:0:0:0:0:
36,192,79243,128,0,79434:0:0:0:0:
109,192,79243,128,0,79434:0:0:0:0:
475,192,79243,1,0,0:0:0:0:
182,192,79243,128,0,79307:0:0:0:0:
256,192,79243,128,0,80200:0:0:0:0:
402,192,79307,1,0,0:0:0:0:
182,192,79370,128,0,79562:0:0:0:0:
329,192,79370,1,0,0:0:0:0:
475,192,79434,1,0,0:0:0:0:
109,192,79498,128,0,79690:0:0:0:0:
36,192,79498,128,0,79690:0:0:0:0:
402,192,79498,1,0,0:0:0:0:
329,192,79562,1,0,0:0:0:0:
182,192,79626,128,0,79817:0:0:0:0:
475,192,79626,1,0,0:0:0:0:
402,192,79690,1,0,0:0:0:0:
36,192,79753,128,0,79945:0:0:0:0:
329,192,79753,1,0,0:0:0:0:
109,192,79753,128,0,79945:0:0:0:0:
475,192,79817,1,0,0:0:0:0:
182,192,79881,128,0,80073:0:0:0:0:
402,192,79881,1,0,0:0:0:0:
329,192,79945,1,0,0:0:0:0:
36,192,80009,128,0,80200:0:0:0:0:
109,192,80009,128,0,80200:0:0:0:0:
475,192,80009,1,0,0:0:0:0:
402,192,80073,1,0,0:0:0:0:
329,192,80136,1,0,0:0:0:0:
182,192,80136,128,0,80200:0:0:0:0:
402,192,80200,1,0,0:0:0:0:
475,192,80264,1,0,0:0:0:0:
36,192,80264,1,0,0:0:0:0:
256,192,80264,1,0,0:0:0:0:
109,192,80328,1,0,0:0:0:0:
182,192,80392,1,0,0:0:0:0:
36,192,80392,128,0,80647:0:0:0:0:
256,192,80456,1,0,0:0:0:0:
109,192,80456,128,0,80711:0:0:0:0:
329,192,80519,1,0,0:0:0:0:
182,192,80519,128,0,80775:0:0:0:0:
402,192,80583,1,0,0:0:0:0:
256,192,80583,128,0,80839:0:0:0:0:
475,192,80647,1,0,0:0:0:0:
329,192,80647,128,0,80902:0:0:0:0:
402,192,80711,128,0,80966:0:0:0:0:
36,192,80775,1,0,0:0:0:0:
475,192,80775,128,0,81030:0:0:0:0:
109,192,80839,1,0,0:0:0:0:
182,192,80902,1,0,0:0:0:0:
256,192,80966,1,0,0:0:0:0:
329,192,81030,1,0,0:0:0:0:
402,192,81094,1,0,0:0:0:0:
475,192,81158,1,0,0:0:0:0:
36,192,81222,1,0,0:0:0:0:
256,192,81222,1,0,0:0:0:0:
475,192,81285,1,0,0:0:0:0:
402,192,81349,1,0,0:0:0:0:
329,192,81413,1,0,0:0:0:0:
475,192,81413,128,0,81668:0:0:0:0:
402,192,81477,128,0,81732:0:0:0:0:
256,192,81477,1,0,0:0:0:0:
329,192,81541,128,0,81796:0:0:0:0:
182,192,81541,1,0,0:0:0:0:
109,192,81604,1,0,0:0:0:0:
256,192,81604,128,0,81860:0:0:0:0:
182,192,81668,128,0,81924:0:0:0:0:
36,192,81668,1,0,0:0:0:0:
109,192,81732,128,0,81987:0:0:0:0:
36,192,81796,128,0,82051:0:0:0:0:
475,192,81796,1,0,0:0:0:0:
402,192,81860,1,0,0:0:0:0:
329,192,81924,1,0,0:0:0:0:
256,192,81987,1,0,0:0:0:0:
182,192,82051,1,0,0:0:0:0:
109,192,82115,1,0,0:0:0:0:
36,192,82179,1,0,0:0:0:0:
256,192,82243,1,0,0:0:0:0:
475,192,82243,1,0,0:0:0:0:
36,192,82307,1,0,0:0:0:0:
329,192,82307,128,0,82753:0:0:0:0:
182,192,82307,1,0,0:0:0:0:
402,192,82307,1,0,0:0:0:0:
109,192,82434,1,0,0:0:0:0:
256,192,82434,1,0,0:0:0:0:
402,192,82562,128,0,82817:0:0:0:0:
36,192,82562,1,0,0:0:0:0:
182,192,82562,1,0,0:0:0:0:
475,192,82562,1,0,0:0:0:0:
109,192,82690,1,0,0:0:0:0:
256,192,82690,1,0,0:0:0:0:
329,192,82817,1,0,0:0:0:0:
256,192,82817,128,0,83264:0:0:0:0:
36,192,82817,1,0,0:0:0:0:
182,192,82817,1,0,0:0:0:0:
109,192,82817,128,0,83264:0:0:0:0:
475,192,82945,1,0,0:0:0:0:
402,192,82945,1,0,0:0:0:0:
36,192,83073,1,0,0:0:0:0:
182,192,83073,1,0,0:0:0:0:
329,192,83073,1,0,0:0:0:0:
402,192,83200,1,0,0:0:0:0:
475,192,83200,1,0,0:0:0:0:
329,192,83328,128,0,84030:0:0:0:0:
256,192,83328,1,0,0:0:0:0:
36,192,83328,1,0,0:0:0:0:
182,192,83328,1,0,0:0:0:0:
475,192,83456,1,0,0:0:0:0:
402,192,83456,1,0,0:0:0:0:
182,192,83583,1,0,0:0:0:0:
256,192,83583,1,0,0:0:0:0:
36,192,83583,1,0,0:0:0:0:
182,192,83711,128,0,84349:0:0:0:0:
475,192,83711,1,0,0:0:0:0:
402,192,83711,1,0,0:0:0:0:
256,192,83839,1,0,0:0:0:0:
36,192,83839,1,0,0:0:0:0:
109,192,83839,1,0,0:0:0:0:
475,192,83966,1,0,0:0:0:0:
402,192,83966,1,0,0:0:0:0:
256,192,84094,128,0,84349:0:0:0:0:
329,192,84094,1,0,0:0:0:0:
109,192,84094,1,0,0:0:0:0:
36,192,84094,1,0,0:0:0:0:
475,192,84222,1,0,0:0:0:0:
402,192,84222,1,0,0:0:0:0:
109,192,84349,1,0,0:0:0:0:
36,192,84349,1,0,0:0:0:0:
402,192,84349,128,0,84796:0:0:0:0:
475,192,84349,128,0,84796:0:0:0:0:
182,192,84413,1,0,0:0:0:0:
256,192,84477,1,0,0:0:0:0:
329,192,84541,1,0,0:0:0:0:
36,192,84604,1,0,0:0:0:0:
109,192,84604,1,0,0:0:0:0:
182,192,84668,1,0,0:0:0:0:
256,192,84732,1,0,0:0:0:0:
329,192,84796,1,0,0:0:0:0:
36,192,84860,128,0,85307:0:0:0:0:
109,192,84860,128,0,85307:0:0:0:0:
475,192,84860,1,0,0:0:0:0:
402,192,84860,1,0,0:0:0:0:
329,192,84924,1,0,0:0:0:0:
256,192,84987,1,0,0:0:0:0:
182,192,85051,1,0,0:0:0:0:
475,192,85115,1,0,0:0:0:0:
402,192,85115,1,0,0:0:0:0:
329,192,85179,1,0,0:0:0:0:
256,192,85243,1,0,0:0:0:0:
182,192,85307,1,0,0:0:0:0:
402,192,85370,128,0,85562:0:0:0:0:
109,192,85370,1,0,0:0:0:0:
36,192,85370,1,0,0:0:0:0:
329,192,85434,1,0,0:0:0:0:
475,192,85498,128,0,85562:0:0:0:0:
256,192,85498,1,0,0:0:0:0:
182,192,85562,1,0,0:0:0:0:
329,192,85626,128,0,85817:0:0:0:0:
36,192,85626,1,0,0:0:0:0:
475,192,85626,1,0,0:0:0:0:
256,192,85690,1,0,0:0:0:0:
402,192,85753,128,0,85817:0:0:0:0:
182,192,85753,1,0,0:0:0:0:
109,192,85817,1,0,0:0:0:0:
256,192,85881,128,0,86073:0:0:0:0:
402,192,85881,1,0,0:0:0:0:
475,192,85881,1,0,0:0:0:0:
182,192,85945,1,0,0:0:0:0:
329,192,86009,128,0,86073:0:0:0:0:
109,192,86009,1,0,0:0:0:0:
36,192,86073,1,0,0:0:0:0:
182,192,86136,128,0,86328:0:0:0:0:
402,192,86136,1,0,0:0:0:0:
329,192,86136,1,0,0:0:0:0:
109,192,86200,1,0,0:0:0:0:
256,192,86264,128,0,86328:0:0:0:0:
36,192,86264,1,0,0:0:0:0:
402,192,86328,1,0,0:0:0:0:
36,192,86392,1,0,0:0:0:0:
329,192,86392,128,0,86583:0:0:0:0:
109,192,86392,1,0,0:0:0:0:
475,192,86392,1,0,0:0:0:0:
256,192,86392,1,0,0:0:0:0:
182,192,86519,1,0,0:0:0:0:
402,192,86519,1,0,0:0:0:0:
475,192,86647,128,0,86839:0:0:0:0:
36,192,86647,1,0,0:0:0:0:
109,192,86647,1,0,0:0:0:0:
329,192,86647,1,0,0:0:0:0:
256,192,86775,1,0,0:0:0:0:
182,192,86902,128,0,87094:0:0:0:0:
475,192,86902,1,0,0:0:0:0:
402,192,86902,1,0,0:0:0:0:
36,192,86902,1,0,0:0:0:0:
329,192,87030,1,0,0:0:0:0:
256,192,87030,1,0,0:0:0:0:
109,192,87030,1,0,0:0:0:0:
36,192,87158,128,0,87349:0:0:0:0:
475,192,87158,1,0,0:0:0:0:
402,192,87158,1,0,0:0:0:0:
182,192,87158,1,0,0:0:0:0:
256,192,87285,1,0,0:0:0:0:
109,192,87413,1,0,0:0:0:0:
329,192,87413,128,0,87604:0:0:0:0:
36,192,87413,1,0,0:0:0:0:
475,192,87413,1,0,0:0:0:0:
402,192,87541,1,0,0:0:0:0:
182,192,87541,1,0,0:0:0:0:
256,192,87541,1,0,0:0:0:0:
329,192,87668,1,0,0:0:0:0:
475,192,87668,128,0,87860:0:0:0:0:
109,192,87668,1,0,0:0:0:0:
36,192,87668,1,0,0:0:0:0:
182,192,87796,1,0,0:0:0:0:
36,192,87924,128,0,87987:0:0:0:0:
109,192,87924,128,0,88179:0:0:0:0:
402,192,87924,128,0,88179:0:0:0:0:
256,192,87924,128,0,87987:0:0:0:0:
475,192,87924,128,0,87987:0:0:0:0:
36,192,88115,128,0,88370:0:0:0:0:
475,192,88115,128,0,88370:0:0:0:0:
256,192,88115,128,0,88179:0:0:0:0:
182,192,88179,1,0,0:0:0:0:
329,192,88179,1,0,0:0:0:0:
182,192,88307,128,0,88370:0:0:0:0:
329,192,88307,128,0,88370:0:0:0:0:
256,192,88307,128,0,88370:0:0:0:0:
475,192,88434,1,0,0:0:0:0:
182,192,88434,1,0,0:0:0:0:
402,192,88434,1,0,0:0:0:0:
36,192,88434,1,0,0:0:0:0:
109,192,88519,1,0,0:0:0:0:
329,192,88519,1,0,0:0:0:0:
256,192,88604,1,0,0:0:0:0:
36,192,88690,1,0,0:0:0:0:
182,192,88690,1,0,0:0:0:0:
402,192,88690,1,0,0:0:0:0:
256,192,88775,1,0,0:0:0:0:
329,192,88860,1,0,0:0:0:0:
475,192,88860,1,0,0:0:0:0:
109,192,88860,1,0,0:0:0:0:
36,192,88945,1,0,0:0:0:0:
329,192,88945,128,0,89264:0:0:0:0:
475,192,88945,128,0,89264:0:0:0:0:
256,192,88945,1,0,0:0:0:0:
182,192,89073,1,0,0:0:0:0:
36,192,89200,1,0,0:0:0:0:
109,192,89200,1,0,0:0:0:0:
256,192,89328,1,0,0:0:0:0:
182,192,89328,1,0,0:0:0:0:
329,192,89328,1,0,0:0:0:0:
36,192,89456,128,0,89519:0:0:0:0:
475,192,89456,128,0,89519:0:0:0:0:
109,192,89456,1,0,0:0:0:0:
402,192,89456,1,0,0:0:0:0:
329,192,89583,128,0,89647:0:0:0:0:
182,192,89583,128,0,89647:0:0:0:0:
256,192,89583,1,0,0:0:0:0:
36,192,89711,128,0,89775:0:0:0:0:
475,192,89711,128,0,89775:0:0:0:0:
109,192,89711,1,0,0:0:0:0:
402,192,89711,1,0,0:0:0:0:
256,192,89839,1,0,0:0:0:0:
182,192,89839,128,0,89902:0:0:0:0:
329,192,89839,128,0,89902:0:0:0:0:
402,192,89966,1,0,0:0:0:0:
36,192,89966,128,0,90158:0:0:0:0:
475,192,89966,128,0,90158:0:0:0:0:
109,192,89966,1,0,0:0:0:0:
329,192,90030,1,0,0:0:0:0:
256,192,90094,1,0,0:0:0:0:
182,192,90158,1,0,0:0:0:0:
109,192,90222,1,0,0:0:0:0:
475,192,90222,128,0,90413:0:0:0:0:
36,192,90222,128,0,90413:0:0:0:0:
402,192,90222,1,0,0:0:0:0:
182,192,90285,1,0,0:0:0:0:
256,192,90349,1,0,0:0:0:0:
329,192,90413,1,0,0:0:0:0:
475,192,90477,1,0,0:0:0:0:
182,192,90477,128,0,90924:0:0:0:0:
402,192,90477,1,0,0:0:0:0:
109,192,90477,1,0,0:0:0:0:
36,192,90477,1,0,0:0:0:0:
329,192,90604,1,0,0:0:0:0:
256,192,90604,1,0,0:0:0:0:
109,192,90732,128,0,90987:0:0:0:0:
475,192,90732,1,0,0:0:0:0:
402,192,90732,1,0,0:0:0:0:
36,192,90732,1,0,0:0:0:0:
329,192,90860,1,0,0:0:0:0:
256,192,90860,1,0,0:0:0:0:
182,192,90987,1,0,0:0:0:0:
256,192,90987,128,0,91434:0:0:0:0:
475,192,90987,1,0,0:0:0:0:
402,192,90987,128,0,91434:0:0:0:0:
329,192,91115,1,0,0:0:0:0:
36,192,91115,1,0,0:0:0:0:
109,192,91115,1,0,0:0:0:0:
475,192,91243,1,0,0:0:0:0:
182,192,91243,1,0,0:0:0:0:
109,192,91370,1,0,0:0:0:0:
36,192,91370,1,0,0:0:0:0:
329,192,91370,1,0,0:0:0:0:
182,192,91498,128,0,92200:0:0:0:0:
256,192,91498,1,0,0:0:0:0:
475,192,91498,1,0,0:0:0:0:
329,192,91498,1,0,0:0:0:0:
36,192,91626,1,0,0:0:0:0:
109,192,91626,1,0,0:0:0:0:
329,192,91753,1,0,0:0:0:0:
256,192,91753,1,0,0:0:0:0:
475,192,91753,1,0,0:0:0:0:
329,192,91881,128,0,92519:0:0:0:0:
36,192,91881,1,0,0:0:0:0:
109,192,91881,1,0,0:0:0:0:
256,192,92009,1,0,0:0:0:0:
475,192,92009,1,0,0:0:0:0:
402,192,92009,1,0,0:0:0:0:
36,192,92136,1,0,0:0:0:0:
109,192,92136,1,0,0:0:0:0:
256,192,92264,128,0,92519:0:0:0:0:
182,192,92264,1,0,0:0:0:0:
402,192,92264,1,0,0:0:0:0:
475,192,92264,1,0,0:0:0:0:
36,192,92392,1,0,0:0:0:0:
109,192,92392,1,0,0:0:0:0:
402,192,92519,1,0,0:0:0:0:
475,192,92519,1,0,0:0:0:0:
109,192,92519,128,0,92966:0:0:0:0:
36,192,92519,128,0,92966:0:0:0:0:
329,192,92583,1,0,0:0:0:0:
256,192,92647,1,0,0:0:0:0:
182,192,92711,1,0,0:0:0:0:
475,192,92775,1,0,0:0:0:0:
402,192,92775,1,0,0:0:0:0:
329,192,92839,1,0,0:0:0:0:
256,192,92902,1,0,0:0:0:0:
182,192,92966,1,0,0:0:0:0:
475,192,93030,128,0,93477:0:0:0:0:
402,192,93030,128,0,93477:0:0:0:0:
36,192,93030,1,0,0:0:0:0:
109,192,93030,1,0,0:0:0:0:
182,192,93094,1,0,0:0:0:0:
256,192,93158,1,0,0:0:0:0:
329,192,93222,1,0,0:0:0:0:
36,192,93285,1,0,0:0:0:0:
109,192,93285,1,0,0:0:0:0:
182,192,93349,1,0,0:0:0:0:
256,192,93413,1,0,0:0:0:0:
329,192,93477,1,0,0:0:0:0:
109,192,93541,128,0,93732:0:0:0:0:
402,192,93541,1,0,0:0:0:0:
475,192,93541,1,0,0:0:0:0:
182,192,93604,1,0,0:0:0:0:
36,192,93668,128,0,93732:0:0:0:0:
256,192,93668,1,0,0:0:0:0:
329,192,93732,1,0,0:0:0:0:
182,192,93796,128,0,93987:0:0:0:0:
475,192,93796,1,0,0:0:0:0:
36,192,93796,1,0,0:0:0:0:
256,192,93860,1,0,0:0:0:0:
109,192,93924,128,0,93987:0:0:0:0:
329,192,93924,1,0,0:0:0:0:
402,192,93987,1,0,0:0:0:0:
256,192,94051,128,0,94243:0:0:0:0:
109,192,94051,1,0,0:0:0:0:
36,192,94051,1,0,0:0:0:0:
329,192,94115,1,0,0:0:0:0:
182,192,94179,128,0,94243:0:0:0:0:
402,192,94179,1,0,0:0:0:0:
475,192,94243,1,0,0:0:0:0:
329,192,94307,128,0,94498:0:0:0:0:
109,192,94307,1,0,0:0:0:0:
182,192,94307,1,0,0:0:0:0:
402,192,94370,1,0,0:0:0:0:
256,192,94434,128,0,94498:0:0:0:0:
475,192,94434,1,0,0:0:0:0:
36,192,94498,1,0,0:0:0:0:
182,192,94562,128,0,95328:0:0:0:0:
475,192,94562,1,0,0:0:0:0:
256,192,94562,1,0,0:0:0:0:
402,192,94562,1,0,0:0:0:0:
329,192,94690,1,0,0:0:0:0:
109,192,94690,128,0,94753:0:0:0:0:
36,192,94690,128,0,94753:0:0:0:0:
36,192,94817,128,0,95243:0:0:0:0:
109,192,94817,128,0,95158:0:0:0:0:
402,192,94817,1,0,0:0:0:0:
475,192,94817,1,0,0:0:0:0:
329,192,94945,1,0,0:0:0:0:
475,192,95073,128,0,95243:0:0:0:0:
256,192,95073,1,0,0:0:0:0:
402,192,95158,128,0,95328:0:0:0:0:
109,192,95243,128,0,95413:0:0:0:0:
329,192,95243,128,0,95413:0:0:0:0:
36,192,95328,128,0,95498:0:0:0:0:
475,192,95328,1,0,0:0:0:0:
256,192,95328,1,0,0:0:0:0:
182,192,95413,1,0,0:0:0:0:
402,192,95413,1,0,0:0:0:0:
109,192,95498,1,0,0:0:0:0:
329,192,95498,1,0,0:0:0:0:
256,192,95583,128,0,96264:0:0:0:0:
36,192,95583,1,0,0:0:0:0:
182,192,95711,1,0,0:0:0:0:
402,192,95711,128,0,95775:0:0:0:0:
475,192,95711,128,0,95775:0:0:0:0:
475,192,95839,128,0,96264:0:0:0:0:
402,192,95839,128,0,96179:0:0:0:0:
36,192,95839,1,0,0:0:0:0:
109,192,95839,1,0,0:0:0:0:
182,192,95966,1,0,0:0:0:0:
329,192,95966,1,0,0:0:0:0:
36,192,96094,128,0,96264:0:0:0:0:
329,192,96179,128,0,96349:0:0:0:0:
109,192,96179,128,0,96349:0:0:0:0:
402,192,96264,128,0,96434:0:0:0:0:
182,192,96264,128,0,96434:0:0:0:0:
475,192,96349,128,0,96519:0:0:0:0:
256,192,96349,1,0,0:0:0:0:
36,192,96349,1,0,0:0:0:0:
329,192,96434,1,0,0:0:0:0:
109,192,96434,1,0,0:0:0:0:
402,192,96519,1,0,0:0:0:0:
182,192,96519,1,0,0:0:0:0:
475,192,96604,1,0,0:0:0:0:
256,192,96604,1,0,0:0:0:0:
36,192,96604,1,0,0:0:0:0:
182,192,96690,1,0,0:0:0:0:
329,192,96690,1,0,0:0:0:0:
109,192,96690,1,0,0:0:0:0:
402,192,96690,1,0,0:0:0:0:
109,192,96775,128,0,96860:0:0:0:0:
402,192,96775,128,0,96860:0:0:0:0:
36,192,96860,1,0,0:0:0:0:
256,192,96860,1,0,0:0:0:0:
475,192,96860,1,0,0:0:0:0:
109,192,96945,1,0,0:0:0:0:
402,192,96945,1,0,0:0:0:0:
182,192,96945,1,0,0:0:0:0:
329,192,96945,1,0,0:0:0:0:
182,192,97030,128,0,97115:0:0:0:0:
329,192,97030,128,0,97115:0:0:0:0:
36,192,97115,1,0,0:0:0:0:
256,192,97115,1,0,0:0:0:0:
475,192,97115,1,0,0:0:0:0:
182,192,97200,1,0,0:0:0:0:
329,192,97200,1,0,0:0:0:0:
109,192,97200,1,0,0:0:0:0:
402,192,97200,1,0,0:0:0:0:
109,192,97285,128,0,97370:0:0:0:0:
402,192,97285,128,0,97370:0:0:0:0:
36,192,97370,1,0,0:0:0:0:
256,192,97370,1,0,0:0:0:0:
475,192,97370,1,0,0:0:0:0:
402,192,97456,1,0,0:0:0:0:
109,192,97456,1,0,0:0:0:0:
182,192,97456,1,0,0:0:0:0:
329,192,97456,1,0,0:0:0:0:
182,192,97541,128,0,97626:0:0:0:0:
329,192,97541,128,0,97626:0:0:0:0:
475,192,97626,128,0,97817:0:0:0:0:
402,192,97626,1,0,0:0:0:0:
109,192,97626,1,0,0:0:0:0:
36,192,97626,128,0,97817:0:0:0:0:
182,192,97711,1,0,0:0:0:0:
329,192,97711,1,0,0:0:0:0:
256,192,97796,1,0,0:0:0:0:
402,192,97881,1,0,0:0:0:0:
109,192,97881,1,0,0:0:0:0:
36,192,97881,128,0,98073:0:0:0:0:
475,192,97881,128,0,98073:0:0:0:0:
329,192,97966,1,0,0:0:0:0:
182,192,97966,1,0,0:0:0:0:
256,192,98051,1,0,0:0:0:0:
402,192,98136,128,0,98328:0:0:0:0:
475,192,98136,128,0,98328:0:0:0:0:
36,192,98136,1,0,0:0:0:0:
109,192,98136,1,0,0:0:0:0:
256,192,98136,128,0,98583:0:0:0:0:
182,192,98200,1,0,0:0:0:0:
36,192,98264,1,0,0:0:0:0:
109,192,98264,1,0,0:0:0:0:
182,192,98328,1,0,0:0:0:0:
36,192,98392,128,0,98583:0:0:0:0:
109,192,98392,128,0,98583:0:0:0:0:
475,192,98392,1,0,0:0:0:0:
402,192,98392,1,0,0:0:0:0:
329,192,98456,1,0,0:0:0:0:
475,192,98519,1,0,0:0:0:0:
402,192,98519,1,0,0:0:0:0:
329,192,98583,1,0,0:0:0:0:
36,192,98647,1,0,0:0:0:0:
109,192,98647,1,0,0:0:0:0:
256,192,98647,1,0,0:0:0:0:
402,192,98647,1,0,0:0:0:0:
475,192,98647,1,0,0:0:0:0:
182,192,98711,1,0,0:0:0:0:
329,192,98775,1,0,0:0:0:0:
402,192,98775,1,0,0:0:0:0:
256,192,98839,1,0,0:0:0:0:
36,192,98902,1,0,0:0:0:0:
475,192,98902,1,0,0:0:0:0:
182,192,98902,1,0,0:0:0:0:
402,192,98966,1,0,0:0:0:0:
109,192,99030,1,0,0:0:0:0:
329,192,99030,1,0,0:0:0:0:
256,192,99094,1,0,0:0:0:0:
182,192,99158,1,0,0:0:0:0:
475,192,99158,1,0,0:0:0:0:
402,192,99158,1,0,0:0:0:0:
36,192,99158,1,0,0:0:0:0:
329,192,99222,1,0,0:0:0:0:
475,192,99285,1,0,0:0:0:0:
402,192,99285,1,0,0:0:0:0:
109,192,99285,1,0,0:0:0:0:
329,192,99349,1,0,0:0:0:0:
402,192,99413,128,0,99604:0:0:0:0:
475,192,99413,128,0,99604:0:0:0:0:
36,192,99413,1,0,0:0:0:0:
256,192,99413,1,0,0:0:0:0:
109,192,99477,1,0,0:0:0:0:
182,192,99541,1,0,0:0:0:0:
256,192,99604,1,0,0:0:0:0:
329,192,99668,1,0,0:0:0:0:
475,192,99668,1,0,0:0:0:0:
36,192,99668,1,0,0:0:0:0:
109,192,99668,1,0,0:0:0:0:
256,192,99732,1,0,0:0:0:0:
182,192,99796,1,0,0:0:0:0:
402,192,99796,1,0,0:0:0:0:
109,192,99860,1,0,0:0:0:0:
36,192,99924,1,0,0:0:0:0:
475,192,99924,1,0,0:0:0:0:
182,192,99924,1,0,0:0:0:0:
256,192,99987,1,0,0:0:0:0:
329,192,100051,1,0,0:0:0:0:
109,192,100051,1,0,0:0:0:0:
402,192,100115,1,0,0:0:0:0:
36,192,100179,128,0,100370:0:0:0:0:
256,192,100179,1,0,0:0:0:0:
475,192,100179,1,0,0:0:0:0:
329,192,100179,1,0,0:0:0:0:
109,192,100243,128,0,100370:0:0:0:0:
329,192,100307,1,0,0:0:0:0:
402,192,100307,1,0,0:0:0:0:
182,192,100307,128,0,100370:0:0:0:0:
475,192,100434,128,0,100626:0:0:0:0:
36,192,100434,1,0,0:0:0:0:
256,192,100434,1,0,0:0:0:0:
182,192,100434,1,0,0:0:0:0:
402,192,100498,128,0,100626:0:0:0:0:
182,192,100562,1,0,0:0:0:0:
109,192,100562,1,0,0:0:0:0:
329,192,100562,128,0,100626:0:0:0:0:
36,192,100690,1,0,0:0:0:0:
109,192,100690,1,0,0:0:0:0:
475,192,100690,1,0,0:0:0:0:
329,192,100690,1,0,0:0:0:0:
182,192,100753,1,0,0:0:0:0:
256,192,100817,1,0,0:0:0:0:
329,192,100817,1,0,0:0:0:0:
475,192,100817,1,0,0:0:0:0:
36,192,100817,1,0,0:0:0:0:
182,192,100881,1,0,0:0:0:0:
109,192,100945,1,0,0:0:0:0:
36,192,100945,1,0,0:0:0:0:
402,192,100945,1,0,0:0:0:0:
475,192,100945,1,0,0:0:0:0:
329,192,101009,1,0,0:0:0:0:
182,192,101073,1,0,0:0:0:0:
36,192,101073,1,0,0:0:0:0:
475,192,101073,1,0,0:0:0:0:
256,192,101073,1,0,0:0:0:0:
329,192,101136,1,0,0:0:0:0:
475,192,101200,1,0,0:0:0:0:
36,192,101200,1,0,0:0:0:0:
402,192,101200,1,0,0:0:0:0:
109,192,101264,1,0,0:0:0:0:
329,192,101264,1,0,0:0:0:0:
182,192,101328,1,0,0:0:0:0:
402,192,101328,1,0,0:0:0:0:
256,192,101392,1,0,0:0:0:0:
475,192,101392,1,0,0:0:0:0:
109,192,101456,1,0,0:0:0:0:
329,192,101456,1,0,0:0:0:0:
36,192,101519,1,0,0:0:0:0:
182,192,101519,1,0,0:0:0:0:
402,192,101519,1,0,0:0:0:0:
256,192,101583,1,0,0:0:0:0:
475,192,101583,1,0,0:0:0:0:
329,192,101647,1,0,0:0:0:0:
475,192,101711,128,0,101902:0:0:0:0:
182,192,101711,1,0,0:0:0:0:
36,192,101711,1,0,0:0:0:0:
402,192,101775,128,0,101966:0:0:0:0:
329,192,101839,128,0,102030:0:0:0:0:
109,192,101839,1,0,0:0:0:0:
256,192,101902,128,0,102094:0:0:0:0:
182,192,101966,128,0,102158:0:0:0:0:
109,192,102030,128,0,102222:0:0:0:0:
475,192,102030,128,0,102222:0:0:0:0:
36,192,102094,128,0,102285:0:0:0:0:
402,192,102094,128,0,102285:0:0:0:0:
329,192,102158,128,0,102349:0:0:0:0:
256,192,102222,128,0,102413:0:0:0:0:
182,192,102285,128,0,102477:0:0:0:0:
475,192,102349,1,0,0:0:0:0:
109,192,102349,128,0,102541:0:0:0:0:
402,192,102413,1,0,0:0:0:0:
36,192,102413,128,0,102604:0:0:0:0:
329,192,102477,1,0,0:0:0:0:
256,192,102541,1,0,0:0:0:0:
402,192,102604,1,0,0:0:0:0:
182,192,102604,1,0,0:0:0:0:
109,192,102668,1,0,0:0:0:0:
475,192,102732,1,0,0:0:0:0:
36,192,102732,1,0,0:0:0:0:
402,192,102732,1,0,0:0:0:0:
256,192,102732,128,0,102860:0:0:0:0:
329,192,102796,128,0,102924:0:0:0:0:
109,192,102796,1,0,0:0:0:0:
402,192,102860,128,0,102987:0:0:0:0:
182,192,102860,1,0,0:0:0:0:
475,192,102924,128,0,103051:0:0:0:0:
256,192,102924,1,0,0:0:0:0:
36,192,102987,1,0,0:0:0:0:
329,192,102987,1,0,0:0:0:0:
109,192,102987,1,0,0:0:0:0:
402,192,103051,1,0,0:0:0:0:
182,192,103051,1,0,0:0:0:0:
475,192,103115,1,0,0:0:0:0:
256,192,103115,1,0,0:0:0:0:
329,192,103179,1,0,0:0:0:0:
475,192,103243,1,0,0:0:0:0:
256,192,103243,128,0,103370:0:0:0:0:
36,192,103243,1,0,0:0:0:0:
109,192,103243,1,0,0:0:0:0:
402,192,103307,1,0,0:0:0:0:
182,192,103307,128,0,103434:0:0:0:0:
109,192,103370,128,0,103498:0:0:0:0:
329,192,103370,1,0,0:0:0:0:
36,192,103434,128,0,103562:0:0:0:0:
256,192,103434,1,0,0:0:0:0:
402,192,103498,1,0,0:0:0:0:
475,192,103498,1,0,0:0:0:0:
182,192,103498,1,0,0:0:0:0:
109,192,103562,1,0,0:0:0:0:
329,192,103562,1,0,0:0:0:0:
36,192,103626,1,0,0:0:0:0:
256,192,103626,1,0,0:0:0:0:
182,192,103690,1,0,0:0:0:0:
402,192,103753,1,0,0:0:0:0:
256,192,103753,128,0,103881:0:0:0:0:
475,192,103753,1,0,0:0:0:0:
36,192,103753,1,0,0:0:0:0:
329,192,103817,128,0,103945:0:0:0:0:
109,192,103817,1,0,0:0:0:0:
402,192,103881,128,0,104009:0:0:0:0:
182,192,103881,1,0,0:0:0:0:
475,192,103945,128,0,104073:0:0:0:0:
256,192,103945,1,0,0:0:0:0:
36,192,104009,1,0,0:0:0:0:
109,192,104009,1,0,0:0:0:0:
329,192,104009,1,0,0:0:0:0:
182,192,104073,1,0,0:0:0:0:
402,192,104073,1,0,0:0:0:0:
256,192,104136,1,0,0:0:0:0:
475,192,104136,1,0,0:0:0:0:
329,192,104200,1,0,0:0:0:0:
36,192,104264,128,0,104328:0:0:0:0:
402,192,104264,128,0,104519:0:0:0:0:
475,192,104264,128,0,104328:0:0:0:0:
109,192,104264,128,0,104519:0:0:0:0:
256,192,104264,128,0,104328:0:0:0:0:
36,192,104456,128,0,104711:0:0:0:0:
475,192,104456,128,0,104711:0:0:0:0:
256,192,104456,128,0,104519:0:0:0:0:
329,192,104519,1,0,0:0:0:0:
182,192,104519,1,0,0:0:0:0:
329,192,104647,128,0,104711:0:0:0:0:
182,192,104647,128,0,104711:0:0:0:0:
256,192,104647,128,0,104711:0:0:0:0:
36,192,104775,1,0,0:0:0:0:
182,192,104775,1,0,0:0:0:0:
256,192,104775,1,0,0:0:0:0:
109,192,104775,1,0,0:0:0:0:
329,192,104775,1,0,0:0:0:0:
109,192,104902,1,0,0:0:0:0:
256,192,104902,1,0,0:0:0:0:
329,192,104902,1,0,0:0:0:0:
182,192,104902,1,0,0:0:0:0:
402,192,104902,1,0,0:0:0:0:
182,192,105030,1,0,0:0:0:0:
329,192,105030,1,0,0:0:0:0:
402,192,105030,1,0,0:0:0:0:
256,192,105030,1,0,0:0:0:0:
475,192,105030,1,0,0:0:0:0:
109,192,105158,1,0,0:0:0:0:
182,192,105158,1,0,0:0:0:0:
256,192,105158,1,0,0:0:0:0:
329,192,105158,1,0,0:0:0:0:
402,192,105158,1,0,0:0:0:0:
36,192,105285,1,0,0:0:0:0:
109,192,105285,1,0,0:0:0:0:
182,192,105285,1,0,0:0:0:0:
256,192,105285,1,0,0:0:0:0:
329,192,105285,1,0,0:0:0:0:
109,192,105413,1,0,0:0:0:0:
256,192,105413,1,0,0:0:0:0:
329,192,105413,1,0,0:0:0:0:
182,192,105413,1,0,0:0:0:0:
402,192,105413,1,0,0:0:0:0:
182,192,105541,1,0,0:0:0:0:
329,192,105541,1,0,0:0:0:0:
402,192,105541,1,0,0:0:0:0:
256,192,105541,1,0,0:0:0:0:
475,192,105541,1,0,0:0:0:0:
36,192,105668,1,0,0:0:0:0:
109,192,105668,1,0,0:0:0:0:
182,192,105732,1,0,0:0:0:0:
475,192,105796,128,0,105987:0:0:0:0:
402,192,105796,128,0,105987:0:0:0:0:
256,192,105796,1,0,0:0:0:0:
329,192,105796,128,0,105860:0:0:0:0:
109,192,105924,128,0,106115:0:0:0:0:
36,192,105924,128,0,106115:0:0:0:0:
182,192,105924,1,0,0:0:0:0:
256,192,105987,1,0,0:0:0:0:
402,192,106051,128,0,106243:0:0:0:0:
475,192,106051,128,0,106243:0:0:0:0:
329,192,106051,1,0,0:0:0:0:
256,192,106179,1,0,0:0:0:0:
109,192,106179,128,0,106370:0:0:0:0:
36,192,106179,128,0,106370:0:0:0:0:
182,192,106179,128,0,106243:0:0:0:0:
475,192,106307,1,0,0:0:0:0:
402,192,106307,1,0,0:0:0:0:
329,192,106339,1,0,0:0:0:0:
256,192,106370,1,0,0:0:0:0:
182,192,106402,1,0,0:0:0:0:
109,192,106434,1,0,0:0:0:0:
36,192,106434,1,0,0:0:0:0:
329,192,106498,1,0,0:0:0:0:
402,192,106562,1,0,0:0:0:0:
36,192,106562,1,0,0:0:0:0:
182,192,106562,1,0,0:0:0:0:
329,192,106626,1,0,0:0:0:0:
256,192,106626,1,0,0:0:0:0:
182,192,106690,1,0,0:0:0:0:
475,192,106690,1,0,0:0:0:0:
109,192,106753,1,0,0:0:0:0:
402,192,106753,1,0,0:0:0:0:
36,192,106817,128,0,106945:0:0:0:0:
329,192,106817,128,0,106881:0:0:0:0:
256,192,106817,1,0,0:0:0:0:
109,192,106881,128,0,107009:0:0:0:0:
402,192,106881,128,0,106945:0:0:0:0:
182,192,106945,128,0,107073:0:0:0:0:
475,192,106945,128,0,107009:0:0:0:0:
256,192,107009,128,0,107136:0:0:0:0:
36,192,107009,128,0,107073:0:0:0:0:
109,192,107073,128,0,107200:0:0:0:0:
402,192,107073,128,0,107136:0:0:0:0:
329,192,107073,1,0,0:0:0:0:
182,192,107136,128,0,107264:0:0:0:0:
475,192,107136,128,0,107200:0:0:0:0:
256,192,107200,128,0,107328:0:0:0:0:
36,192,107200,128,0,107264:0:0:0:0:
329,192,107264,128,0,107392:0:0:0:0:
109,192,107264,128,0,107328:0:0:0:0:
182,192,107328,128,0,107456:0:0:0:0:
475,192,107328,128,0,107392:0:0:0:0:
402,192,107328,1,0,0:0:0:0:
256,192,107392,128,0,107519:0:0:0:0:
36,192,107392,128,0,107456:0:0:0:0:
329,192,107456,128,0,107583:0:0:0:0:
109,192,107456,128,0,107519:0:0:0:0:
402,192,107519,128,0,107647:0:0:0:0:
182,192,107519,128,0,107583:0:0:0:0:
256,192,107583,128,0,107711:0:0:0:0:
36,192,107583,128,0,107647:0:0:0:0:
475,192,107583,1,0,0:0:0:0:
329,192,107647,128,0,107775:0:0:0:0:
109,192,107647,128,0,107711:0:0:0:0:
402,192,107711,128,0,107839:0:0:0:0:
182,192,107711,128,0,107775:0:0:0:0:
475,192,107775,128,0,107902:0:0:0:0:
256,192,107775,128,0,107839:0:0:0:0:
329,192,107839,128,0,108158:0:0:0:0:
36,192,107839,128,0,108285:0:0:0:0:
109,192,107839,1,0,0:0:0:0:
256,192,107902,128,0,108094:0:0:0:0:
402,192,107902,128,0,107966:0:0:0:0:
182,192,107966,128,0,108030:0:0:0:0:
475,192,107966,128,0,108030:0:0:0:0:
109,192,108030,128,0,108094:0:0:0:0:
402,192,108030,128,0,108094:0:0:0:0:
182,192,108094,128,0,108158:0:0:0:0:
475,192,108094,128,0,108541:0:0:0:0:
256,192,108158,128,0,108222:0:0:0:0:
329,192,108222,128,0,108285:0:0:0:0:
402,192,108285,128,0,108349:0:0:0:0:
182,192,108285,128,0,108349:0:0:0:0:
329,192,108349,128,0,108541:0:0:0:0:
36,192,108349,128,0,108796:0:0:0:0:
109,192,108349,1,0,0:0:0:0:
256,192,108477,128,0,108541:0:0:0:0:
182,192,108477,128,0,108541:0:0:0:0:
182,192,108604,128,0,108796:0:0:0:0:
475,192,108604,128,0,108796:0:0:0:0:
402,192,108604,1,0,0:0:0:0:
256,192,108732,128,0,108796:0:0:0:0:
329,192,108732,128,0,108796:0:0:0:0:
36,192,108860,128,0,108987:0:0:0:0:
475,192,108860,128,0,108987:0:0:0:0:
256,192,108860,1,0,0:0:0:0:
182,192,108924,128,0,108987:0:0:0:0:
329,192,108924,128,0,108987:0:0:0:0:
109,192,108987,128,0,109051:0:0:0:0:
402,192,108987,128,0,109051:0:0:0:0:
182,192,109051,128,0,109115:0:0:0:0:
329,192,109051,128,0,109115:0:0:0:0:
36,192,109115,128,0,109179:0:0:0:0:
475,192,109115,128,0,109179:0:0:0:0:
256,192,109115,1,0,0:0:0:0:
109,192,109179,128,0,109243:0:0:0:0:
402,192,109179,128,0,109243:0:0:0:0:
182,192,109243,128,0,109307:0:0:0:0:
329,192,109243,128,0,109307:0:0:0:0:
109,192,109307,128,0,109370:0:0:0:0:
402,192,109307,128,0,109370:0:0:0:0:
36,192,109370,128,0,109498:0:0:0:0:
475,192,109370,128,0,109498:0:0:0:0:
256,192,109370,1,0,0:0:0:0:
182,192,109434,128,0,109562:0:0:0:0:
329,192,109434,128,0,109562:0:0:0:0:
256,192,109498,128,0,109562:0:0:0:0:
36,192,109562,128,0,109817:0:0:0:0:
475,192,109562,128,0,109817:0:0:0:0:
182,192,109626,128,0,109817:0:0:0:0:
329,192,109626,128,0,109817:0:0:0:0:
256,192,109626,1,0,0:0:0:0:
256,192,109753,128,0,109817:0:0:0:0:
36,192,109881,1,0,0:0:0:0:
256,192,109881,1,0,0:0:0:0:
475,192,109881,1,0,0:0:0:0:
109,192,109881,128,0,110200:0:0:0:0:
402,192,109881,128,0,110200:0:0:0:0:
182,192,110009,1,0,0:0:0:0:
329,192,110009,1,0,0:0:0:0:
256,192,110136,1,0,0:0:0:0:
36,192,110136,128,0,110264:0:0:0:0:
475,192,110136,128,0,110264:0:0:0:0:
182,192,110264,1,0,0:0:0:0:
109,192,110264,1,0,0:0:0:0:
329,192,110264,1,0,0:0:0:0:
402,192,110264,1,0,0:0:0:0:
256,192,110392,128,0,110519:0:0:0:0:
475,192,110392,128,0,110456:0:0:0:0:
36,192,110392,1,0,0:0:0:0:
329,192,110456,128,0,110519:0:0:0:0:
109,192,110456,1,0,0:0:0:0:
182,192,110519,128,0,110647:0:0:0:0:
402,192,110519,128,0,110583:0:0:0:0:
475,192,110519,1,0,0:0:0:0:
256,192,110583,128,0,110647:0:0:0:0:
36,192,110583,1,0,0:0:0:0:
109,192,110647,128,0,110775:0:0:0:0:
329,192,110647,128,0,110711:0:0:0:0:
402,192,110647,1,0,0:0:0:0:
182,192,110711,128,0,110775:0:0:0:0:
475,192,110711,1,0,0:0:0:0:
36,192,110775,128,0,110902:0:0:0:0:
256,192,110775,128,0,110839:0:0:0:0:
329,192,110775,1,0,0:0:0:0:
109,192,110839,128,0,110902:0:0:0:0:
402,192,110839,1,0,0:0:0:0:
256,192,110902,128,0,111030:0:0:0:0:
182,192,110902,128,0,110966:0:0:0:0:
475,192,110902,1,0,0:0:0:0:
329,192,110966,128,0,111094:0:0:0:0:
109,192,110966,128,0,111030:0:0:0:0:
36,192,111030,128,0,111094:0:0:0:0:
402,192,111030,128,0,111158:0:0:0:0:
256,192,111094,128,0,111158:0:0:0:0:
475,192,111094,128,0,111222:0:0:0:0:
182,192,111158,128,0,111285:0:0:0:0:
109,192,111158,128,0,111222:0:0:0:0:
329,192,111158,1,0,0:0:0:0:
36,192,111222,128,0,111285:0:0:0:0:
256,192,111222,128,0,111349:0:0:0:0:
475,192,111285,128,0,111349:0:0:0:0:
329,192,111285,128,0,111413:0:0:0:0:
182,192,111349,128,0,111413:0:0:0:0:
402,192,111349,128,0,111477:0:0:0:0:
36,192,111413,128,0,111477:0:0:0:0:
109,192,111413,128,0,111541:0:0:0:0:
256,192,111413,1,0,0:0:0:0:
475,192,111477,128,0,111541:0:0:0:0:
182,192,111477,128,0,111604:0:0:0:0:
402,192,111541,128,0,111604:0:0:0:0:
256,192,111541,128,0,111668:0:0:0:0:
329,192,111604,128,0,111732:0:0:0:0:
109,192,111604,128,0,111668:0:0:0:0:
36,192,111668,128,0,111796:0:0:0:0:
475,192,111668,128,0,111732:0:0:0:0:
182,192,111668,1,0,0:0:0:0:
109,192,111732,128,0,111860:0:0:0:0:
402,192,111732,128,0,111796:0:0:0:0:
329,192,111796,128,0,111860:0:0:0:0:
182,192,111796,128,0,111924:0:0:0:0:
256,192,111860,128,0,111987:0:0:0:0:
329,192,111924,128,0,112051:0:0:0:0:
36,192,111924,1,0,0:0:0:0:
402,192,111987,128,0,112115:0:0:0:0:
109,192,111987,1,0,0:0:0:0:
475,192,112051,128,0,112179:0:0:0:0:
182,192,112051,1,0,0:0:0:0:
36,192,112051,128,0,112562:0:0:0:0:
256,192,112115,1,0,0:0:0:0:
109,192,112115,128,0,112498:0:0:0:0:
329,192,112179,1,0,0:0:0:0:
182,192,112179,128,0,112434:0:0:0:0:
402,192,112243,1,0,0:0:0:0:
256,192,112243,128,0,112370:0:0:0:0:
475,192,112307,128,0,112434:0:0:0:0:
402,192,112370,128,0,112498:0:0:0:0:
329,192,112434,128,0,112562:0:0:0:0:
256,192,112498,128,0,112626:0:0:0:0:
475,192,112562,1,0,0:0:0:0:
182,192,112562,128,0,112690:0:0:0:0:
402,192,112626,1,0,0:0:0:0:
109,192,112626,128,0,112753:0:0:0:0:
329,192,112690,1,0,0:0:0:0:
36,192,112690,128,0,112817:0:0:0:0:
256,192,112753,1,0,0:0:0:0:
182,192,112817,1,0,0:0:0:0:
109,192,112881,1,0,0:0:0:0:
36,192,112945,128,0,113902:0:0:0:0:
256,192,112945,1,0,0:0:0:0:
475,192,112945,128,0,113902:0:0:0:0:
256,192,113200,1,0,0:0:0:0:
182,192,113285,1,0,0:0:0:0:
109,192,113285,1,0,0:0:0:0:
402,192,113370,1,0,0:0:0:0:
329,192,113370,1,0,0:0:0:0:
256,192,113456,1,0,0:0:0:0:
109,192,113541,1,0,0:0:0:0:
182,192,113626,1,0,0:0:0:0:
402,192,113626,1,0,0:0:0:0:
256,192,113711,1,0,0:0:0:0:
329,192,113796,1,0,0:0:0:0:
109,192,113796,1,0,0:0:0:0:
402,192,113881,1,0,0:0:0:0:
182,192,113881,1,0,0:0:0:0:
36,192,113966,1,0,0:0:0:0:
256,192,113966,128,0,114136:0:0:0:0:
475,192,113966,128,0,114136:0:0:0:0:
329,192,114051,1,0,0:0:0:0:
402,192,114136,1,0,0:0:0:0:
475,192,114222,1,0,0:0:0:0:
182,192,114222,128,0,114392:0:0:0:0:
402,192,114222,128,0,114392:0:0:0:0:
256,192,114307,1,0,0:0:0:0:
329,192,114392,1,0,0:0:0:0:
109,192,114477,128,0,114647:0:0:0:0:
329,192,114477,128,0,114647:0:0:0:0:
402,192,114477,1,0,0:0:0:0:
182,192,114562,1,0,0:0:0:0:
256,192,114647,1,0,0:0:0:0:
36,192,114732,128,0,114902:0:0:0:0:
256,192,114732,128,0,114902:0:0:0:0:
329,192,114732,1,0,0:0:0:0:
109,192,114817,1,0,0:0:0:0:
182,192,114902,1,0,0:0:0:0:
256,192,114987,128,0,119073:0:0:0:0:
36,192,114987,128,0,119073:0:0:0:0:
475,192,114987,128,0,119073:0:0:0:0:
109,192,114987,128,0,119073:0:0:0:0:
402,192,114987,128,0,119073:0:0:0:0:
