[Metadata]
Lost in the nowhere
Rave Cyanide
Wonki
Deemo
17
0

[TimingPoints]
1058,375,4,2,0,50,1,0


[HitObjects]
256,192,1058,5,0,0:0:0:0:
109,192,1245,1,0,0:0:0:0:
329,192,1433,1,0,0:0:0:0:
475,192,1620,1,0,0:0:0:0:
329,192,1808,1,0,0:0:0:0:
402,192,1995,1,0,0:0:0:0:
475,192,2183,1,0,0:0:0:0:
182,192,2370,1,0,0:0:0:0:
256,192,2558,1,0,0:0:0:0:
329,192,2745,1,0,0:0:0:0:
402,192,2933,128,0,3308:0:0:0:0:
256,192,3308,1,0,0:0:0:0:
402,192,3495,1,0,0:0:0:0:
182,192,3683,1,0,0:0:0:0:
36,192,3870,1,0,0:0:0:0:
182,192,4058,1,0,0:0:0:0:
109,192,4245,1,0,0:0:0:0:
36,192,4433,1,0,0:0:0:0:
329,192,4620,1,0,0:0:0:0:
256,192,4808,1,0,0:0:0:0:
182,192,4995,1,0,0:0:0:0:
109,192,5183,128,0,5558:0:0:0:0:
402,192,5558,1,0,0:0:0:0:
256,192,5745,1,0,0:0:0:0:
109,192,5933,1,0,0:0:0:0:
329,192,6120,1,0,0:0:0:0:
109,192,6308,1,0,0:0:0:0:
256,192,6495,1,0,0:0:0:0:
402,192,6683,1,0,0:0:0:0:
329,192,6870,1,0,0:0:0:0:
256,192,7058,1,0,0:0:0:0:
329,192,7245,1,0,0:0:0:0:
402,192,7433,1,0,0:0:0:0:
475,192,7620,1,0,0:0:0:0:
256,192,7808,1,0,0:0:0:0:
182,192,7995,1,0,0:0:0:0:
109,192,8183,1,0,0:0:0:0:
36,192,8370,1,0,0:0:0:0:
109,192,8558,1,0,0:0:0:0:
182,192,8745,1,0,0:0:0:0:
402,192,8933,1,0,0:0:0:0:
329,192,9120,1,0,0:0:0:0:
256,192,9308,1,0,0:0:0:0:
182,192,9495,1,0,0:0:0:0:
329,192,9683,1,0,0:0:0:0:
475,192,9870,1,0,0:0:0:0:
36,192,10058,1,0,0:0:0:0:
256,192,10058,1,0,0:0:0:0:
329,192,10245,128,0,10433:0:0:0:0:
475,192,10433,128,0,10620:0:0:0:0:
402,192,10620,128,0,10808:0:0:0:0:
329,192,10808,128,0,10995:0:0:0:0:
109,192,10808,1,0,0:0:0:0:
256,192,10995,128,0,11183:0:0:0:0:
36,192,11183,1,0,0:0:0:0:
475,192,11183,1,0,0:0:0:0:
182,192,11183,128,0,11370:0:0:0:0:
329,192,11370,128,0,11558:0:0:0:0:
402,192,11558,128,0,11745:0:0:0:0:
109,192,11558,1,0,0:0:0:0:
256,192,11745,128,0,11933:0:0:0:0:
182,192,11933,128,0,12214:0:0:0:0:
329,192,12214,1,0,0:0:0:0:
475,192,12308,128,0,12683:0:0:0:0:
36,192,12308,1,0,0:0:0:0:
402,192,12683,128,0,13058:0:0:0:0:
182,192,12964,1,0,0:0:0:0:
329,192,13058,128,0,13433:0:0:0:0:
36,192,13058,1,0,0:0:0:0:
109,192,13433,1,0,0:0:0:0:
256,192,13558,1,0,0:0:0:0:
402,192,13683,1,0,0:0:0:0:
36,192,13808,1,0,0:0:0:0:
182,192,13901,1,0,0:0:0:0:
329,192,13995,1,0,0:0:0:0:
475,192,14058,1,0,0:0:0:0:
256,192,14120,128,0,14558:0:0:0:0:
36,192,14558,1,0,0:0:0:0:
475,192,14558,1,0,0:0:0:0:
182,192,14839,1,0,0:0:0:0:
329,192,14933,1,0,0:0:0:0:
475,192,14933,1,0,0:0:0:0:
109,192,15026,1,0,0:0:0:0:
256,192,15120,1,0,0:0:0:0:
36,192,15183,1,0,0:0:0:0:
182,192,15245,1,0,0:0:0:0:
329,192,15308,128,0,15683:0:0:0:0:
36,192,15683,1,0,0:0:0:0:
475,192,15683,1,0,0:0:0:0:
329,192,15964,1,0,0:0:0:0:
182,192,16058,1,0,0:0:0:0:
36,192,16058,1,0,0:0:0:0:
402,192,16151,1,0,0:0:0:0:
256,192,16245,1,0,0:0:0:0:
475,192,16308,1,0,0:0:0:0:
329,192,16370,1,0,0:0:0:0:
182,192,16433,128,0,16808:0:0:0:0:
36,192,16808,1,0,0:0:0:0:
475,192,16808,1,0,0:0:0:0:
109,192,17183,1,0,0:0:0:0:
402,192,17183,1,0,0:0:0:0:
182,192,17464,1,0,0:0:0:0:
475,192,17558,1,0,0:0:0:0:
402,192,17683,1,0,0:0:0:0:
329,192,17808,1,0,0:0:0:0:
36,192,17933,1,0,0:0:0:0:
256,192,17933,128,0,18308:0:0:0:0:
109,192,18308,1,0,0:0:0:0:
402,192,18308,1,0,0:0:0:0:
182,192,18495,128,0,19058:0:0:0:0:
402,192,19058,1,0,0:0:0:0:
475,192,19058,1,0,0:0:0:0:
182,192,19339,1,0,0:0:0:0:
402,192,19433,1,0,0:0:0:0:
109,192,19714,1,0,0:0:0:0:
329,192,19808,1,0,0:0:0:0:
402,192,19808,1,0,0:0:0:0:
36,192,20089,1,0,0:0:0:0:
256,192,20183,1,0,0:0:0:0:
402,192,20183,1,0,0:0:0:0:
475,192,20183,1,0,0:0:0:0:
109,192,20464,1,0,0:0:0:0:
256,192,20558,1,0,0:0:0:0:
329,192,20558,1,0,0:0:0:0:
36,192,20839,1,0,0:0:0:0:
329,192,20933,1,0,0:0:0:0:
475,192,20933,1,0,0:0:0:0:
109,192,21308,1,0,0:0:0:0:
329,192,21308,1,0,0:0:0:0:
256,192,21589,1,0,0:0:0:0:
36,192,21683,1,0,0:0:0:0:
329,192,21964,1,0,0:0:0:0:
182,192,22058,1,0,0:0:0:0:
109,192,22058,1,0,0:0:0:0:
329,192,22339,1,0,0:0:0:0:
36,192,22433,1,0,0:0:0:0:
182,192,22433,1,0,0:0:0:0:
475,192,22433,1,0,0:0:0:0:
256,192,22558,1,0,0:0:0:0:
329,192,22683,1,0,0:0:0:0:
402,192,22808,1,0,0:0:0:0:
109,192,22808,1,0,0:0:0:0:
182,192,23089,1,0,0:0:0:0:
256,192,23183,1,0,0:0:0:0:
329,192,23308,1,0,0:0:0:0:
402,192,23433,1,0,0:0:0:0:
475,192,23558,1,0,0:0:0:0:
109,192,23558,1,0,0:0:0:0:
109,192,23933,128,0,24214:0:0:0:0:
402,192,24214,1,0,0:0:0:0:
256,192,24308,1,0,0:0:0:0:
182,192,24308,128,0,24589:0:0:0:0:
402,192,24589,1,0,0:0:0:0:
109,192,24683,1,0,0:0:0:0:
475,192,24683,128,0,25433:0:0:0:0:
36,192,24683,1,0,0:0:0:0:
182,192,25058,1,0,0:0:0:0:
329,192,25058,1,0,0:0:0:0:
256,192,25433,1,0,0:0:0:0:
36,192,25433,1,0,0:0:0:0:
182,192,25808,1,0,0:0:0:0:
475,192,25808,128,0,26058:0:0:0:0:
182,192,26058,1,0,0:0:0:0:
329,192,26183,1,0,0:0:0:0:
109,192,26308,1,0,0:0:0:0:
475,192,26464,1,0,0:0:0:0:
402,192,26464,1,0,0:0:0:0:
109,192,26558,1,0,0:0:0:0:
36,192,26558,128,0,26839:0:0:0:0:
402,192,26839,1,0,0:0:0:0:
109,192,26933,1,0,0:0:0:0:
182,192,26933,1,0,0:0:0:0:
475,192,26933,1,0,0:0:0:0:
256,192,27308,1,0,0:0:0:0:
329,192,27308,1,0,0:0:0:0:
182,192,27683,1,0,0:0:0:0:
475,192,27683,1,0,0:0:0:0:
182,192,27933,1,0,0:0:0:0:
256,192,28058,1,0,0:0:0:0:
36,192,28058,128,0,28308:0:0:0:0:
329,192,28308,1,0,0:0:0:0:
109,192,28433,1,0,0:0:0:0:
402,192,28558,1,0,0:0:0:0:
109,192,28683,1,0,0:0:0:0:
402,192,28808,1,0,0:0:0:0:
475,192,28808,1,0,0:0:0:0:
182,192,29058,1,0,0:0:0:0:
256,192,29183,1,0,0:0:0:0:
402,192,29183,1,0,0:0:0:0:
475,192,29183,1,0,0:0:0:0:
109,192,29308,1,0,0:0:0:0:
402,192,29433,1,0,0:0:0:0:
36,192,29558,1,0,0:0:0:0:
109,192,29558,1,0,0:0:0:0:
256,192,29933,1,0,0:0:0:0:
475,192,29933,1,0,0:0:0:0:
182,192,30308,1,0,0:0:0:0:
402,192,30308,1,0,0:0:0:0:
109,192,30558,1,0,0:0:0:0:
256,192,30683,128,0,30933:0:0:0:0:
182,192,30933,1,0,0:0:0:0:
402,192,31058,1,0,0:0:0:0:
36,192,31058,1,0,0:0:0:0:
329,192,31183,1,0,0:0:0:0:
256,192,31308,1,0,0:0:0:0:
182,192,31433,1,0,0:0:0:0:
36,192,31433,128,0,32558:0:0:0:0:
475,192,31433,1,0,0:0:0:0:
402,192,31808,1,0,0:0:0:0:
256,192,31808,1,0,0:0:0:0:
329,192,32183,1,0,0:0:0:0:
109,192,32183,1,0,0:0:0:0:
256,192,32558,1,0,0:0:0:0:
475,192,32558,1,0,0:0:0:0:
109,192,32839,1,0,0:0:0:0:
329,192,32933,128,0,33214:0:0:0:0:
36,192,33214,1,0,0:0:0:0:
329,192,33308,1,0,0:0:0:0:
475,192,33308,1,0,0:0:0:0:
182,192,33433,1,0,0:0:0:0:
36,192,33558,1,0,0:0:0:0:
256,192,33683,1,0,0:0:0:0:
475,192,33683,128,0,34058:0:0:0:0:
182,192,33683,1,0,0:0:0:0:
36,192,34058,128,0,34714:0:0:0:0:
329,192,34058,1,0,0:0:0:0:
256,192,34433,1,0,0:0:0:0:
402,192,34714,1,0,0:0:0:0:
182,192,34808,1,0,0:0:0:0:
109,192,34808,128,0,35558:0:0:0:0:
475,192,35089,1,0,0:0:0:0:
329,192,35183,1,0,0:0:0:0:
256,192,35464,1,0,0:0:0:0:
475,192,35558,1,0,0:0:0:0:
402,192,35558,1,0,0:0:0:0:
182,192,35839,1,0,0:0:0:0:
475,192,35933,1,0,0:0:0:0:
329,192,35933,128,0,36308:0:0:0:0:
36,192,35933,1,0,0:0:0:0:
256,192,36308,128,0,36683:0:0:0:0:
402,192,36308,1,0,0:0:0:0:
182,192,36683,128,0,37058:0:0:0:0:
329,192,36683,1,0,0:0:0:0:
109,192,37058,1,0,0:0:0:0:
475,192,37058,1,0,0:0:0:0:
329,192,37339,1,0,0:0:0:0:
109,192,37433,1,0,0:0:0:0:
402,192,37714,1,0,0:0:0:0:
182,192,37808,1,0,0:0:0:0:
36,192,37808,1,0,0:0:0:0:
182,192,38089,1,0,0:0:0:0:
329,192,38183,1,0,0:0:0:0:
402,192,38183,1,0,0:0:0:0:
475,192,38183,128,0,38558:0:0:0:0:
109,192,38558,128,0,39308:0:0:0:0:
256,192,38558,1,0,0:0:0:0:
402,192,38933,1,0,0:0:0:0:
329,192,38933,1,0,0:0:0:0:
256,192,39308,1,0,0:0:0:0:
475,192,39308,128,0,41558:0:0:0:0:
182,192,39433,1,0,0:0:0:0:
109,192,39558,1,0,0:0:0:0:
329,192,39683,1,0,0:0:0:0:
256,192,39808,1,0,0:0:0:0:
182,192,39933,1,0,0:0:0:0:
402,192,40058,1,0,0:0:0:0:
329,192,40183,1,0,0:0:0:0:
256,192,40308,1,0,0:0:0:0:
109,192,40433,128,0,40558:0:0:0:0:
256,192,40558,128,0,40683:0:0:0:0:
402,192,40683,128,0,40808:0:0:0:0:
36,192,40808,128,0,40933:0:0:0:0:
182,192,40933,128,0,41058:0:0:0:0:
329,192,41058,128,0,41183:0:0:0:0:
109,192,41183,128,0,41308:0:0:0:0:
182,192,41308,128,0,41433:0:0:0:0:
256,192,41433,128,0,41558:0:0:0:0:
402,192,41558,1,0,0:0:0:0:
36,192,41558,128,0,43683:0:0:0:0:
475,192,41933,128,0,43683:0:0:0:0:
182,192,41933,1,0,0:0:0:0:
256,192,42308,1,0,0:0:0:0:
109,192,42495,128,0,43683:0:0:0:0:
402,192,42683,128,0,43683:0:0:0:0:
329,192,42683,1,0,0:0:0:0:
109,192,43808,128,0,45933:0:0:0:0:
402,192,43808,1,0,0:0:0:0:
475,192,44183,128,0,45933:0:0:0:0:
256,192,44183,1,0,0:0:0:0:
329,192,44558,1,0,0:0:0:0:
182,192,44745,128,0,45933:0:0:0:0:
329,192,44933,128,0,45933:0:0:0:0:
402,192,44933,1,0,0:0:0:0:
36,192,46058,128,0,46995:0:0:0:0:
109,192,46058,128,0,46995:0:0:0:0:
402,192,46058,1,0,0:0:0:0:
475,192,46433,128,0,46995:0:0:0:0:
402,192,46433,128,0,46995:0:0:0:0:
182,192,46808,1,0,0:0:0:0:
329,192,46995,128,0,47183:0:0:0:0:
182,192,47183,128,0,48308:0:0:0:0:
475,192,47183,128,0,48308:0:0:0:0:
36,192,47183,1,0,0:0:0:0:
402,192,47558,128,0,48308:0:0:0:0:
329,192,47933,128,0,48308:0:0:0:0:
36,192,47933,1,0,0:0:0:0:
36,192,48308,1,0,0:0:0:0:
256,192,48308,1,0,0:0:0:0:
182,192,48683,1,0,0:0:0:0:
402,192,48683,1,0,0:0:0:0:
36,192,48870,1,0,0:0:0:0:
109,192,48870,1,0,0:0:0:0:
329,192,48870,1,0,0:0:0:0:
109,192,49245,1,0,0:0:0:0:
329,192,49245,1,0,0:0:0:0:
402,192,49433,1,0,0:0:0:0:
475,192,49433,1,0,0:0:0:0:
182,192,49433,128,0,50558:0:0:0:0:
329,192,49808,1,0,0:0:0:0:
402,192,49808,1,0,0:0:0:0:
256,192,50183,1,0,0:0:0:0:
36,192,50183,1,0,0:0:0:0:
109,192,50558,1,0,0:0:0:0:
475,192,50558,128,0,51308:0:0:0:0:
36,192,51183,1,0,0:0:0:0:
109,192,51183,1,0,0:0:0:0:
182,192,51308,128,0,51683:0:0:0:0:
329,192,51308,1,0,0:0:0:0:
402,192,51558,1,0,0:0:0:0:
329,192,51683,128,0,52058:0:0:0:0:
36,192,51683,1,0,0:0:0:0:
109,192,51683,1,0,0:0:0:0:
256,192,52058,128,0,52433:0:0:0:0:
475,192,52058,1,0,0:0:0:0:
402,192,52433,128,0,52808:0:0:0:0:
36,192,52433,1,0,0:0:0:0:
109,192,52808,128,0,53558:0:0:0:0:
475,192,52808,1,0,0:0:0:0:
475,192,53370,128,0,53558:0:0:0:0:
36,192,53558,1,0,0:0:0:0:
256,192,53558,1,0,0:0:0:0:
402,192,53745,128,0,53933:0:0:0:0:
36,192,53933,1,0,0:0:0:0:
109,192,53933,128,0,54683:0:0:0:0:
329,192,53933,1,0,0:0:0:0:
256,192,54308,1,0,0:0:0:0:
475,192,54308,1,0,0:0:0:0:
182,192,54683,128,0,55058:0:0:0:0:
402,192,54683,1,0,0:0:0:0:
329,192,55058,128,0,55808:0:0:0:0:
36,192,55058,1,0,0:0:0:0:
256,192,55433,128,0,55808:0:0:0:0:
402,192,55808,128,0,56183:0:0:0:0:
36,192,55808,1,0,0:0:0:0:
475,192,56183,128,0,56933:0:0:0:0:
109,192,56183,1,0,0:0:0:0:
256,192,56183,1,0,0:0:0:0:
329,192,56558,128,0,56933:0:0:0:0:
109,192,56933,128,0,57308:0:0:0:0:
182,192,56933,1,0,0:0:0:0:
329,192,57308,128,0,59558:0:0:0:0:
36,192,57308,1,0,0:0:0:0:
182,192,57433,1,0,0:0:0:0:
475,192,57558,1,0,0:0:0:0:
36,192,57683,1,0,0:0:0:0:
182,192,57808,1,0,0:0:0:0:
256,192,57933,1,0,0:0:0:0:
109,192,58058,1,0,0:0:0:0:
256,192,58183,1,0,0:0:0:0:
402,192,58308,1,0,0:0:0:0:
36,192,58433,128,0,59558:0:0:0:0:
182,192,58433,1,0,0:0:0:0:
475,192,58558,1,0,0:0:0:0:
402,192,58683,1,0,0:0:0:0:
256,192,58808,1,0,0:0:0:0:
182,192,58933,1,0,0:0:0:0:
109,192,59058,1,0,0:0:0:0:
475,192,59183,1,0,0:0:0:0:
402,192,59276,1,0,0:0:0:0:
256,192,59370,1,0,0:0:0:0:
182,192,59464,1,0,0:0:0:0:
109,192,59558,1,0,0:0:0:0:
475,192,59558,1,0,0:0:0:0:
182,192,60308,1,0,0:0:0:0:
475,192,60308,1,0,0:0:0:0:
329,192,60636,1,0,0:0:0:0:
402,192,60683,1,0,0:0:0:0:
475,192,60729,1,0,0:0:0:0:
36,192,61058,1,0,0:0:0:0:
256,192,61058,1,0,0:0:0:0:
329,192,61339,1,0,0:0:0:0:
109,192,61433,1,0,0:0:0:0:
256,192,61714,1,0,0:0:0:0:
475,192,61714,1,0,0:0:0:0:
182,192,61808,1,0,0:0:0:0:
36,192,61808,1,0,0:0:0:0:
109,192,62886,1,0,0:0:0:0:
182,192,62933,1,0,0:0:0:0:
402,192,62933,1,0,0:0:0:0:
182,192,64058,1,0,0:0:0:0:
329,192,64104,1,0,0:0:0:0:
109,192,64808,1,0,0:0:0:0:
402,192,64808,1,0,0:0:0:0:
182,192,65183,1,0,0:0:0:0:
475,192,65229,1,0,0:0:0:0:
36,192,65558,1,0,0:0:0:0:
329,192,65604,1,0,0:0:0:0:
109,192,65839,1,0,0:0:0:0:
329,192,65933,1,0,0:0:0:0:
402,192,66214,1,0,0:0:0:0:
109,192,66308,1,0,0:0:0:0:
256,192,66433,1,0,0:0:0:0:
402,192,66558,1,0,0:0:0:0:
109,192,66683,1,0,0:0:0:0:
182,192,66808,1,0,0:0:0:0:
256,192,66933,1,0,0:0:0:0:
329,192,67058,1,0,0:0:0:0:
402,192,67183,1,0,0:0:0:0:
475,192,67308,1,0,0:0:0:0:
109,192,67386,1,0,0:0:0:0:
182,192,67433,1,0,0:0:0:0:
329,192,67558,1,0,0:0:0:0:
256,192,67683,1,0,0:0:0:0:
182,192,67808,1,0,0:0:0:0:
402,192,67933,1,0,0:0:0:0:
329,192,68058,1,0,0:0:0:0:
256,192,68183,1,0,0:0:0:0:
182,192,68308,1,0,0:0:0:0:
109,192,68433,1,0,0:0:0:0:
36,192,68558,1,0,0:0:0:0:
402,192,68558,1,0,0:0:0:0:
475,192,68558,1,0,0:0:0:0:
182,192,69214,1,0,0:0:0:0:
402,192,69308,1,0,0:0:0:0:
475,192,69308,1,0,0:0:0:0:
256,192,69589,1,0,0:0:0:0:
329,192,69636,1,0,0:0:0:0:
402,192,69683,1,0,0:0:0:0:
36,192,69683,1,0,0:0:0:0:
475,192,69683,1,0,0:0:0:0:
182,192,69964,1,0,0:0:0:0:
256,192,70011,1,0,0:0:0:0:
36,192,70058,1,0,0:0:0:0:
329,192,70058,1,0,0:0:0:0:
109,192,70339,1,0,0:0:0:0:
256,192,70433,1,0,0:0:0:0:
475,192,70433,1,0,0:0:0:0:
256,192,70714,1,0,0:0:0:0:
182,192,70761,1,0,0:0:0:0:
109,192,70808,1,0,0:0:0:0:
402,192,70808,1,0,0:0:0:0:
182,192,71136,1,0,0:0:0:0:
475,192,71183,1,0,0:0:0:0:
329,192,71464,1,0,0:0:0:0:
256,192,71511,1,0,0:0:0:0:
182,192,71558,1,0,0:0:0:0:
36,192,71558,1,0,0:0:0:0:
109,192,71839,1,0,0:0:0:0:
329,192,71839,1,0,0:0:0:0:
182,192,71933,1,0,0:0:0:0:
402,192,71933,1,0,0:0:0:0:
475,192,71933,1,0,0:0:0:0:
109,192,72308,1,0,0:0:0:0:
402,192,72308,1,0,0:0:0:0:
109,192,72589,1,0,0:0:0:0:
182,192,72636,1,0,0:0:0:0:
256,192,72683,1,0,0:0:0:0:
475,192,72683,1,0,0:0:0:0:
402,192,72776,1,0,0:0:0:0:
182,192,72870,1,0,0:0:0:0:
329,192,72964,1,0,0:0:0:0:
109,192,73058,1,0,0:0:0:0:
36,192,73058,1,0,0:0:0:0:
402,192,73058,1,0,0:0:0:0:
182,192,73151,1,0,0:0:0:0:
402,192,73245,1,0,0:0:0:0:
182,192,73339,1,0,0:0:0:0:
402,192,73433,1,0,0:0:0:0:
402,192,73558,1,0,0:0:0:0:
402,192,73683,1,0,0:0:0:0:
402,192,73808,1,0,0:0:0:0:
402,192,73933,1,0,0:0:0:0:
182,192,74089,1,0,0:0:0:0:
109,192,74089,1,0,0:0:0:0:
402,192,74183,1,0,0:0:0:0:
402,192,74276,1,0,0:0:0:0:
402,192,74370,1,0,0:0:0:0:
109,192,74464,1,0,0:0:0:0:
109,192,74558,1,0,0:0:0:0:
109,192,74651,1,0,0:0:0:0:
402,192,74745,1,0,0:0:0:0:
402,192,74839,1,0,0:0:0:0:
402,192,74933,1,0,0:0:0:0:
109,192,75026,1,0,0:0:0:0:
109,192,75120,1,0,0:0:0:0:
109,192,75214,1,0,0:0:0:0:
329,192,75308,1,0,0:0:0:0:
402,192,75308,1,0,0:0:0:0:
475,192,75308,1,0,0:0:0:0:
182,192,75589,1,0,0:0:0:0:
109,192,75636,1,0,0:0:0:0:
475,192,75683,1,0,0:0:0:0:
36,192,75683,1,0,0:0:0:0:
329,192,75683,1,0,0:0:0:0:
256,192,75964,1,0,0:0:0:0:
182,192,76011,1,0,0:0:0:0:
109,192,76058,1,0,0:0:0:0:
402,192,76058,1,0,0:0:0:0:
475,192,76058,1,0,0:0:0:0:
256,192,76339,1,0,0:0:0:0:
329,192,76386,1,0,0:0:0:0:
402,192,76433,1,0,0:0:0:0:
475,192,76433,1,0,0:0:0:0:
36,192,76433,1,0,0:0:0:0:
36,192,76808,1,0,0:0:0:0:
182,192,76808,1,0,0:0:0:0:
475,192,76808,128,0,77558:0:0:0:0:
256,192,77558,1,0,0:0:0:0:
36,192,77558,1,0,0:0:0:0:
402,192,77558,1,0,0:0:0:0:
109,192,77683,1,0,0:0:0:0:
182,192,77808,1,0,0:0:0:0:
329,192,77933,1,0,0:0:0:0:
402,192,78058,1,0,0:0:0:0:
475,192,78183,1,0,0:0:0:0:
36,192,78183,1,0,0:0:0:0:
329,192,78308,1,0,0:0:0:0:
256,192,78308,1,0,0:0:0:0:
182,192,78433,1,0,0:0:0:0:
109,192,78558,1,0,0:0:0:0:
402,192,78683,1,0,0:0:0:0:
475,192,78683,1,0,0:0:0:0:
256,192,78808,1,0,0:0:0:0:
109,192,78933,1,0,0:0:0:0:
475,192,79058,1,0,0:0:0:0:
36,192,79058,1,0,0:0:0:0:
329,192,79183,1,0,0:0:0:0:
182,192,79308,1,0,0:0:0:0:
475,192,79433,1,0,0:0:0:0:
109,192,79433,1,0,0:0:0:0:
402,192,79558,1,0,0:0:0:0:
329,192,79683,1,0,0:0:0:0:
36,192,79808,1,0,0:0:0:0:
182,192,79808,1,0,0:0:0:0:
256,192,79933,1,0,0:0:0:0:
329,192,80058,1,0,0:0:0:0:
402,192,80183,1,0,0:0:0:0:
109,192,80308,1,0,0:0:0:0:
256,192,80433,1,0,0:0:0:0:
475,192,80433,1,0,0:0:0:0:
402,192,80558,1,0,0:0:0:0:
182,192,80558,1,0,0:0:0:0:
109,192,80683,1,0,0:0:0:0:
36,192,80808,1,0,0:0:0:0:
256,192,80808,1,0,0:0:0:0:
182,192,80933,1,0,0:0:0:0:
402,192,80933,1,0,0:0:0:0:
329,192,81058,1,0,0:0:0:0:
256,192,81183,1,0,0:0:0:0:
182,192,81308,1,0,0:0:0:0:
402,192,81308,1,0,0:0:0:0:
475,192,81433,1,0,0:0:0:0:
36,192,81558,1,0,0:0:0:0:
182,192,81683,1,0,0:0:0:0:
402,192,81683,1,0,0:0:0:0:
329,192,81808,1,0,0:0:0:0:
256,192,81933,1,0,0:0:0:0:
182,192,82058,1,0,0:0:0:0:
36,192,82058,1,0,0:0:0:0:
329,192,82183,1,0,0:0:0:0:
475,192,82308,1,0,0:0:0:0:
109,192,82433,1,0,0:0:0:0:
256,192,82558,1,0,0:0:0:0:
402,192,82683,1,0,0:0:0:0:
475,192,82683,1,0,0:0:0:0:
36,192,82808,1,0,0:0:0:0:
329,192,82808,1,0,0:0:0:0:
182,192,82933,1,0,0:0:0:0:
329,192,83058,1,0,0:0:0:0:
402,192,83058,1,0,0:0:0:0:
109,192,83183,1,0,0:0:0:0:
475,192,83183,1,0,0:0:0:0:
256,192,83433,1,0,0:0:0:0:
109,192,83558,1,0,0:0:0:0:
402,192,83558,1,0,0:0:0:0:
182,192,83683,1,0,0:0:0:0:
256,192,83808,1,0,0:0:0:0:
402,192,83933,1,0,0:0:0:0:
475,192,83933,1,0,0:0:0:0:
256,192,84058,1,0,0:0:0:0:
109,192,84183,1,0,0:0:0:0:
329,192,84308,1,0,0:0:0:0:
475,192,84308,1,0,0:0:0:0:
402,192,84433,1,0,0:0:0:0:
256,192,84558,1,0,0:0:0:0:
329,192,84683,1,0,0:0:0:0:
182,192,84808,1,0,0:0:0:0:
256,192,84933,1,0,0:0:0:0:
475,192,84933,1,0,0:0:0:0:
329,192,85058,1,0,0:0:0:0:
109,192,85058,1,0,0:0:0:0:
402,192,85183,1,0,0:0:0:0:
256,192,85308,1,0,0:0:0:0:
182,192,85433,1,0,0:0:0:0:
36,192,85433,1,0,0:0:0:0:
475,192,85558,1,0,0:0:0:0:
402,192,85683,1,0,0:0:0:0:
329,192,85808,1,0,0:0:0:0:
109,192,85808,1,0,0:0:0:0:
256,192,85933,1,0,0:0:0:0:
182,192,86058,1,0,0:0:0:0:
109,192,86183,1,0,0:0:0:0:
256,192,86308,1,0,0:0:0:0:
402,192,86433,1,0,0:0:0:0:
36,192,86558,1,0,0:0:0:0:
182,192,86558,1,0,0:0:0:0:
329,192,86808,1,0,0:0:0:0:
109,192,86933,1,0,0:0:0:0:
402,192,87058,1,0,0:0:0:0:
182,192,87183,1,0,0:0:0:0:
36,192,87183,1,0,0:0:0:0:
475,192,87308,1,0,0:0:0:0:
329,192,87308,1,0,0:0:0:0:
256,192,87433,1,0,0:0:0:0:
182,192,87558,1,0,0:0:0:0:
109,192,87683,1,0,0:0:0:0:
402,192,87683,1,0,0:0:0:0:
329,192,87808,1,0,0:0:0:0:
256,192,87933,1,0,0:0:0:0:
182,192,88058,1,0,0:0:0:0:
475,192,88058,1,0,0:0:0:0:
36,192,88183,1,0,0:0:0:0:
402,192,88308,1,0,0:0:0:0:
256,192,88433,1,0,0:0:0:0:
109,192,88433,1,0,0:0:0:0:
329,192,88558,1,0,0:0:0:0:
402,192,88683,1,0,0:0:0:0:
475,192,88808,1,0,0:0:0:0:
36,192,88808,1,0,0:0:0:0:
109,192,88933,1,0,0:0:0:0:
182,192,89058,1,0,0:0:0:0:
109,192,89183,1,0,0:0:0:0:
182,192,89308,1,0,0:0:0:0:
256,192,89433,1,0,0:0:0:0:
475,192,89433,1,0,0:0:0:0:
402,192,89558,1,0,0:0:0:0:
109,192,89558,1,0,0:0:0:0:
182,192,89683,1,0,0:0:0:0:
256,192,89808,1,0,0:0:0:0:
329,192,89933,1,0,0:0:0:0:
36,192,89933,1,0,0:0:0:0:
109,192,90058,1,0,0:0:0:0:
182,192,90183,1,0,0:0:0:0:
256,192,90308,1,0,0:0:0:0:
36,192,90308,1,0,0:0:0:0:
329,192,90433,1,0,0:0:0:0:
402,192,90558,1,0,0:0:0:0:
475,192,90683,1,0,0:0:0:0:
109,192,90683,1,0,0:0:0:0:
182,192,90808,1,0,0:0:0:0:
256,192,90933,1,0,0:0:0:0:
329,192,91058,128,0,91808:0:0:0:0:
475,192,91058,128,0,91808:0:0:0:0:
36,192,91058,128,0,91808:0:0:0:0:
182,192,91683,1,0,0:0:0:0:
109,192,91683,1,0,0:0:0:0:
402,192,91808,1,0,0:0:0:0:
256,192,91808,1,0,0:0:0:0:
256,192,92058,1,0,0:0:0:0:
329,192,92120,1,0,0:0:0:0:
36,192,92183,128,0,92933:0:0:0:0:
402,192,92183,128,0,92933:0:0:0:0:
109,192,92183,128,0,92933:0:0:0:0:
329,192,92808,1,0,0:0:0:0:
475,192,92808,1,0,0:0:0:0:
182,192,92933,1,0,0:0:0:0:
256,192,92933,1,0,0:0:0:0:
182,192,93183,1,0,0:0:0:0:
109,192,93245,1,0,0:0:0:0:
475,192,93308,128,0,93870:0:0:0:0:
256,192,93308,128,0,93870:0:0:0:0:
36,192,93308,128,0,93870:0:0:0:0:
402,192,93683,1,0,0:0:0:0:
329,192,93683,1,0,0:0:0:0:
182,192,93870,1,0,0:0:0:0:
402,192,93870,1,0,0:0:0:0:
109,192,93870,1,0,0:0:0:0:
256,192,94339,1,0,0:0:0:0:
329,192,94386,1,0,0:0:0:0:
36,192,94433,128,0,95464:0:0:0:0:
475,192,94433,128,0,95464:0:0:0:0:
402,192,94433,128,0,94808:0:0:0:0:
109,192,94808,128,0,95464:0:0:0:0:
329,192,94808,1,0,0:0:0:0:
256,192,95183,1,0,0:0:0:0:
329,192,95183,1,0,0:0:0:0:
182,192,95183,1,0,0:0:0:0:
402,192,95370,128,0,95464:0:0:0:0:
36,192,95558,128,0,97683:0:0:0:0:
475,192,95558,1,0,0:0:0:0:
256,192,95558,1,0,0:0:0:0:
329,192,95683,1,0,0:0:0:0:
402,192,95808,1,0,0:0:0:0:
475,192,95933,128,0,97683:0:0:0:0:
182,192,95933,1,0,0:0:0:0:
256,192,96058,1,0,0:0:0:0:
329,192,96183,1,0,0:0:0:0:
256,192,96308,1,0,0:0:0:0:
402,192,96433,1,0,0:0:0:0:
109,192,96495,128,0,97683:0:0:0:0:
402,192,96683,128,0,97683:0:0:0:0:
329,192,96683,1,0,0:0:0:0:
256,192,96808,1,0,0:0:0:0:
182,192,96933,1,0,0:0:0:0:
329,192,97058,1,0,0:0:0:0:
256,192,97183,1,0,0:0:0:0:
182,192,97308,1,0,0:0:0:0:
329,192,97433,1,0,0:0:0:0:
256,192,97558,1,0,0:0:0:0:
182,192,97683,1,0,0:0:0:0:
109,192,97808,128,0,99933:0:0:0:0:
402,192,97808,1,0,0:0:0:0:
36,192,97933,1,0,0:0:0:0:
402,192,98058,1,0,0:0:0:0:
475,192,98183,128,0,99933:0:0:0:0:
256,192,98183,1,0,0:0:0:0:
329,192,98308,1,0,0:0:0:0:
402,192,98433,1,0,0:0:0:0:
329,192,98558,1,0,0:0:0:0:
256,192,98683,1,0,0:0:0:0:
182,192,98745,128,0,99933:0:0:0:0:
329,192,98933,128,0,99933:0:0:0:0:
402,192,98933,1,0,0:0:0:0:
36,192,99058,1,0,0:0:0:0:
256,192,99183,1,0,0:0:0:0:
402,192,99308,1,0,0:0:0:0:
36,192,99433,1,0,0:0:0:0:
256,192,99558,1,0,0:0:0:0:
402,192,99683,1,0,0:0:0:0:
36,192,99808,1,0,0:0:0:0:
256,192,99933,1,0,0:0:0:0:
475,192,100058,128,0,100995:0:0:0:0:
402,192,100058,128,0,100995:0:0:0:0:
109,192,100058,1,0,0:0:0:0:
36,192,100058,1,0,0:0:0:0:
36,192,100433,128,0,100995:0:0:0:0:
109,192,100433,128,0,100995:0:0:0:0:
329,192,100808,1,0,0:0:0:0:
182,192,100995,128,0,101183:0:0:0:0:
329,192,101183,128,0,102308:0:0:0:0:
36,192,101183,128,0,102308:0:0:0:0:
475,192,101183,1,0,0:0:0:0:
402,192,101183,1,0,0:0:0:0:
109,192,101558,128,0,102308:0:0:0:0:
182,192,101933,128,0,102308:0:0:0:0:
475,192,101933,1,0,0:0:0:0:
475,192,102308,1,0,0:0:0:0:
256,192,102308,1,0,0:0:0:0:
402,192,102308,1,0,0:0:0:0:
329,192,102683,1,0,0:0:0:0:
109,192,102683,1,0,0:0:0:0:
475,192,102870,1,0,0:0:0:0:
402,192,102870,1,0,0:0:0:0:
182,192,102870,1,0,0:0:0:0:
402,192,103245,1,0,0:0:0:0:
182,192,103245,1,0,0:0:0:0:
109,192,103433,1,0,0:0:0:0:
36,192,103433,1,0,0:0:0:0:
329,192,103433,128,0,104558:0:0:0:0:
182,192,103808,1,0,0:0:0:0:
109,192,103808,1,0,0:0:0:0:
256,192,104183,1,0,0:0:0:0:
475,192,104183,1,0,0:0:0:0:
109,192,104558,1,0,0:0:0:0:
36,192,104558,1,0,0:0:0:0:
402,192,104558,128,0,105308:0:0:0:0:
109,192,104933,1,0,0:0:0:0:
256,192,105058,1,0,0:0:0:0:
475,192,105183,1,0,0:0:0:0:
256,192,105308,128,0,105683:0:0:0:0:
36,192,105308,1,0,0:0:0:0:
109,192,105433,1,0,0:0:0:0:
182,192,105558,1,0,0:0:0:0:
329,192,105683,128,0,106058:0:0:0:0:
475,192,105683,1,0,0:0:0:0:
182,192,105808,1,0,0:0:0:0:
36,192,105933,1,0,0:0:0:0:
182,192,106058,128,0,106433:0:0:0:0:
475,192,106058,1,0,0:0:0:0:
402,192,106183,1,0,0:0:0:0:
329,192,106308,1,0,0:0:0:0:
402,192,106433,128,0,106808:0:0:0:0:
36,192,106433,1,0,0:0:0:0:
109,192,106808,128,0,107433:0:0:0:0:
182,192,106808,128,0,107433:0:0:0:0:
329,192,107183,1,0,0:0:0:0:
475,192,107433,1,0,0:0:0:0:
256,192,107558,1,0,0:0:0:0:
36,192,107558,1,0,0:0:0:0:
402,192,107745,1,0,0:0:0:0:
182,192,107745,128,0,107933:0:0:0:0:
36,192,107933,1,0,0:0:0:0:
329,192,107933,1,0,0:0:0:0:
475,192,107933,128,0,108683:0:0:0:0:
256,192,108308,1,0,0:0:0:0:
109,192,108308,1,0,0:0:0:0:
329,192,108683,1,0,0:0:0:0:
36,192,108683,128,0,109058:0:0:0:0:
475,192,109058,128,0,109808:0:0:0:0:
329,192,109058,1,0,0:0:0:0:
256,192,109183,1,0,0:0:0:0:
182,192,109308,1,0,0:0:0:0:
329,192,109433,128,0,109808:0:0:0:0:
182,192,109808,1,0,0:0:0:0:
36,192,109808,128,0,110183:0:0:0:0:
402,192,110183,128,0,110933:0:0:0:0:
109,192,110183,1,0,0:0:0:0:
182,192,110308,1,0,0:0:0:0:
256,192,110433,1,0,0:0:0:0:
36,192,110558,128,0,110933:0:0:0:0:
256,192,110933,1,0,0:0:0:0:
475,192,110933,128,0,111308:0:0:0:0:
36,192,111308,128,0,113558:0:0:0:0:
182,192,111308,1,0,0:0:0:0:
329,192,111433,1,0,0:0:0:0:
475,192,111558,1,0,0:0:0:0:
109,192,111683,1,0,0:0:0:0:
256,192,111808,1,0,0:0:0:0:
402,192,111933,1,0,0:0:0:0:
182,192,112058,1,0,0:0:0:0:
475,192,112058,1,0,0:0:0:0:
256,192,112183,1,0,0:0:0:0:
329,192,112308,1,0,0:0:0:0:
475,192,112433,128,0,113558:0:0:0:0:
402,192,112433,1,0,0:0:0:0:
109,192,112433,1,0,0:0:0:0:
182,192,112558,1,0,0:0:0:0:
256,192,112683,1,0,0:0:0:0:
402,192,112808,1,0,0:0:0:0:
109,192,112808,1,0,0:0:0:0:
329,192,112933,1,0,0:0:0:0:
256,192,113058,1,0,0:0:0:0:
109,192,113183,1,0,0:0:0:0:
182,192,113276,1,0,0:0:0:0:
256,192,113370,1,0,0:0:0:0:
329,192,113464,1,0,0:0:0:0:
109,192,113558,1,0,0:0:0:0:
182,192,113558,1,0,0:0:0:0:
402,192,113558,1,0,0:0:0:0:
109,192,114308,1,0,0:0:0:0:
402,192,114308,1,0,0:0:0:0:
109,192,114683,1,0,0:0:0:0:
402,192,114683,1,0,0:0:0:0:
182,192,115058,1,0,0:0:0:0:
109,192,115058,1,0,0:0:0:0:
329,192,115245,1,0,0:0:0:0:
475,192,115245,1,0,0:0:0:0:
256,192,115620,1,0,0:0:0:0:
36,192,115808,1,0,0:0:0:0:
182,192,115808,1,0,0:0:0:0:
256,192,116370,1,0,0:0:0:0:
402,192,116370,1,0,0:0:0:0:
109,192,116808,1,0,0:0:0:0:
475,192,116933,1,0,0:0:0:0:
402,192,116964,1,0,0:0:0:0:
329,192,116995,1,0,0:0:0:0:
36,192,117683,1,0,0:0:0:0:
329,192,118058,1,0,0:0:0:0:
109,192,118245,1,0,0:0:0:0:
329,192,118433,1,0,0:0:0:0:
182,192,118573,1,0,0:0:0:0:
402,192,118737,1,0,0:0:0:0:
256,192,118901,1,0,0:0:0:0:
36,192,119042,1,0,0:0:0:0:
182,192,119183,1,0,0:0:0:0:
329,192,119308,1,0,0:0:0:0:
475,192,119433,1,0,0:0:0:0:
182,192,119558,1,0,0:0:0:0:
329,192,119683,1,0,0:0:0:0:
36,192,119808,1,0,0:0:0:0:
182,192,119933,1,0,0:0:0:0:
475,192,120050,1,0,0:0:0:0:
329,192,120183,1,0,0:0:0:0:
182,192,120308,1,0,0:0:0:0:
36,192,120401,1,0,0:0:0:0:
475,192,120495,1,0,0:0:0:0:
329,192,120589,1,0,0:0:0:0:
182,192,120683,1,0,0:0:0:0:
329,192,120776,1,0,0:0:0:0:
475,192,120870,1,0,0:0:0:0:
36,192,120964,1,0,0:0:0:0:
182,192,121058,1,0,0:0:0:0:
329,192,121151,1,0,0:0:0:0:
475,192,121222,1,0,0:0:0:0:
329,192,121308,1,0,0:0:0:0:
182,192,121370,1,0,0:0:0:0:
36,192,121433,1,0,0:0:0:0:
109,192,122183,1,0,0:0:0:0:
329,192,122183,1,0,0:0:0:0:
182,192,122558,1,0,0:0:0:0:
402,192,122558,1,0,0:0:0:0:
256,192,123308,1,0,0:0:0:0:
475,192,123308,1,0,0:0:0:0:
329,192,123683,1,0,0:0:0:0:
36,192,123683,1,0,0:0:0:0:
182,192,124433,1,0,0:0:0:0:
36,192,124464,1,0,0:0:0:0:
402,192,124776,1,0,0:0:0:0:
256,192,124808,1,0,0:0:0:0:
329,192,125526,1,0,0:0:0:0:
109,192,125558,1,0,0:0:0:0:
475,192,125901,1,0,0:0:0:0:
256,192,125933,1,0,0:0:0:0:
109,192,126683,1,0,0:0:0:0:
329,192,126683,1,0,0:0:0:0:
36,192,127058,1,0,0:0:0:0:
402,192,127058,1,0,0:0:0:0:
109,192,127808,1,0,0:0:0:0:
402,192,127808,1,0,0:0:0:0:
182,192,128558,1,0,0:0:0:0:
402,192,128558,1,0,0:0:0:0:
36,192,129308,128,0,131558:0:0:0:0:
329,192,129683,1,0,0:0:0:0:
402,192,129729,1,0,0:0:0:0:
475,192,129776,128,0,131558:0:0:0:0:
402,192,130183,1,0,0:0:0:0:
329,192,130276,1,0,0:0:0:0:
182,192,130339,1,0,0:0:0:0:
109,192,130433,1,0,0:0:0:0:
402,192,130479,1,0,0:0:0:0:
329,192,130573,1,0,0:0:0:0:
182,192,130667,1,0,0:0:0:0:
109,192,130808,1,0,0:0:0:0:
402,192,130948,1,0,0:0:0:0:
329,192,131042,1,0,0:0:0:0:
256,192,131183,1,0,0:0:0:0:
182,192,131276,1,0,0:0:0:0:
109,192,131370,1,0,0:0:0:0:
256,192,131464,1,0,0:0:0:0:
402,192,131558,1,0,0:0:0:0:
182,192,131558,1,0,0:0:0:0:
329,192,131745,1,0,0:0:0:0:
109,192,131933,1,0,0:0:0:0:
402,192,132120,1,0,0:0:0:0:
109,192,132308,1,0,0:0:0:0:
329,192,132495,1,0,0:0:0:0:
182,192,132683,1,0,0:0:0:0:
329,192,132870,1,0,0:0:0:0:
475,192,133058,1,0,0:0:0:0:
329,192,133245,1,0,0:0:0:0:
182,192,133433,128,0,133808:0:0:0:0:
402,192,133808,1,0,0:0:0:0:
109,192,133995,1,0,0:0:0:0:
256,192,134183,1,0,0:0:0:0:
36,192,134370,1,0,0:0:0:0:
256,192,134558,1,0,0:0:0:0:
475,192,134745,1,0,0:0:0:0:
109,192,134933,1,0,0:0:0:0:
256,192,135120,1,0,0:0:0:0:
402,192,135308,1,0,0:0:0:0:
256,192,135495,1,0,0:0:0:0:
109,192,135683,128,0,136058:0:0:0:0:
329,192,136058,1,0,0:0:0:0:
182,192,136245,1,0,0:0:0:0:
475,192,136433,1,0,0:0:0:0:
329,192,136620,1,0,0:0:0:0:
182,192,136808,1,0,0:0:0:0:
36,192,136995,1,0,0:0:0:0:
329,192,137136,1,0,0:0:0:0:
475,192,137183,1,0,0:0:0:0:
182,192,137370,1,0,0:0:0:0:
329,192,137558,1,0,0:0:0:0:
36,192,137745,1,0,0:0:0:0:
182,192,137933,1,0,0:0:0:0:
402,192,138120,1,0,0:0:0:0:
182,192,138401,1,0,0:0:0:0:
256,192,138433,1,0,0:0:0:0:
329,192,138464,1,0,0:0:0:0:
402,192,138495,128,0,145120:0:0:0:0:
256,192,139433,1,0,0:0:0:0:
182,192,139464,1,0,0:0:0:0:
109,192,139495,1,0,0:0:0:0:
36,192,139526,128,0,145120:0:0:0:0:
