[Metadata]
Altera Just Dancing (Extended Mix)
渡辺悠介
Jakads
マンガでわかる！Fate/Grand Order FGO
1
0

[TimingPoints]
42,56.6037735849057,4,2,0,0,1,0
82,566.037735849057,4,2,0,0,1,0
2306,-10,4,2,0,0,0,0
2346,-117.647058823529,4,2,0,0,0,0
4570,-10,4,2,0,0,0,0
4610,-142.857142857143,4,2,0,0,0,0
6834,-10,4,2,0,0,0,0
6874,-181.818181818182,4,2,0,0,0,0
9098,-10,4,2,0,0,0,0
9138,-250,4,2,0,0,0,0
11362,-10,4,2,0,0,0,0
11402,-333.333333333333,4,2,0,0,0,0
13626,-10,4,2,0,0,0,0
13666,-600,4,2,0,0,0,0
15891,-10,4,2,0,0,0,0
15931,-600,4,2,0,0,0,0
18151,0.0860870426087817,4,2,0,0,1,0
18151.1,1E+308,4,2,0,0,1,0
20411.9,0.3,4,2,0,0,1,0
20412,4,4,2,0,0,1,0
20413,2,4,2,0,0,1,0
20414,4,4,2,0,0,1,0
20415,2,4,2,0,0,1,0
20416,4,4,2,0,0,1,0
20417,2,4,2,0,0,1,0
20418,0.0860870426087817,4,2,0,0,1,0
20418.1,1E+308,4,2,0,0,1,0
22675.9,0.3,4,2,0,0,1,0
22676,4,4,2,0,0,1,0
22677,2,4,2,0,0,1,0
22678,4,4,2,0,0,1,0
22679,2,4,2,0,0,1,0
22680,4,4,2,0,0,1,0
22681,2,4,2,0,0,1,0
22682,0.0860870426087817,4,2,0,0,1,0
22682.1,1E+308,4,2,0,0,1,0
24939.9,0.3,4,2,0,0,1,0
24940,4,4,2,0,0,1,0
24941,2,4,2,0,0,1,0
24942,4,4,2,0,0,1,0
24943,2,4,2,0,0,1,0
24944,4,4,2,0,0,1,0
24945,2,4,2,0,0,1,0
24946,0.0860870426087817,4,2,0,0,1,0
24946.1,1E+308,4,2,0,0,1,0
27201.9,0.3,4,2,0,0,1,0
27202,4,4,2,0,0,1,0
27203,2,4,2,0,0,1,0
27204,4,4,2,0,0,1,0
27205,2,4,2,0,0,1,0
27206,4,4,2,0,0,1,0
27207,2,4,2,0,0,1,0
27208,0.0860870426087817,4,2,0,0,1,0
27208.1,1E+308,4,2,0,0,1,0
29465.9,0.3,4,2,0,0,1,0
29466,4,4,2,0,0,1,0
29467,2,4,2,0,0,1,0
29468,4,4,2,0,0,1,0
29469,2,4,2,0,0,1,0
29470,4,4,2,0,0,1,0
29471,2,4,2,0,0,1,0
29472,0.0860870426087817,4,2,0,0,1,0
29472.1,1E+308,4,2,0,0,1,0
31729.9,0.3,4,2,0,0,1,0
31730,4,4,2,0,0,1,0
31731,2,4,2,0,0,1,0
31732,4,4,2,0,0,1,0
31733,2,4,2,0,0,1,0
31734,4,4,2,0,0,1,0
31735,2,4,2,0,0,1,0
31736,0.0860870426087817,4,2,0,0,1,0
31736.1,1E+308,4,2,0,0,1,0
33993.9,0.3,4,2,0,0,1,0
33994,4,4,2,0,0,1,0
33995,2,4,2,0,0,1,0
33996,4,4,2,0,0,1,0
33997,2,4,2,0,0,1,0
33998,4,4,2,0,0,1,0
33999,2,4,2,0,0,1,0
34000,0.0860870426087817,4,2,0,0,1,0
34000.1,1E+308,4,2,0,0,1,0
36257.9,0.3,4,2,0,0,1,0
36258,4,4,2,0,0,1,0
36259,2,4,2,0,0,1,0
36260,4,4,2,0,0,1,0
36261,2,4,2,0,0,1,0
36262,4,4,2,0,0,1,0
36263,2,4,2,0,0,1,0
36264,0.0860870426087817,4,2,0,0,1,0
36264.1,566.037735849057,4,2,0,0,1,0
36264.1,-125,4,2,0,0,0,0
36641,-62.5,4,2,0,0,0,0
36830,-142.857142857143,4,2,0,0,0,0
37207,-71.4285714285714,4,2,0,0,0,0
37396,-166.666666666667,4,2,0,0,0,0
37773,-83.3333333333333,4,2,0,0,0,0
37962,-200,4,2,0,0,0,0
38339,-100,4,2,0,0,0,0
38528,-250,4,2,0,0,0,0
38905,-125,4,2,0,0,0,0
39094,-333.333333333333,4,2,0,0,0,0
39471,-166.666666666667,4,2,0,0,0,0
39660,-500,4,2,0,0,0,0
40037,-250,4,2,0,0,0,0
40226,-1000,4,2,0,0,0,0
40603,-500,4,2,0,0,0,0
40792,1E+308,4,2,0,0,1,0


[HitObjects]
475,192,42,5,0,0:0:0:0:
402,192,42,1,0,0:0:0:0:
329,192,42,1,0,0:0:0:0:
182,192,42,1,0,0:0:0:0:
256,192,42,1,0,0:0:0:0:
109,192,42,1,0,0:0:0:0:
36,192,42,1,0,0:0:0:0:
475,192,419,1,0,0:0:0:0:
329,192,608,1,0,0:0:0:0:
36,192,985,1,0,0:0:0:0:
109,192,1174,1,0,0:0:0:0:
182,192,1551,1,0,0:0:0:0:
256,192,1740,1,0,0:0:0:0:
402,192,2117,1,0,0:0:0:0:
475,192,2306,1,0,0:0:0:0:
402,192,2306,1,0,0:0:0:0:
329,192,2306,1,0,0:0:0:0:
109,192,2306,1,0,0:0:0:0:
36,192,2306,1,0,0:0:0:0:
182,192,2306,1,0,0:0:0:0:
256,192,2306,1,0,0:0:0:0:
256,192,2683,1,0,0:0:0:0:
109,192,2872,1,0,0:0:0:0:
36,192,3249,1,0,0:0:0:0:
182,192,3438,1,0,0:0:0:0:
329,192,3815,1,0,0:0:0:0:
402,192,4004,1,0,0:0:0:0:
475,192,4381,1,0,0:0:0:0:
475,192,4570,1,0,0:0:0:0:
402,192,4570,1,0,0:0:0:0:
329,192,4570,1,0,0:0:0:0:
256,192,4570,1,0,0:0:0:0:
182,192,4570,1,0,0:0:0:0:
36,192,4570,1,0,0:0:0:0:
109,192,4570,1,0,0:0:0:0:
329,192,4947,1,0,0:0:0:0:
109,192,5136,1,0,0:0:0:0:
36,192,5513,1,0,0:0:0:0:
182,192,5702,1,0,0:0:0:0:
256,192,6079,1,0,0:0:0:0:
402,192,6268,1,0,0:0:0:0:
475,192,6645,1,0,0:0:0:0:
475,192,6834,1,0,0:0:0:0:
402,192,6834,1,0,0:0:0:0:
329,192,6834,1,0,0:0:0:0:
256,192,6834,1,0,0:0:0:0:
182,192,6834,1,0,0:0:0:0:
109,192,6834,1,0,0:0:0:0:
36,192,6834,1,0,0:0:0:0:
475,192,7211,1,0,0:0:0:0:
109,192,7400,1,0,0:0:0:0:
36,192,7777,1,0,0:0:0:0:
182,192,7966,1,0,0:0:0:0:
256,192,8343,1,0,0:0:0:0:
329,192,8532,1,0,0:0:0:0:
402,192,8909,1,0,0:0:0:0:
475,192,9098,1,0,0:0:0:0:
402,192,9098,1,0,0:0:0:0:
329,192,9098,1,0,0:0:0:0:
256,192,9098,1,0,0:0:0:0:
182,192,9098,1,0,0:0:0:0:
109,192,9098,1,0,0:0:0:0:
36,192,9098,1,0,0:0:0:0:
182,192,9475,1,0,0:0:0:0:
402,192,9664,1,0,0:0:0:0:
256,192,10042,1,0,0:0:0:0:
475,192,10230,1,0,0:0:0:0:
36,192,10608,1,0,0:0:0:0:
329,192,10796,1,0,0:0:0:0:
109,192,11174,1,0,0:0:0:0:
475,192,11362,1,0,0:0:0:0:
402,192,11362,1,0,0:0:0:0:
329,192,11362,1,0,0:0:0:0:
256,192,11362,1,0,0:0:0:0:
109,192,11362,1,0,0:0:0:0:
36,192,11362,1,0,0:0:0:0:
182,192,11362,1,0,0:0:0:0:
256,192,11740,1,0,0:0:0:0:
109,192,11928,1,0,0:0:0:0:
182,192,12306,1,0,0:0:0:0:
329,192,12494,1,0,0:0:0:0:
402,192,12872,1,0,0:0:0:0:
475,192,13060,1,0,0:0:0:0:
36,192,13438,1,0,0:0:0:0:
36,192,13626,1,0,0:0:0:0:
109,192,13626,1,0,0:0:0:0:
182,192,13626,1,0,0:0:0:0:
256,192,13626,1,0,0:0:0:0:
329,192,13626,1,0,0:0:0:0:
475,192,13626,1,0,0:0:0:0:
402,192,13626,1,0,0:0:0:0:
182,192,14004,1,0,0:0:0:0:
475,192,14192,1,0,0:0:0:0:
256,192,14570,1,0,0:0:0:0:
36,192,14758,1,0,0:0:0:0:
402,192,15136,1,0,0:0:0:0:
109,192,15325,1,0,0:0:0:0:
329,192,15702,1,0,0:0:0:0:
182,192,15891,1,0,0:0:0:0:
109,192,15891,1,0,0:0:0:0:
36,192,15891,1,0,0:0:0:0:
256,192,15891,1,0,0:0:0:0:
329,192,15891,1,0,0:0:0:0:
402,192,15891,1,0,0:0:0:0:
475,192,15891,1,0,0:0:0:0:
182,192,16268,1,0,0:0:0:0:
329,192,16457,1,0,0:0:0:0:
402,192,16834,1,0,0:0:0:0:
109,192,17023,1,0,0:0:0:0:
36,192,17400,1,0,0:0:0:0:
475,192,17589,1,0,0:0:0:0:
256,192,17966,1,0,0:0:0:0:
256,192,18151,1,0,0:0:0:0:
182,192,18151,1,0,0:0:0:0:
109,192,18151,1,0,0:0:0:0:
36,192,18151,1,0,0:0:0:0:
329,192,18151,1,0,0:0:0:0:
402,192,18151,1,0,0:0:0:0:
475,192,18151,1,0,0:0:0:0:
182,192,18528,1,0,0:0:0:0:
36,192,18717,1,0,0:0:0:0:
329,192,19094,1,0,0:0:0:0:
109,192,19283,1,0,0:0:0:0:
402,192,19660,1,0,0:0:0:0:
256,192,19849,1,0,0:0:0:0:
475,192,20226,1,0,0:0:0:0:
182,192,20412,1,0,0:0:0:0:
36,192,20413,1,0,0:0:0:0:
329,192,20414,1,0,0:0:0:0:
109,192,20415,1,0,0:0:0:0:
402,192,20416,1,0,0:0:0:0:
256,192,20417,1,0,0:0:0:0:
475,192,20418,1,0,0:0:0:0:
402,192,20792,1,0,0:0:0:0:
109,192,20981,1,0,0:0:0:0:
475,192,21358,1,0,0:0:0:0:
256,192,21547,1,0,0:0:0:0:
329,192,21924,1,0,0:0:0:0:
36,192,22113,1,0,0:0:0:0:
182,192,22490,1,0,0:0:0:0:
402,192,22676,1,0,0:0:0:0:
109,192,22677,1,0,0:0:0:0:
475,192,22678,1,0,0:0:0:0:
256,192,22679,1,0,0:0:0:0:
329,192,22680,1,0,0:0:0:0:
36,192,22681,1,0,0:0:0:0:
182,192,22682,1,0,0:0:0:0:
256,192,23056,1,0,0:0:0:0:
109,192,23245,1,0,0:0:0:0:
36,192,23622,1,0,0:0:0:0:
182,192,23811,1,0,0:0:0:0:
329,192,24188,1,0,0:0:0:0:
475,192,24377,1,0,0:0:0:0:
402,192,24754,1,0,0:0:0:0:
256,192,24940,1,0,0:0:0:0:
109,192,24941,1,0,0:0:0:0:
36,192,24942,1,0,0:0:0:0:
182,192,24943,1,0,0:0:0:0:
329,192,24944,1,0,0:0:0:0:
475,192,24945,1,0,0:0:0:0:
402,192,24946,1,0,0:0:0:0:
256,192,25320,1,0,0:0:0:0:
475,192,25509,1,0,0:0:0:0:
182,192,25886,1,0,0:0:0:0:
402,192,26075,1,0,0:0:0:0:
109,192,26452,1,0,0:0:0:0:
329,192,26641,1,0,0:0:0:0:
36,192,27018,1,0,0:0:0:0:
256,192,27202,1,0,0:0:0:0:
475,192,27203,1,0,0:0:0:0:
182,192,27204,1,0,0:0:0:0:
402,192,27205,1,0,0:0:0:0:
109,192,27206,1,0,0:0:0:0:
329,192,27207,1,0,0:0:0:0:
36,192,27208,1,0,0:0:0:0:
475,192,27588,1,0,0:0:0:0:
329,192,27777,128,0,28154:0:0:0:0:
36,192,28154,1,0,0:0:0:0:
182,192,28343,128,0,28720:0:0:0:0:
402,192,28720,1,0,0:0:0:0:
256,192,28909,128,0,29286:0:0:0:0:
109,192,29286,1,0,0:0:0:0:
475,192,29466,1,0,0:0:0:0:
329,192,29467,128,0,29468:0:0:0:0:
36,192,29468,1,0,0:0:0:0:
182,192,29469,128,0,29470:0:0:0:0:
402,192,29470,1,0,0:0:0:0:
256,192,29471,128,0,29472:0:0:0:0:
109,192,29472,1,0,0:0:0:0:
329,192,29852,128,0,30418:0:0:0:0:
36,192,30041,128,0,30418:0:0:0:0:
402,192,30418,128,0,30984:0:0:0:0:
109,192,30607,128,0,30984:0:0:0:0:
475,192,30984,128,0,31550:0:0:0:0:
182,192,31173,128,0,31550:0:0:0:0:
256,192,31550,1,0,0:0:0:0:
329,192,31730,128,0,31732:0:0:0:0:
36,192,31731,128,0,31732:0:0:0:0:
402,192,31732,128,0,31734:0:0:0:0:
109,192,31733,128,0,31734:0:0:0:0:
475,192,31734,128,0,31736:0:0:0:0:
182,192,31735,128,0,31736:0:0:0:0:
256,192,31736,1,0,0:0:0:0:
36,192,32117,128,0,32872:0:0:0:0:
109,192,32306,128,0,32872:0:0:0:0:
182,192,32683,128,0,32872:0:0:0:0:
475,192,32872,128,0,33815:0:0:0:0:
402,192,33249,128,0,33815:0:0:0:0:
329,192,33438,128,0,33815:0:0:0:0:
256,192,33815,1,0,0:0:0:0:
36,192,33994,128,0,33997:0:0:0:0:
109,192,33995,128,0,33997:0:0:0:0:
182,192,33996,128,0,33997:0:0:0:0:
475,192,33997,128,0,34000:0:0:0:0:
402,192,33998,128,0,34000:0:0:0:0:
329,192,33999,128,0,34000:0:0:0:0:
256,192,34000,1,0,0:0:0:0:
256,192,34381,128,0,36079:0:0:0:0:
109,192,34570,128,0,36079:0:0:0:0:
36,192,34947,128,0,36079:0:0:0:0:
182,192,35136,128,0,36079:0:0:0:0:
329,192,35513,128,0,36079:0:0:0:0:
475,192,35702,128,0,36079:0:0:0:0:
402,192,36079,1,0,0:0:0:0:
256,192,36258,128,0,36264:0:0:0:0:
109,192,36259,128,0,36264:0:0:0:0:
36,192,36260,128,0,36264:0:0:0:0:
182,192,36261,128,0,36264:0:0:0:0:
329,192,36262,128,0,36264:0:0:0:0:
475,192,36263,128,0,36264:0:0:0:0:
402,192,36264,1,0,0:0:0:0:
402,192,36641,5,0,0:0:0:0:
329,192,36830,1,0,0:0:0:0:
109,192,36830,1,0,0:0:0:0:
256,192,37207,1,0,0:0:0:0:
36,192,37396,1,0,0:0:0:0:
475,192,37396,1,0,0:0:0:0:
109,192,37773,1,0,0:0:0:0:
182,192,37962,1,0,0:0:0:0:
402,192,37962,1,0,0:0:0:0:
256,192,38339,1,0,0:0:0:0:
36,192,38528,1,0,0:0:0:0:
475,192,38528,1,0,0:0:0:0:
256,192,38905,1,0,0:0:0:0:
329,192,39094,1,0,0:0:0:0:
109,192,39094,1,0,0:0:0:0:
402,192,39471,1,0,0:0:0:0:
475,192,39660,1,0,0:0:0:0:
36,192,39660,1,0,0:0:0:0:
256,192,40037,1,0,0:0:0:0:
182,192,40226,1,0,0:0:0:0:
402,192,40226,1,0,0:0:0:0:
109,192,40603,1,0,0:0:0:0:
256,192,40792,1,0,0:0:0:0:
256,192,41358,1,0,0:0:0:0:
256,192,41924,1,0,0:0:0:0:
