[Metadata]
Flower Dance
DJ Okawari
Luyuja
Kaleidoscope
22
0

[TimingPoints]
2944,763.358778625954,4,2,3,30,1,0
5980,731.707317073171,4,2,3,30,1,0
6680,731.707317073171,4,2,3,30,1,0
7794,731.707317073171,4,2,3,30,1,0
8891,754.716981132075,4,2,3,30,1,0
9288,745.341614906832,4,2,3,30,1,0
10408,750,4,2,3,30,1,0
11173,705.882352941176,4,2,3,30,1,0
11930,740.740740740741,4,2,3,30,1,0
13411,769.230769230769,4,2,3,30,1,0
14949,736.196319018405,4,2,3,30,1,0
16789,784.313725490196,4,2,3,30,1,0
17195,750,4,2,3,30,1,0
17949,740.740740740741,4,2,3,30,1,0
19430,764.331210191083,4,2,3,30,1,0
20958,731.707317073171,4,2,3,30,1,0
22787,786.369593709043,4,2,3,30,1,0
26580,600,4,2,3,30,1,0
242580,618.556701030928,4,2,3,30,1,0
247528,666.666666666667,4,2,3,30,1,0
252861,779.220779220779,4,2,3,30,1,0
255977,781.453503516541,4,2,3,30,1,0


[HitObjects]
402,192,2944,1,0,0:0:0:0:
36,192,2944,1,0,0:0:0:0:
329,192,3325,1,0,0:0:0:0:
109,192,3325,1,0,0:0:0:0:
475,192,3707,1,0,0:0:0:0:
182,192,3707,1,0,0:0:0:0:
256,192,4089,1,0,0:0:0:0:
329,192,4089,1,0,0:0:0:0:
329,192,4470,1,0,0:0:0:0:
402,192,4470,1,0,0:0:0:0:
256,192,4852,1,0,0:0:0:0:
109,192,5234,1,0,0:0:0:0:
256,192,5615,1,0,0:0:0:0:
402,192,5980,1,0,0:0:0:0:
36,192,5980,1,0,0:0:0:0:
109,192,6345,1,0,0:0:0:0:
329,192,6345,1,0,0:0:0:0:
182,192,6680,1,0,0:0:0:0:
475,192,6680,1,0,0:0:0:0:
36,192,7045,1,0,0:0:0:0:
329,192,7045,1,0,0:0:0:0:
402,192,7411,1,0,0:0:0:0:
182,192,7411,1,0,0:0:0:0:
256,192,7794,1,0,0:0:0:0:
109,192,8159,1,0,0:0:0:0:
256,192,8525,1,0,0:0:0:0:
402,192,8891,1,0,0:0:0:0:
36,192,8891,1,0,0:0:0:0:
109,192,9288,1,0,0:0:0:0:
329,192,9288,1,0,0:0:0:0:
402,192,9660,1,0,0:0:0:0:
182,192,9660,1,0,0:0:0:0:
256,192,10033,1,0,0:0:0:0:
475,192,10033,1,0,0:0:0:0:
402,192,10408,1,0,0:0:0:0:
182,192,10783,1,0,0:0:0:0:
36,192,11173,1,0,0:0:0:0:
182,192,11525,1,0,0:0:0:0:
402,192,11930,1,0,0:0:0:0:
182,192,12300,1,0,0:0:0:0:
475,192,12670,1,0,0:0:0:0:
182,192,13041,1,0,0:0:0:0:
402,192,13411,1,0,0:0:0:0:
182,192,13795,1,0,0:0:0:0:
36,192,14180,1,0,0:0:0:0:
182,192,14564,1,0,0:0:0:0:
402,192,14949,1,0,0:0:0:0:
36,192,14949,1,0,0:0:0:0:
109,192,15317,1,0,0:0:0:0:
329,192,15317,1,0,0:0:0:0:
402,192,15685,1,0,0:0:0:0:
182,192,15685,1,0,0:0:0:0:
256,192,16053,1,0,0:0:0:0:
475,192,16053,1,0,0:0:0:0:
402,192,16421,1,0,0:0:0:0:
256,192,16789,1,0,0:0:0:0:
109,192,17195,1,0,0:0:0:0:
256,192,17570,1,0,0:0:0:0:
402,192,17945,1,0,0:0:0:0:
36,192,17945,1,0,0:0:0:0:
109,192,18319,1,0,0:0:0:0:
329,192,18319,1,0,0:0:0:0:
475,192,18689,1,0,0:0:0:0:
182,192,18689,1,0,0:0:0:0:
109,192,19060,1,0,0:0:0:0:
329,192,19060,1,0,0:0:0:0:
402,192,19430,1,0,0:0:0:0:
256,192,19812,1,0,0:0:0:0:
109,192,20194,1,0,0:0:0:0:
256,192,20576,1,0,0:0:0:0:
402,192,20958,1,0,0:0:0:0:
36,192,20958,1,0,0:0:0:0:
109,192,21323,1,0,0:0:0:0:
329,192,21323,1,0,0:0:0:0:
402,192,21689,1,0,0:0:0:0:
182,192,21689,1,0,0:0:0:0:
256,192,22055,1,0,0:0:0:0:
475,192,22055,1,0,0:0:0:0:
402,192,22421,1,0,0:0:0:0:
182,192,22787,1,0,0:0:0:0:
36,192,23180,1,0,0:0:0:0:
182,192,23573,1,0,0:0:0:0:
36,192,23868,1,0,0:0:0:0:
109,192,23917,1,0,0:0:0:0:
256,192,23966,1,0,0:0:0:0:
182,192,23966,1,0,0:0:0:0:
329,192,24032,1,0,0:0:0:0:
402,192,24097,1,0,0:0:0:0:
475,192,24163,1,0,0:0:0:0:
475,192,26580,1,0,0:0:0:0:
329,192,26580,1,0,0:0:0:0:
109,192,26880,1,0,0:0:0:0:
109,192,27330,1,0,0:0:0:0:
256,192,27480,1,0,0:0:0:0:
402,192,27630,1,0,0:0:0:0:
182,192,27780,1,0,0:0:0:0:
329,192,27780,1,0,0:0:0:0:
475,192,27780,1,0,0:0:0:0:
36,192,27780,1,0,0:0:0:0:
109,192,28080,1,0,0:0:0:0:
329,192,28380,1,0,0:0:0:0:
182,192,28380,1,0,0:0:0:0:
475,192,28380,1,0,0:0:0:0:
402,192,28980,1,0,0:0:0:0:
36,192,28980,1,0,0:0:0:0:
109,192,29280,1,0,0:0:0:0:
475,192,29430,1,0,0:0:0:0:
256,192,29580,1,0,0:0:0:0:
402,192,29580,1,0,0:0:0:0:
109,192,29880,1,0,0:0:0:0:
329,192,30030,1,0,0:0:0:0:
36,192,30180,1,0,0:0:0:0:
402,192,30180,1,0,0:0:0:0:
182,192,30480,1,0,0:0:0:0:
256,192,30780,1,0,0:0:0:0:
475,192,30780,1,0,0:0:0:0:
182,192,31080,1,0,0:0:0:0:
402,192,31380,1,0,0:0:0:0:
36,192,31380,1,0,0:0:0:0:
109,192,31680,1,0,0:0:0:0:
256,192,31980,1,0,0:0:0:0:
475,192,31980,1,0,0:0:0:0:
109,192,32280,1,0,0:0:0:0:
402,192,32580,1,0,0:0:0:0:
36,192,32580,1,0,0:0:0:0:
109,192,32880,1,0,0:0:0:0:
402,192,32880,1,0,0:0:0:0:
475,192,32980,1,0,0:0:0:0:
402,192,33080,1,0,0:0:0:0:
329,192,33180,1,0,0:0:0:0:
182,192,33180,1,0,0:0:0:0:
109,192,33480,1,0,0:0:0:0:
402,192,33780,1,0,0:0:0:0:
36,192,33780,1,0,0:0:0:0:
182,192,34080,1,0,0:0:0:0:
256,192,34380,1,0,0:0:0:0:
329,192,34680,1,0,0:0:0:0:
402,192,34980,1,0,0:0:0:0:
182,192,35280,1,0,0:0:0:0:
329,192,35580,1,0,0:0:0:0:
475,192,35880,1,0,0:0:0:0:
182,192,35880,1,0,0:0:0:0:
109,192,36105,1,0,0:0:0:0:
256,192,36142,1,0,0:0:0:0:
402,192,36180,1,0,0:0:0:0:
36,192,36180,1,0,0:0:0:0:
475,192,36180,1,0,0:0:0:0:
109,192,36480,1,0,0:0:0:0:
109,192,36930,1,0,0:0:0:0:
256,192,37080,1,0,0:0:0:0:
402,192,37230,1,0,0:0:0:0:
329,192,37380,1,0,0:0:0:0:
475,192,37380,1,0,0:0:0:0:
36,192,37380,1,0,0:0:0:0:
109,192,37680,1,0,0:0:0:0:
256,192,37980,1,0,0:0:0:0:
402,192,37980,1,0,0:0:0:0:
475,192,37980,1,0,0:0:0:0:
402,192,38580,1,0,0:0:0:0:
36,192,38580,1,0,0:0:0:0:
256,192,38880,1,0,0:0:0:0:
109,192,38880,1,0,0:0:0:0:
329,192,39180,1,0,0:0:0:0:
182,192,39180,1,0,0:0:0:0:
402,192,39480,1,0,0:0:0:0:
256,192,39480,1,0,0:0:0:0:
329,192,39780,1,0,0:0:0:0:
36,192,39780,1,0,0:0:0:0:
475,192,39930,1,0,0:0:0:0:
402,192,40080,1,0,0:0:0:0:
109,192,40080,1,0,0:0:0:0:
475,192,40230,1,0,0:0:0:0:
329,192,40380,1,0,0:0:0:0:
182,192,40380,1,0,0:0:0:0:
402,192,40530,1,0,0:0:0:0:
256,192,40680,1,0,0:0:0:0:
109,192,40680,1,0,0:0:0:0:
329,192,40830,1,0,0:0:0:0:
182,192,40980,1,0,0:0:0:0:
36,192,40980,1,0,0:0:0:0:
475,192,41130,1,0,0:0:0:0:
402,192,41280,1,0,0:0:0:0:
109,192,41280,1,0,0:0:0:0:
475,192,41430,1,0,0:0:0:0:
256,192,41580,1,0,0:0:0:0:
182,192,41580,1,0,0:0:0:0:
475,192,41730,1,0,0:0:0:0:
402,192,41880,1,0,0:0:0:0:
475,192,42030,1,0,0:0:0:0:
329,192,42180,1,0,0:0:0:0:
109,192,42180,1,0,0:0:0:0:
475,192,42330,1,0,0:0:0:0:
402,192,42480,1,0,0:0:0:0:
36,192,42480,1,0,0:0:0:0:
475,192,42630,1,0,0:0:0:0:
256,192,42780,1,0,0:0:0:0:
182,192,42780,1,0,0:0:0:0:
475,192,42930,1,0,0:0:0:0:
402,192,43080,1,0,0:0:0:0:
475,192,43230,1,0,0:0:0:0:
182,192,43380,1,0,0:0:0:0:
36,192,43380,1,0,0:0:0:0:
475,192,43530,1,0,0:0:0:0:
329,192,43680,1,0,0:0:0:0:
109,192,43680,1,0,0:0:0:0:
475,192,43830,1,0,0:0:0:0:
256,192,43980,1,0,0:0:0:0:
182,192,43980,1,0,0:0:0:0:
475,192,44130,1,0,0:0:0:0:
329,192,44280,1,0,0:0:0:0:
109,192,44280,1,0,0:0:0:0:
475,192,44430,1,0,0:0:0:0:
182,192,44580,1,0,0:0:0:0:
36,192,44580,1,0,0:0:0:0:
475,192,44730,1,0,0:0:0:0:
329,192,44880,1,0,0:0:0:0:
256,192,44880,1,2,0:0:0:0:
475,192,45030,1,0,0:0:0:0:
182,192,45180,1,8,0:0:0:0:
329,192,45180,1,0,0:0:0:0:
256,192,45480,1,2,0:0:0:0:
402,192,45780,1,0,0:0:0:0:
109,192,45780,1,0,0:0:0:0:
36,192,45780,1,0,0:0:0:0:
256,192,45780,1,2,0:0:0:0:
182,192,45930,1,0,0:0:0:0:
329,192,46080,1,0,0:0:0:0:
36,192,46080,1,0,0:0:0:0:
256,192,46230,1,0,0:0:0:0:
402,192,46380,1,0,0:0:0:0:
109,192,46380,1,8,0:0:0:0:
329,192,46380,1,0,0:0:0:0:
182,192,46530,1,0,0:0:0:0:
475,192,46680,1,0,0:0:0:0:
256,192,46680,1,0,0:0:0:0:
182,192,46830,1,0,0:0:0:0:
329,192,46980,1,0,0:0:0:0:
36,192,46980,1,0,0:0:0:0:
402,192,47130,1,0,0:0:0:0:
256,192,47280,1,2,0:0:0:0:
109,192,47280,1,0,0:0:0:0:
475,192,47280,1,0,0:0:0:0:
402,192,47430,1,0,0:0:0:0:
182,192,47580,1,0,0:0:0:0:
329,192,47580,1,8,0:0:0:0:
36,192,47880,1,0,0:0:0:0:
182,192,48030,1,0,0:0:0:0:
329,192,48180,1,2,0:0:0:0:
475,192,48180,1,0,0:0:0:0:
109,192,48330,1,0,0:0:0:0:
256,192,48480,1,0,0:0:0:0:
402,192,48480,1,0,0:0:0:0:
109,192,48630,1,0,0:0:0:0:
329,192,48780,1,8,0:0:0:0:
475,192,48780,1,0,0:0:0:0:
182,192,48780,1,0,0:0:0:0:
109,192,48930,1,0,0:0:0:0:
475,192,49080,1,0,0:0:0:0:
109,192,49230,1,0,0:0:0:0:
256,192,49380,1,0,0:0:0:0:
402,192,49380,1,0,0:0:0:0:
36,192,49530,1,0,0:0:0:0:
182,192,49680,1,2,0:0:0:0:
402,192,49680,1,0,0:0:0:0:
329,192,49680,1,0,0:0:0:0:
36,192,49830,1,0,0:0:0:0:
109,192,49980,1,8,0:0:0:0:
475,192,49980,1,0,0:0:0:0:
256,192,49980,1,0,0:0:0:0:
109,192,50280,1,0,0:0:0:0:
256,192,50430,1,0,0:0:0:0:
182,192,50580,1,0,0:0:0:0:
475,192,50580,1,2,0:0:0:0:
329,192,50580,1,0,0:0:0:0:
36,192,50730,1,0,0:0:0:0:
256,192,50880,1,0,0:0:0:0:
475,192,50880,1,0,0:0:0:0:
36,192,51030,1,0,0:0:0:0:
402,192,51030,1,0,0:0:0:0:
109,192,51180,1,0,0:0:0:0:
329,192,51180,1,8,0:0:0:0:
182,192,51180,1,0,0:0:0:0:
475,192,51330,1,0,0:0:0:0:
256,192,51330,1,0,0:0:0:0:
182,192,51480,1,0,0:0:0:0:
36,192,51480,1,0,0:0:0:0:
475,192,51630,1,0,0:0:0:0:
109,192,51630,1,0,0:0:0:0:
402,192,51780,1,0,0:0:0:0:
256,192,51780,1,0,0:0:0:0:
36,192,51930,1,0,0:0:0:0:
402,192,52080,1,0,0:0:0:0:
256,192,52080,1,2,0:0:0:0:
475,192,52080,1,0,0:0:0:0:
36,192,52230,1,0,0:0:0:0:
182,192,52230,1,0,0:0:0:0:
109,192,52380,1,8,0:0:0:0:
329,192,52380,1,0,0:0:0:0:
256,192,52380,1,0,0:0:0:0:
36,192,52530,1,0,0:0:0:0:
402,192,52530,1,0,0:0:0:0:
475,192,52680,1,0,0:0:0:0:
329,192,52680,1,0,0:0:0:0:
36,192,52830,1,0,0:0:0:0:
256,192,52830,1,0,0:0:0:0:
402,192,52980,1,2,0:0:0:0:
182,192,52980,1,0,0:0:0:0:
329,192,52980,1,0,0:0:0:0:
36,192,53280,1,0,0:0:0:0:
329,192,53280,1,0,0:0:0:0:
109,192,53430,1,0,0:0:0:0:
256,192,53580,1,8,0:0:0:0:
182,192,53580,1,0,0:0:0:0:
402,192,53580,1,0,0:0:0:0:
329,192,53730,1,0,0:0:0:0:
109,192,53880,1,0,0:0:0:0:
402,192,53880,1,0,0:0:0:0:
475,192,54030,1,0,0:0:0:0:
109,192,54180,1,0,0:0:0:0:
36,192,54180,1,0,0:0:0:0:
329,192,54180,1,0,0:0:0:0:
182,192,54480,1,2,0:0:0:0:
109,192,54480,1,0,0:0:0:0:
402,192,54480,1,0,0:0:0:0:
256,192,54480,1,0,0:0:0:0:
256,192,54780,1,8,0:0:0:0:
182,192,54780,1,0,0:0:0:0:
475,192,54780,1,0,0:0:0:0:
329,192,54780,1,0,0:0:0:0:
402,192,55380,1,0,0:0:0:0:
109,192,55380,1,0,0:0:0:0:
256,192,55380,1,2,0:0:0:0:
36,192,55680,1,0,0:0:0:0:
329,192,55680,1,0,0:0:0:0:
182,192,55680,1,0,0:0:0:0:
36,192,55830,1,0,0:0:0:0:
402,192,55980,1,8,0:0:0:0:
109,192,55980,1,0,0:0:0:0:
256,192,55980,1,0,0:0:0:0:
182,192,56130,1,0,0:0:0:0:
475,192,56280,1,0,0:0:0:0:
256,192,56280,1,0,0:0:0:0:
329,192,56430,1,0,0:0:0:0:
402,192,56580,1,0,0:0:0:0:
109,192,56580,1,0,0:0:0:0:
256,192,56730,1,0,0:0:0:0:
329,192,56880,1,2,0:0:0:0:
182,192,56880,1,0,0:0:0:0:
475,192,56880,1,0,0:0:0:0:
256,192,57030,1,0,0:0:0:0:
36,192,57180,1,8,0:0:0:0:
402,192,57180,1,0,0:0:0:0:
182,192,57180,1,0,0:0:0:0:
109,192,57330,1,0,0:0:0:0:
182,192,57480,1,0,0:0:0:0:
329,192,57480,1,0,0:0:0:0:
256,192,57630,1,0,0:0:0:0:
402,192,57630,1,0,0:0:0:0:
329,192,57780,1,2,0:0:0:0:
475,192,57780,1,0,0:0:0:0:
109,192,57780,1,0,0:0:0:0:
182,192,57930,1,0,0:0:0:0:
36,192,58080,1,0,0:0:0:0:
329,192,58080,1,0,0:0:0:0:
256,192,58230,1,0,0:0:0:0:
36,192,58230,1,0,0:0:0:0:
109,192,58380,1,0,0:0:0:0:
329,192,58380,1,8,0:0:0:0:
475,192,58380,1,0,0:0:0:0:
182,192,58530,1,0,0:0:0:0:
402,192,58530,1,0,0:0:0:0:
256,192,58680,1,0,0:0:0:0:
475,192,58680,1,0,0:0:0:0:
402,192,58830,1,0,0:0:0:0:
182,192,58980,1,0,0:0:0:0:
329,192,58980,1,0,0:0:0:0:
36,192,59130,1,0,0:0:0:0:
109,192,59280,1,0,0:0:0:0:
329,192,59280,1,2,0:0:0:0:
475,192,59280,1,0,0:0:0:0:
36,192,59430,1,0,0:0:0:0:
109,192,59580,1,0,0:0:0:0:
256,192,59580,1,0,0:0:0:0:
402,192,59580,1,8,0:0:0:0:
256,192,59880,1,0,0:0:0:0:
402,192,60030,1,0,0:0:0:0:
36,192,60180,1,0,0:0:0:0:
329,192,60180,1,2,0:0:0:0:
475,192,60180,1,0,0:0:0:0:
109,192,60480,1,0,0:0:0:0:
475,192,60480,1,0,0:0:0:0:
402,192,60630,1,0,0:0:0:0:
182,192,60780,1,0,0:0:0:0:
329,192,60780,1,8,0:0:0:0:
256,192,60930,1,0,0:0:0:0:
182,192,61080,1,0,0:0:0:0:
402,192,61080,1,0,0:0:0:0:
475,192,61380,1,0,0:0:0:0:
36,192,61380,1,0,0:0:0:0:
402,192,61530,1,0,0:0:0:0:
402,192,61680,1,0,0:0:0:0:
109,192,61680,1,2,0:0:0:0:
182,192,61680,1,0,0:0:0:0:
475,192,61830,1,0,0:0:0:0:
256,192,61830,1,0,0:0:0:0:
182,192,61980,1,0,0:0:0:0:
402,192,61980,1,8,0:0:0:0:
36,192,61980,1,0,0:0:0:0:
329,192,62130,1,0,0:0:0:0:
256,192,62280,1,0,0:0:0:0:
109,192,62280,1,0,0:0:0:0:
182,192,62430,1,0,0:0:0:0:
36,192,62580,1,0,0:0:0:0:
256,192,62580,1,2,0:0:0:0:
256,192,62880,1,0,0:0:0:0:
475,192,62880,1,0,0:0:0:0:
36,192,63180,1,0,0:0:0:0:
182,192,63180,1,8,0:0:0:0:
402,192,63180,1,0,0:0:0:0:
329,192,63480,1,0,0:0:0:0:
475,192,63480,1,0,0:0:0:0:
36,192,63780,1,0,0:0:0:0:
256,192,63780,1,0,0:0:0:0:
109,192,64080,1,2,0:0:0:0:
182,192,64080,1,0,0:0:0:0:
36,192,64380,1,0,0:0:0:0:
329,192,64380,1,8,0:0:0:0:
256,192,64380,1,0,0:0:0:0:
109,192,64905,1,0,0:0:0:0:
256,192,64942,1,0,0:0:0:0:
329,192,64980,1,2,0:0:0:0:
475,192,64980,1,0,0:0:0:0:
36,192,64980,1,0,0:0:0:0:
109,192,65280,1,0,0:0:0:0:
329,192,65580,1,8,0:0:0:0:
182,192,65580,1,0,0:0:0:0:
109,192,65680,1,0,0:0:0:0:
256,192,65830,1,0,0:0:0:0:
475,192,65980,1,0,0:0:0:0:
402,192,66180,1,0,0:0:0:0:
182,192,66180,1,0,0:0:0:0:
36,192,66480,1,2,0:0:0:0:
329,192,66480,1,0,0:0:0:0:
256,192,66780,1,0,0:0:0:0:
402,192,66780,1,8,0:0:0:0:
109,192,66780,1,0,0:0:0:0:
475,192,66780,1,0,0:0:0:0:
36,192,67380,1,0,0:0:0:0:
182,192,67380,1,2,0:0:0:0:
109,192,67680,1,0,0:0:0:0:
475,192,67830,1,0,0:0:0:0:
402,192,67980,1,8,0:0:0:0:
182,192,67980,1,0,0:0:0:0:
256,192,67980,1,0,0:0:0:0:
109,192,68280,1,0,0:0:0:0:
329,192,68430,1,0,0:0:0:0:
402,192,68580,1,0,0:0:0:0:
36,192,68580,1,0,0:0:0:0:
256,192,68580,1,0,0:0:0:0:
182,192,68880,1,2,0:0:0:0:
329,192,68880,1,0,0:0:0:0:
256,192,69180,1,0,0:0:0:0:
475,192,69180,1,0,0:0:0:0:
402,192,69180,1,8,0:0:0:0:
182,192,69480,1,0,0:0:0:0:
109,192,69780,1,0,0:0:0:0:
256,192,69780,1,0,0:0:0:0:
402,192,69780,1,2,0:0:0:0:
182,192,70080,1,0,0:0:0:0:
329,192,70080,1,0,0:0:0:0:
402,192,70380,1,8,0:0:0:0:
475,192,70380,1,0,0:0:0:0:
256,192,70380,1,0,0:0:0:0:
182,192,70680,1,0,0:0:0:0:
36,192,70980,1,0,0:0:0:0:
402,192,70980,1,0,0:0:0:0:
109,192,71280,1,0,0:0:0:0:
402,192,71280,1,2,0:0:0:0:
256,192,71280,1,0,0:0:0:0:
475,192,71380,1,0,0:0:0:0:
402,192,71480,1,0,0:0:0:0:
256,192,71580,1,8,0:0:0:0:
329,192,71580,1,0,0:0:0:0:
36,192,71580,1,0,0:0:0:0:
109,192,71880,1,0,0:0:0:0:
182,192,71880,1,0,0:0:0:0:
36,192,72180,1,2,0:0:0:0:
329,192,72180,1,0,0:0:0:0:
256,192,72180,1,0,0:0:0:0:
109,192,72480,1,0,0:0:0:0:
182,192,72780,1,8,0:0:0:0:
402,192,72780,1,0,0:0:0:0:
256,192,73080,1,0,0:0:0:0:
329,192,73380,1,0,0:0:0:0:
109,192,73680,1,2,0:0:0:0:
256,192,73680,1,0,0:0:0:0:
182,192,73980,1,8,0:0:0:0:
329,192,73980,1,0,0:0:0:0:
256,192,74280,1,0,0:0:0:0:
402,192,74280,1,0,0:0:0:0:
109,192,74430,1,0,0:0:0:0:
256,192,74580,1,0,0:0:0:0:
402,192,74580,1,0,0:0:0:0:
36,192,74580,1,2,0:0:0:0:
109,192,74880,1,0,0:0:0:0:
182,192,75180,1,8,0:0:0:0:
402,192,75180,1,0,0:0:0:0:
329,192,75180,1,0,0:0:0:0:
109,192,75330,1,0,0:0:0:0:
256,192,75480,1,0,0:0:0:0:
402,192,75592,1,0,0:0:0:0:
475,192,75780,1,0,0:0:0:0:
36,192,75780,1,0,0:0:0:0:
109,192,76080,1,2,0:0:0:0:
256,192,76080,1,0,0:0:0:0:
182,192,76380,1,8,0:0:0:0:
329,192,76380,1,0,0:0:0:0:
475,192,76380,1,0,0:0:0:0:
36,192,76980,1,2,0:0:0:0:
402,192,76980,1,0,0:0:0:0:
256,192,76980,1,0,0:0:0:0:
109,192,77280,1,0,0:0:0:0:
182,192,77280,1,0,0:0:0:0:
256,192,77580,1,0,0:0:0:0:
182,192,77580,1,8,0:0:0:0:
402,192,77580,1,0,0:0:0:0:
329,192,77880,1,0,0:0:0:0:
256,192,77880,1,0,0:0:0:0:
36,192,78180,1,0,0:0:0:0:
182,192,78180,1,0,0:0:0:0:
475,192,78330,1,0,0:0:0:0:
109,192,78480,1,0,0:0:0:0:
329,192,78480,1,2,0:0:0:0:
256,192,78480,1,0,0:0:0:0:
402,192,78630,1,0,0:0:0:0:
256,192,78780,1,8,0:0:0:0:
182,192,78780,1,0,0:0:0:0:
475,192,78780,1,0,0:0:0:0:
329,192,78930,1,0,0:0:0:0:
109,192,79080,1,0,0:0:0:0:
36,192,79080,1,0,0:0:0:0:
256,192,79230,1,0,0:0:0:0:
182,192,79380,1,0,0:0:0:0:
329,192,79380,1,2,0:0:0:0:
109,192,79380,1,0,0:0:0:0:
475,192,79530,1,0,0:0:0:0:
402,192,79680,1,0,0:0:0:0:
36,192,79680,1,0,0:0:0:0:
475,192,79830,1,0,0:0:0:0:
329,192,79980,1,8,0:0:0:0:
182,192,79980,1,0,0:0:0:0:
109,192,79980,1,0,0:0:0:0:
475,192,80130,1,0,0:0:0:0:
402,192,80280,1,0,0:0:0:0:
475,192,80430,1,0,0:0:0:0:
256,192,80580,1,0,0:0:0:0:
109,192,80580,1,0,0:0:0:0:
475,192,80730,1,0,0:0:0:0:
402,192,80880,1,0,0:0:0:0:
36,192,80880,1,2,0:0:0:0:
182,192,80880,1,0,0:0:0:0:
475,192,81030,1,0,0:0:0:0:
329,192,81180,1,0,0:0:0:0:
182,192,81180,1,8,0:0:0:0:
109,192,81180,1,0,0:0:0:0:
475,192,81330,1,0,0:0:0:0:
402,192,81480,1,0,0:0:0:0:
475,192,81630,1,0,0:0:0:0:
256,192,81780,1,0,0:0:0:0:
36,192,81780,1,2,0:0:0:0:
182,192,81780,1,0,0:0:0:0:
475,192,81930,1,0,0:0:0:0:
329,192,82080,1,0,0:0:0:0:
109,192,82080,1,0,0:0:0:0:
475,192,82230,1,0,0:0:0:0:
256,192,82380,1,0,0:0:0:0:
182,192,82380,1,8,0:0:0:0:
36,192,82380,1,0,0:0:0:0:
475,192,82530,1,0,0:0:0:0:
329,192,82680,1,0,0:0:0:0:
109,192,82680,1,0,0:0:0:0:
475,192,82830,1,0,0:0:0:0:
256,192,82980,1,0,0:0:0:0:
182,192,82980,1,0,0:0:0:0:
475,192,83130,1,0,0:0:0:0:
329,192,83280,1,2,0:0:0:0:
475,192,83430,1,0,0:0:0:0:
36,192,83580,1,0,0:0:0:0:
329,192,83580,1,0,0:0:0:0:
182,192,83580,1,8,0:0:0:0:
109,192,84105,1,0,0:0:0:0:
256,192,84142,1,0,0:0:0:0:
402,192,84180,1,2,0:0:0:0:
36,192,84180,1,0,0:0:0:0:
475,192,84180,1,0,0:0:0:0:
182,192,84480,1,0,0:0:0:0:
329,192,84780,1,8,0:0:0:0:
475,192,84780,1,0,0:0:0:0:
109,192,84880,1,0,0:0:0:0:
182,192,85030,1,0,0:0:0:0:
256,192,85180,1,0,0:0:0:0:
329,192,85380,1,0,0:0:0:0:
475,192,85380,1,0,0:0:0:0:
36,192,85680,1,2,0:0:0:0:
182,192,85680,1,0,0:0:0:0:
109,192,85980,1,0,0:0:0:0:
256,192,85980,1,8,0:0:0:0:
329,192,85980,1,0,0:0:0:0:
402,192,85980,1,0,0:0:0:0:
36,192,86580,1,2,0:0:0:0:
329,192,86580,1,0,0:0:0:0:
256,192,86580,1,0,0:0:0:0:
109,192,86880,1,0,0:0:0:0:
475,192,87030,1,0,0:0:0:0:
182,192,87180,1,8,0:0:0:0:
402,192,87180,1,0,0:0:0:0:
256,192,87180,1,0,0:0:0:0:
109,192,87480,1,0,0:0:0:0:
329,192,87630,1,0,0:0:0:0:
182,192,87780,1,0,0:0:0:0:
402,192,87780,1,0,0:0:0:0:
256,192,88080,1,2,0:0:0:0:
109,192,88080,1,0,0:0:0:0:
329,192,88380,1,8,0:0:0:0:
475,192,88380,1,0,0:0:0:0:
182,192,88380,1,0,0:0:0:0:
256,192,88680,1,0,0:0:0:0:
36,192,88980,1,2,0:0:0:0:
182,192,88980,1,0,0:0:0:0:
402,192,88980,1,0,0:0:0:0:
109,192,89280,1,0,0:0:0:0:
475,192,89580,1,0,0:0:0:0:
256,192,89580,1,8,0:0:0:0:
329,192,89580,1,0,0:0:0:0:
109,192,89880,1,0,0:0:0:0:
36,192,90180,1,0,0:0:0:0:
402,192,90180,1,0,0:0:0:0:
182,192,90480,1,2,0:0:0:0:
402,192,90480,1,0,0:0:0:0:
475,192,90580,1,0,0:0:0:0:
402,192,90680,1,0,0:0:0:0:
329,192,90780,1,0,0:0:0:0:
256,192,90780,1,8,0:0:0:0:
36,192,90780,1,0,0:0:0:0:
182,192,91080,1,0,0:0:0:0:
109,192,91080,1,0,0:0:0:0:
36,192,91380,1,2,0:0:0:0:
256,192,91380,1,0,0:0:0:0:
402,192,91380,1,0,0:0:0:0:
109,192,91680,1,0,0:0:0:0:
182,192,91980,1,8,0:0:0:0:
329,192,91980,1,0,0:0:0:0:
256,192,92280,1,0,0:0:0:0:
329,192,92580,1,0,0:0:0:0:
109,192,92880,1,2,0:0:0:0:
256,192,92880,1,0,0:0:0:0:
182,192,93180,1,0,0:0:0:0:
329,192,93180,1,0,0:0:0:0:
256,192,93480,1,0,0:0:0:0:
402,192,93480,1,0,0:0:0:0:
109,192,93630,1,0,0:0:0:0:
256,192,93780,1,0,0:0:0:0:
402,192,93780,1,0,0:0:0:0:
36,192,93780,1,2,0:0:0:0:
109,192,94080,1,0,0:0:0:0:
182,192,94380,1,8,0:0:0:0:
402,192,94380,1,0,0:0:0:0:
36,192,94530,1,0,0:0:0:0:
182,192,94680,1,0,0:0:0:0:
329,192,94792,1,0,0:0:0:0:
256,192,94980,1,0,0:0:0:0:
402,192,94980,1,0,0:0:0:0:
36,192,95280,1,2,0:0:0:0:
182,192,95280,1,0,0:0:0:0:
329,192,95580,1,0,0:0:0:0:
475,192,95580,1,0,0:0:0:0:
109,192,95580,1,8,0:0:0:0:
36,192,96180,1,0,0:0:0:0:
256,192,96180,1,2,0:0:0:0:
402,192,96180,1,0,0:0:0:0:
109,192,96480,1,0,0:0:0:0:
182,192,96480,1,0,0:0:0:0:
182,192,96780,1,0,0:0:0:0:
256,192,96780,1,8,0:0:0:0:
475,192,96780,1,0,0:0:0:0:
329,192,97080,1,0,0:0:0:0:
256,192,97080,1,0,0:0:0:0:
36,192,97380,1,0,0:0:0:0:
402,192,97380,1,0,0:0:0:0:
475,192,97530,1,0,0:0:0:0:
109,192,97680,1,0,0:0:0:0:
329,192,97680,1,2,0:0:0:0:
182,192,97680,1,0,0:0:0:0:
402,192,97830,1,0,0:0:0:0:
36,192,97980,1,0,0:0:0:0:
256,192,97980,1,8,0:0:0:0:
109,192,97980,1,0,0:0:0:0:
329,192,98130,1,0,0:0:0:0:
36,192,98280,1,0,0:0:0:0:
182,192,98280,1,0,0:0:0:0:
256,192,98430,1,0,0:0:0:0:
109,192,98580,1,4,0:0:0:0:
329,192,98580,1,2,0:0:0:0:
182,192,98580,1,0,0:0:0:0:
36,192,98580,1,0,0:0:0:0:
475,192,98730,1,0,0:0:0:0:
182,192,98880,1,0,0:0:0:0:
402,192,98880,1,0,0:0:0:0:
475,192,99030,1,0,0:0:0:0:
256,192,99180,1,0,0:0:0:0:
329,192,99180,1,0,0:0:0:0:
475,192,99330,1,0,0:0:0:0:
402,192,99480,1,0,0:0:0:0:
475,192,99630,1,0,0:0:0:0:
36,192,99780,1,0,0:0:0:0:
256,192,99780,1,0,0:0:0:0:
475,192,99930,1,0,0:0:0:0:
109,192,100080,1,0,0:0:0:0:
402,192,100080,1,0,0:0:0:0:
475,192,100230,1,0,0:0:0:0:
182,192,100380,1,0,0:0:0:0:
256,192,100380,1,0,0:0:0:0:
475,192,100530,1,0,0:0:0:0:
402,192,100680,1,0,0:0:0:0:
475,192,100830,1,0,0:0:0:0:
36,192,100980,1,0,0:0:0:0:
256,192,100980,1,0,0:0:0:0:
475,192,101130,1,0,0:0:0:0:
109,192,101280,1,0,0:0:0:0:
329,192,101280,1,0,0:0:0:0:
475,192,101430,1,0,0:0:0:0:
182,192,101580,1,0,0:0:0:0:
256,192,101580,1,0,0:0:0:0:
475,192,101730,1,0,0:0:0:0:
109,192,101880,1,0,0:0:0:0:
329,192,101880,1,0,0:0:0:0:
475,192,102030,1,0,0:0:0:0:
36,192,102180,1,0,0:0:0:0:
256,192,102180,1,0,0:0:0:0:
475,192,102330,1,0,0:0:0:0:
329,192,102480,1,0,0:0:0:0:
109,192,102480,1,2,0:0:0:0:
475,192,102630,1,0,0:0:0:0:
329,192,102780,1,0,0:0:0:0:
36,192,102780,1,0,0:0:0:0:
182,192,102780,1,8,0:0:0:0:
256,192,103080,1,0,0:0:0:0:
109,192,103080,1,2,0:0:0:0:
109,192,103380,1,2,0:0:0:0:
402,192,103380,1,0,0:0:0:0:
36,192,103380,1,0,0:0:0:0:
182,192,103380,1,0,0:0:0:0:
256,192,103530,1,0,0:0:0:0:
109,192,103680,1,0,0:0:0:0:
329,192,103680,1,0,0:0:0:0:
256,192,103830,1,0,0:0:0:0:
182,192,103980,1,8,0:0:0:0:
402,192,103980,1,0,0:0:0:0:
36,192,103980,1,0,0:0:0:0:
256,192,104130,1,0,0:0:0:0:
475,192,104280,1,0,0:0:0:0:
182,192,104280,1,0,0:0:0:0:
256,192,104430,1,0,0:0:0:0:
402,192,104580,1,0,0:0:0:0:
109,192,104580,1,0,0:0:0:0:
182,192,104730,1,0,0:0:0:0:
329,192,104880,1,2,0:0:0:0:
36,192,104880,1,0,0:0:0:0:
475,192,104880,1,0,0:0:0:0:
182,192,105030,1,0,0:0:0:0:
256,192,105180,1,8,0:0:0:0:
109,192,105180,1,0,0:0:0:0:
402,192,105180,1,0,0:0:0:0:
182,192,105330,1,0,0:0:0:0:
329,192,105480,1,0,0:0:0:0:
182,192,105630,1,0,0:0:0:0:
402,192,105630,1,0,0:0:0:0:
475,192,105780,1,0,0:0:0:0:
36,192,105780,1,2,0:0:0:0:
256,192,105780,1,0,0:0:0:0:
109,192,105930,1,0,0:0:0:0:
402,192,106080,1,0,0:0:0:0:
182,192,106080,1,0,0:0:0:0:
109,192,106230,1,0,0:0:0:0:
402,192,106230,1,0,0:0:0:0:
475,192,106380,1,0,0:0:0:0:
256,192,106380,1,8,0:0:0:0:
36,192,106380,1,0,0:0:0:0:
109,192,106530,1,0,0:0:0:0:
402,192,106530,1,0,0:0:0:0:
329,192,106680,1,0,0:0:0:0:
182,192,106680,1,0,0:0:0:0:
109,192,106830,1,0,0:0:0:0:
256,192,106830,1,0,0:0:0:0:
402,192,106980,1,0,0:0:0:0:
182,192,106980,1,0,0:0:0:0:
36,192,107130,1,0,0:0:0:0:
329,192,107280,1,0,0:0:0:0:
109,192,107280,1,2,0:0:0:0:
182,192,107280,1,0,0:0:0:0:
36,192,107430,1,0,0:0:0:0:
256,192,107580,1,8,0:0:0:0:
475,192,107580,1,0,0:0:0:0:
109,192,107580,1,0,0:0:0:0:
256,192,107880,1,0,0:0:0:0:
402,192,108030,1,0,0:0:0:0:
329,192,108180,1,0,0:0:0:0:
475,192,108180,1,0,0:0:0:0:
182,192,108180,1,2,0:0:0:0:
36,192,108330,1,0,0:0:0:0:
475,192,108480,1,0,0:0:0:0:
256,192,108480,1,0,0:0:0:0:
402,192,108630,1,0,0:0:0:0:
36,192,108630,1,0,0:0:0:0:
329,192,108780,1,8,0:0:0:0:
109,192,108780,1,0,0:0:0:0:
182,192,108780,1,0,0:0:0:0:
256,192,108930,1,0,0:0:0:0:
475,192,108930,1,0,0:0:0:0:
182,192,109080,1,0,0:0:0:0:
402,192,109080,1,0,0:0:0:0:
109,192,109230,1,0,0:0:0:0:
475,192,109230,1,0,0:0:0:0:
36,192,109380,1,0,0:0:0:0:
256,192,109380,1,0,0:0:0:0:
329,192,109380,1,0,0:0:0:0:
475,192,109680,1,0,0:0:0:0:
182,192,109680,1,2,0:0:0:0:
256,192,109680,1,0,0:0:0:0:
402,192,109830,1,0,0:0:0:0:
329,192,109980,1,0,0:0:0:0:
109,192,109980,1,8,0:0:0:0:
36,192,109980,1,0,0:0:0:0:
256,192,110130,1,0,0:0:0:0:
182,192,110280,1,0,0:0:0:0:
329,192,110280,1,0,0:0:0:0:
109,192,110430,1,0,0:0:0:0:
36,192,110580,1,2,0:0:0:0:
256,192,110580,1,0,0:0:0:0:
475,192,110580,1,0,0:0:0:0:
36,192,110880,1,0,0:0:0:0:
402,192,110880,1,0,0:0:0:0:
182,192,110880,1,0,0:0:0:0:
109,192,111030,1,0,0:0:0:0:
182,192,111180,1,0,0:0:0:0:
329,192,111180,1,8,0:0:0:0:
256,192,111330,1,0,0:0:0:0:
329,192,111480,1,0,0:0:0:0:
109,192,111480,1,0,0:0:0:0:
402,192,111630,1,0,0:0:0:0:
36,192,111780,1,0,0:0:0:0:
329,192,111780,1,0,0:0:0:0:
182,192,111780,1,0,0:0:0:0:
109,192,111780,1,0,0:0:0:0:
109,192,112080,1,0,0:0:0:0:
256,192,112080,1,2,0:0:0:0:
402,192,112080,1,0,0:0:0:0:
182,192,112080,1,0,0:0:0:0:
182,192,112380,1,0,0:0:0:0:
329,192,112380,1,8,0:0:0:0:
475,192,112380,1,0,0:0:0:0:
402,192,112380,1,0,0:0:0:0:
109,192,112980,1,2,0:0:0:0:
475,192,112980,1,0,0:0:0:0:
256,192,112980,1,0,0:0:0:0:
109,192,113280,1,0,0:0:0:0:
329,192,113280,1,0,0:0:0:0:
109,192,113430,1,0,0:0:0:0:
182,192,113580,1,8,0:0:0:0:
402,192,113580,1,0,0:0:0:0:
36,192,113580,1,0,0:0:0:0:
256,192,113730,1,0,0:0:0:0:
329,192,113880,1,0,0:0:0:0:
109,192,113880,1,0,0:0:0:0:
402,192,114030,1,0,0:0:0:0:
36,192,114180,1,0,0:0:0:0:
329,192,114180,1,0,0:0:0:0:
475,192,114180,1,0,0:0:0:0:
109,192,114330,1,0,0:0:0:0:
182,192,114480,1,2,0:0:0:0:
402,192,114480,1,0,0:0:0:0:
36,192,114480,1,0,0:0:0:0:
256,192,114630,1,0,0:0:0:0:
329,192,114780,1,8,0:0:0:0:
109,192,114780,1,0,0:0:0:0:
475,192,114780,1,0,0:0:0:0:
36,192,114930,1,0,0:0:0:0:
182,192,115080,1,0,0:0:0:0:
256,192,115230,1,0,0:0:0:0:
36,192,115230,1,0,0:0:0:0:
329,192,115380,1,0,0:0:0:0:
475,192,115380,1,0,0:0:0:0:
109,192,115380,1,2,0:0:0:0:
256,192,115530,1,0,0:0:0:0:
36,192,115680,1,0,0:0:0:0:
182,192,115680,1,0,0:0:0:0:
36,192,115830,1,0,0:0:0:0:
182,192,115830,1,0,0:0:0:0:
475,192,115980,1,0,0:0:0:0:
109,192,115980,1,0,0:0:0:0:
256,192,115980,1,8,0:0:0:0:
402,192,115980,1,0,0:0:0:0:
182,192,116130,1,0,0:0:0:0:
329,192,116130,1,0,0:0:0:0:
256,192,116280,1,0,0:0:0:0:
402,192,116280,1,0,0:0:0:0:
182,192,116430,1,0,0:0:0:0:
329,192,116430,1,0,0:0:0:0:
109,192,116580,1,0,0:0:0:0:
256,192,116580,1,0,0:0:0:0:
402,192,116580,1,0,0:0:0:0:
36,192,116730,1,0,0:0:0:0:
329,192,116880,1,0,0:0:0:0:
182,192,116880,1,2,0:0:0:0:
475,192,116880,1,0,0:0:0:0:
36,192,117030,1,0,0:0:0:0:
256,192,117180,1,8,0:0:0:0:
109,192,117180,1,0,0:0:0:0:
402,192,117180,1,0,0:0:0:0:
256,192,117480,1,0,0:0:0:0:
329,192,117630,1,0,0:0:0:0:
256,192,117780,1,0,0:0:0:0:
36,192,117780,1,0,0:0:0:0:
182,192,117780,1,2,0:0:0:0:
475,192,118080,1,0,0:0:0:0:
109,192,118080,1,0,0:0:0:0:
402,192,118230,1,0,0:0:0:0:
329,192,118380,1,0,0:0:0:0:
182,192,118380,1,8,0:0:0:0:
109,192,118380,1,0,0:0:0:0:
256,192,118530,1,0,0:0:0:0:
182,192,118680,1,0,0:0:0:0:
36,192,118680,1,0,0:0:0:0:
402,192,118980,1,0,0:0:0:0:
36,192,118980,1,0,0:0:0:0:
329,192,119130,1,0,0:0:0:0:
329,192,119280,1,0,0:0:0:0:
109,192,119280,1,2,0:0:0:0:
256,192,119280,1,0,0:0:0:0:
475,192,119430,1,0,0:0:0:0:
182,192,119580,1,8,0:0:0:0:
402,192,119580,1,0,0:0:0:0:
329,192,119730,1,0,0:0:0:0:
256,192,119880,1,0,0:0:0:0:
182,192,120030,1,0,0:0:0:0:
36,192,120180,1,0,0:0:0:0:
109,192,120180,1,2,0:0:0:0:
329,192,120180,1,0,0:0:0:0:
402,192,120480,1,0,0:0:0:0:
475,192,120480,1,0,0:0:0:0:
36,192,120780,1,0,0:0:0:0:
182,192,120780,1,8,0:0:0:0:
256,192,120780,1,0,0:0:0:0:
329,192,121080,1,0,0:0:0:0:
475,192,121080,1,0,0:0:0:0:
36,192,121380,128,0,122580:0:0:0:0:
109,192,121380,1,0,0:0:0:0:
256,192,121380,1,0,0:0:0:0:
182,192,121680,5,2,0:0:0:0:
402,192,121680,1,0,0:0:0:0:
329,192,121980,1,8,0:0:0:0:
109,192,121980,1,0,0:0:0:0:
256,192,121980,1,0,0:0:0:0:
402,192,122580,1,0,0:0:0:0:
109,192,122580,1,4,0:0:0:0:
475,192,122580,1,4,0:0:0:0:
329,192,122580,128,0,122880:0:0:0:0:
256,192,122730,1,0,0:0:0:0:
109,192,122880,1,0,0:0:0:0:
256,192,123030,1,0,0:0:0:0:
402,192,123180,1,0,0:0:0:0:
36,192,123180,128,0,123480:0:0:0:0:
256,192,123330,1,0,0:0:0:0:
109,192,123480,1,0,0:0:0:0:
256,192,123630,1,0,0:0:0:0:
475,192,123780,1,0,0:0:0:0:
109,192,123780,128,0,124080:0:0:0:0:
329,192,123930,1,0,0:0:0:0:
182,192,124080,1,0,0:0:0:0:
329,192,124230,1,0,0:0:0:0:
475,192,124380,1,0,0:0:0:0:
109,192,124380,128,0,124680:0:0:0:0:
329,192,124530,1,0,0:0:0:0:
475,192,124680,1,0,0:0:0:0:
402,192,124830,1,0,0:0:0:0:
329,192,124980,1,0,0:0:0:0:
36,192,124980,128,0,125280:0:0:0:0:
182,192,125130,1,0,0:0:0:0:
475,192,125280,1,0,0:0:0:0:
182,192,125430,1,0,0:0:0:0:
402,192,125580,1,0,0:0:0:0:
36,192,125580,128,0,125880:0:0:0:0:
182,192,125730,1,0,0:0:0:0:
256,192,125880,1,0,0:0:0:0:
182,192,126030,1,0,0:0:0:0:
329,192,126180,1,0,0:0:0:0:
402,192,126180,128,0,126480:0:0:0:0:
109,192,126330,1,0,0:0:0:0:
256,192,126480,1,0,0:0:0:0:
109,192,126630,1,0,0:0:0:0:
36,192,126780,1,0,0:0:0:0:
475,192,126780,128,0,127080:0:0:0:0:
109,192,126930,1,0,0:0:0:0:
256,192,127080,1,0,0:0:0:0:
109,192,127230,1,0,0:0:0:0:
402,192,127380,1,0,0:0:0:0:
36,192,127380,128,0,127680:0:0:0:0:
182,192,127530,1,0,0:0:0:0:
256,192,127680,1,0,0:0:0:0:
329,192,127830,1,0,0:0:0:0:
402,192,127980,1,0,0:0:0:0:
36,192,127980,128,0,128280:0:0:0:0:
182,192,128130,1,0,0:0:0:0:
256,192,128280,1,0,0:0:0:0:
329,192,128430,1,0,0:0:0:0:
475,192,128580,1,0,0:0:0:0:
109,192,128580,128,0,128880:0:0:0:0:
256,192,128730,1,0,0:0:0:0:
329,192,128880,1,0,0:0:0:0:
402,192,129030,1,0,0:0:0:0:
36,192,129180,128,0,129480:0:0:0:0:
475,192,129180,1,0,0:0:0:0:
256,192,129330,1,0,0:0:0:0:
475,192,129480,1,0,0:0:0:0:
402,192,129630,1,0,0:0:0:0:
329,192,129780,1,0,0:0:0:0:
182,192,129780,128,0,130080:0:0:0:0:
109,192,129930,1,0,0:0:0:0:
256,192,130080,1,0,0:0:0:0:
109,192,130230,1,0,0:0:0:0:
36,192,130380,128,0,130680:0:0:0:0:
329,192,130380,1,0,0:0:0:0:
109,192,130530,1,0,0:0:0:0:
402,192,130680,1,0,0:0:0:0:
109,192,130830,1,0,0:0:0:0:
329,192,130980,1,0,0:0:0:0:
475,192,130980,128,0,131280:0:0:0:0:
109,192,131130,1,0,0:0:0:0:
256,192,131280,1,0,0:0:0:0:
36,192,131580,128,0,131880:0:0:0:0:
402,192,131880,1,0,0:0:0:0:
402,192,132180,1,0,0:0:0:0:
109,192,132180,128,0,132480:0:0:0:0:
182,192,132330,1,0,0:0:0:0:
256,192,132480,1,0,0:0:0:0:
329,192,132630,1,0,0:0:0:0:
402,192,132780,1,0,0:0:0:0:
109,192,132780,128,0,133080:0:0:0:0:
182,192,132930,1,0,0:0:0:0:
256,192,133080,1,0,0:0:0:0:
329,192,133230,1,0,0:0:0:0:
475,192,133380,1,0,0:0:0:0:
182,192,133380,128,0,133680:0:0:0:0:
256,192,133530,1,0,0:0:0:0:
329,192,133680,1,0,0:0:0:0:
402,192,133830,1,0,0:0:0:0:
36,192,133980,128,0,134280:0:0:0:0:
475,192,133980,1,0,0:0:0:0:
256,192,134130,1,0,0:0:0:0:
475,192,134280,1,0,0:0:0:0:
402,192,134430,1,0,0:0:0:0:
182,192,134580,128,0,134880:0:0:0:0:
329,192,134580,1,0,0:0:0:0:
256,192,134730,1,0,0:0:0:0:
402,192,134880,1,0,0:0:0:0:
256,192,135030,1,0,0:0:0:0:
36,192,135180,128,0,135480:0:0:0:0:
329,192,135180,1,0,0:0:0:0:
256,192,135330,1,0,0:0:0:0:
182,192,135480,1,0,0:0:0:0:
256,192,135630,1,0,0:0:0:0:
329,192,135780,1,0,0:0:0:0:
475,192,135780,128,0,136080:0:0:0:0:
256,192,135930,1,0,0:0:0:0:
182,192,136080,1,0,0:0:0:0:
256,192,136230,1,0,0:0:0:0:
36,192,136380,128,0,136680:0:0:0:0:
109,192,136380,1,0,0:0:0:0:
256,192,136530,1,0,0:0:0:0:
329,192,136680,1,0,0:0:0:0:
256,192,136830,1,0,0:0:0:0:
402,192,136980,1,0,0:0:0:0:
36,192,136980,128,0,137280:0:0:0:0:
182,192,137130,1,0,0:0:0:0:
256,192,137280,1,0,0:0:0:0:
329,192,137430,1,0,0:0:0:0:
402,192,137580,1,0,0:0:0:0:
36,192,137580,128,0,137880:0:0:0:0:
182,192,137730,1,0,0:0:0:0:
256,192,137880,1,0,0:0:0:0:
329,192,138030,1,0,0:0:0:0:
475,192,138180,1,0,0:0:0:0:
109,192,138180,128,0,138480:0:0:0:0:
256,192,138330,1,0,0:0:0:0:
329,192,138480,1,0,0:0:0:0:
402,192,138630,1,0,0:0:0:0:
36,192,138780,128,0,139080:0:0:0:0:
475,192,138780,1,0,0:0:0:0:
256,192,138930,1,0,0:0:0:0:
475,192,139080,1,0,0:0:0:0:
402,192,139230,1,0,0:0:0:0:
329,192,139380,1,0,0:0:0:0:
182,192,139380,1,0,0:0:0:0:
36,192,139680,1,0,0:0:0:0:
182,192,139980,1,0,0:0:0:0:
256,192,140280,1,0,0:0:0:0:
329,192,140580,1,0,0:0:0:0:
109,192,140880,1,0,0:0:0:0:
256,192,141180,1,0,0:0:0:0:
402,192,141480,1,0,0:0:0:0:
402,192,141780,1,0,0:0:0:0:
36,192,141780,128,0,142080:0:0:0:0:
256,192,141780,1,2,0:0:0:0:
182,192,141930,1,0,0:0:0:0:
256,192,142080,1,0,0:0:0:0:
109,192,142080,128,0,142380:0:0:0:0:
329,192,142230,1,0,0:0:0:0:
402,192,142380,1,8,0:0:0:0:
182,192,142380,128,0,142680:0:0:0:0:
256,192,142530,1,0,0:0:0:0:
109,192,142680,128,0,142980:0:0:0:0:
329,192,142680,1,0,0:0:0:0:
402,192,142830,1,0,0:0:0:0:
475,192,142980,1,0,0:0:0:0:
36,192,142980,128,0,143280:0:0:0:0:
256,192,143130,1,0,0:0:0:0:
182,192,143280,128,0,143580:0:0:0:0:
329,192,143280,1,0,0:0:0:0:
402,192,143430,1,0,0:0:0:0:
256,192,143580,128,0,143880:0:0:0:0:
475,192,143580,1,8,0:0:0:0:
329,192,143730,1,0,0:0:0:0:
182,192,143880,128,0,144180:0:0:0:0:
475,192,143880,1,0,0:0:0:0:
402,192,144030,1,0,0:0:0:0:
36,192,144180,128,0,144480:0:0:0:0:
329,192,144180,1,0,0:0:0:0:
109,192,144330,1,0,0:0:0:0:
256,192,144480,128,0,144780:0:0:0:0:
475,192,144480,1,0,0:0:0:0:
109,192,144630,1,0,0:0:0:0:
402,192,144780,128,0,145080:0:0:0:0:
329,192,144780,1,8,0:0:0:0:
109,192,144930,1,0,0:0:0:0:
182,192,145080,128,0,145380:0:0:0:0:
256,192,145080,1,0,0:0:0:0:
109,192,145230,1,0,0:0:0:0:
36,192,145380,128,0,145980:0:0:0:0:
475,192,145380,128,0,145980:0:0:0:0:
109,192,145680,1,0,0:0:0:0:
402,192,145680,1,0,0:0:0:0:
182,192,145980,128,8,146580:0:0:0:0:
329,192,145980,128,0,146580:0:0:0:0:
36,192,146280,1,0,0:0:0:0:
402,192,146280,1,0,0:0:0:0:
109,192,146430,1,0,0:0:0:0:
475,192,146580,1,2,0:0:0:0:
36,192,146580,128,0,146880:0:0:0:0:
256,192,146580,1,0,0:0:0:0:
182,192,146730,1,0,0:0:0:0:
109,192,146880,128,0,147180:0:0:0:0:
256,192,146880,1,0,0:0:0:0:
329,192,147030,1,0,0:0:0:0:
182,192,147180,128,0,147480:0:0:0:0:
402,192,147180,1,8,0:0:0:0:
36,192,147180,1,0,0:0:0:0:
256,192,147330,1,0,0:0:0:0:
109,192,147480,128,0,147780:0:0:0:0:
329,192,147480,1,0,0:0:0:0:
402,192,147630,1,0,0:0:0:0:
36,192,147780,128,0,148080:0:0:0:0:
475,192,147780,1,0,0:0:0:0:
256,192,147930,1,0,0:0:0:0:
182,192,148080,128,0,148380:0:0:0:0:
329,192,148080,1,2,0:0:0:0:
109,192,148080,1,0,0:0:0:0:
402,192,148230,1,0,0:0:0:0:
256,192,148380,128,0,148680:0:0:0:0:
475,192,148380,1,8,0:0:0:0:
36,192,148380,1,0,0:0:0:0:
329,192,148530,1,0,0:0:0:0:
182,192,148680,128,0,148980:0:0:0:0:
475,192,148680,1,0,0:0:0:0:
402,192,148830,1,0,0:0:0:0:
36,192,148980,128,0,150780:0:0:0:0:
329,192,148980,1,2,0:0:0:0:
109,192,148980,1,0,0:0:0:0:
256,192,149130,1,0,0:0:0:0:
182,192,149280,1,0,0:0:0:0:
256,192,149430,1,0,0:0:0:0:
329,192,149580,1,8,0:0:0:0:
109,192,149580,1,0,0:0:0:0:
256,192,149730,1,0,0:0:0:0:
402,192,149880,1,0,0:0:0:0:
256,192,150030,1,0,0:0:0:0:
329,192,150180,1,0,0:0:0:0:
256,192,150330,1,0,0:0:0:0:
109,192,150480,1,2,0:0:0:0:
475,192,150480,1,0,0:0:0:0:
256,192,150630,1,0,0:0:0:0:
182,192,150780,1,8,0:0:0:0:
402,192,150780,1,0,0:0:0:0:
329,192,151080,1,0,0:0:0:0:
36,192,151380,1,2,0:0:0:0:
402,192,151380,1,0,0:0:0:0:
256,192,151380,1,0,0:0:0:0:
182,192,151530,1,0,0:0:0:0:
256,192,151680,1,0,0:0:0:0:
329,192,151830,1,0,0:0:0:0:
402,192,151980,1,0,0:0:0:0:
109,192,151980,1,8,0:0:0:0:
182,192,151980,1,0,0:0:0:0:
256,192,152130,1,0,0:0:0:0:
329,192,152280,1,0,0:0:0:0:
402,192,152430,1,0,0:0:0:0:
475,192,152580,1,0,0:0:0:0:
109,192,152580,1,0,0:0:0:0:
256,192,152730,1,0,0:0:0:0:
329,192,152880,1,0,0:0:0:0:
36,192,152880,1,2,0:0:0:0:
182,192,152880,1,0,0:0:0:0:
402,192,153030,1,0,0:0:0:0:
475,192,153180,1,0,0:0:0:0:
109,192,153180,1,8,0:0:0:0:
256,192,153330,1,0,0:0:0:0:
475,192,153480,1,0,0:0:0:0:
182,192,153480,1,0,0:0:0:0:
402,192,153630,1,0,0:0:0:0:
36,192,153780,1,2,0:0:0:0:
329,192,153780,1,0,0:0:0:0:
256,192,153780,1,0,0:0:0:0:
182,192,153930,1,0,0:0:0:0:
475,192,154080,1,0,0:0:0:0:
329,192,154080,1,0,0:0:0:0:
182,192,154230,1,0,0:0:0:0:
109,192,154380,1,8,0:0:0:0:
402,192,154380,1,0,0:0:0:0:
256,192,154380,1,0,0:0:0:0:
182,192,154530,1,0,0:0:0:0:
329,192,154680,1,0,0:0:0:0:
36,192,154680,1,0,0:0:0:0:
182,192,154830,1,0,0:0:0:0:
402,192,154980,1,0,0:0:0:0:
109,192,154980,1,0,0:0:0:0:
182,192,155130,1,0,0:0:0:0:
36,192,155280,1,0,0:0:0:0:
329,192,155280,1,2,0:0:0:0:
475,192,155280,1,0,0:0:0:0:
182,192,155430,1,0,0:0:0:0:
109,192,155580,1,8,0:0:0:0:
256,192,155580,1,0,0:0:0:0:
402,192,155580,1,0,0:0:0:0:
182,192,155730,1,0,0:0:0:0:
329,192,155880,1,0,0:0:0:0:
36,192,155880,1,0,0:0:0:0:
182,192,156030,1,0,0:0:0:0:
329,192,156180,1,0,0:0:0:0:
475,192,156180,1,0,0:0:0:0:
36,192,156180,1,2,0:0:0:0:
182,192,156330,1,0,0:0:0:0:
256,192,156480,1,0,0:0:0:0:
109,192,156480,1,0,0:0:0:0:
329,192,156630,1,0,0:0:0:0:
109,192,156780,1,8,0:0:0:0:
402,192,156780,1,0,0:0:0:0:
182,192,156780,1,0,0:0:0:0:
256,192,156930,1,0,0:0:0:0:
329,192,157080,1,0,0:0:0:0:
182,192,157080,1,0,0:0:0:0:
402,192,157230,1,0,0:0:0:0:
475,192,157380,1,0,0:0:0:0:
109,192,157380,1,0,0:0:0:0:
256,192,157530,1,0,0:0:0:0:
36,192,157680,1,2,0:0:0:0:
329,192,157680,1,0,0:0:0:0:
182,192,157680,1,0,0:0:0:0:
402,192,157830,1,0,0:0:0:0:
109,192,157980,1,8,0:0:0:0:
475,192,157980,1,0,0:0:0:0:
182,192,157980,1,0,0:0:0:0:
256,192,158130,1,0,0:0:0:0:
475,192,158280,1,0,0:0:0:0:
182,192,158280,1,0,0:0:0:0:
402,192,158430,1,0,0:0:0:0:
36,192,158580,1,2,0:0:0:0:
329,192,158580,1,0,0:0:0:0:
182,192,158580,1,0,0:0:0:0:
256,192,158880,1,0,0:0:0:0:
402,192,158880,1,0,0:0:0:0:
109,192,159180,1,8,0:0:0:0:
329,192,159180,1,0,0:0:0:0:
475,192,159180,1,0,0:0:0:0:
256,192,159480,1,0,0:0:0:0:
402,192,159480,1,0,0:0:0:0:
182,192,159780,1,0,0:0:0:0:
329,192,159780,1,0,0:0:0:0:
36,192,160080,1,0,0:0:0:0:
182,192,160080,1,2,0:0:0:0:
329,192,160080,1,0,0:0:0:0:
109,192,160380,1,8,0:0:0:0:
182,192,160380,1,0,0:0:0:0:
329,192,160380,1,0,0:0:0:0:
36,192,160680,1,0,0:0:0:0:
182,192,160680,1,2,0:0:0:0:
329,192,160680,1,0,0:0:0:0:
402,192,160980,1,0,0:0:0:0:
182,192,160980,128,0,161580:0:0:0:0:
36,192,160980,1,2,0:0:0:0:
329,192,160980,1,0,0:0:0:0:
109,192,161130,1,0,0:0:0:0:
256,192,161280,1,0,0:0:0:0:
475,192,161280,1,0,0:0:0:0:
329,192,161430,1,0,0:0:0:0:
36,192,161580,128,0,161880:0:0:0:0:
402,192,161580,1,8,0:0:0:0:
109,192,161580,1,0,0:0:0:0:
475,192,161580,1,0,0:0:0:0:
256,192,161580,1,0,0:0:0:0:
256,192,161730,1,0,0:0:0:0:
182,192,161880,128,0,162180:0:0:0:0:
329,192,161880,1,0,0:0:0:0:
109,192,161880,1,0,0:0:0:0:
402,192,162030,1,0,0:0:0:0:
329,192,162180,128,0,162780:0:0:0:0:
475,192,162180,1,0,0:0:0:0:
36,192,162180,1,0,0:0:0:0:
182,192,162330,1,0,0:0:0:0:
256,192,162480,1,2,0:0:0:0:
109,192,162480,1,0,0:0:0:0:
475,192,162480,1,0,0:0:0:0:
402,192,162630,1,0,0:0:0:0:
475,192,162780,1,8,0:0:0:0:
109,192,162780,128,0,163080:0:0:0:0:
36,192,162780,1,0,0:0:0:0:
182,192,162780,1,0,0:0:0:0:
182,192,162930,1,0,0:0:0:0:
475,192,163080,1,0,0:0:0:0:
256,192,163080,128,0,163380:0:0:0:0:
329,192,163080,1,0,0:0:0:0:
402,192,163230,1,0,0:0:0:0:
329,192,163380,1,0,0:0:0:0:
475,192,163380,128,0,163980:0:0:0:0:
36,192,163380,1,2,0:0:0:0:
182,192,163380,1,0,0:0:0:0:
402,192,163680,1,0,0:0:0:0:
109,192,163680,1,0,0:0:0:0:
402,192,163980,128,0,164280:0:0:0:0:
329,192,163980,1,0,0:0:0:0:
109,192,163980,1,8,0:0:0:0:
182,192,163980,1,0,0:0:0:0:
256,192,164280,128,0,164580:0:0:0:0:
182,192,164280,1,0,0:0:0:0:
36,192,164280,1,0,0:0:0:0:
329,192,164580,128,0,165180:0:0:0:0:
402,192,164580,1,0,0:0:0:0:
109,192,164580,1,0,0:0:0:0:
182,192,164880,1,2,0:0:0:0:
475,192,164880,1,0,0:0:0:0:
256,192,164880,1,0,0:0:0:0:
109,192,165180,128,0,165480:0:0:0:0:
36,192,165180,1,8,0:0:0:0:
402,192,165180,1,0,0:0:0:0:
182,192,165180,1,0,0:0:0:0:
256,192,165480,128,0,165780:0:0:0:0:
182,192,165480,1,0,0:0:0:0:
329,192,165480,1,0,0:0:0:0:
402,192,165780,128,0,166380:0:0:0:0:
329,192,165780,1,2,0:0:0:0:
475,192,165780,1,0,0:0:0:0:
36,192,165780,1,0,0:0:0:0:
182,192,166080,1,0,0:0:0:0:
109,192,166080,1,0,0:0:0:0:
256,192,166230,1,0,0:0:0:0:
329,192,166380,1,8,0:0:0:0:
36,192,166380,128,0,166680:0:0:0:0:
109,192,166380,1,0,0:0:0:0:
182,192,166380,1,0,0:0:0:0:
109,192,166530,1,0,0:0:0:0:
182,192,166680,1,0,0:0:0:0:
329,192,166680,128,0,166980:0:0:0:0:
475,192,166680,1,0,0:0:0:0:
256,192,166830,1,0,0:0:0:0:
402,192,166980,128,0,167430:0:0:0:0:
182,192,166980,1,0,0:0:0:0:
36,192,166980,1,0,0:0:0:0:
36,192,167280,1,2,0:0:0:0:
329,192,167280,1,0,0:0:0:0:
182,192,167280,1,0,0:0:0:0:
256,192,167430,1,0,0:0:0:0:
109,192,167430,128,0,167880:0:0:0:0:
329,192,167580,1,8,0:0:0:0:
182,192,167580,1,0,0:0:0:0:
475,192,167580,1,0,0:0:0:0:
182,192,167730,1,0,0:0:0:0:
256,192,167880,1,0,0:0:0:0:
329,192,167880,128,0,168180:0:0:0:0:
402,192,167880,1,0,0:0:0:0:
182,192,168030,1,0,0:0:0:0:
475,192,168180,128,0,168780:0:0:0:0:
109,192,168180,1,0,0:0:0:0:
402,192,168180,1,2,0:0:0:0:
36,192,168180,1,0,0:0:0:0:
182,192,168330,1,0,0:0:0:0:
36,192,168480,1,0,0:0:0:0:
256,192,168480,1,0,0:0:0:0:
182,192,168630,1,0,0:0:0:0:
109,192,168780,1,0,0:0:0:0:
329,192,168780,1,8,0:0:0:0:
256,192,168780,128,0,169080:0:0:0:0:
402,192,168780,1,0,0:0:0:0:
475,192,168930,1,0,0:0:0:0:
182,192,169080,1,0,0:0:0:0:
402,192,169080,1,0,0:0:0:0:
36,192,169080,128,0,169380:0:0:0:0:
475,192,169230,1,0,0:0:0:0:
109,192,169380,1,0,0:0:0:0:
329,192,169380,1,0,0:0:0:0:
182,192,169380,128,0,169980:0:0:0:0:
256,192,169530,1,0,0:0:0:0:
36,192,169680,1,0,0:0:0:0:
329,192,169680,1,2,0:0:0:0:
402,192,169680,1,0,0:0:0:0:
256,192,169830,1,0,0:0:0:0:
475,192,169980,128,0,170580:0:0:0:0:
109,192,169980,1,8,0:0:0:0:
329,192,169980,1,0,0:0:0:0:
402,192,169980,1,0,0:0:0:0:
329,192,170280,1,0,0:0:0:0:
36,192,170280,1,0,0:0:0:0:
182,192,170580,128,0,171180:0:0:0:0:
329,192,170580,1,2,0:0:0:0:
109,192,170580,1,0,0:0:0:0:
256,192,170580,1,0,0:0:0:0:
36,192,170730,1,0,0:0:0:0:
109,192,170880,1,0,0:0:0:0:
256,192,171030,1,0,0:0:0:0:
329,192,171180,1,8,0:0:0:0:
36,192,171180,128,0,171480:0:0:0:0:
475,192,171180,1,0,0:0:0:0:
402,192,171180,1,0,0:0:0:0:
329,192,171330,1,0,0:0:0:0:
182,192,171480,128,0,171780:0:0:0:0:
256,192,171480,1,0,0:0:0:0:
402,192,171480,1,0,0:0:0:0:
329,192,171630,1,0,0:0:0:0:
402,192,171780,128,0,172230:0:0:0:0:
475,192,171780,1,0,0:0:0:0:
109,192,171780,1,0,0:0:0:0:
182,192,171930,1,0,0:0:0:0:
256,192,172080,1,2,0:0:0:0:
109,192,172080,1,0,0:0:0:0:
329,192,172230,1,0,0:0:0:0:
36,192,172230,128,0,172680:0:0:0:0:
475,192,172380,1,8,0:0:0:0:
109,192,172380,1,0,0:0:0:0:
182,192,172380,1,0,0:0:0:0:
182,192,172530,1,0,0:0:0:0:
256,192,172680,128,0,172980:0:0:0:0:
475,192,172680,1,0,0:0:0:0:
329,192,172680,1,0,0:0:0:0:
402,192,172830,1,0,0:0:0:0:
475,192,172980,128,0,173580:0:0:0:0:
329,192,172980,1,0,0:0:0:0:
36,192,172980,1,2,0:0:0:0:
182,192,172980,1,0,0:0:0:0:
109,192,173280,1,0,0:0:0:0:
402,192,173280,1,0,0:0:0:0:
402,192,173580,128,0,173880:0:0:0:0:
329,192,173580,1,0,0:0:0:0:
36,192,173580,1,8,0:0:0:0:
256,192,173580,1,0,0:0:0:0:
256,192,173880,128,0,174180:0:0:0:0:
182,192,173880,1,0,0:0:0:0:
109,192,173880,1,0,0:0:0:0:
329,192,174180,128,0,174780:0:0:0:0:
182,192,174180,1,0,0:0:0:0:
402,192,174180,1,0,0:0:0:0:
36,192,174480,1,0,0:0:0:0:
109,192,174480,1,2,0:0:0:0:
475,192,174480,1,0,0:0:0:0:
109,192,174780,1,8,0:0:0:0:
256,192,174780,1,0,0:0:0:0:
182,192,174780,128,0,175080:0:0:0:0:
402,192,174780,1,0,0:0:0:0:
329,192,175080,128,0,175380:0:0:0:0:
256,192,175080,1,0,0:0:0:0:
402,192,175080,1,0,0:0:0:0:
402,192,175380,128,0,175980:0:0:0:0:
182,192,175380,1,2,0:0:0:0:
36,192,175380,1,0,0:0:0:0:
475,192,175380,1,0,0:0:0:0:
109,192,175680,1,0,0:0:0:0:
256,192,175680,1,0,0:0:0:0:
109,192,175980,128,0,176280:0:0:0:0:
329,192,175980,1,8,0:0:0:0:
256,192,175980,1,0,0:0:0:0:
475,192,175980,1,0,0:0:0:0:
329,192,176130,1,0,0:0:0:0:
256,192,176280,128,0,176580:0:0:0:0:
182,192,176280,1,0,0:0:0:0:
402,192,176280,1,0,0:0:0:0:
329,192,176430,1,0,0:0:0:0:
475,192,176580,128,0,177030:0:0:0:0:
402,192,176580,1,0,0:0:0:0:
182,192,176580,1,0,0:0:0:0:
109,192,176730,1,0,0:0:0:0:
182,192,176880,1,2,0:0:0:0:
402,192,176880,1,0,0:0:0:0:
256,192,176880,1,0,0:0:0:0:
329,192,177030,1,0,0:0:0:0:
36,192,177030,128,0,177480:0:0:0:0:
402,192,177180,1,8,0:0:0:0:
256,192,177180,1,0,0:0:0:0:
475,192,177180,1,0,0:0:0:0:
109,192,177330,1,0,0:0:0:0:
256,192,177330,1,0,0:0:0:0:
402,192,177480,1,0,0:0:0:0:
182,192,177480,128,0,177780:0:0:0:0:
475,192,177480,1,0,0:0:0:0:
329,192,177630,1,0,0:0:0:0:
475,192,177780,128,0,178380:0:0:0:0:
256,192,177780,1,0,0:0:0:0:
36,192,177780,1,2,0:0:0:0:
402,192,177780,1,0,0:0:0:0:
109,192,177930,1,0,0:0:0:0:
329,192,177930,1,0,0:0:0:0:
182,192,178080,1,0,0:0:0:0:
402,192,178080,1,0,0:0:0:0:
256,192,178230,1,0,0:0:0:0:
36,192,178230,1,0,0:0:0:0:
329,192,178380,1,0,0:0:0:0:
109,192,178380,1,8,0:0:0:0:
36,192,178380,128,0,178680:0:0:0:0:
256,192,178380,1,0,0:0:0:0:
402,192,178530,1,0,0:0:0:0:
182,192,178530,1,0,0:0:0:0:
475,192,178680,1,0,0:0:0:0:
256,192,178680,1,0,0:0:0:0:
109,192,178680,128,0,178980:0:0:0:0:
329,192,178830,1,0,0:0:0:0:
402,192,178980,1,0,0:0:0:0:
182,192,178980,128,0,179580:0:0:0:0:
36,192,179130,1,0,0:0:0:0:
109,192,179280,1,2,0:0:0:0:
329,192,179280,1,0,0:0:0:0:
402,192,179430,1,0,0:0:0:0:
109,192,179505,1,0,0:0:0:0:
256,192,179542,1,0,0:0:0:0:
402,192,179580,1,0,0:0:0:0:
36,192,179580,1,0,0:0:0:0:
329,192,179580,128,0,180180:0:0:0:0:
475,192,179580,1,8,0:0:0:0:
256,192,180180,128,0,180780:0:0:0:0:
182,192,180180,1,2,0:0:0:0:
475,192,180180,1,0,0:0:0:0:
402,192,180180,1,0,0:0:0:0:
109,192,180480,1,0,0:0:0:0:
329,192,180480,1,0,0:0:0:0:
182,192,180630,1,0,0:0:0:0:
329,192,180780,1,8,0:0:0:0:
402,192,180780,128,0,181080:0:0:0:0:
475,192,180780,1,0,0:0:0:0:
36,192,180780,1,0,0:0:0:0:
109,192,180930,1,0,0:0:0:0:
182,192,181080,1,0,0:0:0:0:
475,192,181080,128,0,181380:0:0:0:0:
329,192,181080,1,0,0:0:0:0:
256,192,181230,1,0,0:0:0:0:
329,192,181380,1,0,0:0:0:0:
36,192,181380,128,0,181830:0:0:0:0:
109,192,181380,1,0,0:0:0:0:
182,192,181530,1,0,0:0:0:0:
256,192,181680,1,2,0:0:0:0:
402,192,181680,1,0,0:0:0:0:
109,192,181680,1,0,0:0:0:0:
329,192,181830,1,0,0:0:0:0:
182,192,181830,128,0,182280:0:0:0:0:
402,192,181980,1,8,0:0:0:0:
36,192,181980,1,0,0:0:0:0:
256,192,181980,1,0,0:0:0:0:
109,192,182130,1,0,0:0:0:0:
329,192,182280,1,0,0:0:0:0:
402,192,182280,128,0,182580:0:0:0:0:
36,192,182280,1,0,0:0:0:0:
256,192,182430,1,0,0:0:0:0:
475,192,182580,128,0,183180:0:0:0:0:
182,192,182580,1,0,0:0:0:0:
109,192,182580,1,2,0:0:0:0:
329,192,182580,1,0,0:0:0:0:
329,192,182880,1,0,0:0:0:0:
402,192,182880,1,0,0:0:0:0:
256,192,183180,1,8,0:0:0:0:
329,192,183180,1,0,0:0:0:0:
402,192,183180,128,0,183480:0:0:0:0:
109,192,183180,1,0,0:0:0:0:
182,192,183480,1,0,0:0:0:0:
109,192,183480,1,0,0:0:0:0:
36,192,183480,128,0,183780:0:0:0:0:
256,192,183780,1,0,0:0:0:0:
182,192,183780,1,0,0:0:0:0:
329,192,183780,128,0,184380:0:0:0:0:
109,192,184080,1,0,0:0:0:0:
182,192,184080,1,2,0:0:0:0:
475,192,184080,1,0,0:0:0:0:
36,192,184380,1,0,0:0:0:0:
109,192,184380,1,8,0:0:0:0:
256,192,184380,128,0,184680:0:0:0:0:
402,192,184380,1,0,0:0:0:0:
109,192,184680,1,0,0:0:0:0:
182,192,184680,1,0,0:0:0:0:
329,192,184680,128,0,184980:0:0:0:0:
402,192,184980,128,0,185580:0:0:0:0:
36,192,184980,1,0,0:0:0:0:
256,192,184980,1,0,0:0:0:0:
475,192,184980,1,0,0:0:0:0:
182,192,185280,1,0,0:0:0:0:
109,192,185280,1,0,0:0:0:0:
256,192,185430,1,0,0:0:0:0:
329,192,185580,1,8,0:0:0:0:
36,192,185580,128,0,185880:0:0:0:0:
182,192,185580,1,0,0:0:0:0:
475,192,185580,1,0,0:0:0:0:
109,192,185730,1,0,0:0:0:0:
182,192,185880,1,0,0:0:0:0:
329,192,185880,128,0,186180:0:0:0:0:
256,192,186030,1,0,0:0:0:0:
402,192,186180,1,0,0:0:0:0:
475,192,186180,128,0,186630:0:0:0:0:
36,192,186180,1,0,0:0:0:0:
182,192,186330,1,0,0:0:0:0:
256,192,186480,1,2,0:0:0:0:
109,192,186480,1,0,0:0:0:0:
402,192,186480,1,0,0:0:0:0:
329,192,186630,1,0,0:0:0:0:
36,192,186630,128,0,187080:0:0:0:0:
402,192,186780,1,8,0:0:0:0:
182,192,186780,1,0,0:0:0:0:
109,192,186780,1,0,0:0:0:0:
256,192,186930,1,0,0:0:0:0:
182,192,187080,128,0,187380:0:0:0:0:
402,192,187080,1,0,0:0:0:0:
475,192,187080,1,0,0:0:0:0:
329,192,187230,1,0,0:0:0:0:
402,192,187380,128,0,187980:0:0:0:0:
256,192,187380,1,2,0:0:0:0:
109,192,187380,1,0,0:0:0:0:
475,192,187380,1,0,0:0:0:0:
36,192,187530,1,0,0:0:0:0:
329,192,187680,1,0,0:0:0:0:
182,192,187680,1,0,0:0:0:0:
36,192,187830,1,0,0:0:0:0:
256,192,187980,1,8,0:0:0:0:
475,192,187980,1,0,0:0:0:0:
182,192,187980,128,0,188280:0:0:0:0:
329,192,187980,1,0,0:0:0:0:
36,192,188130,1,0,0:0:0:0:
329,192,188280,1,0,0:0:0:0:
475,192,188280,1,0,0:0:0:0:
109,192,188280,128,0,188580:0:0:0:0:
36,192,188430,1,0,0:0:0:0:
329,192,188580,1,0,0:0:0:0:
475,192,188580,1,0,0:0:0:0:
182,192,188580,128,0,189180:0:0:0:0:
36,192,188730,1,0,0:0:0:0:
329,192,188880,1,2,0:0:0:0:
475,192,188880,1,0,0:0:0:0:
256,192,188880,1,0,0:0:0:0:
36,192,189030,1,0,0:0:0:0:
329,192,189180,1,8,0:0:0:0:
475,192,189180,1,0,0:0:0:0:
256,192,189180,128,0,189780:0:0:0:0:
109,192,189180,1,0,0:0:0:0:
36,192,189330,1,0,0:0:0:0:
402,192,189480,1,0,0:0:0:0:
475,192,189480,1,0,0:0:0:0:
36,192,189630,1,0,0:0:0:0:
182,192,189780,128,0,190380:0:0:0:0:
475,192,189780,1,2,0:0:0:0:
329,192,189780,1,0,0:0:0:0:
402,192,189780,1,0,0:0:0:0:
109,192,189930,1,0,0:0:0:0:
256,192,190080,1,0,0:0:0:0:
402,192,190080,1,0,0:0:0:0:
329,192,190230,1,0,0:0:0:0:
475,192,190380,1,8,0:0:0:0:
402,192,190380,128,0,190980:0:0:0:0:
36,192,190380,1,0,0:0:0:0:
256,192,190380,1,0,0:0:0:0:
109,192,190530,1,0,0:0:0:0:
182,192,190680,1,0,0:0:0:0:
36,192,190680,1,0,0:0:0:0:
329,192,190830,1,0,0:0:0:0:
475,192,190980,1,0,0:0:0:0:
256,192,190980,128,0,191580:0:0:0:0:
109,192,190980,1,0,0:0:0:0:
182,192,191130,1,0,0:0:0:0:
329,192,191280,1,2,0:0:0:0:
36,192,191280,1,0,0:0:0:0:
109,192,191280,1,0,0:0:0:0:
402,192,191430,1,0,0:0:0:0:
475,192,191580,1,8,0:0:0:0:
109,192,191580,128,0,192180:0:0:0:0:
329,192,191580,1,0,0:0:0:0:
36,192,191580,1,0,0:0:0:0:
182,192,191730,1,0,0:0:0:0:
475,192,191880,1,0,0:0:0:0:
256,192,191880,1,0,0:0:0:0:
402,192,192030,1,0,0:0:0:0:
329,192,192180,1,2,0:0:0:0:
182,192,192180,128,0,192480:0:0:0:0:
475,192,192180,1,0,0:0:0:0:
36,192,192180,1,0,0:0:0:0:
109,192,192330,1,0,0:0:0:0:
475,192,192480,1,0,0:0:0:0:
256,192,192480,128,0,192780:0:0:0:0:
402,192,192480,1,0,0:0:0:0:
109,192,192630,1,0,0:0:0:0:
182,192,192780,128,0,193080:0:0:0:0:
402,192,192780,1,8,0:0:0:0:
329,192,192780,1,0,0:0:0:0:
36,192,192780,1,0,0:0:0:0:
109,192,192930,1,0,0:0:0:0:
36,192,193080,128,0,193380:0:0:0:0:
329,192,193080,1,0,0:0:0:0:
475,192,193080,1,0,0:0:0:0:
109,192,193230,1,0,0:0:0:0:
402,192,193380,1,0,0:0:0:0:
182,192,193380,128,0,193980:0:0:0:0:
109,192,193530,1,0,0:0:0:0:
329,192,193680,1,2,0:0:0:0:
475,192,193680,1,0,0:0:0:0:
256,192,193680,1,0,0:0:0:0:
109,192,193830,1,0,0:0:0:0:
329,192,193980,1,8,0:0:0:0:
36,192,193980,128,0,194280:0:0:0:0:
402,192,193980,1,0,0:0:0:0:
256,192,193980,1,0,0:0:0:0:
109,192,194130,1,0,0:0:0:0:
329,192,194280,1,0,0:0:0:0:
182,192,194280,128,0,194580:0:0:0:0:
475,192,194280,1,0,0:0:0:0:
109,192,194430,1,0,0:0:0:0:
256,192,194580,128,0,195180:0:0:0:0:
402,192,194580,1,2,0:0:0:0:
475,192,194580,1,0,0:0:0:0:
36,192,194580,1,0,0:0:0:0:
109,192,194730,1,0,0:0:0:0:
182,192,194880,1,0,0:0:0:0:
402,192,194880,1,0,0:0:0:0:
329,192,195030,1,0,0:0:0:0:
402,192,195180,1,8,0:0:0:0:
36,192,195180,128,0,195780:0:0:0:0:
182,192,195180,1,0,0:0:0:0:
475,192,195180,1,0,0:0:0:0:
109,192,195330,1,0,0:0:0:0:
256,192,195480,1,0,0:0:0:0:
182,192,195480,1,0,0:0:0:0:
402,192,195630,1,0,0:0:0:0:
475,192,195780,1,0,0:0:0:0:
109,192,195780,128,0,196080:0:0:0:0:
329,192,195780,1,0,0:0:0:0:
256,192,195930,1,0,0:0:0:0:
329,192,196080,1,2,0:0:0:0:
182,192,196080,128,0,196380:0:0:0:0:
36,192,196080,1,0,0:0:0:0:
475,192,196080,1,0,0:0:0:0:
402,192,196230,1,0,0:0:0:0:
475,192,196380,1,8,0:0:0:0:
109,192,196380,128,0,196680:0:0:0:0:
329,192,196380,1,0,0:0:0:0:
36,192,196380,1,0,0:0:0:0:
256,192,196530,1,0,0:0:0:0:
36,192,196530,1,0,0:0:0:0:
475,192,196680,1,0,0:0:0:0:
329,192,196680,1,0,0:0:0:0:
402,192,196680,128,0,196980:0:0:0:0:
182,192,196830,1,0,0:0:0:0:
36,192,196830,1,0,0:0:0:0:
329,192,196980,128,0,197880:0:0:0:0:
109,192,196980,1,2,0:0:0:0:
475,192,196980,1,0,0:0:0:0:
256,192,196980,1,0,0:0:0:0:
36,192,197130,1,0,0:0:0:0:
256,192,197130,1,0,0:0:0:0:
109,192,197280,1,0,0:0:0:0:
402,192,197280,1,0,0:0:0:0:
182,192,197430,1,0,0:0:0:0:
475,192,197430,1,0,0:0:0:0:
256,192,197580,1,8,0:0:0:0:
36,192,197580,1,0,0:0:0:0:
402,192,197730,1,0,0:0:0:0:
109,192,197730,1,0,0:0:0:0:
256,192,197880,128,0,198180:0:0:0:0:
475,192,197880,1,0,0:0:0:0:
182,192,197880,1,0,0:0:0:0:
36,192,198030,1,0,0:0:0:0:
402,192,198030,1,0,0:0:0:0:
329,192,198180,128,0,198780:0:0:0:0:
109,192,198180,1,0,0:0:0:0:
475,192,198180,1,0,0:0:0:0:
182,192,198330,1,0,0:0:0:0:
36,192,198330,1,0,0:0:0:0:
256,192,198480,1,2,0:0:0:0:
109,192,198480,1,0,0:0:0:0:
475,192,198480,1,0,0:0:0:0:
402,192,198630,1,0,0:0:0:0:
475,192,198780,1,8,0:0:0:0:
36,192,198780,1,0,0:0:0:0:
182,192,198780,1,0,0:0:0:0:
256,192,198817,1,0,0:0:0:0:
329,192,198855,1,0,0:0:0:0:
109,192,199380,1,2,0:0:0:0:
256,192,199380,1,4,0:0:0:0:
402,192,199380,1,0,0:0:0:0:
109,192,200730,1,0,0:0:0:0:
256,192,200880,1,2,0:0:0:0:
36,192,200880,1,0,0:0:0:0:
402,192,201030,1,0,0:0:0:0:
329,192,201180,1,8,0:0:0:0:
109,192,201180,1,0,0:0:0:0:
256,192,201330,1,0,0:0:0:0:
329,192,201480,1,0,0:0:0:0:
182,192,201630,1,0,0:0:0:0:
109,192,201780,1,0,0:0:0:0:
329,192,201780,1,0,0:0:0:0:
475,192,201780,1,0,0:0:0:0:
36,192,201780,128,0,202380:0:0:0:0:
256,192,201930,1,0,0:0:0:0:
402,192,202080,1,0,0:0:0:0:
182,192,202080,1,0,0:0:0:0:
256,192,202230,1,0,0:0:0:0:
182,192,202380,128,0,202980:0:0:0:0:
329,192,202380,1,8,0:0:0:0:
109,192,202380,1,0,0:0:0:0:
475,192,202380,1,0,0:0:0:0:
256,192,202530,1,0,0:0:0:0:
402,192,202680,1,0,0:0:0:0:
36,192,202680,1,0,0:0:0:0:
256,192,202830,1,0,0:0:0:0:
109,192,202980,128,0,203580:0:0:0:0:
329,192,202980,1,0,0:0:0:0:
475,192,202980,1,0,0:0:0:0:
402,192,203280,1,0,0:0:0:0:
256,192,203280,1,2,0:0:0:0:
475,192,203280,1,0,0:0:0:0:
36,192,203580,128,0,204180:0:0:0:0:
329,192,203580,1,0,0:0:0:0:
182,192,203580,1,8,0:0:0:0:
402,192,203580,1,0,0:0:0:0:
109,192,203880,1,0,0:0:0:0:
256,192,203880,1,0,0:0:0:0:
329,192,204030,1,0,0:0:0:0:
402,192,204180,1,0,0:0:0:0:
109,192,204180,128,0,205380:0:0:0:0:
256,192,204180,1,2,0:0:0:0:
475,192,204180,1,0,0:0:0:0:
182,192,204330,1,0,0:0:0:0:
329,192,204480,1,0,0:0:0:0:
402,192,204480,1,0,0:0:0:0:
182,192,204630,1,0,0:0:0:0:
475,192,204780,1,8,0:0:0:0:
329,192,204780,1,0,0:0:0:0:
256,192,204780,1,0,0:0:0:0:
182,192,204930,1,0,0:0:0:0:
475,192,205080,1,0,0:0:0:0:
402,192,205080,1,0,0:0:0:0:
182,192,205230,1,0,0:0:0:0:
36,192,205380,128,0,206580:0:0:0:0:
475,192,205380,1,0,0:0:0:0:
256,192,205380,1,0,0:0:0:0:
256,192,205680,1,0,0:0:0:0:
182,192,205680,1,2,0:0:0:0:
402,192,205680,1,0,0:0:0:0:
182,192,205980,1,0,0:0:0:0:
109,192,205980,1,8,0:0:0:0:
329,192,205980,1,0,0:0:0:0:
109,192,206280,1,0,0:0:0:0:
182,192,206280,1,0,0:0:0:0:
256,192,206430,1,0,0:0:0:0:
329,192,206580,128,0,207780:0:0:0:0:
402,192,206580,1,2,0:0:0:0:
109,192,206580,1,0,0:0:0:0:
475,192,206580,1,0,0:0:0:0:
182,192,206730,1,0,0:0:0:0:
475,192,206880,1,0,0:0:0:0:
256,192,206880,1,0,0:0:0:0:
402,192,207030,1,0,0:0:0:0:
256,192,207180,1,0,0:0:0:0:
109,192,207180,1,8,0:0:0:0:
475,192,207180,1,0,0:0:0:0:
182,192,207330,1,0,0:0:0:0:
109,192,207480,1,0,0:0:0:0:
402,192,207480,1,0,0:0:0:0:
36,192,207630,1,0,0:0:0:0:
256,192,207780,128,0,208380:0:0:0:0:
402,192,207780,1,0,0:0:0:0:
475,192,207780,1,0,0:0:0:0:
182,192,207930,1,0,0:0:0:0:
475,192,208080,1,0,0:0:0:0:
36,192,208080,1,0,0:0:0:0:
109,192,208080,1,2,0:0:0:0:
402,192,208230,1,0,0:0:0:0:
109,192,208380,128,0,208980:0:0:0:0:
329,192,208380,1,0,0:0:0:0:
475,192,208380,1,0,0:0:0:0:
182,192,208380,1,8,0:0:0:0:
256,192,208530,1,0,0:0:0:0:
329,192,208680,1,0,0:0:0:0:
475,192,208680,1,0,0:0:0:0:
182,192,208680,1,0,0:0:0:0:
36,192,208830,1,0,0:0:0:0:
256,192,208980,1,0,0:0:0:0:
402,192,208980,1,0,0:0:0:0:
475,192,208980,128,0,209580:0:0:0:0:
182,192,208980,1,2,0:0:0:0:
182,192,209130,1,0,0:0:0:0:
109,192,209280,1,0,0:0:0:0:
329,192,209280,1,0,0:0:0:0:
182,192,209430,1,0,0:0:0:0:
256,192,209580,1,0,0:0:0:0:
109,192,209580,1,0,0:0:0:0:
36,192,209580,128,0,210180:0:0:0:0:
402,192,209580,1,8,0:0:0:0:
329,192,209730,1,0,0:0:0:0:
402,192,209880,1,0,0:0:0:0:
256,192,209880,1,0,0:0:0:0:
475,192,210030,1,0,0:0:0:0:
402,192,210180,1,0,0:0:0:0:
182,192,210180,1,0,0:0:0:0:
109,192,210180,128,0,210780:0:0:0:0:
182,192,210480,1,0,0:0:0:0:
402,192,210480,1,0,0:0:0:0:
256,192,210480,1,2,0:0:0:0:
256,192,210780,1,0,0:0:0:0:
329,192,210780,1,8,0:0:0:0:
475,192,210780,1,0,0:0:0:0:
402,192,210780,128,0,211380:0:0:0:0:
36,192,211380,128,0,211980:0:0:0:0:
109,192,211380,1,0,0:0:0:0:
329,192,211380,1,0,0:0:0:0:
256,192,211380,1,2,0:0:0:0:
402,192,211680,1,0,0:0:0:0:
182,192,211680,1,0,0:0:0:0:
402,192,211830,1,0,0:0:0:0:
329,192,211980,1,0,0:0:0:0:
475,192,211980,128,0,212580:0:0:0:0:
109,192,211980,1,0,0:0:0:0:
182,192,211980,1,8,0:0:0:0:
256,192,212130,1,0,0:0:0:0:
182,192,212280,1,0,0:0:0:0:
329,192,212280,1,0,0:0:0:0:
109,192,212430,1,0,0:0:0:0:
36,192,212580,1,0,0:0:0:0:
402,192,212580,128,0,213180:0:0:0:0:
329,192,212580,1,0,0:0:0:0:
182,192,212730,1,0,0:0:0:0:
109,192,212880,1,0,0:0:0:0:
256,192,212880,1,0,0:0:0:0:
329,192,212880,1,2,0:0:0:0:
182,192,213030,1,0,0:0:0:0:
109,192,213180,1,0,0:0:0:0:
475,192,213180,128,0,213780:0:0:0:0:
256,192,213180,1,8,0:0:0:0:
36,192,213330,1,0,0:0:0:0:
182,192,213480,1,0,0:0:0:0:
329,192,213480,1,0,0:0:0:0:
256,192,213630,1,0,0:0:0:0:
402,192,213630,1,0,0:0:0:0:
329,192,213780,1,0,0:0:0:0:
109,192,213780,1,0,0:0:0:0:
36,192,213780,128,0,214980:0:0:0:0:
182,192,213780,1,2,0:0:0:0:
109,192,214080,1,0,0:0:0:0:
256,192,214080,1,0,0:0:0:0:
109,192,214230,1,0,0:0:0:0:
256,192,214230,1,0,0:0:0:0:
182,192,214380,1,0,0:0:0:0:
329,192,214380,1,0,0:0:0:0:
475,192,214380,1,8,0:0:0:0:
256,192,214530,1,0,0:0:0:0:
402,192,214530,1,0,0:0:0:0:
329,192,214680,1,0,0:0:0:0:
475,192,214680,1,0,0:0:0:0:
256,192,214830,1,0,0:0:0:0:
402,192,214830,1,0,0:0:0:0:
182,192,214980,1,0,0:0:0:0:
329,192,214980,1,0,0:0:0:0:
475,192,214980,1,0,0:0:0:0:
109,192,214980,128,0,216180:0:0:0:0:
36,192,215130,1,0,0:0:0:0:
256,192,215280,1,0,0:0:0:0:
402,192,215280,1,0,0:0:0:0:
475,192,215280,1,2,0:0:0:0:
36,192,215430,1,0,0:0:0:0:
182,192,215580,1,0,0:0:0:0:
329,192,215580,1,0,0:0:0:0:
402,192,215580,1,8,0:0:0:0:
36,192,215730,1,0,0:0:0:0:
182,192,215880,1,0,0:0:0:0:
329,192,215880,1,0,0:0:0:0:
256,192,216030,1,0,0:0:0:0:
402,192,216030,1,0,0:0:0:0:
329,192,216180,1,0,0:0:0:0:
475,192,216180,1,0,0:0:0:0:
36,192,216180,128,0,216780:0:0:0:0:
182,192,216180,1,2,0:0:0:0:
475,192,216480,1,0,0:0:0:0:
182,192,216480,1,0,0:0:0:0:
402,192,216630,1,0,0:0:0:0:
109,192,216780,128,0,217380:0:0:0:0:
329,192,216780,1,0,0:0:0:0:
182,192,216780,1,0,0:0:0:0:
475,192,216780,1,8,0:0:0:0:
256,192,216930,1,0,0:0:0:0:
36,192,217080,1,0,0:0:0:0:
182,192,217080,1,0,0:0:0:0:
182,192,217380,128,0,217980:0:0:0:0:
256,192,217380,1,0,0:0:0:0:
402,192,217380,1,0,0:0:0:0:
329,192,217530,1,0,0:0:0:0:
36,192,217680,1,0,0:0:0:0:
329,192,217680,1,0,0:0:0:0:
402,192,217680,1,2,0:0:0:0:
475,192,217830,1,0,0:0:0:0:
256,192,217980,128,0,218580:0:0:0:0:
109,192,217980,1,0,0:0:0:0:
402,192,217980,1,0,0:0:0:0:
36,192,217980,1,8,0:0:0:0:
329,192,218130,1,0,0:0:0:0:
36,192,218280,1,0,0:0:0:0:
182,192,218280,1,0,0:0:0:0:
109,192,218430,1,0,0:0:0:0:
36,192,218580,1,0,0:0:0:0:
329,192,218580,1,0,0:0:0:0:
182,192,218580,128,0,219180:0:0:0:0:
402,192,218580,1,2,0:0:0:0:
109,192,218880,1,0,0:0:0:0:
475,192,218880,1,0,0:0:0:0:
256,192,219180,128,0,219780:0:0:0:0:
36,192,219180,1,0,0:0:0:0:
402,192,219180,1,0,0:0:0:0:
329,192,219180,1,8,0:0:0:0:
109,192,219480,1,0,0:0:0:0:
475,192,219480,1,0,0:0:0:0:
329,192,219780,128,0,220980:0:0:0:0:
36,192,219780,1,0,0:0:0:0:
402,192,219780,1,0,0:0:0:0:
109,192,220080,1,0,0:0:0:0:
256,192,220080,1,0,0:0:0:0:
182,192,220380,1,0,0:0:0:0:
475,192,220380,1,0,0:0:0:0:
402,192,220380,1,8,0:0:0:0:
109,192,220980,1,0,0:0:0:0:
475,192,220980,1,0,0:0:0:0:
36,192,220980,128,0,221580:0:0:0:0:
256,192,220980,1,2,0:0:0:0:
182,192,221280,1,0,0:0:0:0:
329,192,221280,1,0,0:0:0:0:
402,192,221580,128,0,222180:0:0:0:0:
109,192,221580,1,0,0:0:0:0:
256,192,221580,1,0,0:0:0:0:
475,192,221580,1,8,0:0:0:0:
182,192,221880,1,0,0:0:0:0:
329,192,221880,1,0,0:0:0:0:
256,192,222180,128,0,222780:0:0:0:0:
109,192,222180,1,0,0:0:0:0:
475,192,222180,1,0,0:0:0:0:
402,192,222480,1,0,0:0:0:0:
182,192,222480,1,2,0:0:0:0:
109,192,222780,128,0,223380:0:0:0:0:
329,192,222780,1,0,0:0:0:0:
36,192,222780,1,0,0:0:0:0:
475,192,222780,1,8,0:0:0:0:
182,192,223080,1,0,0:0:0:0:
329,192,223230,1,0,0:0:0:0:
402,192,223380,1,0,0:0:0:0:
36,192,223380,1,0,0:0:0:0:
256,192,223380,1,2,0:0:0:0:
182,192,223380,128,0,224280:0:0:0:0:
402,192,223680,1,0,0:0:0:0:
109,192,223680,1,0,0:0:0:0:
109,192,223830,1,0,0:0:0:0:
402,192,223830,1,0,0:0:0:0:
36,192,223980,1,0,0:0:0:0:
329,192,223980,1,0,0:0:0:0:
475,192,223980,1,8,0:0:0:0:
402,192,224130,1,0,0:0:0:0:
109,192,224130,1,0,0:0:0:0:
36,192,224280,1,0,0:0:0:0:
475,192,224280,1,0,0:0:0:0:
256,192,224280,128,0,224580:0:0:0:0:
109,192,224430,1,0,0:0:0:0:
402,192,224430,1,0,0:0:0:0:
36,192,224580,1,0,0:0:0:0:
329,192,224580,1,0,0:0:0:0:
475,192,224580,128,0,225180:0:0:0:0:
182,192,224580,1,0,0:0:0:0:
109,192,224730,1,0,0:0:0:0:
256,192,224880,1,2,0:0:0:0:
402,192,224880,1,0,0:0:0:0:
109,192,225030,1,0,0:0:0:0:
36,192,225180,1,0,0:0:0:0:
182,192,225180,1,0,0:0:0:0:
402,192,225180,128,0,225780:0:0:0:0:
329,192,225180,1,8,0:0:0:0:
256,192,225480,1,0,0:0:0:0:
182,192,225480,1,0,0:0:0:0:
329,192,225630,1,0,0:0:0:0:
109,192,225780,128,0,226980:0:0:0:0:
475,192,225780,1,0,0:0:0:0:
36,192,225780,1,0,0:0:0:0:
256,192,225780,1,2,0:0:0:0:
475,192,226080,1,0,0:0:0:0:
182,192,226080,1,0,0:0:0:0:
475,192,226230,1,0,0:0:0:0:
402,192,226380,1,0,0:0:0:0:
36,192,226380,1,0,0:0:0:0:
256,192,226380,1,8,0:0:0:0:
329,192,226530,1,0,0:0:0:0:
256,192,226680,1,0,0:0:0:0:
475,192,226680,1,0,0:0:0:0:
182,192,226830,1,0,0:0:0:0:
36,192,226980,1,0,0:0:0:0:
402,192,226980,128,0,227580:0:0:0:0:
329,192,226980,1,0,0:0:0:0:
256,192,226980,1,0,0:0:0:0:
182,192,227280,1,0,0:0:0:0:
329,192,227280,1,0,0:0:0:0:
109,192,227280,1,2,0:0:0:0:
256,192,227430,1,0,0:0:0:0:
329,192,227580,128,0,228180:0:0:0:0:
182,192,227580,1,0,0:0:0:0:
475,192,227580,1,0,0:0:0:0:
36,192,227580,1,8,0:0:0:0:
109,192,227730,1,0,0:0:0:0:
36,192,227880,1,0,0:0:0:0:
256,192,227880,1,0,0:0:0:0:
402,192,228180,128,0,228780:0:0:0:0:
36,192,228180,1,0,0:0:0:0:
182,192,228180,1,2,0:0:0:0:
109,192,228180,1,0,0:0:0:0:
475,192,228480,1,0,0:0:0:0:
256,192,228480,1,0,0:0:0:0:
329,192,228630,1,0,0:0:0:0:
182,192,228780,128,0,229380:0:0:0:0:
256,192,228780,1,0,0:0:0:0:
475,192,228780,1,8,0:0:0:0:
36,192,228780,1,0,0:0:0:0:
109,192,228930,1,0,0:0:0:0:
36,192,229080,1,0,0:0:0:0:
475,192,229080,1,0,0:0:0:0:
402,192,229230,1,0,0:0:0:0:
329,192,229380,128,0,229980:0:0:0:0:
256,192,229380,1,0,0:0:0:0:
182,192,229530,1,0,0:0:0:0:
109,192,229680,1,0,0:0:0:0:
256,192,229680,1,2,0:0:0:0:
475,192,229680,1,0,0:0:0:0:
36,192,229830,1,0,0:0:0:0:
402,192,229980,1,0,0:0:0:0:
475,192,229980,128,0,230580:0:0:0:0:
182,192,229980,1,8,0:0:0:0:
109,192,229980,1,0,0:0:0:0:
329,192,230130,1,0,0:0:0:0:
256,192,230280,1,0,0:0:0:0:
36,192,230280,1,0,0:0:0:0:
182,192,230430,1,0,0:0:0:0:
109,192,230580,1,0,0:0:0:0:
36,192,230580,128,0,231180:0:0:0:0:
402,192,230580,1,0,0:0:0:0:
329,192,230580,1,2,0:0:0:0:
109,192,230880,1,0,0:0:0:0:
329,192,230880,1,0,0:0:0:0:
109,192,231030,1,0,0:0:0:0:
256,192,231180,1,0,0:0:0:0:
402,192,231180,1,0,0:0:0:0:
182,192,231180,128,0,231780:0:0:0:0:
475,192,231180,1,8,0:0:0:0:
256,192,231330,1,0,0:0:0:0:
329,192,231480,1,0,0:0:0:0:
475,192,231480,1,0,0:0:0:0:
402,192,231630,1,0,0:0:0:0:
475,192,231780,1,0,0:0:0:0:
109,192,231780,128,0,232380:0:0:0:0:
36,192,231780,1,0,0:0:0:0:
256,192,232080,1,0,0:0:0:0:
402,192,232080,1,0,0:0:0:0:
475,192,232080,1,2,0:0:0:0:
36,192,232380,128,0,232980:0:0:0:0:
182,192,232380,1,0,0:0:0:0:
329,192,232380,1,0,0:0:0:0:
402,192,232380,1,8,0:0:0:0:
256,192,232680,1,0,0:0:0:0:
109,192,232680,1,0,0:0:0:0:
329,192,232830,1,0,0:0:0:0:
402,192,232980,1,0,0:0:0:0:
182,192,232980,128,0,233580:0:0:0:0:
109,192,232980,1,0,0:0:0:0:
256,192,232980,1,2,0:0:0:0:
36,192,233280,1,0,0:0:0:0:
256,192,233280,1,0,0:0:0:0:
36,192,233430,1,0,0:0:0:0:
329,192,233430,1,0,0:0:0:0:
475,192,233580,128,0,234180:0:0:0:0:
109,192,233580,1,0,0:0:0:0:
256,192,233580,1,0,0:0:0:0:
402,192,233580,1,8,0:0:0:0:
182,192,233730,1,0,0:0:0:0:
329,192,233730,1,0,0:0:0:0:
256,192,233880,1,0,0:0:0:0:
402,192,233880,1,0,0:0:0:0:
182,192,234030,1,0,0:0:0:0:
329,192,234030,1,0,0:0:0:0:
402,192,234180,128,0,234780:0:0:0:0:
256,192,234180,1,0,0:0:0:0:
109,192,234180,1,0,0:0:0:0:
36,192,234330,1,0,0:0:0:0:
182,192,234480,1,0,0:0:0:0:
329,192,234480,1,0,0:0:0:0:
475,192,234480,1,2,0:0:0:0:
36,192,234630,1,0,0:0:0:0:
329,192,234780,128,0,235380:0:0:0:0:
109,192,234780,1,0,0:0:0:0:
256,192,234780,1,0,0:0:0:0:
182,192,234780,1,8,0:0:0:0:
109,192,235080,1,0,0:0:0:0:
256,192,235230,1,0,0:0:0:0:
402,192,235380,128,0,236580:0:0:0:0:
182,192,235380,1,0,0:0:0:0:
36,192,235380,1,0,0:0:0:0:
475,192,235380,1,2,0:0:0:0:
329,192,235680,1,0,0:0:0:0:
109,192,235680,1,0,0:0:0:0:
256,192,235830,1,0,0:0:0:0:
182,192,235980,1,0,0:0:0:0:
36,192,235980,1,0,0:0:0:0:
329,192,235980,1,8,0:0:0:0:
109,192,236130,1,0,0:0:0:0:
36,192,236280,1,0,0:0:0:0:
256,192,236280,1,0,0:0:0:0:
329,192,236580,1,0,0:0:0:0:
182,192,236580,1,0,0:0:0:0:
475,192,236580,128,0,237180:0:0:0:0:
256,192,236730,1,0,0:0:0:0:
256,192,236880,1,0,0:0:0:0:
109,192,236880,1,0,0:0:0:0:
36,192,236880,1,2,0:0:0:0:
329,192,237030,1,0,0:0:0:0:
36,192,237180,1,0,0:0:0:0:
402,192,237180,128,0,237780:0:0:0:0:
256,192,237180,1,0,0:0:0:0:
109,192,237180,1,8,0:0:0:0:
182,192,237330,1,0,0:0:0:0:
109,192,237480,1,0,0:0:0:0:
36,192,237630,1,0,0:0:0:0:
109,192,237780,1,0,0:0:0:0:
256,192,237780,1,2,0:0:0:0:
475,192,237780,128,0,238380:0:0:0:0:
329,192,237780,1,0,0:0:0:0:
256,192,238080,1,0,0:0:0:0:
402,192,238080,1,0,0:0:0:0:
36,192,238380,1,0,0:0:0:0:
182,192,238380,1,8,0:0:0:0:
329,192,238380,128,0,238980:0:0:0:0:
109,192,238380,1,8,0:0:0:0:
256,192,238680,1,0,0:0:0:0:
402,192,238680,1,0,0:0:0:0:
475,192,238980,128,0,240180:0:0:0:0:
36,192,238980,1,0,0:0:0:0:
182,192,238980,1,0,0:0:0:0:
109,192,239280,1,0,0:0:0:0:
256,192,239280,1,0,0:0:0:0:
402,192,239280,1,2,0:0:0:0:
182,192,239580,1,0,0:0:0:0:
329,192,239580,1,0,0:0:0:0:
402,192,239580,1,8,0:0:0:0:
36,192,240180,1,4,0:0:0:0:
402,192,240180,1,2,0:0:0:0:
256,192,240180,1,0,0:0:0:0:
329,192,240480,1,0,0:0:0:0:
109,192,240480,1,0,0:0:0:0:
475,192,240780,1,0,0:0:0:0:
182,192,240780,1,0,0:0:0:0:
329,192,241080,1,0,0:0:0:0:
109,192,241080,1,0,0:0:0:0:
182,192,241380,1,0,0:0:0:0:
475,192,241380,1,0,0:0:0:0:
329,192,241680,5,0,0:0:0:0:
182,192,241980,1,0,0:0:0:0:
329,192,242280,1,0,0:0:0:0:
402,192,242580,1,0,0:0:0:0:
36,192,242580,1,0,0:0:0:0:
109,192,242889,1,0,0:0:0:0:
329,192,242889,1,0,0:0:0:0:
182,192,243198,1,0,0:0:0:0:
475,192,243198,1,0,0:0:0:0:
256,192,243507,1,0,0:0:0:0:
329,192,243507,1,0,0:0:0:0:
329,192,243817,1,0,0:0:0:0:
402,192,243817,1,0,0:0:0:0:
256,192,244126,1,0,0:0:0:0:
109,192,244435,1,0,0:0:0:0:
256,192,244744,1,0,0:0:0:0:
329,192,245054,1,0,0:0:0:0:
36,192,245054,1,0,0:0:0:0:
402,192,245208,1,0,0:0:0:0:
182,192,245208,1,0,0:0:0:0:
475,192,245363,1,0,0:0:0:0:
109,192,245363,1,0,0:0:0:0:
256,192,245363,1,0,0:0:0:0:
182,192,245672,1,0,0:0:0:0:
475,192,245672,1,0,0:0:0:0:
109,192,245982,1,0,0:0:0:0:
329,192,245982,1,0,0:0:0:0:
182,192,246291,1,0,0:0:0:0:
402,192,246291,1,0,0:0:0:0:
256,192,246600,1,0,0:0:0:0:
109,192,246909,1,0,0:0:0:0:
256,192,247219,1,0,0:0:0:0:
402,192,247528,1,0,0:0:0:0:
182,192,247861,1,0,0:0:0:0:
475,192,248194,1,0,0:0:0:0:
182,192,248528,1,0,0:0:0:0:
402,192,248861,1,0,0:0:0:0:
182,192,249194,1,0,0:0:0:0:
36,192,249528,1,0,0:0:0:0:
182,192,249861,1,0,0:0:0:0:
402,192,250194,1,0,0:0:0:0:
36,192,250194,1,0,0:0:0:0:
109,192,250528,1,0,0:0:0:0:
329,192,250528,1,0,0:0:0:0:
182,192,250861,1,0,0:0:0:0:
475,192,250861,1,0,0:0:0:0:
256,192,251194,1,0,0:0:0:0:
329,192,251194,1,0,0:0:0:0:
329,192,251528,1,0,0:0:0:0:
402,192,251528,1,0,0:0:0:0:
256,192,251861,1,0,0:0:0:0:
109,192,252194,1,0,0:0:0:0:
256,192,252528,1,0,0:0:0:0:
475,192,252861,1,0,0:0:0:0:
36,192,252861,1,0,0:0:0:0:
109,192,253250,1,0,0:0:0:0:
329,192,253250,1,0,0:0:0:0:
182,192,253640,1,0,0:0:0:0:
402,192,253640,1,0,0:0:0:0:
109,192,254029,1,0,0:0:0:0:
329,192,254029,1,0,0:0:0:0:
182,192,254419,1,0,0:0:0:0:
402,192,254419,1,0,0:0:0:0:
256,192,254809,1,0,0:0:0:0:
109,192,255198,1,0,0:0:0:0:
402,192,255588,1,0,0:0:0:0:
329,192,255977,1,0,0:0:0:0:
36,192,255977,1,0,0:0:0:0:
402,192,256172,1,0,0:0:0:0:
182,192,256172,1,0,0:0:0:0:
475,192,256367,1,0,0:0:0:0:
109,192,256367,1,0,0:0:0:0:
256,192,256367,1,0,0:0:0:0:
182,192,256758,1,0,0:0:0:0:
475,192,256758,1,0,0:0:0:0:
256,192,257149,1,0,0:0:0:0:
329,192,257149,1,0,0:0:0:0:
329,192,257539,1,0,0:0:0:0:
402,192,257539,1,0,0:0:0:0:
256,192,257930,1,0,0:0:0:0:
109,192,258321,1,0,0:0:0:0:
256,192,258712,1,0,0:0:0:0:
402,192,259102,1,0,0:0:0:0:
182,192,259493,1,0,0:0:0:0:
475,192,259884,1,0,0:0:0:0:
182,192,260274,1,0,0:0:0:0:
402,192,260665,1,0,0:0:0:0:
256,192,261056,1,0,0:0:0:0:
109,192,261447,1,0,0:0:0:0:
256,192,261837,1,0,0:0:0:0:
