[Metadata]
Alice in Misanthrope -厭世アリス- 
LeaF
Kawawa
BOFU2016 Alice in Misanthrope -Ensei Alice-
16
0

[TimingPoints]
774,389.61038961039,4,2,1,30,1,0
1553,384.615384615385,4,2,1,30,1,0
2322,375,4,2,1,30,1,0
3072,365.853658536585,4,2,1,30,1,0
3803,357.142857142857,4,2,1,30,1,0
4517,348.837209302326,4,2,1,30,1,0
5214,346.820809248555,4,2,1,30,1,0
6601,348.837209302326,4,2,1,30,1,0
17763,361.44578313253,4,2,1,30,1,0
18485,357.142857142857,4,2,1,30,1,0
19199,352.941176470588,4,2,1,30,1,0
20610,348.837209302326,4,2,1,30,1,0
22005,344.827586206897,4,2,1,30,1,0
23384,348.837209302326,4,2,1,30,1,0
24081,352.941176470588,4,2,1,30,1,0
24786,357.142857142857,4,2,1,30,1,0
25500,359.281437125748,4,2,1,30,1,0
26218,348.837209302326,4,2,1,30,1,0
26915,346.820809248555,4,2,1,30,1,0
28302,348.837209302326,4,2,1,30,1,0
28999,348.837209302326,4,2,1,30,1,0
68068,357.142857142857,4,2,1,30,1,0
69496,352.941176470588,4,2,1,30,1,0
70907,348.837209302326,4,2,1,30,1,0
72302,344.827586206897,4,2,1,30,1,0
73681,348.837209302326,4,2,1,30,1,0
78564,357.142857142857,4,2,1,30,1,0
79278,348.837209302326,4,2,1,30,1,0
123929,352.941176470588,4,2,1,30,1,0
125340,348.837209302326,4,2,1,30,1,0
142084,359.281437125748,4,2,1,30,1,0


[HitObjects]
329,192,774,5,0,0:0:0:70:PunK.wav
36,192,774,1,0,0:0:0:0:
475,192,968,1,0,0:0:0:0:
109,192,1163,1,0,0:0:0:0:
475,192,1358,1,0,0:0:0:0:
182,192,1553,1,0,0:0:0:0:
475,192,1745,1,0,0:0:0:0:
256,192,1937,1,0,0:0:0:0:
475,192,2129,1,0,0:0:0:0:
329,192,2322,1,0,0:0:0:0:
182,192,2509,1,0,0:0:0:0:
402,192,2697,1,0,0:0:0:0:
256,192,2884,1,0,0:0:0:0:
109,192,3072,1,0,0:0:0:0:
182,192,3254,1,0,0:0:0:0:
256,192,3437,1,0,0:0:0:0:
329,192,3620,1,0,0:0:0:0:
402,192,3803,1,0,0:0:0:70:CrashS.wav
36,192,3803,128,0,4160:0:0:0:0:
109,192,3803,128,0,4160:0:0:0:70:Sub BaSS.wav
256,192,3981,1,0,0:0:0:0:
402,192,4160,1,0,0:0:0:0:
256,192,4338,1,0,0:0:0:0:
109,192,4517,1,0,0:0:0:70:CrashS.wav
402,192,4517,128,0,4865:0:0:0:70:Sub BaSS.wav
475,192,4517,128,0,4865:0:0:0:0:
182,192,4691,1,0,0:0:0:0:
256,192,4865,1,0,0:0:0:0:
182,192,5040,1,0,0:0:0:0:
36,192,5214,1,0,0:0:0:70:CrashS.wav
109,192,5214,1,0,0:0:0:70:Sub BaSS.wav
475,192,5214,1,0,0:0:0:0:
475,192,5387,1,0,0:0:0:0:
36,192,5560,1,0,0:0:0:70:CrashS.wav
109,192,5560,1,0,0:0:0:70:Sub BaSS.wav
329,192,5560,1,0,0:0:0:0:
329,192,5734,1,0,0:0:0:0:
36,192,5907,1,0,0:0:0:70:CrashS.wav
109,192,5907,1,0,0:0:0:70:Sub BaSS.wav
475,192,5907,1,0,0:0:0:0:
402,192,6167,1,0,0:0:0:0:
182,192,6167,1,0,0:0:0:0:
329,192,6427,1,0,0:0:0:0:
256,192,6427,1,0,0:0:0:0:
109,192,6601,128,0,6775:0:0:0:0:
475,192,6601,1,0,0:0:0:70:CrashL.wav
36,192,6601,128,0,6775:0:0:0:70:BaSS.wav
329,192,6775,1,0,0:0:0:0:
109,192,6949,128,0,7124:0:0:0:70:BaSS.wav
182,192,6949,128,0,7124:0:0:0:0:
329,192,7124,1,0,0:0:0:0:
182,192,7298,128,0,7473:0:0:0:70:BaSS.wav
256,192,7298,128,0,7473:0:0:0:0:
329,192,7473,1,0,0:0:0:0:
36,192,7647,1,0,0:0:0:70:BaSS.wav
182,192,7647,1,0,0:0:0:0:
36,192,7821,1,0,0:0:0:70:BaSS.wav
182,192,7821,1,0,0:0:0:0:
402,192,7996,128,0,8170:0:0:0:70:BaSS.wav
475,192,7996,128,0,8170:0:0:0:0:
182,192,8170,1,0,0:0:0:0:
329,192,8345,128,0,8519:0:0:0:70:BaSS.wav
402,192,8345,128,0,8519:0:0:0:0:
182,192,8519,1,0,0:0:0:0:
256,192,8694,128,0,8868:0:0:0:70:BaSS.wav
329,192,8694,128,0,8868:0:0:0:0:
182,192,8868,1,0,0:0:0:0:
109,192,8955,1,0,0:0:0:70:BaSS.wav
36,192,9042,1,0,0:0:0:70:BaSS.wav
475,192,9042,1,0,0:0:0:0:
402,192,9217,1,0,0:0:0:70:BaSS.wav
109,192,9217,1,0,0:0:0:0:
329,192,9391,128,0,9566:0:0:0:70:BaSS.wav
182,192,9391,128,0,9566:0:0:0:0:
256,192,9566,1,0,0:0:0:0:
402,192,9740,128,0,9914:0:0:0:70:BaSS.wav
109,192,9740,128,0,9914:0:0:0:0:
256,192,9914,1,0,0:0:0:0:
36,192,10089,128,0,10263:0:0:0:70:BaSS.wav
475,192,10089,128,0,10263:0:0:0:0:
256,192,10263,1,0,0:0:0:0:
329,192,10351,1,0,0:0:0:70:BaSS.wav
402,192,10438,1,0,0:0:0:70:BaSS.wav
109,192,10438,1,0,0:0:0:0:
329,192,10612,1,0,0:0:0:70:BaSS.wav
182,192,10612,1,0,0:0:0:0:
402,192,10699,1,0,0:0:0:70:BaSS.wav
36,192,10787,128,0,10961:0:0:0:70:BaSS.wav
475,192,10787,128,0,10961:0:0:0:0:
256,192,10961,1,0,0:0:0:0:
109,192,11135,128,0,11310:0:0:0:70:BaSS.wav
402,192,11135,128,0,11310:0:0:0:0:
256,192,11310,1,0,0:0:0:0:
329,192,11484,1,0,0:0:0:70:BaSS.wav
182,192,11484,1,0,0:0:0:0:
36,192,11484,128,0,11833:0:0:0:0:
475,192,11659,1,0,0:0:0:0:
329,192,11833,1,0,0:0:0:70:BaSS.wav
182,192,11833,1,0,0:0:0:0:
475,192,12007,1,0,0:0:0:70:BaSS.wav
402,192,12007,1,0,0:0:0:0:
36,192,12182,128,0,12356:0:0:0:0:
329,192,12182,1,0,0:0:0:70:CrashL.wav
182,192,12182,128,0,12356:0:0:0:70:BaSS.wav
475,192,12356,1,0,0:0:0:0:
329,192,12531,128,0,12705:0:0:0:70:BaSS.wav
182,192,12531,128,0,12705:0:0:0:0:
475,192,12705,1,0,0:0:0:0:
182,192,12880,128,0,13054:0:0:0:70:BaSS.wav
36,192,12880,128,0,13054:0:0:0:0:
475,192,13054,1,0,0:0:0:0:
182,192,13228,1,0,0:0:0:70:BaSS.wav
36,192,13228,1,0,0:0:0:0:
182,192,13403,1,0,0:0:0:70:BaSS.wav
36,192,13403,1,0,0:0:0:0:
329,192,13577,128,0,13752:0:0:0:70:BaSS.wav
475,192,13577,128,0,13752:0:0:0:0:
36,192,13752,1,0,0:0:0:0:
182,192,13926,128,0,14101:0:0:0:70:BaSS.wav
329,192,13926,128,0,14101:0:0:0:0:
36,192,14101,1,0,0:0:0:0:
329,192,14275,128,0,14449:0:0:0:70:BaSS.wav
475,192,14275,128,0,14449:0:0:0:0:
36,192,14449,1,0,0:0:0:0:
109,192,14537,1,0,0:0:0:70:BaSS.wav
329,192,14624,1,0,0:0:0:70:BaSS.wav
182,192,14624,1,0,0:0:0:0:
475,192,14798,1,0,0:0:0:70:BaSS.wav
36,192,14798,1,0,0:0:0:0:
329,192,14973,128,0,15147:0:0:0:70:BaSS.wav
182,192,14973,128,0,15147:0:0:0:0:
475,192,15147,1,0,0:0:0:0:
256,192,15321,128,0,15496:0:0:0:70:BaSS.wav
109,192,15321,128,0,15496:0:0:0:0:
402,192,15496,1,0,0:0:0:0:
182,192,15670,128,0,15845:0:0:0:70:BaSS.wav
36,192,15670,128,0,15845:0:0:0:0:
329,192,15845,1,0,0:0:0:0:
402,192,15932,1,0,0:0:0:70:BaSS.wav
36,192,16019,1,0,0:0:0:70:BaSS.wav
475,192,16019,1,0,0:0:0:0:
182,192,16194,1,0,0:0:0:70:BaSS.wav
329,192,16194,1,0,0:0:0:0:
402,192,16281,1,0,0:0:0:70:BaSS.wav
475,192,16368,1,0,0:0:0:70:BaSS.wav
256,192,16368,1,0,0:0:0:70:CrashS.wav
36,192,16368,1,0,0:0:0:0:
36,192,16717,1,0,0:0:0:70:BaSS.wav
182,192,16717,1,0,0:0:0:70:CrashS.wav
402,192,16717,1,0,0:0:0:0:
36,192,17066,1,0,0:0:0:70:CrashS.wav
109,192,17066,1,0,0:0:0:70:BaSS.wav
329,192,17066,1,0,0:0:0:0:
182,192,17414,1,0,0:0:0:70:Impact.wav
402,192,17414,1,0,0:0:0:0:
256,192,17763,5,0,0:0:0:70:CrashL.wav
475,192,17763,1,0,0:0:0:30:Sub BaSS.wav
36,192,17763,1,0,0:0:0:0:
109,192,18124,1,0,0:0:0:0:
182,192,18485,1,0,0:0:0:0:
329,192,18485,1,0,0:0:0:0:
402,192,18842,1,0,0:0:0:0:
475,192,19199,1,0,0:0:0:0:
36,192,19199,1,0,0:0:0:0:
182,192,19551,1,0,0:0:0:0:
475,192,19904,1,0,0:0:0:0:
329,192,19904,1,0,0:0:0:0:
36,192,20257,1,0,0:0:0:0:
182,192,20434,1,0,0:0:0:0:
36,192,20610,1,0,0:0:0:0:
475,192,20610,1,0,0:0:0:0:
402,192,20958,1,0,0:0:0:0:
109,192,21307,1,0,0:0:0:0:
329,192,21307,1,0,0:0:0:0:
256,192,21656,1,0,0:0:0:0:
182,192,22005,1,0,0:0:0:0:
36,192,22005,1,0,0:0:0:0:
475,192,22349,1,0,0:0:0:0:
329,192,22522,1,0,0:0:0:0:
182,192,22694,1,0,0:0:0:0:
36,192,22867,1,0,0:0:0:30:Chi!.wav
182,192,23039,1,0,0:0:0:30:Chi!.wav
329,192,23211,1,0,0:0:0:30:Chi!.wav
475,192,23384,128,0,24081:0:0:0:30:Chi!.wav
36,192,23384,1,0,0:0:0:0:
36,192,23645,1,0,0:0:0:30:A Chord.wav
182,192,23732,128,0,23907:0:0:0:30:A Chord.wav
36,192,23907,128,0,24081:0:0:0:30:A Chord.wav
182,192,24081,1,0,0:0:0:30:A Chord.wav
475,192,24257,1,0,0:0:0:30:Chi!.wav
329,192,24433,1,0,0:0:0:30:Chi!.wav
182,192,24610,1,0,0:0:0:30:Chi!.wav
36,192,24786,128,0,25500:0:0:0:30:Chi!.wav
475,192,24786,1,0,0:0:0:0:
475,192,25053,1,0,0:0:0:30:A Chord.wav
329,192,25143,128,0,25321:0:0:0:30:A Chord.wav
475,192,25321,128,0,25500:0:0:0:30:A Chord.wav
329,192,25500,1,0,0:0:0:30:A Chord.wav
36,192,25679,1,0,0:0:0:30:Chi!.wav
109,192,25859,1,0,0:0:0:30:Chi!.wav
182,192,26038,1,0,0:0:0:30:Chi!.wav
256,192,26218,1,0,0:0:0:70:CrashL.wav
475,192,26218,128,0,26566:0:0:0:70:Sub BaSS.wav
402,192,26218,128,0,26566:0:0:0:0:
256,192,26566,1,0,0:0:0:0:
36,192,26566,1,0,0:0:0:0:
475,192,26915,1,0,0:0:0:70:CrashL.wav
182,192,26915,128,0,27261:0:0:0:70:Sub BaSS.wav
36,192,26915,128,0,27261:0:0:0:0:
475,192,27261,1,0,0:0:0:0:
329,192,27261,1,0,0:0:0:0:
402,192,27608,1,0,0:0:0:70:CrashS.wav
256,192,27608,1,0,0:0:0:70:BaSS.wav
36,192,27608,1,0,0:0:0:0:
329,192,27955,1,0,0:0:0:70:CrashS.wav
182,192,27955,1,0,0:0:0:70:BaSS.wav
36,192,27955,1,0,0:0:0:0:
475,192,28128,1,0,0:0:0:0:
402,192,28215,1,0,0:0:0:0:
182,192,28302,1,0,0:0:0:70:CrashS.wav
36,192,28302,1,0,0:0:0:70:BaSS.wav
329,192,28302,1,0,0:0:0:0:
109,192,28476,1,0,0:0:0:0:
182,192,28650,1,0,0:0:0:0:
256,192,28825,1,0,0:0:0:0:
329,192,28999,1,0,0:0:0:70:CrashL.wav
475,192,28999,1,0,0:0:0:70:BaSS.wav
182,192,28999,128,0,29260:0:0:0:70:A Chord.wav
36,192,29260,128,0,29522:0:0:0:70:A Chord.wav
402,192,29347,1,0,0:0:0:0:
329,192,29347,1,0,0:0:0:70:Snare.wav
182,192,29522,1,0,0:0:0:70:A Chord.wav
256,192,29609,1,0,0:0:0:70:A Chord.wav
475,192,29696,1,0,0:0:0:70:BaSS.wav
329,192,29696,1,0,0:0:0:70:A Chord.wav
402,192,29871,128,0,29958:0:0:0:0:
36,192,29871,128,0,29958:0:0:0:70:A Chord.wav
329,192,30045,128,0,30132:0:0:0:70:Snare.wav
109,192,30045,128,0,30132:0:0:0:70:A Chord.wav
256,192,30219,128,0,30307:0:0:0:0:
182,192,30219,128,0,30307:0:0:0:70:A Chord.wav
36,192,30394,1,0,0:0:0:70:BaSS.wav
329,192,30394,128,0,30655:0:0:0:70:A Chord.wav
475,192,30655,128,0,30917:0:0:0:70:A Chord.wav
182,192,30743,1,0,0:0:0:0:
36,192,30743,1,0,0:0:0:70:Snare.wav
402,192,30917,1,0,0:0:0:70:A Chord.wav
256,192,31004,1,0,0:0:0:70:A Chord.wav
36,192,31092,1,0,0:0:0:70:BaSS.wav
109,192,31092,1,0,0:0:0:70:A Chord.wav
109,192,31266,128,0,31353:0:0:0:70:A Chord.wav
402,192,31266,128,0,31353:0:0:0:0:
329,192,31440,128,0,31528:0:0:0:70:Snare.wav
182,192,31440,128,0,31528:0:0:0:70:A Chord.wav
36,192,31615,128,0,31702:0:0:0:70:A Chord.wav
475,192,31615,128,0,31702:0:0:0:0:
182,192,31789,1,0,0:0:0:70:BaSS.wav
329,192,31789,128,0,32138:0:0:0:70:A Chord.wav
109,192,31964,1,0,0:0:0:0:
256,192,32138,1,0,0:0:0:70:Snare.wav
36,192,32138,1,0,0:0:0:0:
475,192,32138,128,0,32487:0:0:0:70:A Chord.wav
182,192,32312,1,0,0:0:0:0:
329,192,32487,1,0,0:0:0:70:BaSS.wav
109,192,32487,128,0,33185:0:0:0:70:A Chord.wav
256,192,32661,1,0,0:0:0:0:
402,192,32836,1,0,0:0:0:70:Snare.wav
475,192,32836,1,0,0:0:0:0:
182,192,32836,128,0,33185:0:0:0:70:A Chord.wav
329,192,33010,1,0,0:0:0:0:
475,192,33185,1,0,0:0:0:70:BaSS.wav
36,192,33185,1,0,0:0:0:0:
256,192,33185,1,0,0:0:0:70:A Chord.wav
256,192,33359,128,0,33533:0:0:0:70:A Chord.wav
475,192,33533,1,0,0:0:0:70:Snare.wav
36,192,33533,1,0,0:0:0:70:A Chord.wav
329,192,33708,1,0,0:0:0:0:
182,192,33708,1,0,0:0:0:70:A Chord.wav
475,192,33882,1,0,0:0:0:70:BaSS.wav
36,192,33882,1,0,0:0:0:70:A Chord.wav
475,192,34057,128,0,34144:0:0:0:70:A Chord.wav
36,192,34057,128,0,34144:0:0:0:0:
109,192,34231,128,0,34318:0:0:0:70:Snare.wav
402,192,34231,128,0,34318:0:0:0:70:A Chord.wav
182,192,34405,128,0,34493:0:0:0:0:
329,192,34405,128,0,34493:0:0:0:70:A Chord.wav
36,192,34580,1,0,0:0:0:70:CrashL.wav
475,192,34580,1,0,0:0:0:70:BaSS.wav
256,192,34580,128,0,34842:0:0:0:70:A Chord.wav
402,192,34842,128,0,35103:0:0:0:70:A Chord.wav
36,192,34929,1,0,0:0:0:0:
109,192,34929,1,0,0:0:0:70:Snare.wav
329,192,35103,1,0,0:0:0:70:A Chord.wav
256,192,35190,1,0,0:0:0:70:A Chord.wav
36,192,35278,1,0,0:0:0:70:BaSS.wav
182,192,35278,1,0,0:0:0:70:A Chord.wav
109,192,35452,128,0,35539:0:0:0:70:A Chord.wav
402,192,35452,128,0,35539:0:0:0:0:
329,192,35626,128,0,35714:0:0:0:70:Snare.wav
182,192,35626,128,0,35714:0:0:0:70:A Chord.wav
402,192,35801,128,0,35888:0:0:0:0:
109,192,35801,128,0,35888:0:0:0:70:A Chord.wav
475,192,35975,1,0,0:0:0:70:BaSS.wav
256,192,35975,128,0,36237:0:0:0:70:A Chord.wav
109,192,36237,128,0,36499:0:0:0:70:A Chord.wav
475,192,36324,1,0,0:0:0:0:
402,192,36324,1,0,0:0:0:70:Snare.wav
182,192,36499,1,0,0:0:0:70:A Chord.wav
256,192,36586,1,0,0:0:0:70:A Chord.wav
475,192,36673,1,0,0:0:0:70:BaSS.wav
329,192,36673,1,0,0:0:0:70:A Chord.wav
256,192,36847,128,0,36935:0:0:0:0:
36,192,36847,128,0,36935:0:0:0:70:A Chord.wav
329,192,37022,128,0,37109:0:0:0:70:Snare.wav
109,192,37022,128,0,37109:0:0:0:70:A Chord.wav
182,192,37196,128,0,37283:0:0:0:70:BaSS.wav
402,192,37196,128,0,37283:0:0:0:70:A Chord.wav
256,192,37371,1,0,0:0:0:70:CrashL.wav
36,192,37371,1,0,0:0:0:70:BaSS.wav
475,192,37371,128,0,38068:0:0:0:70:A Chord.wav
182,192,37545,1,0,0:0:0:0:
36,192,37719,1,0,0:0:0:70:BaSS.wav
256,192,37719,1,0,0:0:0:0:
402,192,37719,128,0,38068:0:0:0:70:A Chord.wav
182,192,37894,1,0,0:0:0:0:
329,192,38068,1,0,0:0:0:70:BaSS.wav
36,192,38068,128,0,38766:0:0:0:70:A Chord.wav
256,192,38243,1,0,0:0:0:0:
475,192,38417,1,0,0:0:0:0:
402,192,38417,1,0,0:0:0:70:BaSS.wav
182,192,38417,128,0,38766:0:0:0:70:A Chord.wav
329,192,38592,1,0,0:0:0:0:
256,192,38766,1,0,0:0:0:70:BaSS.wav
475,192,38766,128,0,39115:0:0:0:70:A Chord.wav
329,192,38940,1,0,0:0:0:0:
36,192,39115,1,0,0:0:0:70:BaSS.wav
402,192,39115,1,0,0:0:0:0:
182,192,39115,1,0,0:0:0:0:
109,192,39289,1,0,0:0:0:70:A Chord.wav
256,192,39376,1,0,0:0:0:70:A Chord.wav
402,192,39464,128,0,39812:0:0:0:70:A Chord.wav
36,192,39464,1,0,0:0:0:70:BaSS.wav
109,192,39638,1,0,0:0:0:0:
36,192,39812,1,0,0:0:0:70:BaSS.wav
329,192,39812,1,0,0:0:0:0:
182,192,39812,1,0,0:0:0:70:A Chord.wav
402,192,39987,1,0,0:0:0:0:
256,192,39987,1,0,0:0:0:70:A Chord.wav
36,192,40161,1,0,0:0:0:70:BaSS.wav
329,192,40161,1,0,0:0:0:70:CrashL.wav
475,192,40161,1,0,0:0:0:70:Chi!.wav
36,192,40336,1,0,0:0:0:0:
109,192,40510,1,0,0:0:0:70:BaSS.wav
329,192,40510,1,0,0:0:0:0:
475,192,40510,1,0,0:0:0:70:Chi!.wav
109,192,40685,1,0,0:0:0:0:
182,192,40859,1,0,0:0:0:70:BaSS.wav
329,192,40859,1,0,0:0:0:0:
475,192,40859,1,0,0:0:0:70:Chi!.wav
182,192,41033,1,0,0:0:0:0:
256,192,41208,1,0,0:0:0:70:BaSS.wav
36,192,41208,1,0,0:0:0:0:
475,192,41208,1,0,0:0:0:70:Chi!.wav
256,192,41382,1,0,0:0:0:0:
329,192,41557,1,0,0:0:0:70:BaSS.wav
36,192,41557,1,0,0:0:0:70:Chi!.wav
109,192,41557,1,0,0:0:0:0:
329,192,41731,1,0,0:0:0:0:
402,192,41905,1,0,0:0:0:70:BaSS.wav
109,192,41905,1,0,0:0:0:0:
36,192,41905,1,0,0:0:0:70:Chi!.wav
402,192,42080,1,0,0:0:0:0:
475,192,42254,1,0,0:0:0:70:BaSS.wav
109,192,42254,1,0,0:0:0:0:
36,192,42254,1,0,0:0:0:70:Chi!.wav
475,192,42429,1,0,0:0:0:0:
109,192,42603,1,0,0:0:0:0:
36,192,42603,1,0,0:0:0:70:Chi!.wav
329,192,42603,128,0,42952:0:0:0:70:BaSS.wav
475,192,42952,1,0,0:0:0:70:BaSS.wav
36,192,42952,1,0,0:0:0:70:PunK.wav
109,192,42952,1,0,0:0:0:0:
256,192,43126,128,0,43301:0:0:0:0:
475,192,43301,1,0,0:0:0:70:BaSS.wav
402,192,43301,1,0,0:0:0:0:
36,192,43301,1,0,0:0:0:70:PunK.wav
182,192,43475,128,0,43650:0:0:0:0:
475,192,43650,1,0,0:0:0:70:BaSS.wav
36,192,43650,1,0,0:0:0:70:PunK.wav
329,192,43650,1,0,0:0:0:0:
256,192,43824,128,0,43999:0:0:0:0:
475,192,43999,1,0,0:0:0:70:BaSS.wav
109,192,43999,1,0,0:0:0:0:
36,192,43999,1,0,0:0:0:70:PunK.wav
329,192,44173,128,0,44347:0:0:0:0:
475,192,44347,1,0,0:0:0:70:BaSS.wav
182,192,44347,1,0,0:0:0:0:
36,192,44347,1,0,0:0:0:70:PunK.wav
256,192,44522,128,0,44696:0:0:0:0:
475,192,44696,1,0,0:0:0:70:BaSS.wav
36,192,44696,1,0,0:0:0:70:PunK.wav
402,192,44696,1,0,0:0:0:0:
182,192,44871,128,0,45045:0:0:0:0:
36,192,45045,1,0,0:0:0:70:BaSS.wav
329,192,45045,1,0,0:0:0:0:
475,192,45045,128,0,45743:0:0:0:70:PunK.wav
36,192,45219,1,0,0:0:0:70:BaSS.wav
182,192,45307,1,0,0:0:0:70:BaSS.wav
329,192,45394,1,0,0:0:0:70:BaSS.wav
256,192,45481,1,0,0:0:0:70:BaSS.wav
182,192,45568,1,0,0:0:0:70:BaSS.wav
109,192,45655,1,0,0:0:0:70:BaSS.wav
36,192,45743,1,0,0:0:0:70:CrashL.wav
402,192,45743,1,0,0:0:0:70:BaSS.wav
329,192,45743,1,0,0:0:0:0:
109,192,45917,1,0,0:0:0:0:
475,192,46092,1,0,0:0:0:70:Snare.wav
402,192,46092,1,0,0:0:0:0:
182,192,46092,1,0,0:0:0:0:
256,192,46266,1,0,0:0:0:0:
109,192,46440,1,0,0:0:0:70:BaSS.wav
329,192,46440,1,0,0:0:0:0:
36,192,46440,1,0,0:0:0:0:
402,192,46615,1,0,0:0:0:0:
182,192,46789,1,0,0:0:0:70:Snare.wav
475,192,46789,1,0,0:0:0:0:
109,192,46789,1,0,0:0:0:0:
402,192,46964,1,0,0:0:0:0:
256,192,47138,1,0,0:0:0:70:BaSS.wav
182,192,47138,1,0,0:0:0:0:
329,192,47138,1,0,0:0:0:0:
36,192,47312,1,0,0:0:0:0:
329,192,47487,1,0,0:0:0:70:Snare.wav
402,192,47487,1,0,0:0:0:0:
182,192,47487,1,0,0:0:0:0:
109,192,47661,1,0,0:0:0:0:
402,192,47836,1,0,0:0:0:70:BaSS.wav
475,192,47836,1,0,0:0:0:0:
36,192,47836,1,0,0:0:0:0:
182,192,47923,1,0,0:0:0:0:
36,192,48010,1,0,0:0:0:0:
182,192,48097,1,0,0:0:0:0:
475,192,48185,1,0,0:0:0:70:A Chord.wav
402,192,48272,1,0,0:0:0:70:A Chord.wav
329,192,48359,1,0,0:0:0:70:A Chord.wav
256,192,48446,1,0,0:0:0:70:A Chord.wav
475,192,48533,1,0,0:0:0:70:BaSS.wav
182,192,48533,1,0,0:0:0:0:
36,192,48533,1,0,0:0:0:70:Chi!.wav
475,192,48708,1,0,0:0:0:0:
402,192,48882,1,0,0:0:0:70:BaSS.wav
36,192,48882,1,0,0:0:0:70:Chi!.wav
109,192,48882,1,0,0:0:0:0:
402,192,49057,1,0,0:0:0:0:
329,192,49231,1,0,0:0:0:70:BaSS.wav
36,192,49231,1,0,0:0:0:70:Chi!.wav
182,192,49231,1,0,0:0:0:0:
329,192,49405,1,0,0:0:0:0:
256,192,49580,1,0,0:0:0:70:BaSS.wav
36,192,49580,1,0,0:0:0:70:Chi!.wav
109,192,49580,1,0,0:0:0:0:
256,192,49754,1,0,0:0:0:0:
329,192,49929,1,0,0:0:0:70:BaSS.wav
182,192,49929,1,0,0:0:0:0:
36,192,49929,1,0,0:0:0:70:Chi!.wav
329,192,50103,1,0,0:0:0:0:
402,192,50278,1,0,0:0:0:70:BaSS.wav
36,192,50278,1,0,0:0:0:70:Chi!.wav
109,192,50278,1,0,0:0:0:0:
402,192,50452,1,0,0:0:0:0:
475,192,50626,1,0,0:0:0:70:BaSS.wav
182,192,50626,1,0,0:0:0:0:
36,192,50626,1,0,0:0:0:70:Chi!.wav
402,192,50714,1,0,0:0:0:0:
329,192,50801,1,0,0:0:0:0:
256,192,50888,1,0,0:0:0:0:
182,192,50975,1,0,0:0:0:70:A Chord.wav
329,192,51062,1,0,0:0:0:70:A Chord.wav
182,192,51150,1,0,0:0:0:70:A Chord.wav
329,192,51237,1,0,0:0:0:70:A Chord.wav
182,192,51324,1,0,0:0:0:70:BaSS.wav
36,192,51324,1,0,0:0:0:0:
475,192,51324,1,0,0:0:0:0:
402,192,51499,1,0,0:0:0:0:
109,192,51673,1,0,0:0:0:70:Snare.wav
329,192,51673,1,0,0:0:0:0:
36,192,51673,1,0,0:0:0:0:
256,192,51847,1,0,0:0:0:0:
402,192,52022,1,0,0:0:0:70:BaSS.wav
182,192,52022,1,0,0:0:0:0:
475,192,52022,1,0,0:0:0:0:
109,192,52196,1,0,0:0:0:0:
329,192,52371,1,0,0:0:0:70:Snare.wav
475,192,52371,1,0,0:0:0:0:
36,192,52371,1,0,0:0:0:0:
256,192,52545,1,0,0:0:0:0:
182,192,52719,1,0,0:0:0:70:BaSS.wav
36,192,52719,1,0,0:0:0:0:
475,192,52719,1,0,0:0:0:0:
402,192,52894,1,0,0:0:0:0:
109,192,53068,1,0,0:0:0:70:Snare.wav
36,192,53068,1,0,0:0:0:0:
329,192,53068,1,0,0:0:0:0:
402,192,53243,1,0,0:0:0:0:
182,192,53417,1,0,0:0:0:70:BaSS.wav
475,192,53417,1,0,0:0:0:0:
256,192,53417,1,0,0:0:0:0:
109,192,53504,1,0,0:0:0:0:
36,192,53592,1,0,0:0:0:0:
182,192,53679,1,0,0:0:0:0:
329,192,53766,1,0,0:0:0:70:A Chord.wav
475,192,53853,1,0,0:0:0:70:A Chord.wav
402,192,53940,1,0,0:0:0:70:A Chord.wav
329,192,54028,1,0,0:0:0:70:A Chord.wav
256,192,54115,1,0,0:0:0:70:BaSS.wav
36,192,54115,1,0,0:0:0:70:Chi!.wav
109,192,54115,1,0,0:0:0:0:
256,192,54289,1,0,0:0:0:0:
329,192,54464,1,0,0:0:0:70:BaSS.wav
109,192,54464,1,0,0:0:0:70:Chi!.wav
182,192,54464,1,0,0:0:0:0:
329,192,54638,1,0,0:0:0:0:
402,192,54812,1,0,0:0:0:70:BaSS.wav
256,192,54812,1,0,0:0:0:0:
182,192,54812,1,0,0:0:0:70:Chi!.wav
402,192,54987,1,0,0:0:0:0:
475,192,55161,1,0,0:0:0:70:BaSS.wav
329,192,55161,1,0,0:0:0:0:
256,192,55161,1,0,0:0:0:70:Chi!.wav
475,192,55336,1,0,0:0:0:0:
36,192,55510,1,0,0:0:0:70:BaSS.wav
182,192,55510,1,0,0:0:0:0:
329,192,55510,1,0,0:0:0:70:Chi!.wav
36,192,55685,1,0,0:0:0:0:
109,192,55859,1,0,0:0:0:70:BaSS.wav
256,192,55859,1,0,0:0:0:0:
402,192,55859,1,0,0:0:0:70:Chi!.wav
109,192,56033,1,0,0:0:0:0:
182,192,56208,1,0,0:0:0:70:BaSS.wav
329,192,56208,1,0,0:0:0:0:
475,192,56208,1,0,0:0:0:70:Chi!.wav
109,192,56295,1,0,0:0:0:0:
36,192,56382,1,0,0:0:0:0:
109,192,56469,1,0,0:0:0:0:
182,192,56557,1,0,0:0:0:0:
329,192,56557,1,0,0:0:0:70:A Chord.wav
402,192,56644,1,0,0:0:0:70:A Chord.wav
475,192,56731,1,0,0:0:0:70:A Chord.wav
402,192,56818,1,0,0:0:0:70:A Chord.wav
182,192,56905,1,0,0:0:0:0:
329,192,56905,1,0,0:0:0:70:BaSS.wav
36,192,56905,1,0,0:0:0:0:
109,192,57080,1,0,0:0:0:0:
329,192,57254,1,0,0:0:0:70:Snare.wav
182,192,57254,1,0,0:0:0:0:
475,192,57254,1,0,0:0:0:0:
256,192,57429,1,0,0:0:0:0:
182,192,57603,1,0,0:0:0:70:BaSS.wav
329,192,57603,1,0,0:0:0:0:
36,192,57603,1,0,0:0:0:0:
402,192,57778,1,0,0:0:0:0:
182,192,57952,1,0,0:0:0:70:Snare.wav
475,192,57952,1,0,0:0:0:0:
329,192,57952,1,0,0:0:0:0:
256,192,58126,1,0,0:0:0:0:
36,192,58301,1,0,0:0:0:70:BaSS.wav
329,192,58301,1,0,0:0:0:0:
182,192,58301,1,0,0:0:0:0:
109,192,58475,1,0,0:0:0:0:
182,192,58650,1,0,0:0:0:70:Snare.wav
329,192,58650,1,0,0:0:0:0:
475,192,58650,1,0,0:0:0:0:
256,192,58824,1,0,0:0:0:0:
36,192,58999,1,0,0:0:0:70:BaSS.wav
182,192,58999,1,0,0:0:0:0:
329,192,58999,1,0,0:0:0:0:
475,192,59086,1,0,0:0:0:0:
402,192,59173,1,0,0:0:0:0:
329,192,59260,1,0,0:0:0:0:
36,192,59347,1,0,0:0:0:70:BaSS.wav
256,192,59347,128,0,59696:0:0:0:0:
475,192,59435,1,0,0:0:0:70:BaSS.wav
36,192,59522,1,0,0:0:0:70:BaSS.wav
475,192,59609,1,0,0:0:0:70:BaSS.wav
329,192,59696,1,0,0:0:0:70:BaSS.wav
36,192,59696,1,0,0:0:0:70:Chi!.wav
182,192,59696,1,0,0:0:0:0:
329,192,59871,1,0,0:0:0:0:
182,192,60045,1,0,0:0:0:70:BaSS.wav
36,192,60045,1,0,0:0:0:70:Chi!.wav
475,192,60045,1,0,0:0:0:0:
182,192,60219,1,0,0:0:0:0:
36,192,60394,1,0,0:0:0:70:BaSS.wav
329,192,60394,1,0,0:0:0:70:Chi!.wav
475,192,60394,1,0,0:0:0:0:
36,192,60568,1,0,0:0:0:0:
475,192,60743,1,0,0:0:0:70:BaSS.wav
329,192,60743,1,0,0:0:0:70:Chi!.wav
182,192,60743,1,0,0:0:0:0:
475,192,60917,1,0,0:0:0:0:
329,192,61092,1,0,0:0:0:70:BaSS.wav
182,192,61092,1,0,0:0:0:0:
36,192,61092,1,0,0:0:0:70:Chi!.wav
329,192,61266,1,0,0:0:0:0:
182,192,61440,1,0,0:0:0:70:BaSS.wav
475,192,61440,1,0,0:0:0:0:
36,192,61440,1,0,0:0:0:70:Chi!.wav
182,192,61615,1,0,0:0:0:0:
329,192,61789,1,0,0:0:0:70:BaSS.wav
475,192,61789,1,0,0:0:0:0:
36,192,61789,128,0,62138:0:0:0:0:
182,192,61876,1,0,0:0:0:70:BaSS.wav
329,192,61964,1,0,0:0:0:70:BaSS.wav
182,192,62051,1,0,0:0:0:70:BaSS.wav
329,192,62138,1,0,0:0:0:70:BaSS.wav
475,192,62138,1,0,0:0:0:0:
36,192,62312,1,0,0:0:0:70:BaSS.wav
182,192,62400,1,0,0:0:0:70:BaSS.wav
36,192,62487,1,0,0:0:0:70:BaSS.wav
329,192,62487,1,0,0:0:0:70:CrashL.wav
475,192,62487,1,0,0:0:0:0:
109,192,62661,1,0,0:0:0:0:
402,192,62836,1,0,0:0:0:70:Snare.wav
475,192,62836,1,0,0:0:0:0:
182,192,62836,1,0,0:0:0:0:
256,192,63010,1,0,0:0:0:0:
109,192,63185,1,0,0:0:0:70:BaSS.wav
329,192,63185,1,0,0:0:0:0:
36,192,63185,1,0,0:0:0:0:
256,192,63359,1,0,0:0:0:0:
182,192,63533,1,0,0:0:0:70:Snare.wav
36,192,63533,1,0,0:0:0:0:
402,192,63533,1,0,0:0:0:0:
329,192,63708,1,0,0:0:0:0:
256,192,63882,1,0,0:0:0:70:BaSS.wav
475,192,63882,1,0,0:0:0:0:
36,192,63882,1,0,0:0:0:0:
109,192,64057,1,0,0:0:0:0:
402,192,64231,1,0,0:0:0:70:Snare.wav
182,192,64231,1,0,0:0:0:0:
475,192,64231,1,0,0:0:0:0:
256,192,64405,1,0,0:0:0:0:
329,192,64580,1,0,0:0:0:70:BaSS.wav
475,192,64580,1,0,0:0:0:0:
182,192,64667,1,0,0:0:0:70:BaSS.wav
36,192,64667,1,0,0:0:0:0:
329,192,64842,1,0,0:0:0:70:BaSS.wav
475,192,64842,1,0,0:0:0:0:
182,192,64929,1,0,0:0:0:70:BaSS.wav
36,192,64929,1,0,0:0:0:0:
329,192,65103,1,0,0:0:0:70:BaSS.wav
475,192,65103,1,0,0:0:0:0:
109,192,65278,1,0,0:0:0:70:BaSS.wav
256,192,65278,1,0,0:0:0:70:Chi!.wav
402,192,65278,1,0,0:0:0:0:
109,192,65452,1,0,0:0:0:0:
402,192,65452,1,0,0:0:0:0:
329,192,65626,1,0,0:0:0:70:BaSS.wav
182,192,65626,1,0,0:0:0:70:Chi!.wav
36,192,65626,1,0,0:0:0:0:
182,192,65801,1,0,0:0:0:0:
329,192,65801,1,0,0:0:0:0:
109,192,65975,1,0,0:0:0:70:BaSS.wav
256,192,65975,1,0,0:0:0:70:Chi!.wav
402,192,65975,1,0,0:0:0:0:
109,192,66150,1,0,0:0:0:0:
402,192,66150,1,0,0:0:0:0:
182,192,66324,1,0,0:0:0:70:BaSS.wav
475,192,66324,1,0,0:0:0:0:
329,192,66324,1,0,0:0:0:70:Chi!.wav
329,192,66499,1,0,0:0:0:0:
182,192,66499,1,0,0:0:0:0:
475,192,66673,1,0,0:0:0:70:BaSS.wav
256,192,66673,1,0,0:0:0:70:Chi!.wav
36,192,66673,1,0,0:0:0:0:
475,192,66847,1,0,0:0:0:0:
36,192,66847,1,0,0:0:0:0:
402,192,67022,1,0,0:0:0:70:BaSS.wav
256,192,67022,1,0,0:0:0:70:Chi!.wav
109,192,67022,1,0,0:0:0:0:
109,192,67196,1,0,0:0:0:0:
402,192,67196,1,0,0:0:0:0:
329,192,67371,128,0,67719:0:0:0:70:BaSS.wav
182,192,67371,128,0,67719:0:0:0:70:Chi!.wav
475,192,67719,1,0,0:0:0:70:Impact.wav
36,192,67719,1,0,0:0:0:0:
256,192,67719,1,0,0:0:0:0:
182,192,67894,1,0,0:0:0:0:
329,192,67894,1,0,0:0:0:0:
475,192,68068,1,0,0:0:0:70:PunK.wav
36,192,68068,128,0,68246:0:0:0:70:CrashL.wav
182,192,68425,128,0,68603:0:0:0:0:
329,192,68782,128,0,68960:0:0:0:0:
475,192,69139,128,0,69318:0:0:0:0:
109,192,69139,1,0,0:0:0:0:
256,192,69318,1,0,0:0:0:0:
109,192,69496,1,0,0:0:0:0:
256,192,69672,1,0,0:0:0:0:
402,192,69848,1,0,0:0:0:0:
256,192,70025,1,0,0:0:0:0:
109,192,70201,128,0,70907:0:0:0:0:
329,192,70907,128,0,71081:0:0:0:0:
256,192,71255,128,0,71430:0:0:0:0:
182,192,71604,128,0,71779:0:0:0:0:
475,192,71953,1,0,0:0:0:0:
109,192,71953,128,0,72127:0:0:0:0:
329,192,72127,1,0,0:0:0:0:
475,192,72302,1,0,0:0:0:0:
329,192,72474,1,0,0:0:0:0:
182,192,72646,1,0,0:0:0:0:
329,192,72819,1,0,0:0:0:0:
475,192,72991,128,0,73681:0:0:0:0:
182,192,73681,1,0,0:0:0:70:BaSS.wav
36,192,73681,128,0,74204:0:0:0:70:CrashS.wav
329,192,73681,1,0,0:0:0:0:
402,192,74029,1,0,0:0:0:0:
182,192,74378,1,0,0:0:0:70:BaSS.wav
36,192,74378,128,0,74901:0:0:0:70:CrashS.wav
475,192,74378,1,0,0:0:0:0:
402,192,74727,1,0,0:0:0:0:
182,192,75076,1,0,0:0:0:70:BaSS.wav
36,192,75076,128,0,75599:0:0:0:70:CrashS.wav
329,192,75076,1,0,0:0:0:0:
475,192,75425,1,0,0:0:0:0:
402,192,75599,1,0,0:0:0:0:
182,192,75774,1,0,0:0:0:70:BaSS.wav
36,192,75774,128,0,76297:0:0:0:70:CrashS.wav
329,192,75774,1,0,0:0:0:0:
402,192,76122,1,0,0:0:0:0:
36,192,76471,128,0,76994:0:0:0:70:CrashS.wav
182,192,76471,1,0,0:0:0:70:BaSS.wav
475,192,76471,128,0,77169:0:0:0:0:
36,192,77169,128,0,77692:0:0:0:70:CrashS.wav
182,192,77169,128,0,77256:0:0:0:70:BaSS.wav
329,192,77169,1,0,0:0:0:0:
256,192,77343,128,0,77431:0:0:0:0:
329,192,77518,128,0,77605:0:0:0:0:
402,192,77692,128,0,77779:0:0:0:0:
36,192,77867,1,0,0:0:0:70:BaSS.wav
475,192,77867,128,0,78390:0:0:0:70:CrashS.wav
182,192,77867,1,0,0:0:0:0:
36,192,78215,1,0,0:0:0:70:BaSS.wav
182,192,78215,1,0,0:0:0:0:
182,192,78390,1,0,0:0:0:0:
109,192,78477,1,0,0:0:0:0:
36,192,78564,128,0,79278:0:0:0:70:BaSS.wav
329,192,78564,1,0,0:0:0:70:CrashS.wav
475,192,78564,1,0,0:0:0:0:
182,192,78742,1,0,0:0:0:70:BaSS.wav
329,192,78742,1,0,0:0:0:0:
402,192,78831,1,0,0:0:0:70:BaSS.wav
256,192,78921,1,0,0:0:0:70:BaSS.wav
475,192,78921,1,0,0:0:0:0:
329,192,79010,1,0,0:0:0:70:BaSS.wav
402,192,79099,1,0,0:0:0:70:BaSS.wav
182,192,79099,1,0,0:0:0:0:
256,192,79189,1,0,0:0:0:70:BaSS.wav
109,192,79278,1,0,0:0:0:70:CrashL.wav
329,192,79278,1,0,0:0:0:70:BaSS.wav
475,192,79278,1,0,0:0:0:0:
256,192,79452,1,0,0:0:0:0:
182,192,79626,1,0,0:0:0:70:Snare.wav
36,192,79626,128,0,79801:0:0:0:0:
402,192,79626,1,0,0:0:0:0:
256,192,79801,1,0,0:0:0:0:
329,192,79975,1,0,0:0:0:70:BaSS.wav
475,192,79975,1,0,0:0:0:0:
182,192,80150,1,0,0:0:0:0:
329,192,80324,1,0,0:0:0:70:Snare.wav
36,192,80324,1,0,0:0:0:0:
475,192,80324,128,0,80498:0:0:0:0:
182,192,80498,1,0,0:0:0:0:
475,192,80673,1,0,0:0:0:70:BaSS.wav
329,192,80673,1,0,0:0:0:0:
256,192,80847,1,0,0:0:0:0:
182,192,81022,1,0,0:0:0:70:Snare.wav
475,192,81022,1,0,0:0:0:0:
36,192,81022,128,0,81196:0:0:0:0:
329,192,81196,1,0,0:0:0:0:
36,192,81371,1,0,0:0:0:70:BaSS.wav
182,192,81371,1,0,0:0:0:0:
256,192,81458,1,0,0:0:0:0:
329,192,81545,1,0,0:0:0:0:
402,192,81632,1,0,0:0:0:70:BaSS.wav
475,192,81719,1,0,0:0:0:70:BaSS.wav
36,192,81719,1,0,0:0:0:0:
109,192,81807,1,0,0:0:0:0:
475,192,81894,1,0,0:0:0:70:BaSS.wav
182,192,81894,1,0,0:0:0:0:
256,192,81981,1,0,0:0:0:0:
329,192,82068,1,0,0:0:0:70:BaSS.wav
475,192,82068,1,0,0:0:0:0:
256,192,82243,1,0,0:0:0:0:
182,192,82417,1,0,0:0:0:70:Snare.wav
36,192,82417,1,0,0:0:0:0:
475,192,82417,128,0,82591:0:0:0:0:
329,192,82591,1,0,0:0:0:0:
109,192,82766,1,0,0:0:0:70:BaSS.wav
256,192,82766,1,0,0:0:0:0:
402,192,82940,1,0,0:0:0:0:
182,192,83115,1,0,0:0:0:70:Snare.wav
329,192,83115,1,0,0:0:0:0:
36,192,83115,128,0,83289:0:0:0:0:
402,192,83289,1,0,0:0:0:0:
475,192,83464,1,0,0:0:0:70:BaSS.wav
182,192,83464,1,0,0:0:0:0:
109,192,83638,1,0,0:0:0:0:
36,192,83812,1,0,0:0:0:70:Snare.wav
329,192,83812,1,0,0:0:0:0:
475,192,83812,128,0,83987:0:0:0:0:
256,192,83987,1,0,0:0:0:0:
182,192,84161,1,0,0:0:0:0:
36,192,84161,1,0,0:0:0:0:
475,192,84161,1,0,0:0:0:70:BaSS.wav
256,192,84248,1,0,0:0:0:0:
329,192,84336,1,0,0:0:0:0:
402,192,84423,1,0,0:0:0:70:BaSS.wav
475,192,84510,1,0,0:0:0:70:BaSS.wav
36,192,84510,1,0,0:0:0:0:
402,192,84597,1,0,0:0:0:0:
182,192,84684,1,0,0:0:0:70:BaSS.wav
329,192,84684,1,0,0:0:0:0:
109,192,84772,1,0,0:0:0:0:
475,192,84859,1,0,0:0:0:70:BaSS.wav
36,192,84859,1,0,0:0:0:70:CrashL.wav
256,192,84859,1,0,0:0:0:0:
402,192,85033,1,0,0:0:0:0:
182,192,85208,1,0,0:0:0:70:Snare.wav
329,192,85208,1,0,0:0:0:0:
36,192,85208,128,0,85382:0:0:0:0:
475,192,85382,1,0,0:0:0:0:
329,192,85557,1,0,0:0:0:70:BaSS.wav
182,192,85557,1,0,0:0:0:0:
402,192,85731,1,0,0:0:0:0:
182,192,85905,1,0,0:0:0:70:Snare.wav
475,192,85905,1,0,0:0:0:0:
36,192,85905,128,0,86080:0:0:0:0:
329,192,86080,1,0,0:0:0:0:
182,192,86254,1,0,0:0:0:70:BaSS.wav
36,192,86254,1,0,0:0:0:0:
256,192,86429,1,0,0:0:0:0:
36,192,86603,1,0,0:0:0:70:Snare.wav
329,192,86603,1,0,0:0:0:0:
475,192,86603,128,0,86778:0:0:0:0:
109,192,86778,1,0,0:0:0:0:
182,192,86952,1,0,0:0:0:70:BaSS.wav
329,192,86952,1,0,0:0:0:0:
475,192,87126,1,0,0:0:0:0:
402,192,87214,1,0,0:0:0:70:BaSS.wav
182,192,87301,1,0,0:0:0:70:BaSS.wav
329,192,87301,1,0,0:0:0:0:
36,192,87301,128,0,87650:0:0:0:0:
256,192,87475,1,0,0:0:0:70:BaSS.wav
402,192,87475,1,0,0:0:0:0:
329,192,87650,1,0,0:0:0:70:BaSS.wav
475,192,87650,1,0,0:0:0:0:
256,192,87824,1,0,0:0:0:0:
109,192,87998,1,0,0:0:0:70:Snare.wav
36,192,87998,1,0,0:0:0:0:
182,192,87998,1,0,0:0:0:0:
256,192,88086,1,0,0:0:0:0:
329,192,88173,1,0,0:0:0:0:
402,192,88260,1,0,0:0:0:0:
475,192,88347,1,0,0:0:0:70:BaSS.wav
36,192,88347,128,0,88434:0:0:0:0:
182,192,88347,128,0,88434:0:0:0:0:
256,192,88522,128,0,88609:0:0:0:0:
109,192,88522,128,0,88609:0:0:0:0:
182,192,88696,128,0,88783:0:0:0:0:
475,192,88696,1,0,0:0:0:70:Snare.wav
329,192,88696,128,0,88783:0:0:0:0:
256,192,88871,128,0,88958:0:0:0:0:
402,192,88871,128,0,88958:0:0:0:0:
329,192,89045,1,0,0:0:0:0:
182,192,89045,1,0,0:0:0:70:BaSS.wav
475,192,89045,128,0,89743:0:0:0:0:
182,192,89307,1,0,0:0:0:70:BaSS.wav
329,192,89307,1,0,0:0:0:0:
36,192,89394,1,0,0:0:0:70:Snare.wav
109,192,89394,1,0,0:0:0:0:
329,192,89568,1,0,0:0:0:70:BaSS.wav
182,192,89568,1,0,0:0:0:0:
109,192,89655,1,0,0:0:0:0:
256,192,89743,1,0,0:0:0:70:BaSS.wav
402,192,89743,1,0,0:0:0:0:
36,192,89743,128,0,90440:0:0:0:0:
329,192,89917,1,0,0:0:0:70:BaSS.wav
182,192,89917,1,0,0:0:0:0:
109,192,90091,1,0,0:0:0:70:BaSS.wav
256,192,90091,1,0,0:0:0:0:
329,192,90179,1,0,0:0:0:70:BaSS.wav
402,192,90266,1,0,0:0:0:70:BaSS.wav
329,192,90353,1,0,0:0:0:70:BaSS.wav
109,192,90440,1,0,0:0:0:70:CrashL.wav
475,192,90440,1,0,0:0:0:70:BaSS.wav
256,192,90440,1,0,0:0:0:0:
402,192,90615,1,0,0:0:0:0:
182,192,90789,1,0,0:0:0:70:Snare.wav
329,192,90789,1,0,0:0:0:0:
36,192,90789,128,0,90964:0:0:0:0:
402,192,90964,1,0,0:0:0:0:
182,192,91138,1,0,0:0:0:70:BaSS.wav
475,192,91138,1,0,0:0:0:0:
329,192,91312,1,0,0:0:0:0:
182,192,91487,1,0,0:0:0:70:Snare.wav
475,192,91487,1,0,0:0:0:0:
36,192,91487,128,0,91661:0:0:0:0:
402,192,91661,1,0,0:0:0:0:
182,192,91836,1,0,0:0:0:70:BaSS.wav
329,192,91836,1,0,0:0:0:0:
36,192,91836,1,0,0:0:0:0:
402,192,91923,1,0,0:0:0:70:BaSS.wav
475,192,91923,1,0,0:0:0:0:
182,192,92097,1,0,0:0:0:70:BaSS.wav
329,192,92097,1,0,0:0:0:0:
36,192,92097,1,0,0:0:0:0:
402,192,92184,1,0,0:0:0:70:BaSS.wav
475,192,92184,1,0,0:0:0:0:
36,192,92359,1,0,0:0:0:70:BaSS.wav
109,192,92359,1,0,0:0:0:0:
256,192,92359,1,0,0:0:0:0:
402,192,92446,1,0,0:0:0:70:BaSS.wav
329,192,92446,1,0,0:0:0:0:
36,192,92621,1,0,0:0:0:70:BaSS.wav
109,192,92621,1,0,0:0:0:0:
256,192,92621,1,0,0:0:0:0:
402,192,92708,1,0,0:0:0:70:BaSS.wav
329,192,92708,1,0,0:0:0:0:
36,192,92882,1,0,0:0:0:70:BaSS.wav
182,192,92882,1,0,0:0:0:0:
109,192,93057,1,0,0:0:0:70:BaSS.wav
256,192,93057,1,0,0:0:0:0:
475,192,93231,1,0,0:0:0:70:BaSS.wav
329,192,93231,1,0,0:0:0:70:CrashL.wav
182,192,93231,1,0,0:0:0:0:
109,192,93405,1,0,0:0:0:0:
475,192,93580,1,0,0:0:0:70:Snare.wav
256,192,93580,1,0,0:0:0:0:
36,192,93580,1,0,0:0:0:0:
402,192,93754,1,0,0:0:0:0:
329,192,93929,1,0,0:0:0:70:BaSS.wav
182,192,93929,1,0,0:0:0:0:
36,192,94103,1,0,0:0:0:70:BaSS.wav
475,192,94103,1,0,0:0:0:0:
109,192,94190,1,0,0:0:0:70:BaSS.wav
402,192,94190,1,0,0:0:0:0:
329,192,94278,1,0,0:0:0:70:Snare.wav
182,192,94278,1,0,0:0:0:0:
256,192,94452,1,0,0:0:0:70:BaSS.wav
402,192,94452,1,0,0:0:0:0:
329,192,94626,1,0,0:0:0:70:BaSS.wav
182,192,94626,1,0,0:0:0:0:
475,192,94626,1,0,0:0:0:0:
109,192,94714,1,0,0:0:0:70:BaSS.wav
36,192,94714,1,0,0:0:0:0:
475,192,94888,1,0,0:0:0:70:BaSS.wav
329,192,94888,1,0,0:0:0:0:
182,192,94888,1,0,0:0:0:0:
109,192,94975,1,0,0:0:0:70:BaSS.wav
36,192,94975,1,0,0:0:0:0:
402,192,95150,1,0,0:0:0:70:BaSS.wav
475,192,95150,1,0,0:0:0:0:
256,192,95150,1,0,0:0:0:0:
109,192,95237,1,0,0:0:0:70:BaSS.wav
182,192,95237,1,0,0:0:0:0:
402,192,95411,1,0,0:0:0:70:BaSS.wav
475,192,95411,1,0,0:0:0:0:
256,192,95411,1,0,0:0:0:0:
109,192,95498,1,0,0:0:0:70:BaSS.wav
182,192,95498,1,0,0:0:0:0:
329,192,95673,1,0,0:0:0:70:BaSS.wav
475,192,95673,1,0,0:0:0:0:
402,192,95847,1,0,0:0:0:70:BaSS.wav
256,192,95847,1,0,0:0:0:0:
182,192,96022,1,0,0:0:0:70:BaSS.wav
36,192,96022,1,0,0:0:0:70:CrashL.wav
329,192,96022,1,0,0:0:0:0:
402,192,96196,1,0,0:0:0:0:
182,192,96371,1,0,0:0:0:70:Snare.wav
475,192,96371,1,0,0:0:0:0:
36,192,96371,128,0,96545:0:0:0:0:
329,192,96545,1,0,0:0:0:0:
182,192,96719,1,0,0:0:0:70:BaSS.wav
402,192,96719,1,0,0:0:0:0:
256,192,96894,1,0,0:0:0:0:
329,192,97068,1,0,0:0:0:70:Snare.wav
109,192,97068,1,0,0:0:0:0:
475,192,97068,128,0,97243:0:0:0:0:
182,192,97243,1,0,0:0:0:0:
36,192,97417,1,0,0:0:0:70:BaSS.wav
256,192,97417,1,0,0:0:0:70:CrashS.wav
402,192,97417,1,0,0:0:0:0:
402,192,97591,1,0,0:0:0:0:
329,192,97766,1,0,0:0:0:70:Snare.wav
36,192,97766,1,0,0:0:0:0:
182,192,97766,1,0,0:0:0:0:
402,192,97940,1,0,0:0:0:0:
475,192,98115,128,0,98376:0:0:0:70:BaSS.wav
36,192,98115,128,0,98376:0:0:0:0:
329,192,98376,1,0,0:0:0:70:BaSS.wav
182,192,98376,1,0,0:0:0:0:
475,192,98464,1,0,0:0:0:70:BaSS.wav
36,192,98464,1,0,0:0:0:0:
256,192,98464,1,0,0:0:0:0:
109,192,98638,1,0,0:0:0:70:BaSS.wav
402,192,98638,1,0,0:0:0:0:
182,192,98812,1,0,0:0:0:70:CrashS.wav
475,192,98812,1,0,0:0:0:70:Snare.wav
329,192,98812,1,0,0:0:0:0:
475,192,98987,1,0,0:0:0:70:Snare.wav
329,192,98987,1,0,0:0:0:70:CrashS.wav
182,192,98987,1,0,0:0:0:0:
402,192,99510,1,0,0:0:0:0:
329,192,99684,1,0,0:0:0:0:
256,192,99859,1,0,0:0:0:0:
182,192,100033,1,0,0:0:0:0:
109,192,100208,128,0,100557:0:0:0:0:
182,192,100557,1,0,0:0:0:0:
329,192,100731,1,0,0:0:0:0:
475,192,100905,128,0,101603:0:0:0:0:
329,192,101254,128,0,101603:0:0:0:0:
182,192,101603,1,0,0:0:0:70:BaSS.wav
36,192,101603,1,0,0:0:0:70:CrashL.wav
329,192,101690,1,0,0:0:0:70:BaSS.wav
182,192,101778,1,0,0:0:0:70:BaSS.wav
36,192,101778,1,0,0:0:0:0:
329,192,101865,1,0,0:0:0:70:BaSS.wav
182,192,101952,1,0,0:0:0:70:BaSS.wav
36,192,101952,1,0,0:0:0:0:
109,192,102126,1,0,0:0:0:70:BaSS.wav
402,192,102126,1,0,0:0:0:0:
256,192,102214,1,0,0:0:0:70:BaSS.wav
109,192,102301,1,0,0:0:0:70:BaSS.wav
402,192,102301,1,0,0:0:0:0:
256,192,102388,1,0,0:0:0:70:BaSS.wav
109,192,102475,1,0,0:0:0:70:BaSS.wav
402,192,102475,1,0,0:0:0:0:
329,192,102650,1,0,0:0:0:70:BaSS.wav
475,192,102650,1,0,0:0:0:0:
182,192,102737,1,0,0:0:0:70:BaSS.wav
329,192,102824,1,0,0:0:0:70:BaSS.wav
475,192,102824,1,0,0:0:0:0:
182,192,102911,1,0,0:0:0:70:BaSS.wav
329,192,102998,1,0,0:0:0:70:BaSS.wav
475,192,102998,1,0,0:0:0:0:
182,192,103173,1,0,0:0:0:70:BaSS.wav
36,192,103173,1,0,0:0:0:0:
256,192,103260,1,0,0:0:0:70:BaSS.wav
329,192,103347,1,0,0:0:0:70:BaSS.wav
475,192,103347,1,0,0:0:0:0:
256,192,103434,1,0,0:0:0:70:BaSS.wav
182,192,103522,1,0,0:0:0:70:BaSS.wav
36,192,103522,1,0,0:0:0:0:
329,192,103696,1,0,0:0:0:70:BaSS.wav
475,192,103696,1,0,0:0:0:0:
182,192,103696,1,0,0:0:0:0:
475,192,103871,1,0,0:0:0:70:BaSS.wav
36,192,104045,1,0,0:0:0:70:PunK.wav
182,192,104045,1,0,0:0:0:70:BaSS.wav
329,192,104045,1,0,0:0:0:0:
36,192,104219,1,0,0:0:0:70:BaSS.wav
329,192,104394,1,0,0:0:0:70:BaSS.wav
182,192,104394,1,0,0:0:0:0:
475,192,104481,1,0,0:0:0:70:BaSS.wav
329,192,104568,1,0,0:0:0:70:BaSS.wav
182,192,104568,1,0,0:0:0:0:
475,192,104655,1,0,0:0:0:70:BaSS.wav
329,192,104743,1,0,0:0:0:70:BaSS.wav
182,192,104743,1,0,0:0:0:0:
109,192,104917,1,0,0:0:0:70:BaSS.wav
256,192,104917,1,0,0:0:0:0:
402,192,105004,1,0,0:0:0:70:BaSS.wav
109,192,105091,1,0,0:0:0:70:BaSS.wav
256,192,105091,1,0,0:0:0:0:
402,192,105179,1,0,0:0:0:70:BaSS.wav
109,192,105266,1,0,0:0:0:70:BaSS.wav
256,192,105266,1,0,0:0:0:0:
36,192,105440,1,0,0:0:0:70:BaSS.wav
182,192,105440,1,0,0:0:0:0:
329,192,105528,1,0,0:0:0:70:BaSS.wav
36,192,105615,1,0,0:0:0:70:BaSS.wav
182,192,105615,1,0,0:0:0:0:
329,192,105702,1,0,0:0:0:70:BaSS.wav
36,192,105789,1,0,0:0:0:70:BaSS.wav
182,192,105789,1,0,0:0:0:0:
329,192,105964,1,0,0:0:0:70:BaSS.wav
475,192,105964,1,0,0:0:0:0:
256,192,106051,1,0,0:0:0:70:BaSS.wav
182,192,106138,1,0,0:0:0:70:BaSS.wav
36,192,106138,1,0,0:0:0:0:
256,192,106225,1,0,0:0:0:70:BaSS.wav
475,192,106312,1,0,0:0:0:70:BaSS.wav
329,192,106312,1,0,0:0:0:0:
182,192,106487,1,0,0:0:0:70:BaSS.wav
36,192,106487,1,0,0:0:0:0:
329,192,106487,1,0,0:0:0:0:
36,192,106661,1,0,0:0:0:70:BaSS.wav
329,192,106836,1,0,0:0:0:70:PunK.wav
475,192,106836,1,0,0:0:0:70:BaSS.wav
182,192,106836,1,0,0:0:0:0:
475,192,107010,1,0,0:0:0:70:BaSS.wav
109,192,107184,1,0,0:0:0:70:BaSS.wav
182,192,107184,1,0,0:0:0:0:
329,192,107272,1,0,0:0:0:70:BaSS.wav
109,192,107359,1,0,0:0:0:70:BaSS.wav
182,192,107359,1,0,0:0:0:0:
329,192,107446,1,0,0:0:0:70:BaSS.wav
109,192,107533,1,0,0:0:0:70:BaSS.wav
182,192,107533,1,0,0:0:0:0:
256,192,107708,1,0,0:0:0:70:BaSS.wav
402,192,107708,1,0,0:0:0:0:
109,192,107795,1,0,0:0:0:70:BaSS.wav
182,192,107882,1,0,0:0:0:70:BaSS.wav
329,192,107882,1,0,0:0:0:0:
402,192,107969,1,0,0:0:0:70:BaSS.wav
109,192,108057,1,0,0:0:0:70:BaSS.wav
256,192,108057,1,0,0:0:0:0:
402,192,108231,1,0,0:0:0:70:BaSS.wav
329,192,108231,1,0,0:0:0:0:
182,192,108318,1,0,0:0:0:70:BaSS.wav
402,192,108405,1,0,0:0:0:70:BaSS.wav
329,192,108405,1,0,0:0:0:0:
182,192,108493,1,0,0:0:0:70:BaSS.wav
402,192,108580,1,0,0:0:0:70:BaSS.wav
329,192,108580,1,0,0:0:0:0:
109,192,108754,1,0,0:0:0:70:BaSS.wav
256,192,108754,1,0,0:0:0:0:
402,192,108841,1,0,0:0:0:70:BaSS.wav
182,192,108929,1,0,0:0:0:70:BaSS.wav
329,192,108929,1,0,0:0:0:0:
109,192,109016,1,0,0:0:0:70:BaSS.wav
256,192,109103,1,0,0:0:0:70:BaSS.wav
402,192,109103,1,0,0:0:0:0:
36,192,109278,1,0,0:0:0:70:BaSS.wav
182,192,109278,1,0,0:0:0:0:
329,192,109278,1,0,0:0:0:0:
109,192,109452,1,0,0:0:0:70:BaSS.wav
475,192,109626,1,0,0:0:0:70:PunK.wav
182,192,109626,1,0,0:0:0:70:BaSS.wav
329,192,109626,1,0,0:0:0:0:
402,192,109801,1,0,0:0:0:70:BaSS.wav
36,192,109975,1,0,0:0:0:70:BaSS.wav
109,192,109975,1,0,0:0:0:0:
256,192,110062,1,0,0:0:0:70:BaSS.wav
402,192,110150,1,0,0:0:0:70:BaSS.wav
475,192,110150,1,0,0:0:0:0:
256,192,110237,1,0,0:0:0:70:BaSS.wav
36,192,110324,1,0,0:0:0:70:BaSS.wav
109,192,110324,1,0,0:0:0:0:
402,192,110498,1,0,0:0:0:70:BaSS.wav
475,192,110498,1,0,0:0:0:0:
256,192,110586,1,0,0:0:0:70:BaSS.wav
36,192,110673,1,0,0:0:0:70:BaSS.wav
109,192,110673,1,0,0:0:0:0:
256,192,110760,1,0,0:0:0:70:BaSS.wav
402,192,110847,1,0,0:0:0:70:BaSS.wav
475,192,110847,1,0,0:0:0:0:
109,192,111022,1,0,0:0:0:70:BaSS.wav
182,192,111022,1,0,0:0:0:0:
256,192,111109,1,0,0:0:0:70:BaSS.wav
402,192,111196,1,0,0:0:0:70:BaSS.wav
329,192,111196,1,0,0:0:0:0:
256,192,111283,1,0,0:0:0:70:BaSS.wav
109,192,111371,1,0,0:0:0:70:BaSS.wav
182,192,111371,1,0,0:0:0:0:
329,192,111545,1,0,0:0:0:70:BaSS.wav
402,192,111545,1,0,0:0:0:0:
256,192,111632,1,0,0:0:0:70:BaSS.wav
182,192,111719,1,0,0:0:0:70:BaSS.wav
109,192,111719,1,0,0:0:0:0:
256,192,111807,1,0,0:0:0:70:BaSS.wav
329,192,111894,1,0,0:0:0:70:BaSS.wav
402,192,111894,1,0,0:0:0:0:
256,192,112068,1,0,0:0:0:70:BaSS.wav
36,192,112068,1,0,0:0:0:0:
475,192,112068,1,0,0:0:0:0:
402,192,112243,1,0,0:0:0:70:BaSS.wav
182,192,112417,1,0,0:0:0:70:PunK.wav
329,192,112417,1,0,0:0:0:70:BaSS.wav
36,192,112417,1,0,0:0:0:0:
36,192,112591,1,0,0:0:0:70:BaSS.wav
256,192,112766,1,0,0:0:0:70:BaSS.wav
329,192,112766,1,0,0:0:0:70:CrashL.wav
182,192,112766,1,0,0:0:0:0:
402,192,112853,1,0,0:0:0:0:
36,192,112940,1,0,0:0:0:70:BaSS.wav
475,192,112940,1,0,0:0:0:0:
402,192,113028,1,0,0:0:0:0:
182,192,113115,1,0,0:0:0:70:BaSS.wav
329,192,113115,1,0,0:0:0:0:
475,192,113289,1,0,0:0:0:70:BaSS.wav
36,192,113289,1,0,0:0:0:0:
109,192,113376,1,0,0:0:0:0:
329,192,113464,1,0,0:0:0:70:BaSS.wav
182,192,113464,1,0,0:0:0:0:
109,192,113551,1,0,0:0:0:0:
475,192,113638,1,0,0:0:0:0:
36,192,113638,1,0,0:0:0:70:BaSS.wav
329,192,113812,1,0,0:0:0:70:BaSS.wav
182,192,113812,1,0,0:0:0:0:
402,192,113900,1,0,0:0:0:0:
36,192,113987,1,0,0:0:0:70:BaSS.wav
475,192,113987,1,0,0:0:0:0:
402,192,114074,1,0,0:0:0:0:
182,192,114161,1,0,0:0:0:70:BaSS.wav
329,192,114161,1,0,0:0:0:0:
36,192,114336,1,0,0:0:0:70:BaSS.wav
475,192,114336,1,0,0:0:0:0:
109,192,114423,1,0,0:0:0:0:
182,192,114510,1,0,0:0:0:70:BaSS.wav
329,192,114510,1,0,0:0:0:0:
109,192,114597,1,0,0:0:0:0:
36,192,114684,1,0,0:0:0:70:BaSS.wav
475,192,114684,1,0,0:0:0:0:
475,192,114859,1,0,0:0:0:70:BaSS.wav
36,192,114859,1,0,0:0:0:0:
256,192,114859,1,0,0:0:0:0:
109,192,115033,1,0,0:0:0:70:BaSS.wav
329,192,115208,1,0,0:0:0:70:PunK.wav
475,192,115208,1,0,0:0:0:70:BaSS.wav
182,192,115208,1,0,0:0:0:0:
475,192,115382,1,0,0:0:0:70:BaSS.wav
402,192,115469,1,0,0:0:0:70:BaSS.wav
182,192,115557,1,0,0:0:0:70:CrashL.wav
329,192,115557,1,0,0:0:0:0:
256,192,115557,1,0,0:0:0:70:BaSS.wav
109,192,115644,1,0,0:0:0:0:
475,192,115731,1,0,0:0:0:70:BaSS.wav
36,192,115731,1,0,0:0:0:0:
109,192,115818,1,0,0:0:0:0:
329,192,115905,1,0,0:0:0:70:BaSS.wav
182,192,115905,1,0,0:0:0:0:
475,192,116080,1,0,0:0:0:0:
36,192,116080,1,0,0:0:0:70:BaSS.wav
402,192,116167,1,0,0:0:0:0:
329,192,116254,1,0,0:0:0:0:
182,192,116254,1,0,0:0:0:70:BaSS.wav
402,192,116341,1,0,0:0:0:0:
475,192,116429,1,0,0:0:0:70:BaSS.wav
36,192,116429,1,0,0:0:0:0:
182,192,116603,1,0,0:0:0:70:BaSS.wav
329,192,116603,1,0,0:0:0:0:
109,192,116690,1,0,0:0:0:0:
36,192,116778,1,0,0:0:0:0:
475,192,116778,1,0,0:0:0:70:BaSS.wav
109,192,116865,1,0,0:0:0:0:
329,192,116952,1,0,0:0:0:70:BaSS.wav
182,192,116952,1,0,0:0:0:0:
475,192,117126,1,0,0:0:0:70:BaSS.wav
36,192,117126,1,0,0:0:0:0:
402,192,117214,1,0,0:0:0:0:
329,192,117301,1,0,0:0:0:70:BaSS.wav
182,192,117301,1,0,0:0:0:0:
402,192,117388,1,0,0:0:0:0:
36,192,117475,1,0,0:0:0:0:
475,192,117475,1,0,0:0:0:70:BaSS.wav
256,192,117650,1,0,0:0:0:0:
36,192,117650,1,0,0:0:0:70:BaSS.wav
475,192,117650,1,0,0:0:0:0:
402,192,117824,1,0,0:0:0:70:BaSS.wav
36,192,117998,1,0,0:0:0:70:BaSS.wav
182,192,117998,1,0,0:0:0:70:PunK.wav
329,192,117998,1,0,0:0:0:0:
36,192,118173,1,0,0:0:0:70:BaSS.wav
109,192,118260,1,0,0:0:0:70:BaSS.wav
182,192,118347,1,0,0:0:0:70:BaSS.wav
329,192,118347,1,0,0:0:0:0:
402,192,118434,1,0,0:0:0:70:BaSS.wav
475,192,118434,1,0,0:0:0:0:
182,192,118522,1,0,0:0:0:70:BaSS.wav
329,192,118522,1,0,0:0:0:0:
109,192,118609,1,0,0:0:0:70:BaSS.wav
36,192,118609,1,0,0:0:0:0:
329,192,118696,1,0,0:0:0:70:BaSS.wav
182,192,118696,1,0,0:0:0:0:
109,192,118871,1,0,0:0:0:70:BaSS.wav
402,192,118871,1,0,0:0:0:0:
256,192,118958,1,0,0:0:0:70:BaSS.wav
109,192,119045,1,0,0:0:0:70:BaSS.wav
402,192,119045,1,0,0:0:0:0:
256,192,119132,1,0,0:0:0:70:BaSS.wav
109,192,119219,1,0,0:0:0:70:BaSS.wav
402,192,119219,1,0,0:0:0:0:
182,192,119394,1,0,0:0:0:70:BaSS.wav
329,192,119394,1,0,0:0:0:0:
109,192,119481,1,0,0:0:0:70:BaSS.wav
36,192,119481,1,0,0:0:0:0:
329,192,119568,1,0,0:0:0:70:BaSS.wav
182,192,119568,1,0,0:0:0:0:
402,192,119655,1,0,0:0:0:70:BaSS.wav
475,192,119655,1,0,0:0:0:0:
329,192,119743,1,0,0:0:0:70:BaSS.wav
182,192,119743,1,0,0:0:0:0:
475,192,119917,1,0,0:0:0:70:BaSS.wav
36,192,119917,1,0,0:0:0:0:
256,192,120004,1,0,0:0:0:70:BaSS.wav
475,192,120091,1,0,0:0:0:70:BaSS.wav
36,192,120091,1,0,0:0:0:0:
256,192,120179,1,0,0:0:0:70:BaSS.wav
475,192,120266,1,0,0:0:0:70:BaSS.wav
36,192,120266,1,0,0:0:0:0:
402,192,120440,1,0,0:0:0:70:BaSS.wav
256,192,120440,1,0,0:0:0:0:
109,192,120440,1,0,0:0:0:0:
402,192,120615,1,0,0:0:0:70:BaSS.wav
109,192,120789,1,0,0:0:0:70:PunK.wav
329,192,120789,1,0,0:0:0:70:BaSS.wav
182,192,120789,1,0,0:0:0:0:
329,192,120964,1,0,0:0:0:70:BaSS.wav
109,192,121138,5,0,0:0:0:70:BaSS.wav
256,192,121138,1,0,0:0:0:0:
475,192,121225,1,0,0:0:0:70:BaSS.wav
329,192,121312,1,0,0:0:0:70:BaSS.wav
182,192,121312,1,0,0:0:0:0:
36,192,121400,1,0,0:0:0:70:BaSS.wav
402,192,121487,1,0,0:0:0:70:BaSS.wav
256,192,121487,1,0,0:0:0:0:
256,192,121661,1,0,0:0:0:70:BaSS.wav
402,192,121661,1,0,0:0:0:0:
36,192,121748,1,0,0:0:0:70:BaSS.wav
182,192,121836,1,0,0:0:0:70:BaSS.wav
329,192,121836,1,0,0:0:0:0:
475,192,121923,1,0,0:0:0:70:BaSS.wav
109,192,122010,1,0,0:0:0:70:BaSS.wav
256,192,122010,1,0,0:0:0:0:
109,192,122184,1,0,0:0:0:70:BaSS.wav
256,192,122184,1,0,0:0:0:0:
36,192,122272,1,0,0:0:0:70:BaSS.wav
182,192,122359,1,0,0:0:0:70:BaSS.wav
329,192,122359,1,0,0:0:0:0:
109,192,122446,1,0,0:0:0:70:BaSS.wav
256,192,122533,1,0,0:0:0:70:BaSS.wav
402,192,122533,1,0,0:0:0:0:
182,192,122621,1,0,0:0:0:70:BaSS.wav
329,192,122708,1,0,0:0:0:70:BaSS.wav
475,192,122708,1,0,0:0:0:0:
256,192,122795,1,0,0:0:0:70:BaSS.wav
402,192,122882,1,0,0:0:0:70:BaSS.wav
36,192,122882,1,0,0:0:0:0:
329,192,122969,1,0,0:0:0:70:BaSS.wav
475,192,123057,1,0,0:0:0:70:BaSS.wav
109,192,123057,1,0,0:0:0:0:
402,192,123144,1,0,0:0:0:70:BaSS.wav
36,192,123231,1,0,0:0:0:70:BaSS.wav
182,192,123231,1,0,0:0:0:0:
475,192,123318,1,0,0:0:0:70:BaSS.wav
109,192,123405,1,0,0:0:0:70:BaSS.wav
256,192,123405,1,0,0:0:0:0:
36,192,123493,1,0,0:0:0:70:BaSS.wav
182,192,123580,1,0,0:0:0:70:BaSS.wav
329,192,123580,1,0,0:0:0:0:
109,192,123667,1,0,0:0:0:70:BaSS.wav
256,192,123754,1,0,0:0:0:70:BaSS.wav
402,192,123754,1,0,0:0:0:0:
182,192,123841,1,0,0:0:0:70:BaSS.wav
475,192,123929,1,0,0:0:0:70:CrashS.wav
329,192,123929,1,0,0:0:0:70:BaSS.wav
36,192,125340,128,0,125514:0:0:0:70:BaSS.wav
182,192,125340,128,0,125514:0:0:0:70:CrashS.wav
329,192,125340,128,0,125514:0:0:0:0:
329,192,125688,128,0,126037:0:0:0:70:BaSS.wav
182,192,125688,128,0,126037:0:0:0:70:CrashS.wav
475,192,125688,128,0,126037:0:0:0:0:
109,192,126037,1,0,0:0:0:70:CrashS.wav
36,192,126037,1,0,0:0:0:70:BaSS.wav
256,192,126037,1,0,0:0:0:0:
475,192,126386,128,0,126648:0:0:0:70:Impact.wav
402,192,126386,128,0,126648:0:0:0:0:
109,192,126735,1,0,0:0:0:70:BaSS.wav
475,192,126735,1,0,0:0:0:0:
402,192,126735,1,0,0:0:0:0:
109,192,126909,1,0,0:0:0:70:Sub BaSS.wav
182,192,126996,1,0,0:0:0:70:Sub BaSS.wav
256,192,127084,1,0,0:0:0:70:Sub BaSS.wav
182,192,127258,1,0,0:0:0:70:Sub BaSS.wav
109,192,127433,1,0,0:0:0:70:BaSS.wav
475,192,127433,1,0,0:0:0:0:
402,192,127433,1,0,0:0:0:0:
109,192,127607,1,0,0:0:0:70:Sub BaSS.wav
182,192,127694,1,0,0:0:0:70:Sub BaSS.wav
256,192,127781,1,0,0:0:0:70:Sub BaSS.wav
182,192,127956,1,0,0:0:0:70:Sub BaSS.wav
109,192,128130,1,0,0:0:0:70:BaSS.wav
402,192,128130,1,0,0:0:0:0:
475,192,128130,1,0,0:0:0:0:
109,192,128305,128,0,128479:0:0:0:70:Sub BaSS.wav
256,192,128479,5,0,0:0:0:70:BaSS.wav
402,192,128479,1,0,0:0:0:0:
475,192,128479,1,0,0:0:0:0:
256,192,128653,128,0,128828:0:0:0:70:Sub BaSS.wav
109,192,128828,5,0,0:0:0:70:BaSS.wav
402,192,128828,1,0,0:0:0:0:
475,192,128828,1,0,0:0:0:0:
109,192,129002,1,0,0:0:0:70:BaSS.wav
329,192,129002,1,0,0:0:0:0:
402,192,129002,1,0,0:0:0:0:
256,192,129177,1,0,0:0:0:0:
329,192,129177,1,0,0:0:0:0:
109,192,129177,128,0,129526:0:0:0:70:BaSS.wav
256,192,129526,5,0,0:0:0:70:BaSS.wav
475,192,129526,1,0,0:0:0:70:CrashL.wav
402,192,129526,1,0,0:0:0:0:
109,192,129700,1,0,0:0:0:70:HihaT.wav
36,192,129700,1,0,0:0:0:0:
475,192,129874,1,0,0:0:0:70:BaSS.wav
402,192,129874,1,0,0:0:0:0:
256,192,129874,1,0,0:0:0:0:
109,192,130049,1,0,0:0:0:70:HihaT.wav
36,192,130049,1,0,0:0:0:0:
256,192,130223,1,0,0:0:0:70:BaSS.wav
475,192,130223,1,0,0:0:0:0:
402,192,130223,1,0,0:0:0:0:
475,192,130398,1,0,0:0:0:70:HihaT.wav
402,192,130398,1,0,0:0:0:0:
182,192,130572,1,0,0:0:0:70:BaSS.wav
329,192,130572,1,0,0:0:0:0:
36,192,130572,1,0,0:0:0:0:
256,192,130746,1,0,0:0:0:70:BaSS.wav
36,192,130746,1,0,0:0:0:70:HihaT.wav
402,192,130746,1,0,0:0:0:0:
329,192,130921,1,0,0:0:0:70:BaSS.wav
36,192,130921,1,0,0:0:0:0:
475,192,130921,1,0,0:0:0:0:
256,192,131095,1,0,0:0:0:70:HihaT.wav
109,192,131095,1,0,0:0:0:0:
475,192,131270,1,0,0:0:0:70:BaSS.wav
182,192,131270,1,0,0:0:0:0:
402,192,131270,1,0,0:0:0:0:
109,192,131444,1,0,0:0:0:70:HihaT.wav
256,192,131444,1,0,0:0:0:0:
329,192,131619,1,0,0:0:0:70:BaSS.wav
475,192,131619,1,0,0:0:0:0:
36,192,131619,1,0,0:0:0:0:
256,192,131793,1,0,0:0:0:70:HihaT.wav
402,192,131880,1,0,0:0:0:70:BaSS.wav
475,192,131880,1,0,0:0:0:0:
36,192,131967,1,0,0:0:0:70:BaSS.wav
182,192,131967,1,0,0:0:0:0:
329,192,131967,1,0,0:0:0:0:
402,192,132142,1,0,0:0:0:70:BaSS.wav
109,192,132142,1,0,0:0:0:70:HihaT.wav
256,192,132142,1,0,0:0:0:0:
329,192,132316,1,0,0:0:0:70:BaSS.wav
475,192,132316,1,0,0:0:0:0:
182,192,132316,1,0,0:0:0:0:
109,192,132491,1,0,0:0:0:70:HihaT.wav
36,192,132491,1,0,0:0:0:0:
256,192,132665,1,0,0:0:0:70:BaSS.wav
402,192,132665,1,0,0:0:0:0:
475,192,132665,1,0,0:0:0:0:
182,192,132840,1,0,0:0:0:70:HihaT.wav
109,192,132840,1,0,0:0:0:0:
36,192,133014,1,0,0:0:0:70:BaSS.wav
329,192,133014,1,0,0:0:0:0:
475,192,133014,1,0,0:0:0:0:
256,192,133188,1,0,0:0:0:70:HihaT.wav
475,192,133276,1,0,0:0:0:0:
402,192,133276,1,0,0:0:0:70:BaSS.wav
329,192,133363,1,0,0:0:0:70:BaSS.wav
36,192,133363,1,0,0:0:0:0:
182,192,133363,1,0,0:0:0:0:
329,192,133537,1,0,0:0:0:70:BaSS.wav
182,192,133537,1,0,0:0:0:70:HihaT.wav
475,192,133537,1,0,0:0:0:0:
109,192,133624,1,0,0:0:0:70:BaSS.wav
36,192,133712,1,0,0:0:0:70:BaSS.wav
256,192,133712,1,0,0:0:0:0:
402,192,133712,1,0,0:0:0:0:
256,192,133886,1,0,0:0:0:70:HihaT.wav
402,192,133886,1,0,0:0:0:0:
182,192,134060,1,0,0:0:0:70:BaSS.wav
329,192,134060,1,0,0:0:0:0:
36,192,134060,1,0,0:0:0:0:
256,192,134235,1,0,0:0:0:70:HihaT.wav
402,192,134235,1,0,0:0:0:0:
475,192,134409,1,0,0:0:0:70:BaSS.wav
36,192,134409,1,0,0:0:0:0:
329,192,134409,1,0,0:0:0:0:
256,192,134496,1,0,0:0:0:70:Sub BaSS.wav
402,192,134584,1,0,0:0:0:70:HihaT.wav
182,192,134584,1,0,0:0:0:70:Sub BaSS.wav
109,192,134671,1,0,0:0:0:70:Sub BaSS.wav
329,192,134758,1,0,0:0:0:70:BaSS.wav
36,192,134758,1,0,0:0:0:0:
475,192,134758,1,0,0:0:0:0:
329,192,134933,1,0,0:0:0:70:BaSS.wav
475,192,134933,1,0,0:0:0:70:HihaT.wav
109,192,134933,1,0,0:0:0:0:
182,192,135107,1,0,0:0:0:70:BaSS.wav
329,192,135107,1,0,0:0:0:70:CrashL.wav
475,192,135107,1,0,0:0:0:0:
109,192,135281,1,0,0:0:0:70:HihaT.wav
36,192,135281,1,0,0:0:0:0:
329,192,135456,1,0,0:0:0:70:BaSS.wav
182,192,135456,1,0,0:0:0:0:
475,192,135456,1,0,0:0:0:0:
109,192,135630,1,0,0:0:0:70:HihaT.wav
256,192,135630,1,0,0:0:0:0:
182,192,135805,1,0,0:0:0:70:BaSS.wav
36,192,135805,1,0,0:0:0:0:
329,192,135805,1,0,0:0:0:0:
256,192,135979,1,0,0:0:0:70:HihaT.wav
402,192,135979,1,0,0:0:0:0:
329,192,136153,1,0,0:0:0:70:BaSS.wav
36,192,136153,1,0,0:0:0:0:
475,192,136153,1,0,0:0:0:0:
36,192,136328,1,0,0:0:0:70:BaSS.wav
256,192,136328,1,0,0:0:0:70:HihaT.wav
475,192,136328,1,0,0:0:0:0:
36,192,136502,1,0,0:0:0:70:BaSS.wav
182,192,136502,1,0,0:0:0:0:
475,192,136502,1,0,0:0:0:0:
256,192,136677,1,0,0:0:0:70:HihaT.wav
329,192,136677,1,0,0:0:0:0:
402,192,136851,1,0,0:0:0:70:BaSS.wav
109,192,136851,1,0,0:0:0:0:
475,192,136851,1,0,0:0:0:0:
182,192,137026,1,0,0:0:0:70:HihaT.wav
256,192,137026,1,0,0:0:0:0:
109,192,137200,1,0,0:0:0:70:BaSS.wav
402,192,137200,1,0,0:0:0:0:
329,192,137200,1,0,0:0:0:0:
109,192,137374,1,0,0:0:0:70:HihaT.wav
329,192,137462,1,0,0:0:0:70:BaSS.wav
402,192,137462,1,0,0:0:0:0:
475,192,137549,1,0,0:0:0:70:BaSS.wav
36,192,137549,1,0,0:0:0:0:
182,192,137549,1,0,0:0:0:0:
109,192,137723,1,0,0:0:0:70:BaSS.wav
256,192,137723,1,0,0:0:0:70:HihaT.wav
475,192,137723,1,0,0:0:0:0:
475,192,137898,1,0,0:0:0:70:BaSS.wav
182,192,137898,1,0,0:0:0:0:
329,192,137898,1,0,0:0:0:0:
109,192,138072,1,0,0:0:0:70:HihaT.wav
36,192,138072,1,0,0:0:0:0:
182,192,138246,1,0,0:0:0:70:BaSS.wav
475,192,138246,1,0,0:0:0:0:
329,192,138246,1,0,0:0:0:0:
256,192,138421,1,0,0:0:0:70:HihaT.wav
402,192,138421,1,0,0:0:0:0:
329,192,138595,1,0,0:0:0:70:BaSS.wav
182,192,138595,1,0,0:0:0:0:
36,192,138595,1,0,0:0:0:0:
402,192,138770,1,0,0:0:0:70:HihaT.wav
109,192,138857,1,0,0:0:0:70:BaSS.wav
36,192,138857,1,0,0:0:0:0:
182,192,138944,1,0,0:0:0:70:BaSS.wav
329,192,138944,1,0,0:0:0:0:
475,192,138944,1,0,0:0:0:0:
182,192,139119,1,0,0:0:0:70:BaSS.wav
329,192,139119,1,0,0:0:0:70:HihaT.wav
36,192,139119,1,0,0:0:0:0:
402,192,139206,1,0,0:0:0:70:BaSS.wav
256,192,139293,1,0,0:0:0:70:BaSS.wav
475,192,139293,1,0,0:0:0:70:CrashS.wav
36,192,139293,128,0,140688:0:0:0:0:
182,192,140514,1,0,0:0:0:70:BaSS.wav
109,192,140514,1,0,0:0:0:0:
182,192,140688,1,0,0:0:0:70:BaSS.wav
475,192,140688,1,0,0:0:0:70:Chi!.wav
109,192,140688,1,0,0:0:0:0:
329,192,140776,1,0,0:0:0:70:BaSS.wav
402,192,140776,1,0,0:0:0:0:
182,192,140950,1,0,0:0:0:70:BaSS.wav
109,192,140950,1,0,0:0:0:0:
475,192,140950,1,0,0:0:0:70:Chi!.wav
402,192,141037,1,0,0:0:0:70:BaSS.wav
329,192,141037,1,0,0:0:0:0:
182,192,141212,1,0,0:0:0:70:BaSS.wav
109,192,141212,1,0,0:0:0:0:
475,192,141212,1,0,0:0:0:70:Chi!.wav
402,192,141299,1,0,0:0:0:70:BaSS.wav
329,192,141299,1,0,0:0:0:0:
182,192,141473,1,0,0:0:0:70:BaSS.wav
109,192,141473,1,0,0:0:0:0:
475,192,141473,1,0,0:0:0:70:Chi!.wav
329,192,141560,1,0,0:0:0:70:BaSS.wav
402,192,141560,1,0,0:0:0:0:
182,192,141735,1,0,0:0:0:70:BaSS.wav
36,192,141735,1,0,0:0:0:0:
329,192,141735,1,0,0:0:0:0:
256,192,141909,1,0,0:0:0:70:BaSS.wav
402,192,141909,1,0,0:0:0:0:
109,192,141909,1,0,0:0:0:0:
182,192,142084,1,0,0:0:0:70:BaSS.wav
475,192,142084,1,0,0:0:0:70:CrashS.wav
329,192,142084,1,0,0:0:0:0:
36,192,142084,1,0,0:0:0:0:
182,192,142443,1,0,0:0:0:30:Chi!.wav
329,192,142533,1,0,0:0:0:30:Chi!.wav
182,192,142622,1,0,0:0:0:30:Chi!.wav
329,192,142712,1,0,0:0:0:30:Chi!.wav
182,192,142802,1,0,0:0:0:30:Chi!.wav
