[Metadata]
Alice in Misanthrope -厭世アリス- 
LeaF
Kawawa
BOFU2016 Alice in Misanthrope -Ensei Alice-
60
0

[TimingPoints]
774,389.61038961039,4,2,1,30,1,0
1553,384.615384615385,4,2,1,30,1,0
2322,375,4,2,1,30,1,0
3072,365.853658536585,4,2,1,30,1,0
3803,357.142857142857,4,2,1,30,1,0
4517,348.837209302326,4,2,1,30,1,0
5214,346.820809248555,4,2,1,30,1,0
6601,348.837209302326,4,2,1,30,1,0
17763,361.44578313253,4,2,1,30,1,0
18485,357.142857142857,4,2,1,30,1,0
19199,352.941176470588,4,2,1,30,1,0
20610,348.837209302326,4,2,1,30,1,0
22005,344.827586206897,4,2,1,30,1,0
23384,348.837209302326,4,2,1,30,1,0
24081,352.941176470588,4,2,1,30,1,0
24786,357.142857142857,4,2,1,30,1,0
25500,359.281437125748,4,2,1,30,1,0
26218,348.837209302326,4,2,1,30,1,0
26915,346.820809248555,4,2,1,30,1,0
28302,348.837209302326,4,2,1,30,1,0
28999,348.837209302326,4,2,1,30,1,0
68068,357.142857142857,4,2,1,30,1,0
69496,352.941176470588,4,2,1,30,1,0
70907,348.837209302326,4,2,1,30,1,0
72302,344.827586206897,4,2,1,30,1,0
73681,348.837209302326,4,2,1,30,1,0
78564,357.142857142857,4,2,1,30,1,0
79278,348.837209302326,4,2,1,30,1,0
123929,352.941176470588,4,2,1,30,1,0
125340,348.837209302326,4,2,1,30,1,0
142084,359.281437125748,4,2,1,30,1,0


[HitObjects]
475,192,774,128,0,3620:0:0:0:0:
36,192,774,128,0,3620:0:0:0:0:
329,192,774,1,0,0:0:0:0:
256,192,774,1,0,0:0:0:0:
182,192,968,1,0,0:0:0:0:
329,192,1163,1,0,0:0:0:0:
182,192,1358,1,0,0:0:0:0:
402,192,1553,1,0,0:0:0:0:
109,192,1745,1,0,0:0:0:0:
402,192,1937,1,0,0:0:0:0:
109,192,2129,1,0,0:0:0:0:
402,192,2322,1,0,0:0:0:0:
256,192,2509,1,0,0:0:0:0:
109,192,2697,1,0,0:0:0:0:
256,192,2884,1,0,0:0:0:0:
402,192,3072,1,0,0:0:0:0:
109,192,3254,1,0,0:0:0:0:
182,192,3437,1,0,0:0:0:0:
256,192,3620,1,0,0:0:0:0:
329,192,3803,1,0,0:0:0:0:
475,192,3803,128,0,4160:0:0:0:0:
36,192,3803,128,0,4160:0:0:0:0:
109,192,3803,128,0,4160:0:0:0:0:
402,192,3803,128,0,4160:0:0:0:0:
182,192,3981,1,0,0:0:0:0:
329,192,4160,1,0,0:0:0:0:
182,192,4338,1,0,0:0:0:0:
329,192,4517,1,0,0:0:0:0:
36,192,4517,128,0,4865:0:0:0:0:
475,192,4517,128,0,4865:0:0:0:0:
402,192,4517,128,0,4865:0:0:0:0:
109,192,4517,128,0,4865:0:0:0:0:
256,192,4691,1,0,0:0:0:0:
182,192,4865,1,0,0:0:0:0:
256,192,5040,1,0,0:0:0:0:
109,192,5214,1,0,0:0:0:0:
36,192,5214,1,0,0:0:0:0:
475,192,5214,1,0,0:0:0:0:
182,192,5214,1,0,0:0:0:0:
329,192,5214,1,0,0:0:0:0:
329,192,5387,1,0,0:0:0:0:
475,192,5387,1,0,0:0:0:0:
36,192,5560,1,0,0:0:0:0:
475,192,5560,1,0,0:0:0:0:
182,192,5560,1,0,0:0:0:0:
256,192,5560,1,0,0:0:0:0:
329,192,5560,1,0,0:0:0:0:
182,192,5734,1,0,0:0:0:0:
36,192,5734,1,0,0:0:0:0:
36,192,5907,1,0,0:0:0:0:
182,192,5907,1,0,0:0:0:0:
475,192,5907,1,0,0:0:0:0:
402,192,5907,1,0,0:0:0:0:
329,192,5907,1,0,0:0:0:0:
109,192,6167,1,0,0:0:0:0:
256,192,6167,1,0,0:0:0:0:
475,192,6167,1,0,0:0:0:0:
182,192,6427,1,0,0:0:0:0:
329,192,6427,1,0,0:0:0:0:
475,192,6427,1,0,0:0:0:0:
256,192,6601,1,0,0:0:0:0:
36,192,6601,1,0,0:0:0:0:
329,192,6601,1,0,0:0:0:0:
475,192,6601,1,0,0:0:0:0:
182,192,6601,1,0,0:0:0:0:
182,192,6775,1,0,0:0:0:0:
36,192,6775,1,0,0:0:0:0:
256,192,6949,1,0,0:0:0:0:
109,192,6949,1,0,0:0:0:0:
475,192,6949,1,0,0:0:0:0:
402,192,6949,1,0,0:0:0:0:
256,192,7124,1,0,0:0:0:0:
109,192,7124,1,0,0:0:0:0:
182,192,7298,1,0,0:0:0:0:
36,192,7298,1,0,0:0:0:0:
475,192,7298,1,0,0:0:0:0:
402,192,7298,1,0,0:0:0:0:
256,192,7385,1,0,0:0:0:0:
329,192,7473,1,0,0:0:0:0:
109,192,7473,1,0,0:0:0:0:
402,192,7560,1,0,0:0:0:0:
182,192,7647,1,0,0:0:0:0:
36,192,7647,1,0,0:0:0:0:
475,192,7647,1,0,0:0:0:0:
256,192,7647,1,0,0:0:0:0:
402,192,7821,1,0,0:0:0:0:
182,192,7821,1,0,0:0:0:0:
475,192,7821,1,0,0:0:0:0:
256,192,7821,1,0,0:0:0:0:
109,192,7909,1,0,0:0:0:0:
402,192,7996,1,0,0:0:0:0:
475,192,7996,1,0,0:0:0:0:
329,192,7996,1,0,0:0:0:0:
36,192,7996,1,0,0:0:0:0:
256,192,8170,1,0,0:0:0:0:
36,192,8170,1,0,0:0:0:0:
329,192,8257,1,0,0:0:0:0:
182,192,8345,1,0,0:0:0:0:
36,192,8345,1,0,0:0:0:0:
475,192,8345,1,0,0:0:0:0:
402,192,8345,1,0,0:0:0:0:
402,192,8519,1,0,0:0:0:0:
329,192,8519,1,0,0:0:0:0:
182,192,8519,1,0,0:0:0:0:
329,192,8694,1,0,0:0:0:0:
109,192,8694,1,0,0:0:0:0:
36,192,8694,1,0,0:0:0:0:
256,192,8694,1,0,0:0:0:0:
402,192,8781,1,0,0:0:0:0:
36,192,8868,1,0,0:0:0:0:
475,192,8868,1,0,0:0:0:0:
329,192,8955,1,0,0:0:0:0:
182,192,8955,1,0,0:0:0:0:
36,192,9042,1,0,0:0:0:0:
402,192,9042,1,0,0:0:0:0:
109,192,9042,1,0,0:0:0:0:
475,192,9042,1,0,0:0:0:0:
256,192,9130,1,0,0:0:0:0:
402,192,9217,1,0,0:0:0:0:
109,192,9217,1,0,0:0:0:0:
36,192,9217,1,0,0:0:0:0:
475,192,9217,1,0,0:0:0:0:
182,192,9304,1,0,0:0:0:0:
475,192,9391,1,0,0:0:0:0:
36,192,9391,1,0,0:0:0:0:
109,192,9391,1,0,0:0:0:0:
329,192,9391,1,0,0:0:0:0:
475,192,9566,1,0,0:0:0:0:
109,192,9566,1,0,0:0:0:0:
182,192,9566,1,0,0:0:0:0:
36,192,9740,1,0,0:0:0:0:
475,192,9740,1,0,0:0:0:0:
182,192,9740,1,0,0:0:0:0:
256,192,9740,1,0,0:0:0:0:
36,192,9914,1,0,0:0:0:0:
256,192,9914,1,0,0:0:0:0:
329,192,9914,1,0,0:0:0:0:
182,192,10089,1,0,0:0:0:0:
36,192,10089,1,0,0:0:0:0:
329,192,10089,1,0,0:0:0:0:
402,192,10089,1,0,0:0:0:0:
256,192,10263,1,0,0:0:0:0:
402,192,10263,1,0,0:0:0:0:
475,192,10263,1,0,0:0:0:0:
36,192,10351,1,0,0:0:0:0:
109,192,10351,1,0,0:0:0:0:
109,192,10438,1,0,0:0:0:0:
36,192,10438,1,0,0:0:0:0:
329,192,10438,1,0,0:0:0:0:
475,192,10438,1,0,0:0:0:0:
109,192,10612,1,0,0:0:0:0:
475,192,10612,1,0,0:0:0:0:
36,192,10612,1,0,0:0:0:0:
329,192,10612,1,0,0:0:0:0:
402,192,10699,1,0,0:0:0:0:
256,192,10699,1,0,0:0:0:0:
36,192,10787,1,0,0:0:0:0:
182,192,10787,1,0,0:0:0:0:
329,192,10787,1,0,0:0:0:0:
109,192,10787,1,0,0:0:0:0:
182,192,10961,1,0,0:0:0:0:
329,192,10961,1,0,0:0:0:0:
475,192,10961,1,0,0:0:0:0:
256,192,11135,1,0,0:0:0:0:
402,192,11135,1,0,0:0:0:0:
109,192,11135,1,0,0:0:0:0:
36,192,11135,1,0,0:0:0:0:
475,192,11310,1,0,0:0:0:0:
329,192,11310,1,0,0:0:0:0:
182,192,11310,1,0,0:0:0:0:
475,192,11484,1,0,0:0:0:0:
36,192,11484,1,0,0:0:0:0:
182,192,11484,1,0,0:0:0:0:
329,192,11484,1,0,0:0:0:0:
402,192,11571,1,0,0:0:0:0:
109,192,11571,1,0,0:0:0:0:
256,192,11659,1,0,0:0:0:0:
402,192,11746,1,0,0:0:0:0:
109,192,11746,1,0,0:0:0:0:
329,192,11833,1,0,0:0:0:0:
475,192,11833,1,0,0:0:0:0:
182,192,11833,1,0,0:0:0:0:
36,192,11833,1,0,0:0:0:0:
109,192,12007,1,0,0:0:0:0:
182,192,12007,1,0,0:0:0:0:
402,192,12007,1,0,0:0:0:0:
329,192,12007,1,0,0:0:0:0:
182,192,12182,1,0,0:0:0:0:
256,192,12182,1,0,0:0:0:0:
36,192,12182,1,0,0:0:0:0:
329,192,12182,1,0,0:0:0:0:
475,192,12182,1,0,0:0:0:0:
475,192,12356,128,0,12531:0:0:0:0:
36,192,12356,128,0,12531:0:0:0:0:
329,192,12531,1,0,0:0:0:0:
402,192,12531,1,0,0:0:0:0:
182,192,12531,1,0,0:0:0:0:
109,192,12531,1,0,0:0:0:0:
182,192,12705,128,0,12880:0:0:0:0:
329,192,12705,128,0,12880:0:0:0:0:
109,192,12880,1,0,0:0:0:0:
475,192,12880,1,0,0:0:0:0:
36,192,12880,1,0,0:0:0:0:
402,192,12880,1,0,0:0:0:0:
475,192,13054,128,0,13228:0:0:0:0:
36,192,13054,128,0,13228:0:0:0:0:
109,192,13228,1,0,0:0:0:0:
329,192,13228,1,0,0:0:0:0:
182,192,13228,1,0,0:0:0:0:
402,192,13228,1,0,0:0:0:0:
182,192,13403,1,0,0:0:0:0:
329,192,13403,1,0,0:0:0:0:
109,192,13403,1,0,0:0:0:0:
402,192,13403,1,0,0:0:0:0:
256,192,13490,1,0,0:0:0:0:
329,192,13577,1,0,0:0:0:0:
182,192,13577,1,0,0:0:0:0:
475,192,13577,1,0,0:0:0:0:
36,192,13577,1,0,0:0:0:0:
402,192,13752,1,0,0:0:0:0:
256,192,13752,1,0,0:0:0:0:
182,192,13839,1,0,0:0:0:0:
475,192,13926,1,0,0:0:0:0:
109,192,13926,1,0,0:0:0:0:
36,192,13926,1,0,0:0:0:0:
329,192,13926,1,0,0:0:0:0:
109,192,14101,1,0,0:0:0:0:
182,192,14101,1,0,0:0:0:0:
402,192,14101,1,0,0:0:0:0:
256,192,14275,1,0,0:0:0:0:
475,192,14275,1,0,0:0:0:0:
182,192,14275,1,0,0:0:0:0:
36,192,14275,1,0,0:0:0:0:
402,192,14362,1,0,0:0:0:0:
109,192,14449,1,0,0:0:0:0:
329,192,14449,1,0,0:0:0:0:
402,192,14537,1,0,0:0:0:0:
182,192,14537,1,0,0:0:0:0:
256,192,14624,1,0,0:0:0:0:
475,192,14624,1,0,0:0:0:0:
36,192,14624,1,0,0:0:0:0:
109,192,14624,1,0,0:0:0:0:
109,192,14798,1,0,0:0:0:0:
36,192,14798,1,0,0:0:0:0:
256,192,14798,1,0,0:0:0:0:
475,192,14798,1,0,0:0:0:0:
475,192,14973,1,0,0:0:0:0:
329,192,14973,1,0,0:0:0:0:
182,192,14973,1,0,0:0:0:0:
36,192,14973,1,0,0:0:0:0:
109,192,15060,1,0,0:0:0:0:
402,192,15147,1,0,0:0:0:0:
256,192,15147,1,0,0:0:0:0:
109,192,15234,1,0,0:0:0:0:
475,192,15321,1,0,0:0:0:0:
36,192,15321,1,0,0:0:0:0:
182,192,15321,1,0,0:0:0:0:
329,192,15321,1,0,0:0:0:0:
402,192,15409,1,0,0:0:0:0:
256,192,15496,1,0,0:0:0:0:
109,192,15496,1,0,0:0:0:0:
402,192,15583,1,0,0:0:0:0:
475,192,15670,1,0,0:0:0:0:
182,192,15670,1,0,0:0:0:0:
36,192,15670,1,0,0:0:0:0:
329,192,15670,1,0,0:0:0:0:
109,192,15757,1,0,0:0:0:0:
256,192,15845,1,0,0:0:0:0:
402,192,15845,1,0,0:0:0:0:
36,192,15932,1,0,0:0:0:0:
182,192,15932,1,0,0:0:0:0:
475,192,16019,1,0,0:0:0:0:
402,192,16019,1,0,0:0:0:0:
109,192,16019,1,0,0:0:0:0:
256,192,16019,1,0,0:0:0:0:
329,192,16106,1,0,0:0:0:0:
475,192,16194,1,0,0:0:0:0:
402,192,16194,1,0,0:0:0:0:
182,192,16194,1,0,0:0:0:0:
36,192,16194,1,0,0:0:0:0:
109,192,16281,1,0,0:0:0:0:
256,192,16281,1,0,0:0:0:0:
329,192,16368,1,0,0:0:0:0:
36,192,16368,1,0,0:0:0:0:
475,192,16368,1,0,0:0:0:0:
182,192,16368,1,0,0:0:0:0:
402,192,16368,1,0,0:0:0:0:
109,192,16717,128,0,16978:0:0:0:0:
182,192,16717,128,0,16978:0:0:0:0:
329,192,16717,128,0,16978:0:0:0:0:
402,192,16717,128,0,16978:0:0:0:0:
402,192,17066,128,0,17327:0:0:0:0:
475,192,17066,128,0,17327:0:0:0:0:
109,192,17066,128,0,17240:0:0:0:0:
36,192,17066,128,0,17240:0:0:0:0:
256,192,17066,1,0,0:0:0:0:
36,192,17327,1,0,0:0:0:0:
109,192,17327,1,0,0:0:0:0:
182,192,17414,128,0,17676:0:0:0:0:
329,192,17414,128,0,17676:0:0:0:0:
475,192,17414,128,0,17676:0:0:0:0:
475,192,17763,1,0,0:0:0:0:
182,192,17763,1,0,0:0:0:0:
329,192,17763,1,0,0:0:0:0:
36,192,17763,128,0,18485:0:0:0:0:
329,192,17943,1,0,0:0:0:0:
329,192,18124,1,0,0:0:0:0:
182,192,18124,1,0,0:0:0:0:
256,192,18485,1,0,0:0:0:0:
402,192,18485,1,0,0:0:0:0:
109,192,18485,128,0,19199:0:0:0:0:
402,192,18663,1,0,0:0:0:0:
402,192,18842,1,0,0:0:0:0:
256,192,18842,1,0,0:0:0:0:
475,192,19199,1,0,0:0:0:0:
329,192,19199,1,0,0:0:0:0:
182,192,19199,128,0,19904:0:0:0:0:
475,192,19551,1,0,0:0:0:0:
329,192,19551,1,0,0:0:0:0:
329,192,19728,1,0,0:0:0:0:
402,192,19816,1,0,0:0:0:0:
36,192,19904,1,0,0:0:0:0:
475,192,19904,1,0,0:0:0:0:
256,192,19904,128,0,20610:0:0:0:0:
329,192,19993,1,0,0:0:0:0:
182,192,20081,1,0,0:0:0:0:
36,192,20257,1,0,0:0:0:0:
182,192,20257,1,0,0:0:0:0:
475,192,20434,1,0,0:0:0:0:
109,192,20434,1,0,0:0:0:0:
402,192,20522,1,0,0:0:0:0:
182,192,20610,1,0,0:0:0:0:
36,192,20610,1,0,0:0:0:0:
329,192,20610,128,0,21307:0:0:0:0:
182,192,20784,1,0,0:0:0:0:
36,192,20958,1,0,0:0:0:0:
182,192,20958,1,0,0:0:0:0:
109,192,21133,1,0,0:0:0:0:
182,192,21220,1,0,0:0:0:0:
475,192,21307,1,0,0:0:0:0:
36,192,21307,1,0,0:0:0:0:
402,192,21307,128,0,22005:0:0:0:0:
109,192,21394,1,0,0:0:0:0:
182,192,21482,1,0,0:0:0:0:
182,192,21656,1,0,0:0:0:0:
36,192,21656,1,0,0:0:0:0:
36,192,21830,1,0,0:0:0:0:
109,192,21918,1,0,0:0:0:0:
329,192,22005,1,0,0:0:0:0:
182,192,22005,1,0,0:0:0:0:
475,192,22005,128,0,22694:0:0:0:0:
329,192,22177,1,0,0:0:0:0:
36,192,22349,1,0,0:0:0:0:
182,192,22349,1,0,0:0:0:0:
329,192,22522,1,0,0:0:0:0:
182,192,22522,1,0,0:0:0:0:
109,192,22694,1,0,0:0:0:0:
36,192,22694,1,0,0:0:0:0:
256,192,22694,128,0,23384:0:0:0:0:
329,192,22867,128,0,22953:0:0:0:0:
36,192,22867,128,0,22953:0:0:0:0:
402,192,23039,128,0,23125:0:0:0:0:
109,192,23039,128,0,23125:0:0:0:0:
475,192,23211,128,0,23298:0:0:0:0:
182,192,23211,128,0,23298:0:0:0:0:
36,192,23384,128,0,24786:0:0:0:0:
475,192,23384,128,0,23558:0:0:0:0:
402,192,23384,128,0,23558:0:0:0:0:
475,192,23645,1,0,0:0:0:0:
402,192,23645,1,0,0:0:0:0:
475,192,23732,1,0,0:0:0:0:
402,192,23732,1,0,0:0:0:0:
109,192,23907,1,0,0:0:0:0:
256,192,23907,1,0,0:0:0:0:
402,192,23994,1,0,0:0:0:0:
475,192,23994,1,0,0:0:0:0:
109,192,24081,1,0,0:0:0:0:
256,192,24081,1,0,0:0:0:0:
109,192,24257,128,0,24345:0:0:0:0:
256,192,24257,128,0,24345:0:0:0:0:
182,192,24433,128,0,24522:0:0:0:0:
329,192,24433,128,0,24522:0:0:0:0:
256,192,24610,128,0,24698:0:0:0:0:
402,192,24610,128,0,24698:0:0:0:0:
475,192,24786,128,0,26218:0:0:0:0:
329,192,24786,128,0,24964:0:0:0:0:
182,192,24786,128,0,24964:0:0:0:0:
329,192,25053,1,0,0:0:0:0:
182,192,25053,1,0,0:0:0:0:
182,192,25143,1,0,0:0:0:0:
329,192,25143,1,0,0:0:0:0:
182,192,25321,1,0,0:0:0:0:
36,192,25321,1,0,0:0:0:0:
256,192,25411,1,0,0:0:0:0:
402,192,25411,1,0,0:0:0:0:
182,192,25500,1,0,0:0:0:0:
36,192,25500,1,0,0:0:0:0:
402,192,25679,128,0,25769:0:0:0:0:
36,192,25679,128,0,25769:0:0:0:0:
109,192,25859,128,0,25949:0:0:0:0:
329,192,25859,128,0,25949:0:0:0:0:
256,192,26038,128,0,26128:0:0:0:0:
182,192,26038,128,0,26128:0:0:0:0:
182,192,26218,1,0,0:0:0:0:
402,192,26218,1,0,0:0:0:0:
109,192,26218,1,0,0:0:0:0:
36,192,26218,1,0,0:0:0:0:
256,192,26218,1,0,0:0:0:0:
256,192,26566,128,0,26828:0:0:0:0:
402,192,26566,128,0,26828:0:0:0:0:
256,192,26915,1,0,0:0:0:0:
402,192,26915,1,0,0:0:0:0:
475,192,26915,1,0,0:0:0:0:
109,192,26915,1,0,0:0:0:0:
36,192,26915,1,0,0:0:0:0:
109,192,27261,128,0,27521:0:0:0:0:
256,192,27261,128,0,27521:0:0:0:0:
36,192,27608,1,0,0:0:0:0:
109,192,27608,1,0,0:0:0:0:
256,192,27608,1,0,0:0:0:0:
475,192,27608,1,0,0:0:0:0:
402,192,27608,1,0,0:0:0:0:
475,192,27955,1,0,0:0:0:0:
402,192,27955,1,0,0:0:0:0:
36,192,27955,1,0,0:0:0:0:
256,192,27955,1,0,0:0:0:0:
109,192,27955,1,0,0:0:0:0:
109,192,28128,1,0,0:0:0:0:
402,192,28128,1,0,0:0:0:0:
182,192,28215,1,0,0:0:0:0:
329,192,28215,1,0,0:0:0:0:
36,192,28302,1,0,0:0:0:0:
109,192,28302,1,0,0:0:0:0:
402,192,28302,1,0,0:0:0:0:
256,192,28302,1,0,0:0:0:0:
475,192,28302,1,0,0:0:0:0:
36,192,28476,128,0,28825:0:0:0:0:
475,192,28476,128,0,28825:0:0:0:0:
402,192,28650,128,0,28825:0:0:0:0:
109,192,28650,128,0,28825:0:0:0:0:
329,192,28825,1,0,0:0:0:0:
182,192,28825,1,0,0:0:0:0:
475,192,28999,128,0,29260:0:0:0:0:
256,192,28999,1,0,0:0:0:0:
36,192,28999,1,0,0:0:0:0:
402,192,28999,128,0,29260:0:0:0:0:
109,192,28999,1,0,0:0:0:0:
182,192,29086,1,0,0:0:0:0:
329,192,29173,1,0,0:0:0:0:
182,192,29260,1,0,0:0:0:0:
36,192,29260,1,0,0:0:0:0:
36,192,29347,1,0,0:0:0:0:
182,192,29347,1,0,0:0:0:0:
402,192,29347,1,0,0:0:0:0:
475,192,29347,1,0,0:0:0:0:
256,192,29435,1,0,0:0:0:0:
109,192,29522,1,0,0:0:0:0:
402,192,29522,1,0,0:0:0:0:
182,192,29609,1,0,0:0:0:0:
329,192,29609,1,0,0:0:0:0:
402,192,29696,1,0,0:0:0:0:
36,192,29696,1,0,0:0:0:0:
109,192,29696,1,0,0:0:0:0:
475,192,29696,1,0,0:0:0:0:
256,192,29783,1,0,0:0:0:0:
402,192,29871,128,0,29958:0:0:0:0:
475,192,29871,128,0,29958:0:0:0:0:
109,192,29871,128,0,29958:0:0:0:0:
36,192,29871,128,0,29958:0:0:0:0:
109,192,30045,128,0,30132:0:0:0:0:
182,192,30045,128,0,30132:0:0:0:0:
329,192,30045,128,0,30132:0:0:0:0:
402,192,30045,128,0,30132:0:0:0:0:
329,192,30219,128,0,30307:0:0:0:0:
36,192,30219,128,0,30307:0:0:0:0:
182,192,30219,128,0,30307:0:0:0:0:
475,192,30219,128,0,30307:0:0:0:0:
475,192,30394,1,0,0:0:0:0:
329,192,30394,1,0,0:0:0:0:
182,192,30394,128,0,30655:0:0:0:0:
36,192,30394,128,0,30655:0:0:0:0:
256,192,30481,1,0,0:0:0:0:
402,192,30568,1,0,0:0:0:0:
329,192,30655,1,0,0:0:0:0:
475,192,30655,1,0,0:0:0:0:
475,192,30743,1,0,0:0:0:0:
329,192,30743,1,0,0:0:0:0:
182,192,30743,1,0,0:0:0:0:
36,192,30743,1,0,0:0:0:0:
256,192,30830,1,0,0:0:0:0:
475,192,30917,1,0,0:0:0:0:
36,192,30917,1,0,0:0:0:0:
182,192,31004,1,0,0:0:0:0:
329,192,31004,1,0,0:0:0:0:
109,192,31092,1,0,0:0:0:0:
402,192,31092,1,0,0:0:0:0:
475,192,31092,1,0,0:0:0:0:
36,192,31092,1,0,0:0:0:0:
256,192,31179,1,0,0:0:0:0:
36,192,31266,128,0,31353:0:0:0:0:
402,192,31266,128,0,31353:0:0:0:0:
475,192,31266,128,0,31353:0:0:0:0:
109,192,31266,128,0,31353:0:0:0:0:
109,192,31440,128,0,31528:0:0:0:0:
402,192,31440,128,0,31528:0:0:0:0:
475,192,31440,128,0,31528:0:0:0:0:
182,192,31440,128,0,31528:0:0:0:0:
256,192,31615,128,0,31702:0:0:0:0:
402,192,31615,128,0,31702:0:0:0:0:
182,192,31615,128,0,31702:0:0:0:0:
475,192,31615,128,0,31702:0:0:0:0:
36,192,31789,1,0,0:0:0:0:
329,192,31789,1,0,0:0:0:0:
475,192,31789,128,0,32051:0:0:0:0:
182,192,31789,1,0,0:0:0:0:
402,192,31876,1,0,0:0:0:0:
256,192,31964,1,0,0:0:0:0:
109,192,31964,1,0,0:0:0:0:
329,192,32051,1,0,0:0:0:0:
36,192,32138,1,0,0:0:0:0:
475,192,32138,1,0,0:0:0:0:
402,192,32138,128,0,32400:0:0:0:0:
182,192,32138,1,0,0:0:0:0:
256,192,32225,1,0,0:0:0:0:
109,192,32312,1,0,0:0:0:0:
329,192,32312,1,0,0:0:0:0:
182,192,32400,1,0,0:0:0:0:
256,192,32487,1,0,0:0:0:0:
329,192,32487,128,0,32749:0:0:0:0:
475,192,32487,1,0,0:0:0:0:
36,192,32487,1,0,0:0:0:0:
109,192,32574,1,0,0:0:0:0:
182,192,32661,1,0,0:0:0:0:
402,192,32661,1,0,0:0:0:0:
109,192,32749,1,0,0:0:0:0:
475,192,32836,1,0,0:0:0:0:
256,192,32836,128,0,33097:0:0:0:0:
329,192,32836,1,0,0:0:0:0:
36,192,32836,1,0,0:0:0:0:
182,192,32923,1,0,0:0:0:0:
402,192,33010,1,0,0:0:0:0:
109,192,33010,1,0,0:0:0:0:
329,192,33097,1,0,0:0:0:0:
36,192,33185,1,0,0:0:0:0:
182,192,33185,1,0,0:0:0:0:
256,192,33185,1,0,0:0:0:0:
475,192,33185,128,0,33533:0:0:0:0:
329,192,33359,1,0,0:0:0:0:
256,192,33359,1,0,0:0:0:0:
109,192,33359,1,0,0:0:0:0:
402,192,33533,1,0,0:0:0:0:
329,192,33533,1,0,0:0:0:0:
182,192,33533,1,0,0:0:0:0:
36,192,33533,1,0,0:0:0:0:
402,192,33708,1,0,0:0:0:0:
475,192,33708,1,0,0:0:0:0:
256,192,33708,1,0,0:0:0:0:
329,192,33882,1,0,0:0:0:0:
182,192,33882,1,0,0:0:0:0:
475,192,33882,1,0,0:0:0:0:
36,192,33882,1,0,0:0:0:0:
109,192,34057,128,0,34144:0:0:0:0:
36,192,34057,128,0,34144:0:0:0:0:
256,192,34057,128,0,34144:0:0:0:0:
329,192,34057,128,0,34144:0:0:0:0:
329,192,34231,128,0,34318:0:0:0:0:
402,192,34231,128,0,34318:0:0:0:0:
109,192,34231,128,0,34318:0:0:0:0:
182,192,34231,128,0,34318:0:0:0:0:
256,192,34405,128,0,34493:0:0:0:0:
475,192,34405,128,0,34493:0:0:0:0:
402,192,34405,128,0,34493:0:0:0:0:
182,192,34405,128,0,34493:0:0:0:0:
36,192,34580,1,0,0:0:0:0:
109,192,34580,1,0,0:0:0:0:
329,192,34580,1,0,0:0:0:0:
402,192,34580,128,0,34842:0:0:0:0:
475,192,34580,128,0,34842:0:0:0:0:
256,192,34667,1,0,0:0:0:0:
182,192,34754,1,0,0:0:0:0:
36,192,34842,1,0,0:0:0:0:
109,192,34842,1,0,0:0:0:0:
109,192,34929,1,0,0:0:0:0:
36,192,34929,1,0,0:0:0:0:
256,192,34929,1,0,0:0:0:0:
475,192,34929,1,0,0:0:0:0:
329,192,35016,1,0,0:0:0:0:
109,192,35103,1,0,0:0:0:0:
402,192,35103,1,0,0:0:0:0:
329,192,35190,1,0,0:0:0:0:
182,192,35190,1,0,0:0:0:0:
256,192,35278,1,0,0:0:0:0:
36,192,35278,1,0,0:0:0:0:
475,192,35278,1,0,0:0:0:0:
402,192,35278,1,0,0:0:0:0:
109,192,35365,1,0,0:0:0:0:
182,192,35452,128,0,35539:0:0:0:0:
329,192,35452,128,0,35539:0:0:0:0:
475,192,35452,128,0,35539:0:0:0:0:
402,192,35452,128,0,35539:0:0:0:0:
329,192,35626,128,0,35714:0:0:0:0:
109,192,35626,128,0,35714:0:0:0:0:
256,192,35626,128,0,35714:0:0:0:0:
402,192,35626,128,0,35714:0:0:0:0:
182,192,35801,128,0,35888:0:0:0:0:
256,192,35801,128,0,35888:0:0:0:0:
329,192,35801,128,0,35888:0:0:0:0:
36,192,35801,128,0,35888:0:0:0:0:
475,192,35975,1,0,0:0:0:0:
402,192,35975,1,0,0:0:0:0:
36,192,35975,128,0,36237:0:0:0:0:
182,192,35975,128,0,36237:0:0:0:0:
256,192,36062,1,0,0:0:0:0:
329,192,36150,1,0,0:0:0:0:
402,192,36237,1,0,0:0:0:0:
475,192,36237,1,0,0:0:0:0:
402,192,36324,1,0,0:0:0:0:
475,192,36324,1,0,0:0:0:0:
36,192,36324,1,0,0:0:0:0:
182,192,36324,1,0,0:0:0:0:
256,192,36411,1,0,0:0:0:0:
329,192,36499,1,0,0:0:0:0:
475,192,36499,1,0,0:0:0:0:
256,192,36586,1,0,0:0:0:0:
402,192,36586,1,0,0:0:0:0:
182,192,36673,1,0,0:0:0:0:
36,192,36673,1,0,0:0:0:0:
329,192,36673,1,0,0:0:0:0:
109,192,36673,1,0,0:0:0:0:
475,192,36760,1,0,0:0:0:0:
36,192,36847,128,0,36935:0:0:0:0:
109,192,36847,128,0,36935:0:0:0:0:
182,192,36847,128,0,36935:0:0:0:0:
329,192,36847,128,0,36935:0:0:0:0:
182,192,37022,128,0,37109:0:0:0:0:
256,192,37022,128,0,37109:0:0:0:0:
402,192,37022,128,0,37109:0:0:0:0:
109,192,37022,128,0,37109:0:0:0:0:
256,192,37196,128,0,37283:0:0:0:0:
182,192,37196,128,0,37283:0:0:0:0:
475,192,37196,128,0,37283:0:0:0:0:
329,192,37196,128,0,37283:0:0:0:0:
256,192,37371,1,0,0:0:0:0:
475,192,37371,128,0,38592:0:0:0:0:
36,192,37371,128,0,37545:0:0:0:0:
182,192,37371,128,0,37894:0:0:0:0:
329,192,37371,128,0,38243:0:0:0:0:
402,192,37545,1,0,0:0:0:0:
36,192,37719,128,0,38592:0:0:0:0:
109,192,37719,1,0,0:0:0:0:
402,192,37894,1,0,0:0:0:0:
182,192,38068,128,0,38592:0:0:0:0:
256,192,38068,1,0,0:0:0:0:
109,192,38243,1,0,0:0:0:0:
402,192,38417,1,0,0:0:0:0:
329,192,38417,128,0,38592:0:0:0:0:
109,192,38592,1,0,0:0:0:0:
329,192,38766,1,0,0:0:0:0:
475,192,38766,1,0,0:0:0:0:
182,192,38766,1,0,0:0:0:0:
36,192,38766,1,0,0:0:0:0:
256,192,38766,128,0,39115:0:0:0:0:
402,192,38940,1,0,0:0:0:0:
36,192,39115,1,0,0:0:0:0:
475,192,39115,1,0,0:0:0:0:
329,192,39115,1,0,0:0:0:0:
182,192,39115,1,0,0:0:0:0:
329,192,39289,1,0,0:0:0:0:
182,192,39289,1,0,0:0:0:0:
36,192,39289,1,0,0:0:0:0:
402,192,39376,1,0,0:0:0:0:
256,192,39376,1,0,0:0:0:0:
329,192,39464,128,0,39812:0:0:0:0:
109,192,39464,1,0,0:0:0:0:
475,192,39464,128,0,39812:0:0:0:0:
109,192,39638,1,0,0:0:0:0:
182,192,39812,128,0,39900:0:0:0:0:
402,192,39812,128,0,39900:0:0:0:0:
36,192,39812,128,0,39900:0:0:0:0:
329,192,39987,128,0,40074:0:0:0:0:
475,192,39987,128,0,40074:0:0:0:0:
109,192,39987,128,0,40074:0:0:0:0:
36,192,40161,1,0,0:0:0:0:
256,192,40161,1,0,0:0:0:0:
182,192,40161,1,0,0:0:0:0:
329,192,40161,1,0,0:0:0:0:
475,192,40161,128,0,40510:0:0:0:0:
182,192,40336,1,0,0:0:0:0:
36,192,40510,1,0,0:0:0:0:
182,192,40510,1,0,0:0:0:0:
329,192,40510,128,0,40859:0:0:0:0:
109,192,40510,1,0,0:0:0:0:
36,192,40685,1,0,0:0:0:0:
256,192,40859,1,0,0:0:0:0:
475,192,40859,1,0,0:0:0:0:
36,192,40859,1,0,0:0:0:0:
182,192,40859,128,0,41208:0:0:0:0:
475,192,41033,1,0,0:0:0:0:
402,192,41208,1,0,0:0:0:0:
329,192,41208,1,0,0:0:0:0:
36,192,41208,128,0,41557:0:0:0:0:
475,192,41208,1,0,0:0:0:0:
329,192,41382,1,0,0:0:0:0:
329,192,41557,1,0,0:0:0:0:
182,192,41557,1,0,0:0:0:0:
256,192,41557,1,0,0:0:0:0:
475,192,41557,128,0,41905:0:0:0:0:
182,192,41731,1,0,0:0:0:0:
182,192,41905,1,0,0:0:0:0:
36,192,41905,1,0,0:0:0:0:
109,192,41905,1,0,0:0:0:0:
329,192,41905,128,0,42254:0:0:0:0:
36,192,42080,1,0,0:0:0:0:
475,192,42254,1,0,0:0:0:0:
256,192,42254,1,0,0:0:0:0:
36,192,42254,1,0,0:0:0:0:
182,192,42254,128,0,42603:0:0:0:0:
475,192,42429,1,0,0:0:0:0:
475,192,42603,1,0,0:0:0:0:
36,192,42603,1,0,0:0:0:0:
109,192,42603,1,0,0:0:0:0:
329,192,42603,1,0,0:0:0:0:
402,192,42690,1,0,0:0:0:0:
256,192,42690,1,0,0:0:0:0:
182,192,42778,1,0,0:0:0:0:
329,192,42778,1,0,0:0:0:0:
256,192,42865,1,0,0:0:0:0:
109,192,42865,1,0,0:0:0:0:
182,192,42952,1,0,0:0:0:0:
402,192,42952,128,0,43126:0:0:0:0:
475,192,42952,128,0,43126:0:0:0:0:
36,192,42952,1,0,0:0:0:0:
36,192,43126,1,0,0:0:0:0:
182,192,43126,1,0,0:0:0:0:
256,192,43214,1,0,0:0:0:0:
109,192,43301,128,0,43475:0:0:0:0:
329,192,43301,1,0,0:0:0:0:
475,192,43301,1,0,0:0:0:0:
36,192,43301,128,0,43475:0:0:0:0:
475,192,43475,1,0,0:0:0:0:
329,192,43475,1,0,0:0:0:0:
256,192,43562,1,0,0:0:0:0:
182,192,43650,1,0,0:0:0:0:
109,192,43650,1,0,0:0:0:0:
475,192,43650,128,0,43824:0:0:0:0:
402,192,43650,128,0,43824:0:0:0:0:
182,192,43824,1,0,0:0:0:0:
109,192,43824,1,0,0:0:0:0:
256,192,43911,1,0,0:0:0:0:
329,192,43999,1,0,0:0:0:0:
402,192,43999,1,0,0:0:0:0:
109,192,43999,128,0,44173:0:0:0:0:
36,192,43999,128,0,44173:0:0:0:0:
402,192,44173,1,0,0:0:0:0:
329,192,44173,1,0,0:0:0:0:
256,192,44260,1,0,0:0:0:0:
182,192,44347,1,0,0:0:0:0:
36,192,44347,1,0,0:0:0:0:
402,192,44347,128,0,44522:0:0:0:0:
475,192,44347,128,0,44522:0:0:0:0:
182,192,44522,1,0,0:0:0:0:
36,192,44522,1,0,0:0:0:0:
256,192,44609,1,0,0:0:0:0:
475,192,44696,1,0,0:0:0:0:
329,192,44696,1,0,0:0:0:0:
109,192,44696,128,0,44871:0:0:0:0:
36,192,44696,128,0,44871:0:0:0:0:
329,192,44871,1,0,0:0:0:0:
475,192,44871,1,0,0:0:0:0:
256,192,44958,1,0,0:0:0:0:
109,192,45045,1,0,0:0:0:0:
475,192,45045,128,0,45655:0:0:0:0:
182,192,45045,1,0,0:0:0:0:
36,192,45045,128,0,45655:0:0:0:0:
402,192,45219,1,0,0:0:0:0:
329,192,45219,1,0,0:0:0:0:
182,192,45307,1,0,0:0:0:0:
109,192,45307,1,0,0:0:0:0:
329,192,45394,1,0,0:0:0:0:
402,192,45394,1,0,0:0:0:0:
256,192,45437,1,0,0:0:0:0:
182,192,45481,1,0,0:0:0:0:
109,192,45481,1,0,0:0:0:0:
402,192,45568,1,0,0:0:0:0:
329,192,45568,1,0,0:0:0:0:
182,192,45655,1,0,0:0:0:0:
256,192,45655,1,0,0:0:0:0:
402,192,45743,1,0,0:0:0:0:
109,192,45743,1,0,0:0:0:0:
36,192,45743,1,0,0:0:0:0:
475,192,45743,1,0,0:0:0:0:
329,192,45830,1,0,0:0:0:0:
256,192,45917,1,0,0:0:0:0:
182,192,45917,1,0,0:0:0:0:
109,192,46004,1,0,0:0:0:0:
402,192,46092,1,0,0:0:0:0:
329,192,46092,1,0,0:0:0:0:
475,192,46092,1,0,0:0:0:0:
36,192,46092,1,0,0:0:0:0:
109,192,46179,1,0,0:0:0:0:
182,192,46266,1,0,0:0:0:0:
256,192,46266,1,0,0:0:0:0:
329,192,46353,1,0,0:0:0:0:
475,192,46440,1,0,0:0:0:0:
109,192,46440,1,0,0:0:0:0:
36,192,46440,1,0,0:0:0:0:
402,192,46440,1,0,0:0:0:0:
182,192,46528,1,0,0:0:0:0:
256,192,46615,1,0,0:0:0:0:
329,192,46615,1,0,0:0:0:0:
402,192,46702,1,0,0:0:0:0:
182,192,46789,1,0,0:0:0:0:
475,192,46789,1,0,0:0:0:0:
36,192,46789,1,0,0:0:0:0:
109,192,46789,1,0,0:0:0:0:
402,192,46876,1,0,0:0:0:0:
256,192,46964,1,0,0:0:0:0:
329,192,46964,1,0,0:0:0:0:
182,192,47051,1,0,0:0:0:0:
475,192,47138,1,0,0:0:0:0:
402,192,47138,1,0,0:0:0:0:
109,192,47138,1,0,0:0:0:0:
36,192,47138,1,0,0:0:0:0:
329,192,47225,1,0,0:0:0:0:
182,192,47312,1,0,0:0:0:0:
256,192,47312,1,0,0:0:0:0:
329,192,47400,1,0,0:0:0:0:
402,192,47487,1,0,0:0:0:0:
109,192,47487,1,0,0:0:0:0:
36,192,47487,1,0,0:0:0:0:
475,192,47487,1,0,0:0:0:0:
182,192,47574,1,0,0:0:0:0:
329,192,47661,1,0,0:0:0:0:
256,192,47661,1,0,0:0:0:0:
182,192,47749,1,0,0:0:0:0:
402,192,47836,1,0,0:0:0:0:
475,192,47836,1,0,0:0:0:0:
36,192,47836,1,0,0:0:0:0:
109,192,47836,1,0,0:0:0:0:
256,192,47923,1,0,0:0:0:0:
329,192,47923,1,0,0:0:0:0:
182,192,48010,1,0,0:0:0:0:
109,192,48010,1,0,0:0:0:0:
329,192,48097,1,0,0:0:0:0:
402,192,48097,1,0,0:0:0:0:
256,192,48185,1,0,0:0:0:0:
36,192,48185,1,0,0:0:0:0:
475,192,48185,1,0,0:0:0:0:
109,192,48272,1,0,0:0:0:0:
329,192,48272,1,0,0:0:0:0:
182,192,48359,1,0,0:0:0:0:
402,192,48359,1,0,0:0:0:0:
475,192,48446,1,0,0:0:0:0:
256,192,48446,1,0,0:0:0:0:
329,192,48533,1,0,0:0:0:0:
402,192,48533,1,0,0:0:0:0:
182,192,48533,128,0,48795:0:0:0:0:
109,192,48533,128,0,48795:0:0:0:0:
36,192,48533,128,0,48795:0:0:0:0:
329,192,48708,1,0,0:0:0:0:
402,192,48708,1,0,0:0:0:0:
329,192,48882,1,0,0:0:0:0:
256,192,48882,1,0,0:0:0:0:
475,192,48882,128,0,49144:0:0:0:0:
109,192,48882,128,0,49144:0:0:0:0:
36,192,48882,128,0,49144:0:0:0:0:
256,192,49057,1,0,0:0:0:0:
329,192,49057,1,0,0:0:0:0:
256,192,49231,1,0,0:0:0:0:
182,192,49231,1,0,0:0:0:0:
36,192,49231,128,0,49493:0:0:0:0:
402,192,49231,128,0,49493:0:0:0:0:
475,192,49231,128,0,49493:0:0:0:0:
256,192,49405,1,0,0:0:0:0:
182,192,49405,1,0,0:0:0:0:
109,192,49580,1,0,0:0:0:0:
182,192,49580,1,0,0:0:0:0:
329,192,49580,128,0,49842:0:0:0:0:
402,192,49580,128,0,49842:0:0:0:0:
475,192,49580,128,0,49842:0:0:0:0:
182,192,49754,1,0,0:0:0:0:
109,192,49754,1,0,0:0:0:0:
256,192,49929,1,0,0:0:0:0:
402,192,49929,1,0,0:0:0:0:
475,192,49929,1,0,0:0:0:0:
36,192,49929,128,0,50190:0:0:0:0:
109,192,49929,128,0,50190:0:0:0:0:
402,192,50103,1,0,0:0:0:0:
475,192,50103,1,0,0:0:0:0:
256,192,50278,1,0,0:0:0:0:
36,192,50278,1,0,0:0:0:0:
109,192,50278,1,0,0:0:0:0:
402,192,50278,128,0,50539:0:0:0:0:
475,192,50278,128,0,50539:0:0:0:0:
109,192,50452,1,0,0:0:0:0:
36,192,50452,1,0,0:0:0:0:
256,192,50626,1,0,0:0:0:0:
109,192,50626,1,0,0:0:0:0:
475,192,50626,1,0,0:0:0:0:
36,192,50626,1,0,0:0:0:0:
402,192,50626,1,0,0:0:0:0:
182,192,50714,1,0,0:0:0:0:
329,192,50714,1,0,0:0:0:0:
256,192,50801,1,0,0:0:0:0:
402,192,50801,1,0,0:0:0:0:
329,192,50888,1,0,0:0:0:0:
475,192,50888,1,0,0:0:0:0:
109,192,50975,1,0,0:0:0:0:
182,192,50975,1,0,0:0:0:0:
36,192,50975,1,0,0:0:0:0:
329,192,51062,1,0,0:0:0:0:
475,192,51062,1,0,0:0:0:0:
182,192,51150,1,0,0:0:0:0:
109,192,51150,1,0,0:0:0:0:
329,192,51237,1,0,0:0:0:0:
475,192,51237,1,0,0:0:0:0:
36,192,51324,1,0,0:0:0:0:
182,192,51324,1,0,0:0:0:0:
109,192,51324,1,0,0:0:0:0:
402,192,51324,1,0,0:0:0:0:
256,192,51411,1,0,0:0:0:0:
475,192,51499,1,0,0:0:0:0:
329,192,51499,1,0,0:0:0:0:
402,192,51586,1,0,0:0:0:0:
109,192,51673,1,0,0:0:0:0:
329,192,51673,1,0,0:0:0:0:
475,192,51673,1,0,0:0:0:0:
36,192,51673,1,0,0:0:0:0:
182,192,51760,1,0,0:0:0:0:
256,192,51847,1,0,0:0:0:0:
402,192,51847,1,0,0:0:0:0:
329,192,51935,1,0,0:0:0:0:
256,192,52022,1,0,0:0:0:0:
402,192,52022,1,0,0:0:0:0:
475,192,52022,1,0,0:0:0:0:
36,192,52022,1,0,0:0:0:0:
109,192,52109,1,0,0:0:0:0:
182,192,52196,1,0,0:0:0:0:
329,192,52196,1,0,0:0:0:0:
256,192,52283,1,0,0:0:0:0:
329,192,52371,1,0,0:0:0:0:
475,192,52371,1,0,0:0:0:0:
402,192,52371,1,0,0:0:0:0:
182,192,52371,1,0,0:0:0:0:
36,192,52458,1,0,0:0:0:0:
109,192,52545,1,0,0:0:0:0:
256,192,52545,1,0,0:0:0:0:
182,192,52632,1,0,0:0:0:0:
256,192,52719,1,0,0:0:0:0:
329,192,52719,1,0,0:0:0:0:
109,192,52719,1,0,0:0:0:0:
402,192,52719,1,0,0:0:0:0:
475,192,52807,1,0,0:0:0:0:
36,192,52894,1,0,0:0:0:0:
182,192,52894,1,0,0:0:0:0:
109,192,52981,1,0,0:0:0:0:
329,192,53068,1,0,0:0:0:0:
256,192,53068,1,0,0:0:0:0:
182,192,53068,1,0,0:0:0:0:
36,192,53068,1,0,0:0:0:0:
402,192,53155,1,0,0:0:0:0:
329,192,53243,1,0,0:0:0:0:
182,192,53243,1,0,0:0:0:0:
109,192,53330,1,0,0:0:0:0:
329,192,53417,1,0,0:0:0:0:
182,192,53417,1,0,0:0:0:0:
256,192,53417,1,0,0:0:0:0:
475,192,53417,1,0,0:0:0:0:
36,192,53504,1,0,0:0:0:0:
109,192,53504,1,0,0:0:0:0:
475,192,53592,1,0,0:0:0:0:
329,192,53592,1,0,0:0:0:0:
182,192,53679,1,0,0:0:0:0:
109,192,53679,1,0,0:0:0:0:
475,192,53766,1,0,0:0:0:0:
36,192,53766,1,0,0:0:0:0:
256,192,53766,1,0,0:0:0:0:
402,192,53853,1,0,0:0:0:0:
182,192,53853,1,0,0:0:0:0:
329,192,53940,1,0,0:0:0:0:
109,192,53940,1,0,0:0:0:0:
256,192,54028,1,0,0:0:0:0:
36,192,54028,1,0,0:0:0:0:
182,192,54115,1,0,0:0:0:0:
109,192,54115,1,0,0:0:0:0:
475,192,54115,128,0,54376:0:0:0:0:
329,192,54115,128,0,54376:0:0:0:0:
402,192,54115,128,0,54376:0:0:0:0:
109,192,54289,1,0,0:0:0:0:
182,192,54289,1,0,0:0:0:0:
256,192,54464,1,0,0:0:0:0:
182,192,54464,1,0,0:0:0:0:
36,192,54464,128,0,54725:0:0:0:0:
402,192,54464,128,0,54725:0:0:0:0:
475,192,54464,128,0,54725:0:0:0:0:
256,192,54638,1,0,0:0:0:0:
182,192,54638,1,0,0:0:0:0:
329,192,54812,1,0,0:0:0:0:
256,192,54812,1,0,0:0:0:0:
36,192,54812,128,0,55074:0:0:0:0:
109,192,54812,128,0,55074:0:0:0:0:
475,192,54812,128,0,55074:0:0:0:0:
329,192,54987,1,0,0:0:0:0:
256,192,54987,1,0,0:0:0:0:
402,192,55161,1,0,0:0:0:0:
329,192,55161,1,0,0:0:0:0:
182,192,55161,128,0,55423:0:0:0:0:
36,192,55161,128,0,55423:0:0:0:0:
109,192,55161,128,0,55423:0:0:0:0:
402,192,55336,1,0,0:0:0:0:
329,192,55336,1,0,0:0:0:0:
256,192,55510,1,0,0:0:0:0:
36,192,55510,1,0,0:0:0:0:
109,192,55510,1,0,0:0:0:0:
402,192,55510,128,0,55772:0:0:0:0:
475,192,55510,128,0,55772:0:0:0:0:
109,192,55685,1,0,0:0:0:0:
36,192,55685,1,0,0:0:0:0:
256,192,55859,1,0,0:0:0:0:
402,192,55859,1,0,0:0:0:0:
475,192,55859,1,0,0:0:0:0:
109,192,55859,128,0,56121:0:0:0:0:
36,192,55859,128,0,56121:0:0:0:0:
475,192,56033,1,0,0:0:0:0:
402,192,56033,1,0,0:0:0:0:
402,192,56208,1,0,0:0:0:0:
475,192,56208,1,0,0:0:0:0:
256,192,56208,1,0,0:0:0:0:
109,192,56208,1,0,0:0:0:0:
36,192,56208,1,0,0:0:0:0:
182,192,56295,1,0,0:0:0:0:
329,192,56295,1,0,0:0:0:0:
256,192,56382,1,0,0:0:0:0:
402,192,56382,1,0,0:0:0:0:
475,192,56469,1,0,0:0:0:0:
329,192,56469,1,0,0:0:0:0:
402,192,56557,1,0,0:0:0:0:
36,192,56557,1,0,0:0:0:0:
182,192,56557,1,0,0:0:0:0:
329,192,56644,1,0,0:0:0:0:
109,192,56644,1,0,0:0:0:0:
402,192,56731,1,0,0:0:0:0:
182,192,56731,1,0,0:0:0:0:
329,192,56818,1,0,0:0:0:0:
109,192,56818,1,0,0:0:0:0:
36,192,56905,1,0,0:0:0:0:
256,192,56905,1,0,0:0:0:0:
402,192,56905,1,0,0:0:0:0:
475,192,56905,1,0,0:0:0:0:
182,192,56993,1,0,0:0:0:0:
109,192,57080,1,0,0:0:0:0:
329,192,57080,1,0,0:0:0:0:
256,192,57167,1,0,0:0:0:0:
182,192,57254,1,0,0:0:0:0:
36,192,57254,1,0,0:0:0:0:
402,192,57254,1,0,0:0:0:0:
475,192,57254,1,0,0:0:0:0:
329,192,57342,1,0,0:0:0:0:
109,192,57429,1,0,0:0:0:0:
256,192,57429,1,0,0:0:0:0:
329,192,57516,1,0,0:0:0:0:
36,192,57603,1,0,0:0:0:0:
182,192,57603,1,0,0:0:0:0:
402,192,57603,1,0,0:0:0:0:
475,192,57603,1,0,0:0:0:0:
256,192,57690,1,0,0:0:0:0:
109,192,57778,1,0,0:0:0:0:
329,192,57778,1,0,0:0:0:0:
182,192,57865,1,0,0:0:0:0:
475,192,57952,1,0,0:0:0:0:
36,192,57952,1,0,0:0:0:0:
256,192,57952,1,0,0:0:0:0:
402,192,57952,1,0,0:0:0:0:
109,192,58039,1,0,0:0:0:0:
182,192,58126,1,0,0:0:0:0:
329,192,58126,1,0,0:0:0:0:
402,192,58214,1,0,0:0:0:0:
256,192,58301,1,0,0:0:0:0:
36,192,58301,1,0,0:0:0:0:
109,192,58301,1,0,0:0:0:0:
475,192,58301,1,0,0:0:0:0:
402,192,58388,1,0,0:0:0:0:
329,192,58475,1,0,0:0:0:0:
182,192,58475,1,0,0:0:0:0:
109,192,58562,1,0,0:0:0:0:
475,192,58650,1,0,0:0:0:0:
402,192,58650,1,0,0:0:0:0:
256,192,58650,1,0,0:0:0:0:
36,192,58650,1,0,0:0:0:0:
109,192,58737,1,0,0:0:0:0:
329,192,58824,1,0,0:0:0:0:
182,192,58824,1,0,0:0:0:0:
402,192,58911,1,0,0:0:0:0:
475,192,58999,1,0,0:0:0:0:
256,192,58999,1,0,0:0:0:0:
109,192,58999,1,0,0:0:0:0:
36,192,58999,1,0,0:0:0:0:
182,192,59086,1,0,0:0:0:0:
329,192,59086,1,0,0:0:0:0:
256,192,59173,1,0,0:0:0:0:
402,192,59173,1,0,0:0:0:0:
475,192,59260,1,0,0:0:0:0:
329,192,59260,1,0,0:0:0:0:
256,192,59347,1,0,0:0:0:0:
182,192,59347,1,0,0:0:0:0:
109,192,59347,1,0,0:0:0:0:
36,192,59347,1,0,0:0:0:0:
329,192,59435,1,0,0:0:0:0:
402,192,59435,1,0,0:0:0:0:
109,192,59522,1,0,0:0:0:0:
36,192,59522,1,0,0:0:0:0:
475,192,59522,1,0,0:0:0:0:
182,192,59522,1,0,0:0:0:0:
329,192,59609,1,0,0:0:0:0:
256,192,59609,1,0,0:0:0:0:
36,192,59696,128,0,59958:0:0:0:0:
475,192,59696,1,0,0:0:0:0:
402,192,59696,1,0,0:0:0:0:
109,192,59696,128,0,59958:0:0:0:0:
182,192,59696,128,0,59958:0:0:0:0:
475,192,59871,1,0,0:0:0:0:
402,192,59871,1,0,0:0:0:0:
402,192,60045,1,0,0:0:0:0:
109,192,60045,128,0,60307:0:0:0:0:
36,192,60045,128,0,60307:0:0:0:0:
329,192,60045,1,0,0:0:0:0:
182,192,60045,128,0,60307:0:0:0:0:
402,192,60219,1,0,0:0:0:0:
329,192,60219,1,0,0:0:0:0:
36,192,60394,1,0,0:0:0:0:
109,192,60394,1,0,0:0:0:0:
402,192,60394,128,0,60655:0:0:0:0:
475,192,60394,128,0,60655:0:0:0:0:
329,192,60394,128,0,60655:0:0:0:0:
109,192,60568,1,0,0:0:0:0:
36,192,60568,1,0,0:0:0:0:
182,192,60743,1,0,0:0:0:0:
109,192,60743,1,0,0:0:0:0:
329,192,60743,128,0,61004:0:0:0:0:
402,192,60743,128,0,61004:0:0:0:0:
475,192,60743,128,0,61004:0:0:0:0:
109,192,60917,1,0,0:0:0:0:
182,192,60917,1,0,0:0:0:0:
475,192,61092,1,0,0:0:0:0:
256,192,61092,1,0,0:0:0:0:
402,192,61092,1,0,0:0:0:0:
109,192,61092,128,0,61353:0:0:0:0:
36,192,61092,128,0,61353:0:0:0:0:
329,192,61266,1,0,0:0:0:0:
402,192,61266,1,0,0:0:0:0:
109,192,61440,1,0,0:0:0:0:
256,192,61440,1,0,0:0:0:0:
36,192,61440,1,0,0:0:0:0:
475,192,61440,128,0,61702:0:0:0:0:
402,192,61440,128,0,61702:0:0:0:0:
182,192,61615,1,0,0:0:0:0:
109,192,61615,1,0,0:0:0:0:
256,192,61789,1,0,0:0:0:0:
182,192,61789,1,0,0:0:0:0:
402,192,61789,1,0,0:0:0:0:
475,192,61789,1,0,0:0:0:0:
109,192,61876,1,0,0:0:0:0:
329,192,61876,1,0,0:0:0:0:
36,192,61876,1,0,0:0:0:0:
402,192,61964,1,0,0:0:0:0:
475,192,61964,1,0,0:0:0:0:
182,192,61964,1,0,0:0:0:0:
109,192,62051,1,0,0:0:0:0:
36,192,62051,1,0,0:0:0:0:
329,192,62051,1,0,0:0:0:0:
402,192,62138,1,0,0:0:0:0:
475,192,62138,1,0,0:0:0:0:
256,192,62138,1,0,0:0:0:0:
182,192,62138,1,0,0:0:0:0:
475,192,62312,1,0,0:0:0:0:
402,192,62312,1,0,0:0:0:0:
256,192,62312,1,0,0:0:0:0:
182,192,62312,1,0,0:0:0:0:
36,192,62400,1,0,0:0:0:0:
109,192,62400,1,0,0:0:0:0:
329,192,62400,1,0,0:0:0:0:
256,192,62487,1,0,0:0:0:0:
402,192,62487,1,0,0:0:0:0:
182,192,62487,1,0,0:0:0:0:
475,192,62487,1,0,0:0:0:0:
109,192,62574,1,0,0:0:0:0:
329,192,62661,1,0,0:0:0:0:
36,192,62661,1,0,0:0:0:0:
256,192,62749,1,0,0:0:0:0:
109,192,62836,1,0,0:0:0:0:
182,192,62836,1,0,0:0:0:0:
475,192,62836,1,0,0:0:0:0:
36,192,62836,1,0,0:0:0:0:
402,192,62923,1,0,0:0:0:0:
182,192,63010,1,0,0:0:0:0:
329,192,63010,1,0,0:0:0:0:
109,192,63097,1,0,0:0:0:0:
402,192,63185,1,0,0:0:0:0:
36,192,63185,1,0,0:0:0:0:
475,192,63185,1,0,0:0:0:0:
329,192,63185,1,0,0:0:0:0:
256,192,63272,1,0,0:0:0:0:
182,192,63359,1,0,0:0:0:0:
475,192,63359,1,0,0:0:0:0:
402,192,63446,1,0,0:0:0:0:
36,192,63533,1,0,0:0:0:0:
109,192,63533,1,0,0:0:0:0:
182,192,63533,1,0,0:0:0:0:
329,192,63533,1,0,0:0:0:0:
402,192,63621,1,0,0:0:0:0:
475,192,63708,1,0,0:0:0:0:
182,192,63708,1,0,0:0:0:0:
256,192,63795,1,0,0:0:0:0:
475,192,63882,1,0,0:0:0:0:
402,192,63882,1,0,0:0:0:0:
329,192,63882,1,0,0:0:0:0:
36,192,63882,1,0,0:0:0:0:
109,192,63969,1,0,0:0:0:0:
182,192,64057,1,0,0:0:0:0:
329,192,64057,1,0,0:0:0:0:
402,192,64144,1,0,0:0:0:0:
182,192,64231,1,0,0:0:0:0:
109,192,64231,1,0,0:0:0:0:
36,192,64231,1,0,0:0:0:0:
475,192,64231,1,0,0:0:0:0:
256,192,64318,1,0,0:0:0:0:
36,192,64405,1,0,0:0:0:0:
329,192,64405,1,0,0:0:0:0:
109,192,64493,1,0,0:0:0:0:
475,192,64580,1,0,0:0:0:0:
182,192,64580,1,0,0:0:0:0:
402,192,64580,1,0,0:0:0:0:
256,192,64580,1,0,0:0:0:0:
36,192,64667,1,0,0:0:0:0:
109,192,64667,1,0,0:0:0:0:
329,192,64667,1,0,0:0:0:0:
182,192,64842,1,0,0:0:0:0:
402,192,64842,1,0,0:0:0:0:
256,192,64842,1,0,0:0:0:0:
475,192,64842,1,0,0:0:0:0:
329,192,64929,1,0,0:0:0:0:
109,192,64929,1,0,0:0:0:0:
36,192,64929,1,0,0:0:0:0:
402,192,65016,1,0,0:0:0:0:
182,192,65016,1,0,0:0:0:0:
36,192,65103,1,0,0:0:0:0:
475,192,65103,1,0,0:0:0:0:
256,192,65103,1,0,0:0:0:0:
182,192,65190,1,0,0:0:0:0:
329,192,65190,1,0,0:0:0:0:
36,192,65278,1,0,0:0:0:0:
109,192,65278,1,0,0:0:0:0:
402,192,65278,1,0,0:0:0:0:
475,192,65278,1,0,0:0:0:0:
256,192,65365,1,0,0:0:0:0:
109,192,65452,1,0,0:0:0:0:
402,192,65452,1,0,0:0:0:0:
475,192,65452,1,0,0:0:0:0:
36,192,65452,1,0,0:0:0:0:
256,192,65539,1,0,0:0:0:0:
475,192,65626,1,0,0:0:0:0:
182,192,65626,1,0,0:0:0:0:
402,192,65626,1,0,0:0:0:0:
36,192,65626,1,0,0:0:0:0:
329,192,65714,1,0,0:0:0:0:
402,192,65801,1,0,0:0:0:0:
182,192,65801,1,0,0:0:0:0:
36,192,65801,1,0,0:0:0:0:
475,192,65801,1,0,0:0:0:0:
256,192,65888,1,0,0:0:0:0:
109,192,65975,1,0,0:0:0:0:
475,192,65975,1,0,0:0:0:0:
36,192,65975,1,0,0:0:0:0:
402,192,65975,1,0,0:0:0:0:
256,192,66062,1,0,0:0:0:0:
329,192,66150,1,0,0:0:0:0:
475,192,66150,1,0,0:0:0:0:
36,192,66150,1,0,0:0:0:0:
109,192,66150,1,0,0:0:0:0:
182,192,66237,1,0,0:0:0:0:
475,192,66324,1,0,0:0:0:0:
329,192,66324,1,0,0:0:0:0:
109,192,66324,1,0,0:0:0:0:
36,192,66324,1,0,0:0:0:0:
256,192,66411,1,0,0:0:0:0:
402,192,66499,1,0,0:0:0:0:
475,192,66499,1,0,0:0:0:0:
109,192,66499,1,0,0:0:0:0:
36,192,66499,1,0,0:0:0:0:
256,192,66586,1,0,0:0:0:0:
402,192,66673,1,0,0:0:0:0:
36,192,66673,1,0,0:0:0:0:
182,192,66673,1,0,0:0:0:0:
475,192,66673,1,0,0:0:0:0:
329,192,66760,1,0,0:0:0:0:
402,192,66847,1,0,0:0:0:0:
475,192,66847,1,0,0:0:0:0:
36,192,66847,1,0,0:0:0:0:
182,192,66847,1,0,0:0:0:0:
256,192,66935,1,0,0:0:0:0:
475,192,67022,1,0,0:0:0:0:
109,192,67022,1,0,0:0:0:0:
36,192,67022,1,0,0:0:0:0:
402,192,67022,1,0,0:0:0:0:
256,192,67109,1,0,0:0:0:0:
475,192,67196,1,0,0:0:0:0:
402,192,67196,1,0,0:0:0:0:
109,192,67196,1,0,0:0:0:0:
36,192,67196,1,0,0:0:0:0:
329,192,67283,1,0,0:0:0:0:
182,192,67283,1,0,0:0:0:0:
36,192,67371,1,0,0:0:0:0:
256,192,67371,1,0,0:0:0:0:
475,192,67371,1,0,0:0:0:0:
109,192,67458,1,0,0:0:0:0:
402,192,67458,1,0,0:0:0:0:
182,192,67545,1,0,0:0:0:0:
329,192,67545,1,0,0:0:0:0:
256,192,67632,1,0,0:0:0:0:
329,192,67719,1,0,0:0:0:0:
182,192,67719,1,0,0:0:0:0:
36,192,67719,1,0,0:0:0:0:
402,192,67719,1,0,0:0:0:0:
109,192,67719,1,0,0:0:0:0:
475,192,67719,1,0,0:0:0:0:
182,192,67894,128,0,68068:0:0:0:0:
329,192,67894,128,0,68068:0:0:0:0:
109,192,68068,1,0,0:0:0:0:
36,192,68068,1,0,0:0:0:0:
402,192,68068,1,0,0:0:0:0:
256,192,68068,1,0,0:0:0:0:
475,192,68068,1,0,0:0:0:0:
182,192,68425,1,0,0:0:0:0:
329,192,68425,1,0,0:0:0:0:
182,192,68782,1,0,0:0:0:0:
329,192,68782,1,0,0:0:0:0:
182,192,69139,128,0,69318:0:0:0:0:
329,192,69139,128,0,69318:0:0:0:0:
475,192,69318,1,0,0:0:0:0:
36,192,69318,1,0,0:0:0:0:
329,192,69496,128,0,69672:0:0:0:0:
182,192,69496,128,0,69672:0:0:0:0:
475,192,69672,1,0,0:0:0:0:
36,192,69672,1,0,0:0:0:0:
402,192,69848,1,0,0:0:0:0:
109,192,69848,1,0,0:0:0:0:
329,192,70025,1,0,0:0:0:0:
182,192,70025,1,0,0:0:0:0:
475,192,70201,128,0,70907:0:0:0:0:
36,192,70201,128,0,70907:0:0:0:0:
402,192,70907,128,0,71779:0:0:0:0:
109,192,70907,128,0,71779:0:0:0:0:
329,192,71255,128,0,71430:0:0:0:0:
182,192,71255,128,0,71430:0:0:0:0:
182,192,71604,128,0,71779:0:0:0:0:
329,192,71604,128,0,71779:0:0:0:0:
256,192,71866,1,0,0:0:0:0:
109,192,71953,1,0,0:0:0:0:
402,192,71953,1,0,0:0:0:0:
329,192,72127,1,0,0:0:0:0:
182,192,72127,1,0,0:0:0:0:
109,192,72302,1,0,0:0:0:0:
402,192,72302,1,0,0:0:0:0:
475,192,72474,1,0,0:0:0:0:
36,192,72474,1,0,0:0:0:0:
402,192,72531,1,0,0:0:0:0:
109,192,72531,1,0,0:0:0:0:
329,192,72589,1,0,0:0:0:0:
182,192,72589,1,0,0:0:0:0:
256,192,72646,1,0,0:0:0:0:
329,192,72819,1,0,0:0:0:0:
182,192,72819,1,0,0:0:0:0:
109,192,72991,128,0,73681:0:0:0:0:
402,192,72991,128,0,73681:0:0:0:0:
256,192,73681,1,0,0:0:0:0:
182,192,73681,1,0,0:0:0:0:
36,192,73681,128,0,74204:0:0:0:0:
475,192,73681,128,0,74204:0:0:0:0:
329,192,73681,1,0,0:0:0:0:
109,192,74029,128,0,74204:0:0:0:0:
256,192,74029,128,0,74204:0:0:0:0:
36,192,74378,128,0,74901:0:0:0:0:
256,192,74378,1,0,0:0:0:0:
402,192,74378,1,0,0:0:0:0:
109,192,74378,1,0,0:0:0:0:
475,192,74378,128,0,74901:0:0:0:0:
256,192,74727,128,0,74901:0:0:0:0:
402,192,74727,128,0,74901:0:0:0:0:
36,192,75076,128,0,75599:0:0:0:0:
402,192,75076,1,0,0:0:0:0:
109,192,75076,1,0,0:0:0:0:
256,192,75076,1,0,0:0:0:0:
475,192,75076,128,0,75599:0:0:0:0:
109,192,75425,1,0,0:0:0:0:
402,192,75425,1,0,0:0:0:0:
329,192,75599,1,0,0:0:0:0:
182,192,75599,1,0,0:0:0:0:
36,192,75774,128,0,76297:0:0:0:0:
256,192,75774,1,0,0:0:0:0:
402,192,75774,1,0,0:0:0:0:
109,192,75774,1,0,0:0:0:0:
475,192,75774,128,0,76297:0:0:0:0:
329,192,76122,128,0,76297:0:0:0:0:
182,192,76122,128,0,76297:0:0:0:0:
36,192,76471,128,0,76994:0:0:0:0:
329,192,76471,1,0,0:0:0:0:
256,192,76471,1,0,0:0:0:0:
182,192,76471,1,0,0:0:0:0:
475,192,76471,128,0,76994:0:0:0:0:
109,192,76558,1,0,0:0:0:0:
402,192,76646,1,0,0:0:0:0:
109,192,76733,1,0,0:0:0:0:
402,192,76820,1,0,0:0:0:0:
182,192,76907,1,0,0:0:0:0:
329,192,76994,1,0,0:0:0:0:
182,192,77082,1,0,0:0:0:0:
109,192,77169,1,0,0:0:0:0:
475,192,77169,1,0,0:0:0:0:
36,192,77169,1,0,0:0:0:0:
256,192,77169,1,0,0:0:0:0:
402,192,77169,1,0,0:0:0:0:
329,192,77256,1,0,0:0:0:0:
182,192,77343,1,0,0:0:0:0:
109,192,77343,1,0,0:0:0:0:
475,192,77343,1,0,0:0:0:0:
329,192,77431,1,0,0:0:0:0:
256,192,77518,1,0,0:0:0:0:
109,192,77518,1,0,0:0:0:0:
402,192,77518,1,0,0:0:0:0:
182,192,77605,1,0,0:0:0:0:
329,192,77692,1,0,0:0:0:0:
402,192,77692,1,0,0:0:0:0:
36,192,77692,1,0,0:0:0:0:
182,192,77779,1,0,0:0:0:0:
109,192,77867,128,0,78128:0:0:0:0:
256,192,77867,128,0,78390:0:0:0:0:
36,192,77867,128,0,78128:0:0:0:0:
402,192,77867,1,0,0:0:0:0:
475,192,77867,1,0,0:0:0:0:
329,192,77954,1,0,0:0:0:0:
475,192,78041,1,0,0:0:0:0:
329,192,78128,1,0,0:0:0:0:
36,192,78215,1,0,0:0:0:0:
109,192,78215,1,0,0:0:0:0:
402,192,78215,1,0,0:0:0:0:
475,192,78215,1,0,0:0:0:0:
329,192,78390,1,0,0:0:0:0:
109,192,78390,1,0,0:0:0:0:
402,192,78477,1,0,0:0:0:0:
182,192,78477,1,0,0:0:0:0:
36,192,78564,1,0,0:0:0:0:
109,192,78564,1,0,0:0:0:0:
256,192,78564,1,0,0:0:0:0:
475,192,78564,128,0,79278:0:0:0:0:
36,192,78742,1,0,0:0:0:0:
256,192,78742,1,0,0:0:0:0:
109,192,78742,1,0,0:0:0:0:
402,192,78831,1,0,0:0:0:0:
329,192,78831,1,0,0:0:0:0:
182,192,78921,1,0,0:0:0:0:
109,192,78921,1,0,0:0:0:0:
36,192,78921,1,0,0:0:0:0:
256,192,79010,1,0,0:0:0:0:
329,192,79010,1,0,0:0:0:0:
109,192,79099,1,0,0:0:0:0:
402,192,79099,1,0,0:0:0:0:
36,192,79099,1,0,0:0:0:0:
182,192,79189,1,0,0:0:0:0:
256,192,79189,1,0,0:0:0:0:
329,192,79278,1,0,0:0:0:0:
402,192,79278,1,0,0:0:0:0:
109,192,79278,1,0,0:0:0:0:
36,192,79278,1,0,0:0:0:0:
182,192,79365,1,0,0:0:0:0:
256,192,79452,1,0,0:0:0:0:
329,192,79452,1,0,0:0:0:0:
256,192,79626,1,0,0:0:0:0:
475,192,79626,1,0,0:0:0:0:
36,192,79626,128,0,79801:0:0:0:0:
109,192,79626,128,0,79801:0:0:0:0:
329,192,79714,1,0,0:0:0:0:
182,192,79801,1,0,0:0:0:0:
402,192,79801,1,0,0:0:0:0:
36,192,79975,1,0,0:0:0:0:
329,192,79975,1,0,0:0:0:0:
475,192,79975,1,0,0:0:0:0:
109,192,80062,1,0,0:0:0:0:
329,192,80150,1,0,0:0:0:0:
182,192,80150,1,0,0:0:0:0:
36,192,80324,1,0,0:0:0:0:
182,192,80324,1,0,0:0:0:0:
402,192,80324,128,0,80498:0:0:0:0:
475,192,80324,128,0,80498:0:0:0:0:
256,192,80411,1,0,0:0:0:0:
109,192,80498,1,0,0:0:0:0:
329,192,80498,1,0,0:0:0:0:
475,192,80673,1,0,0:0:0:0:
182,192,80673,1,0,0:0:0:0:
36,192,80673,1,0,0:0:0:0:
329,192,80760,1,0,0:0:0:0:
475,192,80847,1,0,0:0:0:0:
182,192,80847,1,0,0:0:0:0:
329,192,81022,1,0,0:0:0:0:
402,192,81022,1,0,0:0:0:0:
109,192,81022,128,0,81196:0:0:0:0:
36,192,81022,128,0,81196:0:0:0:0:
256,192,81109,1,0,0:0:0:0:
475,192,81196,1,0,0:0:0:0:
182,192,81196,1,0,0:0:0:0:
402,192,81196,1,0,0:0:0:0:
256,192,81371,1,0,0:0:0:0:
475,192,81371,1,0,0:0:0:0:
36,192,81371,1,0,0:0:0:0:
109,192,81371,1,0,0:0:0:0:
182,192,81458,1,0,0:0:0:0:
329,192,81458,1,0,0:0:0:0:
256,192,81545,1,0,0:0:0:0:
402,192,81545,1,0,0:0:0:0:
329,192,81632,1,0,0:0:0:0:
475,192,81632,1,0,0:0:0:0:
109,192,81632,1,0,0:0:0:0:
402,192,81719,1,0,0:0:0:0:
36,192,81719,1,0,0:0:0:0:
182,192,81719,1,0,0:0:0:0:
109,192,81807,1,0,0:0:0:0:
256,192,81807,1,0,0:0:0:0:
329,192,81894,1,0,0:0:0:0:
475,192,81894,1,0,0:0:0:0:
182,192,81894,1,0,0:0:0:0:
402,192,81981,1,0,0:0:0:0:
256,192,81981,1,0,0:0:0:0:
475,192,82068,1,0,0:0:0:0:
329,192,82068,1,0,0:0:0:0:
36,192,82068,1,0,0:0:0:0:
182,192,82155,1,0,0:0:0:0:
36,192,82243,1,0,0:0:0:0:
329,192,82243,1,0,0:0:0:0:
402,192,82417,1,0,0:0:0:0:
182,192,82417,1,0,0:0:0:0:
109,192,82417,128,0,82591:0:0:0:0:
36,192,82417,128,0,82591:0:0:0:0:
329,192,82504,1,0,0:0:0:0:
475,192,82591,1,0,0:0:0:0:
256,192,82591,1,0,0:0:0:0:
402,192,82766,1,0,0:0:0:0:
182,192,82766,1,0,0:0:0:0:
36,192,82766,1,0,0:0:0:0:
329,192,82853,1,0,0:0:0:0:
402,192,82940,1,0,0:0:0:0:
182,192,82940,1,0,0:0:0:0:
36,192,83115,1,0,0:0:0:0:
256,192,83115,1,0,0:0:0:0:
475,192,83115,128,0,83289:0:0:0:0:
402,192,83115,128,0,83289:0:0:0:0:
182,192,83202,1,0,0:0:0:0:
329,192,83289,1,0,0:0:0:0:
109,192,83289,1,0,0:0:0:0:
182,192,83464,1,0,0:0:0:0:
36,192,83464,1,0,0:0:0:0:
329,192,83464,1,0,0:0:0:0:
402,192,83551,1,0,0:0:0:0:
475,192,83638,1,0,0:0:0:0:
36,192,83638,1,0,0:0:0:0:
402,192,83696,1,0,0:0:0:0:
109,192,83696,1,0,0:0:0:0:
329,192,83754,1,0,0:0:0:0:
182,192,83754,1,0,0:0:0:0:
36,192,83812,1,0,0:0:0:0:
256,192,83812,1,0,0:0:0:0:
475,192,83812,1,0,0:0:0:0:
109,192,83987,1,0,0:0:0:0:
256,192,83987,1,0,0:0:0:0:
402,192,83987,1,0,0:0:0:0:
36,192,84161,1,0,0:0:0:0:
182,192,84161,1,0,0:0:0:0:
329,192,84161,1,0,0:0:0:0:
475,192,84161,1,0,0:0:0:0:
256,192,84248,1,0,0:0:0:0:
109,192,84248,1,0,0:0:0:0:
182,192,84336,1,0,0:0:0:0:
329,192,84336,1,0,0:0:0:0:
475,192,84423,1,0,0:0:0:0:
256,192,84423,1,0,0:0:0:0:
402,192,84423,1,0,0:0:0:0:
329,192,84510,1,0,0:0:0:0:
36,192,84510,1,0,0:0:0:0:
109,192,84510,1,0,0:0:0:0:
182,192,84597,1,0,0:0:0:0:
402,192,84597,1,0,0:0:0:0:
475,192,84684,1,0,0:0:0:0:
256,192,84684,1,0,0:0:0:0:
36,192,84684,1,0,0:0:0:0:
109,192,84772,1,0,0:0:0:0:
329,192,84772,1,0,0:0:0:0:
475,192,84859,1,0,0:0:0:0:
402,192,84859,1,0,0:0:0:0:
36,192,84859,1,0,0:0:0:0:
182,192,84859,1,0,0:0:0:0:
329,192,84946,1,0,0:0:0:0:
256,192,85033,1,0,0:0:0:0:
109,192,85033,1,0,0:0:0:0:
329,192,85208,1,0,0:0:0:0:
182,192,85208,1,0,0:0:0:0:
402,192,85208,128,0,85382:0:0:0:0:
475,192,85208,128,0,85382:0:0:0:0:
109,192,85295,1,0,0:0:0:0:
36,192,85382,1,0,0:0:0:0:
256,192,85382,1,0,0:0:0:0:
182,192,85557,1,0,0:0:0:0:
475,192,85557,1,0,0:0:0:0:
36,192,85557,1,0,0:0:0:0:
329,192,85644,1,0,0:0:0:0:
402,192,85731,1,0,0:0:0:0:
182,192,85731,1,0,0:0:0:0:
256,192,85905,1,0,0:0:0:0:
402,192,85905,1,0,0:0:0:0:
109,192,85905,128,0,86080:0:0:0:0:
36,192,85905,128,0,86080:0:0:0:0:
475,192,85993,1,0,0:0:0:0:
182,192,86080,1,0,0:0:0:0:
329,192,86080,1,0,0:0:0:0:
475,192,86254,1,0,0:0:0:0:
36,192,86254,1,0,0:0:0:0:
256,192,86254,1,0,0:0:0:0:
109,192,86341,1,0,0:0:0:0:
182,192,86429,1,0,0:0:0:0:
329,192,86429,1,0,0:0:0:0:
256,192,86603,1,0,0:0:0:0:
36,192,86603,1,0,0:0:0:0:
402,192,86603,128,0,86778:0:0:0:0:
475,192,86603,128,0,86778:0:0:0:0:
182,192,86690,1,0,0:0:0:0:
36,192,86778,1,0,0:0:0:0:
109,192,86778,1,0,0:0:0:0:
329,192,86778,1,0,0:0:0:0:
182,192,86952,1,0,0:0:0:0:
402,192,86952,1,0,0:0:0:0:
475,192,86952,1,0,0:0:0:0:
36,192,86952,1,0,0:0:0:0:
256,192,87039,1,0,0:0:0:0:
475,192,87126,1,0,0:0:0:0:
329,192,87126,1,0,0:0:0:0:
182,192,87214,1,0,0:0:0:0:
36,192,87214,1,0,0:0:0:0:
36,192,87301,1,0,0:0:0:0:
182,192,87301,1,0,0:0:0:0:
329,192,87301,1,0,0:0:0:0:
475,192,87301,1,0,0:0:0:0:
402,192,87475,1,0,0:0:0:0:
256,192,87475,1,0,0:0:0:0:
475,192,87475,1,0,0:0:0:0:
109,192,87475,1,0,0:0:0:0:
182,192,87650,1,0,0:0:0:0:
329,192,87650,1,0,0:0:0:0:
475,192,87650,1,0,0:0:0:0:
36,192,87650,1,0,0:0:0:0:
256,192,87737,1,0,0:0:0:0:
109,192,87824,1,0,0:0:0:0:
402,192,87824,1,0,0:0:0:0:
182,192,87998,1,0,0:0:0:0:
329,192,87998,1,0,0:0:0:0:
475,192,87998,1,0,0:0:0:0:
36,192,87998,1,0,0:0:0:0:
109,192,88086,1,0,0:0:0:0:
256,192,88086,1,0,0:0:0:0:
329,192,88173,1,0,0:0:0:0:
182,192,88173,1,0,0:0:0:0:
256,192,88260,1,0,0:0:0:0:
402,192,88260,1,0,0:0:0:0:
329,192,88347,1,0,0:0:0:0:
475,192,88347,1,0,0:0:0:0:
109,192,88347,128,0,88434:0:0:0:0:
36,192,88347,128,0,88434:0:0:0:0:
109,192,88522,128,0,88609:0:0:0:0:
182,192,88522,128,0,88609:0:0:0:0:
329,192,88522,1,0,0:0:0:0:
402,192,88522,1,0,0:0:0:0:
36,192,88696,1,0,0:0:0:0:
402,192,88696,128,0,88783:0:0:0:0:
475,192,88696,128,0,88783:0:0:0:0:
182,192,88696,1,0,0:0:0:0:
402,192,88871,128,0,88958:0:0:0:0:
329,192,88871,128,0,88958:0:0:0:0:
182,192,88871,1,0,0:0:0:0:
109,192,88871,1,0,0:0:0:0:
329,192,89045,1,0,0:0:0:0:
475,192,89045,1,0,0:0:0:0:
36,192,89045,1,0,0:0:0:0:
182,192,89045,1,0,0:0:0:0:
402,192,89132,1,0,0:0:0:0:
256,192,89219,1,0,0:0:0:0:
109,192,89219,1,0,0:0:0:0:
475,192,89307,1,0,0:0:0:0:
329,192,89307,1,0,0:0:0:0:
329,192,89394,1,0,0:0:0:0:
475,192,89394,1,0,0:0:0:0:
182,192,89394,1,0,0:0:0:0:
36,192,89394,1,0,0:0:0:0:
109,192,89568,1,0,0:0:0:0:
256,192,89568,1,0,0:0:0:0:
36,192,89568,1,0,0:0:0:0:
182,192,89655,1,0,0:0:0:0:
329,192,89655,1,0,0:0:0:0:
402,192,89743,1,0,0:0:0:0:
256,192,89743,1,0,0:0:0:0:
36,192,89743,128,0,90353:0:0:0:0:
475,192,89743,1,0,0:0:0:0:
182,192,89917,1,0,0:0:0:0:
329,192,89917,1,0,0:0:0:0:
475,192,89917,1,0,0:0:0:0:
475,192,90091,1,0,0:0:0:0:
109,192,90091,1,0,0:0:0:0:
256,192,90091,1,0,0:0:0:0:
402,192,90179,1,0,0:0:0:0:
329,192,90179,1,0,0:0:0:0:
475,192,90266,1,0,0:0:0:0:
109,192,90266,1,0,0:0:0:0:
182,192,90266,1,0,0:0:0:0:
329,192,90353,1,0,0:0:0:0:
256,192,90353,1,0,0:0:0:0:
109,192,90440,1,0,0:0:0:0:
475,192,90440,1,0,0:0:0:0:
402,192,90440,1,0,0:0:0:0:
36,192,90440,1,0,0:0:0:0:
256,192,90528,1,0,0:0:0:0:
109,192,90615,1,0,0:0:0:0:
402,192,90615,1,0,0:0:0:0:
329,192,90789,1,0,0:0:0:0:
475,192,90789,1,0,0:0:0:0:
109,192,90789,128,0,90964:0:0:0:0:
36,192,90789,128,0,90964:0:0:0:0:
182,192,90876,1,0,0:0:0:0:
475,192,90964,1,0,0:0:0:0:
329,192,90964,1,0,0:0:0:0:
36,192,91138,1,0,0:0:0:0:
182,192,91138,1,0,0:0:0:0:
402,192,91138,1,0,0:0:0:0:
329,192,91225,1,0,0:0:0:0:
402,192,91312,1,0,0:0:0:0:
182,192,91312,1,0,0:0:0:0:
36,192,91487,1,0,0:0:0:0:
256,192,91487,1,0,0:0:0:0:
475,192,91487,128,0,91661:0:0:0:0:
402,192,91487,128,0,91661:0:0:0:0:
109,192,91574,1,0,0:0:0:0:
182,192,91661,1,0,0:0:0:0:
329,192,91661,1,0,0:0:0:0:
109,192,91836,1,0,0:0:0:0:
36,192,91836,1,0,0:0:0:0:
402,192,91836,1,0,0:0:0:0:
475,192,91836,1,0,0:0:0:0:
182,192,91923,1,0,0:0:0:0:
256,192,91923,1,0,0:0:0:0:
329,192,91923,1,0,0:0:0:0:
36,192,92097,1,0,0:0:0:0:
109,192,92097,1,0,0:0:0:0:
402,192,92097,1,0,0:0:0:0:
475,192,92097,1,0,0:0:0:0:
329,192,92184,1,0,0:0:0:0:
182,192,92184,1,0,0:0:0:0:
256,192,92184,1,0,0:0:0:0:
36,192,92359,1,0,0:0:0:0:
109,192,92359,1,0,0:0:0:0:
402,192,92359,1,0,0:0:0:0:
475,192,92359,1,0,0:0:0:0:
182,192,92446,1,0,0:0:0:0:
329,192,92446,1,0,0:0:0:0:
256,192,92446,1,0,0:0:0:0:
109,192,92621,1,0,0:0:0:0:
36,192,92621,1,0,0:0:0:0:
402,192,92621,1,0,0:0:0:0:
475,192,92621,1,0,0:0:0:0:
182,192,92708,1,0,0:0:0:0:
329,192,92708,1,0,0:0:0:0:
256,192,92708,1,0,0:0:0:0:
109,192,92795,1,0,0:0:0:0:
329,192,92882,1,0,0:0:0:0:
402,192,92882,1,0,0:0:0:0:
36,192,92882,1,0,0:0:0:0:
475,192,92882,1,0,0:0:0:0:
256,192,92969,1,0,0:0:0:0:
36,192,93057,1,0,0:0:0:0:
182,192,93057,1,0,0:0:0:0:
109,192,93057,1,0,0:0:0:0:
475,192,93057,1,0,0:0:0:0:
402,192,93144,1,0,0:0:0:0:
182,192,93231,1,0,0:0:0:0:
329,192,93231,1,0,0:0:0:0:
109,192,93231,1,0,0:0:0:0:
36,192,93231,1,0,0:0:0:0:
256,192,93231,1,0,0:0:0:0:
475,192,93318,1,0,0:0:0:0:
329,192,93405,1,0,0:0:0:0:
182,192,93405,1,0,0:0:0:0:
256,192,93580,1,0,0:0:0:0:
36,192,93580,1,0,0:0:0:0:
402,192,93580,128,0,93754:0:0:0:0:
475,192,93580,128,0,93754:0:0:0:0:
182,192,93667,1,0,0:0:0:0:
109,192,93754,1,0,0:0:0:0:
329,192,93754,1,0,0:0:0:0:
182,192,93929,1,0,0:0:0:0:
402,192,93929,1,0,0:0:0:0:
475,192,93929,1,0,0:0:0:0:
36,192,94016,1,0,0:0:0:0:
475,192,94103,1,0,0:0:0:0:
402,192,94103,1,0,0:0:0:0:
182,192,94103,1,0,0:0:0:0:
402,192,94190,1,0,0:0:0:0:
475,192,94190,1,0,0:0:0:0:
109,192,94278,1,0,0:0:0:0:
329,192,94278,1,0,0:0:0:0:
36,192,94278,1,0,0:0:0:0:
256,192,94278,1,0,0:0:0:0:
402,192,94365,1,0,0:0:0:0:
475,192,94452,1,0,0:0:0:0:
109,192,94452,1,0,0:0:0:0:
182,192,94452,1,0,0:0:0:0:
402,192,94626,1,0,0:0:0:0:
256,192,94626,1,0,0:0:0:0:
475,192,94626,1,0,0:0:0:0:
182,192,94626,1,0,0:0:0:0:
109,192,94714,1,0,0:0:0:0:
329,192,94714,1,0,0:0:0:0:
36,192,94714,1,0,0:0:0:0:
402,192,94888,1,0,0:0:0:0:
182,192,94888,1,0,0:0:0:0:
475,192,94888,1,0,0:0:0:0:
256,192,94888,1,0,0:0:0:0:
109,192,94975,1,0,0:0:0:0:
36,192,94975,1,0,0:0:0:0:
329,192,94975,1,0,0:0:0:0:
182,192,95150,1,0,0:0:0:0:
475,192,95150,1,0,0:0:0:0:
402,192,95150,1,0,0:0:0:0:
256,192,95150,1,0,0:0:0:0:
329,192,95237,1,0,0:0:0:0:
36,192,95237,1,0,0:0:0:0:
109,192,95237,1,0,0:0:0:0:
182,192,95411,1,0,0:0:0:0:
256,192,95411,1,0,0:0:0:0:
402,192,95411,1,0,0:0:0:0:
475,192,95411,1,0,0:0:0:0:
36,192,95498,1,0,0:0:0:0:
329,192,95498,1,0,0:0:0:0:
109,192,95498,1,0,0:0:0:0:
402,192,95586,1,0,0:0:0:0:
36,192,95673,1,0,0:0:0:0:
182,192,95673,1,0,0:0:0:0:
109,192,95673,1,0,0:0:0:0:
475,192,95673,1,0,0:0:0:0:
256,192,95760,1,0,0:0:0:0:
329,192,95847,1,0,0:0:0:0:
475,192,95847,1,0,0:0:0:0:
36,192,95847,1,0,0:0:0:0:
402,192,95847,1,0,0:0:0:0:
109,192,95934,1,0,0:0:0:0:
475,192,96022,1,0,0:0:0:0:
329,192,96022,1,0,0:0:0:0:
256,192,96022,1,0,0:0:0:0:
182,192,96022,1,0,0:0:0:0:
402,192,96022,1,0,0:0:0:0:
36,192,96109,1,0,0:0:0:0:
182,192,96196,1,0,0:0:0:0:
329,192,96196,1,0,0:0:0:0:
256,192,96371,1,0,0:0:0:0:
475,192,96371,1,0,0:0:0:0:
109,192,96371,128,0,96545:0:0:0:0:
36,192,96371,128,0,96545:0:0:0:0:
329,192,96458,1,0,0:0:0:0:
402,192,96545,1,0,0:0:0:0:
182,192,96545,1,0,0:0:0:0:
256,192,96719,1,0,0:0:0:0:
109,192,96719,1,0,0:0:0:0:
475,192,96719,1,0,0:0:0:0:
402,192,96807,1,0,0:0:0:0:
329,192,96894,1,0,0:0:0:0:
109,192,96894,1,0,0:0:0:0:
36,192,97068,1,0,0:0:0:0:
182,192,97068,1,0,0:0:0:0:
402,192,97068,128,0,97243:0:0:0:0:
475,192,97068,128,0,97243:0:0:0:0:
329,192,97155,1,0,0:0:0:0:
109,192,97243,1,0,0:0:0:0:
256,192,97243,1,0,0:0:0:0:
182,192,97417,1,0,0:0:0:0:
36,192,97417,1,0,0:0:0:0:
475,192,97417,1,0,0:0:0:0:
329,192,97417,1,0,0:0:0:0:
402,192,97504,1,0,0:0:0:0:
182,192,97591,1,0,0:0:0:0:
329,192,97591,1,0,0:0:0:0:
256,192,97766,1,0,0:0:0:0:
475,192,97766,1,0,0:0:0:0:
109,192,97766,128,0,97940:0:0:0:0:
36,192,97766,128,0,97940:0:0:0:0:
402,192,97853,1,0,0:0:0:0:
182,192,97940,1,0,0:0:0:0:
329,192,97940,1,0,0:0:0:0:
475,192,97940,1,0,0:0:0:0:
182,192,98115,1,0,0:0:0:0:
402,192,98115,1,0,0:0:0:0:
475,192,98115,1,0,0:0:0:0:
36,192,98115,1,0,0:0:0:0:
329,192,98202,1,0,0:0:0:0:
256,192,98289,1,0,0:0:0:0:
109,192,98289,1,0,0:0:0:0:
329,192,98376,1,0,0:0:0:0:
475,192,98376,1,0,0:0:0:0:
182,192,98376,1,0,0:0:0:0:
109,192,98464,1,0,0:0:0:0:
402,192,98464,1,0,0:0:0:0:
36,192,98464,1,0,0:0:0:0:
256,192,98464,1,0,0:0:0:0:
36,192,98638,1,0,0:0:0:0:
402,192,98638,1,0,0:0:0:0:
109,192,98638,1,0,0:0:0:0:
256,192,98638,1,0,0:0:0:0:
182,192,98812,1,0,0:0:0:0:
109,192,98812,1,0,0:0:0:0:
36,192,98812,1,0,0:0:0:0:
475,192,98812,1,0,0:0:0:0:
329,192,98812,1,0,0:0:0:0:
329,192,98987,1,0,0:0:0:0:
475,192,98987,1,0,0:0:0:0:
182,192,98987,1,0,0:0:0:0:
36,192,98987,1,0,0:0:0:0:
402,192,98987,1,0,0:0:0:0:
36,192,99510,128,0,101516:0:0:0:0:
475,192,99510,1,0,0:0:0:0:
182,192,99510,128,0,99597:0:0:0:0:
256,192,99684,128,0,99772:0:0:0:0:
329,192,99859,128,0,99946:0:0:0:0:
402,192,100033,128,0,100121:0:0:0:0:
475,192,100208,128,0,101516:0:0:0:0:
182,192,100208,128,0,100557:0:0:0:0:
329,192,100557,128,0,100644:0:0:0:0:
256,192,100731,128,0,100818:0:0:0:0:
182,192,100905,128,0,101516:0:0:0:0:
402,192,101254,128,0,101516:0:0:0:0:
36,192,101603,1,0,0:0:0:0:
182,192,101603,1,0,0:0:0:0:
402,192,101603,1,0,0:0:0:0:
475,192,101603,1,0,0:0:0:0:
256,192,101690,1,0,0:0:0:0:
329,192,101690,1,0,0:0:0:0:
109,192,101778,1,0,0:0:0:0:
402,192,101778,1,0,0:0:0:0:
475,192,101778,1,0,0:0:0:0:
256,192,101865,1,0,0:0:0:0:
329,192,101865,1,0,0:0:0:0:
182,192,101952,1,0,0:0:0:0:
402,192,101952,1,0,0:0:0:0:
475,192,101952,1,0,0:0:0:0:
36,192,101952,1,0,0:0:0:0:
329,192,102126,1,0,0:0:0:0:
109,192,102126,1,0,0:0:0:0:
475,192,102126,1,0,0:0:0:0:
36,192,102126,1,0,0:0:0:0:
182,192,102214,1,0,0:0:0:0:
256,192,102214,1,0,0:0:0:0:
402,192,102301,1,0,0:0:0:0:
36,192,102301,1,0,0:0:0:0:
109,192,102301,1,0,0:0:0:0:
256,192,102388,1,0,0:0:0:0:
182,192,102388,1,0,0:0:0:0:
475,192,102475,1,0,0:0:0:0:
329,192,102475,1,0,0:0:0:0:
36,192,102475,1,0,0:0:0:0:
109,192,102475,1,0,0:0:0:0:
182,192,102650,1,0,0:0:0:0:
402,192,102650,1,0,0:0:0:0:
36,192,102650,1,0,0:0:0:0:
475,192,102650,1,0,0:0:0:0:
329,192,102737,1,0,0:0:0:0:
256,192,102737,1,0,0:0:0:0:
475,192,102824,1,0,0:0:0:0:
402,192,102824,1,0,0:0:0:0:
109,192,102824,1,0,0:0:0:0:
256,192,102911,1,0,0:0:0:0:
329,192,102911,1,0,0:0:0:0:
182,192,102998,1,0,0:0:0:0:
36,192,102998,1,0,0:0:0:0:
402,192,102998,1,0,0:0:0:0:
475,192,102998,1,0,0:0:0:0:
109,192,103173,1,0,0:0:0:0:
36,192,103173,1,0,0:0:0:0:
329,192,103173,1,0,0:0:0:0:
475,192,103173,1,0,0:0:0:0:
256,192,103260,1,0,0:0:0:0:
182,192,103260,1,0,0:0:0:0:
109,192,103347,1,0,0:0:0:0:
36,192,103347,1,0,0:0:0:0:
402,192,103347,1,0,0:0:0:0:
182,192,103434,1,0,0:0:0:0:
256,192,103434,1,0,0:0:0:0:
329,192,103522,1,0,0:0:0:0:
36,192,103522,1,0,0:0:0:0:
109,192,103522,1,0,0:0:0:0:
475,192,103522,1,0,0:0:0:0:
36,192,103696,1,0,0:0:0:0:
475,192,103696,1,0,0:0:0:0:
182,192,103696,1,0,0:0:0:0:
329,192,103696,1,0,0:0:0:0:
36,192,103871,1,0,0:0:0:0:
182,192,103871,1,0,0:0:0:0:
329,192,103871,1,0,0:0:0:0:
475,192,104045,1,0,0:0:0:0:
256,192,104045,1,0,0:0:0:0:
402,192,104045,1,0,0:0:0:0:
109,192,104045,1,0,0:0:0:0:
109,192,104219,1,0,0:0:0:0:
402,192,104219,1,0,0:0:0:0:
256,192,104219,1,0,0:0:0:0:
109,192,104394,1,0,0:0:0:0:
475,192,104394,1,0,0:0:0:0:
36,192,104394,1,0,0:0:0:0:
402,192,104394,1,0,0:0:0:0:
256,192,104481,1,0,0:0:0:0:
329,192,104481,1,0,0:0:0:0:
182,192,104568,1,0,0:0:0:0:
475,192,104568,1,0,0:0:0:0:
109,192,104568,1,0,0:0:0:0:
329,192,104655,1,0,0:0:0:0:
256,192,104655,1,0,0:0:0:0:
36,192,104743,1,0,0:0:0:0:
109,192,104743,1,0,0:0:0:0:
475,192,104743,1,0,0:0:0:0:
402,192,104743,1,0,0:0:0:0:
36,192,104917,1,0,0:0:0:0:
109,192,104917,1,0,0:0:0:0:
402,192,104917,1,0,0:0:0:0:
475,192,104917,1,0,0:0:0:0:
256,192,105004,1,0,0:0:0:0:
182,192,105004,1,0,0:0:0:0:
329,192,105091,1,0,0:0:0:0:
36,192,105091,1,0,0:0:0:0:
402,192,105091,1,0,0:0:0:0:
256,192,105179,1,0,0:0:0:0:
182,192,105179,1,0,0:0:0:0:
402,192,105266,1,0,0:0:0:0:
109,192,105266,1,0,0:0:0:0:
475,192,105266,1,0,0:0:0:0:
36,192,105266,1,0,0:0:0:0:
475,192,105440,1,0,0:0:0:0:
402,192,105440,1,0,0:0:0:0:
109,192,105440,1,0,0:0:0:0:
36,192,105440,1,0,0:0:0:0:
256,192,105528,1,0,0:0:0:0:
329,192,105528,1,0,0:0:0:0:
475,192,105615,1,0,0:0:0:0:
109,192,105615,1,0,0:0:0:0:
182,192,105615,1,0,0:0:0:0:
329,192,105702,1,0,0:0:0:0:
256,192,105702,1,0,0:0:0:0:
475,192,105789,1,0,0:0:0:0:
109,192,105789,1,0,0:0:0:0:
36,192,105789,1,0,0:0:0:0:
402,192,105789,1,0,0:0:0:0:
402,192,105964,1,0,0:0:0:0:
36,192,105964,1,0,0:0:0:0:
475,192,105964,1,0,0:0:0:0:
109,192,105964,1,0,0:0:0:0:
182,192,106051,1,0,0:0:0:0:
256,192,106051,1,0,0:0:0:0:
329,192,106138,1,0,0:0:0:0:
36,192,106138,1,0,0:0:0:0:
402,192,106138,1,0,0:0:0:0:
182,192,106225,1,0,0:0:0:0:
256,192,106225,1,0,0:0:0:0:
475,192,106312,1,0,0:0:0:0:
402,192,106312,1,0,0:0:0:0:
36,192,106312,1,0,0:0:0:0:
109,192,106312,1,0,0:0:0:0:
36,192,106487,1,0,0:0:0:0:
182,192,106487,1,0,0:0:0:0:
329,192,106487,1,0,0:0:0:0:
475,192,106487,1,0,0:0:0:0:
475,192,106661,1,0,0:0:0:0:
329,192,106661,1,0,0:0:0:0:
182,192,106661,1,0,0:0:0:0:
256,192,106836,1,0,0:0:0:0:
402,192,106836,1,0,0:0:0:0:
36,192,106836,1,0,0:0:0:0:
109,192,106836,1,0,0:0:0:0:
256,192,107010,1,0,0:0:0:0:
109,192,107010,1,0,0:0:0:0:
402,192,107010,1,0,0:0:0:0:
182,192,107184,1,0,0:0:0:0:
329,192,107184,1,0,0:0:0:0:
109,192,107184,1,0,0:0:0:0:
402,192,107184,1,0,0:0:0:0:
475,192,107272,1,0,0:0:0:0:
36,192,107272,1,0,0:0:0:0:
329,192,107359,1,0,0:0:0:0:
182,192,107359,1,0,0:0:0:0:
256,192,107359,1,0,0:0:0:0:
36,192,107446,1,0,0:0:0:0:
475,192,107446,1,0,0:0:0:0:
402,192,107533,1,0,0:0:0:0:
329,192,107533,1,0,0:0:0:0:
109,192,107533,1,0,0:0:0:0:
182,192,107533,1,0,0:0:0:0:
402,192,107708,1,0,0:0:0:0:
475,192,107708,1,0,0:0:0:0:
36,192,107708,1,0,0:0:0:0:
109,192,107708,1,0,0:0:0:0:
182,192,107795,1,0,0:0:0:0:
329,192,107795,1,0,0:0:0:0:
36,192,107882,1,0,0:0:0:0:
256,192,107882,1,0,0:0:0:0:
475,192,107882,1,0,0:0:0:0:
182,192,107969,1,0,0:0:0:0:
329,192,107969,1,0,0:0:0:0:
475,192,108057,1,0,0:0:0:0:
36,192,108057,1,0,0:0:0:0:
402,192,108057,1,0,0:0:0:0:
109,192,108057,1,0,0:0:0:0:
329,192,108231,1,0,0:0:0:0:
402,192,108231,1,0,0:0:0:0:
182,192,108231,1,0,0:0:0:0:
109,192,108231,1,0,0:0:0:0:
475,192,108318,1,0,0:0:0:0:
36,192,108318,1,0,0:0:0:0:
182,192,108405,1,0,0:0:0:0:
256,192,108405,1,0,0:0:0:0:
329,192,108405,1,0,0:0:0:0:
36,192,108493,1,0,0:0:0:0:
475,192,108493,1,0,0:0:0:0:
109,192,108580,1,0,0:0:0:0:
329,192,108580,1,0,0:0:0:0:
402,192,108580,1,0,0:0:0:0:
182,192,108580,1,0,0:0:0:0:
36,192,108754,1,0,0:0:0:0:
402,192,108754,1,0,0:0:0:0:
109,192,108754,1,0,0:0:0:0:
475,192,108754,1,0,0:0:0:0:
329,192,108841,1,0,0:0:0:0:
182,192,108841,1,0,0:0:0:0:
36,192,108929,1,0,0:0:0:0:
256,192,108929,1,0,0:0:0:0:
475,192,108929,1,0,0:0:0:0:
329,192,109016,1,0,0:0:0:0:
182,192,109016,1,0,0:0:0:0:
402,192,109103,1,0,0:0:0:0:
475,192,109103,1,0,0:0:0:0:
109,192,109103,1,0,0:0:0:0:
36,192,109103,1,0,0:0:0:0:
475,192,109278,1,0,0:0:0:0:
36,192,109278,1,0,0:0:0:0:
182,192,109278,1,0,0:0:0:0:
329,192,109278,1,0,0:0:0:0:
329,192,109452,1,0,0:0:0:0:
182,192,109452,1,0,0:0:0:0:
36,192,109452,1,0,0:0:0:0:
475,192,109626,1,0,0:0:0:0:
256,192,109626,1,0,0:0:0:0:
402,192,109626,1,0,0:0:0:0:
109,192,109626,1,0,0:0:0:0:
256,192,109801,1,0,0:0:0:0:
402,192,109801,1,0,0:0:0:0:
109,192,109801,1,0,0:0:0:0:
109,192,109975,1,0,0:0:0:0:
182,192,109975,1,0,0:0:0:0:
36,192,109975,1,0,0:0:0:0:
329,192,109975,1,0,0:0:0:0:
402,192,110062,1,0,0:0:0:0:
475,192,110062,1,0,0:0:0:0:
182,192,110150,1,0,0:0:0:0:
329,192,110150,1,0,0:0:0:0:
256,192,110150,1,0,0:0:0:0:
36,192,110237,1,0,0:0:0:0:
109,192,110237,1,0,0:0:0:0:
402,192,110324,1,0,0:0:0:0:
182,192,110324,1,0,0:0:0:0:
475,192,110324,1,0,0:0:0:0:
329,192,110324,1,0,0:0:0:0:
36,192,110498,1,0,0:0:0:0:
256,192,110498,1,0,0:0:0:0:
402,192,110498,1,0,0:0:0:0:
475,192,110498,1,0,0:0:0:0:
182,192,110586,1,0,0:0:0:0:
109,192,110586,1,0,0:0:0:0:
329,192,110673,1,0,0:0:0:0:
402,192,110673,1,0,0:0:0:0:
475,192,110673,1,0,0:0:0:0:
182,192,110760,1,0,0:0:0:0:
109,192,110760,1,0,0:0:0:0:
402,192,110847,1,0,0:0:0:0:
256,192,110847,1,0,0:0:0:0:
475,192,110847,1,0,0:0:0:0:
36,192,110847,1,0,0:0:0:0:
329,192,111022,1,0,0:0:0:0:
182,192,111022,1,0,0:0:0:0:
402,192,111022,1,0,0:0:0:0:
475,192,111022,1,0,0:0:0:0:
109,192,111109,1,0,0:0:0:0:
36,192,111109,1,0,0:0:0:0:
182,192,111196,1,0,0:0:0:0:
256,192,111196,1,0,0:0:0:0:
329,192,111196,1,0,0:0:0:0:
475,192,111283,1,0,0:0:0:0:
402,192,111283,1,0,0:0:0:0:
36,192,111371,1,0,0:0:0:0:
329,192,111371,1,0,0:0:0:0:
109,192,111371,1,0,0:0:0:0:
182,192,111371,1,0,0:0:0:0:
109,192,111545,1,0,0:0:0:0:
475,192,111545,1,0,0:0:0:0:
36,192,111545,1,0,0:0:0:0:
256,192,111545,1,0,0:0:0:0:
402,192,111632,1,0,0:0:0:0:
329,192,111632,1,0,0:0:0:0:
182,192,111719,1,0,0:0:0:0:
109,192,111719,1,0,0:0:0:0:
36,192,111719,1,0,0:0:0:0:
402,192,111807,1,0,0:0:0:0:
329,192,111807,1,0,0:0:0:0:
36,192,111894,1,0,0:0:0:0:
109,192,111894,1,0,0:0:0:0:
475,192,111894,1,0,0:0:0:0:
256,192,111894,1,0,0:0:0:0:
36,192,112068,1,0,0:0:0:0:
182,192,112068,1,0,0:0:0:0:
329,192,112068,1,0,0:0:0:0:
475,192,112068,1,0,0:0:0:0:
182,192,112243,1,0,0:0:0:0:
329,192,112243,1,0,0:0:0:0:
475,192,112243,1,0,0:0:0:0:
109,192,112417,1,0,0:0:0:0:
36,192,112417,1,0,0:0:0:0:
402,192,112417,1,0,0:0:0:0:
256,192,112417,1,0,0:0:0:0:
329,192,112591,1,0,0:0:0:0:
182,192,112591,1,0,0:0:0:0:
475,192,112591,1,0,0:0:0:0:
475,192,112766,1,0,0:0:0:0:
36,192,112766,1,0,0:0:0:0:
329,192,112766,1,0,0:0:0:0:
109,192,112766,1,0,0:0:0:0:
256,192,112766,128,0,114859:0:0:0:0:
182,192,112853,1,0,0:0:0:0:
475,192,112940,1,0,0:0:0:0:
402,192,112940,1,0,0:0:0:0:
36,192,112940,1,0,0:0:0:0:
109,192,112940,1,0,0:0:0:0:
182,192,113028,1,0,0:0:0:0:
329,192,113115,1,0,0:0:0:0:
109,192,113115,1,0,0:0:0:0:
475,192,113115,1,0,0:0:0:0:
36,192,113115,1,0,0:0:0:0:
182,192,113289,1,0,0:0:0:0:
36,192,113289,1,0,0:0:0:0:
475,192,113289,1,0,0:0:0:0:
402,192,113289,1,0,0:0:0:0:
329,192,113376,1,0,0:0:0:0:
109,192,113464,1,0,0:0:0:0:
36,192,113464,1,0,0:0:0:0:
475,192,113464,1,0,0:0:0:0:
402,192,113464,1,0,0:0:0:0:
329,192,113551,1,0,0:0:0:0:
182,192,113638,1,0,0:0:0:0:
36,192,113638,1,0,0:0:0:0:
402,192,113638,1,0,0:0:0:0:
475,192,113638,1,0,0:0:0:0:
475,192,113812,1,0,0:0:0:0:
36,192,113812,1,0,0:0:0:0:
109,192,113812,1,0,0:0:0:0:
329,192,113812,1,0,0:0:0:0:
182,192,113900,1,0,0:0:0:0:
475,192,113987,1,0,0:0:0:0:
36,192,113987,1,0,0:0:0:0:
109,192,113987,1,0,0:0:0:0:
402,192,113987,1,0,0:0:0:0:
182,192,114074,1,0,0:0:0:0:
475,192,114161,1,0,0:0:0:0:
36,192,114161,1,0,0:0:0:0:
109,192,114161,1,0,0:0:0:0:
329,192,114161,1,0,0:0:0:0:
36,192,114336,1,0,0:0:0:0:
182,192,114336,1,0,0:0:0:0:
475,192,114336,1,0,0:0:0:0:
402,192,114336,1,0,0:0:0:0:
329,192,114423,1,0,0:0:0:0:
36,192,114510,1,0,0:0:0:0:
109,192,114510,1,0,0:0:0:0:
475,192,114510,1,0,0:0:0:0:
402,192,114510,1,0,0:0:0:0:
329,192,114597,1,0,0:0:0:0:
36,192,114684,1,0,0:0:0:0:
182,192,114684,1,0,0:0:0:0:
475,192,114684,1,0,0:0:0:0:
402,192,114684,1,0,0:0:0:0:
402,192,114859,1,0,0:0:0:0:
475,192,114859,1,0,0:0:0:0:
36,192,114859,1,0,0:0:0:0:
109,192,114859,1,0,0:0:0:0:
329,192,115033,1,0,0:0:0:0:
256,192,115033,1,0,0:0:0:0:
182,192,115033,1,0,0:0:0:0:
402,192,115208,1,0,0:0:0:0:
475,192,115208,1,0,0:0:0:0:
109,192,115208,1,0,0:0:0:0:
36,192,115208,1,0,0:0:0:0:
182,192,115382,1,0,0:0:0:0:
329,192,115382,1,0,0:0:0:0:
182,192,115469,1,0,0:0:0:0:
329,192,115469,1,0,0:0:0:0:
475,192,115557,1,0,0:0:0:0:
36,192,115557,1,0,0:0:0:0:
109,192,115557,1,0,0:0:0:0:
402,192,115557,1,0,0:0:0:0:
256,192,115557,128,0,117650:0:0:0:0:
182,192,115644,1,0,0:0:0:0:
402,192,115731,1,0,0:0:0:0:
109,192,115731,1,0,0:0:0:0:
475,192,115731,1,0,0:0:0:0:
36,192,115731,1,0,0:0:0:0:
182,192,115818,1,0,0:0:0:0:
402,192,115905,1,0,0:0:0:0:
36,192,115905,1,0,0:0:0:0:
475,192,115905,1,0,0:0:0:0:
109,192,115905,1,0,0:0:0:0:
182,192,116080,1,0,0:0:0:0:
402,192,116080,1,0,0:0:0:0:
329,192,116080,1,0,0:0:0:0:
109,192,116080,1,0,0:0:0:0:
475,192,116167,1,0,0:0:0:0:
182,192,116254,1,0,0:0:0:0:
402,192,116254,1,0,0:0:0:0:
329,192,116254,1,0,0:0:0:0:
109,192,116254,1,0,0:0:0:0:
36,192,116341,1,0,0:0:0:0:
182,192,116429,1,0,0:0:0:0:
402,192,116429,1,0,0:0:0:0:
329,192,116429,1,0,0:0:0:0:
109,192,116429,1,0,0:0:0:0:
402,192,116603,1,0,0:0:0:0:
475,192,116603,1,0,0:0:0:0:
36,192,116603,1,0,0:0:0:0:
109,192,116603,1,0,0:0:0:0:
329,192,116690,1,0,0:0:0:0:
402,192,116778,1,0,0:0:0:0:
36,192,116778,1,0,0:0:0:0:
475,192,116778,1,0,0:0:0:0:
109,192,116778,1,0,0:0:0:0:
329,192,116865,1,0,0:0:0:0:
402,192,116952,1,0,0:0:0:0:
36,192,116952,1,0,0:0:0:0:
475,192,116952,1,0,0:0:0:0:
109,192,116952,1,0,0:0:0:0:
182,192,117126,1,0,0:0:0:0:
329,192,117126,1,0,0:0:0:0:
402,192,117126,1,0,0:0:0:0:
109,192,117126,1,0,0:0:0:0:
36,192,117214,1,0,0:0:0:0:
109,192,117301,1,0,0:0:0:0:
329,192,117301,1,0,0:0:0:0:
402,192,117301,1,0,0:0:0:0:
182,192,117301,1,0,0:0:0:0:
475,192,117388,1,0,0:0:0:0:
182,192,117475,1,0,0:0:0:0:
329,192,117475,1,0,0:0:0:0:
402,192,117475,1,0,0:0:0:0:
109,192,117475,1,0,0:0:0:0:
36,192,117650,1,0,0:0:0:0:
402,192,117650,1,0,0:0:0:0:
109,192,117650,1,0,0:0:0:0:
475,192,117650,1,0,0:0:0:0:
182,192,117824,1,0,0:0:0:0:
256,192,117824,1,0,0:0:0:0:
329,192,117824,1,0,0:0:0:0:
402,192,117998,1,0,0:0:0:0:
109,192,117998,1,0,0:0:0:0:
36,192,117998,1,0,0:0:0:0:
475,192,117998,1,0,0:0:0:0:
182,192,118173,1,0,0:0:0:0:
329,192,118173,1,0,0:0:0:0:
182,192,118260,1,0,0:0:0:0:
329,192,118260,1,0,0:0:0:0:
36,192,118347,1,0,0:0:0:0:
475,192,118347,1,0,0:0:0:0:
109,192,118347,1,0,0:0:0:0:
402,192,118347,1,0,0:0:0:0:
256,192,118434,1,0,0:0:0:0:
182,192,118434,1,0,0:0:0:0:
329,192,118434,1,0,0:0:0:0:
109,192,118522,1,0,0:0:0:0:
402,192,118522,1,0,0:0:0:0:
475,192,118522,1,0,0:0:0:0:
36,192,118522,1,0,0:0:0:0:
256,192,118609,1,0,0:0:0:0:
329,192,118609,1,0,0:0:0:0:
182,192,118609,1,0,0:0:0:0:
36,192,118696,1,0,0:0:0:0:
109,192,118696,1,0,0:0:0:0:
402,192,118696,1,0,0:0:0:0:
475,192,118696,1,0,0:0:0:0:
36,192,118871,1,0,0:0:0:0:
329,192,118871,1,0,0:0:0:0:
475,192,118871,1,0,0:0:0:0:
402,192,118871,1,0,0:0:0:0:
256,192,118958,1,0,0:0:0:0:
182,192,118958,1,0,0:0:0:0:
109,192,119045,1,0,0:0:0:0:
475,192,119045,1,0,0:0:0:0:
36,192,119045,1,0,0:0:0:0:
402,192,119045,1,0,0:0:0:0:
329,192,119132,1,0,0:0:0:0:
256,192,119132,1,0,0:0:0:0:
475,192,119219,1,0,0:0:0:0:
36,192,119219,1,0,0:0:0:0:
109,192,119219,1,0,0:0:0:0:
182,192,119219,1,0,0:0:0:0:
475,192,119394,1,0,0:0:0:0:
402,192,119394,1,0,0:0:0:0:
36,192,119394,1,0,0:0:0:0:
109,192,119394,1,0,0:0:0:0:
182,192,119481,1,0,0:0:0:0:
329,192,119481,1,0,0:0:0:0:
256,192,119481,1,0,0:0:0:0:
36,192,119568,1,0,0:0:0:0:
402,192,119568,1,0,0:0:0:0:
109,192,119568,1,0,0:0:0:0:
475,192,119568,1,0,0:0:0:0:
182,192,119655,1,0,0:0:0:0:
329,192,119655,1,0,0:0:0:0:
256,192,119655,1,0,0:0:0:0:
402,192,119743,1,0,0:0:0:0:
475,192,119743,1,0,0:0:0:0:
109,192,119743,1,0,0:0:0:0:
36,192,119743,1,0,0:0:0:0:
36,192,119917,1,0,0:0:0:0:
475,192,119917,1,0,0:0:0:0:
109,192,119917,1,0,0:0:0:0:
182,192,119917,1,0,0:0:0:0:
256,192,120004,1,0,0:0:0:0:
329,192,120004,1,0,0:0:0:0:
109,192,120091,1,0,0:0:0:0:
36,192,120091,1,0,0:0:0:0:
475,192,120091,1,0,0:0:0:0:
402,192,120091,1,0,0:0:0:0:
182,192,120179,1,0,0:0:0:0:
256,192,120179,1,0,0:0:0:0:
36,192,120266,1,0,0:0:0:0:
475,192,120266,1,0,0:0:0:0:
329,192,120266,1,0,0:0:0:0:
402,192,120266,1,0,0:0:0:0:
36,192,120440,1,0,0:0:0:0:
182,192,120440,1,0,0:0:0:0:
329,192,120440,1,0,0:0:0:0:
475,192,120440,1,0,0:0:0:0:
182,192,120615,1,0,0:0:0:0:
329,192,120615,1,0,0:0:0:0:
475,192,120615,1,0,0:0:0:0:
402,192,120789,1,0,0:0:0:0:
256,192,120789,1,0,0:0:0:0:
36,192,120789,1,0,0:0:0:0:
109,192,120789,1,0,0:0:0:0:
329,192,120964,1,0,0:0:0:0:
475,192,120964,1,0,0:0:0:0:
182,192,120964,1,0,0:0:0:0:
109,192,121138,1,0,0:0:0:0:
36,192,121138,1,0,0:0:0:0:
329,192,121138,1,0,0:0:0:0:
402,192,121138,1,0,0:0:0:0:
182,192,121225,1,0,0:0:0:0:
256,192,121225,1,0,0:0:0:0:
475,192,121225,1,0,0:0:0:0:
36,192,121312,1,0,0:0:0:0:
109,192,121312,1,0,0:0:0:0:
329,192,121312,1,0,0:0:0:0:
402,192,121312,1,0,0:0:0:0:
475,192,121400,1,0,0:0:0:0:
256,192,121400,1,0,0:0:0:0:
182,192,121400,1,0,0:0:0:0:
36,192,121487,1,0,0:0:0:0:
109,192,121487,1,0,0:0:0:0:
329,192,121487,1,0,0:0:0:0:
402,192,121487,1,0,0:0:0:0:
109,192,121661,1,0,0:0:0:0:
182,192,121661,1,0,0:0:0:0:
402,192,121661,1,0,0:0:0:0:
475,192,121661,1,0,0:0:0:0:
329,192,121748,1,0,0:0:0:0:
36,192,121748,1,0,0:0:0:0:
256,192,121748,1,0,0:0:0:0:
182,192,121836,1,0,0:0:0:0:
109,192,121836,1,0,0:0:0:0:
402,192,121836,1,0,0:0:0:0:
475,192,121836,1,0,0:0:0:0:
329,192,121923,1,0,0:0:0:0:
36,192,121923,1,0,0:0:0:0:
256,192,121923,1,0,0:0:0:0:
182,192,122010,1,0,0:0:0:0:
109,192,122010,1,0,0:0:0:0:
402,192,122010,1,0,0:0:0:0:
475,192,122010,1,0,0:0:0:0:
36,192,122184,1,0,0:0:0:0:
109,192,122184,1,0,0:0:0:0:
402,192,122184,1,0,0:0:0:0:
475,192,122184,1,0,0:0:0:0:
329,192,122184,1,0,0:0:0:0:
182,192,122272,1,0,0:0:0:0:
256,192,122272,1,0,0:0:0:0:
475,192,122359,1,0,0:0:0:0:
402,192,122359,1,0,0:0:0:0:
36,192,122359,1,0,0:0:0:0:
109,192,122359,1,0,0:0:0:0:
256,192,122446,1,0,0:0:0:0:
329,192,122446,1,0,0:0:0:0:
36,192,122533,1,0,0:0:0:0:
109,192,122533,1,0,0:0:0:0:
475,192,122533,1,0,0:0:0:0:
402,192,122533,1,0,0:0:0:0:
182,192,122533,1,0,0:0:0:0:
256,192,122621,1,0,0:0:0:0:
329,192,122621,1,0,0:0:0:0:
109,192,122708,1,0,0:0:0:0:
36,192,122708,1,0,0:0:0:0:
402,192,122708,1,0,0:0:0:0:
475,192,122708,1,0,0:0:0:0:
256,192,122795,1,0,0:0:0:0:
182,192,122795,1,0,0:0:0:0:
402,192,122882,1,0,0:0:0:0:
475,192,122882,1,0,0:0:0:0:
36,192,122882,1,0,0:0:0:0:
109,192,122882,1,0,0:0:0:0:
329,192,122882,1,0,0:0:0:0:
182,192,122969,1,0,0:0:0:0:
256,192,122969,1,0,0:0:0:0:
402,192,123057,1,0,0:0:0:0:
475,192,123057,1,0,0:0:0:0:
36,192,123057,1,0,0:0:0:0:
109,192,123057,1,0,0:0:0:0:
329,192,123144,1,0,0:0:0:0:
256,192,123144,1,0,0:0:0:0:
402,192,123231,1,0,0:0:0:0:
109,192,123231,1,0,0:0:0:0:
36,192,123231,1,0,0:0:0:0:
475,192,123231,1,0,0:0:0:0:
182,192,123231,1,0,0:0:0:0:
256,192,123318,1,0,0:0:0:0:
329,192,123318,1,0,0:0:0:0:
36,192,123405,1,0,0:0:0:0:
109,192,123405,1,0,0:0:0:0:
402,192,123405,1,0,0:0:0:0:
475,192,123405,1,0,0:0:0:0:
182,192,123493,1,0,0:0:0:0:
256,192,123493,1,0,0:0:0:0:
109,192,123580,1,0,0:0:0:0:
402,192,123580,1,0,0:0:0:0:
475,192,123580,1,0,0:0:0:0:
36,192,123580,1,0,0:0:0:0:
329,192,123580,1,0,0:0:0:0:
256,192,123667,1,0,0:0:0:0:
182,192,123667,1,0,0:0:0:0:
36,192,123754,1,0,0:0:0:0:
475,192,123754,1,0,0:0:0:0:
109,192,123754,1,0,0:0:0:0:
402,192,123754,1,0,0:0:0:0:
256,192,123841,1,0,0:0:0:0:
329,192,123841,1,0,0:0:0:0:
36,192,123929,1,0,0:0:0:0:
109,192,123929,1,0,0:0:0:0:
402,192,123929,1,0,0:0:0:0:
182,192,123929,1,0,0:0:0:0:
475,192,123929,1,0,0:0:0:0:
329,192,124017,1,0,0:0:0:0:
182,192,124105,1,0,0:0:0:0:
329,192,124193,1,0,0:0:0:0:
109,192,124281,1,0,0:0:0:0:
256,192,124370,1,0,0:0:0:0:
402,192,124458,1,0,0:0:0:0:
256,192,124546,1,0,0:0:0:0:
109,192,124634,1,0,0:0:0:0:
182,192,124723,1,0,0:0:0:0:
256,192,124811,1,0,0:0:0:0:
329,192,124899,1,0,0:0:0:0:
182,192,124987,1,0,0:0:0:0:
256,192,125076,1,0,0:0:0:0:
329,192,125164,1,0,0:0:0:0:
402,192,125252,1,0,0:0:0:0:
109,192,125340,1,0,0:0:0:0:
36,192,125340,1,0,0:0:0:0:
182,192,125340,1,0,0:0:0:0:
475,192,125340,1,0,0:0:0:0:
256,192,125340,1,0,0:0:0:0:
329,192,125688,128,0,125950:0:0:0:0:
182,192,125688,128,0,125950:0:0:0:0:
109,192,125688,128,0,125950:0:0:0:0:
402,192,125688,128,0,125950:0:0:0:0:
36,192,126037,128,0,126299:0:0:0:0:
109,192,126037,128,0,126299:0:0:0:0:
256,192,126037,1,0,0:0:0:0:
402,192,126037,128,0,126212:0:0:0:0:
475,192,126037,128,0,126212:0:0:0:0:
475,192,126299,1,0,0:0:0:0:
402,192,126299,1,0,0:0:0:0:
36,192,126386,128,0,126648:0:0:0:0:
329,192,126386,128,0,126648:0:0:0:0:
182,192,126386,128,0,126648:0:0:0:0:
36,192,126735,1,0,0:0:0:0:
182,192,126735,1,0,0:0:0:0:
329,192,126735,1,0,0:0:0:0:
475,192,126735,1,0,0:0:0:0:
36,192,126909,1,0,0:0:0:0:
475,192,126909,1,0,0:0:0:0:
182,192,126996,1,0,0:0:0:0:
329,192,126996,1,0,0:0:0:0:
36,192,127084,1,0,0:0:0:0:
475,192,127084,1,0,0:0:0:0:
109,192,127127,1,0,0:0:0:0:
402,192,127127,1,0,0:0:0:0:
329,192,127171,1,0,0:0:0:0:
182,192,127171,1,0,0:0:0:0:
256,192,127215,1,0,0:0:0:0:
36,192,127258,1,0,0:0:0:0:
475,192,127258,1,0,0:0:0:0:
182,192,127345,1,0,0:0:0:0:
329,192,127345,1,0,0:0:0:0:
36,192,127433,1,0,0:0:0:0:
109,192,127433,1,0,0:0:0:0:
475,192,127433,1,0,0:0:0:0:
402,192,127433,1,0,0:0:0:0:
256,192,127520,1,0,0:0:0:0:
109,192,127607,1,0,0:0:0:0:
402,192,127607,1,0,0:0:0:0:
329,192,127694,1,0,0:0:0:0:
182,192,127694,1,0,0:0:0:0:
402,192,127781,1,0,0:0:0:0:
109,192,127781,1,0,0:0:0:0:
109,192,127956,1,0,0:0:0:0:
402,192,127956,1,0,0:0:0:0:
256,192,127956,1,0,0:0:0:0:
182,192,128130,1,0,0:0:0:0:
36,192,128130,1,0,0:0:0:0:
329,192,128130,1,0,0:0:0:0:
475,192,128130,1,0,0:0:0:0:
182,192,128305,1,0,0:0:0:0:
329,192,128305,1,0,0:0:0:0:
182,192,128392,1,0,0:0:0:0:
329,192,128392,1,0,0:0:0:0:
475,192,128479,1,0,0:0:0:0:
36,192,128479,1,0,0:0:0:0:
109,192,128479,1,0,0:0:0:0:
402,192,128479,1,0,0:0:0:0:
402,192,128653,1,0,0:0:0:0:
109,192,128653,1,0,0:0:0:0:
256,192,128653,1,0,0:0:0:0:
475,192,128828,1,0,0:0:0:0:
36,192,128828,1,0,0:0:0:0:
109,192,128828,1,0,0:0:0:0:
402,192,128828,1,0,0:0:0:0:
182,192,128886,1,0,0:0:0:0:
329,192,128886,1,0,0:0:0:0:
256,192,128944,1,0,0:0:0:0:
109,192,129002,1,0,0:0:0:0:
475,192,129002,1,0,0:0:0:0:
402,192,129002,1,0,0:0:0:0:
36,192,129002,1,0,0:0:0:0:
182,192,129060,1,0,0:0:0:0:
329,192,129060,1,0,0:0:0:0:
256,192,129119,1,0,0:0:0:0:
109,192,129177,128,0,129438:0:0:0:0:
402,192,129177,128,0,129438:0:0:0:0:
475,192,129177,128,0,129438:0:0:0:0:
36,192,129177,128,0,129438:0:0:0:0:
36,192,129526,1,0,0:0:0:0:
475,192,129526,1,0,0:0:0:0:
109,192,129526,1,0,0:0:0:0:
402,192,129526,1,0,0:0:0:0:
182,192,129584,1,0,0:0:0:0:
256,192,129642,1,0,0:0:0:0:
402,192,129700,1,0,0:0:0:0:
329,192,129700,1,0,0:0:0:0:
256,192,129758,1,0,0:0:0:0:
182,192,129816,1,0,0:0:0:0:
36,192,129874,1,0,0:0:0:0:
402,192,129874,1,0,0:0:0:0:
109,192,129874,1,0,0:0:0:0:
475,192,129874,1,0,0:0:0:0:
329,192,129933,1,0,0:0:0:0:
256,192,129991,1,0,0:0:0:0:
109,192,130049,1,0,0:0:0:0:
182,192,130049,1,0,0:0:0:0:
256,192,130107,1,0,0:0:0:0:
329,192,130165,1,0,0:0:0:0:
475,192,130223,1,0,0:0:0:0:
36,192,130223,1,0,0:0:0:0:
402,192,130223,1,0,0:0:0:0:
109,192,130223,1,0,0:0:0:0:
182,192,130281,1,0,0:0:0:0:
256,192,130340,1,0,0:0:0:0:
329,192,130398,1,0,0:0:0:0:
402,192,130398,1,0,0:0:0:0:
256,192,130456,1,0,0:0:0:0:
182,192,130514,1,0,0:0:0:0:
36,192,130572,1,0,0:0:0:0:
109,192,130572,1,0,0:0:0:0:
475,192,130572,1,0,0:0:0:0:
402,192,130572,1,0,0:0:0:0:
329,192,130630,1,0,0:0:0:0:
256,192,130688,1,0,0:0:0:0:
36,192,130746,1,0,0:0:0:0:
182,192,130746,1,0,0:0:0:0:
475,192,130746,1,0,0:0:0:0:
402,192,130805,1,0,0:0:0:0:
329,192,130863,1,0,0:0:0:0:
109,192,130921,1,0,0:0:0:0:
182,192,130921,1,0,0:0:0:0:
36,192,130921,1,0,0:0:0:0:
256,192,130921,1,0,0:0:0:0:
329,192,130979,1,0,0:0:0:0:
402,192,131037,1,0,0:0:0:0:
36,192,131095,1,0,0:0:0:0:
475,192,131095,1,0,0:0:0:0:
109,192,131153,1,0,0:0:0:0:
182,192,131212,1,0,0:0:0:0:
402,192,131270,1,0,0:0:0:0:
475,192,131270,1,0,0:0:0:0:
256,192,131270,1,0,0:0:0:0:
329,192,131270,1,0,0:0:0:0:
182,192,131328,1,0,0:0:0:0:
109,192,131386,1,0,0:0:0:0:
475,192,131444,1,0,0:0:0:0:
36,192,131444,1,0,0:0:0:0:
402,192,131502,1,0,0:0:0:0:
329,192,131560,1,0,0:0:0:0:
109,192,131619,1,0,0:0:0:0:
36,192,131619,1,0,0:0:0:0:
182,192,131619,1,0,0:0:0:0:
256,192,131619,1,0,0:0:0:0:
329,192,131677,1,0,0:0:0:0:
402,192,131735,1,0,0:0:0:0:
182,192,131793,1,0,0:0:0:0:
475,192,131793,1,0,0:0:0:0:
256,192,131851,1,0,0:0:0:0:
109,192,131880,1,0,0:0:0:0:
329,192,131909,1,0,0:0:0:0:
402,192,131967,1,0,0:0:0:0:
475,192,131967,1,0,0:0:0:0:
36,192,131967,1,0,0:0:0:0:
109,192,132026,1,0,0:0:0:0:
182,192,132084,1,0,0:0:0:0:
402,192,132142,1,0,0:0:0:0:
475,192,132142,1,0,0:0:0:0:
256,192,132142,1,0,0:0:0:0:
182,192,132200,1,0,0:0:0:0:
109,192,132258,1,0,0:0:0:0:
475,192,132316,1,0,0:0:0:0:
402,192,132316,1,0,0:0:0:0:
36,192,132316,1,0,0:0:0:0:
329,192,132316,1,0,0:0:0:0:
256,192,132374,1,0,0:0:0:0:
182,192,132433,1,0,0:0:0:0:
109,192,132491,1,0,0:0:0:0:
402,192,132491,1,0,0:0:0:0:
329,192,132549,1,0,0:0:0:0:
256,192,132607,1,0,0:0:0:0:
475,192,132665,1,0,0:0:0:0:
36,192,132665,1,0,0:0:0:0:
109,192,132665,1,0,0:0:0:0:
182,192,132665,1,0,0:0:0:0:
256,192,132723,1,0,0:0:0:0:
329,192,132781,1,0,0:0:0:0:
109,192,132840,1,0,0:0:0:0:
402,192,132840,1,0,0:0:0:0:
182,192,132898,1,0,0:0:0:0:
256,192,132956,1,0,0:0:0:0:
36,192,133014,1,0,0:0:0:0:
475,192,133014,1,0,0:0:0:0:
402,192,133014,1,0,0:0:0:0:
329,192,133014,1,0,0:0:0:0:
256,192,133072,1,0,0:0:0:0:
182,192,133130,1,0,0:0:0:0:
109,192,133188,1,0,0:0:0:0:
475,192,133188,1,0,0:0:0:0:
402,192,133246,1,0,0:0:0:0:
182,192,133276,1,0,0:0:0:0:
329,192,133305,1,0,0:0:0:0:
475,192,133363,1,0,0:0:0:0:
256,192,133363,1,0,0:0:0:0:
36,192,133363,1,0,0:0:0:0:
109,192,133421,1,0,0:0:0:0:
182,192,133479,1,0,0:0:0:0:
475,192,133537,1,0,0:0:0:0:
402,192,133537,1,0,0:0:0:0:
256,192,133537,1,0,0:0:0:0:
109,192,133595,1,0,0:0:0:0:
329,192,133624,1,0,0:0:0:0:
182,192,133653,1,0,0:0:0:0:
402,192,133712,1,0,0:0:0:0:
256,192,133712,1,0,0:0:0:0:
475,192,133712,1,0,0:0:0:0:
36,192,133712,1,0,0:0:0:0:
109,192,133770,1,0,0:0:0:0:
182,192,133828,1,0,0:0:0:0:
256,192,133886,1,0,0:0:0:0:
329,192,133886,1,0,0:0:0:0:
402,192,133944,1,0,0:0:0:0:
475,192,134002,1,0,0:0:0:0:
182,192,134060,1,0,0:0:0:0:
36,192,134060,1,0,0:0:0:0:
109,192,134060,1,0,0:0:0:0:
256,192,134060,1,0,0:0:0:0:
475,192,134119,1,0,0:0:0:0:
402,192,134177,1,0,0:0:0:0:
256,192,134235,1,0,0:0:0:0:
329,192,134235,1,0,0:0:0:0:
182,192,134293,1,0,0:0:0:0:
109,192,134351,1,0,0:0:0:0:
36,192,134409,1,0,0:0:0:0:
256,192,134409,1,0,0:0:0:0:
475,192,134409,1,0,0:0:0:0:
402,192,134467,1,0,0:0:0:0:
182,192,134496,1,0,0:0:0:0:
329,192,134526,1,0,0:0:0:0:
36,192,134584,1,0,0:0:0:0:
475,192,134584,1,0,0:0:0:0:
402,192,134642,1,0,0:0:0:0:
182,192,134671,1,0,0:0:0:0:
329,192,134700,1,0,0:0:0:0:
36,192,134758,1,0,0:0:0:0:
109,192,134758,1,0,0:0:0:0:
256,192,134758,1,0,0:0:0:0:
329,192,134816,1,0,0:0:0:0:
402,192,134874,1,0,0:0:0:0:
36,192,134933,1,0,0:0:0:0:
475,192,134933,1,0,0:0:0:0:
182,192,134933,1,0,0:0:0:0:
256,192,134991,1,0,0:0:0:0:
329,192,135049,1,0,0:0:0:0:
475,192,135107,1,0,0:0:0:0:
402,192,135107,1,0,0:0:0:0:
36,192,135107,1,0,0:0:0:0:
109,192,135107,1,0,0:0:0:0:
182,192,135165,1,0,0:0:0:0:
256,192,135223,1,0,0:0:0:0:
402,192,135281,1,0,0:0:0:0:
329,192,135281,1,0,0:0:0:0:
256,192,135340,1,0,0:0:0:0:
182,192,135398,1,0,0:0:0:0:
36,192,135456,1,0,0:0:0:0:
109,192,135456,1,0,0:0:0:0:
475,192,135456,1,0,0:0:0:0:
402,192,135456,1,0,0:0:0:0:
329,192,135514,1,0,0:0:0:0:
256,192,135572,1,0,0:0:0:0:
109,192,135630,1,0,0:0:0:0:
182,192,135630,1,0,0:0:0:0:
256,192,135688,1,0,0:0:0:0:
329,192,135746,1,0,0:0:0:0:
36,192,135805,1,0,0:0:0:0:
475,192,135805,1,0,0:0:0:0:
402,192,135805,1,0,0:0:0:0:
109,192,135805,1,0,0:0:0:0:
182,192,135863,1,0,0:0:0:0:
256,192,135921,1,0,0:0:0:0:
36,192,135979,1,0,0:0:0:0:
329,192,135979,1,0,0:0:0:0:
402,192,136037,1,0,0:0:0:0:
475,192,136095,1,0,0:0:0:0:
109,192,136153,1,0,0:0:0:0:
36,192,136153,1,0,0:0:0:0:
182,192,136153,1,0,0:0:0:0:
329,192,136153,1,0,0:0:0:0:
402,192,136212,1,0,0:0:0:0:
256,192,136270,1,0,0:0:0:0:
36,192,136328,1,0,0:0:0:0:
109,192,136328,1,0,0:0:0:0:
329,192,136328,1,0,0:0:0:0:
182,192,136386,1,0,0:0:0:0:
256,192,136444,1,0,0:0:0:0:
402,192,136502,1,0,0:0:0:0:
475,192,136502,1,0,0:0:0:0:
329,192,136502,1,0,0:0:0:0:
109,192,136502,1,0,0:0:0:0:
182,192,136560,1,0,0:0:0:0:
36,192,136619,1,0,0:0:0:0:
109,192,136677,1,0,0:0:0:0:
329,192,136677,1,0,0:0:0:0:
256,192,136735,1,0,0:0:0:0:
182,192,136793,1,0,0:0:0:0:
475,192,136851,1,0,0:0:0:0:
36,192,136851,1,0,0:0:0:0:
329,192,136851,1,0,0:0:0:0:
109,192,136851,1,0,0:0:0:0:
256,192,136909,1,0,0:0:0:0:
402,192,136967,1,0,0:0:0:0:
329,192,137026,1,0,0:0:0:0:
109,192,137026,1,0,0:0:0:0:
182,192,137084,1,0,0:0:0:0:
36,192,137142,1,0,0:0:0:0:
475,192,137200,1,0,0:0:0:0:
402,192,137200,1,0,0:0:0:0:
329,192,137200,1,0,0:0:0:0:
109,192,137200,1,0,0:0:0:0:
256,192,137258,1,0,0:0:0:0:
182,192,137316,1,0,0:0:0:0:
109,192,137374,1,0,0:0:0:0:
475,192,137374,1,0,0:0:0:0:
402,192,137433,1,0,0:0:0:0:
182,192,137462,1,0,0:0:0:0:
329,192,137491,1,0,0:0:0:0:
256,192,137549,1,0,0:0:0:0:
475,192,137549,1,0,0:0:0:0:
36,192,137549,1,0,0:0:0:0:
109,192,137607,1,0,0:0:0:0:
182,192,137665,1,0,0:0:0:0:
256,192,137723,1,0,0:0:0:0:
36,192,137723,1,0,0:0:0:0:
475,192,137723,1,0,0:0:0:0:
402,192,137781,1,0,0:0:0:0:
329,192,137840,1,0,0:0:0:0:
475,192,137898,1,0,0:0:0:0:
36,192,137898,1,0,0:0:0:0:
256,192,137898,128,0,139293:0:0:0:0:
109,192,137956,1,0,0:0:0:0:
402,192,137985,1,0,0:0:0:0:
182,192,138014,1,0,0:0:0:0:
329,192,138072,1,0,0:0:0:0:
36,192,138072,1,0,0:0:0:0:
109,192,138130,1,0,0:0:0:0:
402,192,138159,1,0,0:0:0:0:
182,192,138188,1,0,0:0:0:0:
36,192,138246,1,0,0:0:0:0:
475,192,138246,1,0,0:0:0:0:
402,192,138305,1,0,0:0:0:0:
109,192,138334,1,0,0:0:0:0:
329,192,138363,1,0,0:0:0:0:
182,192,138421,1,0,0:0:0:0:
475,192,138421,1,0,0:0:0:0:
402,192,138479,1,0,0:0:0:0:
109,192,138508,1,0,0:0:0:0:
329,192,138537,1,0,0:0:0:0:
475,192,138595,1,0,0:0:0:0:
36,192,138595,1,0,0:0:0:0:
109,192,138653,1,0,0:0:0:0:
402,192,138683,1,0,0:0:0:0:
182,192,138712,1,0,0:0:0:0:
329,192,138770,1,0,0:0:0:0:
36,192,138770,1,0,0:0:0:0:
109,192,138828,1,0,0:0:0:0:
402,192,138857,1,0,0:0:0:0:
182,192,138886,1,0,0:0:0:0:
475,192,138944,1,0,0:0:0:0:
36,192,138944,1,0,0:0:0:0:
402,192,139002,1,0,0:0:0:0:
109,192,139031,1,0,0:0:0:0:
329,192,139060,1,0,0:0:0:0:
182,192,139119,1,0,0:0:0:0:
475,192,139119,1,0,0:0:0:0:
402,192,139177,1,0,0:0:0:0:
109,192,139206,1,0,0:0:0:0:
329,192,139235,1,0,0:0:0:0:
36,192,139293,1,0,0:0:0:0:
475,192,139293,1,0,0:0:0:0:
182,192,139380,1,0,0:0:0:0:
329,192,139467,1,0,0:0:0:0:
475,192,139555,1,0,0:0:0:0:
329,192,139642,1,0,0:0:0:0:
182,192,139729,1,0,0:0:0:0:
36,192,139816,1,0,0:0:0:0:
256,192,139903,1,0,0:0:0:0:
109,192,139991,1,0,0:0:0:0:
329,192,140078,1,0,0:0:0:0:
182,192,140165,1,0,0:0:0:0:
402,192,140252,1,0,0:0:0:0:
256,192,140340,1,0,0:0:0:0:
475,192,140427,1,0,0:0:0:0:
329,192,140514,1,0,0:0:0:0:
182,192,140514,1,0,0:0:0:0:
109,192,140514,1,0,0:0:0:0:
36,192,140514,1,0,0:0:0:0:
36,192,140688,1,0,0:0:0:0:
329,192,140688,1,0,0:0:0:0:
182,192,140688,1,0,0:0:0:0:
475,192,140688,1,0,0:0:0:0:
402,192,140688,1,0,0:0:0:0:
182,192,140776,1,0,0:0:0:0:
36,192,140776,1,0,0:0:0:0:
109,192,140950,1,0,0:0:0:0:
475,192,140950,1,0,0:0:0:0:
182,192,140950,1,0,0:0:0:0:
402,192,140950,1,0,0:0:0:0:
329,192,140950,1,0,0:0:0:0:
109,192,141037,1,0,0:0:0:0:
182,192,141037,1,0,0:0:0:0:
182,192,141212,1,0,0:0:0:0:
36,192,141212,1,0,0:0:0:0:
109,192,141212,1,0,0:0:0:0:
329,192,141212,1,0,0:0:0:0:
402,192,141212,1,0,0:0:0:0:
329,192,141299,1,0,0:0:0:0:
402,192,141299,1,0,0:0:0:0:
109,192,141473,1,0,0:0:0:0:
182,192,141473,1,0,0:0:0:0:
36,192,141473,1,0,0:0:0:0:
475,192,141473,1,0,0:0:0:0:
329,192,141473,1,0,0:0:0:0:
475,192,141560,1,0,0:0:0:0:
329,192,141560,1,0,0:0:0:0:
36,192,141735,1,0,0:0:0:0:
182,192,141735,1,0,0:0:0:0:
256,192,141735,1,0,0:0:0:0:
329,192,141735,1,0,0:0:0:0:
475,192,141735,1,0,0:0:0:0:
36,192,141909,1,0,0:0:0:0:
109,192,141909,1,0,0:0:0:0:
402,192,141909,1,0,0:0:0:0:
256,192,141909,1,0,0:0:0:0:
475,192,141909,1,0,0:0:0:0:
475,192,142084,1,0,0:0:0:0:
402,192,142084,1,0,0:0:0:0:
329,192,142084,1,0,0:0:0:0:
182,192,142084,1,0,0:0:0:0:
109,192,142084,1,0,0:0:0:0:
36,192,142084,1,0,0:0:0:0:
402,192,142443,1,0,0:0:0:0:
109,192,142443,1,0,0:0:0:0:
256,192,142443,128,0,142802:0:0:0:0:
402,192,142533,1,0,0:0:0:0:
109,192,142533,1,0,0:0:0:0:
329,192,142622,1,0,0:0:0:0:
182,192,142622,1,0,0:0:0:0:
109,192,142712,1,0,0:0:0:0:
402,192,142712,1,0,0:0:0:0:
475,192,142802,1,0,0:0:0:0:
36,192,142802,1,0,0:0:0:0:
