[Metadata]
Altale
削除
Sakuzyo
BMS, Deemo, G2R2014 Sakuzyo
57
0

[TimingPoints]
2065,666.666666666667,3,2,1,25,1,0
126065,722.89156626506,3,2,1,25,1,0


[HitObjects]
160,192,3731,5,0,0:0:0:1:
288,192,3953,1,0,0:0:0:1:
32,192,4065,1,0,0:0:0:1:
352,192,4065,1,0,0:0:0:1:
288,192,4745,1,0,0:0:0:1:
160,192,4967,1,0,0:0:0:1:
96,192,5078,1,0,0:0:0:1:
416,192,5092,1,0,0:0:0:1:
288,192,5731,1,0,0:0:0:1:
416,192,5940,1,0,0:0:0:1:
480,192,6050,1,0,0:0:0:1:
352,192,6065,1,0,0:0:0:1:
416,192,6398,1,0,0:0:0:1:
352,192,6745,1,0,0:0:0:1:
288,192,6953,1,0,0:0:0:1:
32,192,7078,1,0,0:0:0:1:
160,192,7078,1,0,0:0:0:1:
352,192,7731,1,0,0:0:0:1:
96,192,8050,1,0,0:0:0:1:
288,192,8065,1,0,0:0:0:1:
480,192,8731,1,0,0:0:0:1:
160,192,9065,1,0,0:0:0:1:
32,192,9078,1,0,0:0:0:1:
288,192,9411,1,0,0:0:0:1:
352,192,9717,1,0,0:0:0:1:
96,192,10065,1,0,0:0:0:1:
416,192,10065,1,0,0:0:0:1:
480,192,11065,1,0,0:0:0:1:
288,192,11078,1,0,0:0:0:1:
160,192,11731,1,0,0:0:0:1:
288,192,11967,1,0,0:0:0:1:
32,192,12050,1,0,0:0:0:1:
352,192,12050,1,0,0:0:0:1:
288,192,12731,1,0,0:0:0:1:
160,192,12953,1,0,0:0:0:1:
96,192,13036,1,0,0:0:0:1:
416,192,13065,1,0,0:0:0:1:
288,192,13717,1,0,0:0:0:1:
352,192,13940,1,0,0:0:0:1:
160,192,14050,1,0,0:0:0:1:
416,192,14078,1,0,0:0:0:1:
352,192,14411,1,0,0:0:0:1:
416,192,14745,1,0,0:0:0:1:
480,192,15065,1,0,0:0:0:1:
288,192,15078,1,0,0:0:0:1:
416,192,15384,1,0,0:0:0:1:
352,192,15634,1,0,0:0:0:1:
288,192,15731,1,0,0:0:0:1:
352,192,15953,1,0,0:0:0:1:
160,192,16078,1,0,0:0:0:1:
32,192,16092,1,0,0:0:0:1:
416,192,16703,1,0,0:0:0:1:
352,192,16953,1,0,0:0:0:1:
288,192,17050,1,0,0:0:0:1:
96,192,17078,1,0,0:0:0:1:
352,192,17384,1,0,0:0:0:1:
416,192,17703,1,0,0:0:0:1:
32,192,18065,1,0,0:0:0:1:
160,192,18065,1,0,0:0:0:1:
352,192,18065,1,0,0:0:0:1:
480,192,18065,1,0,0:0:0:1:
288,192,18120,1,0,0:0:0:1:
416,192,18176,1,0,0:0:0:1:
160,192,18231,1,0,0:0:0:1:
352,192,18287,1,0,0:0:0:1:
96,192,18342,1,0,0:0:0:1:
32,192,18398,1,0,0:0:0:1:
288,192,18398,1,0,0:0:0:1:
416,192,18398,1,0,0:0:0:1:
480,192,18398,1,0,0:0:0:1:
96,192,18453,1,0,0:0:0:1:
352,192,18509,1,0,0:0:0:1:
160,192,18565,1,0,0:0:0:1:
416,192,18620,1,0,0:0:0:1:
288,192,18676,1,0,0:0:0:1:
32,192,18731,1,0,0:0:0:1:
160,192,18731,1,0,0:0:0:1:
352,192,18731,1,0,0:0:0:1:
480,192,18731,1,0,0:0:0:1:
96,192,18787,1,0,0:0:0:1:
288,192,18842,1,0,0:0:0:1:
32,192,18898,1,0,0:0:0:1:
352,192,18953,1,0,0:0:0:1:
96,192,19009,1,0,0:0:0:1:
32,192,19065,1,0,0:0:0:1:
288,192,19065,1,0,0:0:0:1:
416,192,19065,1,0,0:0:0:1:
480,192,19065,1,0,0:0:0:1:
160,192,19120,1,0,0:0:0:1:
352,192,19176,1,0,0:0:0:1:
416,192,19231,1,0,0:0:0:1:
288,192,19287,1,0,0:0:0:1:
96,192,19342,1,0,0:0:0:1:
32,192,19398,1,0,0:0:0:1:
160,192,19398,1,0,0:0:0:1:
352,192,19398,1,0,0:0:0:1:
480,192,19398,1,0,0:0:0:1:
416,192,19453,1,0,0:0:0:1:
288,192,19509,1,0,0:0:0:1:
352,192,19565,1,0,0:0:0:1:
96,192,19620,1,0,0:0:0:1:
288,192,19676,1,0,0:0:0:1:
32,192,19731,1,0,0:0:0:1:
160,192,19731,1,0,0:0:0:1:
416,192,19731,1,0,0:0:0:1:
480,192,19731,1,0,0:0:0:1:
96,192,19787,1,0,0:0:0:1:
352,192,19842,1,0,0:0:0:1:
160,192,19898,1,0,0:0:0:1:
416,192,19953,1,0,0:0:0:1:
352,192,20009,1,0,0:0:0:1:
32,192,20065,1,0,0:0:0:1:
96,192,20065,1,0,0:0:0:1:
288,192,20065,1,0,0:0:0:1:
480,192,20065,1,0,0:0:0:1:
416,192,20120,1,0,0:0:0:1:
160,192,20176,1,0,0:0:0:1:
352,192,20231,1,0,0:0:0:1:
96,192,20287,1,0,0:0:0:1:
288,192,20342,1,0,0:0:0:1:
32,192,20398,1,0,0:0:0:1:
160,192,20398,1,0,0:0:0:1:
352,192,20398,1,0,0:0:0:1:
480,192,20398,1,0,0:0:0:1:
416,192,20453,1,0,0:0:0:1:
288,192,20509,1,0,0:0:0:1:
352,192,20565,1,0,0:0:0:1:
160,192,20620,1,0,0:0:0:1:
96,192,20676,1,0,0:0:0:1:
32,192,20731,1,0,0:0:0:1:
288,192,20731,1,0,0:0:0:1:
416,192,20731,1,0,0:0:0:1:
480,192,20731,1,0,0:0:0:1:
352,192,20787,1,0,0:0:0:1:
160,192,20842,1,0,0:0:0:1:
416,192,20898,1,0,0:0:0:1:
96,192,20953,1,0,0:0:0:1:
288,192,21009,1,0,0:0:0:1:
32,192,21065,1,0,0:0:0:1:
160,192,21065,1,0,0:0:0:1:
352,192,21065,1,0,0:0:0:1:
480,192,21065,1,0,0:0:0:1:
416,192,21120,1,0,0:0:0:1:
288,192,21176,1,0,0:0:0:1:
32,192,21231,1,0,0:0:0:1:
352,192,21287,1,0,0:0:0:1:
96,192,21342,1,0,0:0:0:1:
32,192,21398,1,0,0:0:0:1:
288,192,21398,1,0,0:0:0:1:
416,192,21398,1,0,0:0:0:1:
480,192,21398,1,0,0:0:0:1:
160,192,21453,1,0,0:0:0:1:
96,192,21509,1,0,0:0:0:1:
288,192,21565,1,0,0:0:0:1:
416,192,21620,1,0,0:0:0:1:
160,192,21676,1,0,0:0:0:1:
32,192,21731,1,0,0:0:0:1:
96,192,21731,1,0,0:0:0:1:
352,192,21731,1,0,0:0:0:1:
480,192,21731,1,0,0:0:0:1:
416,192,21787,1,0,0:0:0:1:
352,192,21842,1,0,0:0:0:1:
288,192,21898,1,0,0:0:0:1:
160,192,21953,1,0,0:0:0:1:
96,192,22009,1,0,0:0:0:1:
32,192,22065,1,0,0:0:0:1:
160,192,22065,1,0,0:0:0:1:
352,192,22065,1,0,0:0:0:1:
480,192,22065,1,0,0:0:0:1:
416,192,22120,1,0,0:0:0:1:
288,192,22176,1,0,0:0:0:1:
160,192,22231,1,0,0:0:0:1:
352,192,22287,1,0,0:0:0:1:
96,192,22342,1,0,0:0:0:1:
32,192,22398,1,0,0:0:0:1:
160,192,22398,1,0,0:0:0:1:
288,192,22398,1,0,0:0:0:1:
480,192,22398,1,0,0:0:0:1:
416,192,22453,1,0,0:0:0:1:
352,192,22509,1,0,0:0:0:1:
32,192,22565,1,0,0:0:0:1:
288,192,22620,1,0,0:0:0:1:
96,192,22676,1,0,0:0:0:1:
32,192,22731,1,0,0:0:0:1:
160,192,22731,1,0,0:0:0:1:
352,192,22731,1,0,0:0:0:1:
480,192,22731,1,0,0:0:0:1:
416,192,22787,1,0,0:0:0:1:
288,192,22842,1,0,0:0:0:1:
160,192,22898,1,0,0:0:0:1:
352,192,22953,1,0,0:0:0:1:
96,192,23009,1,0,0:0:0:1:
32,192,23065,1,0,0:0:0:1:
160,192,23065,1,0,0:0:0:1:
288,192,23065,1,0,0:0:0:1:
480,192,23065,1,0,0:0:0:1:
416,192,23120,1,0,0:0:0:1:
96,192,23176,1,0,0:0:0:1:
352,192,23231,1,0,0:0:0:1:
288,192,23287,1,0,0:0:0:1:
96,192,23342,1,0,0:0:0:1:
32,192,23398,1,0,0:0:0:1:
160,192,23398,1,0,0:0:0:1:
352,192,23398,1,0,0:0:0:1:
480,192,23398,1,0,0:0:0:1:
416,192,23453,1,0,0:0:0:1:
288,192,23509,1,0,0:0:0:1:
32,192,23565,1,0,0:0:0:1:
352,192,23620,1,0,0:0:0:1:
160,192,23676,1,0,0:0:0:1:
32,192,23731,1,0,0:0:0:1:
96,192,23731,1,0,0:0:0:1:
288,192,23731,1,0,0:0:0:1:
480,192,23731,1,0,0:0:0:1:
352,192,23787,1,0,0:0:0:1:
416,192,23842,1,0,0:0:0:1:
288,192,23898,1,0,0:0:0:1:
352,192,23953,1,0,0:0:0:1:
160,192,24009,1,0,0:0:0:1:
32,192,24065,1,0,0:0:0:1:
96,192,24065,1,0,0:0:0:1:
288,192,24065,1,0,0:0:0:1:
480,192,24065,1,0,0:0:0:1:
416,192,24120,1,0,0:0:0:1:
160,192,24176,1,0,0:0:0:1:
352,192,24231,1,0,0:0:0:1:
96,192,24287,1,0,0:0:0:1:
288,192,24342,1,0,0:0:0:1:
32,192,24398,1,0,0:0:0:1:
160,192,24398,1,0,0:0:0:1:
352,192,24398,1,0,0:0:0:1:
480,192,24398,1,0,0:0:0:1:
416,192,24453,1,0,0:0:0:1:
288,192,24509,1,0,0:0:0:1:
352,192,24565,1,0,0:0:0:1:
160,192,24620,1,0,0:0:0:1:
96,192,24676,1,0,0:0:0:1:
32,192,24731,1,0,0:0:0:1:
160,192,24731,1,0,0:0:0:1:
416,192,24731,1,0,0:0:0:1:
480,192,24731,1,0,0:0:0:1:
352,192,24787,1,0,0:0:0:1:
288,192,24842,1,0,0:0:0:1:
96,192,24898,1,0,0:0:0:1:
416,192,24953,1,0,0:0:0:1:
160,192,25009,1,0,0:0:0:1:
32,192,25065,1,0,0:0:0:1:
96,192,25065,1,0,0:0:0:1:
352,192,25065,1,0,0:0:0:1:
480,192,25065,1,0,0:0:0:1:
416,192,25120,1,0,0:0:0:1:
288,192,25176,1,0,0:0:0:1:
32,192,25231,1,0,0:0:0:1:
96,192,25287,1,0,0:0:0:1:
288,192,25342,1,0,0:0:0:1:
32,192,25398,1,0,0:0:0:1:
160,192,25398,1,0,0:0:0:1:
352,192,25398,1,0,0:0:0:1:
480,192,25398,1,0,0:0:0:1:
416,192,25453,1,0,0:0:0:1:
288,192,25509,1,0,0:0:0:1:
352,192,25565,1,0,0:0:0:1:
288,192,25620,1,0,0:0:0:1:
96,192,25676,1,0,0:0:0:1:
32,192,25731,1,0,0:0:0:1:
160,192,25731,1,0,0:0:0:1:
352,192,25731,1,0,0:0:0:1:
480,192,25731,1,0,0:0:0:1:
416,192,25787,1,0,0:0:0:1:
352,192,25842,1,0,0:0:0:1:
288,192,25898,1,0,0:0:0:1:
160,192,25953,1,0,0:0:0:1:
96,192,26009,1,0,0:0:0:1:
32,192,26065,1,0,0:0:0:1:
160,192,26065,1,0,0:0:0:1:
288,192,26065,1,0,0:0:0:1:
416,192,26065,1,0,0:0:0:1:
96,192,26398,1,0,0:0:0:1:
352,192,26398,1,0,0:0:0:1:
480,192,26398,1,0,0:0:0:1:
160,192,26731,1,0,0:0:0:1:
288,192,26731,1,0,0:0:0:1:
416,192,26731,1,0,0:0:0:1:
32,192,27065,1,0,0:0:0:1:
160,192,27065,1,0,0:0:0:1:
288,192,27065,1,0,0:0:0:1:
352,192,27065,1,0,0:0:0:1:
480,192,27065,1,0,0:0:0:1:
416,192,27148,1,0,0:0:0:1:
480,192,27231,1,0,0:0:0:1:
416,192,27315,1,0,0:0:0:1:
96,192,27398,1,0,0:0:0:1:
160,192,27398,1,0,0:0:0:1:
288,192,27398,1,0,0:0:0:1:
480,192,27398,1,0,0:0:0:1:
416,192,27481,1,0,0:0:0:1:
480,192,27565,1,0,0:0:0:1:
416,192,27648,1,0,0:0:0:1:
96,192,27731,1,0,0:0:0:1:
288,192,27731,1,0,0:0:0:1:
352,192,27731,1,0,0:0:0:1:
480,192,27731,1,0,0:0:0:1:
32,192,28065,1,0,0:0:0:1:
160,192,28065,1,0,0:0:0:1:
288,192,28065,1,0,0:0:0:1:
416,192,28065,1,0,0:0:0:1:
96,192,28398,1,0,0:0:0:1:
160,192,28398,1,0,0:0:0:1:
352,192,28398,1,0,0:0:0:1:
96,192,28731,1,0,0:0:0:1:
288,192,28731,1,0,0:0:0:1:
416,192,28731,1,0,0:0:0:1:
32,192,29065,1,0,0:0:0:1:
96,192,29065,1,0,0:0:0:1:
160,192,29065,1,0,0:0:0:1:
352,192,29065,1,0,0:0:0:1:
480,192,29065,1,0,0:0:0:1:
416,192,29148,1,0,0:0:0:1:
480,192,29231,1,0,0:0:0:1:
416,192,29315,1,0,0:0:0:1:
32,192,29398,1,0,0:0:0:1:
160,192,29398,1,0,0:0:0:1:
288,192,29398,1,0,0:0:0:1:
352,192,29398,1,0,0:0:0:1:
416,192,29481,1,0,0:0:0:1:
352,192,29565,1,0,0:0:0:1:
288,192,29648,1,0,0:0:0:1:
96,192,29731,1,0,0:0:0:1:
160,192,29731,1,0,0:0:0:1:
352,192,29731,1,0,0:0:0:1:
480,192,29731,1,0,0:0:0:1:
32,192,30065,1,0,0:0:0:1:
96,192,30065,1,0,0:0:0:1:
288,192,30065,1,0,0:0:0:1:
416,192,30065,1,0,0:0:0:1:
96,192,30398,1,0,0:0:0:1:
288,192,30398,1,0,0:0:0:1:
352,192,30398,1,0,0:0:0:1:
480,192,30565,1,0,0:0:0:1:
96,192,30731,1,0,0:0:0:1:
288,192,30731,1,0,0:0:0:1:
416,192,30731,1,0,0:0:0:1:
352,192,30898,1,0,0:0:0:1:
32,192,31065,1,0,0:0:0:1:
160,192,31065,1,0,0:0:0:1:
288,192,31065,1,0,0:0:0:1:
416,192,31065,1,0,0:0:0:1:
480,192,31065,1,0,0:0:0:1:
96,192,31148,1,0,0:0:0:1:
160,192,31231,1,0,0:0:0:1:
288,192,31315,1,0,0:0:0:1:
32,192,31398,1,0,0:0:0:1:
160,192,31398,1,0,0:0:0:1:
352,192,31398,1,0,0:0:0:1:
416,192,31398,1,0,0:0:0:1:
288,192,31481,1,0,0:0:0:1:
352,192,31565,1,0,0:0:0:1:
416,192,31648,1,0,0:0:0:1:
96,192,31731,1,0,0:0:0:1:
160,192,31731,1,0,0:0:0:1:
352,192,31731,1,0,0:0:0:1:
480,192,31731,1,0,0:0:0:1:
32,192,32065,1,0,0:0:0:1:
160,192,32065,1,0,0:0:0:1:
288,192,32065,1,0,0:0:0:1:
416,192,32065,1,0,0:0:0:1:
160,192,32398,1,0,0:0:0:1:
352,192,32398,1,0,0:0:0:1:
480,192,32398,1,0,0:0:0:1:
96,192,32731,1,0,0:0:0:1:
288,192,32731,1,0,0:0:0:1:
352,192,32731,1,0,0:0:0:1:
32,192,33065,1,0,0:0:0:1:
160,192,33065,1,0,0:0:0:1:
288,192,33065,1,0,0:0:0:1:
352,192,33065,1,0,0:0:0:1:
480,192,33065,1,0,0:0:0:1:
416,192,33148,1,0,0:0:0:1:
352,192,33231,1,0,0:0:0:1:
288,192,33315,1,0,0:0:0:1:
32,192,33398,1,0,0:0:0:1:
96,192,33398,1,0,0:0:0:1:
352,192,33398,1,0,0:0:0:1:
480,192,33398,1,0,0:0:0:1:
288,192,33481,1,0,0:0:0:1:
160,192,33565,1,0,0:0:0:1:
96,192,33648,1,0,0:0:0:1:
32,192,33731,1,0,0:0:0:1:
160,192,33731,1,0,0:0:0:1:
352,192,33731,1,0,0:0:0:1:
416,192,33731,1,0,0:0:0:1:
32,192,34065,1,0,0:0:0:1:
160,192,34065,1,0,0:0:0:1:
288,192,34065,1,0,0:0:0:1:
352,192,34065,1,0,0:0:0:1:
160,192,34398,1,0,0:0:0:1:
352,192,34398,1,0,0:0:0:1:
416,192,34398,1,0,0:0:0:1:
96,192,34731,1,0,0:0:0:1:
288,192,34731,1,0,0:0:0:1:
352,192,34731,1,0,0:0:0:1:
32,192,35065,1,0,0:0:0:1:
160,192,35065,1,0,0:0:0:1:
352,192,35065,1,0,0:0:0:1:
480,192,35065,1,0,0:0:0:1:
160,192,35398,1,0,0:0:0:1:
288,192,35398,1,0,0:0:0:1:
416,192,35398,1,0,0:0:0:1:
96,192,35731,1,0,0:0:0:1:
288,192,35731,1,0,0:0:0:1:
352,192,35731,1,0,0:0:0:1:
32,192,36065,1,0,0:0:0:1:
160,192,36065,1,0,0:0:0:1:
288,192,36065,1,0,0:0:0:1:
416,192,36065,1,0,0:0:0:1:
96,192,36398,1,0,0:0:0:1:
288,192,36398,1,0,0:0:0:1:
480,192,36398,1,0,0:0:0:1:
96,192,36731,1,0,0:0:0:1:
160,192,36731,1,0,0:0:0:1:
352,192,36731,1,0,0:0:0:1:
32,192,37065,1,0,0:0:0:1:
160,192,37065,1,0,0:0:0:1:
352,192,37065,1,0,0:0:0:1:
480,192,37065,1,0,0:0:0:1:
160,192,37398,1,0,0:0:0:1:
288,192,37398,1,0,0:0:0:1:
416,192,37398,1,0,0:0:0:1:
352,192,37565,1,0,0:0:0:1:
32,192,37731,1,0,0:0:0:1:
96,192,37731,1,0,0:0:0:1:
288,192,37731,1,0,0:0:0:1:
160,192,37898,1,0,0:0:0:1:
32,192,38065,1,0,0:0:0:1:
96,192,38065,1,0,0:0:0:1:
288,192,38065,1,0,0:0:0:1:
352,192,38065,1,0,0:0:0:1:
160,192,38398,1,0,0:0:0:1:
352,192,38398,1,0,0:0:0:1:
96,192,38731,1,0,0:0:0:1:
288,192,38731,1,0,0:0:0:1:
416,192,38731,1,0,0:0:0:1:
480,192,38898,1,0,0:0:0:1:
32,192,39065,1,0,0:0:0:1:
160,192,39065,1,0,0:0:0:1:
288,192,39065,1,0,0:0:0:1:
352,192,39065,1,0,0:0:0:1:
96,192,39398,1,0,0:0:0:1:
352,192,39398,1,0,0:0:0:1:
416,192,39398,1,0,0:0:0:1:
96,192,39731,1,0,0:0:0:1:
288,192,39731,1,0,0:0:0:1:
416,192,39731,1,0,0:0:0:1:
32,192,40065,1,0,0:0:0:1:
160,192,40065,1,0,0:0:0:1:
352,192,40065,1,0,0:0:0:1:
480,192,40065,1,0,0:0:0:1:
96,192,40120,1,0,0:0:0:1:
160,192,40176,1,0,0:0:0:1:
288,192,40231,1,0,0:0:0:1:
352,192,40287,1,0,0:0:0:1:
416,192,40342,1,0,0:0:0:1:
32,192,40398,1,0,0:0:0:1:
480,192,40398,1,0,0:0:0:1:
96,192,40453,1,0,0:0:0:1:
160,192,40509,1,0,0:0:0:1:
288,192,40565,1,0,0:0:0:1:
352,192,40620,1,0,0:0:0:1:
416,192,40676,1,0,0:0:0:1:
32,192,40731,1,0,0:0:0:1:
480,192,40731,1,0,0:0:0:1:
160,192,40787,1,0,0:0:0:1:
288,192,40842,1,0,0:0:0:1:
352,192,40898,1,0,0:0:0:1:
416,192,40953,1,0,0:0:0:1:
288,192,41009,1,0,0:0:0:1:
32,192,41065,1,0,0:0:0:1:
160,192,41065,1,0,0:0:0:1:
352,192,41065,1,0,0:0:0:1:
480,192,41065,1,0,0:0:0:1:
96,192,41120,1,0,0:0:0:1:
288,192,41176,1,0,0:0:0:1:
352,192,41231,1,0,0:0:0:1:
160,192,41287,1,0,0:0:0:1:
416,192,41342,1,0,0:0:0:1:
32,192,41398,1,0,0:0:0:1:
352,192,41398,1,0,0:0:0:1:
480,192,41398,1,0,0:0:0:1:
288,192,41453,1,0,0:0:0:1:
96,192,41509,1,0,0:0:0:1:
352,192,41565,1,0,0:0:0:1:
160,192,41620,1,0,0:0:0:1:
416,192,41676,1,0,0:0:0:1:
32,192,41731,1,0,0:0:0:1:
480,192,41731,1,0,0:0:0:1:
96,192,41787,1,0,0:0:0:1:
288,192,41842,1,0,0:0:0:1:
160,192,41898,1,0,0:0:0:1:
352,192,41953,1,0,0:0:0:1:
416,192,42009,1,0,0:0:0:1:
480,192,42036,1,0,0:0:0:1:
32,192,42065,1,0,0:0:0:1:
160,192,42065,1,0,0:0:0:1:
288,192,42065,1,0,0:0:0:1:
352,192,42231,1,0,0:0:0:1:
416,192,42370,1,0,0:0:0:1:
32,192,42398,1,0,0:0:0:1:
288,192,42398,1,0,0:0:0:1:
160,192,42565,1,0,0:0:0:1:
480,192,42703,1,0,0:0:0:1:
288,192,42731,1,0,0:0:0:1:
352,192,42731,1,0,0:0:0:1:
96,192,42898,1,0,0:0:0:1:
416,192,43036,1,0,0:0:0:1:
32,192,43065,1,0,0:0:0:1:
160,192,43065,1,0,0:0:0:1:
352,192,43065,1,0,0:0:0:1:
96,192,43231,1,0,0:0:0:1:
352,192,43370,1,0,0:0:0:1:
288,192,43398,1,0,0:0:0:1:
480,192,43398,1,0,0:0:0:1:
96,192,43565,1,0,0:0:0:1:
416,192,43703,1,0,0:0:0:1:
32,192,43731,1,0,0:0:0:1:
288,192,43731,1,0,0:0:0:1:
480,192,43898,1,0,0:0:0:1:
352,192,44036,1,0,0:0:0:1:
32,192,44065,1,0,0:0:0:1:
160,192,44065,1,0,0:0:0:1:
480,192,44231,1,0,0:0:0:1:
160,192,44370,1,0,0:0:0:1:
96,192,44398,1,0,0:0:0:1:
288,192,44398,1,0,0:0:0:1:
352,192,44398,1,0,0:0:0:1:
160,192,44565,1,0,0:0:0:1:
352,192,44703,1,0,0:0:0:1:
32,192,44731,1,0,0:0:0:1:
288,192,44731,1,0,0:0:0:1:
416,192,44731,1,0,0:0:0:1:
96,192,44898,1,0,0:0:0:1:
352,192,45036,1,0,0:0:0:1:
32,192,45065,1,0,0:0:0:1:
160,192,45065,1,0,0:0:0:1:
480,192,45065,1,0,0:0:0:1:
416,192,45231,1,0,0:0:0:1:
96,192,45370,1,0,0:0:0:1:
288,192,45398,1,0,0:0:0:1:
352,192,45398,1,0,0:0:0:1:
480,192,45398,1,0,0:0:0:1:
160,192,45565,1,0,0:0:0:1:
288,192,45565,1,0,0:0:0:1:
416,192,45703,1,0,0:0:0:1:
32,192,45731,1,0,0:0:0:1:
288,192,45731,1,0,0:0:0:1:
160,192,45898,1,0,0:0:0:1:
480,192,46036,1,0,0:0:0:1:
32,192,46065,1,0,0:0:0:1:
288,192,46065,1,0,0:0:0:1:
96,192,46231,1,0,0:0:0:1:
416,192,46370,1,0,0:0:0:1:
288,192,46398,1,0,0:0:0:1:
480,192,46398,1,0,0:0:0:1:
160,192,46565,1,0,0:0:0:1:
352,192,46703,1,0,0:0:0:1:
32,192,46731,1,0,0:0:0:1:
288,192,46731,1,0,0:0:0:1:
416,192,46898,1,0,0:0:0:1:
160,192,47036,1,0,0:0:0:1:
32,192,47065,1,0,0:0:0:1:
352,192,47065,1,0,0:0:0:1:
96,192,47231,1,0,0:0:0:1:
160,192,47370,1,0,0:0:0:1:
288,192,47398,1,0,0:0:0:1:
416,192,47398,1,0,0:0:0:1:
96,192,47565,1,0,0:0:0:1:
352,192,47703,1,0,0:0:0:1:
32,192,47731,1,0,0:0:0:1:
288,192,47731,1,0,0:0:0:1:
160,192,47898,1,0,0:0:0:1:
416,192,48036,1,0,0:0:0:1:
32,192,48065,1,0,0:0:0:1:
352,192,48065,1,0,0:0:0:1:
480,192,48065,1,0,0:0:0:1:
160,192,48231,1,0,0:0:0:1:
288,192,48398,1,0,0:0:0:1:
480,192,48398,1,0,0:0:0:1:
160,192,48565,1,0,0:0:0:1:
32,192,48731,1,0,0:0:0:1:
288,192,48731,1,0,0:0:0:1:
96,192,48898,1,0,0:0:0:1:
32,192,49065,1,0,0:0:0:1:
160,192,49065,1,0,0:0:0:1:
416,192,49065,1,0,0:0:0:1:
352,192,49231,1,0,0:0:0:1:
288,192,49398,1,0,0:0:0:1:
480,192,49398,1,0,0:0:0:1:
32,192,49565,1,0,0:0:0:1:
288,192,49565,1,0,0:0:0:1:
96,192,49731,1,0,0:0:0:1:
288,192,49731,1,0,0:0:0:1:
352,192,49898,1,0,0:0:0:1:
416,192,50036,1,0,0:0:0:1:
32,192,50065,1,0,0:0:0:1:
160,192,50065,1,0,0:0:0:1:
480,192,50065,1,0,0:0:0:1:
96,192,50231,1,0,0:0:0:1:
160,192,50370,1,0,0:0:0:1:
288,192,50398,1,0,0:0:0:1:
416,192,50398,1,0,0:0:0:1:
96,192,50565,1,0,0:0:0:1:
352,192,50703,1,0,0:0:0:1:
32,192,50731,1,0,0:0:0:1:
288,192,50731,1,0,0:0:0:1:
160,192,50898,1,0,0:0:0:1:
416,192,51036,1,0,0:0:0:1:
32,192,51065,1,0,0:0:0:1:
352,192,51065,1,0,0:0:0:1:
480,192,51065,1,0,0:0:0:1:
96,192,51231,1,0,0:0:0:1:
352,192,51370,1,0,0:0:0:1:
160,192,51398,1,0,0:0:0:1:
416,192,51398,1,0,0:0:0:1:
96,192,51565,1,0,0:0:0:1:
416,192,51703,1,0,0:0:0:1:
32,192,51731,1,0,0:0:0:1:
288,192,51731,1,0,0:0:0:1:
96,192,51898,1,0,0:0:0:1:
160,192,52036,1,0,0:0:0:1:
32,192,52065,1,0,0:0:0:1:
288,192,52065,1,0,0:0:0:1:
352,192,52231,1,0,0:0:0:1:
160,192,52370,1,0,0:0:0:1:
96,192,52398,1,0,0:0:0:1:
288,192,52398,1,0,0:0:0:1:
416,192,52398,1,0,0:0:0:1:
160,192,52565,1,0,0:0:0:1:
352,192,52703,1,0,0:0:0:1:
32,192,52731,1,0,0:0:0:1:
288,192,52731,1,0,0:0:0:1:
416,192,52731,1,0,0:0:0:1:
96,192,52898,1,0,0:0:0:1:
352,192,53009,1,0,0:0:0:1:
480,192,53036,1,0,0:0:0:1:
32,192,53065,1,0,0:0:0:1:
160,192,53065,1,0,0:0:0:1:
96,192,53231,1,0,0:0:0:1:
160,192,53370,1,0,0:0:0:1:
32,192,53398,1,0,0:0:0:1:
288,192,53398,1,0,0:0:0:1:
416,192,53398,1,0,0:0:0:1:
288,192,53565,1,0,0:0:0:1:
352,192,53565,1,0,0:0:0:1:
416,192,53703,1,0,0:0:0:1:
32,192,53731,1,0,0:0:0:1:
288,192,53731,1,0,0:0:0:1:
480,192,53731,1,0,0:0:0:1:
160,192,53898,1,0,0:0:0:1:
352,192,54036,1,0,0:0:0:1:
32,192,54065,1,0,0:0:0:1:
96,192,54065,1,0,0:0:0:1:
416,192,54065,1,0,0:0:0:1:
160,192,54231,1,0,0:0:0:1:
96,192,54370,1,0,0:0:0:1:
288,192,54398,1,0,0:0:0:1:
352,192,54398,1,0,0:0:0:1:
160,192,54565,1,0,0:0:0:1:
416,192,54703,1,0,0:0:0:1:
32,192,54731,1,0,0:0:0:1:
288,192,54731,1,0,0:0:0:1:
96,192,54898,1,0,0:0:0:1:
416,192,55036,1,0,0:0:0:1:
32,192,55065,1,0,0:0:0:1:
160,192,55065,1,0,0:0:0:1:
480,192,55065,1,0,0:0:0:1:
352,192,55231,1,0,0:0:0:1:
96,192,55370,1,0,0:0:0:1:
288,192,55398,1,0,0:0:0:1:
416,192,55398,1,0,0:0:0:1:
352,192,55565,1,0,0:0:0:1:
160,192,55703,1,0,0:0:0:1:
32,192,55731,1,0,0:0:0:1:
288,192,55731,1,0,0:0:0:1:
480,192,55731,1,0,0:0:0:1:
96,192,55898,1,0,0:0:0:1:
416,192,55898,1,0,0:0:0:1:
160,192,56036,1,0,0:0:0:1:
32,192,56065,1,0,0:0:0:1:
352,192,56065,1,0,0:0:0:1:
480,192,56065,1,0,0:0:0:1:
96,192,56231,1,0,0:0:0:1:
288,192,56398,1,0,0:0:0:1:
480,192,56398,1,0,0:0:0:1:
160,192,56565,1,0,0:0:0:1:
32,192,56731,1,0,0:0:0:1:
288,192,56731,1,0,0:0:0:1:
416,192,56898,1,0,0:0:0:1:
32,192,57065,1,0,0:0:0:1:
352,192,57065,1,0,0:0:0:1:
160,192,57231,1,0,0:0:0:1:
32,192,57398,1,0,0:0:0:1:
96,192,57398,1,0,0:0:0:1:
288,192,57398,1,0,0:0:0:1:
352,192,57398,1,0,0:0:0:1:
288,192,57565,1,0,0:0:0:1:
480,192,57565,1,0,0:0:0:1:
96,192,57731,1,0,0:0:0:1:
288,192,57731,1,0,0:0:0:1:
352,192,57731,1,0,0:0:0:1:
416,192,57731,1,0,0:0:0:1:
160,192,57898,1,0,0:0:0:1:
32,192,58065,1,0,0:0:0:1:
160,192,58065,1,0,0:0:0:1:
288,192,58065,1,0,0:0:0:1:
416,192,58065,1,0,0:0:0:1:
480,192,58065,1,0,0:0:0:1:
96,192,58148,1,0,0:0:0:1:
160,192,58231,1,0,0:0:0:1:
352,192,58231,1,0,0:0:0:1:
288,192,58315,1,0,0:0:0:1:
32,192,58398,1,0,0:0:0:1:
160,192,58398,1,0,0:0:0:1:
480,192,58398,1,0,0:0:0:1:
288,192,58481,1,0,0:0:0:1:
96,192,58565,1,0,0:0:0:1:
352,192,58565,1,0,0:0:0:1:
416,192,58648,1,0,0:0:0:1:
32,192,58731,1,0,0:0:0:1:
288,192,58731,1,0,0:0:0:1:
480,192,58731,1,0,0:0:0:1:
96,192,58815,1,0,0:0:0:1:
160,192,58898,1,0,0:0:0:1:
352,192,58898,1,0,0:0:0:1:
288,192,58981,1,0,0:0:0:1:
32,192,59065,1,0,0:0:0:1:
96,192,59065,1,0,0:0:0:1:
160,192,59065,1,0,0:0:0:1:
416,192,59065,1,0,0:0:0:1:
480,192,59065,1,0,0:0:0:1:
352,192,59148,1,0,0:0:0:1:
160,192,59231,1,0,0:0:0:1:
416,192,59231,1,0,0:0:0:1:
480,192,59315,1,0,0:0:0:1:
32,192,59398,1,0,0:0:0:1:
288,192,59398,1,0,0:0:0:1:
352,192,59398,1,0,0:0:0:1:
96,192,59481,1,0,0:0:0:1:
160,192,59565,1,0,0:0:0:1:
416,192,59565,1,0,0:0:0:1:
288,192,59648,1,0,0:0:0:1:
32,192,59731,1,0,0:0:0:1:
96,192,59731,1,0,0:0:0:1:
160,192,59731,1,0,0:0:0:1:
352,192,59731,1,0,0:0:0:1:
480,192,59731,1,0,0:0:0:1:
288,192,59815,1,0,0:0:0:1:
160,192,59898,1,0,0:0:0:1:
352,192,59898,1,0,0:0:0:1:
416,192,59981,1,0,0:0:0:1:
32,192,60065,1,0,0:0:0:1:
96,192,60065,1,0,0:0:0:1:
288,192,60065,1,0,0:0:0:1:
352,192,60065,1,0,0:0:0:1:
480,192,60065,1,0,0:0:0:1:
416,192,60148,1,0,0:0:0:1:
96,192,60231,1,0,0:0:0:1:
160,192,60231,1,0,0:0:0:1:
352,192,60231,1,0,0:0:0:1:
288,192,60315,1,0,0:0:0:1:
32,192,60398,1,0,0:0:0:1:
160,192,60398,1,0,0:0:0:1:
352,192,60398,1,0,0:0:0:1:
416,192,60398,1,0,0:0:0:1:
480,192,60481,1,0,0:0:0:1:
32,192,60565,1,0,0:0:0:1:
288,192,60565,1,0,0:0:0:1:
96,192,60648,1,0,0:0:0:1:
160,192,60731,1,0,0:0:0:1:
288,192,60731,1,0,0:0:0:1:
416,192,60731,1,0,0:0:0:1:
352,192,60815,1,0,0:0:0:1:
96,192,60898,1,0,0:0:0:1:
288,192,60898,1,0,0:0:0:1:
160,192,60981,1,0,0:0:0:1:
32,192,61065,1,0,0:0:0:1:
352,192,61065,1,0,0:0:0:1:
480,192,61065,1,0,0:0:0:1:
288,192,61148,1,0,0:0:0:1:
160,192,61231,1,0,0:0:0:1:
416,192,61231,1,0,0:0:0:1:
96,192,61315,1,0,0:0:0:1:
32,192,61398,1,0,0:0:0:1:
160,192,61398,1,0,0:0:0:1:
288,192,61398,1,0,0:0:0:1:
352,192,61398,1,0,0:0:0:1:
480,192,61398,1,0,0:0:0:1:
416,192,61481,1,0,0:0:0:1:
96,192,61565,1,0,0:0:0:1:
352,192,61565,1,0,0:0:0:1:
288,192,61648,1,0,0:0:0:1:
32,192,61731,1,0,0:0:0:1:
160,192,61731,1,0,0:0:0:1:
352,192,61731,1,0,0:0:0:1:
480,192,61731,1,0,0:0:0:1:
288,192,61815,1,0,0:0:0:1:
160,192,61898,1,0,0:0:0:1:
416,192,61898,1,0,0:0:0:1:
96,192,61981,1,0,0:0:0:1:
32,192,62065,1,0,0:0:0:1:
160,192,62065,1,0,0:0:0:1:
352,192,62065,1,0,0:0:0:1:
416,192,62065,1,0,0:0:0:1:
480,192,62065,1,0,0:0:0:1:
96,192,62148,1,0,0:0:0:1:
160,192,62231,1,0,0:0:0:1:
352,192,62231,1,0,0:0:0:1:
288,192,62315,1,0,0:0:0:1:
32,192,62398,1,0,0:0:0:1:
160,192,62398,1,0,0:0:0:1:
416,192,62398,1,0,0:0:0:1:
352,192,62481,1,0,0:0:0:1:
96,192,62565,1,0,0:0:0:1:
416,192,62565,1,0,0:0:0:1:
480,192,62648,1,0,0:0:0:1:
32,192,62731,1,0,0:0:0:1:
288,192,62731,1,0,0:0:0:1:
352,192,62731,1,0,0:0:0:1:
96,192,62815,1,0,0:0:0:1:
160,192,62898,1,0,0:0:0:1:
416,192,62898,1,0,0:0:0:1:
352,192,62981,1,0,0:0:0:1:
32,192,63065,1,0,0:0:0:1:
96,192,63065,1,0,0:0:0:1:
288,192,63065,1,0,0:0:0:1:
416,192,63065,1,0,0:0:0:1:
480,192,63065,1,0,0:0:0:1:
160,192,63148,1,0,0:0:0:1:
96,192,63231,1,0,0:0:0:1:
352,192,63231,1,0,0:0:0:1:
416,192,63315,1,0,0:0:0:1:
32,192,63398,1,0,0:0:0:1:
160,192,63398,1,0,0:0:0:1:
288,192,63398,1,0,0:0:0:1:
352,192,63398,1,0,0:0:0:1:
480,192,63398,1,0,0:0:0:1:
96,192,63481,1,0,0:0:0:1:
288,192,63565,1,0,0:0:0:1:
416,192,63565,1,0,0:0:0:1:
480,192,63648,1,0,0:0:0:1:
32,192,63731,1,0,0:0:0:1:
96,192,63731,1,0,0:0:0:1:
160,192,63731,1,0,0:0:0:1:
352,192,63731,1,0,0:0:0:1:
416,192,63731,1,0,0:0:0:1:
288,192,63815,1,0,0:0:0:1:
160,192,63898,1,0,0:0:0:1:
352,192,63898,1,0,0:0:0:1:
416,192,63981,1,0,0:0:0:1:
32,192,64065,1,0,0:0:0:1:
160,192,64065,1,0,0:0:0:1:
288,192,64065,1,0,0:0:0:1:
352,192,64065,1,0,0:0:0:1:
480,192,64065,1,0,0:0:0:1:
96,192,64148,1,0,0:0:0:1:
288,192,64231,1,0,0:0:0:1:
416,192,64231,1,0,0:0:0:1:
160,192,64315,1,0,0:0:0:1:
32,192,64398,1,0,0:0:0:1:
96,192,64398,1,0,0:0:0:1:
480,192,64398,1,0,0:0:0:1:
352,192,64481,1,0,0:0:0:1:
288,192,64565,1,0,0:0:0:1:
416,192,64565,1,0,0:0:0:1:
96,192,64648,1,0,0:0:0:1:
32,192,64731,1,0,0:0:0:1:
160,192,64731,1,0,0:0:0:1:
352,192,64731,1,0,0:0:0:1:
416,192,64731,1,0,0:0:0:1:
480,192,64731,1,0,0:0:0:1:
96,192,64815,1,0,0:0:0:1:
160,192,64898,1,0,0:0:0:1:
288,192,64898,1,0,0:0:0:1:
416,192,64898,1,0,0:0:0:1:
96,192,64981,1,0,0:0:0:1:
32,192,65065,1,0,0:0:0:1:
160,192,65065,1,0,0:0:0:1:
352,192,65065,1,0,0:0:0:1:
480,192,65065,1,0,0:0:0:1:
288,192,65120,1,0,0:0:0:1:
416,192,65176,1,0,0:0:0:1:
96,192,65231,1,0,0:0:0:1:
480,192,65231,1,0,0:0:0:1:
352,192,65287,1,0,0:0:0:1:
160,192,65342,1,0,0:0:0:1:
32,192,65398,1,0,0:0:0:1:
288,192,65398,1,0,0:0:0:1:
416,192,65398,1,0,0:0:0:1:
96,192,65453,1,0,0:0:0:1:
352,192,65509,1,0,0:0:0:1:
160,192,65565,1,0,0:0:0:1:
480,192,65565,1,0,0:0:0:1:
416,192,65620,1,0,0:0:0:1:
288,192,65676,1,0,0:0:0:1:
32,192,65731,1,0,0:0:0:1:
96,192,65731,1,0,0:0:0:1:
480,192,65731,1,0,0:0:0:1:
160,192,65787,1,0,0:0:0:1:
288,192,65842,1,0,0:0:0:1:
96,192,65898,1,0,0:0:0:1:
160,192,65898,1,0,0:0:0:1:
352,192,65898,1,0,0:0:0:1:
416,192,65953,1,0,0:0:0:1:
480,192,66009,1,0,0:0:0:1:
32,192,66065,1,0,0:0:0:1:
160,192,66065,1,0,0:0:0:1:
352,192,66065,1,0,0:0:0:1:
32,192,66231,1,0,0:0:0:1:
416,192,66231,1,0,0:0:0:1:
160,192,66315,1,0,0:0:0:1:
96,192,66398,1,0,0:0:0:1:
480,192,66398,1,0,0:0:0:1:
160,192,66481,1,0,0:0:0:1:
416,192,66481,1,0,0:0:0:1:
32,192,66565,1,0,0:0:0:1:
288,192,66565,1,0,0:0:0:1:
352,192,66648,1,0,0:0:0:1:
480,192,66648,1,0,0:0:0:1:
32,192,66731,1,0,0:0:0:1:
96,192,66731,1,0,0:0:0:1:
288,192,66731,1,0,0:0:0:1:
416,192,66731,1,0,0:0:0:1:
352,192,66815,1,0,0:0:0:1:
96,192,66898,1,0,0:0:0:1:
160,192,66898,1,0,0:0:0:1:
416,192,66898,1,0,0:0:0:1:
288,192,66981,1,0,0:0:0:1:
480,192,66981,1,0,0:0:0:1:
32,192,67065,1,0,0:0:0:1:
160,192,67065,1,0,0:0:0:1:
416,192,67065,1,0,0:0:0:1:
288,192,67231,1,0,0:0:0:1:
352,192,67315,1,0,0:0:0:1:
32,192,67398,1,0,0:0:0:1:
160,192,67398,1,0,0:0:0:1:
480,192,67398,1,0,0:0:0:1:
96,192,67481,1,0,0:0:0:1:
32,192,67565,1,0,0:0:0:1:
160,192,67565,1,0,0:0:0:1:
352,192,67565,1,0,0:0:0:1:
288,192,67648,1,0,0:0:0:1:
416,192,67648,1,0,0:0:0:1:
96,192,67731,1,0,0:0:0:1:
160,192,67731,1,0,0:0:0:1:
352,192,67731,1,0,0:0:0:1:
480,192,67731,1,0,0:0:0:1:
288,192,67815,1,0,0:0:0:1:
96,192,67898,1,0,0:0:0:1:
352,192,67898,1,0,0:0:0:1:
416,192,67981,1,0,0:0:0:1:
32,192,68065,1,0,0:0:0:1:
160,192,68065,1,0,0:0:0:1:
480,192,68065,1,0,0:0:0:1:
96,192,68231,1,0,0:0:0:1:
288,192,68231,1,0,0:0:0:1:
160,192,68315,1,0,0:0:0:1:
32,192,68398,1,0,0:0:0:1:
352,192,68398,1,0,0:0:0:1:
416,192,68398,1,0,0:0:0:1:
96,192,68481,1,0,0:0:0:1:
32,192,68565,1,0,0:0:0:1:
160,192,68565,1,0,0:0:0:1:
480,192,68565,1,0,0:0:0:1:
288,192,68648,1,0,0:0:0:1:
416,192,68648,1,0,0:0:0:1:
96,192,68731,1,0,0:0:0:1:
160,192,68731,1,0,0:0:0:1:
352,192,68731,1,0,0:0:0:1:
480,192,68731,1,0,0:0:0:1:
288,192,68815,1,0,0:0:0:1:
96,192,68898,1,0,0:0:0:1:
352,192,68898,1,0,0:0:0:1:
416,192,68981,1,0,0:0:0:1:
32,192,69065,1,0,0:0:0:1:
160,192,69065,1,0,0:0:0:1:
352,192,69065,1,0,0:0:0:1:
480,192,69065,1,0,0:0:0:1:
288,192,69148,1,0,0:0:0:1:
416,192,69148,1,0,0:0:0:1:
160,192,69231,1,0,0:0:0:1:
352,192,69231,1,0,0:0:0:1:
96,192,69315,1,0,0:0:0:1:
288,192,69315,1,0,0:0:0:1:
32,192,69398,1,0,0:0:0:1:
160,192,69398,1,0,0:0:0:1:
352,192,69481,1,0,0:0:0:1:
32,192,69565,1,0,0:0:0:1:
288,192,69565,1,0,0:0:0:1:
160,192,69648,1,0,0:0:0:1:
96,192,69731,1,0,0:0:0:1:
352,192,69731,1,0,0:0:0:1:
480,192,69731,1,0,0:0:0:1:
288,192,69815,1,0,0:0:0:1:
416,192,69815,1,0,0:0:0:1:
160,192,69898,1,0,0:0:0:1:
352,192,69898,1,0,0:0:0:1:
96,192,69981,1,0,0:0:0:1:
288,192,69981,1,0,0:0:0:1:
32,192,70065,1,0,0:0:0:1:
160,192,70065,1,0,0:0:0:1:
416,192,70065,1,0,0:0:0:1:
480,192,70065,1,0,0:0:0:1:
352,192,70148,1,0,0:0:0:1:
32,192,70231,1,0,0:0:0:1:
288,192,70231,1,0,0:0:0:1:
160,192,70315,1,0,0:0:0:1:
96,192,70398,1,0,0:0:0:1:
352,192,70398,1,0,0:0:0:1:
288,192,70481,1,0,0:0:0:1:
416,192,70481,1,0,0:0:0:1:
32,192,70565,1,0,0:0:0:1:
160,192,70565,1,0,0:0:0:1:
480,192,70565,1,0,0:0:0:1:
96,192,70648,1,0,0:0:0:1:
288,192,70648,1,0,0:0:0:1:
32,192,70731,1,0,0:0:0:1:
160,192,70731,1,0,0:0:0:1:
352,192,70731,1,0,0:0:0:1:
480,192,70731,1,0,0:0:0:1:
288,192,70815,1,0,0:0:0:1:
416,192,70815,1,0,0:0:0:1:
32,192,70898,1,0,0:0:0:1:
160,192,70898,1,0,0:0:0:1:
352,192,70898,1,0,0:0:0:1:
96,192,70981,1,0,0:0:0:1:
288,192,70981,1,0,0:0:0:1:
32,192,71065,1,0,0:0:0:1:
160,192,71065,1,0,0:0:0:1:
352,192,71065,1,0,0:0:0:1:
480,192,71065,1,0,0:0:0:1:
96,192,71148,1,0,0:0:0:1:
288,192,71148,1,0,0:0:0:1:
416,192,71148,1,0,0:0:0:1:
160,192,71231,1,0,0:0:0:1:
352,192,71231,1,0,0:0:0:1:
480,192,71231,1,0,0:0:0:1:
32,192,71315,1,0,0:0:0:1:
96,192,71315,1,0,0:0:0:1:
288,192,71315,1,0,0:0:0:1:
160,192,71398,1,0,0:0:0:1:
352,192,71398,1,0,0:0:0:1:
480,192,71398,1,0,0:0:0:1:
96,192,71481,1,0,0:0:0:1:
288,192,71481,1,0,0:0:0:1:
160,192,71565,1,0,0:0:0:1:
352,192,71565,1,0,0:0:0:1:
416,192,71565,1,0,0:0:0:1:
32,192,71648,1,0,0:0:0:1:
96,192,71648,1,0,0:0:0:1:
288,192,71648,1,0,0:0:0:1:
160,192,71731,1,0,0:0:0:1:
352,192,71731,1,0,0:0:0:1:
416,192,71731,1,0,0:0:0:1:
480,192,71731,1,0,0:0:0:1:
96,192,71898,1,0,0:0:0:1:
32,192,72065,1,0,0:0:0:1:
160,192,72065,1,0,0:0:0:1:
288,192,72065,1,0,0:0:0:1:
480,192,72065,1,0,0:0:0:1:
416,192,72148,1,0,0:0:0:1:
160,192,72231,1,0,0:0:0:1:
352,192,72231,1,0,0:0:0:1:
288,192,72315,1,0,0:0:0:1:
96,192,72398,1,0,0:0:0:1:
416,192,72398,1,0,0:0:0:1:
288,192,72481,1,0,0:0:0:1:
160,192,72565,1,0,0:0:0:1:
96,192,72648,1,0,0:0:0:1:
32,192,72731,1,0,0:0:0:1:
160,192,72731,1,0,0:0:0:1:
352,192,72731,1,0,0:0:0:1:
480,192,72731,1,0,0:0:0:1:
96,192,72815,1,0,0:0:0:1:
288,192,72815,1,0,0:0:0:1:
416,192,72815,1,0,0:0:0:1:
32,192,72898,1,0,0:0:0:1:
160,192,72898,1,0,0:0:0:1:
352,192,72898,1,0,0:0:0:1:
96,192,72981,1,0,0:0:0:1:
288,192,72981,1,0,0:0:0:1:
416,192,72981,1,0,0:0:0:1:
160,192,73065,1,0,0:0:0:1:
352,192,73065,1,0,0:0:0:1:
480,192,73065,1,0,0:0:0:1:
96,192,73148,1,0,0:0:0:1:
416,192,73148,1,0,0:0:0:1:
32,192,73231,1,0,0:0:0:1:
160,192,73231,1,0,0:0:0:1:
352,192,73231,1,0,0:0:0:1:
96,192,73315,1,0,0:0:0:1:
416,192,73315,1,0,0:0:0:1:
160,192,73398,1,0,0:0:0:1:
352,192,73398,1,0,0:0:0:1:
480,192,73398,1,0,0:0:0:1:
32,192,73481,1,0,0:0:0:1:
288,192,73481,1,0,0:0:0:1:
416,192,73481,1,0,0:0:0:1:
160,192,73565,1,0,0:0:0:1:
352,192,73565,1,0,0:0:0:1:
480,192,73565,1,0,0:0:0:1:
32,192,73648,1,0,0:0:0:1:
288,192,73648,1,0,0:0:0:1:
416,192,73648,1,0,0:0:0:1:
96,192,73731,1,0,0:0:0:1:
160,192,73731,1,0,0:0:0:1:
352,192,73731,1,0,0:0:0:1:
480,192,73731,1,0,0:0:0:1:
32,192,73898,1,0,0:0:0:1:
160,192,73898,1,0,0:0:0:1:
352,192,73898,1,0,0:0:0:1:
96,192,73981,1,0,0:0:0:1:
32,192,74065,1,0,0:0:0:1:
288,192,74065,1,0,0:0:0:1:
416,192,74065,1,0,0:0:0:1:
480,192,74065,1,0,0:0:0:1:
160,192,74120,1,0,0:0:0:1:
96,192,74148,1,0,0:0:0:1:
352,192,74176,1,0,0:0:0:1:
32,192,74231,1,0,0:0:0:1:
288,192,74231,1,0,0:0:0:1:
352,192,74287,1,0,0:0:0:1:
96,192,74315,1,0,0:0:0:1:
416,192,74342,1,0,0:0:0:1:
160,192,74398,1,0,0:0:0:1:
480,192,74398,1,0,0:0:0:1:
288,192,74453,1,0,0:0:0:1:
32,192,74481,1,0,0:0:0:1:
352,192,74509,1,0,0:0:0:1:
96,192,74565,1,0,0:0:0:1:
416,192,74565,1,0,0:0:0:1:
480,192,74620,1,0,0:0:0:1:
160,192,74648,1,0,0:0:0:1:
416,192,74676,1,0,0:0:0:1:
32,192,74731,1,0,0:0:0:1:
288,192,74731,1,0,0:0:0:1:
352,192,74787,1,0,0:0:0:1:
96,192,74815,1,0,0:0:0:1:
416,192,74842,1,0,0:0:0:1:
32,192,74898,1,0,0:0:0:1:
160,192,74898,1,0,0:0:0:1:
288,192,74953,1,0,0:0:0:1:
96,192,74981,1,0,0:0:0:1:
416,192,75009,1,0,0:0:0:1:
352,192,75065,1,0,0:0:0:1:
480,192,75065,1,0,0:0:0:1:
160,192,75120,1,0,0:0:0:1:
416,192,75148,1,0,0:0:0:1:
32,192,75176,1,0,0:0:0:1:
96,192,75231,1,0,0:0:0:1:
352,192,75231,1,0,0:0:0:1:
160,192,75287,1,0,0:0:0:1:
288,192,75315,1,0,0:0:0:1:
32,192,75342,1,0,0:0:0:1:
96,192,75398,1,0,0:0:0:1:
480,192,75398,1,0,0:0:0:1:
160,192,75453,1,0,0:0:0:1:
416,192,75481,1,0,0:0:0:1:
288,192,75509,1,0,0:0:0:1:
96,192,75565,1,0,0:0:0:1:
352,192,75565,1,0,0:0:0:1:
160,192,75620,1,0,0:0:0:1:
416,192,75648,1,0,0:0:0:1:
288,192,75676,1,0,0:0:0:1:
32,192,75731,1,0,0:0:0:1:
480,192,75731,1,0,0:0:0:1:
96,192,75787,1,0,0:0:0:1:
352,192,75815,1,0,0:0:0:1:
160,192,75842,1,0,0:0:0:1:
288,192,75898,1,0,0:0:0:1:
416,192,75898,1,0,0:0:0:1:
96,192,75953,1,0,0:0:0:1:
352,192,75981,1,0,0:0:0:1:
160,192,76009,1,0,0:0:0:1:
32,192,76065,1,0,0:0:0:1:
480,192,76065,1,0,0:0:0:1:
288,192,78065,1,0,0:0:0:1:
160,192,78731,1,0,0:0:0:1:
32,192,78953,1,0,0:0:0:1:
352,192,79065,1,0,0:0:0:1:
96,192,79731,1,0,0:0:0:1:
288,192,79953,1,0,0:0:0:1:
480,192,80065,1,0,0:0:0:1:
416,192,80398,1,0,0:0:0:1:
352,192,80731,1,0,0:0:0:1:
288,192,80953,1,0,0:0:0:1:
160,192,81065,1,0,0:0:0:1:
96,192,81731,1,0,0:0:0:1:
32,192,82065,1,0,0:0:0:1:
352,192,82731,1,0,0:0:0:1:
96,192,83065,1,0,0:0:0:1:
160,192,83398,1,0,0:0:0:1:
288,192,83731,1,0,0:0:0:1:
160,192,85065,1,0,0:0:0:1:
288,192,85398,1,0,0:0:0:1:
32,192,85731,1,0,0:0:0:1:
352,192,85731,1,0,0:0:0:1:
96,192,85953,1,0,0:0:0:1:
32,192,86065,1,0,0:0:0:1:
160,192,86065,1,0,0:0:0:1:
416,192,86065,1,0,0:0:0:1:
352,192,86731,1,0,0:0:0:1:
288,192,86967,1,0,0:0:0:1:
96,192,87065,1,0,0:0:0:1:
416,192,87065,1,0,0:0:0:1:
288,192,87731,1,0,0:0:0:1:
352,192,87940,1,0,0:0:0:1:
160,192,88065,1,0,0:0:0:1:
480,192,88065,1,0,0:0:0:1:
32,192,88398,1,0,0:0:0:1:
416,192,88398,1,0,0:0:0:1:
96,192,88731,1,0,0:0:0:1:
352,192,88731,1,0,0:0:0:1:
32,192,89065,1,0,0:0:0:1:
288,192,89078,1,0,0:0:0:1:
96,192,89398,1,0,0:0:0:1:
160,192,89731,1,0,0:0:0:1:
480,192,89731,1,0,0:0:0:1:
288,192,90065,1,0,0:0:0:1:
416,192,90065,1,0,0:0:0:1:
480,192,90731,1,0,0:0:0:1:
96,192,91065,1,0,0:0:0:1:
288,192,91065,1,0,0:0:0:1:
352,192,92065,1,0,0:0:0:1:
160,192,92731,1,0,0:0:0:1:
32,192,93065,1,0,0:0:0:1:
32,192,95065,1,0,0:0:0:1:
416,192,95065,1,0,0:0:0:1:
160,192,95120,1,0,0:0:0:1:
352,192,95176,1,0,0:0:0:1:
96,192,95231,1,0,0:0:0:1:
288,192,95287,1,0,0:0:0:1:
416,192,95342,1,0,0:0:0:1:
32,192,95398,1,0,0:0:0:1:
160,192,95398,1,0,0:0:0:1:
352,192,95453,1,0,0:0:0:1:
480,192,95509,1,0,0:0:0:1:
96,192,95565,1,0,0:0:0:1:
288,192,95620,1,0,0:0:0:1:
416,192,95676,1,0,0:0:0:1:
32,192,95731,1,0,0:0:0:1:
480,192,95731,1,0,0:0:0:1:
160,192,95787,1,0,0:0:0:1:
352,192,95842,1,0,0:0:0:1:
96,192,95898,1,0,0:0:0:1:
288,192,95953,1,0,0:0:0:1:
416,192,96009,1,0,0:0:0:1:
32,192,96065,1,0,0:0:0:1:
480,192,96065,1,0,0:0:0:1:
288,192,96176,1,0,0:0:0:1:
96,192,96287,1,0,0:0:0:1:
160,192,96398,1,0,0:0:0:1:
416,192,96398,1,0,0:0:0:1:
352,192,96509,1,0,0:0:0:1:
288,192,96620,1,0,0:0:0:1:
32,192,96731,1,0,0:0:0:1:
160,192,96731,1,0,0:0:0:1:
416,192,96731,1,0,0:0:0:1:
96,192,96842,1,0,0:0:0:1:
352,192,96898,1,0,0:0:0:1:
160,192,96953,1,0,0:0:0:1:
96,192,97065,1,0,0:0:0:1:
352,192,97065,1,0,0:0:0:1:
480,192,97065,1,0,0:0:0:1:
288,192,97176,1,0,0:0:0:1:
416,192,97287,1,0,0:0:0:1:
96,192,97398,1,0,0:0:0:1:
288,192,97398,1,0,0:0:0:1:
160,192,97509,1,0,0:0:0:1:
96,192,97620,1,0,0:0:0:1:
32,192,97731,1,0,0:0:0:1:
288,192,97731,1,0,0:0:0:1:
352,192,97731,1,0,0:0:0:1:
160,192,97842,1,0,0:0:0:1:
416,192,97898,1,0,0:0:0:1:
160,192,97953,1,0,0:0:0:1:
32,192,98065,1,0,0:0:0:1:
480,192,98065,1,0,0:0:0:1:
352,192,98176,1,0,0:0:0:1:
288,192,98287,1,0,0:0:0:1:
96,192,98398,1,0,0:0:0:1:
352,192,98398,1,0,0:0:0:1:
416,192,98398,1,0,0:0:0:1:
160,192,98509,1,0,0:0:0:1:
288,192,98620,1,0,0:0:0:1:
32,192,98731,1,0,0:0:0:1:
96,192,98731,1,0,0:0:0:1:
352,192,98731,1,0,0:0:0:1:
288,192,98842,1,0,0:0:0:1:
160,192,98953,1,0,0:0:0:1:
96,192,99065,1,0,0:0:0:1:
288,192,99065,1,0,0:0:0:1:
416,192,99065,1,0,0:0:0:1:
32,192,99176,1,0,0:0:0:1:
160,192,99287,1,0,0:0:0:1:
96,192,99398,1,0,0:0:0:1:
416,192,99398,1,0,0:0:0:1:
160,192,99509,1,0,0:0:0:1:
480,192,99620,1,0,0:0:0:1:
32,192,99731,1,0,0:0:0:1:
352,192,99731,1,0,0:0:0:1:
416,192,99731,1,0,0:0:0:1:
96,192,99842,1,0,0:0:0:1:
96,192,99953,1,0,0:0:0:1:
32,192,100065,1,0,0:0:0:1:
288,192,100065,1,0,0:0:0:1:
416,192,100176,1,0,0:0:0:1:
288,192,100287,1,0,0:0:0:1:
96,192,100398,1,0,0:0:0:1:
352,192,100398,1,0,0:0:0:1:
160,192,100509,1,0,0:0:0:1:
288,192,100620,1,0,0:0:0:1:
32,192,100731,1,0,0:0:0:1:
352,192,100731,1,0,0:0:0:1:
480,192,100731,1,0,0:0:0:1:
96,192,100842,1,0,0:0:0:1:
288,192,100953,1,0,0:0:0:1:
32,192,101065,1,0,0:0:0:1:
96,192,101065,1,0,0:0:0:1:
352,192,101065,1,0,0:0:0:1:
160,192,101176,1,0,0:0:0:1:
288,192,101287,1,0,0:0:0:1:
32,192,101398,1,0,0:0:0:1:
160,192,101398,1,0,0:0:0:1:
416,192,101398,1,0,0:0:0:1:
96,192,101509,1,0,0:0:0:1:
288,192,101620,1,0,0:0:0:1:
160,192,101731,1,0,0:0:0:1:
352,192,101731,1,0,0:0:0:1:
480,192,101731,1,0,0:0:0:1:
288,192,101842,1,0,0:0:0:1:
288,192,101953,1,0,0:0:0:1:
32,192,102065,1,0,0:0:0:1:
96,192,102065,1,0,0:0:0:1:
416,192,102065,1,0,0:0:0:1:
352,192,102176,1,0,0:0:0:1:
160,192,102287,1,0,0:0:0:1:
32,192,102398,1,0,0:0:0:1:
288,192,102398,1,0,0:0:0:1:
160,192,102509,1,0,0:0:0:1:
352,192,102620,1,0,0:0:0:1:
32,192,102731,1,0,0:0:0:1:
416,192,102731,1,0,0:0:0:1:
288,192,102842,1,0,0:0:0:1:
96,192,102953,1,0,0:0:0:1:
160,192,103065,1,0,0:0:0:1:
352,192,103065,1,0,0:0:0:1:
480,192,103065,1,0,0:0:0:1:
288,192,103176,1,0,0:0:0:1:
416,192,103287,1,0,0:0:0:1:
96,192,103398,1,0,0:0:0:1:
288,192,103398,1,0,0:0:0:1:
160,192,103509,1,0,0:0:0:1:
352,192,103620,1,0,0:0:0:1:
32,192,103731,1,0,0:0:0:1:
160,192,103731,1,0,0:0:0:1:
416,192,103842,1,0,0:0:0:1:
416,192,103953,1,0,0:0:0:1:
32,192,104065,1,0,0:0:0:1:
480,192,104065,1,0,0:0:0:1:
160,192,104176,1,0,0:0:0:1:
352,192,104287,1,0,0:0:0:1:
96,192,104398,1,0,0:0:0:1:
480,192,104398,1,0,0:0:0:1:
352,192,104509,1,0,0:0:0:1:
288,192,104620,1,0,0:0:0:1:
32,192,104731,1,0,0:0:0:1:
96,192,104731,1,0,0:0:0:1:
416,192,104731,1,0,0:0:0:1:
160,192,104842,1,0,0:0:0:1:
352,192,104898,1,0,0:0:0:1:
96,192,104953,1,0,0:0:0:1:
288,192,105065,1,0,0:0:0:1:
416,192,105065,1,0,0:0:0:1:
480,192,105065,1,0,0:0:0:1:
32,192,105176,1,0,0:0:0:1:
160,192,105287,1,0,0:0:0:1:
96,192,105398,1,0,0:0:0:1:
352,192,105398,1,0,0:0:0:1:
160,192,105509,1,0,0:0:0:1:
288,192,105620,1,0,0:0:0:1:
32,192,105731,1,0,0:0:0:1:
160,192,105731,1,0,0:0:0:1:
352,192,105731,1,0,0:0:0:1:
96,192,105842,1,0,0:0:0:1:
416,192,105898,1,0,0:0:0:1:
96,192,105953,1,0,0:0:0:1:
32,192,106065,1,0,0:0:0:1:
352,192,106065,1,0,0:0:0:1:
480,192,106065,1,0,0:0:0:1:
32,192,106565,1,0,0:0:0:1:
288,192,106565,1,0,0:0:0:1:
416,192,106565,1,0,0:0:0:1:
32,192,107065,1,0,0:0:0:1:
160,192,107065,1,0,0:0:0:1:
352,192,107065,1,0,0:0:0:1:
32,192,107565,1,0,0:0:0:1:
96,192,107565,1,0,0:0:0:1:
288,192,107565,1,0,0:0:0:1:
32,192,108065,1,0,0:0:0:1:
160,192,108065,1,0,0:0:0:1:
352,192,108065,1,0,0:0:0:1:
480,192,108065,1,0,0:0:0:1:
416,192,108176,1,0,0:0:0:1:
160,192,108287,1,0,0:0:0:1:
96,192,108398,1,0,0:0:0:1:
352,192,108398,1,0,0:0:0:1:
288,192,108509,1,0,0:0:0:1:
416,192,108620,1,0,0:0:0:1:
32,192,108731,1,0,0:0:0:1:
160,192,108731,1,0,0:0:0:1:
480,192,108731,1,0,0:0:0:1:
416,192,108842,1,0,0:0:0:1:
288,192,108953,1,0,0:0:0:1:
96,192,109065,1,0,0:0:0:1:
160,192,109065,1,0,0:0:0:1:
480,192,109065,1,0,0:0:0:1:
352,192,109176,1,0,0:0:0:1:
96,192,109287,1,0,0:0:0:1:
32,192,109398,1,0,0:0:0:1:
288,192,109398,1,0,0:0:0:1:
416,192,109398,1,0,0:0:0:1:
96,192,109509,1,0,0:0:0:1:
160,192,109620,1,0,0:0:0:1:
96,192,109731,1,0,0:0:0:1:
352,192,109731,1,0,0:0:0:1:
480,192,109731,1,0,0:0:0:1:
160,192,109842,1,0,0:0:0:1:
160,192,109953,1,0,0:0:0:1:
32,192,110065,1,0,0:0:0:1:
288,192,110065,1,0,0:0:0:1:
352,192,110065,1,0,0:0:0:1:
480,192,110065,1,0,0:0:0:1:
416,192,110148,1,0,0:0:0:1:
160,192,110176,1,0,0:0:0:1:
352,192,110231,1,0,0:0:0:1:
96,192,110287,1,0,0:0:0:1:
288,192,110315,1,0,0:0:0:1:
32,192,110398,1,0,0:0:0:1:
416,192,110398,1,0,0:0:0:1:
352,192,110481,1,0,0:0:0:1:
96,192,110509,1,0,0:0:0:1:
288,192,110565,1,0,0:0:0:1:
160,192,110620,1,0,0:0:0:1:
352,192,110648,1,0,0:0:0:1:
32,192,110731,1,0,0:0:0:1:
288,192,110731,1,0,0:0:0:1:
480,192,110731,1,0,0:0:0:1:
416,192,110815,1,0,0:0:0:1:
160,192,110842,1,0,0:0:0:1:
352,192,110898,1,0,0:0:0:1:
96,192,110953,1,0,0:0:0:1:
416,192,110967,1,0,0:0:0:1:
288,192,110981,1,0,0:0:0:1:
32,192,111065,1,0,0:0:0:1:
160,192,111065,1,0,0:0:0:1:
352,192,111065,1,0,0:0:0:1:
480,192,111065,1,0,0:0:0:1:
96,192,111148,1,0,0:0:0:1:
352,192,111176,1,0,0:0:0:1:
160,192,111231,1,0,0:0:0:1:
416,192,111287,1,0,0:0:0:1:
288,192,111315,1,0,0:0:0:1:
32,192,111398,1,0,0:0:0:1:
480,192,111398,1,0,0:0:0:1:
96,192,111481,1,0,0:0:0:1:
352,192,111509,1,0,0:0:0:1:
160,192,111565,1,0,0:0:0:1:
416,192,111620,1,0,0:0:0:1:
288,192,111648,1,0,0:0:0:1:
32,192,111731,1,0,0:0:0:1:
160,192,111731,1,0,0:0:0:1:
352,192,111731,1,0,0:0:0:1:
96,192,111815,1,0,0:0:0:1:
288,192,111842,1,0,0:0:0:1:
160,192,111898,1,0,0:0:0:1:
416,192,111925,1,0,0:0:0:1:
96,192,111953,1,0,0:0:0:1:
288,192,111981,1,0,0:0:0:1:
32,192,112065,1,0,0:0:0:1:
160,192,112065,1,0,0:0:0:1:
352,192,112065,1,0,0:0:0:1:
480,192,112065,1,0,0:0:0:1:
288,192,112148,1,0,0:0:0:1:
96,192,112176,1,0,0:0:0:1:
416,192,112176,1,0,0:0:0:1:
160,192,112231,1,0,0:0:0:1:
96,192,112287,1,0,0:0:0:1:
352,192,112287,1,0,0:0:0:1:
288,192,112315,1,0,0:0:0:1:
32,192,112398,1,0,0:0:0:1:
352,192,112398,1,0,0:0:0:1:
480,192,112398,1,0,0:0:0:1:
288,192,112481,1,0,0:0:0:1:
96,192,112509,1,0,0:0:0:1:
416,192,112509,1,0,0:0:0:1:
160,192,112565,1,0,0:0:0:1:
96,192,112620,1,0,0:0:0:1:
352,192,112620,1,0,0:0:0:1:
288,192,112648,1,0,0:0:0:1:
32,192,112731,1,0,0:0:0:1:
160,192,112731,1,0,0:0:0:1:
480,192,112731,1,0,0:0:0:1:
288,192,112815,1,0,0:0:0:1:
96,192,112842,1,0,0:0:0:1:
416,192,112842,1,0,0:0:0:1:
160,192,112898,1,0,0:0:0:1:
32,192,112953,1,0,0:0:0:1:
352,192,112953,1,0,0:0:0:1:
288,192,112981,1,0,0:0:0:1:
96,192,113065,1,0,0:0:0:1:
160,192,113065,1,0,0:0:0:1:
416,192,113065,1,0,0:0:0:1:
480,192,113065,1,0,0:0:0:1:
288,192,113148,1,0,0:0:0:1:
32,192,113176,1,0,0:0:0:1:
352,192,113231,1,0,0:0:0:1:
96,192,113287,1,0,0:0:0:1:
416,192,113315,1,0,0:0:0:1:
32,192,113398,1,0,0:0:0:1:
160,192,113398,1,0,0:0:0:1:
352,192,113398,1,0,0:0:0:1:
96,192,113481,1,0,0:0:0:1:
288,192,113509,1,0,0:0:0:1:
352,192,113509,1,0,0:0:0:1:
32,192,113565,1,0,0:0:0:1:
288,192,113620,1,0,0:0:0:1:
416,192,113620,1,0,0:0:0:1:
96,192,113648,1,0,0:0:0:1:
160,192,113731,1,0,0:0:0:1:
352,192,113731,1,0,0:0:0:1:
480,192,113731,1,0,0:0:0:1:
32,192,113815,1,0,0:0:0:1:
288,192,113842,1,0,0:0:0:1:
96,192,113898,1,0,0:0:0:1:
416,192,113953,1,0,0:0:0:1:
160,192,113981,1,0,0:0:0:1:
32,192,114065,1,0,0:0:0:1:
288,192,114065,1,0,0:0:0:1:
352,192,114065,1,0,0:0:0:1:
480,192,114065,1,0,0:0:0:1:
416,192,114148,1,0,0:0:0:1:
160,192,114176,1,0,0:0:0:1:
352,192,114231,1,0,0:0:0:1:
32,192,114287,1,0,0:0:0:1:
288,192,114315,1,0,0:0:0:1:
96,192,114398,1,0,0:0:0:1:
352,192,114398,1,0,0:0:0:1:
480,192,114398,1,0,0:0:0:1:
416,192,114481,1,0,0:0:0:1:
160,192,114509,1,0,0:0:0:1:
352,192,114565,1,0,0:0:0:1:
32,192,114620,1,0,0:0:0:1:
160,192,114648,1,0,0:0:0:1:
96,192,114731,1,0,0:0:0:1:
288,192,114731,1,0,0:0:0:1:
480,192,114731,1,0,0:0:0:1:
416,192,114815,1,0,0:0:0:1:
160,192,114842,1,0,0:0:0:1:
352,192,114898,1,0,0:0:0:1:
96,192,114953,1,0,0:0:0:1:
288,192,114981,1,0,0:0:0:1:
32,192,115065,1,0,0:0:0:1:
160,192,115065,1,0,0:0:0:1:
352,192,115065,1,0,0:0:0:1:
480,192,115078,1,0,0:0:0:1:
96,192,115148,1,0,0:0:0:1:
416,192,115176,1,0,0:0:0:1:
160,192,115231,1,0,0:0:0:1:
480,192,115287,1,0,0:0:0:1:
288,192,115315,1,0,0:0:0:1:
32,192,115398,1,0,0:0:0:1:
160,192,115398,1,0,0:0:0:1:
352,192,115398,1,0,0:0:0:1:
96,192,115481,1,0,0:0:0:1:
416,192,115509,1,0,0:0:0:1:
160,192,115565,1,0,0:0:0:1:
352,192,115620,1,0,0:0:0:1:
288,192,115648,1,0,0:0:0:1:
32,192,115731,1,0,0:0:0:1:
160,192,115731,1,0,0:0:0:1:
416,192,115731,1,0,0:0:0:1:
288,192,115815,1,0,0:0:0:1:
96,192,115842,1,0,0:0:0:1:
352,192,115898,1,0,0:0:0:1:
160,192,115953,1,0,0:0:0:1:
416,192,115981,1,0,0:0:0:1:
32,192,116065,1,0,0:0:0:1:
288,192,116065,1,0,0:0:0:1:
352,192,116065,1,0,0:0:0:1:
480,192,116065,1,0,0:0:0:1:
416,192,116148,1,0,0:0:0:1:
160,192,116176,1,0,0:0:0:1:
352,192,116231,1,0,0:0:0:1:
96,192,116287,1,0,0:0:0:1:
288,192,116315,1,0,0:0:0:1:
160,192,116398,1,0,0:0:0:1:
416,192,116398,1,0,0:0:0:1:
352,192,116481,1,0,0:0:0:1:
32,192,116509,1,0,0:0:0:1:
288,192,116565,1,0,0:0:0:1:
96,192,116620,1,0,0:0:0:1:
160,192,116648,1,0,0:0:0:1:
32,192,116731,1,0,0:0:0:1:
480,192,116731,1,0,0:0:0:1:
416,192,116815,1,0,0:0:0:1:
96,192,116842,1,0,0:0:0:1:
288,192,116898,1,0,0:0:0:1:
160,192,116953,1,0,0:0:0:1:
352,192,116981,1,0,0:0:0:1:
32,192,117065,1,0,0:0:0:1:
288,192,117065,1,0,0:0:0:1:
416,192,117065,1,0,0:0:0:1:
480,192,117065,1,0,0:0:0:1:
96,192,117148,1,0,0:0:0:1:
352,192,117176,1,0,0:0:0:1:
160,192,117231,1,0,0:0:0:1:
416,192,117287,1,0,0:0:0:1:
288,192,117315,1,0,0:0:0:1:
160,192,117398,1,0,0:0:0:1:
352,192,117398,1,0,0:0:0:1:
96,192,117481,1,0,0:0:0:1:
416,192,117509,1,0,0:0:0:1:
160,192,117565,1,0,0:0:0:1:
480,192,117620,1,0,0:0:0:1:
288,192,117648,1,0,0:0:0:1:
32,192,117731,1,0,0:0:0:1:
352,192,117731,1,0,0:0:0:1:
96,192,117815,1,0,0:0:0:1:
480,192,117842,1,0,0:0:0:1:
160,192,117898,1,0,0:0:0:1:
416,192,117953,1,0,0:0:0:1:
288,192,117981,1,0,0:0:0:1:
32,192,118065,1,0,0:0:0:1:
160,192,118065,1,0,0:0:0:1:
352,192,118065,1,0,0:0:0:1:
480,192,118065,1,0,0:0:0:1:
416,192,118148,1,0,0:0:0:1:
96,192,118176,1,0,0:0:0:1:
352,192,118231,1,0,0:0:0:1:
32,192,118287,1,0,0:0:0:1:
288,192,118315,1,0,0:0:0:1:
160,192,118398,1,0,0:0:0:1:
352,192,118398,1,0,0:0:0:1:
288,192,118481,1,0,0:0:0:1:
32,192,118509,1,0,0:0:0:1:
160,192,118565,1,0,0:0:0:1:
96,192,118620,1,0,0:0:0:1:
288,192,118648,1,0,0:0:0:1:
32,192,118731,1,0,0:0:0:1:
352,192,118731,1,0,0:0:0:1:
480,192,118731,1,0,0:0:0:1:
416,192,118815,1,0,0:0:0:1:
96,192,118842,1,0,0:0:0:1:
352,192,118898,1,0,0:0:0:1:
96,192,118953,1,0,0:0:0:1:
416,192,118967,1,0,0:0:0:1:
288,192,118981,1,0,0:0:0:1:
32,192,119065,1,0,0:0:0:1:
160,192,119065,1,0,0:0:0:1:
352,192,119065,1,0,0:0:0:1:
480,192,119065,1,0,0:0:0:1:
96,192,119148,1,0,0:0:0:1:
416,192,119176,1,0,0:0:0:1:
160,192,119231,1,0,0:0:0:1:
352,192,119287,1,0,0:0:0:1:
288,192,119315,1,0,0:0:0:1:
96,192,119398,1,0,0:0:0:1:
480,192,119398,1,0,0:0:0:1:
160,192,119481,1,0,0:0:0:1:
416,192,119509,1,0,0:0:0:1:
288,192,119565,1,0,0:0:0:1:
480,192,119620,1,0,0:0:0:1:
352,192,119648,1,0,0:0:0:1:
32,192,119731,1,0,0:0:0:1:
160,192,119731,1,0,0:0:0:1:
416,192,119731,1,0,0:0:0:1:
288,192,119815,1,0,0:0:0:1:
96,192,119842,1,0,0:0:0:1:
352,192,119898,1,0,0:0:0:1:
288,192,119925,1,0,0:0:0:1:
160,192,119953,1,0,0:0:0:1:
416,192,119981,1,0,0:0:0:1:
32,192,120065,1,0,0:0:0:1:
160,192,120065,1,0,0:0:0:1:
352,192,120065,1,0,0:0:0:1:
480,192,120065,1,0,0:0:0:1:
32,192,120565,1,0,0:0:0:1:
96,192,120565,1,0,0:0:0:1:
288,192,120565,1,0,0:0:0:1:
352,192,120731,1,0,0:0:0:1:
416,192,120898,1,0,0:0:0:1:
32,192,121065,1,0,0:0:0:1:
160,192,121065,1,0,0:0:0:1:
352,192,121065,1,0,0:0:0:1:
480,192,121065,1,0,0:0:0:1:
288,192,121176,1,0,0:0:0:1:
416,192,121287,1,0,0:0:0:1:
96,192,121398,1,0,0:0:0:1:
160,192,121509,1,0,0:0:0:1:
32,192,121565,1,0,0:0:0:1:
352,192,121565,1,0,0:0:0:1:
480,192,121565,1,0,0:0:0:1:
288,192,121620,1,0,0:0:0:1:
352,192,121731,1,0,0:0:0:1:
416,192,121842,1,0,0:0:0:1:
480,192,121953,1,0,0:0:0:1:
32,192,122065,1,0,0:0:0:1:
160,192,122065,1,0,0:0:0:1:
288,192,122065,1,0,0:0:0:1:
416,192,122065,1,0,0:0:0:1:
352,192,122148,1,0,0:0:0:1:
96,192,122176,1,0,0:0:0:1:
480,192,122231,1,0,0:0:0:1:
160,192,122287,1,0,0:0:0:1:
416,192,122315,1,0,0:0:0:1:
32,192,122398,1,0,0:0:0:1:
288,192,122398,1,0,0:0:0:1:
416,192,122481,1,0,0:0:0:1:
160,192,122509,1,0,0:0:0:1:
352,192,122565,1,0,0:0:0:1:
32,192,122620,1,0,0:0:0:1:
288,192,122648,1,0,0:0:0:1:
352,192,122717,1,0,0:0:0:1:
96,192,122731,1,0,0:0:0:1:
480,192,122731,1,0,0:0:0:1:
416,192,122815,1,0,0:0:0:1:
160,192,122842,1,0,0:0:0:1:
352,192,122898,1,0,0:0:0:1:
96,192,122953,1,0,0:0:0:1:
288,192,122981,1,0,0:0:0:1:
32,192,123065,1,0,0:0:0:1:
160,192,123065,1,0,0:0:0:1:
352,192,123065,1,0,0:0:0:1:
480,192,123078,1,0,0:0:0:1:
96,192,123148,1,0,0:0:0:1:
416,192,123176,1,0,0:0:0:1:
160,192,123231,1,0,0:0:0:1:
352,192,123287,1,0,0:0:0:1:
96,192,123315,1,0,0:0:0:1:
32,192,123398,1,0,0:0:0:1:
288,192,123398,1,0,0:0:0:1:
96,192,123481,1,0,0:0:0:1:
352,192,123509,1,0,0:0:0:1:
160,192,123565,1,0,0:0:0:1:
416,192,123620,1,0,0:0:0:1:
288,192,123648,1,0,0:0:0:1:
32,192,123731,1,0,0:0:0:1:
352,192,123731,1,0,0:0:0:1:
96,192,123815,1,0,0:0:0:1:
480,192,123842,1,0,0:0:0:1:
160,192,123898,1,0,0:0:0:1:
416,192,123953,1,0,0:0:0:1:
288,192,123981,1,0,0:0:0:1:
32,192,124065,1,0,0:0:0:1:
160,192,124065,1,0,0:0:0:1:
480,192,124065,1,0,0:0:0:1:
352,192,124148,1,0,0:0:0:1:
416,192,124231,1,0,0:0:0:1:
288,192,124315,1,0,0:0:0:1:
352,192,124398,1,0,0:0:0:1:
160,192,124481,1,0,0:0:0:1:
288,192,124565,1,0,0:0:0:1:
416,192,124620,1,0,0:0:0:1:
96,192,124648,1,0,0:0:0:1:
160,192,124731,1,0,0:0:0:1:
352,192,124731,1,0,0:0:0:1:
32,192,124815,1,0,0:0:0:1:
288,192,124898,1,0,0:0:0:1:
96,192,124981,1,0,0:0:0:1:
32,192,125065,1,0,0:0:0:1:
352,192,125065,1,0,0:0:0:1:
480,192,125065,1,0,0:0:0:1:
96,192,125148,1,0,0:0:0:1:
160,192,125231,1,0,0:0:0:1:
352,192,125315,1,0,0:0:0:1:
32,192,125398,1,0,0:0:0:1:
160,192,125481,1,0,0:0:0:1:
288,192,125565,1,0,0:0:0:1:
416,192,125648,1,0,0:0:0:1:
96,192,125731,1,0,0:0:0:1:
288,192,125815,1,0,0:0:0:1:
352,192,125898,1,0,0:0:0:1:
480,192,125981,1,0,0:0:0:1:
32,192,126065,1,0,0:0:0:1:
416,192,126065,1,0,0:0:0:1:
352,192,126772,1,0,0:0:0:1:
288,192,127028,1,0,0:0:0:1:
160,192,127133,1,0,0:0:0:1:
480,192,127164,1,0,0:0:0:1:
352,192,127872,1,0,0:0:0:1:
416,192,128098,1,0,0:0:0:1:
96,192,128233,1,0,0:0:0:1:
480,192,128248,1,0,0:0:0:1:
416,192,128609,1,0,0:0:0:1:
352,192,128971,1,0,0:0:0:1:
288,192,129227,1,0,0:0:0:1:
32,192,129332,1,0,0:0:0:1:
160,192,129332,1,0,0:0:0:1:
416,192,130055,1,0,0:0:0:1:
96,192,130402,1,0,0:0:0:1:
352,192,130432,1,0,0:0:0:1:
480,192,131125,1,0,0:0:0:1:
32,192,131486,1,0,0:0:0:1:
288,192,131501,1,0,0:0:0:1:
96,192,134378,1,0,0:0:0:1:
160,192,134619,1,0,0:0:0:1:
32,192,134739,1,0,0:0:0:1:
288,192,134739,1,0,0:0:0:1:
416,192,134739,1,0,0:0:0:1:
352,192,135462,1,0,0:0:0:1:
160,192,135718,1,0,0:0:0:1:
96,192,135824,1,0,0:0:0:1:
288,192,135824,1,0,0:0:0:1:
480,192,135824,1,0,0:0:0:1:
32,192,136908,1,0,0:0:0:1:
96,192,137269,1,0,0:0:0:1:
160,192,137631,1,0,0:0:0:1:
288,192,137992,1,0,0:0:0:1:
352,192,138354,1,0,0:0:0:1:
96,192,138715,1,0,0:0:0:1:
416,192,138715,1,0,0:0:0:1:
160,192,138971,1,0,0:0:0:1:
288,192,139077,1,0,0:0:0:1:
480,192,139077,1,0,0:0:0:1:
32,192,139091,1,0,0:0:0:1:
160,192,139799,1,0,0:0:0:1:
32,192,140055,1,0,0:0:0:1:
96,192,140161,1,0,0:0:0:1:
288,192,140161,1,0,0:0:0:1:
416,192,140161,1,0,0:0:0:1:
288,192,142330,1,0,0:0:0:1:
352,192,142691,1,0,0:0:0:1:
416,192,143052,1,0,0:0:0:1:
480,192,143324,1,0,0:0:0:1:
96,192,143383,1,0,0:0:0:1:
288,192,143444,1,0,0:0:0:1:
32,192,145583,1,0,0:0:0:1:
288,192,145583,1,0,0:0:0:1:
480,192,145583,1,0,0:0:0:1:
416,192,145643,1,0,0:0:0:1:
96,192,145673,1,0,0:0:0:1:
352,192,145703,1,0,0:0:0:1:
160,192,145763,1,0,0:0:0:1:
416,192,145763,1,0,0:0:0:1:
352,192,145824,1,0,0:0:0:1:
96,192,145854,1,0,0:0:0:1:
288,192,145884,1,0,0:0:0:1:
160,192,145944,1,0,0:0:0:1:
480,192,145944,1,0,0:0:0:1:
352,192,146004,1,0,0:0:0:1:
32,192,146034,1,0,0:0:0:1:
288,192,146065,1,0,0:0:0:1:
96,192,146125,1,0,0:0:0:1:
480,192,146125,1,0,0:0:0:1:
416,192,146185,1,0,0:0:0:1:
160,192,146215,1,0,0:0:0:1:
352,192,146245,1,0,0:0:0:1:
288,192,146305,1,0,0:0:0:1:
480,192,146305,1,0,0:0:0:1:
416,192,146366,1,0,0:0:0:1:
160,192,146396,1,0,0:0:0:1:
352,192,146426,1,0,0:0:0:1:
96,192,146486,1,0,0:0:0:1:
288,192,146486,1,0,0:0:0:1:
416,192,146546,1,0,0:0:0:1:
32,192,146577,1,0,0:0:0:1:
160,192,146607,1,0,0:0:0:1:
288,192,146667,1,0,0:0:0:1:
480,192,146667,1,0,0:0:0:1:
352,192,146727,1,0,0:0:0:1:
32,192,146757,1,0,0:0:0:1:
160,192,146787,1,0,0:0:0:1:
96,192,146848,1,0,0:0:0:1:
416,192,146848,1,0,0:0:0:1:
352,192,146908,1,0,0:0:0:1:
160,192,146938,1,0,0:0:0:1:
288,192,146968,1,0,0:0:0:1:
96,192,147028,1,0,0:0:0:1:
480,192,147028,1,0,0:0:0:1:
416,192,147089,1,0,0:0:0:1:
32,192,147119,1,0,0:0:0:1:
352,192,147149,1,0,0:0:0:1:
96,192,147209,1,0,0:0:0:1:
288,192,147209,1,0,0:0:0:1:
416,192,147269,1,0,0:0:0:1:
160,192,147299,1,0,0:0:0:1:
352,192,147330,1,0,0:0:0:1:
288,192,147390,1,0,0:0:0:1:
480,192,147390,1,0,0:0:0:1:
416,192,147450,1,0,0:0:0:1:
32,192,147480,1,0,0:0:0:1:
160,192,147510,1,0,0:0:0:1:
96,192,147571,1,0,0:0:0:1:
480,192,147571,1,0,0:0:0:1:
416,192,147631,1,0,0:0:0:1:
160,192,147661,1,0,0:0:0:1:
352,192,147691,1,0,0:0:0:1:
96,192,147751,1,0,0:0:0:1:
288,192,147751,1,0,0:0:0:1:
160,192,147811,1,0,0:0:0:1:
32,192,147842,1,0,0:0:0:1:
352,192,147872,1,0,0:0:0:1:
96,192,147932,1,0,0:0:0:1:
416,192,147932,1,0,0:0:0:1:
480,192,147992,1,0,0:0:0:1:
160,192,148022,1,0,0:0:0:1:
416,192,148052,1,0,0:0:0:1:
96,192,148113,1,0,0:0:0:1:
352,192,148113,1,0,0:0:0:1:
32,192,148173,1,0,0:0:0:1:
288,192,148203,1,0,0:0:0:1:
96,192,148233,1,0,0:0:0:1:
160,192,148293,1,0,0:0:0:1:
416,192,148293,1,0,0:0:0:1:
288,192,148354,1,0,0:0:0:1:
480,192,148384,1,0,0:0:0:1:
352,192,148414,1,0,0:0:0:1:
96,192,148474,1,0,0:0:0:1:
416,192,148474,1,0,0:0:0:1:
32,192,148534,1,0,0:0:0:1:
352,192,148565,1,0,0:0:0:1:
160,192,148595,1,0,0:0:0:1:
288,192,148655,1,0,0:0:0:1:
416,192,148655,1,0,0:0:0:1:
96,192,148715,1,0,0:0:0:1:
480,192,148745,1,0,0:0:0:1:
160,192,148775,1,0,0:0:0:1:
32,192,148836,1,0,0:0:0:1:
352,192,148836,1,0,0:0:0:1:
96,192,148896,1,0,0:0:0:1:
288,192,148926,1,0,0:0:0:1:
160,192,148956,1,0,0:0:0:1:
32,192,149016,1,0,0:0:0:1:
352,192,149016,1,0,0:0:0:1:
96,192,149077,1,0,0:0:0:1:
416,192,149107,1,0,0:0:0:1:
288,192,149137,1,0,0:0:0:1:
160,192,149197,1,0,0:0:0:1:
480,192,149197,1,0,0:0:0:1:
32,192,149257,1,0,0:0:0:1:
352,192,149287,1,0,0:0:0:1:
96,192,149318,1,0,0:0:0:1:
160,192,149378,1,0,0:0:0:1:
416,192,149378,1,0,0:0:0:1:
288,192,149438,1,0,0:0:0:1:
480,192,149468,1,0,0:0:0:1:
352,192,149498,1,0,0:0:0:1:
32,192,149558,1,0,0:0:0:1:
416,192,149558,1,0,0:0:0:1:
96,192,149619,1,0,0:0:0:1:
288,192,149649,1,0,0:0:0:1:
160,192,149679,1,0,0:0:0:1:
96,192,149739,1,0,0:0:0:1:
352,192,149739,1,0,0:0:0:1:
160,192,149799,1,0,0:0:0:1:
416,192,149830,1,0,0:0:0:1:
288,192,149860,1,0,0:0:0:1:
352,192,149920,1,0,0:0:0:1:
480,192,149920,1,0,0:0:0:1:
