[Metadata]
月光乱舞
P*Light
Ayasakura
Sound Voltex Gekkou Ranbu
71
0.538

[TimingPoints]
0,322.58064516129,4,2,2,100,1,0
21855,645.161290322581,4,2,2,100,1,0
22016,161.290322580645,4,2,2,100,1,0
22097,645.161290322581,4,2,2,100,1,0
22258,161.290322580645,4,2,2,100,1,0
22339,645.161290322581,4,2,2,100,1,0
22500,161.290322580645,4,2,2,100,1,0
22581,322.58064516129,4,2,2,100,1,0
22903,161.290322580645,4,2,2,100,1,0
22984,322.58064516129,4,2,2,100,1,0
23065,645.161290322581,4,2,2,100,1,0
23226,322.58064516129,4,2,2,100,1,0
32177,645.161290322581,4,2,2,100,1,0
32339,161.290322580645,4,2,2,100,1,0
32419,645.161290322581,4,2,2,100,1,0
32581,161.290322580645,4,2,2,100,1,0
32661,645.161290322581,4,2,2,100,1,0
32823,161.290322580645,4,2,2,100,1,0
32903,322.58064516129,4,2,2,100,1,0
33226,161.290322580645,4,2,2,100,1,0
33306,322.58064516129,4,2,2,100,1,0
33387,645.161290322581,4,2,2,100,1,0
33548,322.58064516129,4,2,2,100,1,0
46129,161.290322580645,4,2,2,100,1,0
46210,322.58064516129,4,2,2,100,1,0
46290,645.161290322581,4,2,2,100,1,0
46452,322.58064516129,4,2,2,100,1,0
51613,645.161290322581,4,2,2,100,1,0
51774,322.58064516129,4,2,2,100,1,0
51855,161.290322580645,4,2,2,100,1,0
51935,322.58064516129,4,2,2,100,1,0
55484,161.290322580645,4,2,2,100,1,0
55524,483.870967741935,4,2,2,100,1,0
55645,161.290322580645,4,2,2,100,1,0
55685,483.870967741935,4,2,2,100,1,0
55806,161.290322580645,4,2,2,100,1,0
55847,483.870967741935,4,2,2,100,1,0
55968,161.290322580645,4,2,2,100,1,0
56008,483.870967741935,4,2,2,100,1,0
56129,322.58064516129,4,2,2,100,1,0
68387,483.870967741935,4,2,2,100,1,0
78548,430.10752688172,4,2,2,100,1,0
78710,245.775729646697,4,2,2,100,1,0
79355,80.6451612903226,4,2,2,100,1,0
79516,161.290322580645,4,2,2,100,1,0
79677,322.58064516129,4,2,2,100,1,0
90000,161.290322580645,4,2,2,100,1,0
90081,322.58064516129,4,2,2,100,1,0
90161,645.161290322581,4,2,2,100,1,0
90323,322.58064516129,4,2,2,100,1,0
99274,645.161290322581,4,2,2,100,1,0
99435,161.290322580645,4,2,2,100,1,0
99516,645.161290322581,4,2,2,100,1,0
99677,161.290322580645,4,2,2,100,1,0
99758,645.161290322581,4,2,2,100,1,0
99919,161.290322580645,4,2,2,100,1,0
100000,645.161290322581,4,2,2,100,1,0
100161,161.290322580645,4,2,2,100,1,0
100242,322.58064516129,4,2,2,100,1,0
109677,645.161290322581,4,2,2,100,1,0
109839,161.290322580645,4,2,2,100,1,0
109919,645.161290322581,4,2,2,100,1,0
110081,161.290322580645,4,2,2,100,1,0
110161,645.161290322581,4,2,2,100,1,0
110323,161.290322580645,4,2,2,100,1,0
110403,645.161290322581,4,2,2,100,1,0
110565,161.290322580645,4,2,2,100,1,0
110645,322.58064516129,4,2,2,100,1,0
110968,645.161290322581,4,2,2,100,1,0


[HitObjects]
256,0,1290,128,0,2581:0:0:0:0:
36,0,1935,128,0,1942:0:0:0:0:
182,0,2097,128,0,2103:0:0:0:0:
329,0,2258,128,0,2265:0:0:0:0:
475,0,2419,128,0,2426:0:0:0:0:
36,0,2581,128,0,2903:0:0:0:0:
109,192,2581,1,0,0:0:0:0:
182,192,2581,1,0,0:0:0:0:
329,192,2581,1,0,0:0:0:0:
402,192,2581,1,0,0:0:0:0:
256,192,2903,1,0,0:0:0:0:
329,192,2903,1,0,0:0:0:0:
329,192,3065,1,0,0:0:0:0:
402,192,3065,1,0,0:0:0:0:
475,0,3065,128,0,3387:0:0:0:0:
36,0,3226,128,0,3233:0:0:0:0:
182,0,3387,128,0,3394:0:0:0:0:
109,0,3548,128,0,3710:0:0:0:0:
329,0,3548,128,0,3555:0:0:0:0:
475,0,3710,128,0,3716:0:0:0:0:
36,192,3871,1,0,0:0:0:0:
109,192,3871,1,0,0:0:0:0:
182,0,3871,128,0,4194:0:0:0:0:
402,192,3871,1,0,0:0:0:0:
256,192,4194,1,0,0:0:0:0:
329,192,4194,1,0,0:0:0:0:
329,0,4355,128,0,4677:0:0:0:0:
402,192,4355,1,0,0:0:0:0:
475,192,4355,1,0,0:0:0:0:
36,0,4516,128,0,4523:0:0:0:0:
109,192,4677,1,0,0:0:0:0:
182,0,4677,128,0,4684:0:0:0:0:
109,0,4839,128,0,5000:0:0:0:0:
329,0,4839,128,0,4845:0:0:0:0:
475,0,5000,128,0,5007:0:0:0:0:
36,192,5161,1,0,0:0:0:0:
109,0,5161,128,0,5484:0:0:0:0:
182,0,5161,128,0,5168:0:0:0:0:
329,192,5161,1,0,0:0:0:0:
256,0,5323,128,0,5329:0:0:0:0:
402,0,5484,128,0,5491:0:0:0:0:
36,192,5645,1,0,0:0:0:0:
329,0,5645,128,0,5652:0:0:0:0:
402,0,5645,128,0,5968:0:0:0:0:
475,192,5645,1,0,0:0:0:0:
109,0,5806,128,0,5813:0:0:0:0:
256,0,5968,128,0,5974:0:0:0:0:
109,0,6129,128,0,6290:0:0:0:0:
182,192,6129,1,0,0:0:0:0:
329,0,6129,128,0,6136:0:0:0:0:
475,192,6129,1,0,0:0:0:0:
256,0,6129,128,0,6452:0:0:0:0:
402,0,6290,128,0,6297:0:0:0:0:
36,0,6452,128,0,6774:0:0:0:0:
109,192,6452,1,0,0:0:0:0:
182,0,6452,128,0,6774:0:0:0:0:
475,192,6452,1,0,0:0:0:0:
256,192,6774,1,0,0:0:0:0:
329,192,6774,1,0,0:0:0:0:
109,192,6935,1,0,0:0:0:0:
329,0,6935,128,0,7258:0:0:0:0:
402,192,6935,1,0,0:0:0:0:
475,0,6935,128,0,7258:0:0:0:0:
36,0,7097,128,0,7103:0:0:0:0:
109,192,7258,1,0,0:0:0:0:
182,0,7258,128,0,7265:0:0:0:0:
109,0,7419,128,0,7581:0:0:0:0:
329,0,7419,128,0,7426:0:0:0:0:
475,0,7581,128,0,7587:0:0:0:0:
36,192,7742,1,0,0:0:0:0:
109,192,7742,1,0,0:0:0:0:
182,192,7742,1,0,0:0:0:0:
329,192,7742,1,0,0:0:0:0:
402,192,7742,1,0,0:0:0:0:
475,192,7742,1,0,0:0:0:0:
256,0,7742,128,0,11613:0:0:0:0:
109,192,8065,1,0,0:0:0:0:
182,192,8065,1,0,0:0:0:0:
329,192,8065,1,0,0:0:0:0:
182,0,8387,128,0,8394:0:0:0:0:
329,192,8387,1,0,0:0:0:0:
402,192,8387,1,0,0:0:0:0:
475,192,8387,1,0,0:0:0:0:
36,0,8548,128,0,8555:0:0:0:0:
109,0,8710,128,0,8716:0:0:0:0:
329,192,8710,1,0,0:0:0:0:
402,192,8710,1,0,0:0:0:0:
475,192,8710,1,0,0:0:0:0:
182,0,8871,128,0,8878:0:0:0:0:
36,0,9032,128,0,9039:0:0:0:0:
329,192,9032,1,0,0:0:0:0:
402,192,9032,1,0,0:0:0:0:
475,192,9032,1,0,0:0:0:0:
182,192,9355,1,0,0:0:0:0:
329,192,9355,1,0,0:0:0:0:
402,192,9355,1,0,0:0:0:0:
109,192,9677,1,0,0:0:0:0:
182,192,9677,1,0,0:0:0:0:
329,192,9677,1,0,0:0:0:0:
475,0,9677,128,0,9684:0:0:0:0:
36,192,9839,1,0,0:0:0:0:
329,0,9839,128,0,9845:0:0:0:0:
36,0,10000,128,0,10161:0:0:0:0:
402,0,10000,128,0,10007:0:0:0:0:
475,0,10161,128,0,10168:0:0:0:0:
36,192,10323,1,0,0:0:0:0:
109,192,10323,1,0,0:0:0:0:
329,192,10323,1,0,0:0:0:0:
402,192,10323,1,0,0:0:0:0:
36,192,10484,1,0,0:0:0:0:
182,192,10484,1,0,0:0:0:0:
329,192,10484,1,0,0:0:0:0:
475,192,10484,1,0,0:0:0:0:
109,192,10645,1,0,0:0:0:0:
182,192,10645,1,0,0:0:0:0:
402,192,10645,1,0,0:0:0:0:
475,192,10645,1,0,0:0:0:0:
36,192,10806,1,0,0:0:0:0:
182,192,10806,1,0,0:0:0:0:
329,192,10806,1,0,0:0:0:0:
475,192,10806,1,0,0:0:0:0:
36,192,10968,1,0,0:0:0:0:
109,192,10968,1,0,0:0:0:0:
329,192,11048,1,0,0:0:0:0:
402,192,11048,1,0,0:0:0:0:
109,192,11129,1,0,0:0:0:0:
182,192,11129,1,0,0:0:0:0:
402,192,11210,1,0,0:0:0:0:
475,192,11210,1,0,0:0:0:0:
329,192,11290,1,0,0:0:0:0:
402,192,11290,1,0,0:0:0:0:
109,192,11371,1,0,0:0:0:0:
182,192,11371,1,0,0:0:0:0:
402,192,11452,1,0,0:0:0:0:
475,192,11452,1,0,0:0:0:0:
36,192,11532,1,0,0:0:0:0:
109,192,11532,1,0,0:0:0:0:
329,192,11613,1,0,0:0:0:0:
182,192,11935,1,0,0:0:0:0:
329,192,12258,1,0,0:0:0:0:
36,0,12258,128,0,12903:0:0:0:0:
402,192,12419,1,0,0:0:0:0:
182,0,12419,128,0,12903:0:0:0:0:
329,192,12500,1,0,0:0:0:0:
256,192,12581,1,0,0:0:0:0:
329,0,12581,128,0,12903:0:0:0:0:
475,0,12742,128,0,12903:0:0:0:0:
109,192,12903,1,0,0:0:0:0:
256,192,12903,1,0,0:0:0:0:
402,192,12903,1,0,0:0:0:0:
475,192,13065,1,0,0:0:0:0:
182,192,13145,1,0,0:0:0:0:
329,0,13145,128,0,13306:0:0:0:0:
109,192,13226,1,0,0:0:0:0:
256,192,13226,1,0,0:0:0:0:
402,192,13226,1,0,0:0:0:0:
36,192,13387,1,0,0:0:0:0:
329,192,13387,1,0,0:0:0:0:
475,192,13387,1,0,0:0:0:0:
256,192,13548,1,0,0:0:0:0:
329,192,13548,1,0,0:0:0:0:
402,192,13548,1,0,0:0:0:0:
109,0,13548,128,0,14194:0:0:0:0:
475,192,13710,1,0,0:0:0:0:
182,0,13710,128,0,14194:0:0:0:0:
36,192,13871,1,0,0:0:0:0:
329,192,13871,1,0,0:0:0:0:
402,192,13871,1,0,0:0:0:0:
256,0,13871,128,0,14194:0:0:0:0:
475,0,13871,128,0,14194:0:0:0:0:
36,192,14032,1,0,0:0:0:0:
329,0,14032,128,0,14194:0:0:0:0:
36,192,14194,1,0,0:0:0:0:
402,192,14194,1,0,0:0:0:0:
475,192,14355,1,0,0:0:0:0:
182,0,14435,128,0,14597:0:0:0:0:
329,192,14435,1,0,0:0:0:0:
109,192,14516,1,0,0:0:0:0:
256,192,14516,1,0,0:0:0:0:
402,192,14516,1,0,0:0:0:0:
36,192,14677,1,0,0:0:0:0:
182,192,14677,1,0,0:0:0:0:
475,192,14677,1,0,0:0:0:0:
109,192,14839,1,0,0:0:0:0:
182,192,14839,1,0,0:0:0:0:
256,192,14839,1,0,0:0:0:0:
402,0,14839,128,0,15484:0:0:0:0:
36,192,15000,1,0,0:0:0:0:
329,0,15000,128,0,15484:0:0:0:0:
109,192,15161,1,0,0:0:0:0:
182,192,15161,1,0,0:0:0:0:
475,192,15161,1,0,0:0:0:0:
36,0,15161,128,0,15484:0:0:0:0:
256,0,15161,128,0,15484:0:0:0:0:
109,192,15323,1,0,0:0:0:0:
182,0,15323,128,0,15484:0:0:0:0:
109,192,15484,1,0,0:0:0:0:
475,192,15484,1,0,0:0:0:0:
36,192,15645,1,0,0:0:0:0:
182,192,15726,1,0,0:0:0:0:
329,0,15726,128,0,15887:0:0:0:0:
109,192,15806,1,0,0:0:0:0:
256,192,15806,1,0,0:0:0:0:
402,192,15806,1,0,0:0:0:0:
36,192,15968,1,0,0:0:0:0:
182,192,15968,1,0,0:0:0:0:
329,192,15968,1,0,0:0:0:0:
109,0,16129,128,0,16452:0:0:0:0:
329,192,16129,1,0,0:0:0:0:
402,192,16129,1,0,0:0:0:0:
475,192,16129,1,0,0:0:0:0:
36,0,16290,128,0,16452:0:0:0:0:
182,192,16290,1,0,0:0:0:0:
256,0,16290,128,0,16452:0:0:0:0:
182,192,16452,1,0,0:0:0:0:
329,192,16452,1,0,0:0:0:0:
475,192,16452,1,0,0:0:0:0:
402,0,16452,128,0,16774:0:0:0:0:
256,0,16613,128,0,16774:0:0:0:0:
475,0,16613,128,0,16774:0:0:0:0:
36,192,16774,1,0,0:0:0:0:
109,192,16774,1,0,0:0:0:0:
182,192,16774,1,0,0:0:0:0:
329,192,16774,1,0,0:0:0:0:
475,192,16935,1,0,0:0:0:0:
182,0,17016,128,0,17177:0:0:0:0:
329,192,17016,1,0,0:0:0:0:
109,192,17097,1,0,0:0:0:0:
256,192,17097,1,0,0:0:0:0:
402,192,17097,1,0,0:0:0:0:
182,192,17258,1,0,0:0:0:0:
329,192,17258,1,0,0:0:0:0:
475,192,17258,1,0,0:0:0:0:
36,192,17419,1,0,0:0:0:0:
109,192,17419,1,0,0:0:0:0:
182,192,17419,1,0,0:0:0:0:
402,0,17419,128,0,17581:0:0:0:0:
182,0,17581,128,0,17742:0:0:0:0:
256,192,17581,1,0,0:0:0:0:
475,0,17581,128,0,17742:0:0:0:0:
36,192,17742,1,0,0:0:0:0:
109,0,17742,128,0,17903:0:0:0:0:
329,192,17742,1,0,0:0:0:0:
402,192,17742,1,0,0:0:0:0:
256,192,17903,1,0,0:0:0:0:
36,0,17903,128,0,18065:0:0:0:0:
329,0,17903,128,0,18065:0:0:0:0:
109,192,18065,1,0,0:0:0:0:
182,192,18065,1,0,0:0:0:0:
402,0,18065,128,0,18226:0:0:0:0:
475,192,18065,1,0,0:0:0:0:
256,0,18065,128,0,21935:0:0:0:0:
36,192,18226,1,0,0:0:0:0:
402,192,18306,1,0,0:0:0:0:
109,192,18387,1,0,0:0:0:0:
182,192,18387,1,0,0:0:0:0:
329,192,18387,1,0,0:0:0:0:
475,192,18387,1,0,0:0:0:0:
36,192,18548,1,0,0:0:0:0:
402,192,18548,1,0,0:0:0:0:
109,0,18710,128,0,18716:0:0:0:0:
329,192,18710,1,0,0:0:0:0:
475,192,18710,1,0,0:0:0:0:
182,0,18871,128,0,18878:0:0:0:0:
402,192,18871,1,0,0:0:0:0:
36,192,19032,1,0,0:0:0:0:
109,192,19032,1,0,0:0:0:0:
329,0,19032,128,0,19039:0:0:0:0:
475,192,19032,1,0,0:0:0:0:
182,192,19194,1,0,0:0:0:0:
402,0,19194,128,0,19200:0:0:0:0:
36,192,19355,1,0,0:0:0:0:
109,0,19355,128,0,19516:0:0:0:0:
182,192,19355,1,0,0:0:0:0:
329,192,19355,1,0,0:0:0:0:
475,192,19516,1,0,0:0:0:0:
109,192,19597,1,0,0:0:0:0:
36,192,19677,1,0,0:0:0:0:
182,192,19677,1,0,0:0:0:0:
329,192,19677,1,0,0:0:0:0:
402,192,19677,1,0,0:0:0:0:
109,192,19839,1,0,0:0:0:0:
475,192,19839,1,0,0:0:0:0:
36,0,20000,128,0,20007:0:0:0:0:
182,192,20000,1,0,0:0:0:0:
402,192,20000,1,0,0:0:0:0:
109,0,20161,128,0,20168:0:0:0:0:
329,192,20161,1,0,0:0:0:0:
36,192,20323,1,0,0:0:0:0:
182,0,20323,128,0,20329:0:0:0:0:
402,192,20323,1,0,0:0:0:0:
475,192,20323,1,0,0:0:0:0:
109,192,20484,1,0,0:0:0:0:
329,0,20484,128,0,20491:0:0:0:0:
36,192,20645,1,0,0:0:0:0:
182,192,20645,1,0,0:0:0:0:
402,192,20645,1,0,0:0:0:0:
475,192,20645,1,0,0:0:0:0:
36,192,20887,1,0,0:0:0:0:
109,192,20887,1,0,0:0:0:0:
329,192,20887,1,0,0:0:0:0:
475,192,20887,1,0,0:0:0:0:
36,192,21129,1,0,0:0:0:0:
182,192,21129,1,0,0:0:0:0:
329,192,21129,1,0,0:0:0:0:
475,192,21129,1,0,0:0:0:0:
109,192,21290,1,0,0:0:0:0:
182,192,21290,1,0,0:0:0:0:
402,192,21290,1,0,0:0:0:0:
109,192,21452,1,0,0:0:0:0:
329,192,21452,1,0,0:0:0:0:
402,192,21452,1,0,0:0:0:0:
36,192,21613,1,0,0:0:0:0:
182,192,21613,1,0,0:0:0:0:
329,192,21613,1,0,0:0:0:0:
36,192,21774,1,0,0:0:0:0:
182,192,21774,1,0,0:0:0:0:
475,192,21774,1,0,0:0:0:0:
182,192,22097,1,0,0:0:0:0:
256,192,22097,1,0,0:0:0:0:
329,192,22097,1,0,0:0:0:0:
402,192,22097,1,0,0:0:0:0:
475,192,22097,1,0,0:0:0:0:
36,192,22339,1,0,0:0:0:0:
109,192,22339,1,0,0:0:0:0:
182,192,22339,1,0,0:0:0:0:
256,192,22339,1,0,0:0:0:0:
329,192,22339,1,0,0:0:0:0:
109,192,22581,1,0,0:0:0:0:
182,192,22581,1,0,0:0:0:0:
256,192,22581,1,0,0:0:0:0:
329,192,22581,1,0,0:0:0:0:
402,192,22581,1,0,0:0:0:0:
475,192,22742,1,0,0:0:0:0:
329,192,22823,1,0,0:0:0:0:
109,192,22903,1,0,0:0:0:0:
256,192,22903,1,0,0:0:0:0:
402,0,22903,128,0,23226:0:0:0:0:
36,192,23226,1,0,0:0:0:0:
109,192,23226,1,0,0:0:0:0:
329,0,23226,128,0,23629:0:0:0:0:
475,0,23226,128,0,23790:0:0:0:0:
182,0,23226,128,0,24516:0:0:0:0:
256,0,23468,128,0,23790:0:0:0:0:
402,0,23468,128,0,23790:0:0:0:0:
36,192,23548,1,0,0:0:0:0:
109,192,23548,1,0,0:0:0:0:
109,0,23710,128,0,23952:0:0:0:0:
329,0,23710,128,0,23952:0:0:0:0:
36,0,23871,128,0,24113:0:0:0:0:
256,0,23871,128,0,24113:0:0:0:0:
402,192,23871,1,0,0:0:0:0:
475,192,23871,1,0,0:0:0:0:
109,0,24032,128,0,24113:0:0:0:0:
329,0,24032,128,0,24274:0:0:0:0:
36,192,24194,1,0,0:0:0:0:
109,192,24194,1,0,0:0:0:0:
256,0,24194,128,0,24435:0:0:0:0:
402,0,24194,128,0,24919:0:0:0:0:
329,0,24355,128,0,24435:0:0:0:0:
475,0,24355,128,0,24677:0:0:0:0:
36,0,24516,128,0,24758:0:0:0:0:
109,0,24516,128,0,24758:0:0:0:0:
256,0,24516,128,0,25161:0:0:0:0:
329,192,24516,1,0,0:0:0:0:
329,0,24758,128,0,25081:0:0:0:0:
475,0,24758,128,0,25081:0:0:0:0:
36,192,24839,1,0,0:0:0:0:
109,192,24839,1,0,0:0:0:0:
182,0,25000,128,0,25242:0:0:0:0:
402,0,25000,128,0,25081:0:0:0:0:
36,0,25161,128,0,25403:0:0:0:0:
109,0,25161,128,0,25403:0:0:0:0:
402,192,25161,1,0,0:0:0:0:
475,192,25161,1,0,0:0:0:0:
329,0,25161,128,0,25806:0:0:0:0:
182,0,25323,128,0,25726:0:0:0:0:
256,0,25323,128,0,25565:0:0:0:0:
36,192,25484,1,0,0:0:0:0:
109,192,25484,1,0,0:0:0:0:
402,0,25484,128,0,25726:0:0:0:0:
475,0,25484,128,0,25565:0:0:0:0:
256,0,25645,128,0,26210:0:0:0:0:
475,0,25645,128,0,25968:0:0:0:0:
36,0,25806,128,0,26371:0:0:0:0:
109,192,25806,1,0,0:0:0:0:
182,0,25806,128,0,26048:0:0:0:0:
402,0,25806,128,0,27097:0:0:0:0:
329,0,26048,128,0,26371:0:0:0:0:
475,0,26048,128,0,26371:0:0:0:0:
109,192,26129,1,0,0:0:0:0:
182,192,26129,1,0,0:0:0:0:
109,0,26290,128,0,26532:0:0:0:0:
256,0,26290,128,0,26532:0:0:0:0:
36,0,26452,128,0,26694:0:0:0:0:
182,0,26452,128,0,26694:0:0:0:0:
329,192,26452,1,0,0:0:0:0:
475,192,26452,1,0,0:0:0:0:
109,0,26613,128,0,26694:0:0:0:0:
256,0,26613,128,0,26855:0:0:0:0:
36,192,26774,1,0,0:0:0:0:
109,192,26774,1,0,0:0:0:0:
182,0,26774,128,0,27016:0:0:0:0:
329,0,26774,128,0,27258:0:0:0:0:
475,0,26935,128,0,27016:0:0:0:0:
256,0,26935,128,0,27339:0:0:0:0:
36,0,27097,128,0,27339:0:0:0:0:
109,0,27097,128,0,27742:0:0:0:0:
182,0,27097,128,0,27500:0:0:0:0:
475,192,27097,1,0,0:0:0:0:
329,0,27339,128,0,27661:0:0:0:0:
475,0,27339,128,0,27661:0:0:0:0:
36,192,27419,1,0,0:0:0:0:
256,192,27419,1,0,0:0:0:0:
182,0,27581,128,0,27661:0:0:0:0:
402,0,27581,128,0,27823:0:0:0:0:
36,0,27742,128,0,27984:0:0:0:0:
182,192,27742,1,0,0:0:0:0:
329,0,27742,128,0,27984:0:0:0:0:
475,192,27742,1,0,0:0:0:0:
256,0,27742,128,0,28387:0:0:0:0:
109,0,27903,128,0,28145:0:0:0:0:
402,0,27903,128,0,28145:0:0:0:0:
36,192,28065,1,0,0:0:0:0:
182,0,28065,128,0,28306:0:0:0:0:
329,192,28065,1,0,0:0:0:0:
475,0,28065,128,0,28306:0:0:0:0:
109,0,28226,128,0,28387:0:0:0:0:
402,0,28226,128,0,28387:0:0:0:0:
36,192,28387,1,0,0:0:0:0:
182,192,28387,1,0,0:0:0:0:
475,192,28387,1,0,0:0:0:0:
329,0,28387,128,0,29677:0:0:0:0:
109,192,28629,1,0,0:0:0:0:
402,0,28629,128,0,28710:0:0:0:0:
36,192,28710,1,0,0:0:0:0:
182,192,28710,1,0,0:0:0:0:
256,192,28710,1,0,0:0:0:0:
475,192,28710,1,0,0:0:0:0:
109,192,28871,1,0,0:0:0:0:
402,0,28871,128,0,29032:0:0:0:0:
36,192,29032,1,0,0:0:0:0:
182,192,29032,1,0,0:0:0:0:
256,192,29032,1,0,0:0:0:0:
475,192,29032,1,0,0:0:0:0:
109,192,29194,1,0,0:0:0:0:
402,192,29194,1,0,0:0:0:0:
36,192,29355,1,0,0:0:0:0:
182,192,29355,1,0,0:0:0:0:
256,192,29355,1,0,0:0:0:0:
402,192,29355,1,0,0:0:0:0:
109,192,29516,1,0,0:0:0:0:
475,192,29516,1,0,0:0:0:0:
36,192,29677,1,0,0:0:0:0:
182,0,29677,128,0,30323:0:0:0:0:
256,192,29677,1,0,0:0:0:0:
402,192,29677,1,0,0:0:0:0:
109,0,29919,128,0,30000:0:0:0:0:
475,192,29919,1,0,0:0:0:0:
36,192,30000,1,0,0:0:0:0:
256,192,30000,1,0,0:0:0:0:
329,192,30000,1,0,0:0:0:0:
402,192,30000,1,0,0:0:0:0:
109,0,30161,128,0,30323:0:0:0:0:
475,192,30161,1,0,0:0:0:0:
36,192,30323,1,0,0:0:0:0:
256,192,30323,1,0,0:0:0:0:
402,192,30323,1,0,0:0:0:0:
329,0,30323,128,0,30968:0:0:0:0:
182,192,30484,1,0,0:0:0:0:
36,192,30645,1,0,0:0:0:0:
109,192,30645,1,0,0:0:0:0:
402,192,30645,1,0,0:0:0:0:
475,192,30645,1,0,0:0:0:0:
256,192,30806,1,0,0:0:0:0:
36,192,30968,1,0,0:0:0:0:
109,192,30968,1,0,0:0:0:0:
182,192,30968,1,0,0:0:0:0:
256,0,30968,128,0,32258:0:0:0:0:
402,192,30968,1,0,0:0:0:0:
109,192,31129,1,0,0:0:0:0:
329,192,31210,1,0,0:0:0:0:
402,192,31210,1,0,0:0:0:0:
475,192,31210,1,0,0:0:0:0:
109,192,31290,1,0,0:0:0:0:
36,192,31452,1,0,0:0:0:0:
109,192,31452,1,0,0:0:0:0:
182,192,31452,1,0,0:0:0:0:
402,192,31452,1,0,0:0:0:0:
329,192,31613,1,0,0:0:0:0:
402,192,31613,1,0,0:0:0:0:
475,192,31613,1,0,0:0:0:0:
36,192,31694,1,0,0:0:0:0:
109,192,31694,1,0,0:0:0:0:
182,192,31694,1,0,0:0:0:0:
329,192,31774,1,0,0:0:0:0:
402,192,31774,1,0,0:0:0:0:
475,192,31774,1,0,0:0:0:0:
36,192,31855,1,0,0:0:0:0:
109,192,31855,1,0,0:0:0:0:
182,192,31855,1,0,0:0:0:0:
329,192,31935,1,0,0:0:0:0:
402,192,31935,1,0,0:0:0:0:
475,192,31935,1,0,0:0:0:0:
36,192,32016,1,0,0:0:0:0:
109,192,32016,1,0,0:0:0:0:
182,192,32016,1,0,0:0:0:0:
329,192,32097,1,0,0:0:0:0:
402,192,32097,1,0,0:0:0:0:
475,192,32097,1,0,0:0:0:0:
36,192,32177,1,0,0:0:0:0:
109,192,32177,1,0,0:0:0:0:
182,192,32177,1,0,0:0:0:0:
182,192,32419,1,0,0:0:0:0:
256,192,32419,1,0,0:0:0:0:
329,192,32419,1,0,0:0:0:0:
109,192,32661,1,0,0:0:0:0:
182,192,32661,1,0,0:0:0:0:
329,192,32661,1,0,0:0:0:0:
402,192,32661,1,0,0:0:0:0:
36,192,32903,1,0,0:0:0:0:
109,192,32903,1,0,0:0:0:0:
256,192,32903,1,0,0:0:0:0:
402,192,32903,1,0,0:0:0:0:
475,192,32903,1,0,0:0:0:0:
402,192,33065,1,0,0:0:0:0:
329,192,33145,1,0,0:0:0:0:
109,192,33226,1,0,0:0:0:0:
256,192,33226,1,0,0:0:0:0:
402,0,33226,128,0,36129:0:0:0:0:
36,192,33548,1,0,0:0:0:0:
182,192,33548,1,0,0:0:0:0:
256,192,33548,1,0,0:0:0:0:
329,192,33548,1,0,0:0:0:0:
109,0,33548,128,0,36129:0:0:0:0:
36,192,33629,1,0,0:0:0:0:
475,192,33790,1,0,0:0:0:0:
182,192,33871,1,0,0:0:0:0:
256,192,33871,1,0,0:0:0:0:
329,192,33871,1,0,0:0:0:0:
475,192,33871,1,0,0:0:0:0:
475,192,34032,1,0,0:0:0:0:
475,192,34113,1,0,0:0:0:0:
182,192,34194,1,0,0:0:0:0:
256,192,34194,1,0,0:0:0:0:
329,192,34194,1,0,0:0:0:0:
36,192,34274,1,0,0:0:0:0:
36,192,34355,1,0,0:0:0:0:
36,192,34516,1,0,0:0:0:0:
182,192,34516,1,0,0:0:0:0:
256,192,34516,1,0,0:0:0:0:
329,192,34516,1,0,0:0:0:0:
475,192,34516,1,0,0:0:0:0:
36,192,34677,1,0,0:0:0:0:
475,192,34677,1,0,0:0:0:0:
36,192,34839,1,0,0:0:0:0:
182,192,34839,1,0,0:0:0:0:
256,192,34839,1,0,0:0:0:0:
329,192,34839,1,0,0:0:0:0:
475,192,34839,1,0,0:0:0:0:
182,192,34919,1,0,0:0:0:0:
329,192,35081,1,0,0:0:0:0:
36,192,35161,1,0,0:0:0:0:
256,192,35161,1,0,0:0:0:0:
329,192,35161,1,0,0:0:0:0:
475,192,35161,1,0,0:0:0:0:
329,192,35323,1,0,0:0:0:0:
329,192,35403,1,0,0:0:0:0:
36,192,35484,1,0,0:0:0:0:
256,192,35484,1,0,0:0:0:0:
475,192,35484,1,0,0:0:0:0:
182,192,35565,1,0,0:0:0:0:
182,192,35645,1,0,0:0:0:0:
36,192,35806,1,0,0:0:0:0:
182,192,35806,1,0,0:0:0:0:
256,192,35806,1,0,0:0:0:0:
329,192,35806,1,0,0:0:0:0:
475,192,35806,1,0,0:0:0:0:
182,192,35968,1,0,0:0:0:0:
329,192,35968,1,0,0:0:0:0:
182,192,36129,1,0,0:0:0:0:
256,192,36129,1,0,0:0:0:0:
475,192,36129,1,0,0:0:0:0:
36,0,36129,128,0,37419:0:0:0:0:
329,0,36129,128,0,37419:0:0:0:0:
109,192,36210,1,0,0:0:0:0:
402,192,36371,1,0,0:0:0:0:
182,192,36452,1,0,0:0:0:0:
256,192,36452,1,0,0:0:0:0:
402,192,36452,1,0,0:0:0:0:
475,192,36452,1,0,0:0:0:0:
109,192,36613,1,0,0:0:0:0:
109,192,36694,1,0,0:0:0:0:
182,192,36774,1,0,0:0:0:0:
256,192,36774,1,0,0:0:0:0:
475,192,36774,1,0,0:0:0:0:
402,192,36855,1,0,0:0:0:0:
402,192,36935,1,0,0:0:0:0:
109,192,37097,1,0,0:0:0:0:
182,192,37097,1,0,0:0:0:0:
256,192,37097,1,0,0:0:0:0:
402,192,37097,1,0,0:0:0:0:
475,192,37097,1,0,0:0:0:0:
109,192,37258,1,0,0:0:0:0:
402,192,37258,1,0,0:0:0:0:
109,192,37419,1,0,0:0:0:0:
256,192,37419,1,0,0:0:0:0:
402,192,37419,1,0,0:0:0:0:
182,0,37419,128,0,38710:0:0:0:0:
475,0,37419,128,0,43226:0:0:0:0:
36,192,37500,1,0,0:0:0:0:
329,192,37661,1,0,0:0:0:0:
109,192,37742,1,0,0:0:0:0:
256,192,37742,1,0,0:0:0:0:
329,192,37742,1,0,0:0:0:0:
402,192,37742,1,0,0:0:0:0:
36,192,37903,1,0,0:0:0:0:
36,192,37984,1,0,0:0:0:0:
109,192,38065,1,0,0:0:0:0:
256,192,38065,1,0,0:0:0:0:
402,192,38065,1,0,0:0:0:0:
329,192,38145,1,0,0:0:0:0:
329,192,38226,1,0,0:0:0:0:
256,192,38387,1,0,0:0:0:0:
329,192,38387,1,0,0:0:0:0:
402,192,38387,1,0,0:0:0:0:
36,192,38468,1,0,0:0:0:0:
109,192,38468,1,0,0:0:0:0:
256,192,38548,1,0,0:0:0:0:
329,192,38548,1,0,0:0:0:0:
402,192,38548,1,0,0:0:0:0:
36,192,38629,1,0,0:0:0:0:
109,192,38629,1,0,0:0:0:0:
256,192,38710,1,0,0:0:0:0:
329,192,38710,1,0,0:0:0:0:
402,192,38710,1,0,0:0:0:0:
109,0,38710,128,0,40000:0:0:0:0:
36,0,38710,128,0,43145:0:0:0:0:
182,192,38871,1,0,0:0:0:0:
256,192,38871,1,0,0:0:0:0:
402,192,38871,1,0,0:0:0:0:
256,192,39032,1,0,0:0:0:0:
329,192,39032,1,0,0:0:0:0:
402,192,39032,1,0,0:0:0:0:
182,192,39194,1,0,0:0:0:0:
256,192,39194,1,0,0:0:0:0:
402,192,39194,1,0,0:0:0:0:
256,192,39355,1,0,0:0:0:0:
329,192,39355,1,0,0:0:0:0:
402,192,39355,1,0,0:0:0:0:
182,192,39516,1,0,0:0:0:0:
256,192,39516,1,0,0:0:0:0:
402,192,39516,1,0,0:0:0:0:
256,192,39677,1,0,0:0:0:0:
329,192,39677,1,0,0:0:0:0:
402,192,39677,1,0,0:0:0:0:
182,192,39839,1,0,0:0:0:0:
256,192,39839,1,0,0:0:0:0:
402,192,39839,1,0,0:0:0:0:
182,192,40000,1,0,0:0:0:0:
256,192,40000,1,0,0:0:0:0:
329,192,40000,1,0,0:0:0:0:
402,0,40000,128,0,41290:0:0:0:0:
109,192,40161,1,0,0:0:0:0:
256,192,40161,1,0,0:0:0:0:
329,192,40161,1,0,0:0:0:0:
109,192,40323,1,0,0:0:0:0:
182,192,40323,1,0,0:0:0:0:
256,192,40323,1,0,0:0:0:0:
109,192,40484,1,0,0:0:0:0:
256,192,40484,1,0,0:0:0:0:
329,192,40484,1,0,0:0:0:0:
109,192,40645,1,0,0:0:0:0:
182,192,40645,1,0,0:0:0:0:
256,192,40645,1,0,0:0:0:0:
109,192,40806,1,0,0:0:0:0:
256,192,40806,1,0,0:0:0:0:
329,192,40806,1,0,0:0:0:0:
109,192,40968,1,0,0:0:0:0:
182,192,40968,1,0,0:0:0:0:
256,192,40968,1,0,0:0:0:0:
109,192,41129,1,0,0:0:0:0:
256,192,41129,1,0,0:0:0:0:
329,192,41129,1,0,0:0:0:0:
109,192,41290,1,0,0:0:0:0:
182,192,41290,1,0,0:0:0:0:
329,192,41290,1,0,0:0:0:0:
256,0,41290,128,0,43871:0:0:0:0:
109,192,41452,1,0,0:0:0:0:
182,192,41452,1,0,0:0:0:0:
402,192,41452,1,0,0:0:0:0:
109,192,41613,1,0,0:0:0:0:
329,192,41613,1,0,0:0:0:0:
402,192,41613,1,0,0:0:0:0:
109,192,41774,1,0,0:0:0:0:
182,192,41774,1,0,0:0:0:0:
402,192,41774,1,0,0:0:0:0:
109,192,41935,1,0,0:0:0:0:
182,192,41935,1,0,0:0:0:0:
329,192,41935,1,0,0:0:0:0:
402,192,41935,1,0,0:0:0:0:
182,192,42097,1,0,0:0:0:0:
329,192,42097,1,0,0:0:0:0:
402,192,42097,1,0,0:0:0:0:
109,192,42258,1,0,0:0:0:0:
182,192,42258,1,0,0:0:0:0:
329,192,42258,1,0,0:0:0:0:
182,192,42419,1,0,0:0:0:0:
329,192,42419,1,0,0:0:0:0:
402,192,42419,1,0,0:0:0:0:
109,192,42581,1,0,0:0:0:0:
182,192,42581,1,0,0:0:0:0:
329,192,42581,1,0,0:0:0:0:
402,192,42581,1,0,0:0:0:0:
109,192,42742,1,0,0:0:0:0:
329,192,42742,1,0,0:0:0:0:
402,192,42742,1,0,0:0:0:0:
109,192,42903,1,0,0:0:0:0:
182,192,42903,1,0,0:0:0:0:
329,192,42903,1,0,0:0:0:0:
182,192,43065,1,0,0:0:0:0:
329,192,43065,1,0,0:0:0:0:
402,192,43065,1,0,0:0:0:0:
36,0,43226,128,0,43306:0:0:0:0:
109,0,43226,128,0,43306:0:0:0:0:
182,192,43226,1,0,0:0:0:0:
329,0,43306,128,0,43387:0:0:0:0:
402,192,43306,1,0,0:0:0:0:
475,0,43306,128,0,43387:0:0:0:0:
36,0,43387,128,0,43468:0:0:0:0:
109,192,43387,1,0,0:0:0:0:
182,0,43387,128,0,43468:0:0:0:0:
329,192,43468,1,0,0:0:0:0:
402,0,43468,128,0,43548:0:0:0:0:
475,0,43468,128,0,43548:0:0:0:0:
36,0,43548,128,0,43629:0:0:0:0:
109,0,43548,128,0,43629:0:0:0:0:
182,192,43548,1,0,0:0:0:0:
329,0,43629,128,0,43710:0:0:0:0:
402,192,43629,1,0,0:0:0:0:
475,0,43629,128,0,43710:0:0:0:0:
109,192,43710,1,0,0:0:0:0:
36,0,43710,128,0,43871:0:0:0:0:
182,0,43710,128,0,43871:0:0:0:0:
329,192,43790,1,0,0:0:0:0:
402,0,43790,128,0,43871:0:0:0:0:
475,0,43790,128,0,43871:0:0:0:0:
109,192,43871,1,0,0:0:0:0:
256,192,44194,1,0,0:0:0:0:
329,192,44355,1,0,0:0:0:0:
402,192,44516,1,0,0:0:0:0:
109,192,44677,1,0,0:0:0:0:
182,192,44839,1,0,0:0:0:0:
256,192,45000,1,0,0:0:0:0:
36,0,45161,128,0,45242:0:0:0:0:
182,0,45161,128,0,45242:0:0:0:0:
329,0,45161,128,0,45242:0:0:0:0:
402,192,45161,1,0,0:0:0:0:
475,0,45161,128,0,45242:0:0:0:0:
36,0,45323,128,0,45403:0:0:0:0:
109,192,45323,1,0,0:0:0:0:
182,0,45323,128,0,45403:0:0:0:0:
329,0,45323,128,0,45403:0:0:0:0:
475,0,45323,128,0,45403:0:0:0:0:
36,0,45484,128,0,45565:0:0:0:0:
182,0,45484,128,0,45565:0:0:0:0:
256,192,45484,1,0,0:0:0:0:
329,0,45484,128,0,45565:0:0:0:0:
475,0,45484,128,0,45565:0:0:0:0:
36,0,45645,128,0,45726:0:0:0:0:
182,0,45645,128,0,45726:0:0:0:0:
329,0,45645,128,0,45726:0:0:0:0:
402,192,45645,1,0,0:0:0:0:
475,0,45645,128,0,45726:0:0:0:0:
36,0,45806,128,0,45887:0:0:0:0:
182,0,45806,128,0,45887:0:0:0:0:
256,192,45806,1,0,0:0:0:0:
329,0,45806,128,0,45887:0:0:0:0:
475,0,45806,128,0,45887:0:0:0:0:
109,192,45968,1,0,0:0:0:0:
402,192,45968,1,0,0:0:0:0:
182,192,46048,1,0,0:0:0:0:
329,192,46048,1,0,0:0:0:0:
109,192,46129,1,0,0:0:0:0:
256,192,46129,1,0,0:0:0:0:
402,0,46129,128,0,46452:0:0:0:0:
36,192,46452,1,0,0:0:0:0:
109,192,46452,1,0,0:0:0:0:
256,192,46452,1,0,0:0:0:0:
329,192,46452,1,0,0:0:0:0:
182,192,46613,1,0,0:0:0:0:
475,192,46613,1,0,0:0:0:0:
36,192,46774,1,0,0:0:0:0:
109,0,46774,128,0,47258:0:0:0:0:
256,192,46774,1,0,0:0:0:0:
329,192,46774,1,0,0:0:0:0:
402,192,46774,1,0,0:0:0:0:
182,0,46935,128,0,47097:0:0:0:0:
475,192,46935,1,0,0:0:0:0:
36,192,47097,1,0,0:0:0:0:
256,0,47097,128,0,47581:0:0:0:0:
329,192,47097,1,0,0:0:0:0:
402,192,47097,1,0,0:0:0:0:
182,0,47258,128,0,47419:0:0:0:0:
475,192,47258,1,0,0:0:0:0:
36,192,47419,1,0,0:0:0:0:
109,192,47419,1,0,0:0:0:0:
402,192,47419,1,0,0:0:0:0:
329,0,47419,128,0,47742:0:0:0:0:
182,192,47581,1,0,0:0:0:0:
402,0,47581,128,0,47742:0:0:0:0:
36,192,47742,1,0,0:0:0:0:
109,192,47742,1,0,0:0:0:0:
256,192,47742,1,0,0:0:0:0:
475,0,47742,128,0,48145:0:0:0:0:
182,192,47903,1,0,0:0:0:0:
329,0,47903,128,0,48548:0:0:0:0:
36,192,48065,1,0,0:0:0:0:
109,192,48065,1,0,0:0:0:0:
182,192,48065,1,0,0:0:0:0:
256,192,48065,1,0,0:0:0:0:
402,0,48065,128,0,48306:0:0:0:0:
109,192,48226,1,0,0:0:0:0:
475,0,48226,128,0,48548:0:0:0:0:
36,192,48387,1,0,0:0:0:0:
182,192,48387,1,0,0:0:0:0:
256,192,48387,1,0,0:0:0:0:
402,0,48387,128,0,48548:0:0:0:0:
109,192,48548,1,0,0:0:0:0:
182,0,48710,128,0,48871:0:0:0:0:
256,192,48710,1,0,0:0:0:0:
329,192,48710,1,0,0:0:0:0:
402,192,48710,1,0,0:0:0:0:
475,0,48710,128,0,48871:0:0:0:0:
36,0,48710,128,0,49032:0:0:0:0:
256,192,48871,1,0,0:0:0:0:
329,192,48871,1,0,0:0:0:0:
109,0,48871,128,0,49032:0:0:0:0:
402,0,48871,128,0,49032:0:0:0:0:
182,192,49032,1,0,0:0:0:0:
256,192,49032,1,0,0:0:0:0:
329,192,49032,1,0,0:0:0:0:
475,0,49032,128,0,49194:0:0:0:0:
109,192,49194,1,0,0:0:0:0:
402,192,49194,1,0,0:0:0:0:
36,192,49355,1,0,0:0:0:0:
182,192,49355,1,0,0:0:0:0:
329,192,49355,1,0,0:0:0:0:
475,192,49355,1,0,0:0:0:0:
109,192,49516,1,0,0:0:0:0:
256,0,49516,128,0,49839:0:0:0:0:
182,192,49677,1,0,0:0:0:0:
329,192,49677,1,0,0:0:0:0:
402,0,49677,128,0,49839:0:0:0:0:
475,192,49677,1,0,0:0:0:0:
36,192,49839,1,0,0:0:0:0:
109,192,49839,1,0,0:0:0:0:
182,192,50000,1,0,0:0:0:0:
256,192,50000,1,0,0:0:0:0:
329,0,50000,128,0,50161:0:0:0:0:
402,192,50000,1,0,0:0:0:0:
475,0,50000,128,0,50161:0:0:0:0:
36,192,50161,1,0,0:0:0:0:
109,192,50161,1,0,0:0:0:0:
109,0,50323,128,0,50645:0:0:0:0:
182,192,50323,1,0,0:0:0:0:
329,192,50323,1,0,0:0:0:0:
475,192,50323,1,0,0:0:0:0:
182,0,50484,128,0,50806:0:0:0:0:
256,192,50484,1,0,0:0:0:0:
402,192,50484,1,0,0:0:0:0:
36,192,50645,1,0,0:0:0:0:
256,0,50645,128,0,50968:0:0:0:0:
329,192,50645,1,0,0:0:0:0:
402,192,50645,1,0,0:0:0:0:
475,192,50645,1,0,0:0:0:0:
36,192,50806,1,0,0:0:0:0:
109,192,50806,1,0,0:0:0:0:
329,0,50806,128,0,50968:0:0:0:0:
109,192,50968,1,0,0:0:0:0:
182,192,50968,1,0,0:0:0:0:
402,0,50968,128,0,51129:0:0:0:0:
475,192,50968,1,0,0:0:0:0:
36,192,51129,1,0,0:0:0:0:
182,192,51129,1,0,0:0:0:0:
256,192,51129,1,0,0:0:0:0:
329,0,51129,128,0,51290:0:0:0:0:
475,192,51129,1,0,0:0:0:0:
36,192,51290,1,0,0:0:0:0:
109,192,51290,1,0,0:0:0:0:
182,192,51290,1,0,0:0:0:0:
256,0,51290,128,0,51452:0:0:0:0:
475,192,51290,1,0,0:0:0:0:
402,192,51452,1,0,0:0:0:0:
182,192,51613,1,0,0:0:0:0:
256,0,51613,128,0,51935:0:0:0:0:
329,192,51613,1,0,0:0:0:0:
109,192,51694,1,0,0:0:0:0:
402,192,51694,1,0,0:0:0:0:
36,192,51774,1,0,0:0:0:0:
475,192,51774,1,0,0:0:0:0:
36,192,51855,1,0,0:0:0:0:
475,192,51855,1,0,0:0:0:0:
109,0,51935,128,0,52419:0:0:0:0:
182,192,51935,1,0,0:0:0:0:
329,192,51935,1,0,0:0:0:0:
402,192,51935,1,0,0:0:0:0:
182,0,52097,128,0,52258:0:0:0:0:
475,192,52097,1,0,0:0:0:0:
36,192,52258,1,0,0:0:0:0:
256,0,52258,128,0,52742:0:0:0:0:
329,192,52258,1,0,0:0:0:0:
402,192,52258,1,0,0:0:0:0:
182,0,52419,128,0,52581:0:0:0:0:
475,192,52419,1,0,0:0:0:0:
36,192,52581,1,0,0:0:0:0:
109,192,52581,1,0,0:0:0:0:
402,192,52581,1,0,0:0:0:0:
475,192,52581,1,0,0:0:0:0:
329,0,52581,128,0,52903:0:0:0:0:
182,192,52621,1,0,0:0:0:0:
36,192,52742,1,0,0:0:0:0:
402,0,52742,128,0,53145:0:0:0:0:
109,192,52903,1,0,0:0:0:0:
182,192,52903,1,0,0:0:0:0:
256,192,52903,1,0,0:0:0:0:
475,0,52903,128,0,53306:0:0:0:0:
36,192,53065,1,0,0:0:0:0:
329,0,53065,128,0,53710:0:0:0:0:
36,192,53226,1,0,0:0:0:0:
109,192,53226,1,0,0:0:0:0:
182,192,53226,1,0,0:0:0:0:
256,192,53226,1,0,0:0:0:0:
402,0,53226,128,0,53468:0:0:0:0:
182,192,53387,1,0,0:0:0:0:
475,0,53387,128,0,53710:0:0:0:0:
36,192,53548,1,0,0:0:0:0:
182,192,53548,1,0,0:0:0:0:
256,192,53548,1,0,0:0:0:0:
402,0,53548,128,0,53710:0:0:0:0:
109,192,53710,1,0,0:0:0:0:
182,0,53871,128,0,54032:0:0:0:0:
256,192,53871,1,0,0:0:0:0:
329,192,53871,1,0,0:0:0:0:
402,192,53871,1,0,0:0:0:0:
475,0,53871,128,0,54032:0:0:0:0:
36,0,53871,128,0,54194:0:0:0:0:
109,192,53911,1,0,0:0:0:0:
256,192,54032,1,0,0:0:0:0:
109,0,54032,128,0,54194:0:0:0:0:
402,0,54032,128,0,54194:0:0:0:0:
182,192,54194,1,0,0:0:0:0:
256,192,54194,1,0,0:0:0:0:
329,192,54194,1,0,0:0:0:0:
475,0,54194,128,0,54355:0:0:0:0:
36,192,54355,1,0,0:0:0:0:
109,192,54355,1,0,0:0:0:0:
182,192,54516,1,0,0:0:0:0:
329,192,54516,1,0,0:0:0:0:
402,192,54516,1,0,0:0:0:0:
475,192,54516,1,0,0:0:0:0:
256,192,54556,1,0,0:0:0:0:
36,192,54677,1,0,0:0:0:0:
109,192,54677,1,0,0:0:0:0:
256,0,54677,128,0,54839:0:0:0:0:
182,192,54839,1,0,0:0:0:0:
329,192,54839,1,0,0:0:0:0:
402,0,54839,128,0,55000:0:0:0:0:
475,192,54839,1,0,0:0:0:0:
36,192,55000,1,0,0:0:0:0:
256,192,55000,1,0,0:0:0:0:
109,192,55161,1,0,0:0:0:0:
182,192,55161,1,0,0:0:0:0:
329,192,55161,1,0,0:0:0:0:
402,192,55161,1,0,0:0:0:0:
475,0,55161,128,0,55323:0:0:0:0:
256,192,55202,1,0,0:0:0:0:
36,192,55323,1,0,0:0:0:0:
256,192,55323,1,0,0:0:0:0:
109,0,55484,128,0,55504:0:0:0:0:
182,192,55484,1,0,0:0:0:0:
329,192,55484,1,0,0:0:0:0:
402,192,55484,1,0,0:0:0:0:
109,192,55645,1,0,0:0:0:0:
182,0,55645,128,0,55665:0:0:0:0:
329,192,55645,1,0,0:0:0:0:
402,192,55645,1,0,0:0:0:0:
109,192,55806,1,0,0:0:0:0:
182,192,55806,1,0,0:0:0:0:
329,0,55806,128,0,55827:0:0:0:0:
402,192,55806,1,0,0:0:0:0:
109,192,55968,1,0,0:0:0:0:
182,192,55968,1,0,0:0:0:0:
329,192,55968,1,0,0:0:0:0:
402,0,55968,128,0,55988:0:0:0:0:
109,0,56129,128,0,56210:0:0:0:0:
329,0,56129,128,0,56210:0:0:0:0:
182,0,56210,128,0,56290:0:0:0:0:
402,0,56210,128,0,56290:0:0:0:0:
109,0,56290,128,0,56371:0:0:0:0:
329,0,56290,128,0,56371:0:0:0:0:
182,0,56371,128,0,56452:0:0:0:0:
402,0,56371,128,0,56452:0:0:0:0:
256,0,56452,128,0,56613:0:0:0:0:
36,0,56452,128,0,56774:0:0:0:0:
475,0,56452,128,0,56774:0:0:0:0:
182,192,56774,1,0,0:0:0:0:
402,192,56774,1,0,0:0:0:0:
109,0,56774,128,0,59355:0:0:0:0:
36,192,56855,1,0,0:0:0:0:
182,192,56855,1,0,0:0:0:0:
256,192,56935,1,0,0:0:0:0:
329,192,56935,1,0,0:0:0:0:
36,192,57016,1,0,0:0:0:0:
36,192,57097,1,0,0:0:0:0:
182,192,57097,1,0,0:0:0:0:
402,192,57097,1,0,0:0:0:0:
475,192,57097,1,0,0:0:0:0:
182,192,57258,1,0,0:0:0:0:
256,192,57258,1,0,0:0:0:0:
329,192,57258,1,0,0:0:0:0:
36,192,57339,1,0,0:0:0:0:
182,192,57339,1,0,0:0:0:0:
402,192,57419,1,0,0:0:0:0:
36,192,57500,1,0,0:0:0:0:
36,192,57581,1,0,0:0:0:0:
182,192,57581,1,0,0:0:0:0:
256,192,57581,1,0,0:0:0:0:
329,192,57581,1,0,0:0:0:0:
36,0,57742,128,0,57863:0:0:0:0:
182,0,57742,128,0,57863:0:0:0:0:
402,192,57742,1,0,0:0:0:0:
475,192,57742,1,0,0:0:0:0:
36,192,57903,1,0,0:0:0:0:
182,192,57903,1,0,0:0:0:0:
256,192,57903,1,0,0:0:0:0:
329,192,57903,1,0,0:0:0:0:
402,192,58065,1,0,0:0:0:0:
475,192,58065,1,0,0:0:0:0:
329,192,58145,1,0,0:0:0:0:
475,192,58145,1,0,0:0:0:0:
182,192,58226,1,0,0:0:0:0:
256,192,58226,1,0,0:0:0:0:
329,192,58306,1,0,0:0:0:0:
36,192,58387,1,0,0:0:0:0:
329,192,58387,1,0,0:0:0:0:
402,192,58387,1,0,0:0:0:0:
475,192,58387,1,0,0:0:0:0:
182,192,58548,1,0,0:0:0:0:
256,192,58548,1,0,0:0:0:0:
475,192,58548,1,0,0:0:0:0:
329,192,58629,1,0,0:0:0:0:
475,192,58629,1,0,0:0:0:0:
402,192,58710,1,0,0:0:0:0:
329,192,58790,1,0,0:0:0:0:
182,192,58871,1,0,0:0:0:0:
256,192,58871,1,0,0:0:0:0:
329,192,58871,1,0,0:0:0:0:
475,192,58871,1,0,0:0:0:0:
36,192,59032,1,0,0:0:0:0:
329,0,59032,128,0,59153:0:0:0:0:
402,192,59032,1,0,0:0:0:0:
475,0,59032,128,0,59153:0:0:0:0:
182,192,59194,1,0,0:0:0:0:
256,192,59194,1,0,0:0:0:0:
329,192,59194,1,0,0:0:0:0:
475,192,59194,1,0,0:0:0:0:
36,192,59355,1,0,0:0:0:0:
182,192,59355,1,0,0:0:0:0:
402,192,59355,1,0,0:0:0:0:
256,0,59355,128,0,60645:0:0:0:0:
36,192,59435,1,0,0:0:0:0:
182,192,59435,1,0,0:0:0:0:
329,192,59516,1,0,0:0:0:0:
475,192,59516,1,0,0:0:0:0:
36,192,59597,1,0,0:0:0:0:
182,192,59597,1,0,0:0:0:0:
36,192,59677,1,0,0:0:0:0:
109,192,59677,1,0,0:0:0:0:
182,192,59677,1,0,0:0:0:0:
402,192,59677,1,0,0:0:0:0:
36,192,59839,1,0,0:0:0:0:
182,192,59839,1,0,0:0:0:0:
329,192,59839,1,0,0:0:0:0:
475,192,59839,1,0,0:0:0:0:
36,192,59919,1,0,0:0:0:0:
182,192,59919,1,0,0:0:0:0:
402,192,60000,1,0,0:0:0:0:
36,192,60081,1,0,0:0:0:0:
182,192,60081,1,0,0:0:0:0:
36,192,60161,1,0,0:0:0:0:
182,192,60161,1,0,0:0:0:0:
329,192,60161,1,0,0:0:0:0:
475,192,60161,1,0,0:0:0:0:
36,0,60323,128,0,60444:0:0:0:0:
109,192,60323,1,0,0:0:0:0:
182,0,60323,128,0,60444:0:0:0:0:
402,192,60323,1,0,0:0:0:0:
36,192,60484,1,0,0:0:0:0:
182,192,60484,1,0,0:0:0:0:
329,192,60484,1,0,0:0:0:0:
475,192,60484,1,0,0:0:0:0:
109,192,60645,1,0,0:0:0:0:
329,192,60645,1,0,0:0:0:0:
475,192,60645,1,0,0:0:0:0:
402,0,60645,128,0,61935:0:0:0:0:
329,192,60726,1,0,0:0:0:0:
475,192,60726,1,0,0:0:0:0:
36,192,60806,1,0,0:0:0:0:
182,192,60806,1,0,0:0:0:0:
329,192,60887,1,0,0:0:0:0:
475,192,60887,1,0,0:0:0:0:
109,192,60968,1,0,0:0:0:0:
256,192,60968,1,0,0:0:0:0:
329,192,60968,1,0,0:0:0:0:
475,192,60968,1,0,0:0:0:0:
36,192,61129,1,0,0:0:0:0:
182,192,61129,1,0,0:0:0:0:
329,192,61129,1,0,0:0:0:0:
475,192,61129,1,0,0:0:0:0:
329,192,61210,1,0,0:0:0:0:
475,192,61210,1,0,0:0:0:0:
109,192,61290,1,0,0:0:0:0:
329,192,61371,1,0,0:0:0:0:
475,192,61371,1,0,0:0:0:0:
36,192,61452,1,0,0:0:0:0:
182,192,61452,1,0,0:0:0:0:
329,192,61452,1,0,0:0:0:0:
475,192,61452,1,0,0:0:0:0:
109,192,61613,1,0,0:0:0:0:
256,192,61613,1,0,0:0:0:0:
329,0,61613,128,0,61774:0:0:0:0:
36,192,61774,1,0,0:0:0:0:
182,192,61774,1,0,0:0:0:0:
475,0,61774,128,0,61935:0:0:0:0:
109,192,61935,1,0,0:0:0:0:
182,192,61935,1,0,0:0:0:0:
256,192,61935,1,0,0:0:0:0:
329,192,61935,1,0,0:0:0:0:
36,0,61935,128,0,67097:0:0:0:0:
329,192,62097,1,0,0:0:0:0:
402,192,62097,1,0,0:0:0:0:
475,192,62097,1,0,0:0:0:0:
256,192,62258,1,0,0:0:0:0:
329,192,62258,1,0,0:0:0:0:
402,192,62258,1,0,0:0:0:0:
182,192,62419,1,0,0:0:0:0:
256,192,62419,1,0,0:0:0:0:
329,192,62419,1,0,0:0:0:0:
109,192,62581,1,0,0:0:0:0:
182,192,62581,1,0,0:0:0:0:
256,192,62581,1,0,0:0:0:0:
182,192,62742,1,0,0:0:0:0:
256,192,62742,1,0,0:0:0:0:
329,192,62742,1,0,0:0:0:0:
256,192,62903,1,0,0:0:0:0:
329,192,62903,1,0,0:0:0:0:
402,192,62903,1,0,0:0:0:0:
329,192,63065,1,0,0:0:0:0:
402,192,63065,1,0,0:0:0:0:
475,192,63065,1,0,0:0:0:0:
109,192,63226,1,0,0:0:0:0:
182,192,63226,1,0,0:0:0:0:
329,192,63226,1,0,0:0:0:0:
256,0,63226,128,0,67097:0:0:0:0:
329,192,63387,1,0,0:0:0:0:
402,192,63387,1,0,0:0:0:0:
475,192,63387,1,0,0:0:0:0:
182,192,63548,1,0,0:0:0:0:
329,192,63548,1,0,0:0:0:0:
402,192,63548,1,0,0:0:0:0:
109,192,63710,1,0,0:0:0:0:
182,192,63710,1,0,0:0:0:0:
329,192,63710,1,0,0:0:0:0:
329,192,63871,1,0,0:0:0:0:
402,192,63871,1,0,0:0:0:0:
475,192,63871,1,0,0:0:0:0:
109,192,64032,1,0,0:0:0:0:
182,192,64032,1,0,0:0:0:0:
329,192,64032,1,0,0:0:0:0:
182,192,64194,1,0,0:0:0:0:
329,192,64194,1,0,0:0:0:0:
402,192,64194,1,0,0:0:0:0:
329,192,64355,1,0,0:0:0:0:
402,192,64355,1,0,0:0:0:0:
475,192,64355,1,0,0:0:0:0:
109,192,64516,1,0,0:0:0:0:
329,192,64516,1,0,0:0:0:0:
475,0,64516,128,0,67097:0:0:0:0:
182,192,64597,1,0,0:0:0:0:
402,192,64597,1,0,0:0:0:0:
109,192,64677,1,0,0:0:0:0:
329,192,64677,1,0,0:0:0:0:
182,192,64758,1,0,0:0:0:0:
402,192,64758,1,0,0:0:0:0:
109,192,64839,1,0,0:0:0:0:
329,192,64839,1,0,0:0:0:0:
182,192,64919,1,0,0:0:0:0:
402,192,64919,1,0,0:0:0:0:
109,192,65000,1,0,0:0:0:0:
329,192,65000,1,0,0:0:0:0:
182,192,65081,1,0,0:0:0:0:
402,192,65081,1,0,0:0:0:0:
109,192,65161,1,0,0:0:0:0:
329,192,65161,1,0,0:0:0:0:
182,192,65242,1,0,0:0:0:0:
402,192,65242,1,0,0:0:0:0:
109,192,65323,1,0,0:0:0:0:
329,192,65323,1,0,0:0:0:0:
182,192,65403,1,0,0:0:0:0:
402,192,65403,1,0,0:0:0:0:
109,192,65484,1,0,0:0:0:0:
329,192,65484,1,0,0:0:0:0:
182,192,65565,1,0,0:0:0:0:
402,192,65565,1,0,0:0:0:0:
109,192,65645,1,0,0:0:0:0:
329,192,65645,1,0,0:0:0:0:
182,192,65726,1,0,0:0:0:0:
402,192,65726,1,0,0:0:0:0:
329,192,65806,1,0,0:0:0:0:
402,192,65887,1,0,0:0:0:0:
109,192,65968,1,0,0:0:0:0:
182,192,66048,1,0,0:0:0:0:
329,192,66129,1,0,0:0:0:0:
402,192,66210,1,0,0:0:0:0:
329,192,66290,1,0,0:0:0:0:
182,192,66371,1,0,0:0:0:0:
109,192,66452,1,0,0:0:0:0:
329,192,66532,1,0,0:0:0:0:
402,192,66532,1,0,0:0:0:0:
109,192,66613,1,0,0:0:0:0:
182,192,66613,1,0,0:0:0:0:
329,192,66694,1,0,0:0:0:0:
402,192,66694,1,0,0:0:0:0:
109,192,66774,1,0,0:0:0:0:
182,192,66774,1,0,0:0:0:0:
329,192,66855,1,0,0:0:0:0:
402,192,66855,1,0,0:0:0:0:
109,192,66935,1,0,0:0:0:0:
182,192,66935,1,0,0:0:0:0:
329,192,67016,1,0,0:0:0:0:
402,192,67016,1,0,0:0:0:0:
182,192,67097,1,0,0:0:0:0:
36,0,69032,128,0,69042:0:0:0:0:
182,0,69194,128,0,69204:0:0:0:0:
329,0,69355,128,0,69365:0:0:0:0:
475,0,69516,128,0,69526:0:0:0:0:
109,0,69677,128,0,69688:0:0:0:0:
182,0,69677,128,0,69688:0:0:0:0:
256,0,69677,128,0,69688:0:0:0:0:
402,0,69677,128,0,69688:0:0:0:0:
36,0,70323,128,0,70333:0:0:0:0:
182,0,70484,128,0,70494:0:0:0:0:
329,0,70645,128,0,70655:0:0:0:0:
475,0,70806,128,0,70817:0:0:0:0:
109,0,70968,128,0,70978:0:0:0:0:
182,0,70968,128,0,70978:0:0:0:0:
256,0,70968,128,0,70978:0:0:0:0:
329,0,70968,128,0,70978:0:0:0:0:
36,0,71613,128,0,71623:0:0:0:0:
182,0,71774,128,0,71784:0:0:0:0:
329,0,71935,128,0,71946:0:0:0:0:
475,0,72097,128,0,72107:0:0:0:0:
36,0,72258,128,0,72268:0:0:0:0:
182,0,72258,128,0,72268:0:0:0:0:
256,0,72258,128,0,72268:0:0:0:0:
329,0,72258,128,0,72268:0:0:0:0:
475,0,72419,128,0,72429:0:0:0:0:
402,0,72581,128,0,72591:0:0:0:0:
475,0,72742,128,0,72752:0:0:0:0:
402,0,72903,128,0,72913:0:0:0:0:
475,0,73065,128,0,73075:0:0:0:0:
402,0,73226,128,0,73236:0:0:0:0:
329,0,73387,128,0,73397:0:0:0:0:
36,0,73548,128,0,73558:0:0:0:0:
109,0,73548,128,0,73558:0:0:0:0:
182,0,73548,128,0,73558:0:0:0:0:
256,0,73548,128,0,73558:0:0:0:0:
109,0,74194,128,0,74204:0:0:0:0:
182,0,74355,128,0,74365:0:0:0:0:
329,0,74516,128,0,74526:0:0:0:0:
475,0,74677,128,0,74688:0:0:0:0:
36,0,74839,128,0,74849:0:0:0:0:
109,0,74839,128,0,74849:0:0:0:0:
182,0,74839,128,0,74849:0:0:0:0:
402,0,74839,128,0,74849:0:0:0:0:
256,0,74839,128,0,79677:0:0:0:0:
36,0,75484,128,0,75494:0:0:0:0:
182,0,75645,128,0,75655:0:0:0:0:
329,0,75806,128,0,75817:0:0:0:0:
475,0,75968,128,0,75978:0:0:0:0:
36,0,76129,128,0,76139:0:0:0:0:
109,0,76129,128,0,76139:0:0:0:0:
182,0,76129,128,0,76139:0:0:0:0:
329,0,76129,128,0,76139:0:0:0:0:
36,0,76774,128,0,76784:0:0:0:0:
182,0,76935,128,0,76946:0:0:0:0:
329,0,77097,128,0,77107:0:0:0:0:
475,0,77258,128,0,77268:0:0:0:0:
36,0,77419,128,0,77429:0:0:0:0:
109,0,77419,128,0,77429:0:0:0:0:
182,0,77419,128,0,77429:0:0:0:0:
329,0,77419,128,0,77429:0:0:0:0:
475,0,77581,128,0,77591:0:0:0:0:
402,0,77742,128,0,77752:0:0:0:0:
475,0,77903,128,0,77913:0:0:0:0:
402,0,78065,128,0,78075:0:0:0:0:
475,0,78226,128,0,78236:0:0:0:0:
109,0,78387,128,0,78397:0:0:0:0:
402,0,78548,128,0,78557:0:0:0:0:
109,192,78710,1,0,0:0:0:0:
182,192,78710,1,0,0:0:0:0:
36,0,78710,128,0,79677:0:0:0:0:
475,0,78710,128,0,79677:0:0:0:0:
109,192,79677,1,0,0:0:0:0:
402,192,79677,1,0,0:0:0:0:
36,192,80000,1,0,0:0:0:0:
109,192,80000,1,0,0:0:0:0:
182,0,80000,128,0,80242:0:0:0:0:
256,0,80000,128,0,80403:0:0:0:0:
329,192,80000,1,0,0:0:0:0:
402,192,80000,1,0,0:0:0:0:
475,192,80000,1,0,0:0:0:0:
109,0,80081,128,0,80242:0:0:0:0:
36,0,80161,128,0,80242:0:0:0:0:
109,192,80323,1,0,0:0:0:0:
182,192,80323,1,0,0:0:0:0:
329,192,80323,1,0,0:0:0:0:
402,192,80323,1,0,0:0:0:0:
475,192,80323,1,0,0:0:0:0:
36,0,80484,128,0,80605:0:0:0:0:
182,0,80484,128,0,80605:0:0:0:0:
256,0,80484,128,0,80968:0:0:0:0:
109,0,80565,128,0,80605:0:0:0:0:
36,192,80645,1,0,0:0:0:0:
182,192,80645,1,0,0:0:0:0:
329,192,80645,1,0,0:0:0:0:
402,192,80645,1,0,0:0:0:0:
475,192,80645,1,0,0:0:0:0:
36,0,80806,128,0,80887:0:0:0:0:
109,0,80887,128,0,80968:0:0:0:0:
36,192,80968,1,0,0:0:0:0:
182,0,80968,128,0,81048:0:0:0:0:
329,192,80968,1,0,0:0:0:0:
402,192,80968,1,0,0:0:0:0:
475,192,80968,1,0,0:0:0:0:
256,0,81048,128,0,81129:0:0:0:0:
329,0,81129,128,0,81210:0:0:0:0:
402,0,81210,128,0,81290:0:0:0:0:
36,192,81290,1,0,0:0:0:0:
109,192,81290,1,0,0:0:0:0:
182,192,81290,1,0,0:0:0:0:
256,0,81290,128,0,81694:0:0:0:0:
329,0,81290,128,0,81532:0:0:0:0:
475,192,81290,1,0,0:0:0:0:
402,0,81371,128,0,81532:0:0:0:0:
475,0,81452,128,0,81532:0:0:0:0:
36,192,81613,1,0,0:0:0:0:
109,192,81613,1,0,0:0:0:0:
182,192,81613,1,0,0:0:0:0:
329,192,81613,1,0,0:0:0:0:
402,192,81613,1,0,0:0:0:0:
256,0,81774,128,0,82258:0:0:0:0:
329,0,81774,128,0,81855:0:0:0:0:
475,0,81774,128,0,81855:0:0:0:0:
402,192,81855,1,0,0:0:0:0:
36,192,81935,1,0,0:0:0:0:
109,192,81935,1,0,0:0:0:0:
182,192,81935,1,0,0:0:0:0:
329,192,81935,1,0,0:0:0:0:
475,192,81935,1,0,0:0:0:0:
475,0,82097,128,0,82177:0:0:0:0:
402,0,82177,128,0,82258:0:0:0:0:
36,192,82258,1,0,0:0:0:0:
109,192,82258,1,0,0:0:0:0:
182,192,82258,1,0,0:0:0:0:
329,0,82258,128,0,82339:0:0:0:0:
475,192,82258,1,0,0:0:0:0:
256,0,82339,128,0,82419:0:0:0:0:
182,0,82419,128,0,82500:0:0:0:0:
109,0,82500,128,0,82581:0:0:0:0:
36,0,82581,128,0,82742:0:0:0:0:
182,0,82581,128,0,82742:0:0:0:0:
256,0,82581,128,0,82984:0:0:0:0:
329,192,82581,1,0,0:0:0:0:
402,192,82581,1,0,0:0:0:0:
475,192,82581,1,0,0:0:0:0:
109,192,82742,1,0,0:0:0:0:
36,0,82823,128,0,82984:0:0:0:0:
182,0,82823,128,0,82984:0:0:0:0:
329,192,82903,1,0,0:0:0:0:
402,192,82903,1,0,0:0:0:0:
475,192,82903,1,0,0:0:0:0:
109,192,82984,1,0,0:0:0:0:
36,0,83065,128,0,83226:0:0:0:0:
182,0,83065,128,0,83226:0:0:0:0:
256,0,83065,128,0,83468:0:0:0:0:
109,192,83226,1,0,0:0:0:0:
329,192,83226,1,0,0:0:0:0:
402,192,83226,1,0,0:0:0:0:
475,192,83226,1,0,0:0:0:0:
36,0,83306,128,0,83468:0:0:0:0:
182,0,83306,128,0,83468:0:0:0:0:
109,192,83468,1,0,0:0:0:0:
36,0,83548,128,0,83710:0:0:0:0:
182,0,83548,128,0,83710:0:0:0:0:
256,0,83548,128,0,83790:0:0:0:0:
329,192,83548,1,0,0:0:0:0:
402,192,83548,1,0,0:0:0:0:
475,192,83548,1,0,0:0:0:0:
109,192,83710,1,0,0:0:0:0:
36,192,83871,1,0,0:0:0:0:
109,192,83871,1,0,0:0:0:0:
182,192,83871,1,0,0:0:0:0:
256,0,83871,128,0,84274:0:0:0:0:
329,0,83871,128,0,84032:0:0:0:0:
475,0,83871,128,0,84032:0:0:0:0:
402,192,84032,1,0,0:0:0:0:
329,0,84113,128,0,84274:0:0:0:0:
475,0,84113,128,0,84274:0:0:0:0:
36,192,84194,1,0,0:0:0:0:
109,192,84194,1,0,0:0:0:0:
182,192,84194,1,0,0:0:0:0:
402,192,84274,1,0,0:0:0:0:
256,0,84355,128,0,84839:0:0:0:0:
329,0,84355,128,0,84516:0:0:0:0:
475,0,84355,128,0,84516:0:0:0:0:
36,192,84516,1,0,0:0:0:0:
109,192,84516,1,0,0:0:0:0:
182,192,84516,1,0,0:0:0:0:
402,192,84516,1,0,0:0:0:0:
329,0,84597,128,0,84758:0:0:0:0:
475,0,84597,128,0,84758:0:0:0:0:
402,192,84758,1,0,0:0:0:0:
36,192,84839,1,0,0:0:0:0:
109,192,84839,1,0,0:0:0:0:
182,192,84839,1,0,0:0:0:0:
329,0,84839,128,0,85000:0:0:0:0:
475,0,84839,128,0,85000:0:0:0:0:
402,192,85000,1,0,0:0:0:0:
36,192,85161,1,0,0:0:0:0:
109,192,85161,1,0,0:0:0:0:
182,192,85161,1,0,0:0:0:0:
475,0,85161,128,0,85403:0:0:0:0:
256,0,85161,128,0,88710:0:0:0:0:
402,0,85242,128,0,85403:0:0:0:0:
36,192,85323,1,0,0:0:0:0:
329,0,85323,128,0,85403:0:0:0:0:
36,192,85484,1,0,0:0:0:0:
329,192,85484,1,0,0:0:0:0:
402,192,85484,1,0,0:0:0:0:
475,192,85484,1,0,0:0:0:0:
36,192,85645,1,0,0:0:0:0:
182,192,85645,1,0,0:0:0:0:
109,192,85726,1,0,0:0:0:0:
36,0,85806,128,0,86048:0:0:0:0:
329,192,85806,1,0,0:0:0:0:
402,192,85806,1,0,0:0:0:0:
475,192,85806,1,0,0:0:0:0:
109,0,85887,128,0,86048:0:0:0:0:
182,0,85968,128,0,86048:0:0:0:0:
475,192,85968,1,0,0:0:0:0:
36,192,86129,1,0,0:0:0:0:
109,192,86129,1,0,0:0:0:0:
182,192,86129,1,0,0:0:0:0:
475,192,86129,1,0,0:0:0:0:
36,192,86290,1,0,0:0:0:0:
109,192,86290,1,0,0:0:0:0:
182,192,86290,1,0,0:0:0:0:
329,192,86290,1,0,0:0:0:0:
475,192,86290,1,0,0:0:0:0:
36,192,86371,1,0,0:0:0:0:
109,192,86371,1,0,0:0:0:0:
182,192,86371,1,0,0:0:0:0:
402,192,86371,1,0,0:0:0:0:
36,192,86452,1,0,0:0:0:0:
109,192,86452,1,0,0:0:0:0:
182,192,86452,1,0,0:0:0:0:
329,192,86452,1,0,0:0:0:0:
475,0,86452,128,0,86694:0:0:0:0:
402,0,86532,128,0,86694:0:0:0:0:
36,192,86613,1,0,0:0:0:0:
329,0,86613,128,0,86694:0:0:0:0:
36,192,86774,1,0,0:0:0:0:
329,192,86774,1,0,0:0:0:0:
402,192,86774,1,0,0:0:0:0:
475,192,86774,1,0,0:0:0:0:
36,192,86935,1,0,0:0:0:0:
182,192,86935,1,0,0:0:0:0:
109,192,87016,1,0,0:0:0:0:
36,0,87097,128,0,87339:0:0:0:0:
329,192,87097,1,0,0:0:0:0:
402,192,87097,1,0,0:0:0:0:
475,192,87097,1,0,0:0:0:0:
109,0,87177,128,0,87339:0:0:0:0:
182,0,87258,128,0,87339:0:0:0:0:
475,192,87258,1,0,0:0:0:0:
36,192,87419,1,0,0:0:0:0:
182,192,87419,1,0,0:0:0:0:
329,192,87419,1,0,0:0:0:0:
475,192,87419,1,0,0:0:0:0:
109,192,87500,1,0,0:0:0:0:
402,192,87500,1,0,0:0:0:0:
36,192,87581,1,0,0:0:0:0:
182,192,87581,1,0,0:0:0:0:
329,192,87581,1,0,0:0:0:0:
475,192,87581,1,0,0:0:0:0:
109,192,87661,1,0,0:0:0:0:
402,192,87661,1,0,0:0:0:0:
36,0,87742,128,0,87823:0:0:0:0:
182,192,87742,1,0,0:0:0:0:
329,192,87742,1,0,0:0:0:0:
475,192,87742,1,0,0:0:0:0:
109,192,87823,1,0,0:0:0:0:
402,192,87823,1,0,0:0:0:0:
36,192,87903,1,0,0:0:0:0:
182,0,87903,128,0,87984:0:0:0:0:
329,192,87903,1,0,0:0:0:0:
475,192,87903,1,0,0:0:0:0:
109,192,87984,1,0,0:0:0:0:
402,192,87984,1,0,0:0:0:0:
36,192,88065,1,0,0:0:0:0:
182,192,88065,1,0,0:0:0:0:
329,0,88065,128,0,88145:0:0:0:0:
475,192,88065,1,0,0:0:0:0:
109,192,88145,1,0,0:0:0:0:
402,192,88145,1,0,0:0:0:0:
36,192,88226,1,0,0:0:0:0:
182,192,88226,1,0,0:0:0:0:
329,192,88226,1,0,0:0:0:0:
475,0,88226,128,0,88306:0:0:0:0:
109,192,88306,1,0,0:0:0:0:
402,192,88306,1,0,0:0:0:0:
36,192,88387,1,0,0:0:0:0:
182,192,88387,1,0,0:0:0:0:
329,192,88387,1,0,0:0:0:0:
475,192,88387,1,0,0:0:0:0:
36,192,88468,1,0,0:0:0:0:
182,192,88468,1,0,0:0:0:0:
329,192,88468,1,0,0:0:0:0:
475,192,88468,1,0,0:0:0:0:
109,192,88548,1,0,0:0:0:0:
402,192,88548,1,0,0:0:0:0:
109,192,88629,1,0,0:0:0:0:
402,192,88629,1,0,0:0:0:0:
182,192,88710,1,0,0:0:0:0:
109,192,88750,1,0,0:0:0:0:
256,192,88763,1,0,0:0:0:0:
36,192,88790,1,0,0:0:0:0:
329,192,88790,1,0,0:0:0:0:
402,192,88831,1,0,0:0:0:0:
182,192,88871,1,0,0:0:0:0:
475,192,88871,1,0,0:0:0:0:
109,192,88911,1,0,0:0:0:0:
256,192,88925,1,0,0:0:0:0:
36,192,88952,1,0,0:0:0:0:
329,192,88952,1,0,0:0:0:0:
402,192,88992,1,0,0:0:0:0:
475,192,89032,1,0,0:0:0:0:
402,192,89113,1,0,0:0:0:0:
475,0,89113,128,0,89597:0:0:0:0:
329,192,89194,1,0,0:0:0:0:
402,0,89194,128,0,89597:0:0:0:0:
256,192,89274,1,0,0:0:0:0:
329,0,89274,128,0,89597:0:0:0:0:
182,192,89355,1,0,0:0:0:0:
256,0,89355,128,0,89597:0:0:0:0:
109,192,89435,1,0,0:0:0:0:
182,0,89435,128,0,89597:0:0:0:0:
36,192,89516,1,0,0:0:0:0:
109,0,89516,128,0,89597:0:0:0:0:
36,0,89597,128,0,89919:0:0:0:0:
109,0,89677,128,0,89718:0:0:0:0:
329,0,89677,128,0,89718:0:0:0:0:
182,0,89758,128,0,89798:0:0:0:0:
402,0,89758,128,0,89798:0:0:0:0:
109,0,89839,128,0,89879:0:0:0:0:
329,0,89839,128,0,89879:0:0:0:0:
182,0,89919,128,0,89960:0:0:0:0:
402,0,89919,128,0,89960:0:0:0:0:
36,0,90000,128,0,90161:0:0:0:0:
256,0,90000,128,0,90161:0:0:0:0:
475,0,90000,128,0,90161:0:0:0:0:
36,192,90323,1,0,0:0:0:0:
182,192,90323,1,0,0:0:0:0:
329,0,90323,128,0,90565:0:0:0:0:
402,192,90323,1,0,0:0:0:0:
109,192,90403,1,0,0:0:0:0:
256,0,90403,128,0,90565:0:0:0:0:
36,192,90484,1,0,0:0:0:0:
182,0,90484,128,0,90565:0:0:0:0:
475,192,90484,1,0,0:0:0:0:
109,192,90645,1,0,0:0:0:0:
182,192,90645,1,0,0:0:0:0:
256,192,90645,1,0,0:0:0:0:
329,192,90645,1,0,0:0:0:0:
402,192,90645,1,0,0:0:0:0:
36,0,90806,128,0,90968:0:0:0:0:
182,192,90806,1,0,0:0:0:0:
475,192,90806,1,0,0:0:0:0:
109,0,90887,128,0,90968:0:0:0:0:
256,192,90887,1,0,0:0:0:0:
182,192,90968,1,0,0:0:0:0:
329,192,90968,1,0,0:0:0:0:
402,192,90968,1,0,0:0:0:0:
475,192,90968,1,0,0:0:0:0:
182,192,91129,1,0,0:0:0:0:
329,192,91129,1,0,0:0:0:0:
475,0,91129,128,0,91371:0:0:0:0:
256,192,91210,1,0,0:0:0:0:
402,0,91210,128,0,91452:0:0:0:0:
36,192,91290,1,0,0:0:0:0:
182,192,91290,1,0,0:0:0:0:
329,0,91290,128,0,91532:0:0:0:0:
109,192,91371,1,0,0:0:0:0:
256,0,91371,128,0,91613:0:0:0:0:
36,192,91452,1,0,0:0:0:0:
182,0,91452,128,0,91694:0:0:0:0:
402,192,91532,1,0,0:0:0:0:
109,0,91532,128,0,91774:0:0:0:0:
36,0,91613,128,0,91855:0:0:0:0:
329,192,91613,1,0,0:0:0:0:
475,0,91613,128,0,91855:0:0:0:0:
256,192,91694,1,0,0:0:0:0:
402,0,91694,128,0,91855:0:0:0:0:
182,192,91774,1,0,0:0:0:0:
329,0,91774,128,0,91855:0:0:0:0:
36,192,91935,1,0,0:0:0:0:
109,192,91935,1,0,0:0:0:0:
256,192,91935,1,0,0:0:0:0:
329,192,91935,1,0,0:0:0:0:
402,192,91935,1,0,0:0:0:0:
256,0,92097,128,0,92258:0:0:0:0:
402,192,92097,1,0,0:0:0:0:
329,0,92177,128,0,92258:0:0:0:0:
475,192,92177,1,0,0:0:0:0:
36,192,92258,1,0,0:0:0:0:
109,192,92258,1,0,0:0:0:0:
182,192,92258,1,0,0:0:0:0:
402,192,92258,1,0,0:0:0:0:
109,192,92419,1,0,0:0:0:0:
182,192,92419,1,0,0:0:0:0:
329,192,92419,1,0,0:0:0:0:
475,0,92419,128,0,92581:0:0:0:0:
256,192,92500,1,0,0:0:0:0:
402,0,92500,128,0,92661:0:0:0:0:
36,192,92581,1,0,0:0:0:0:
182,192,92581,1,0,0:0:0:0:
329,0,92581,128,0,92742:0:0:0:0:
109,192,92661,1,0,0:0:0:0:
256,0,92661,128,0,92823:0:0:0:0:
36,192,92742,1,0,0:0:0:0:
182,0,92742,128,0,92903:0:0:0:0:
329,192,92823,1,0,0:0:0:0:
109,0,92823,128,0,92984:0:0:0:0:
36,0,92903,128,0,93065:0:0:0:0:
402,192,92903,1,0,0:0:0:0:
475,192,92903,1,0,0:0:0:0:
109,192,93065,1,0,0:0:0:0:
256,0,93065,128,0,93226:0:0:0:0:
329,192,93065,1,0,0:0:0:0:
36,0,93145,128,0,93306:0:0:0:0:
182,192,93226,1,0,0:0:0:0:
402,192,93226,1,0,0:0:0:0:
475,192,93226,1,0,0:0:0:0:
109,192,93306,1,0,0:0:0:0:
36,0,93387,128,0,93548:0:0:0:0:
256,0,93387,128,0,93548:0:0:0:0:
329,192,93387,1,0,0:0:0:0:
109,192,93548,1,0,0:0:0:0:
402,192,93548,1,0,0:0:0:0:
475,192,93548,1,0,0:0:0:0:
36,0,93629,128,0,93790:0:0:0:0:
256,0,93710,128,0,93871:0:0:0:0:
329,192,93710,1,0,0:0:0:0:
109,192,93790,1,0,0:0:0:0:
36,192,93871,1,0,0:0:0:0:
182,0,93871,128,0,94113:0:0:0:0:
329,192,93871,1,0,0:0:0:0:
402,192,93871,1,0,0:0:0:0:
475,192,93871,1,0,0:0:0:0:
109,192,94032,1,0,0:0:0:0:
256,0,94032,128,0,94113:0:0:0:0:
402,0,94032,128,0,94194:0:0:0:0:
36,192,94194,1,0,0:0:0:0:
182,192,94194,1,0,0:0:0:0:
475,0,94194,128,0,94355:0:0:0:0:
109,192,94355,1,0,0:0:0:0:
256,0,94355,128,0,94516:0:0:0:0:
402,192,94355,1,0,0:0:0:0:
475,0,94435,128,0,94597:0:0:0:0:
36,192,94516,1,0,0:0:0:0:
182,192,94516,1,0,0:0:0:0:
329,192,94516,1,0,0:0:0:0:
402,192,94597,1,0,0:0:0:0:
109,192,94677,1,0,0:0:0:0:
256,0,94677,128,0,94839:0:0:0:0:
475,0,94677,128,0,94839:0:0:0:0:
36,192,94839,1,0,0:0:0:0:
182,192,94839,1,0,0:0:0:0:
402,192,94839,1,0,0:0:0:0:
475,0,94919,128,0,95081:0:0:0:0:
109,192,95000,1,0,0:0:0:0:
256,0,95000,128,0,95161:0:0:0:0:
402,192,95081,1,0,0:0:0:0:
36,192,95161,1,0,0:0:0:0:
109,192,95161,1,0,0:0:0:0:
182,192,95161,1,0,0:0:0:0:
329,0,95161,128,0,95403:0:0:0:0:
475,192,95161,1,0,0:0:0:0:
256,0,95323,128,0,95403:0:0:0:0:
402,192,95323,1,0,0:0:0:0:
109,0,95323,128,0,95484:0:0:0:0:
36,192,95484,1,0,0:0:0:0:
182,0,95484,128,0,95726:0:0:0:0:
329,192,95484,1,0,0:0:0:0:
256,0,95565,128,0,95726:0:0:0:0:
402,192,95565,1,0,0:0:0:0:
36,192,95645,1,0,0:0:0:0:
329,0,95645,128,0,95726:0:0:0:0:
475,192,95645,1,0,0:0:0:0:
109,192,95806,1,0,0:0:0:0:
182,192,95806,1,0,0:0:0:0:
256,192,95806,1,0,0:0:0:0:
329,192,95806,1,0,0:0:0:0:
402,192,95806,1,0,0:0:0:0:
36,192,95968,1,0,0:0:0:0:
329,192,95968,1,0,0:0:0:0:
475,0,95968,128,0,96129:0:0:0:0:
256,192,96048,1,0,0:0:0:0:
402,0,96048,128,0,96129:0:0:0:0:
109,192,96129,1,0,0:0:0:0:
182,192,96129,1,0,0:0:0:0:
329,192,96129,1,0,0:0:0:0:
36,0,96290,128,0,96532:0:0:0:0:
182,192,96290,1,0,0:0:0:0:
475,192,96290,1,0,0:0:0:0:
109,0,96371,128,0,96613:0:0:0:0:
256,192,96371,1,0,0:0:0:0:
182,0,96452,128,0,96694:0:0:0:0:
329,192,96452,1,0,0:0:0:0:
475,192,96452,1,0,0:0:0:0:
402,192,96532,1,0,0:0:0:0:
256,0,96532,128,0,96774:0:0:0:0:
475,192,96613,1,0,0:0:0:0:
329,0,96613,128,0,96855:0:0:0:0:
109,192,96694,1,0,0:0:0:0:
402,0,96694,128,0,96935:0:0:0:0:
36,0,96774,128,0,97016:0:0:0:0:
182,192,96774,1,0,0:0:0:0:
475,0,96774,128,0,97016:0:0:0:0:
109,0,96855,128,0,97016:0:0:0:0:
256,192,96855,1,0,0:0:0:0:
182,0,96935,128,0,97016:0:0:0:0:
109,192,97097,1,0,0:0:0:0:
182,192,97097,1,0,0:0:0:0:
256,192,97097,1,0,0:0:0:0:
402,192,97097,1,0,0:0:0:0:
475,192,97097,1,0,0:0:0:0:
109,192,97258,1,0,0:0:0:0:
256,0,97258,128,0,97419:0:0:0:0:
36,192,97339,1,0,0:0:0:0:
182,0,97339,128,0,97419:0:0:0:0:
109,192,97419,1,0,0:0:0:0:
329,192,97419,1,0,0:0:0:0:
402,192,97419,1,0,0:0:0:0:
475,192,97419,1,0,0:0:0:0:
36,0,97581,128,0,97742:0:0:0:0:
182,192,97581,1,0,0:0:0:0:
329,192,97581,1,0,0:0:0:0:
475,192,97581,1,0,0:0:0:0:
109,0,97661,128,0,97823:0:0:0:0:
256,192,97661,1,0,0:0:0:0:
182,0,97742,128,0,97903:0:0:0:0:
329,192,97742,1,0,0:0:0:0:
475,192,97742,1,0,0:0:0:0:
256,0,97823,128,0,97984:0:0:0:0:
402,192,97823,1,0,0:0:0:0:
475,192,97903,1,0,0:0:0:0:
329,0,97903,128,0,98065:0:0:0:0:
182,192,97984,1,0,0:0:0:0:
402,0,97984,128,0,98145:0:0:0:0:
36,192,98065,1,0,0:0:0:0:
109,192,98065,1,0,0:0:0:0:
475,0,98065,128,0,98226:0:0:0:0:
182,192,98226,1,0,0:0:0:0:
256,0,98226,128,0,98387:0:0:0:0:
402,192,98226,1,0,0:0:0:0:
475,0,98306,128,0,98468:0:0:0:0:
36,192,98387,1,0,0:0:0:0:
109,192,98387,1,0,0:0:0:0:
329,192,98387,1,0,0:0:0:0:
402,192,98468,1,0,0:0:0:0:
182,192,98548,1,0,0:0:0:0:
256,0,98548,128,0,98710:0:0:0:0:
475,0,98548,128,0,98710:0:0:0:0:
36,192,98710,1,0,0:0:0:0:
109,192,98710,1,0,0:0:0:0:
182,192,98710,1,0,0:0:0:0:
256,192,98790,1,0,0:0:0:0:
329,192,98790,1,0,0:0:0:0:
402,192,98790,1,0,0:0:0:0:
109,192,98871,1,0,0:0:0:0:
182,192,98871,1,0,0:0:0:0:
256,192,98871,1,0,0:0:0:0:
329,192,98952,1,0,0:0:0:0:
402,192,98952,1,0,0:0:0:0:
475,192,98952,1,0,0:0:0:0:
109,192,99032,1,0,0:0:0:0:
182,192,99032,1,0,0:0:0:0:
256,192,99032,1,0,0:0:0:0:
329,192,99113,1,0,0:0:0:0:
402,192,99113,1,0,0:0:0:0:
475,192,99113,1,0,0:0:0:0:
36,192,99194,1,0,0:0:0:0:
109,192,99194,1,0,0:0:0:0:
182,192,99194,1,0,0:0:0:0:
256,192,99274,1,0,0:0:0:0:
329,192,99274,1,0,0:0:0:0:
402,192,99274,1,0,0:0:0:0:
36,192,99516,1,0,0:0:0:0:
109,192,99516,1,0,0:0:0:0:
182,192,99516,1,0,0:0:0:0:
329,192,99516,1,0,0:0:0:0:
402,192,99516,1,0,0:0:0:0:
475,192,99516,1,0,0:0:0:0:
36,192,99758,1,0,0:0:0:0:
109,192,99758,1,0,0:0:0:0:
182,192,99758,1,0,0:0:0:0:
329,192,99758,1,0,0:0:0:0:
402,192,99758,1,0,0:0:0:0:
475,192,99758,1,0,0:0:0:0:
109,192,100000,1,0,0:0:0:0:
182,192,100000,1,0,0:0:0:0:
256,192,100000,1,0,0:0:0:0:
329,192,100000,1,0,0:0:0:0:
402,192,100000,1,0,0:0:0:0:
109,192,100242,1,0,0:0:0:0:
182,192,100242,1,0,0:0:0:0:
329,192,100242,1,0,0:0:0:0:
402,192,100242,1,0,0:0:0:0:
256,0,100242,128,0,100645:0:0:0:0:
109,192,100645,1,0,0:0:0:0:
182,0,100645,128,0,100887:0:0:0:0:
329,192,100645,1,0,0:0:0:0:
402,192,100645,1,0,0:0:0:0:
36,192,100726,1,0,0:0:0:0:
109,0,100726,128,0,100887:0:0:0:0:
36,0,100806,128,0,100887:0:0:0:0:
475,192,100806,1,0,0:0:0:0:
109,192,100968,1,0,0:0:0:0:
182,192,100968,1,0,0:0:0:0:
256,192,100968,1,0,0:0:0:0:
329,192,100968,1,0,0:0:0:0:
402,192,100968,1,0,0:0:0:0:
182,0,101129,128,0,101290:0:0:0:0:
256,192,101129,1,0,0:0:0:0:
475,192,101129,1,0,0:0:0:0:
256,0,101210,128,0,101290:0:0:0:0:
329,192,101210,1,0,0:0:0:0:
36,192,101290,1,0,0:0:0:0:
109,192,101290,1,0,0:0:0:0:
329,192,101290,1,0,0:0:0:0:
402,192,101290,1,0,0:0:0:0:
182,192,101452,1,0,0:0:0:0:
402,192,101452,1,0,0:0:0:0:
475,0,101452,128,0,101694:0:0:0:0:
329,192,101532,1,0,0:0:0:0:
402,0,101532,128,0,101774:0:0:0:0:
36,192,101613,1,0,0:0:0:0:
109,192,101613,1,0,0:0:0:0:
256,192,101613,1,0,0:0:0:0:
329,0,101613,128,0,101855:0:0:0:0:
182,192,101694,1,0,0:0:0:0:
256,0,101694,128,0,101935:0:0:0:0:
109,192,101774,1,0,0:0:0:0:
182,0,101774,128,0,102016:0:0:0:0:
36,192,101855,1,0,0:0:0:0:
109,0,101855,128,0,102097:0:0:0:0:
36,0,101935,128,0,102177:0:0:0:0:
329,192,101935,1,0,0:0:0:0:
402,0,101935,128,0,102177:0:0:0:0:
475,192,101935,1,0,0:0:0:0:
256,192,102016,1,0,0:0:0:0:
329,0,102016,128,0,102177:0:0:0:0:
182,192,102097,1,0,0:0:0:0:
256,0,102097,128,0,102177:0:0:0:0:
475,192,102097,1,0,0:0:0:0:
36,192,102258,1,0,0:0:0:0:
109,192,102258,1,0,0:0:0:0:
256,192,102258,1,0,0:0:0:0:
329,192,102258,1,0,0:0:0:0:
402,192,102258,1,0,0:0:0:0:
36,0,102419,128,0,102581:0:0:0:0:
109,192,102419,1,0,0:0:0:0:
475,192,102419,1,0,0:0:0:0:
109,0,102500,128,0,102581:0:0:0:0:
182,192,102500,1,0,0:0:0:0:
182,192,102581,1,0,0:0:0:0:
256,192,102581,1,0,0:0:0:0:
329,192,102581,1,0,0:0:0:0:
36,192,102742,1,0,0:0:0:0:
109,192,102742,1,0,0:0:0:0:
402,192,102742,1,0,0:0:0:0:
475,0,102742,128,0,102903:0:0:0:0:
329,192,102823,1,0,0:0:0:0:
402,0,102823,128,0,102984:0:0:0:0:
36,192,102903,1,0,0:0:0:0:
109,192,102903,1,0,0:0:0:0:
256,192,102903,1,0,0:0:0:0:
329,0,102903,128,0,103065:0:0:0:0:
182,192,102984,1,0,0:0:0:0:
256,0,102984,128,0,103145:0:0:0:0:
109,192,103065,1,0,0:0:0:0:
182,0,103065,128,0,103226:0:0:0:0:
36,192,103145,1,0,0:0:0:0:
109,0,103145,128,0,103306:0:0:0:0:
36,0,103226,128,0,103387:0:0:0:0:
402,192,103226,1,0,0:0:0:0:
475,192,103226,1,0,0:0:0:0:
109,192,103387,1,0,0:0:0:0:
256,0,103387,128,0,103629:0:0:0:0:
329,192,103387,1,0,0:0:0:0:
182,0,103468,128,0,103629:0:0:0:0:
36,192,103548,1,0,0:0:0:0:
402,192,103548,1,0,0:0:0:0:
475,192,103548,1,0,0:0:0:0:
109,192,103629,1,0,0:0:0:0:
36,0,103710,128,0,103871:0:0:0:0:
256,0,103710,128,0,103952:0:0:0:0:
329,192,103710,1,0,0:0:0:0:
109,192,103871,1,0,0:0:0:0:
402,192,103871,1,0,0:0:0:0:
475,192,103871,1,0,0:0:0:0:
182,0,103952,128,0,104113:0:0:0:0:
256,0,104032,128,0,104274:0:0:0:0:
329,192,104032,1,0,0:0:0:0:
109,192,104113,1,0,0:0:0:0:
36,0,104194,128,0,104435:0:0:0:0:
182,192,104194,1,0,0:0:0:0:
329,192,104194,1,0,0:0:0:0:
402,192,104194,1,0,0:0:0:0:
475,192,104194,1,0,0:0:0:0:
109,192,104355,1,0,0:0:0:0:
256,0,104355,128,0,104435:0:0:0:0:
402,0,104355,128,0,104516:0:0:0:0:
36,192,104516,1,0,0:0:0:0:
182,192,104516,1,0,0:0:0:0:
475,0,104516,128,0,104677:0:0:0:0:
109,192,104677,1,0,0:0:0:0:
256,0,104677,128,0,104919:0:0:0:0:
402,192,104677,1,0,0:0:0:0:
329,0,104758,128,0,104919:0:0:0:0:
36,192,104839,1,0,0:0:0:0:
182,192,104839,1,0,0:0:0:0:
475,192,104839,1,0,0:0:0:0:
402,192,104919,1,0,0:0:0:0:
109,192,105000,1,0,0:0:0:0:
256,0,105000,128,0,105242:0:0:0:0:
475,0,105000,128,0,105161:0:0:0:0:
36,192,105161,1,0,0:0:0:0:
182,192,105161,1,0,0:0:0:0:
402,192,105161,1,0,0:0:0:0:
329,0,105242,128,0,105403:0:0:0:0:
109,192,105323,1,0,0:0:0:0:
256,0,105323,128,0,105565:0:0:0:0:
402,192,105403,1,0,0:0:0:0:
36,192,105484,1,0,0:0:0:0:
109,192,105484,1,0,0:0:0:0:
182,192,105484,1,0,0:0:0:0:
329,192,105484,1,0,0:0:0:0:
475,0,105484,128,0,105726:0:0:0:0:
256,0,105645,128,0,105726:0:0:0:0:
402,192,105645,1,0,0:0:0:0:
109,0,105645,128,0,105806:0:0:0:0:
36,192,105806,1,0,0:0:0:0:
182,192,105806,1,0,0:0:0:0:
256,192,105806,1,0,0:0:0:0:
329,0,105806,128,0,106048:0:0:0:0:
402,192,105806,1,0,0:0:0:0:
475,192,105806,1,0,0:0:0:0:
402,0,105887,128,0,106048:0:0:0:0:
475,192,105887,1,0,0:0:0:0:
475,0,105968,128,0,106048:0:0:0:0:
36,192,106129,1,0,0:0:0:0:
109,192,106129,1,0,0:0:0:0:
182,192,106129,1,0,0:0:0:0:
256,192,106129,1,0,0:0:0:0:
329,192,106129,1,0,0:0:0:0:
402,192,106129,1,0,0:0:0:0:
475,192,106129,1,0,0:0:0:0:
256,192,106290,1,0,0:0:0:0:
329,0,106290,128,0,106452:0:0:0:0:
182,192,106371,1,0,0:0:0:0:
256,0,106371,128,0,106452:0:0:0:0:
36,192,106452,1,0,0:0:0:0:
109,192,106452,1,0,0:0:0:0:
182,192,106452,1,0,0:0:0:0:
402,192,106452,1,0,0:0:0:0:
475,192,106452,1,0,0:0:0:0:
36,0,106613,128,0,106855:0:0:0:0:
109,192,106613,1,0,0:0:0:0:
109,0,106694,128,0,106935:0:0:0:0:
182,192,106694,1,0,0:0:0:0:
182,0,106774,128,0,107016:0:0:0:0:
256,192,106774,1,0,0:0:0:0:
329,192,106774,1,0,0:0:0:0:
402,192,106774,1,0,0:0:0:0:
475,192,106774,1,0,0:0:0:0:
329,192,106855,1,0,0:0:0:0:
256,0,106855,128,0,107097:0:0:0:0:
402,192,106935,1,0,0:0:0:0:
329,0,106935,128,0,107177:0:0:0:0:
475,192,107016,1,0,0:0:0:0:
402,0,107016,128,0,107258:0:0:0:0:
36,192,107097,1,0,0:0:0:0:
109,0,107097,128,0,107339:0:0:0:0:
182,192,107097,1,0,0:0:0:0:
475,0,107097,128,0,107339:0:0:0:0:
182,0,107177,128,0,107339:0:0:0:0:
256,192,107177,1,0,0:0:0:0:
256,0,107258,128,0,107339:0:0:0:0:
329,192,107258,1,0,0:0:0:0:
36,192,107419,1,0,0:0:0:0:
109,192,107419,1,0,0:0:0:0:
182,192,107419,1,0,0:0:0:0:
256,192,107419,1,0,0:0:0:0:
329,192,107419,1,0,0:0:0:0:
402,192,107419,1,0,0:0:0:0:
475,192,107419,1,0,0:0:0:0:
402,192,107581,1,0,0:0:0:0:
475,0,107581,128,0,107742:0:0:0:0:
329,192,107661,1,0,0:0:0:0:
402,0,107661,128,0,107742:0:0:0:0:
36,192,107742,1,0,0:0:0:0:
109,192,107742,1,0,0:0:0:0:
182,192,107742,1,0,0:0:0:0:
256,192,107742,1,0,0:0:0:0:
329,192,107742,1,0,0:0:0:0:
36,0,107903,128,0,108065:0:0:0:0:
109,192,107903,1,0,0:0:0:0:
109,0,107984,128,0,108145:0:0:0:0:
182,192,107984,1,0,0:0:0:0:
182,0,108065,128,0,108226:0:0:0:0:
256,192,108065,1,0,0:0:0:0:
329,192,108065,1,0,0:0:0:0:
402,192,108065,1,0,0:0:0:0:
475,192,108065,1,0,0:0:0:0:
256,0,108145,128,0,108306:0:0:0:0:
329,192,108145,1,0,0:0:0:0:
402,192,108226,1,0,0:0:0:0:
329,0,108226,128,0,108387:0:0:0:0:
475,192,108306,1,0,0:0:0:0:
402,0,108306,128,0,108468:0:0:0:0:
36,192,108387,1,0,0:0:0:0:
109,192,108387,1,0,0:0:0:0:
182,192,108387,1,0,0:0:0:0:
256,192,108387,1,0,0:0:0:0:
475,0,108387,128,0,108548:0:0:0:0:
256,192,108548,1,0,0:0:0:0:
402,192,108548,1,0,0:0:0:0:
36,192,108629,1,0,0:0:0:0:
109,192,108629,1,0,0:0:0:0:
182,192,108629,1,0,0:0:0:0:
256,192,108629,1,0,0:0:0:0:
329,192,108629,1,0,0:0:0:0:
475,0,108629,128,0,108790:0:0:0:0:
109,192,108790,1,0,0:0:0:0:
402,192,108790,1,0,0:0:0:0:
36,192,108871,1,0,0:0:0:0:
109,192,108871,1,0,0:0:0:0:
182,192,108871,1,0,0:0:0:0:
256,192,108871,1,0,0:0:0:0:
329,192,108871,1,0,0:0:0:0:
475,0,108871,128,0,109032:0:0:0:0:
36,192,109032,1,0,0:0:0:0:
109,192,109032,1,0,0:0:0:0:
182,192,109032,1,0,0:0:0:0:
256,192,109113,1,0,0:0:0:0:
329,192,109113,1,0,0:0:0:0:
402,192,109113,1,0,0:0:0:0:
36,192,109194,1,0,0:0:0:0:
109,192,109194,1,0,0:0:0:0:
475,192,109194,1,0,0:0:0:0:
182,192,109274,1,0,0:0:0:0:
256,192,109274,1,0,0:0:0:0:
329,192,109274,1,0,0:0:0:0:
36,192,109355,1,0,0:0:0:0:
402,192,109355,1,0,0:0:0:0:
475,192,109355,1,0,0:0:0:0:
109,192,109435,1,0,0:0:0:0:
182,192,109435,1,0,0:0:0:0:
256,192,109435,1,0,0:0:0:0:
329,192,109516,1,0,0:0:0:0:
402,192,109516,1,0,0:0:0:0:
475,192,109516,1,0,0:0:0:0:
36,192,109597,1,0,0:0:0:0:
109,192,109597,1,0,0:0:0:0:
182,192,109597,1,0,0:0:0:0:
329,192,109677,1,0,0:0:0:0:
402,192,109677,1,0,0:0:0:0:
475,192,109677,1,0,0:0:0:0:
256,0,109677,128,0,113548:0:0:0:0:
36,192,109919,1,0,0:0:0:0:
109,192,109919,1,0,0:0:0:0:
182,192,109919,1,0,0:0:0:0:
329,192,109919,1,0,0:0:0:0:
109,192,110161,1,0,0:0:0:0:
182,192,110161,1,0,0:0:0:0:
402,192,110161,1,0,0:0:0:0:
475,192,110161,1,0,0:0:0:0:
36,192,110403,1,0,0:0:0:0:
109,192,110403,1,0,0:0:0:0:
329,192,110403,1,0,0:0:0:0:
402,192,110403,1,0,0:0:0:0:
475,192,110403,1,0,0:0:0:0:
109,192,110645,1,0,0:0:0:0:
402,192,110645,1,0,0:0:0:0:
36,0,110645,128,0,110968:0:0:0:0:
182,0,110645,128,0,110968:0:0:0:0:
329,0,110645,128,0,110968:0:0:0:0:
475,0,110645,128,0,110968:0:0:0:0:
109,192,110968,1,0,0:0:0:0:
402,192,110968,1,0,0:0:0:0:
