[Metadata]
Dreadnought
Mastermind(xi+nora2r)
inava
bms of fighters
61
0

[TimingPoints]
16,312.5,4,2,1,5,1,0
53766,625,4,2,0,5,1,0
73766,312.5,4,2,0,5,1,0
83772,156.25,4,2,0,5,1,0
83928,156.25,4,2,0,5,1,0
84084,156.25,4,2,0,5,1,0
84240,156.25,4,2,0,5,1,0
84396,156.25,4,2,0,5,1,0
84552,156.25,4,2,0,5,1,0
84708,156.25,4,2,0,5,1,0
84864,156.25,4,2,0,5,1,0
85020,156.25,4,2,0,5,1,0
85176,156.25,4,2,0,5,1,0
85332,156.25,4,2,0,5,1,0
85488,156.25,4,2,0,5,1,0
85644,156.25,4,2,0,5,1,0
85800,156.25,4,2,0,5,1,0
85956,156.25,4,2,0,5,1,0
86112,156.25,4,2,0,5,1,0
86268,156.25,4,2,0,5,1,0
86424,156.25,4,2,0,5,1,0
86580,156.25,4,2,1,5,1,0
86736,156.25,4,2,1,5,1,0
86892,156.25,4,2,0,5,1,0
87048,156.25,4,2,0,5,1,0
87204,156.25,4,2,0,5,1,0
87360,156.25,4,2,0,5,1,0
87516,156.25,4,2,1,5,1,0
87672,156.25,4,2,1,5,1,0
87828,156.25,4,2,0,5,1,0
87984,156.25,4,2,0,5,1,0
88140,156.25,4,2,0,5,1,0
88296,156.25,4,2,0,5,1,0
88452,156.25,4,2,1,5,1,0
88608,156.25,4,2,1,5,1,0
88764,156.25,4,2,0,5,1,0
88920,156.25,4,2,0,5,1,0
89076,156.25,4,2,0,5,1,0
89232,156.25,4,2,0,5,1,0
89388,156.25,4,2,1,5,1,0
89544,156.25,4,2,1,5,1,0
89700,156.25,4,2,0,5,1,0
89856,156.25,4,2,0,5,1,0
90012,156.25,4,2,0,5,1,0
90168,156.25,4,2,0,5,1,0
90324,156.25,4,2,1,5,1,0
90480,156.25,4,2,1,5,1,0
90636,156.25,4,2,0,5,1,0
90792,156.25,4,2,1,5,1,0
90948,156.25,4,2,1,5,1,0
91104,156.25,4,2,0,5,1,0
91272,625,4,2,0,5,1,0
91584,312.5,4,2,0,5,1,0
93771,312.5,4,2,1,5,1,0
101896,156.25,4,2,1,5,1,0
101948,312.5,4,2,1,5,1,0
102000,625,4,2,1,5,1,0
102104,156.25,4,2,1,5,1,0
102156,312.5,4,2,1,5,1,0
102208,625,4,2,1,5,1,0
102312,156.25,4,2,1,5,1,0
102364,312.5,4,2,1,5,1,0
102416,625,4,2,1,5,1,0
102520,156.25,4,2,1,5,1,0
102572,312.5,4,2,1,5,1,0
102624,625,4,2,1,5,1,0
102728,156.25,4,2,1,5,1,0
102780,312.5,4,2,1,5,1,0
102832,625,4,2,1,5,1,0
102936,156.25,4,2,1,5,1,0
102988,312.5,4,2,1,5,1,0
103040,625,4,2,1,5,1,0
103144,312.5,4,2,1,5,1,0
107521,156.25,4,2,1,5,1,0
107573,312.5,4,2,1,5,1,0
107625,625,4,2,1,5,1,0
107729,156.25,4,2,1,5,1,0
107781,312.5,4,2,1,5,1,0
107833,625,4,2,1,5,1,0
107937,156.25,4,2,1,5,1,0
107989,312.5,4,2,1,5,1,0
108041,625,4,2,1,5,1,0
108145,156.25,4,2,1,5,1,0
108197,312.5,4,2,1,5,1,0
108249,625,4,2,1,5,1,0
108353,156.25,4,2,1,5,1,0
108405,312.5,4,2,1,5,1,0
108457,625,4,2,1,5,1,0
108561,156.25,4,2,1,5,1,0
108613,312.5,4,2,1,5,1,0
108665,625,4,2,1,5,1,0
108769,312.5,4,2,1,5,1,0
127519,156.25,4,2,1,5,1,0
127571,312.5,4,2,1,5,1,0
127623,625,4,2,1,5,1,0
127727,156.25,4,2,1,5,1,0
127779,312.5,4,2,1,5,1,0
127831,625,4,2,1,5,1,0
127935,156.25,4,2,1,5,1,0
127987,312.5,4,2,1,5,1,0
128039,625,4,2,1,5,1,0
128143,156.25,4,2,1,5,1,0
128195,312.5,4,2,1,5,1,0
128247,625,4,2,1,5,1,0
128351,156.25,4,2,1,5,1,0
128403,312.5,4,2,1,5,1,0
128455,625,4,2,1,5,1,0
128559,156.25,4,2,1,5,1,0
128611,312.5,4,2,1,5,1,0
128663,625,4,2,1,5,1,0
128767,312.5,4,2,1,5,1,0


[HitObjects]
36,192,1266,5,0,0:0:0:0:
182,192,1266,1,0,0:0:0:0:
329,192,1266,1,0,0:0:0:0:
475,192,1266,1,0,0:0:0:0:
402,192,2516,1,0,0:0:0:0:
182,192,3141,1,0,0:0:0:0:
329,192,3453,1,0,0:0:0:0:
475,192,3766,1,0,0:0:0:0:
36,192,3766,1,0,0:0:0:0:
109,192,4391,1,0,0:0:0:0:
402,192,4391,1,0,0:0:0:0:
329,192,5016,1,0,0:0:0:0:
36,192,5016,1,0,0:0:0:0:
182,192,5641,1,0,0:0:0:0:
475,192,5641,1,0,0:0:0:0:
36,192,6266,1,0,0:0:0:0:
256,192,6266,1,0,0:0:0:0:
182,192,6266,128,0,8687:0:0:0:0:
402,192,6266,128,0,8687:0:0:0:0:
36,192,6578,1,0,0:0:0:0:
36,192,6734,1,0,0:0:0:0:
256,192,6891,1,0,0:0:0:0:
475,192,6891,1,0,0:0:0:0:
329,192,7516,1,0,0:0:0:0:
109,192,7516,1,0,0:0:0:0:
329,192,7984,1,0,0:0:0:0:
256,192,8141,1,0,0:0:0:0:
475,192,8141,1,0,0:0:0:0:
36,192,8609,1,0,0:0:0:0:
182,192,8766,1,0,0:0:0:0:
402,192,8766,1,0,0:0:0:0:
256,192,8766,128,0,9312:0:0:0:0:
36,192,8766,128,0,9312:0:0:0:0:
475,192,8766,128,0,9312:0:0:0:0:
109,192,9000,1,0,0:0:0:0:
329,192,9234,1,0,0:0:0:0:
182,192,9312,1,0,0:0:0:0:
36,192,9391,1,0,0:0:0:0:
256,192,9391,1,0,0:0:0:0:
475,192,9469,1,0,0:0:0:0:
329,192,9469,1,0,0:0:0:0:
109,192,9547,1,0,0:0:0:0:
256,192,9547,1,0,0:0:0:0:
256,192,9625,1,0,0:0:0:0:
402,192,9625,1,0,0:0:0:0:
36,192,9703,1,0,0:0:0:0:
182,192,9755,1,0,0:0:0:0:
329,192,9807,1,0,0:0:0:0:
475,192,9859,1,0,0:0:0:0:
256,192,9859,1,0,0:0:0:0:
256,192,9937,1,0,0:0:0:0:
36,192,10016,1,0,0:0:0:0:
109,192,10016,1,0,0:0:0:0:
182,192,10016,1,0,0:0:0:0:
329,192,10016,1,0,0:0:0:0:
402,192,10016,1,0,0:0:0:0:
475,192,10016,1,0,0:0:0:0:
329,192,11266,1,0,0:0:0:0:
36,192,13141,1,0,0:0:0:0:
256,192,13141,1,0,0:0:0:0:
109,192,13219,1,0,0:0:0:0:
329,192,13219,1,0,0:0:0:0:
182,192,13297,1,0,0:0:0:0:
402,192,13297,1,0,0:0:0:0:
256,192,13375,1,0,0:0:0:0:
475,192,13375,1,0,0:0:0:0:
36,192,13453,128,0,13531:0:0:0:0:
182,192,13453,128,0,13531:0:0:0:0:
109,192,13453,128,0,13531:0:0:0:0:
329,192,13531,128,0,13609:0:0:0:0:
475,192,13531,128,0,13609:0:0:0:0:
402,192,13531,128,0,13609:0:0:0:0:
36,192,13609,128,0,13687:0:0:0:0:
182,192,13609,128,0,13687:0:0:0:0:
109,192,13609,128,0,13687:0:0:0:0:
329,192,13687,128,0,13766:0:0:0:0:
475,192,13687,128,0,13766:0:0:0:0:
402,192,13687,128,0,13766:0:0:0:0:
256,192,13766,1,0,0:0:0:0:
109,192,13766,1,0,0:0:0:0:
36,192,13766,1,0,0:0:0:0:
182,192,13766,1,0,0:0:0:0:
182,192,14234,128,0,14312:0:0:0:0:
329,192,14234,128,0,14312:0:0:0:0:
109,192,14703,128,0,14781:0:0:0:0:
256,192,14703,128,0,14781:0:0:0:0:
402,192,14703,128,0,14781:0:0:0:0:
182,192,15172,128,0,15250:0:0:0:0:
329,192,15172,128,0,15250:0:0:0:0:
475,192,15172,128,0,15250:0:0:0:0:
109,192,15641,128,0,15719:0:0:0:0:
256,192,15641,128,0,15719:0:0:0:0:
402,192,15641,128,0,15719:0:0:0:0:
182,192,15953,128,0,16031:0:0:0:0:
329,192,15953,128,0,16031:0:0:0:0:
475,192,15953,128,0,16031:0:0:0:0:
109,192,16266,1,0,0:0:0:0:
36,192,16266,1,0,0:0:0:0:
109,192,16578,128,0,16656:0:0:0:0:
256,192,16578,128,0,16656:0:0:0:0:
475,192,16578,128,0,16656:0:0:0:0:
36,192,17047,128,0,17125:0:0:0:0:
182,192,17047,128,0,17125:0:0:0:0:
402,192,17047,128,0,17125:0:0:0:0:
36,192,17516,128,0,17594:0:0:0:0:
256,192,17516,128,0,17594:0:0:0:0:
475,192,17516,128,0,17594:0:0:0:0:
109,192,17984,128,0,18062:0:0:0:0:
256,192,17984,128,0,18062:0:0:0:0:
402,192,17984,128,0,18062:0:0:0:0:
182,192,18297,128,0,18375:0:0:0:0:
256,192,18297,128,0,18375:0:0:0:0:
329,192,18297,128,0,18375:0:0:0:0:
36,192,18453,1,0,0:0:0:0:
182,192,18453,1,0,0:0:0:0:
109,192,18531,1,0,0:0:0:0:
256,192,18531,1,0,0:0:0:0:
182,192,18609,1,0,0:0:0:0:
329,192,18609,1,0,0:0:0:0:
256,192,18687,1,0,0:0:0:0:
402,192,18687,1,0,0:0:0:0:
329,192,18766,1,0,0:0:0:0:
475,192,18766,1,0,0:0:0:0:
182,192,18766,1,0,0:0:0:0:
109,192,18766,1,0,0:0:0:0:
36,192,18766,1,0,0:0:0:0:
36,192,18922,1,0,0:0:0:0:
256,192,18922,1,0,0:0:0:0:
329,192,18974,1,0,0:0:0:0:
402,192,19026,128,0,19156:0:0:0:0:
475,192,19078,128,0,19937:0:0:0:0:
109,192,19078,1,0,0:0:0:0:
182,192,19078,1,0,0:0:0:0:
256,192,19078,128,0,21187:0:0:0:0:
36,192,19234,1,0,0:0:0:0:
329,192,19234,128,0,19547:0:0:0:0:
402,192,19234,1,0,0:0:0:0:
182,192,19234,1,0,0:0:0:0:
109,192,19312,1,0,0:0:0:0:
36,192,19391,1,0,0:0:0:0:
182,192,19391,1,0,0:0:0:0:
109,192,19547,1,0,0:0:0:0:
182,192,19599,1,0,0:0:0:0:
329,192,19651,1,0,0:0:0:0:
109,192,19703,128,0,19781:0:0:0:0:
36,192,19703,128,0,19781:0:0:0:0:
402,192,19703,1,0,0:0:0:0:
182,192,19703,128,0,19781:0:0:0:0:
402,192,19859,1,0,0:0:0:0:
329,192,19911,1,0,0:0:0:0:
182,192,19963,1,0,0:0:0:0:
36,192,20016,128,0,20562:0:0:0:0:
402,192,20016,1,0,0:0:0:0:
109,192,20016,1,0,0:0:0:0:
475,192,20016,1,0,0:0:0:0:
182,192,20172,1,0,0:0:0:0:
329,192,20172,128,0,20250:0:0:0:0:
402,192,20172,128,0,20250:0:0:0:0:
475,192,20172,128,0,20250:0:0:0:0:
109,192,20328,1,0,0:0:0:0:
402,192,20328,1,0,0:0:0:0:
475,192,20328,1,0,0:0:0:0:
329,192,20406,1,0,0:0:0:0:
475,192,20484,1,0,0:0:0:0:
182,192,20484,1,0,0:0:0:0:
402,192,20484,1,0,0:0:0:0:
329,192,20562,1,0,0:0:0:0:
475,192,20641,1,0,0:0:0:0:
109,192,20641,1,0,0:0:0:0:
36,192,20641,1,0,0:0:0:0:
402,192,20680,1,0,0:0:0:0:
329,192,20719,1,0,0:0:0:0:
182,192,20719,1,0,0:0:0:0:
109,192,20758,1,0,0:0:0:0:
36,192,20797,1,0,0:0:0:0:
402,192,20797,1,0,0:0:0:0:
475,192,20797,1,0,0:0:0:0:
182,192,20875,1,0,0:0:0:0:
329,192,20953,1,0,0:0:0:0:
36,192,20953,1,0,0:0:0:0:
402,192,20953,1,0,0:0:0:0:
109,192,20953,1,0,0:0:0:0:
182,192,21031,1,0,0:0:0:0:
475,192,21031,1,0,0:0:0:0:
329,192,21109,1,0,0:0:0:0:
36,192,21109,1,0,0:0:0:0:
402,192,21109,1,0,0:0:0:0:
109,192,21109,1,0,0:0:0:0:
475,192,21187,1,0,0:0:0:0:
182,192,21187,1,0,0:0:0:0:
402,192,21266,1,0,0:0:0:0:
256,192,21266,1,0,0:0:0:0:
109,192,21266,1,0,0:0:0:0:
36,192,21266,1,0,0:0:0:0:
329,192,21344,1,0,0:0:0:0:
475,192,21422,1,0,0:0:0:0:
256,192,21422,1,0,0:0:0:0:
109,192,21422,1,0,0:0:0:0:
402,192,21422,1,0,0:0:0:0:
182,192,21500,1,0,0:0:0:0:
109,192,21578,128,0,21656:0:0:0:0:
36,192,21578,128,0,21656:0:0:0:0:
329,192,21578,1,0,0:0:0:0:
256,192,21578,128,0,21656:0:0:0:0:
475,192,21578,1,0,0:0:0:0:
182,192,21656,1,0,0:0:0:0:
329,192,21734,1,0,0:0:0:0:
182,192,21812,1,0,0:0:0:0:
475,192,21891,1,0,0:0:0:0:
402,192,21891,1,0,0:0:0:0:
256,192,21891,1,0,0:0:0:0:
109,192,21891,1,0,0:0:0:0:
36,192,21891,1,0,0:0:0:0:
182,192,21969,1,0,0:0:0:0:
256,192,22047,128,0,22125:0:0:0:0:
402,192,22047,128,0,22125:0:0:0:0:
475,192,22047,128,0,22125:0:0:0:0:
329,192,22047,1,0,0:0:0:0:
36,192,22125,1,0,0:0:0:0:
109,192,22125,1,0,0:0:0:0:
182,192,22125,1,0,0:0:0:0:
256,192,22203,1,0,0:0:0:0:
329,192,22203,1,0,0:0:0:0:
402,192,22203,1,0,0:0:0:0:
109,192,22281,1,0,0:0:0:0:
182,192,22281,1,0,0:0:0:0:
256,192,22281,1,0,0:0:0:0:
329,192,22359,1,0,0:0:0:0:
402,192,22359,1,0,0:0:0:0:
475,192,22359,1,0,0:0:0:0:
182,192,22437,1,0,0:0:0:0:
109,192,22437,1,0,0:0:0:0:
36,192,22437,1,0,0:0:0:0:
36,192,22516,128,0,22594:0:0:0:0:
256,192,22516,128,0,22594:0:0:0:0:
475,192,22516,128,0,22594:0:0:0:0:
109,192,22828,128,0,22906:0:0:0:0:
256,192,22828,128,0,22906:0:0:0:0:
402,192,22828,128,0,22906:0:0:0:0:
36,192,23141,1,0,0:0:0:0:
182,192,23141,1,0,0:0:0:0:
475,192,23141,1,0,0:0:0:0:
402,192,23180,1,0,0:0:0:0:
329,192,23219,1,0,0:0:0:0:
256,192,23258,1,0,0:0:0:0:
182,192,23297,1,0,0:0:0:0:
109,192,23336,1,0,0:0:0:0:
36,192,23375,1,0,0:0:0:0:
329,192,23375,1,0,0:0:0:0:
402,192,23414,1,0,0:0:0:0:
109,192,23453,1,0,0:0:0:0:
256,192,23453,1,0,0:0:0:0:
475,192,23453,1,0,0:0:0:0:
182,192,23531,1,0,0:0:0:0:
329,192,23531,1,0,0:0:0:0:
256,192,23609,1,0,0:0:0:0:
402,192,23609,1,0,0:0:0:0:
329,192,23687,1,0,0:0:0:0:
475,192,23687,1,0,0:0:0:0:
402,192,23766,1,0,0:0:0:0:
256,192,23766,1,0,0:0:0:0:
109,192,23766,1,0,0:0:0:0:
36,192,23766,1,0,0:0:0:0:
352,192,23844,1,0,0:0:0:0:
96,192,23844,1,0,0:0:0:0:
480,192,23922,1,0,0:0:0:0:
160,192,23922,1,0,0:0:0:0:
352,192,24000,1,0,0:0:0:0:
32,192,24000,1,0,0:0:0:0:
416,192,24078,1,0,0:0:0:0:
288,192,24078,1,0,0:0:0:0:
96,192,24078,1,0,0:0:0:0:
160,192,24156,1,0,0:0:0:0:
480,192,24234,1,0,0:0:0:0:
352,192,24234,1,0,0:0:0:0:
96,192,24234,1,0,0:0:0:0:
288,192,24312,1,0,0:0:0:0:
416,192,24391,1,0,0:0:0:0:
160,192,24391,1,0,0:0:0:0:
416,192,24469,1,0,0:0:0:0:
96,192,24469,1,0,0:0:0:0:
288,192,24547,1,0,0:0:0:0:
32,192,24547,1,0,0:0:0:0:
416,192,24625,1,0,0:0:0:0:
160,192,24625,1,0,0:0:0:0:
352,192,24703,1,0,0:0:0:0:
480,192,24703,1,0,0:0:0:0:
32,192,24703,1,0,0:0:0:0:
288,192,24703,1,0,0:0:0:0:
416,192,24781,1,0,0:0:0:0:
160,192,24781,1,0,0:0:0:0:
480,192,24859,1,0,0:0:0:0:
288,192,24859,1,0,0:0:0:0:
352,192,24937,1,0,0:0:0:0:
96,192,24937,1,0,0:0:0:0:
416,192,25016,1,0,0:0:0:0:
32,192,25016,1,0,0:0:0:0:
288,192,25016,1,0,0:0:0:0:
288,192,25094,1,0,0:0:0:0:
160,192,25172,1,0,0:0:0:0:
416,192,25172,1,0,0:0:0:0:
32,192,25172,1,0,0:0:0:0:
96,192,25172,1,0,0:0:0:0:
480,192,25250,1,0,0:0:0:0:
352,192,25250,1,0,0:0:0:0:
288,192,25328,1,0,0:0:0:0:
416,192,25328,1,0,0:0:0:0:
32,192,25328,1,0,0:0:0:0:
96,192,25328,1,0,0:0:0:0:
160,192,25406,1,0,0:0:0:0:
480,192,25484,1,0,0:0:0:0:
288,192,25562,1,0,0:0:0:0:
352,192,25641,1,0,0:0:0:0:
96,192,25641,1,0,0:0:0:0:
32,192,25641,1,0,0:0:0:0:
416,192,25719,1,0,0:0:0:0:
160,192,25719,1,0,0:0:0:0:
480,192,25797,1,0,0:0:0:0:
288,192,25797,1,0,0:0:0:0:
416,192,25875,1,0,0:0:0:0:
160,192,25875,1,0,0:0:0:0:
352,192,25953,1,0,0:0:0:0:
96,192,25953,1,0,0:0:0:0:
288,192,26031,1,0,0:0:0:0:
32,192,26031,1,0,0:0:0:0:
480,192,26109,1,0,0:0:0:0:
416,192,26109,1,0,0:0:0:0:
160,192,26109,1,0,0:0:0:0:
352,192,26187,1,0,0:0:0:0:
96,192,26187,1,0,0:0:0:0:
480,192,26266,1,0,0:0:0:0:
32,192,26266,1,0,0:0:0:0:
288,192,26266,1,0,0:0:0:0:
416,192,26344,1,0,0:0:0:0:
160,192,26344,1,0,0:0:0:0:
352,192,26422,1,0,0:0:0:0:
96,192,26422,1,0,0:0:0:0:
480,192,26500,1,0,0:0:0:0:
160,192,26500,1,0,0:0:0:0:
288,192,26578,1,0,0:0:0:0:
416,192,26578,1,0,0:0:0:0:
32,192,26578,1,0,0:0:0:0:
96,192,26578,1,0,0:0:0:0:
352,192,26656,1,0,0:0:0:0:
480,192,26734,1,0,0:0:0:0:
160,192,26734,1,0,0:0:0:0:
32,192,26734,1,0,0:0:0:0:
96,192,26812,1,0,0:0:0:0:
480,192,26891,1,0,0:0:0:0:
352,192,26891,1,0,0:0:0:0:
32,192,26891,1,0,0:0:0:0:
288,192,26891,1,0,0:0:0:0:
288,192,26969,1,0,0:0:0:0:
416,192,27047,1,0,0:0:0:0:
160,192,27047,1,0,0:0:0:0:
480,192,27125,1,0,0:0:0:0:
32,192,27125,1,0,0:0:0:0:
416,192,27203,1,0,0:0:0:0:
352,192,27203,1,0,0:0:0:0:
160,192,27203,1,0,0:0:0:0:
96,192,27281,1,0,0:0:0:0:
32,192,27281,1,0,0:0:0:0:
480,192,27359,1,0,0:0:0:0:
288,192,27359,1,0,0:0:0:0:
352,192,27437,1,0,0:0:0:0:
96,192,27437,1,0,0:0:0:0:
416,192,27516,1,0,0:0:0:0:
288,192,27516,1,0,0:0:0:0:
32,192,27516,1,0,0:0:0:0:
160,192,27516,1,0,0:0:0:0:
160,192,27594,1,0,0:0:0:0:
352,192,27672,1,0,0:0:0:0:
96,192,27672,1,0,0:0:0:0:
32,192,27672,1,0,0:0:0:0:
480,192,27750,1,0,0:0:0:0:
288,192,27750,1,0,0:0:0:0:
416,192,27828,1,0,0:0:0:0:
160,192,27828,1,0,0:0:0:0:
32,192,27828,1,0,0:0:0:0:
288,192,27906,1,0,0:0:0:0:
96,192,27906,1,0,0:0:0:0:
416,192,27984,1,0,0:0:0:0:
480,192,27984,1,0,0:0:0:0:
32,192,27984,1,0,0:0:0:0:
160,192,27984,1,0,0:0:0:0:
288,192,28062,1,0,0:0:0:0:
96,192,28062,1,0,0:0:0:0:
352,192,28141,1,0,0:0:0:0:
32,192,28141,1,0,0:0:0:0:
160,192,28141,1,0,0:0:0:0:
416,192,28219,1,0,0:0:0:0:
288,192,28219,1,0,0:0:0:0:
480,192,28297,1,0,0:0:0:0:
352,192,28297,1,0,0:0:0:0:
32,192,28297,1,0,0:0:0:0:
416,192,28375,1,0,0:0:0:0:
288,192,28375,1,0,0:0:0:0:
352,192,28453,1,0,0:0:0:0:
160,192,28453,1,0,0:0:0:0:
32,192,28453,1,0,0:0:0:0:
288,192,28531,1,0,0:0:0:0:
416,192,28609,1,0,0:0:0:0:
32,192,28609,1,0,0:0:0:0:
288,192,28687,1,0,0:0:0:0:
96,192,28687,1,0,0:0:0:0:
352,192,28766,128,0,29000:0:0:0:0:
416,192,28766,128,0,29000:0:0:0:0:
480,192,28766,128,0,29000:0:0:0:0:
32,192,28766,128,0,29000:0:0:0:0:
109,192,28844,1,0,0:0:0:0:
160,192,28922,1,0,0:0:0:0:
256,192,29000,1,0,0:0:0:0:
109,192,29078,128,0,29312:0:0:0:0:
475,192,29078,128,0,29312:0:0:0:0:
402,192,29078,128,0,29312:0:0:0:0:
36,192,29078,128,0,29312:0:0:0:0:
182,192,29156,1,0,0:0:0:0:
256,192,29234,1,0,0:0:0:0:
329,192,29312,1,0,0:0:0:0:
182,192,29391,128,0,29625:0:0:0:0:
109,192,29391,128,0,29625:0:0:0:0:
475,192,29391,128,0,29625:0:0:0:0:
36,192,29391,128,0,29625:0:0:0:0:
256,192,29469,1,0,0:0:0:0:
329,192,29547,1,0,0:0:0:0:
402,192,29625,1,0,0:0:0:0:
36,192,29703,128,0,29937:0:0:0:0:
329,192,29703,128,0,29937:0:0:0:0:
402,192,29703,128,0,29937:0:0:0:0:
475,192,29703,128,0,29937:0:0:0:0:
256,192,29781,1,0,0:0:0:0:
182,192,29859,1,0,0:0:0:0:
109,192,29937,1,0,0:0:0:0:
480,192,30016,1,0,0:0:0:0:
352,192,30016,1,0,0:0:0:0:
160,192,30094,1,0,0:0:0:0:
96,192,30094,1,0,0:0:0:0:
32,192,30094,1,0,0:0:0:0:
480,192,30172,1,0,0:0:0:0:
416,192,30172,1,0,0:0:0:0:
288,192,30250,1,0,0:0:0:0:
160,192,30250,1,0,0:0:0:0:
96,192,30250,1,0,0:0:0:0:
480,192,30328,1,0,0:0:0:0:
32,192,30328,1,0,0:0:0:0:
416,192,30406,1,0,0:0:0:0:
352,192,30406,1,0,0:0:0:0:
288,192,30406,1,0,0:0:0:0:
96,192,30484,1,0,0:0:0:0:
32,192,30484,1,0,0:0:0:0:
480,192,30562,1,0,0:0:0:0:
416,192,30562,1,0,0:0:0:0:
352,192,30562,1,0,0:0:0:0:
288,192,30641,1,0,0:0:0:0:
96,192,30641,1,0,0:0:0:0:
352,192,30680,1,0,0:0:0:0:
416,192,30719,1,0,0:0:0:0:
480,192,30758,1,0,0:0:0:0:
160,192,30797,1,0,0:0:0:0:
32,192,30797,1,0,0:0:0:0:
288,192,30836,1,0,0:0:0:0:
352,192,30875,1,0,0:0:0:0:
416,192,30914,1,0,0:0:0:0:
480,192,30953,1,0,0:0:0:0:
96,192,30953,1,0,0:0:0:0:
160,192,30992,1,0,0:0:0:0:
288,192,31031,1,0,0:0:0:0:
352,192,31070,1,0,0:0:0:0:
416,192,31109,1,0,0:0:0:0:
32,192,31109,1,0,0:0:0:0:
96,192,31148,1,0,0:0:0:0:
160,192,31187,1,0,0:0:0:0:
288,192,31226,1,0,0:0:0:0:
480,192,31266,1,0,0:0:0:0:
32,192,31266,1,0,0:0:0:0:
352,192,31266,1,0,0:0:0:0:
96,192,31578,128,0,31891:0:0:0:0:
160,192,31656,128,0,31969:0:0:0:0:
288,192,31734,128,0,32047:0:0:0:0:
352,192,31812,128,0,32281:0:0:0:0:
416,192,31891,128,0,32203:0:0:0:0:
32,192,31891,128,0,31969:0:0:0:0:
96,192,31969,128,0,32047:0:0:0:0:
475,192,31969,1,0,0:0:0:0:
160,192,32047,128,0,32125:0:0:0:0:
288,192,32125,128,0,32203:0:0:0:0:
475,192,32203,128,0,32281:0:0:0:0:
182,192,32203,128,0,32281:0:0:0:0:
109,192,32281,128,0,32359:0:0:0:0:
416,192,32281,128,0,32359:0:0:0:0:
329,192,32359,128,0,32437:0:0:0:0:
36,192,32359,128,0,32437:0:0:0:0:
256,192,32437,1,0,0:0:0:0:
352,192,32516,1,0,0:0:0:0:
480,192,32516,1,0,0:0:0:0:
32,192,32516,1,0,0:0:0:0:
160,192,32516,1,0,0:0:0:0:
416,192,32594,1,0,0:0:0:0:
288,192,32594,1,0,0:0:0:0:
96,192,32594,1,0,0:0:0:0:
352,192,32672,1,0,0:0:0:0:
480,192,32672,1,0,0:0:0:0:
32,192,32672,1,0,0:0:0:0:
160,192,32672,1,0,0:0:0:0:
416,192,32750,1,0,0:0:0:0:
288,192,32750,1,0,0:0:0:0:
96,192,32750,1,0,0:0:0:0:
352,192,32828,1,0,0:0:0:0:
480,192,32828,1,0,0:0:0:0:
32,192,32828,1,0,0:0:0:0:
160,192,32828,1,0,0:0:0:0:
352,192,32984,1,0,0:0:0:0:
480,192,32984,1,0,0:0:0:0:
32,192,32984,1,0,0:0:0:0:
160,192,32984,1,0,0:0:0:0:
416,192,33062,1,0,0:0:0:0:
288,192,33062,1,0,0:0:0:0:
96,192,33062,1,0,0:0:0:0:
352,192,33141,1,0,0:0:0:0:
480,192,33141,1,0,0:0:0:0:
32,192,33141,1,0,0:0:0:0:
160,192,33141,1,0,0:0:0:0:
416,192,33219,1,0,0:0:0:0:
288,192,33219,1,0,0:0:0:0:
96,192,33219,1,0,0:0:0:0:
352,192,33297,1,0,0:0:0:0:
480,192,33297,1,0,0:0:0:0:
32,192,33297,1,0,0:0:0:0:
160,192,33297,1,0,0:0:0:0:
256,192,33453,1,0,0:0:0:0:
32,192,33766,1,0,0:0:0:0:
416,192,33766,128,0,34000:0:0:0:0:
32,192,34078,1,0,0:0:0:0:
416,192,34078,128,0,34312:0:0:0:0:
416,192,34391,1,0,0:0:0:0:
32,192,34391,1,0,0:0:0:0:
329,192,34469,128,0,34547:0:0:0:0:
109,192,34547,128,0,34625:0:0:0:0:
288,192,34625,128,0,34703:0:0:0:0:
32,192,34703,1,0,0:0:0:0:
402,192,34703,128,0,34937:0:0:0:0:
480,192,34859,128,0,34937:0:0:0:0:
32,192,35016,1,0,0:0:0:0:
352,192,35016,128,0,35250:0:0:0:0:
352,192,35328,1,0,0:0:0:0:
32,192,35328,1,0,0:0:0:0:
288,192,35406,1,0,0:0:0:0:
160,192,35484,1,0,0:0:0:0:
288,192,35562,1,0,0:0:0:0:
352,192,35641,1,0,0:0:0:0:
32,192,35641,1,0,0:0:0:0:
288,192,35719,1,0,0:0:0:0:
160,192,35797,1,0,0:0:0:0:
288,192,35875,1,0,0:0:0:0:
32,192,35953,1,0,0:0:0:0:
352,192,35953,128,0,36187:0:0:0:0:
32,192,36266,1,0,0:0:0:0:
288,192,36266,128,0,36500:0:0:0:0:
32,192,36578,1,0,0:0:0:0:
288,192,36578,128,0,36812:0:0:0:0:
288,192,36891,1,0,0:0:0:0:
32,192,36891,1,0,0:0:0:0:
160,192,36969,128,0,37047:0:0:0:0:
96,192,37047,128,0,37125:0:0:0:0:
256,192,37125,128,0,37203:0:0:0:0:
32,192,37203,1,0,0:0:0:0:
402,192,37203,128,0,37437:0:0:0:0:
475,192,37359,128,0,37437:0:0:0:0:
32,192,37516,1,0,0:0:0:0:
352,192,37516,128,0,37750:0:0:0:0:
352,192,37828,1,0,0:0:0:0:
32,192,37828,1,0,0:0:0:0:
288,192,37906,1,0,0:0:0:0:
160,192,37984,1,0,0:0:0:0:
288,192,38062,1,0,0:0:0:0:
352,192,38141,1,0,0:0:0:0:
32,192,38141,1,0,0:0:0:0:
288,192,38219,1,0,0:0:0:0:
160,192,38297,1,0,0:0:0:0:
288,192,38375,1,0,0:0:0:0:
32,192,38453,1,0,0:0:0:0:
352,192,38453,128,0,38609:0:0:0:0:
288,192,38609,1,0,0:0:0:0:
32,192,38609,1,0,0:0:0:0:
352,192,38661,1,0,0:0:0:0:
416,192,38713,1,0,0:0:0:0:
32,192,38766,1,0,0:0:0:0:
182,192,38766,128,0,39000:0:0:0:0:
480,192,38766,1,0,0:0:0:0:
329,192,38922,1,0,0:0:0:0:
329,192,39000,1,0,0:0:0:0:
182,192,39078,1,0,0:0:0:0:
32,192,39078,1,0,0:0:0:0:
402,192,39078,128,0,39312:0:0:0:0:
288,192,39234,1,0,0:0:0:0:
256,192,39312,1,0,0:0:0:0:
402,192,39391,1,0,0:0:0:0:
32,192,39391,1,0,0:0:0:0:
329,192,39391,128,0,39625:0:0:0:0:
402,192,39469,1,0,0:0:0:0:
182,192,39547,1,0,0:0:0:0:
182,192,39625,1,0,0:0:0:0:
329,192,39703,1,0,0:0:0:0:
32,192,39703,1,0,0:0:0:0:
475,192,39703,128,0,39937:0:0:0:0:
329,192,39781,1,0,0:0:0:0:
109,192,39859,1,0,0:0:0:0:
256,192,39859,1,0,0:0:0:0:
329,192,39937,1,0,0:0:0:0:
182,192,39937,1,0,0:0:0:0:
32,192,40016,1,0,0:0:0:0:
416,192,40016,128,0,40250:0:0:0:0:
475,192,40016,1,0,0:0:0:0:
109,192,40016,1,0,0:0:0:0:
288,192,40172,1,0,0:0:0:0:
288,192,40250,1,0,0:0:0:0:
475,192,40328,1,0,0:0:0:0:
402,192,40328,1,0,0:0:0:0:
32,192,40328,1,0,0:0:0:0:
109,192,40328,128,0,40562:0:0:0:0:
256,192,40484,1,0,0:0:0:0:
256,192,40562,1,0,0:0:0:0:
329,192,40641,128,0,40719:0:0:0:0:
32,192,40641,1,0,0:0:0:0:
475,192,40641,1,0,0:0:0:0:
109,192,40641,1,0,0:0:0:0:
182,192,40719,128,0,40797:0:0:0:0:
329,192,40797,128,0,40875:0:0:0:0:
182,192,40875,128,0,40953:0:0:0:0:
32,192,40953,128,0,41187:0:0:0:0:
480,192,40953,128,0,41187:0:0:0:0:
256,192,40953,128,0,41187:0:0:0:0:
329,192,40953,1,0,0:0:0:0:
32,192,41266,1,0,0:0:0:0:
352,192,41266,128,0,41500:0:0:0:0:
475,192,41266,128,0,41500:0:0:0:0:
256,192,41266,1,0,0:0:0:0:
160,192,41422,128,0,41500:0:0:0:0:
288,192,41500,128,0,41578:0:0:0:0:
32,192,41578,1,0,0:0:0:0:
352,192,41578,128,0,41812:0:0:0:0:
480,192,41578,128,0,41812:0:0:0:0:
109,192,41734,128,0,41786:0:0:0:0:
182,192,41786,128,0,41838:0:0:0:0:
256,192,41838,128,0,41891:0:0:0:0:
32,192,41891,1,0,0:0:0:0:
475,192,41891,128,0,42125:0:0:0:0:
402,192,41891,128,0,42125:0:0:0:0:
329,192,41891,128,0,41943:0:0:0:0:
182,192,42047,128,0,42125:0:0:0:0:
256,192,42125,128,0,42203:0:0:0:0:
480,192,42203,1,0,0:0:0:0:
32,192,42203,1,0,0:0:0:0:
329,192,42203,1,0,0:0:0:0:
256,192,42281,1,0,0:0:0:0:
402,192,42281,1,0,0:0:0:0:
329,192,42359,1,0,0:0:0:0:
182,192,42359,1,0,0:0:0:0:
288,192,42437,1,0,0:0:0:0:
109,192,42437,1,0,0:0:0:0:
32,192,42516,1,0,0:0:0:0:
182,192,42516,1,0,0:0:0:0:
329,192,42516,128,0,42672:0:0:0:0:
475,192,42516,128,0,42672:0:0:0:0:
288,192,42672,128,0,42750:0:0:0:0:
109,192,42672,128,0,42750:0:0:0:0:
402,192,42750,128,0,42828:0:0:0:0:
256,192,42828,1,0,0:0:0:0:
182,192,42828,128,0,42984:0:0:0:0:
32,192,42828,128,0,42984:0:0:0:0:
402,192,42984,128,0,43062:0:0:0:0:
109,192,43062,128,0,43141:0:0:0:0:
256,192,43062,128,0,43141:0:0:0:0:
475,192,43141,1,0,0:0:0:0:
32,192,43141,1,0,0:0:0:0:
402,192,43141,1,0,0:0:0:0:
416,192,43297,1,0,0:0:0:0:
160,192,43297,1,0,0:0:0:0:
109,192,43375,1,0,0:0:0:0:
329,192,43375,1,0,0:0:0:0:
36,192,43453,1,0,0:0:0:0:
256,192,43453,1,0,0:0:0:0:
109,192,43531,1,0,0:0:0:0:
329,192,43531,1,0,0:0:0:0:
182,192,43609,1,0,0:0:0:0:
402,192,43609,1,0,0:0:0:0:
256,192,43687,1,0,0:0:0:0:
475,192,43687,1,0,0:0:0:0:
36,192,43766,128,0,44000:0:0:0:0:
182,192,43766,128,0,44000:0:0:0:0:
329,192,43766,128,0,44000:0:0:0:0:
36,192,44078,128,0,44312:0:0:0:0:
182,192,44078,128,0,44312:0:0:0:0:
329,192,44078,1,0,0:0:0:0:
402,192,44078,128,0,44312:0:0:0:0:
36,192,44391,128,0,44625:0:0:0:0:
182,192,44391,128,0,44625:0:0:0:0:
402,192,44391,1,0,0:0:0:0:
475,192,44391,1,0,0:0:0:0:
329,192,44469,1,0,0:0:0:0:
256,192,44547,1,0,0:0:0:0:
402,192,44625,1,0,0:0:0:0:
475,192,44625,1,0,0:0:0:0:
329,192,44625,1,0,0:0:0:0:
36,192,44703,1,0,0:0:0:0:
182,192,44703,1,0,0:0:0:0:
109,192,44781,1,0,0:0:0:0:
256,192,44781,1,0,0:0:0:0:
402,192,44859,1,0,0:0:0:0:
329,192,44859,1,0,0:0:0:0:
475,192,44859,1,0,0:0:0:0:
109,192,44937,1,0,0:0:0:0:
182,192,44937,1,0,0:0:0:0:
329,192,45016,1,0,0:0:0:0:
256,192,45016,128,0,45250:0:0:0:0:
475,192,45016,1,0,0:0:0:0:
36,192,45016,1,0,0:0:0:0:
182,192,45172,1,0,0:0:0:0:
475,192,45328,1,0,0:0:0:0:
256,192,45328,128,0,45562:0:0:0:0:
36,192,45328,1,0,0:0:0:0:
402,192,45432,1,0,0:0:0:0:
109,192,45432,1,0,0:0:0:0:
329,192,45536,1,0,0:0:0:0:
182,192,45536,1,0,0:0:0:0:
256,192,45641,128,0,45875:0:0:0:0:
36,192,45641,1,0,0:0:0:0:
109,192,45641,1,0,0:0:0:0:
402,192,45641,1,0,0:0:0:0:
475,192,45641,1,0,0:0:0:0:
329,192,45719,1,0,0:0:0:0:
182,192,45797,1,0,0:0:0:0:
475,192,45875,1,0,0:0:0:0:
256,192,45953,1,0,0:0:0:0:
109,192,45953,128,0,46187:0:0:0:0:
36,192,45953,128,0,46187:0:0:0:0:
329,192,45953,1,0,0:0:0:0:
475,192,46266,128,0,46500:0:0:0:0:
329,192,46266,128,0,46500:0:0:0:0:
182,192,46266,128,0,46500:0:0:0:0:
109,192,46266,1,0,0:0:0:0:
36,192,46266,1,0,0:0:0:0:
475,192,46578,128,0,46812:0:0:0:0:
329,192,46578,128,0,46812:0:0:0:0:
182,192,46578,1,0,0:0:0:0:
109,192,46578,128,0,46812:0:0:0:0:
36,192,46578,1,0,0:0:0:0:
475,192,46891,128,0,47125:0:0:0:0:
329,192,46891,128,0,47125:0:0:0:0:
109,192,46891,1,0,0:0:0:0:
36,192,46891,1,0,0:0:0:0:
182,192,46969,1,0,0:0:0:0:
256,192,47047,1,0,0:0:0:0:
109,192,47125,1,0,0:0:0:0:
36,192,47125,1,0,0:0:0:0:
182,192,47125,1,0,0:0:0:0:
475,192,47203,1,0,0:0:0:0:
329,192,47203,1,0,0:0:0:0:
402,192,47281,1,0,0:0:0:0:
256,192,47281,1,0,0:0:0:0:
109,192,47359,1,0,0:0:0:0:
182,192,47359,1,0,0:0:0:0:
36,192,47359,1,0,0:0:0:0:
475,192,47437,1,0,0:0:0:0:
329,192,47437,1,0,0:0:0:0:
256,192,47516,128,0,47750:0:0:0:0:
36,192,47516,1,0,0:0:0:0:
182,192,47516,1,0,0:0:0:0:
402,192,47516,1,0,0:0:0:0:
329,192,47672,1,0,0:0:0:0:
256,192,47828,128,0,48062:0:0:0:0:
36,192,47828,1,0,0:0:0:0:
109,192,47828,1,0,0:0:0:0:
402,192,47828,1,0,0:0:0:0:
475,192,47828,1,0,0:0:0:0:
182,192,47932,1,0,0:0:0:0:
329,192,47932,1,0,0:0:0:0:
36,192,48036,1,0,0:0:0:0:
475,192,48036,1,0,0:0:0:0:
256,192,48141,128,0,48375:0:0:0:0:
329,192,48141,1,0,0:0:0:0:
109,192,48141,1,0,0:0:0:0:
182,192,48141,1,0,0:0:0:0:
402,192,48141,1,0,0:0:0:0:
36,192,48453,1,0,0:0:0:0:
402,192,48453,128,0,48687:0:0:0:0:
475,192,48453,128,0,48687:0:0:0:0:
256,192,48453,1,0,0:0:0:0:
256,192,48531,1,0,0:0:0:0:
182,192,48609,1,0,0:0:0:0:
109,192,48609,1,0,0:0:0:0:
256,192,48661,1,0,0:0:0:0:
329,192,48713,1,0,0:0:0:0:
402,192,48766,1,0,0:0:0:0:
36,192,48766,128,0,49937:0:0:0:0:
475,192,48766,128,0,49937:0:0:0:0:
182,192,48766,128,0,49000:0:0:0:0:
109,192,48766,1,0,0:0:0:0:
256,192,49078,128,0,49312:0:0:0:0:
182,192,49078,1,0,0:0:0:0:
256,192,49391,1,0,0:0:0:0:
329,192,49391,128,0,49625:0:0:0:0:
109,192,49469,1,0,0:0:0:0:
182,192,49547,1,0,0:0:0:0:
256,192,49625,1,0,0:0:0:0:
329,192,49703,1,0,0:0:0:0:
402,192,49703,1,0,0:0:0:0:
109,192,49859,1,0,0:0:0:0:
182,192,49859,1,0,0:0:0:0:
36,192,50016,128,0,51187:0:0:0:0:
475,192,50016,128,0,51187:0:0:0:0:
402,192,50016,128,0,50250:0:0:0:0:
256,192,50016,1,0,0:0:0:0:
256,192,50328,128,0,50562:0:0:0:0:
402,192,50328,1,0,0:0:0:0:
182,192,50328,1,0,0:0:0:0:
109,192,50406,1,0,0:0:0:0:
329,192,50484,1,0,0:0:0:0:
182,192,50562,1,0,0:0:0:0:
402,192,50641,1,0,0:0:0:0:
109,192,50641,128,0,50875:0:0:0:0:
256,192,50641,1,0,0:0:0:0:
329,192,50719,1,0,0:0:0:0:
256,192,50797,1,0,0:0:0:0:
182,192,50875,1,0,0:0:0:0:
256,192,50953,128,0,51031:0:0:0:0:
109,192,50953,1,0,0:0:0:0:
402,192,51109,1,0,0:0:0:0:
256,192,51109,128,0,51187:0:0:0:0:
36,192,51266,1,0,0:0:0:0:
182,192,51266,1,0,0:0:0:0:
256,192,51266,1,0,0:0:0:0:
329,192,51266,1,0,0:0:0:0:
475,192,51266,1,0,0:0:0:0:
36,192,51422,1,0,0:0:0:0:
256,192,51422,1,0,0:0:0:0:
475,192,51422,1,0,0:0:0:0:
329,192,51500,1,0,0:0:0:0:
36,192,51578,1,0,0:0:0:0:
402,192,51578,1,0,0:0:0:0:
182,192,51578,1,0,0:0:0:0:
36,192,51734,1,0,0:0:0:0:
109,192,51734,1,0,0:0:0:0:
256,192,51734,1,0,0:0:0:0:
329,192,51786,1,0,0:0:0:0:
402,192,51838,1,0,0:0:0:0:
475,192,51891,1,0,0:0:0:0:
256,192,51891,1,0,0:0:0:0:
182,192,51891,1,0,0:0:0:0:
36,192,51891,1,0,0:0:0:0:
329,192,51969,1,0,0:0:0:0:
402,192,51969,1,0,0:0:0:0:
109,192,52047,1,0,0:0:0:0:
182,192,52047,1,0,0:0:0:0:
256,192,52125,1,0,0:0:0:0:
329,192,52125,1,0,0:0:0:0:
475,192,52203,1,0,0:0:0:0:
109,192,52203,1,0,0:0:0:0:
402,192,52203,1,0,0:0:0:0:
36,192,52203,1,0,0:0:0:0:
256,192,52281,1,0,0:0:0:0:
182,192,52281,1,0,0:0:0:0:
329,192,52359,1,0,0:0:0:0:
402,192,52359,1,0,0:0:0:0:
109,192,52437,1,0,0:0:0:0:
182,192,52437,1,0,0:0:0:0:
36,192,52516,1,0,0:0:0:0:
256,192,52516,1,0,0:0:0:0:
329,192,52516,1,0,0:0:0:0:
402,192,52516,1,0,0:0:0:0:
475,192,52516,1,0,0:0:0:0:
36,192,52672,128,0,53036:0:0:0:0:
182,192,52724,128,0,53036:0:0:0:0:
329,192,52776,128,0,53036:0:0:0:0:
256,192,52828,1,0,0:0:0:0:
475,192,52828,128,0,53036:0:0:0:0:
256,192,52932,1,0,0:0:0:0:
256,192,53036,1,0,0:0:0:0:
475,192,53141,1,0,0:0:0:0:
182,192,53141,1,0,0:0:0:0:
36,192,53141,1,0,0:0:0:0:
329,192,53141,1,0,0:0:0:0:
109,192,53297,1,0,0:0:0:0:
256,192,53297,1,0,0:0:0:0:
402,192,53297,1,0,0:0:0:0:
36,192,53453,1,0,0:0:0:0:
329,192,53453,1,0,0:0:0:0:
475,192,53453,1,0,0:0:0:0:
182,192,53453,1,0,0:0:0:0:
109,192,53766,128,0,54859:0:0:0:0:
36,192,53766,128,0,57984:0:0:0:0:
475,192,53766,128,0,57359:0:0:0:0:
402,192,53766,128,0,56109:0:0:0:0:
256,192,53766,128,0,55484:0:0:0:0:
109,192,55016,128,0,57984:0:0:0:0:
256,192,55641,128,0,57359:0:0:0:0:
402,192,56266,128,0,57359:0:0:0:0:
256,192,57516,128,0,57984:0:0:0:0:
475,192,57516,128,0,58609:0:0:0:0:
402,192,57516,128,0,58609:0:0:0:0:
256,192,58141,128,0,58609:0:0:0:0:
36,192,58141,128,0,58609:0:0:0:0:
109,192,58141,128,0,58609:0:0:0:0:
109,192,58766,128,0,59859:0:0:0:0:
182,192,58766,128,0,59859:0:0:0:0:
256,192,58766,128,0,61109:0:0:0:0:
329,192,58766,128,0,60484:0:0:0:0:
402,192,58766,128,0,60484:0:0:0:0:
182,192,60016,128,0,61109:0:0:0:0:
109,192,60016,128,0,61109:0:0:0:0:
329,192,60641,128,0,61109:0:0:0:0:
402,192,60641,128,0,61109:0:0:0:0:
36,192,61266,128,0,62359:0:0:0:0:
475,192,61266,128,0,62359:0:0:0:0:
329,192,61266,128,0,61734:0:0:0:0:
182,192,61266,128,0,62359:0:0:0:0:
402,192,61578,1,0,0:0:0:0:
256,192,61682,1,0,0:0:0:0:
109,192,61786,1,0,0:0:0:0:
329,192,61891,128,0,62359:0:0:0:0:
256,192,62203,1,0,0:0:0:0:
256,192,62359,1,0,0:0:0:0:
36,192,62516,1,0,0:0:0:0:
109,192,62594,1,0,0:0:0:0:
256,192,62672,1,0,0:0:0:0:
402,192,62750,1,0,0:0:0:0:
109,192,62828,1,0,0:0:0:0:
182,192,62906,1,0,0:0:0:0:
329,192,62984,1,0,0:0:0:0:
475,192,63062,1,0,0:0:0:0:
182,192,63141,1,0,0:0:0:0:
256,192,63219,1,0,0:0:0:0:
402,192,63297,1,0,0:0:0:0:
475,192,63375,1,0,0:0:0:0:
256,192,63453,1,0,0:0:0:0:
329,192,63531,1,0,0:0:0:0:
402,192,63609,1,0,0:0:0:0:
475,192,63687,1,0,0:0:0:0:
256,192,63766,1,0,0:0:0:0:
36,192,63766,128,0,68609:0:0:0:0:
182,192,63766,128,0,64234:0:0:0:0:
182,192,64391,128,0,65484:0:0:0:0:
329,192,64391,128,0,64859:0:0:0:0:
329,192,65016,128,0,65484:0:0:0:0:
475,192,65016,128,0,67359:0:0:0:0:
182,192,65641,128,0,66109:0:0:0:0:
329,192,65641,128,0,66109:0:0:0:0:
182,192,66266,1,0,0:0:0:0:
329,192,66266,1,0,0:0:0:0:
109,192,66266,128,0,66891:0:0:0:0:
402,192,66266,128,0,66891:0:0:0:0:
329,192,66891,128,0,67203:0:0:0:0:
256,192,66891,1,0,0:0:0:0:
182,192,67203,128,0,68609:0:0:0:0:
256,192,67203,1,0,0:0:0:0:
329,192,67516,128,0,68609:0:0:0:0:
475,192,67516,128,0,68609:0:0:0:0:
256,192,67516,1,0,0:0:0:0:
109,192,68141,128,0,68609:0:0:0:0:
402,192,68141,128,0,68609:0:0:0:0:
256,192,68141,1,0,0:0:0:0:
109,192,68766,128,0,69859:0:0:0:0:
256,192,68766,128,0,69859:0:0:0:0:
402,192,68766,128,0,69859:0:0:0:0:
475,192,68766,128,0,69859:0:0:0:0:
36,192,68766,128,0,69859:0:0:0:0:
109,192,70016,1,0,0:0:0:0:
256,192,70016,1,0,0:0:0:0:
402,192,70016,1,0,0:0:0:0:
36,192,70016,1,0,0:0:0:0:
475,192,70016,1,0,0:0:0:0:
256,192,70328,1,0,0:0:0:0:
256,192,70641,1,0,0:0:0:0:
36,192,70641,128,0,71187:0:0:0:0:
475,192,70641,128,0,71187:0:0:0:0:
109,192,70875,128,0,71187:0:0:0:0:
402,192,70875,128,0,71187:0:0:0:0:
182,192,71109,128,0,71187:0:0:0:0:
329,192,71109,128,0,71187:0:0:0:0:
36,192,71266,128,0,72984:0:0:0:0:
256,192,71266,128,0,72984:0:0:0:0:
475,192,71266,128,0,72516:0:0:0:0:
329,192,72203,128,0,72516:0:0:0:0:
402,192,72203,128,0,72516:0:0:0:0:
109,192,72516,128,0,72984:0:0:0:0:
182,192,72516,128,0,72984:0:0:0:0:
329,192,73141,1,0,0:0:0:0:
475,192,73141,1,0,0:0:0:0:
36,192,73219,1,0,0:0:0:0:
182,192,73219,1,0,0:0:0:0:
329,192,73297,1,0,0:0:0:0:
475,192,73297,1,0,0:0:0:0:
36,192,73375,1,0,0:0:0:0:
182,192,73375,1,0,0:0:0:0:
329,192,73453,1,0,0:0:0:0:
475,192,73453,1,0,0:0:0:0:
256,192,73453,1,0,0:0:0:0:
480,192,73766,1,0,0:0:0:0:
32,192,73766,1,0,0:0:0:0:
288,192,73766,1,0,0:0:0:0:
352,192,73844,1,0,0:0:0:0:
96,192,73844,1,0,0:0:0:0:
416,192,73922,1,0,0:0:0:0:
160,192,73922,1,0,0:0:0:0:
352,192,74000,1,0,0:0:0:0:
288,192,74000,1,0,0:0:0:0:
416,192,74078,1,0,0:0:0:0:
480,192,74078,1,0,0:0:0:0:
32,192,74078,1,0,0:0:0:0:
160,192,74078,1,0,0:0:0:0:
96,192,74156,1,0,0:0:0:0:
352,192,74234,1,0,0:0:0:0:
160,192,74234,1,0,0:0:0:0:
416,192,74312,1,0,0:0:0:0:
480,192,74391,1,0,0:0:0:0:
288,192,74391,1,0,0:0:0:0:
96,192,74391,1,0,0:0:0:0:
160,192,74469,1,0,0:0:0:0:
32,192,74469,1,0,0:0:0:0:
416,192,74547,1,0,0:0:0:0:
96,192,74547,1,0,0:0:0:0:
352,192,74625,1,0,0:0:0:0:
288,192,74625,1,0,0:0:0:0:
416,192,74703,1,0,0:0:0:0:
480,192,74703,1,0,0:0:0:0:
32,192,74703,1,0,0:0:0:0:
160,192,74703,1,0,0:0:0:0:
96,192,74781,1,0,0:0:0:0:
352,192,74859,1,0,0:0:0:0:
288,192,74859,1,0,0:0:0:0:
416,192,74937,1,0,0:0:0:0:
480,192,75016,1,0,0:0:0:0:
352,192,75016,1,0,0:0:0:0:
160,192,75016,1,0,0:0:0:0:
96,192,75094,1,0,0:0:0:0:
32,192,75094,1,0,0:0:0:0:
352,192,75172,1,0,0:0:0:0:
288,192,75172,1,0,0:0:0:0:
160,192,75172,1,0,0:0:0:0:
416,192,75250,1,0,0:0:0:0:
96,192,75250,1,0,0:0:0:0:
352,192,75328,1,0,0:0:0:0:
480,192,75328,1,0,0:0:0:0:
32,192,75328,1,0,0:0:0:0:
288,192,75328,1,0,0:0:0:0:
160,192,75406,1,0,0:0:0:0:
288,192,75484,1,0,0:0:0:0:
416,192,75562,1,0,0:0:0:0:
352,192,75641,1,0,0:0:0:0:
480,192,75641,1,0,0:0:0:0:
96,192,75641,1,0,0:0:0:0:
160,192,75641,1,0,0:0:0:0:
416,192,75719,1,0,0:0:0:0:
288,192,75719,1,0,0:0:0:0:
160,192,75797,1,0,0:0:0:0:
32,192,75797,1,0,0:0:0:0:
416,192,75875,1,0,0:0:0:0:
96,192,75875,1,0,0:0:0:0:
352,192,75953,1,0,0:0:0:0:
480,192,75953,1,0,0:0:0:0:
32,192,75953,1,0,0:0:0:0:
160,192,75953,1,0,0:0:0:0:
416,192,76031,1,0,0:0:0:0:
288,192,76031,1,0,0:0:0:0:
352,192,76109,1,0,0:0:0:0:
160,192,76109,1,0,0:0:0:0:
288,192,76187,1,0,0:0:0:0:
96,192,76187,1,0,0:0:0:0:
480,192,76266,1,0,0:0:0:0:
32,192,76266,1,0,0:0:0:0:
352,192,76266,1,0,0:0:0:0:
416,192,76344,1,0,0:0:0:0:
160,192,76344,1,0,0:0:0:0:
288,192,76422,1,0,0:0:0:0:
96,192,76422,1,0,0:0:0:0:
352,192,76500,1,0,0:0:0:0:
160,192,76500,1,0,0:0:0:0:
416,192,76578,1,0,0:0:0:0:
480,192,76578,1,0,0:0:0:0:
32,192,76578,1,0,0:0:0:0:
288,192,76578,1,0,0:0:0:0:
96,192,76656,1,0,0:0:0:0:
288,192,76734,1,0,0:0:0:0:
416,192,76812,1,0,0:0:0:0:
480,192,76891,1,0,0:0:0:0:
352,192,76891,1,0,0:0:0:0:
160,192,76891,1,0,0:0:0:0:
32,192,76969,1,0,0:0:0:0:
480,192,77047,1,0,0:0:0:0:
288,192,77047,1,0,0:0:0:0:
96,192,77047,1,0,0:0:0:0:
416,192,77125,1,0,0:0:0:0:
352,192,77125,1,0,0:0:0:0:
480,192,77203,1,0,0:0:0:0:
160,192,77203,1,0,0:0:0:0:
32,192,77203,1,0,0:0:0:0:
288,192,77281,1,0,0:0:0:0:
96,192,77281,1,0,0:0:0:0:
352,192,77359,1,0,0:0:0:0:
160,192,77359,1,0,0:0:0:0:
416,192,77437,1,0,0:0:0:0:
288,192,77437,1,0,0:0:0:0:
352,192,77516,1,0,0:0:0:0:
480,192,77516,1,0,0:0:0:0:
32,192,77516,1,0,0:0:0:0:
160,192,77516,1,0,0:0:0:0:
96,192,77594,1,0,0:0:0:0:
288,192,77672,1,0,0:0:0:0:
160,192,77672,1,0,0:0:0:0:
352,192,77750,1,0,0:0:0:0:
32,192,77750,1,0,0:0:0:0:
416,192,77828,1,0,0:0:0:0:
480,192,77828,1,0,0:0:0:0:
96,192,77828,1,0,0:0:0:0:
288,192,77828,1,0,0:0:0:0:
160,192,77906,1,0,0:0:0:0:
32,192,77906,1,0,0:0:0:0:
352,192,77984,1,0,0:0:0:0:
96,192,77984,1,0,0:0:0:0:
416,192,78062,1,0,0:0:0:0:
480,192,78141,1,0,0:0:0:0:
288,192,78141,1,0,0:0:0:0:
96,192,78141,1,0,0:0:0:0:
416,192,78219,1,0,0:0:0:0:
352,192,78297,1,0,0:0:0:0:
160,192,78297,1,0,0:0:0:0:
96,192,78349,1,0,0:0:0:0:
288,192,78375,1,0,0:0:0:0:
32,192,78401,1,0,0:0:0:0:
480,192,78453,1,0,0:0:0:0:
352,192,78453,1,0,0:0:0:0:
96,192,78453,1,0,0:0:0:0:
288,192,78505,1,0,0:0:0:0:
416,192,78531,1,0,0:0:0:0:
160,192,78557,1,0,0:0:0:0:
352,192,78609,1,0,0:0:0:0:
96,192,78609,1,0,0:0:0:0:
416,192,78687,1,0,0:0:0:0:
160,192,78687,1,0,0:0:0:0:
475,192,78766,128,0,79547:0:0:0:0:
256,192,78766,128,0,79000:0:0:0:0:
36,192,78766,1,0,0:0:0:0:
109,192,78844,1,0,0:0:0:0:
182,192,78922,1,0,0:0:0:0:
329,192,78922,1,0,0:0:0:0:
402,192,78922,1,0,0:0:0:0:
109,192,79000,1,0,0:0:0:0:
256,192,79078,1,0,0:0:0:0:
402,192,79078,128,0,79547:0:0:0:0:
36,192,79078,1,0,0:0:0:0:
329,192,79156,1,0,0:0:0:0:
109,192,79234,1,0,0:0:0:0:
182,192,79234,1,0,0:0:0:0:
256,192,79312,1,0,0:0:0:0:
36,192,79391,1,0,0:0:0:0:
182,192,79391,1,0,0:0:0:0:
329,192,79391,1,0,0:0:0:0:
109,192,79469,1,0,0:0:0:0:
256,192,79469,1,0,0:0:0:0:
182,192,79547,1,0,0:0:0:0:
329,192,79547,1,0,0:0:0:0:
256,192,79625,1,0,0:0:0:0:
475,192,79625,1,0,0:0:0:0:
36,192,79703,1,0,0:0:0:0:
109,192,79703,1,0,0:0:0:0:
329,192,79703,128,0,79781:0:0:0:0:
402,192,79703,128,0,79781:0:0:0:0:
109,192,79781,128,0,79859:0:0:0:0:
182,192,79781,128,0,79859:0:0:0:0:
329,192,79859,128,0,79937:0:0:0:0:
402,192,79859,128,0,79937:0:0:0:0:
109,192,79937,128,0,80016:0:0:0:0:
182,192,79937,128,0,80016:0:0:0:0:
256,192,80016,128,0,80250:0:0:0:0:
475,192,80016,1,0,0:0:0:0:
36,192,80016,128,0,80797:0:0:0:0:
402,192,80094,1,0,0:0:0:0:
182,192,80172,1,0,0:0:0:0:
329,192,80172,1,0,0:0:0:0:
109,192,80172,1,0,0:0:0:0:
402,192,80250,1,0,0:0:0:0:
109,192,80328,128,0,80797:0:0:0:0:
256,192,80328,1,0,0:0:0:0:
475,192,80328,1,0,0:0:0:0:
182,192,80406,1,0,0:0:0:0:
402,192,80484,1,0,0:0:0:0:
329,192,80484,1,0,0:0:0:0:
256,192,80562,1,0,0:0:0:0:
182,192,80641,1,0,0:0:0:0:
329,192,80641,1,0,0:0:0:0:
475,192,80641,1,0,0:0:0:0:
256,192,80719,1,0,0:0:0:0:
402,192,80719,1,0,0:0:0:0:
182,192,80797,1,0,0:0:0:0:
329,192,80797,1,0,0:0:0:0:
256,192,80875,1,0,0:0:0:0:
109,192,80875,1,0,0:0:0:0:
402,192,80953,1,0,0:0:0:0:
475,192,80953,1,0,0:0:0:0:
182,192,80953,128,0,81031:0:0:0:0:
36,192,80953,128,0,81031:0:0:0:0:
329,192,81031,128,0,81109:0:0:0:0:
475,192,81031,128,0,81109:0:0:0:0:
36,192,81109,128,0,81187:0:0:0:0:
182,192,81109,128,0,81187:0:0:0:0:
329,192,81187,128,0,81266:0:0:0:0:
475,192,81187,128,0,81266:0:0:0:0:
36,192,81266,1,0,0:0:0:0:
109,192,81266,1,0,0:0:0:0:
182,192,81266,1,0,0:0:0:0:
256,192,81266,1,0,0:0:0:0:
329,192,81344,1,0,0:0:0:0:
475,192,81344,1,0,0:0:0:0:
36,192,81422,1,0,0:0:0:0:
109,192,81422,1,0,0:0:0:0:
256,192,81422,1,0,0:0:0:0:
182,192,81500,1,0,0:0:0:0:
329,192,81578,1,0,0:0:0:0:
402,192,81578,1,0,0:0:0:0:
475,192,81578,1,0,0:0:0:0:
256,192,81578,128,0,81812:0:0:0:0:
36,192,81656,1,0,0:0:0:0:
109,192,81656,1,0,0:0:0:0:
182,192,81734,1,0,0:0:0:0:
329,192,81734,1,0,0:0:0:0:
402,192,81812,1,0,0:0:0:0:
475,192,81812,1,0,0:0:0:0:
109,192,81891,1,0,0:0:0:0:
256,192,81891,1,0,0:0:0:0:
182,192,81891,1,0,0:0:0:0:
36,192,81891,1,0,0:0:0:0:
475,192,81969,1,0,0:0:0:0:
329,192,81969,1,0,0:0:0:0:
256,192,82047,1,0,0:0:0:0:
182,192,82047,1,0,0:0:0:0:
36,192,82047,1,0,0:0:0:0:
109,192,82125,1,0,0:0:0:0:
256,192,82203,128,0,82437:0:0:0:0:
329,192,82203,1,0,0:0:0:0:
402,192,82203,1,0,0:0:0:0:
475,192,82203,1,0,0:0:0:0:
36,192,82281,1,0,0:0:0:0:
109,192,82281,1,0,0:0:0:0:
475,192,82359,1,0,0:0:0:0:
402,192,82359,1,0,0:0:0:0:
182,192,82437,1,0,0:0:0:0:
109,192,82437,1,0,0:0:0:0:
329,192,82516,1,0,0:0:0:0:
256,192,82516,1,0,0:0:0:0:
36,192,82516,128,0,82789:0:0:0:0:
402,192,82516,1,0,0:0:0:0:
475,192,82516,1,0,0:0:0:0:
109,192,82555,128,0,82750:0:0:0:0:
182,192,82594,128,0,82711:0:0:0:0:
256,192,82633,128,0,82672:0:0:0:0:
329,192,82672,1,0,0:0:0:0:
256,192,82711,1,0,0:0:0:0:
475,192,82711,1,0,0:0:0:0:
182,192,82750,1,0,0:0:0:0:
402,192,82750,1,0,0:0:0:0:
109,192,82789,1,0,0:0:0:0:
329,192,82789,1,0,0:0:0:0:
36,192,82828,1,0,0:0:0:0:
475,192,82828,128,0,83101:0:0:0:0:
256,192,82828,1,0,0:0:0:0:
402,192,82867,128,0,83062:0:0:0:0:
182,192,82867,1,0,0:0:0:0:
329,192,82906,128,0,83023:0:0:0:0:
109,192,82906,1,0,0:0:0:0:
256,192,82945,128,0,82984:0:0:0:0:
36,192,82945,1,0,0:0:0:0:
182,192,82984,1,0,0:0:0:0:
256,192,83023,1,0,0:0:0:0:
329,192,83062,1,0,0:0:0:0:
402,192,83101,1,0,0:0:0:0:
36,192,83141,128,0,83219:0:0:0:0:
182,192,83141,128,0,83219:0:0:0:0:
109,192,83141,128,0,83219:0:0:0:0:
475,192,83141,1,0,0:0:0:0:
256,192,83141,128,0,83219:0:0:0:0:
256,192,83297,128,0,83375:0:0:0:0:
329,192,83297,128,0,83375:0:0:0:0:
402,192,83297,128,0,83375:0:0:0:0:
475,192,83297,128,0,83375:0:0:0:0:
352,192,83453,1,0,0:0:0:0:
160,192,83453,1,0,0:0:0:0:
32,192,83453,1,0,0:0:0:0:
416,192,83531,1,0,0:0:0:0:
288,192,83531,1,0,0:0:0:0:
96,192,83531,1,0,0:0:0:0:
480,192,83609,1,0,0:0:0:0:
352,192,83609,1,0,0:0:0:0:
160,192,83609,1,0,0:0:0:0:
416,192,83687,1,0,0:0:0:0:
288,192,83687,1,0,0:0:0:0:
96,192,83687,1,0,0:0:0:0:
352,192,83766,128,0,91272:0:0:0:0:
480,192,83766,128,0,91272:0:0:0:0:
32,192,83766,128,0,91272:0:0:0:0:
160,192,83766,128,0,91272:0:0:0:0:
36,192,91584,1,0,0:0:0:0:
109,192,91584,1,0,0:0:0:0:
182,192,91584,1,0,0:0:0:0:
256,192,91584,1,0,0:0:0:0:
329,192,91584,1,0,0:0:0:0:
402,192,91584,1,0,0:0:0:0:
475,192,91584,1,0,0:0:0:0:
182,192,91896,1,0,0:0:0:0:
36,192,91896,1,0,0:0:0:0:
256,192,91974,1,0,0:0:0:0:
109,192,91974,1,0,0:0:0:0:
329,192,92052,1,0,0:0:0:0:
182,192,92052,1,0,0:0:0:0:
475,192,92130,1,0,0:0:0:0:
402,192,92209,1,0,0:0:0:0:
475,192,92287,1,0,0:0:0:0:
329,192,92365,1,0,0:0:0:0:
402,192,92443,1,0,0:0:0:0:
256,192,92521,1,0,0:0:0:0:
329,192,92599,1,0,0:0:0:0:
182,192,92677,1,0,0:0:0:0:
256,192,92755,1,0,0:0:0:0:
109,192,92834,1,0,0:0:0:0:
182,192,92912,1,0,0:0:0:0:
36,192,92990,1,0,0:0:0:0:
109,192,93068,1,0,0:0:0:0:
256,192,93146,1,0,0:0:0:0:
36,192,93146,1,0,0:0:0:0:
329,192,93224,1,0,0:0:0:0:
109,192,93224,1,0,0:0:0:0:
182,192,93302,1,0,0:0:0:0:
402,192,93302,1,0,0:0:0:0:
256,192,93380,1,0,0:0:0:0:
475,192,93380,1,0,0:0:0:0:
36,192,93459,128,0,93537:0:0:0:0:
109,192,93459,128,0,93537:0:0:0:0:
182,192,93459,128,0,93537:0:0:0:0:
329,192,93537,128,0,93615:0:0:0:0:
402,192,93537,128,0,93615:0:0:0:0:
475,192,93537,128,0,93615:0:0:0:0:
36,192,93615,128,0,93693:0:0:0:0:
109,192,93615,128,0,93693:0:0:0:0:
182,192,93615,128,0,93693:0:0:0:0:
329,192,93693,128,0,93771:0:0:0:0:
402,192,93693,128,0,93771:0:0:0:0:
475,192,93693,128,0,93771:0:0:0:0:
36,192,93771,1,0,0:0:0:0:
109,192,93771,1,0,0:0:0:0:
182,192,93771,1,0,0:0:0:0:
256,192,93771,1,0,0:0:0:0:
182,192,93927,1,0,0:0:0:0:
329,192,93927,1,0,0:0:0:0:
475,192,93927,1,0,0:0:0:0:
256,192,94005,1,0,0:0:0:0:
402,192,94005,1,0,0:0:0:0:
329,192,94083,1,0,0:0:0:0:
182,192,94083,1,0,0:0:0:0:
109,192,94083,1,0,0:0:0:0:
36,192,94083,1,0,0:0:0:0:
109,192,94239,1,0,0:0:0:0:
256,192,94239,1,0,0:0:0:0:
329,192,94239,1,0,0:0:0:0:
182,192,94317,1,0,0:0:0:0:
402,192,94317,1,0,0:0:0:0:
36,192,94396,1,0,0:0:0:0:
256,192,94396,1,0,0:0:0:0:
475,192,94396,1,0,0:0:0:0:
329,192,94396,1,0,0:0:0:0:
109,192,94474,1,0,0:0:0:0:
182,192,94552,128,0,94630:0:0:0:0:
475,192,94552,1,0,0:0:0:0:
256,192,94552,128,0,94630:0:0:0:0:
402,192,94630,1,0,0:0:0:0:
109,192,94708,128,0,94786:0:0:0:0:
256,192,94708,1,0,0:0:0:0:
182,192,94708,128,0,94786:0:0:0:0:
329,192,94708,1,0,0:0:0:0:
36,192,94864,128,0,94942:0:0:0:0:
329,192,94864,1,0,0:0:0:0:
475,192,94864,1,0,0:0:0:0:
109,192,94864,128,0,94942:0:0:0:0:
256,192,94942,1,0,0:0:0:0:
329,192,95021,128,0,95255:0:0:0:0:
36,192,95021,1,0,0:0:0:0:
402,192,95021,128,0,95255:0:0:0:0:
475,192,95021,1,0,0:0:0:0:
182,192,95021,1,0,0:0:0:0:
109,192,95177,1,0,0:0:0:0:
182,192,95177,1,0,0:0:0:0:
256,192,95255,1,0,0:0:0:0:
36,192,95333,128,0,95567:0:0:0:0:
182,192,95333,128,0,95567:0:0:0:0:
329,192,95333,1,0,0:0:0:0:
402,192,95333,1,0,0:0:0:0:
329,192,95489,1,0,0:0:0:0:
475,192,95489,1,0,0:0:0:0:
256,192,95567,1,0,0:0:0:0:
329,192,95646,128,0,95880:0:0:0:0:
475,192,95646,128,0,95880:0:0:0:0:
36,192,95646,1,0,0:0:0:0:
182,192,95646,1,0,0:0:0:0:
36,192,95802,1,0,0:0:0:0:
182,192,95802,1,0,0:0:0:0:
256,192,95880,1,0,0:0:0:0:
109,192,95958,128,0,96192:0:0:0:0:
182,192,95958,128,0,96192:0:0:0:0:
329,192,95958,1,0,0:0:0:0:
475,192,95958,1,0,0:0:0:0:
329,192,96114,1,0,0:0:0:0:
475,192,96114,1,0,0:0:0:0:
256,192,96192,1,0,0:0:0:0:
402,192,96271,1,0,0:0:0:0:
36,192,96271,1,0,0:0:0:0:
182,192,96271,1,0,0:0:0:0:
109,192,96271,1,0,0:0:0:0:
256,192,96427,1,0,0:0:0:0:
109,192,96427,1,0,0:0:0:0:
475,192,96427,1,0,0:0:0:0:
182,192,96505,1,0,0:0:0:0:
329,192,96505,1,0,0:0:0:0:
475,192,96583,1,0,0:0:0:0:
402,192,96583,1,0,0:0:0:0:
256,192,96583,1,0,0:0:0:0:
36,192,96583,1,0,0:0:0:0:
109,192,96739,1,0,0:0:0:0:
256,192,96739,1,0,0:0:0:0:
402,192,96739,1,0,0:0:0:0:
182,192,96817,1,0,0:0:0:0:
329,192,96817,1,0,0:0:0:0:
36,192,96896,1,0,0:0:0:0:
256,192,96896,1,0,0:0:0:0:
475,192,96896,1,0,0:0:0:0:
402,192,96896,1,0,0:0:0:0:
109,192,96974,1,0,0:0:0:0:
329,192,97052,128,0,97130:0:0:0:0:
182,192,97052,1,0,0:0:0:0:
475,192,97052,1,0,0:0:0:0:
256,192,97052,128,0,97130:0:0:0:0:
109,192,97130,1,0,0:0:0:0:
402,192,97208,128,0,97286:0:0:0:0:
36,192,97208,1,0,0:0:0:0:
329,192,97208,128,0,97286:0:0:0:0:
256,192,97208,1,0,0:0:0:0:
475,192,97364,128,0,97442:0:0:0:0:
256,192,97364,1,0,0:0:0:0:
109,192,97364,1,0,0:0:0:0:
402,192,97364,128,0,97442:0:0:0:0:
182,192,97442,1,0,0:0:0:0:
256,192,97521,128,0,98067:0:0:0:0:
329,192,97521,1,0,0:0:0:0:
475,192,97521,1,0,0:0:0:0:
36,192,97521,128,0,97755:0:0:0:0:
109,192,97521,128,0,97755:0:0:0:0:
402,192,97677,1,0,0:0:0:0:
475,192,97677,1,0,0:0:0:0:
329,192,97755,1,0,0:0:0:0:
402,192,97833,128,0,98067:0:0:0:0:
475,192,97833,128,0,98067:0:0:0:0:
36,192,97833,1,0,0:0:0:0:
109,192,97833,1,0,0:0:0:0:
182,192,97989,1,0,0:0:0:0:
36,192,97989,1,0,0:0:0:0:
329,192,98067,1,0,0:0:0:0:
182,192,98146,128,0,98380:0:0:0:0:
475,192,98146,1,0,0:0:0:0:
402,192,98146,1,0,0:0:0:0:
256,192,98146,128,0,98380:0:0:0:0:
109,192,98146,128,0,98380:0:0:0:0:
475,192,98302,1,0,0:0:0:0:
329,192,98302,1,0,0:0:0:0:
402,192,98380,1,0,0:0:0:0:
36,192,98458,1,0,0:0:0:0:
182,192,98458,1,0,0:0:0:0:
329,192,98458,1,0,0:0:0:0:
475,192,98458,1,0,0:0:0:0:
109,192,98536,1,0,0:0:0:0:
256,192,98536,1,0,0:0:0:0:
329,192,98614,1,0,0:0:0:0:
182,192,98614,1,0,0:0:0:0:
402,192,98692,1,0,0:0:0:0:
256,192,98692,1,0,0:0:0:0:
109,192,98771,1,0,0:0:0:0:
329,192,98771,1,0,0:0:0:0:
475,192,98771,1,0,0:0:0:0:
36,192,98771,1,0,0:0:0:0:
109,192,98927,1,0,0:0:0:0:
256,192,98927,1,0,0:0:0:0:
402,192,98927,1,0,0:0:0:0:
182,192,99005,1,0,0:0:0:0:
475,192,99005,1,0,0:0:0:0:
402,192,99083,1,0,0:0:0:0:
256,192,99083,1,0,0:0:0:0:
329,192,99083,1,0,0:0:0:0:
36,192,99083,1,0,0:0:0:0:
402,192,99239,1,0,0:0:0:0:
109,192,99239,1,0,0:0:0:0:
256,192,99239,1,0,0:0:0:0:
329,192,99317,1,0,0:0:0:0:
182,192,99317,1,0,0:0:0:0:
36,192,99396,1,0,0:0:0:0:
402,192,99396,1,0,0:0:0:0:
475,192,99396,1,0,0:0:0:0:
256,192,99396,1,0,0:0:0:0:
109,192,99474,1,0,0:0:0:0:
475,192,99552,1,0,0:0:0:0:
256,192,99552,128,0,99630:0:0:0:0:
182,192,99552,128,0,99630:0:0:0:0:
402,192,99630,1,0,0:0:0:0:
109,192,99708,128,0,99786:0:0:0:0:
182,192,99708,128,0,99786:0:0:0:0:
329,192,99708,1,0,0:0:0:0:
256,192,99708,1,0,0:0:0:0:
329,192,99864,1,0,0:0:0:0:
109,192,99864,128,0,99942:0:0:0:0:
36,192,99864,128,0,99942:0:0:0:0:
475,192,99864,1,0,0:0:0:0:
256,192,99942,1,0,0:0:0:0:
329,192,100021,128,0,100255:0:0:0:0:
36,192,100021,1,0,0:0:0:0:
402,192,100021,128,0,100255:0:0:0:0:
475,192,100021,1,0,0:0:0:0:
182,192,100021,1,0,0:0:0:0:
109,192,100177,1,0,0:0:0:0:
182,192,100177,1,0,0:0:0:0:
256,192,100255,1,0,0:0:0:0:
36,192,100333,128,0,100567:0:0:0:0:
182,192,100333,128,0,100567:0:0:0:0:
329,192,100333,1,0,0:0:0:0:
402,192,100333,1,0,0:0:0:0:
329,192,100489,1,0,0:0:0:0:
475,192,100489,1,0,0:0:0:0:
256,192,100567,1,0,0:0:0:0:
256,192,100646,128,0,101036:0:0:0:0:
36,192,100646,1,0,0:0:0:0:
182,192,100646,1,0,0:0:0:0:
402,192,100646,1,0,0:0:0:0:
475,192,100646,1,0,0:0:0:0:
329,192,100802,1,0,0:0:0:0:
36,192,100802,1,0,0:0:0:0:
402,192,100854,1,0,0:0:0:0:
109,192,100854,1,0,0:0:0:0:
182,192,100906,1,0,0:0:0:0:
475,192,100906,1,0,0:0:0:0:
109,192,100958,128,0,101192:0:0:0:0:
36,192,100958,128,0,101192:0:0:0:0:
329,192,100958,128,0,101192:0:0:0:0:
402,192,100958,128,0,101192:0:0:0:0:
475,192,101114,128,0,101192:0:0:0:0:
256,192,101114,1,0,0:0:0:0:
182,192,101114,128,0,101192:0:0:0:0:
36,192,101271,1,0,0:0:0:0:
182,192,101271,1,0,0:0:0:0:
329,192,101271,1,0,0:0:0:0:
475,192,101271,1,0,0:0:0:0:
109,192,101427,1,0,0:0:0:0:
256,192,101427,1,0,0:0:0:0:
475,192,101427,1,0,0:0:0:0:
182,192,101505,1,0,0:0:0:0:
329,192,101505,1,0,0:0:0:0:
256,192,101583,1,0,0:0:0:0:
402,192,101583,1,0,0:0:0:0:
36,192,101583,1,0,0:0:0:0:
329,192,101739,1,0,0:0:0:0:
182,192,101739,1,0,0:0:0:0:
109,192,101739,1,0,0:0:0:0:
256,192,101817,1,0,0:0:0:0:
402,192,101817,1,0,0:0:0:0:
329,192,101896,1,0,0:0:0:0:
475,192,101896,1,0,0:0:0:0:
109,192,101896,1,0,0:0:0:0:
36,192,101896,1,0,0:0:0:0:
36,192,102130,1,0,0:0:0:0:
182,192,102130,1,0,0:0:0:0:
256,192,102130,1,0,0:0:0:0:
402,192,102130,1,0,0:0:0:0:
109,192,102364,1,0,0:0:0:0:
256,192,102364,1,0,0:0:0:0:
329,192,102364,1,0,0:0:0:0:
475,192,102364,1,0,0:0:0:0:
36,192,102599,1,0,0:0:0:0:
182,192,102599,1,0,0:0:0:0:
329,192,102599,1,0,0:0:0:0:
402,192,102599,1,0,0:0:0:0:
36,192,102833,1,0,0:0:0:0:
109,192,102833,1,0,0:0:0:0:
256,192,102833,1,0,0:0:0:0:
402,192,102833,1,0,0:0:0:0:
109,192,103067,1,0,0:0:0:0:
182,192,103067,1,0,0:0:0:0:
329,192,103067,1,0,0:0:0:0:
475,192,103067,1,0,0:0:0:0:
182,192,103302,1,0,0:0:0:0:
256,192,103302,1,0,0:0:0:0:
402,192,103302,1,0,0:0:0:0:
36,192,103380,1,0,0:0:0:0:
329,192,103458,1,0,0:0:0:0:
475,192,103458,1,0,0:0:0:0:
36,192,103536,1,0,0:0:0:0:
182,192,103536,1,0,0:0:0:0:
109,192,103614,1,0,0:0:0:0:
256,192,103614,1,0,0:0:0:0:
402,192,103614,1,0,0:0:0:0:
36,192,103771,1,0,0:0:0:0:
256,192,103771,1,0,0:0:0:0:
329,192,103771,128,0,103849:0:0:0:0:
475,192,103771,1,0,0:0:0:0:
182,192,103849,128,0,103927:0:0:0:0:
329,192,103927,128,0,104005:0:0:0:0:
182,192,104005,128,0,104083:0:0:0:0:
36,192,104083,1,0,0:0:0:0:
109,192,104083,1,0,0:0:0:0:
402,192,104083,1,0,0:0:0:0:
475,192,104083,1,0,0:0:0:0:
256,192,104083,128,0,104396:0:0:0:0:
329,192,104083,1,0,0:0:0:0:
402,192,104239,128,0,104396:0:0:0:0:
109,192,104239,128,0,104396:0:0:0:0:
36,192,104396,1,0,0:0:0:0:
182,192,104396,1,0,0:0:0:0:
256,192,104474,1,0,0:0:0:0:
402,192,104552,1,0,0:0:0:0:
329,192,104552,1,0,0:0:0:0:
109,192,104552,1,0,0:0:0:0:
475,192,104552,1,0,0:0:0:0:
256,192,104630,1,0,0:0:0:0:
475,192,104708,1,0,0:0:0:0:
36,192,104708,1,0,0:0:0:0:
109,192,104708,1,0,0:0:0:0:
182,192,104708,1,0,0:0:0:0:
402,192,104708,1,0,0:0:0:0:
109,192,104864,1,0,0:0:0:0:
182,192,104864,1,0,0:0:0:0:
256,192,104864,1,0,0:0:0:0:
329,192,104942,1,0,0:0:0:0:
402,192,104942,1,0,0:0:0:0:
475,192,105021,1,0,0:0:0:0:
256,192,105021,128,0,105255:0:0:0:0:
36,192,105021,128,0,105255:0:0:0:0:
109,192,105021,128,0,105255:0:0:0:0:
329,192,105177,1,0,0:0:0:0:
475,192,105177,1,0,0:0:0:0:
402,192,105255,1,0,0:0:0:0:
475,192,105333,128,0,105567:0:0:0:0:
329,192,105333,128,0,105567:0:0:0:0:
256,192,105333,128,0,105567:0:0:0:0:
109,192,105333,1,0,0:0:0:0:
36,192,105489,1,0,0:0:0:0:
182,192,105489,1,0,0:0:0:0:
109,192,105567,1,0,0:0:0:0:
36,192,105646,128,0,105880:0:0:0:0:
182,192,105646,128,0,105880:0:0:0:0:
256,192,105646,128,0,105880:0:0:0:0:
329,192,105646,1,0,0:0:0:0:
402,192,105802,1,0,0:0:0:0:
475,192,105802,1,0,0:0:0:0:
329,192,105880,1,0,0:0:0:0:
182,192,105958,1,0,0:0:0:0:
402,192,105958,128,0,106114:0:0:0:0:
475,192,105958,128,0,106114:0:0:0:0:
256,192,105958,1,0,0:0:0:0:
36,192,106036,1,0,0:0:0:0:
329,192,106036,1,0,0:0:0:0:
256,192,106114,1,0,0:0:0:0:
109,192,106114,1,0,0:0:0:0:
329,192,106166,1,0,0:0:0:0:
182,192,106192,1,0,0:0:0:0:
402,192,106218,1,0,0:0:0:0:
475,192,106271,1,0,0:0:0:0:
109,192,106271,1,0,0:0:0:0:
36,192,106271,1,0,0:0:0:0:
256,192,106271,1,0,0:0:0:0:
109,192,106427,128,0,106505:0:0:0:0:
402,192,106427,128,0,106505:0:0:0:0:
182,192,106505,128,0,106583:0:0:0:0:
329,192,106505,128,0,106583:0:0:0:0:
109,192,106583,128,0,106974:0:0:0:0:
402,192,106583,128,0,106974:0:0:0:0:
256,192,106583,128,0,106974:0:0:0:0:
36,192,106739,1,0,0:0:0:0:
182,192,106739,1,0,0:0:0:0:
329,192,106739,1,0,0:0:0:0:
475,192,106739,1,0,0:0:0:0:
36,192,106896,128,0,106974:0:0:0:0:
475,192,106896,128,0,106974:0:0:0:0:
182,192,106974,128,0,107052:0:0:0:0:
329,192,106974,128,0,107052:0:0:0:0:
36,192,107052,128,0,107442:0:0:0:0:
475,192,107052,128,0,107521:0:0:0:0:
109,192,107052,1,0,0:0:0:0:
256,192,107052,1,0,0:0:0:0:
402,192,107052,1,0,0:0:0:0:
256,192,107208,128,0,107442:0:0:0:0:
329,192,107208,128,0,107286:0:0:0:0:
402,192,107208,128,0,107286:0:0:0:0:
109,192,107364,128,0,107442:0:0:0:0:
182,192,107364,128,0,107442:0:0:0:0:
329,192,107442,128,0,107521:0:0:0:0:
402,192,107442,128,0,107521:0:0:0:0:
36,192,107521,1,0,0:0:0:0:
109,192,107521,1,0,0:0:0:0:
182,192,107521,1,0,0:0:0:0:
256,192,107521,1,0,0:0:0:0:
109,192,107729,1,0,0:0:0:0:
256,192,107729,1,0,0:0:0:0:
475,192,107729,1,0,0:0:0:0:
329,192,107729,1,0,0:0:0:0:
182,192,107937,1,0,0:0:0:0:
329,192,107937,1,0,0:0:0:0:
402,192,107937,1,0,0:0:0:0:
36,192,107937,1,0,0:0:0:0:
402,192,108146,1,0,0:0:0:0:
475,192,108146,1,0,0:0:0:0:
256,192,108146,1,0,0:0:0:0:
182,192,108146,1,0,0:0:0:0:
109,192,108354,1,0,0:0:0:0:
182,192,108354,1,0,0:0:0:0:
329,192,108354,1,0,0:0:0:0:
402,192,108354,1,0,0:0:0:0:
36,192,108562,1,0,0:0:0:0:
109,192,108562,1,0,0:0:0:0:
256,192,108562,1,0,0:0:0:0:
329,192,108562,1,0,0:0:0:0:
36,192,108771,128,0,109474:0:0:0:0:
256,192,108771,1,0,0:0:0:0:
329,192,108771,128,0,109083:0:0:0:0:
475,192,108849,128,0,109239:0:0:0:0:
109,192,108927,128,0,109396:0:0:0:0:
402,192,109005,128,0,109161:0:0:0:0:
182,192,109083,128,0,109239:0:0:0:0:
256,192,109083,1,0,0:0:0:0:
256,192,109161,128,0,109317:0:0:0:0:
329,192,109239,128,0,109396:0:0:0:0:
402,192,109317,128,0,109474:0:0:0:0:
475,192,109396,128,0,109552:0:0:0:0:
256,192,109396,1,0,0:0:0:0:
182,192,109474,128,0,109630:0:0:0:0:
329,192,109500,1,0,0:0:0:0:
109,192,109552,128,0,109708:0:0:0:0:
402,192,109604,1,0,0:0:0:0:
36,192,109630,128,0,109786:0:0:0:0:
475,192,109708,1,0,0:0:0:0:
256,192,109708,1,0,0:0:0:0:
402,192,109786,1,0,0:0:0:0:
109,192,109864,1,0,0:0:0:0:
329,192,109864,1,0,0:0:0:0:
182,192,109942,1,0,0:0:0:0:
402,192,109942,1,0,0:0:0:0:
36,192,110021,128,0,110489:0:0:0:0:
256,192,110021,1,0,0:0:0:0:
475,192,110021,128,0,110646:0:0:0:0:
182,192,110099,128,0,110333:0:0:0:0:
329,192,110177,128,0,110489:0:0:0:0:
109,192,110255,128,0,110411:0:0:0:0:
256,192,110333,1,0,0:0:0:0:
402,192,110333,128,0,110567:0:0:0:0:
256,192,110411,128,0,110567:0:0:0:0:
182,192,110489,128,0,110646:0:0:0:0:
109,192,110567,128,0,110724:0:0:0:0:
36,192,110646,128,0,110802:0:0:0:0:
256,192,110646,1,0,0:0:0:0:
329,192,110724,128,0,110880:0:0:0:0:
182,192,110750,1,0,0:0:0:0:
402,192,110802,128,0,110958:0:0:0:0:
109,192,110854,1,0,0:0:0:0:
475,192,110880,128,0,111036:0:0:0:0:
256,192,110958,1,0,0:0:0:0:
36,192,110958,1,0,0:0:0:0:
329,192,111010,1,0,0:0:0:0:
402,192,111062,1,0,0:0:0:0:
475,192,111114,1,0,0:0:0:0:
109,192,111114,1,0,0:0:0:0:
256,192,111114,1,0,0:0:0:0:
329,192,111192,1,0,0:0:0:0:
182,192,111192,1,0,0:0:0:0:
256,192,111271,1,0,0:0:0:0:
109,192,111271,1,0,0:0:0:0:
402,192,111271,1,0,0:0:0:0:
36,192,111271,128,0,111817:0:0:0:0:
475,192,111271,128,0,111817:0:0:0:0:
182,192,111427,1,0,0:0:0:0:
256,192,111427,1,0,0:0:0:0:
329,192,111427,1,0,0:0:0:0:
109,192,111583,1,0,0:0:0:0:
256,192,111583,1,0,0:0:0:0:
402,192,111583,1,0,0:0:0:0:
182,192,111739,1,0,0:0:0:0:
256,192,111739,1,0,0:0:0:0:
329,192,111739,1,0,0:0:0:0:
256,192,111896,128,0,112442:0:0:0:0:
109,192,111896,128,0,112442:0:0:0:0:
402,192,111896,128,0,112442:0:0:0:0:
36,192,111896,1,0,0:0:0:0:
182,192,111896,1,0,0:0:0:0:
329,192,111974,1,0,0:0:0:0:
475,192,111974,1,0,0:0:0:0:
36,192,112052,1,0,0:0:0:0:
182,192,112052,1,0,0:0:0:0:
329,192,112130,1,0,0:0:0:0:
475,192,112130,1,0,0:0:0:0:
36,192,112208,1,0,0:0:0:0:
182,192,112208,1,0,0:0:0:0:
329,192,112286,1,0,0:0:0:0:
475,192,112286,1,0,0:0:0:0:
36,192,112364,1,0,0:0:0:0:
182,192,112364,1,0,0:0:0:0:
329,192,112442,1,0,0:0:0:0:
475,192,112442,1,0,0:0:0:0:
36,192,112521,1,0,0:0:0:0:
109,192,112521,1,0,0:0:0:0:
182,192,112521,1,0,0:0:0:0:
256,192,112521,1,0,0:0:0:0:
329,192,112599,1,0,0:0:0:0:
475,192,112599,1,0,0:0:0:0:
256,192,112677,1,0,0:0:0:0:
402,192,112677,1,0,0:0:0:0:
182,192,112755,1,0,0:0:0:0:
329,192,112755,1,0,0:0:0:0:
109,192,112833,1,0,0:0:0:0:
256,192,112833,1,0,0:0:0:0:
256,192,112911,1,0,0:0:0:0:
402,192,112911,1,0,0:0:0:0:
182,192,112989,1,0,0:0:0:0:
329,192,112989,1,0,0:0:0:0:
109,192,113067,1,0,0:0:0:0:
256,192,113067,1,0,0:0:0:0:
36,192,113146,1,0,0:0:0:0:
182,192,113146,1,0,0:0:0:0:
475,192,113146,1,0,0:0:0:0:
402,192,113146,1,0,0:0:0:0:
329,192,113224,1,0,0:0:0:0:
256,192,113224,1,0,0:0:0:0:
36,192,113302,1,0,0:0:0:0:
109,192,113302,1,0,0:0:0:0:
182,192,113302,1,0,0:0:0:0:
402,192,113380,1,0,0:0:0:0:
329,192,113380,1,0,0:0:0:0:
475,192,113458,1,0,0:0:0:0:
109,192,113458,1,0,0:0:0:0:
36,192,113458,1,0,0:0:0:0:
256,192,113458,1,0,0:0:0:0:
402,192,113536,1,0,0:0:0:0:
329,192,113614,1,0,0:0:0:0:
182,192,113614,1,0,0:0:0:0:
109,192,113692,1,0,0:0:0:0:
32,192,113771,1,0,0:0:0:0:
256,192,113771,128,0,114005:0:0:0:0:
475,192,113771,1,0,0:0:0:0:
32,192,114083,1,0,0:0:0:0:
256,192,114083,128,0,114317:0:0:0:0:
475,192,114083,1,0,0:0:0:0:
256,192,114396,1,0,0:0:0:0:
32,192,114396,1,0,0:0:0:0:
475,192,114396,1,0,0:0:0:0:
182,192,114474,128,0,114552:0:0:0:0:
109,192,114552,128,0,114630:0:0:0:0:
256,192,114630,128,0,114708:0:0:0:0:
32,192,114708,1,0,0:0:0:0:
402,192,114708,128,0,114942:0:0:0:0:
475,192,114708,1,0,0:0:0:0:
480,192,114864,128,0,114942:0:0:0:0:
32,192,115021,1,0,0:0:0:0:
352,192,115021,128,0,115255:0:0:0:0:
475,192,115021,1,0,0:0:0:0:
352,192,115333,1,0,0:0:0:0:
32,192,115333,1,0,0:0:0:0:
475,192,115333,1,0,0:0:0:0:
288,192,115411,1,0,0:0:0:0:
160,192,115489,1,0,0:0:0:0:
288,192,115567,1,0,0:0:0:0:
352,192,115646,1,0,0:0:0:0:
32,192,115646,1,0,0:0:0:0:
475,192,115646,1,0,0:0:0:0:
288,192,115724,1,0,0:0:0:0:
160,192,115802,1,0,0:0:0:0:
288,192,115880,1,0,0:0:0:0:
32,192,115958,1,0,0:0:0:0:
352,192,115958,128,0,116192:0:0:0:0:
475,192,115958,1,0,0:0:0:0:
32,192,116271,1,0,0:0:0:0:
402,192,116271,128,0,116505:0:0:0:0:
475,192,116271,1,0,0:0:0:0:
32,192,116583,1,0,0:0:0:0:
402,192,116583,128,0,116817:0:0:0:0:
475,192,116583,1,0,0:0:0:0:
402,192,116896,1,0,0:0:0:0:
32,192,116896,1,0,0:0:0:0:
475,192,116896,1,0,0:0:0:0:
256,192,116974,128,0,117052:0:0:0:0:
96,192,117052,128,0,117130:0:0:0:0:
329,192,117130,128,0,117208:0:0:0:0:
32,192,117208,1,0,0:0:0:0:
402,192,117208,128,0,117442:0:0:0:0:
475,192,117208,1,0,0:0:0:0:
475,192,117364,128,0,117442:0:0:0:0:
32,192,117521,1,0,0:0:0:0:
352,192,117521,128,0,117755:0:0:0:0:
475,192,117521,1,0,0:0:0:0:
352,192,117833,1,0,0:0:0:0:
32,192,117833,1,0,0:0:0:0:
475,192,117833,1,0,0:0:0:0:
288,192,117911,1,0,0:0:0:0:
109,192,117989,1,0,0:0:0:0:
288,192,118067,1,0,0:0:0:0:
352,192,118146,1,0,0:0:0:0:
32,192,118146,1,0,0:0:0:0:
475,192,118146,1,0,0:0:0:0:
288,192,118224,1,0,0:0:0:0:
109,192,118302,1,0,0:0:0:0:
288,192,118380,1,0,0:0:0:0:
32,192,118458,1,0,0:0:0:0:
352,192,118458,128,0,118614:0:0:0:0:
475,192,118458,1,0,0:0:0:0:
288,192,118614,1,0,0:0:0:0:
109,192,118614,1,0,0:0:0:0:
329,192,118692,1,0,0:0:0:0:
182,192,118692,1,0,0:0:0:0:
32,192,118771,1,0,0:0:0:0:
402,192,118771,128,0,119005:0:0:0:0:
475,192,118771,1,0,0:0:0:0:
256,192,118771,1,0,0:0:0:0:
182,192,119083,1,0,0:0:0:0:
32,192,119083,1,0,0:0:0:0:
402,192,119083,128,0,119317:0:0:0:0:
329,192,119083,1,0,0:0:0:0:
402,192,119396,1,0,0:0:0:0:
32,192,119396,1,0,0:0:0:0:
475,192,119396,1,0,0:0:0:0:
329,192,119474,128,0,119552:0:0:0:0:
256,192,119552,128,0,119630:0:0:0:0:
109,192,119630,128,0,119708:0:0:0:0:
32,192,119708,1,0,0:0:0:0:
475,192,119708,128,0,119942:0:0:0:0:
182,192,119708,1,0,0:0:0:0:
329,192,119708,1,0,0:0:0:0:
329,192,119864,128,0,119942:0:0:0:0:
32,192,120021,1,0,0:0:0:0:
416,192,120021,128,0,120255:0:0:0:0:
475,192,120021,1,0,0:0:0:0:
256,192,120021,1,0,0:0:0:0:
288,192,120177,1,0,0:0:0:0:
109,192,120177,1,0,0:0:0:0:
288,192,120255,1,0,0:0:0:0:
109,192,120255,1,0,0:0:0:0:
475,192,120333,1,0,0:0:0:0:
402,192,120333,1,0,0:0:0:0:
32,192,120333,1,0,0:0:0:0:
109,192,120411,128,0,120489:0:0:0:0:
329,192,120411,1,0,0:0:0:0:
256,192,120489,128,0,120567:0:0:0:0:
402,192,120567,128,0,120646:0:0:0:0:
182,192,120646,128,0,120724:0:0:0:0:
32,192,120646,1,0,0:0:0:0:
475,192,120646,1,0,0:0:0:0:
329,192,120724,128,0,120802:0:0:0:0:
182,192,120802,128,0,120880:0:0:0:0:
329,192,120880,128,0,120958:0:0:0:0:
32,192,120958,128,0,121192:0:0:0:0:
480,192,120958,128,0,121192:0:0:0:0:
256,192,120958,128,0,121192:0:0:0:0:
182,192,120958,1,0,0:0:0:0:
32,192,121271,1,0,0:0:0:0:
352,192,121271,128,0,121505:0:0:0:0:
475,192,121271,128,0,121505:0:0:0:0:
256,192,121271,1,0,0:0:0:0:
182,192,121427,128,0,121505:0:0:0:0:
402,192,121427,128,0,121505:0:0:0:0:
256,192,121505,128,0,121583:0:0:0:0:
36,192,121583,1,0,0:0:0:0:
329,192,121583,128,0,121817:0:0:0:0:
475,192,121583,128,0,121817:0:0:0:0:
109,192,121739,128,0,121791:0:0:0:0:
402,192,121739,128,0,121817:0:0:0:0:
182,192,121791,128,0,121843:0:0:0:0:
256,192,121843,128,0,121896:0:0:0:0:
36,192,121896,1,0,0:0:0:0:
475,192,121896,128,0,122130:0:0:0:0:
402,192,121896,128,0,122130:0:0:0:0:
329,192,121896,128,0,121948:0:0:0:0:
329,192,122052,128,0,122130:0:0:0:0:
109,192,122052,128,0,122130:0:0:0:0:
256,192,122130,128,0,122208:0:0:0:0:
475,192,122208,1,0,0:0:0:0:
36,192,122208,128,0,122442:0:0:0:0:
182,192,122208,128,0,122442:0:0:0:0:
402,192,122364,128,0,122416:0:0:0:0:
109,192,122364,128,0,122442:0:0:0:0:
329,192,122416,128,0,122468:0:0:0:0:
256,192,122468,128,0,122521:0:0:0:0:
475,192,122521,1,0,0:0:0:0:
36,192,122521,128,0,122755:0:0:0:0:
109,192,122521,128,0,122755:0:0:0:0:
182,192,122521,128,0,122573:0:0:0:0:
329,192,122677,128,0,122755:0:0:0:0:
182,192,122755,128,0,122833:0:0:0:0:
475,192,122833,128,0,123067:0:0:0:0:
402,192,122833,128,0,123067:0:0:0:0:
36,192,122833,1,0,0:0:0:0:
109,192,122833,1,0,0:0:0:0:
329,192,122833,1,0,0:0:0:0:
256,192,122911,1,0,0:0:0:0:
182,192,122989,128,0,123067:0:0:0:0:
109,192,123067,1,0,0:0:0:0:
36,192,123067,1,0,0:0:0:0:
329,192,123067,128,0,123146:0:0:0:0:
402,192,123146,1,0,0:0:0:0:
475,192,123146,1,0,0:0:0:0:
182,192,123146,1,0,0:0:0:0:
256,192,123146,128,0,123380:0:0:0:0:
36,192,123224,1,0,0:0:0:0:
329,192,123302,1,0,0:0:0:0:
182,192,123302,1,0,0:0:0:0:
402,192,123302,1,0,0:0:0:0:
109,192,123380,1,0,0:0:0:0:
36,192,123458,1,0,0:0:0:0:
256,192,123458,1,0,0:0:0:0:
402,192,123458,1,0,0:0:0:0:
475,192,123458,1,0,0:0:0:0:
109,192,123536,1,0,0:0:0:0:
329,192,123536,1,0,0:0:0:0:
182,192,123614,1,0,0:0:0:0:
402,192,123614,1,0,0:0:0:0:
256,192,123692,1,0,0:0:0:0:
475,192,123692,1,0,0:0:0:0:
329,192,123771,1,0,0:0:0:0:
182,192,123771,1,0,0:0:0:0:
109,192,123771,1,0,0:0:0:0:
36,192,123771,1,0,0:0:0:0:
109,192,123927,1,0,0:0:0:0:
256,192,123927,1,0,0:0:0:0:
402,192,123927,1,0,0:0:0:0:
475,192,124005,1,0,0:0:0:0:
182,192,124005,1,0,0:0:0:0:
256,192,124083,1,0,0:0:0:0:
109,192,124083,1,0,0:0:0:0:
329,192,124083,1,0,0:0:0:0:
36,192,124083,1,0,0:0:0:0:
475,192,124239,1,0,0:0:0:0:
182,192,124239,1,0,0:0:0:0:
402,192,124239,1,0,0:0:0:0:
256,192,124317,1,0,0:0:0:0:
109,192,124317,1,0,0:0:0:0:
36,192,124396,1,0,0:0:0:0:
329,192,124396,1,0,0:0:0:0:
402,192,124396,1,0,0:0:0:0:
475,192,124474,1,0,0:0:0:0:
182,192,124552,1,0,0:0:0:0:
256,192,124552,1,0,0:0:0:0:
329,192,124552,1,0,0:0:0:0:
402,192,124552,1,0,0:0:0:0:
109,192,124630,1,0,0:0:0:0:
475,192,124630,1,0,0:0:0:0:
36,192,124708,1,0,0:0:0:0:
182,192,124708,1,0,0:0:0:0:
256,192,124708,1,0,0:0:0:0:
329,192,124708,1,0,0:0:0:0:
256,192,124864,1,0,0:0:0:0:
329,192,124864,1,0,0:0:0:0:
402,192,124864,1,0,0:0:0:0:
36,192,124864,1,0,0:0:0:0:
109,192,124942,1,0,0:0:0:0:
182,192,124942,1,0,0:0:0:0:
256,192,125021,128,0,125567:0:0:0:0:
329,192,125021,1,0,0:0:0:0:
36,192,125021,1,0,0:0:0:0:
475,192,125021,128,0,125255:0:0:0:0:
402,192,125021,128,0,125255:0:0:0:0:
109,192,125177,1,0,0:0:0:0:
36,192,125177,1,0,0:0:0:0:
182,192,125255,1,0,0:0:0:0:
109,192,125333,128,0,125567:0:0:0:0:
36,192,125333,128,0,125567:0:0:0:0:
402,192,125333,1,0,0:0:0:0:
475,192,125333,1,0,0:0:0:0:
329,192,125489,1,0,0:0:0:0:
475,192,125489,1,0,0:0:0:0:
182,192,125567,1,0,0:0:0:0:
36,192,125646,1,0,0:0:0:0:
109,192,125646,1,0,0:0:0:0:
329,192,125646,128,0,125880:0:0:0:0:
256,192,125646,128,0,125880:0:0:0:0:
402,192,125646,128,0,125880:0:0:0:0:
182,192,125802,1,0,0:0:0:0:
36,192,125802,1,0,0:0:0:0:
109,192,125880,1,0,0:0:0:0:
475,192,125880,1,0,0:0:0:0:
256,192,125958,1,0,0:0:0:0:
329,192,125958,1,0,0:0:0:0:
402,192,125958,1,0,0:0:0:0:
36,192,125958,1,0,0:0:0:0:
182,192,126036,1,0,0:0:0:0:
109,192,126114,1,0,0:0:0:0:
329,192,126114,1,0,0:0:0:0:
182,192,126166,1,0,0:0:0:0:
402,192,126192,1,0,0:0:0:0:
256,192,126218,1,0,0:0:0:0:
475,192,126271,1,0,0:0:0:0:
329,192,126271,1,0,0:0:0:0:
109,192,126271,1,0,0:0:0:0:
36,192,126271,1,0,0:0:0:0:
182,192,126271,1,0,0:0:0:0:
256,192,126427,1,0,0:0:0:0:
109,192,126427,1,0,0:0:0:0:
402,192,126427,1,0,0:0:0:0:
182,192,126505,1,0,0:0:0:0:
329,192,126505,1,0,0:0:0:0:
475,192,126505,1,0,0:0:0:0:
402,192,126583,1,0,0:0:0:0:
256,192,126583,1,0,0:0:0:0:
36,192,126583,1,0,0:0:0:0:
36,192,126739,1,0,0:0:0:0:
256,192,126739,1,0,0:0:0:0:
402,192,126739,1,0,0:0:0:0:
475,192,126739,1,0,0:0:0:0:
182,192,126739,1,0,0:0:0:0:
109,192,126896,1,0,0:0:0:0:
182,192,126896,1,0,0:0:0:0:
329,192,126896,1,0,0:0:0:0:
256,192,126974,1,0,0:0:0:0:
402,192,126974,1,0,0:0:0:0:
475,192,126974,1,0,0:0:0:0:
182,192,127052,1,0,0:0:0:0:
329,192,127052,1,0,0:0:0:0:
36,192,127052,1,0,0:0:0:0:
109,192,127052,1,0,0:0:0:0:
36,192,127208,1,0,0:0:0:0:
182,192,127208,1,0,0:0:0:0:
329,192,127208,1,0,0:0:0:0:
475,192,127208,1,0,0:0:0:0:
475,192,127364,1,0,0:0:0:0:
182,192,127364,1,0,0:0:0:0:
329,192,127364,1,0,0:0:0:0:
36,192,127364,1,0,0:0:0:0:
109,192,127442,1,0,0:0:0:0:
256,192,127442,1,0,0:0:0:0:
402,192,127442,1,0,0:0:0:0:
182,192,127521,1,0,0:0:0:0:
329,192,127521,1,0,0:0:0:0:
475,192,127521,1,0,0:0:0:0:
36,192,127521,1,0,0:0:0:0:
109,192,127729,1,0,0:0:0:0:
256,192,127729,1,0,0:0:0:0:
402,192,127729,1,0,0:0:0:0:
36,192,127937,1,0,0:0:0:0:
182,192,127937,1,0,0:0:0:0:
329,192,127937,1,0,0:0:0:0:
475,192,127937,1,0,0:0:0:0:
36,192,128146,1,0,0:0:0:0:
109,192,128146,1,0,0:0:0:0:
182,192,128146,1,0,0:0:0:0:
329,192,128146,1,0,0:0:0:0:
402,192,128146,1,0,0:0:0:0:
475,192,128146,1,0,0:0:0:0:
182,192,128354,1,0,0:0:0:0:
109,192,128354,1,0,0:0:0:0:
256,192,128354,1,0,0:0:0:0:
329,192,128354,1,0,0:0:0:0:
402,192,128354,1,0,0:0:0:0:
182,192,128562,1,0,0:0:0:0:
256,192,128562,1,0,0:0:0:0:
329,192,128562,1,0,0:0:0:0:
36,192,128562,1,0,0:0:0:0:
475,192,128562,1,0,0:0:0:0:
36,192,128771,128,0,129474:0:0:0:0:
256,192,128771,1,0,0:0:0:0:
475,192,128771,128,0,129239:0:0:0:0:
329,192,128849,128,0,129083:0:0:0:0:
182,192,128927,128,0,129005:0:0:0:0:
402,192,129005,128,0,129161:0:0:0:0:
109,192,129005,128,0,129396:0:0:0:0:
182,192,129083,128,0,129239:0:0:0:0:
256,192,129083,1,0,0:0:0:0:
256,192,129161,128,0,129317:0:0:0:0:
329,192,129239,128,0,129396:0:0:0:0:
402,192,129317,128,0,129500:0:0:0:0:
182,192,129317,1,0,0:0:0:0:
475,192,129396,128,0,129604:0:0:0:0:
256,192,129396,128,0,129448:0:0:0:0:
182,192,129474,128,0,129630:0:0:0:0:
329,192,129500,128,0,129552:0:0:0:0:
109,192,129552,128,0,129708:0:0:0:0:
402,192,129604,128,0,129656:0:0:0:0:
36,192,129630,128,0,129786:0:0:0:0:
256,192,129708,1,0,0:0:0:0:
475,192,129708,128,0,129760:0:0:0:0:
182,192,129786,1,0,0:0:0:0:
109,192,129864,1,0,0:0:0:0:
329,192,129864,1,0,0:0:0:0:
182,192,129942,1,0,0:0:0:0:
402,192,129942,1,0,0:0:0:0:
36,192,130021,128,0,130489:0:0:0:0:
256,192,130021,1,0,0:0:0:0:
475,192,130021,128,0,130724:0:0:0:0:
182,192,130099,128,0,130333:0:0:0:0:
329,192,130177,128,0,130255:0:0:0:0:
109,192,130255,128,0,130411:0:0:0:0:
256,192,130333,1,0,0:0:0:0:
402,192,130333,128,0,130646:0:0:0:0:
329,192,130333,128,0,130489:0:0:0:0:
256,192,130411,128,0,130567:0:0:0:0:
182,192,130489,128,0,130646:0:0:0:0:
109,192,130567,128,0,130750:0:0:0:0:
329,192,130567,1,0,0:0:0:0:
36,192,130646,128,0,130854:0:0:0:0:
256,192,130646,128,0,130698:0:0:0:0:
329,192,130724,128,0,130880:0:0:0:0:
182,192,130750,128,0,130802:0:0:0:0:
402,192,130802,128,0,130958:0:0:0:0:
109,192,130854,128,0,130906:0:0:0:0:
475,192,130880,128,0,131036:0:0:0:0:
256,192,130958,1,0,0:0:0:0:
36,192,130958,128,0,131010:0:0:0:0:
329,192,131010,1,0,0:0:0:0:
402,192,131062,1,0,0:0:0:0:
475,192,131114,1,0,0:0:0:0:
109,192,131114,1,0,0:0:0:0:
256,192,131114,1,0,0:0:0:0:
329,192,131192,1,0,0:0:0:0:
182,192,131192,1,0,0:0:0:0:
256,192,131271,1,0,0:0:0:0:
109,192,131271,1,0,0:0:0:0:
402,192,131271,1,0,0:0:0:0:
36,192,131271,128,0,131817:0:0:0:0:
475,192,131271,128,0,131817:0:0:0:0:
182,192,131427,1,0,0:0:0:0:
256,192,131427,1,0,0:0:0:0:
329,192,131427,1,0,0:0:0:0:
109,192,131583,1,0,0:0:0:0:
256,192,131583,1,0,0:0:0:0:
402,192,131583,1,0,0:0:0:0:
182,192,131635,1,0,0:0:0:0:
256,192,131687,1,0,0:0:0:0:
329,192,131739,1,0,0:0:0:0:
402,192,131739,1,0,0:0:0:0:
182,192,131817,1,0,0:0:0:0:
109,192,131817,1,0,0:0:0:0:
402,192,131896,128,0,132442:0:0:0:0:
256,192,131896,128,0,132442:0:0:0:0:
109,192,131896,128,0,132442:0:0:0:0:
36,192,131896,1,0,0:0:0:0:
329,192,131896,1,0,0:0:0:0:
475,192,131974,1,0,0:0:0:0:
182,192,131974,1,0,0:0:0:0:
36,192,132052,1,0,0:0:0:0:
329,192,132052,1,0,0:0:0:0:
475,192,132130,1,0,0:0:0:0:
182,192,132130,1,0,0:0:0:0:
36,192,132208,1,0,0:0:0:0:
329,192,132208,1,0,0:0:0:0:
475,192,132286,1,0,0:0:0:0:
182,192,132286,1,0,0:0:0:0:
36,192,132364,1,0,0:0:0:0:
329,192,132364,1,0,0:0:0:0:
475,192,132442,1,0,0:0:0:0:
182,192,132442,1,0,0:0:0:0:
402,192,132521,1,0,0:0:0:0:
256,192,132521,1,0,0:0:0:0:
36,192,132521,1,0,0:0:0:0:
109,192,132521,1,0,0:0:0:0:
329,192,132599,1,0,0:0:0:0:
475,192,132599,1,0,0:0:0:0:
402,192,132677,1,0,0:0:0:0:
256,192,132677,1,0,0:0:0:0:
182,192,132755,1,0,0:0:0:0:
36,192,132755,1,0,0:0:0:0:
109,192,132833,1,0,0:0:0:0:
329,192,132833,1,0,0:0:0:0:
475,192,132833,1,0,0:0:0:0:
256,192,132911,1,0,0:0:0:0:
402,192,132911,1,0,0:0:0:0:
182,192,132989,1,0,0:0:0:0:
329,192,132989,1,0,0:0:0:0:
36,192,132989,1,0,0:0:0:0:
402,192,133041,1,0,0:0:0:0:
256,192,133067,1,0,0:0:0:0:
109,192,133093,1,0,0:0:0:0:
402,192,133146,1,0,0:0:0:0:
475,192,133146,1,0,0:0:0:0:
329,192,133198,1,0,0:0:0:0:
182,192,133198,1,0,0:0:0:0:
109,192,133250,1,0,0:0:0:0:
36,192,133250,1,0,0:0:0:0:
475,192,133302,1,0,0:0:0:0:
256,192,133302,1,0,0:0:0:0:
402,192,133354,1,0,0:0:0:0:
182,192,133354,1,0,0:0:0:0:
109,192,133406,1,0,0:0:0:0:
329,192,133406,1,0,0:0:0:0:
256,192,133458,1,0,0:0:0:0:
475,192,133458,1,0,0:0:0:0:
36,192,133458,1,0,0:0:0:0:
36,192,133771,1,0,0:0:0:0:
475,192,133771,1,0,0:0:0:0:
329,192,133823,1,0,0:0:0:0:
182,192,133875,1,0,0:0:0:0:
402,192,133927,1,0,0:0:0:0:
256,192,133979,1,0,0:0:0:0:
109,192,134031,1,0,0:0:0:0:
475,192,134083,128,0,136583:0:0:0:0:
36,192,134083,128,0,136583:0:0:0:0:
329,192,134083,128,0,136583:0:0:0:0:
182,192,134083,128,0,136583:0:0:0:0:
256,192,134083,128,0,136583:0:0:0:0:
