[Metadata]
Alteration
ZAQ
Genesis
sasami san ganbaranai
33
0

[TimingPoints]
-516,375,4,2,2,0,1,0
3984,750,4,2,2,0,1,0
9984,375,4,2,2,0,1,0
78234,387.096774193548,4,2,2,0,1,0
80557,375,4,2,2,0,1,0
130057,750,4,2,2,0,1,0
136057,375,4,2,2,0,1,0
140557,750,4,2,2,0,1,0
140650,375,4,2,2,0,1,0
140697,187.5,4,2,2,0,1,0
140744,375,4,2,2,0,1,0


[HitObjects]
256,0,1359,128,0,9984:0:0:0:0:
329,192,3609,1,0,0:0:0:0:
182,192,3796,1,0,0:0:0:0:
36,192,3984,1,0,0:0:0:0:
109,192,3984,1,0,0:0:0:0:
402,192,3984,1,0,0:0:0:0:
475,192,3984,1,0,0:0:0:0:
182,192,4359,1,0,0:0:0:0:
109,192,5109,1,0,0:0:0:0:
475,192,5296,1,0,0:0:0:0:
475,192,5484,1,0,0:0:0:0:
182,192,5859,1,0,0:0:0:0:
109,192,6609,1,0,0:0:0:0:
475,192,6796,1,0,0:0:0:0:
475,192,6984,1,0,0:0:0:0:
182,192,7359,1,0,0:0:0:0:
109,192,8109,1,0,0:0:0:0:
475,192,8296,1,0,0:0:0:0:
329,192,8484,1,0,0:0:0:0:
475,192,8484,1,0,0:0:0:0:
182,192,8859,1,0,0:0:0:0:
402,192,9234,1,0,0:0:0:0:
109,192,9609,1,0,0:0:0:0:
402,192,9609,1,0,0:0:0:0:
36,192,9984,1,0,0:0:0:0:
182,0,9984,128,0,10171:0:0:0:0:
402,192,9984,1,0,0:0:0:0:
475,192,9984,1,0,0:0:0:0:
109,192,10171,1,0,0:0:0:0:
329,192,10265,1,0,0:0:0:0:
36,192,10359,1,0,0:0:0:0:
256,0,10359,128,0,10546:0:0:0:0:
475,192,10359,1,0,0:0:0:0:
329,192,10546,1,0,0:0:0:0:
36,192,10734,1,0,0:0:0:0:
182,192,10734,1,0,0:0:0:0:
329,0,10734,128,0,10921:0:0:0:0:
402,192,10734,1,0,0:0:0:0:
475,192,10734,1,0,0:0:0:0:
36,192,11109,1,0,0:0:0:0:
256,0,11109,128,0,11296:0:0:0:0:
475,192,11109,1,0,0:0:0:0:
182,192,11296,1,0,0:0:0:0:
36,192,11484,1,0,0:0:0:0:
109,192,11484,1,0,0:0:0:0:
182,0,11484,128,0,11671:0:0:0:0:
475,192,11484,1,0,0:0:0:0:
329,192,11671,1,0,0:0:0:0:
36,192,11859,1,0,0:0:0:0:
182,192,11859,1,0,0:0:0:0:
256,0,11859,128,0,12046:0:0:0:0:
475,192,11859,1,0,0:0:0:0:
402,192,12046,1,0,0:0:0:0:
36,192,12234,1,0,0:0:0:0:
109,192,12234,1,0,0:0:0:0:
329,0,12234,128,0,12421:0:0:0:0:
475,192,12234,1,0,0:0:0:0:
36,192,12609,1,0,0:0:0:0:
256,0,12609,128,0,12796:0:0:0:0:
402,192,12609,1,0,0:0:0:0:
475,192,12609,1,0,0:0:0:0:
402,192,12796,1,0,0:0:0:0:
475,192,12796,1,0,0:0:0:0:
36,0,12984,128,0,13030:0:0:0:0:
402,192,12984,1,0,0:0:0:0:
475,192,12984,1,0,0:0:0:0:
109,0,13030,128,0,13077:0:0:0:0:
182,0,13077,128,0,13124:0:0:0:0:
256,0,13124,128,0,13171:0:0:0:0:
329,0,13171,128,0,13218:0:0:0:0:
402,0,13218,128,0,13452:0:0:0:0:
109,0,13359,128,0,13405:0:0:0:0:
182,0,13405,128,0,13452:0:0:0:0:
256,0,13452,128,0,13499:0:0:0:0:
329,0,13499,128,0,13546:0:0:0:0:
402,0,13546,128,0,13593:0:0:0:0:
475,0,13593,128,0,13874:0:0:0:0:
36,0,13734,128,0,13780:0:0:0:0:
109,0,13780,128,0,13827:0:0:0:0:
182,0,13827,128,0,13874:0:0:0:0:
256,0,13874,128,0,13921:0:0:0:0:
329,0,13921,128,0,13968:0:0:0:0:
402,0,13968,128,0,14202:0:0:0:0:
36,192,14109,1,0,0:0:0:0:
109,0,14109,128,0,14155:0:0:0:0:
182,0,14155,128,0,14202:0:0:0:0:
256,0,14202,128,0,14249:0:0:0:0:
329,0,14249,128,0,14296:0:0:0:0:
402,0,14296,128,0,14343:0:0:0:0:
475,0,14343,128,0,14484:0:0:0:0:
182,192,14484,1,0,0:0:0:0:
329,192,14577,1,0,0:0:0:0:
36,192,14671,1,0,0:0:0:0:
475,192,14765,1,0,0:0:0:0:
182,192,14859,1,0,0:0:0:0:
329,192,14952,1,0,0:0:0:0:
36,192,15046,1,0,0:0:0:0:
475,192,15140,1,0,0:0:0:0:
182,192,15234,1,0,0:0:0:0:
329,192,15327,1,0,0:0:0:0:
36,192,15421,1,0,0:0:0:0:
475,192,15515,1,0,0:0:0:0:
182,192,15609,1,0,0:0:0:0:
329,192,15702,1,0,0:0:0:0:
36,192,15796,1,0,0:0:0:0:
475,192,15890,1,0,0:0:0:0:
36,192,15984,1,0,0:0:0:0:
256,192,15984,1,0,0:0:0:0:
329,192,15984,1,0,0:0:0:0:
402,0,15984,128,0,16171:0:0:0:0:
109,0,16171,128,0,16359:0:0:0:0:
182,192,16359,1,0,0:0:0:0:
256,192,16359,1,0,0:0:0:0:
402,0,16359,128,0,16546:0:0:0:0:
109,0,16546,128,0,16734:0:0:0:0:
329,192,16546,1,0,0:0:0:0:
182,192,16734,1,0,0:0:0:0:
256,192,16734,1,0,0:0:0:0:
475,0,16734,128,0,16921:0:0:0:0:
36,0,16921,128,0,17109:0:0:0:0:
182,192,17109,1,0,0:0:0:0:
256,192,17109,1,0,0:0:0:0:
402,0,17109,128,0,17296:0:0:0:0:
36,192,17296,1,0,0:0:0:0:
329,192,17296,1,0,0:0:0:0:
475,192,17296,1,0,0:0:0:0:
109,0,17296,128,0,17484:0:0:0:0:
36,192,17484,1,0,0:0:0:0:
402,192,17484,1,0,0:0:0:0:
182,192,17577,1,0,0:0:0:0:
329,192,17671,1,0,0:0:0:0:
475,192,17765,1,0,0:0:0:0:
36,192,17859,1,0,0:0:0:0:
256,192,17859,1,0,0:0:0:0:
182,192,17952,1,0,0:0:0:0:
329,192,18046,1,0,0:0:0:0:
475,192,18140,1,0,0:0:0:0:
36,192,18234,1,0,0:0:0:0:
109,0,18234,128,0,18609:0:0:0:0:
402,192,18234,1,0,0:0:0:0:
182,192,18327,1,0,0:0:0:0:
329,192,18421,1,0,0:0:0:0:
475,192,18515,1,0,0:0:0:0:
36,192,18609,1,0,0:0:0:0:
182,192,18609,1,0,0:0:0:0:
256,192,18609,1,0,0:0:0:0:
329,192,18609,1,0,0:0:0:0:
36,192,18984,1,0,0:0:0:0:
402,192,18984,1,0,0:0:0:0:
256,192,19171,1,0,0:0:0:0:
475,192,19171,1,0,0:0:0:0:
36,192,19359,1,0,0:0:0:0:
109,192,19359,1,0,0:0:0:0:
329,192,19359,1,0,0:0:0:0:
182,192,19546,1,0,0:0:0:0:
402,192,19546,1,0,0:0:0:0:
256,192,19640,1,0,0:0:0:0:
36,192,19734,1,0,0:0:0:0:
329,192,19921,1,0,0:0:0:0:
475,192,19921,1,0,0:0:0:0:
36,192,20109,1,0,0:0:0:0:
109,192,20109,1,0,0:0:0:0:
256,192,20109,1,0,0:0:0:0:
329,192,20296,1,0,0:0:0:0:
402,192,20296,1,0,0:0:0:0:
36,192,20484,1,0,0:0:0:0:
182,192,20484,1,0,0:0:0:0:
256,192,20671,1,0,0:0:0:0:
475,192,20671,1,0,0:0:0:0:
36,192,20859,1,0,0:0:0:0:
109,192,20859,1,0,0:0:0:0:
329,192,20859,1,0,0:0:0:0:
256,0,21046,128,0,21421:0:0:0:0:
402,192,21046,1,0,0:0:0:0:
36,192,21234,1,0,0:0:0:0:
182,192,21421,1,0,0:0:0:0:
475,192,21421,1,0,0:0:0:0:
36,192,21609,1,0,0:0:0:0:
109,192,21609,1,0,0:0:0:0:
329,192,21609,1,0,0:0:0:0:
256,192,21796,1,0,0:0:0:0:
475,192,21796,1,0,0:0:0:0:
36,192,21984,1,0,0:0:0:0:
109,192,21984,1,0,0:0:0:0:
329,192,22171,1,0,0:0:0:0:
475,192,22171,1,0,0:0:0:0:
36,192,22359,1,0,0:0:0:0:
109,192,22359,1,0,0:0:0:0:
182,192,22359,1,0,0:0:0:0:
329,192,22546,1,0,0:0:0:0:
475,192,22546,1,0,0:0:0:0:
36,192,22734,1,0,0:0:0:0:
402,192,22734,1,0,0:0:0:0:
256,192,22921,1,0,0:0:0:0:
475,192,22921,1,0,0:0:0:0:
36,192,23109,1,0,0:0:0:0:
109,192,23109,1,0,0:0:0:0:
182,192,23109,1,0,0:0:0:0:
329,192,23296,1,0,0:0:0:0:
36,192,23484,1,0,0:0:0:0:
475,0,23484,128,0,23859:0:0:0:0:
256,0,23671,128,0,23859:0:0:0:0:
329,192,23671,1,0,0:0:0:0:
109,192,23859,1,0,0:0:0:0:
182,192,23859,1,0,0:0:0:0:
402,0,23859,128,0,24234:0:0:0:0:
36,192,24046,1,0,0:0:0:0:
182,0,24046,128,0,24234:0:0:0:0:
256,192,24234,1,0,0:0:0:0:
329,0,24234,128,0,24609:0:0:0:0:
402,192,24327,1,0,0:0:0:0:
475,192,24327,1,0,0:0:0:0:
109,0,24421,128,0,24609:0:0:0:0:
36,192,24609,1,0,0:0:0:0:
182,192,24609,1,0,0:0:0:0:
256,0,24609,128,0,24984:0:0:0:0:
402,192,24796,1,0,0:0:0:0:
36,0,24796,128,0,24984:0:0:0:0:
109,192,24984,1,0,0:0:0:0:
329,192,24984,1,0,0:0:0:0:
475,0,24984,128,0,25734:0:0:0:0:
402,192,25171,1,0,0:0:0:0:
36,192,25359,1,0,0:0:0:0:
109,192,25359,1,0,0:0:0:0:
256,192,25359,1,0,0:0:0:0:
256,192,25546,1,0,0:0:0:0:
402,192,25546,1,0,0:0:0:0:
36,0,25734,128,0,26109:0:0:0:0:
329,192,25734,1,0,0:0:0:0:
109,192,25921,1,0,0:0:0:0:
475,192,25921,1,0,0:0:0:0:
109,192,26109,1,0,0:0:0:0:
256,192,26109,1,0,0:0:0:0:
329,192,26109,1,0,0:0:0:0:
402,0,26109,128,0,26484:0:0:0:0:
109,192,26296,1,0,0:0:0:0:
475,192,26296,1,0,0:0:0:0:
36,192,26484,1,0,0:0:0:0:
182,192,26484,1,0,0:0:0:0:
256,0,26484,128,0,27234:0:0:0:0:
36,192,26671,1,0,0:0:0:0:
329,192,26671,1,0,0:0:0:0:
36,192,26859,1,0,0:0:0:0:
109,192,26859,1,0,0:0:0:0:
182,192,26859,1,0,0:0:0:0:
36,192,27046,1,0,0:0:0:0:
402,192,27046,1,0,0:0:0:0:
109,192,27234,1,0,0:0:0:0:
475,192,27234,1,0,0:0:0:0:
36,0,27234,128,0,27984:0:0:0:0:
329,192,27421,1,0,0:0:0:0:
475,192,27421,1,0,0:0:0:0:
182,192,27609,1,0,0:0:0:0:
256,192,27609,1,0,0:0:0:0:
475,192,27609,1,0,0:0:0:0:
182,192,27702,1,0,0:0:0:0:
109,192,27796,1,0,0:0:0:0:
329,192,27796,1,0,0:0:0:0:
475,192,27796,1,0,0:0:0:0:
182,192,27890,1,0,0:0:0:0:
109,192,27984,1,0,0:0:0:0:
256,192,27984,1,0,0:0:0:0:
402,192,27984,1,0,0:0:0:0:
475,192,27984,1,0,0:0:0:0:
182,192,28171,1,0,0:0:0:0:
329,192,28359,1,0,0:0:0:0:
109,192,28546,1,0,0:0:0:0:
475,0,28546,128,0,28921:0:0:0:0:
402,192,28640,1,0,0:0:0:0:
36,192,28921,1,0,0:0:0:0:
256,192,29109,1,0,0:0:0:0:
109,192,29296,1,0,0:0:0:0:
402,192,29296,1,0,0:0:0:0:
36,0,29484,128,0,29859:0:0:0:0:
256,192,29484,1,0,0:0:0:0:
475,192,29484,1,0,0:0:0:0:
182,192,29671,1,0,0:0:0:0:
475,192,29671,1,0,0:0:0:0:
109,192,29859,1,0,0:0:0:0:
256,192,29859,1,0,0:0:0:0:
402,192,29859,1,0,0:0:0:0:
475,192,29859,1,0,0:0:0:0:
329,192,30046,1,0,0:0:0:0:
182,192,30234,1,0,0:0:0:0:
402,192,30234,1,0,0:0:0:0:
256,192,30421,1,0,0:0:0:0:
182,192,30609,1,0,0:0:0:0:
109,192,30796,1,0,0:0:0:0:
36,192,30984,1,0,0:0:0:0:
182,192,30984,1,0,0:0:0:0:
402,192,30984,1,0,0:0:0:0:
475,192,31171,1,0,0:0:0:0:
36,192,31359,1,0,0:0:0:0:
329,0,31359,128,0,31734:0:0:0:0:
36,192,31734,1,0,0:0:0:0:
402,192,31734,1,0,0:0:0:0:
475,192,31921,1,0,0:0:0:0:
36,192,32109,1,0,0:0:0:0:
256,192,32109,1,0,0:0:0:0:
402,0,32296,128,0,32671:0:0:0:0:
36,192,32484,1,0,0:0:0:0:
109,192,32671,1,0,0:0:0:0:
256,192,32671,1,0,0:0:0:0:
36,192,32859,1,0,0:0:0:0:
329,192,32859,1,0,0:0:0:0:
182,192,33046,1,0,0:0:0:0:
402,192,33046,1,0,0:0:0:0:
182,192,33140,1,0,0:0:0:0:
36,192,33234,1,0,0:0:0:0:
256,192,33234,1,0,0:0:0:0:
402,0,33234,128,0,33609:0:0:0:0:
475,192,33234,1,0,0:0:0:0:
36,192,33609,1,0,0:0:0:0:
182,192,33609,1,0,0:0:0:0:
329,192,33796,1,0,0:0:0:0:
475,192,33984,1,0,0:0:0:0:
36,192,34171,1,0,0:0:0:0:
256,192,34359,1,0,0:0:0:0:
475,192,34359,1,0,0:0:0:0:
182,192,34546,1,0,0:0:0:0:
36,192,34734,1,0,0:0:0:0:
475,192,34734,1,0,0:0:0:0:
109,192,34827,1,0,0:0:0:0:
182,0,34921,128,0,35109:0:0:0:0:
36,192,35109,1,0,0:0:0:0:
475,192,35109,1,0,0:0:0:0:
256,0,35296,128,0,35484:0:0:0:0:
109,192,35484,1,0,0:0:0:0:
475,192,35484,1,0,0:0:0:0:
402,192,35671,1,0,0:0:0:0:
109,192,35859,1,0,0:0:0:0:
475,192,35859,1,0,0:0:0:0:
36,192,36046,1,0,0:0:0:0:
256,192,36046,1,0,0:0:0:0:
329,192,36140,1,0,0:0:0:0:
109,192,36234,1,0,0:0:0:0:
402,192,36234,1,0,0:0:0:0:
475,192,36234,1,0,0:0:0:0:
182,192,36327,1,0,0:0:0:0:
109,0,36421,128,0,36609:0:0:0:0:
329,192,36515,1,0,0:0:0:0:
36,192,36609,1,0,0:0:0:0:
475,192,36609,1,0,0:0:0:0:
182,192,36796,1,0,0:0:0:0:
109,192,36890,1,0,0:0:0:0:
36,192,36984,1,0,0:0:0:0:
182,192,36984,1,0,0:0:0:0:
402,192,36984,1,0,0:0:0:0:
475,192,37171,1,0,0:0:0:0:
36,192,37359,1,0,0:0:0:0:
329,0,37359,128,0,37546:0:0:0:0:
402,192,37640,1,0,0:0:0:0:
36,192,37734,1,0,0:0:0:0:
402,192,37734,1,0,0:0:0:0:
475,192,37921,1,0,0:0:0:0:
36,192,38109,1,0,0:0:0:0:
256,192,38109,1,0,0:0:0:0:
402,0,38296,128,0,38671:0:0:0:0:
36,192,38484,1,0,0:0:0:0:
109,192,38671,1,0,0:0:0:0:
256,192,38671,1,0,0:0:0:0:
36,192,38859,1,0,0:0:0:0:
329,192,38859,1,0,0:0:0:0:
182,192,39046,1,0,0:0:0:0:
402,192,39046,1,0,0:0:0:0:
36,192,39234,1,0,0:0:0:0:
256,192,39234,1,0,0:0:0:0:
402,0,39234,128,0,39609:0:0:0:0:
475,192,39234,1,0,0:0:0:0:
256,192,39515,1,0,0:0:0:0:
36,192,39609,1,0,0:0:0:0:
182,192,39609,1,0,0:0:0:0:
329,192,39796,1,0,0:0:0:0:
475,192,39984,1,0,0:0:0:0:
36,192,40171,1,0,0:0:0:0:
256,192,40359,1,0,0:0:0:0:
475,192,40359,1,0,0:0:0:0:
182,192,40546,1,0,0:0:0:0:
36,192,40734,1,0,0:0:0:0:
475,192,40734,1,0,0:0:0:0:
109,192,40827,1,0,0:0:0:0:
182,0,40921,128,0,41109:0:0:0:0:
36,192,41109,1,0,0:0:0:0:
475,192,41109,1,0,0:0:0:0:
475,192,41296,1,0,0:0:0:0:
256,0,41296,128,0,41484:0:0:0:0:
109,192,41484,1,0,0:0:0:0:
475,192,41484,1,0,0:0:0:0:
36,192,41859,1,0,0:0:0:0:
182,192,41859,1,0,0:0:0:0:
256,192,41859,1,0,0:0:0:0:
475,192,41859,1,0,0:0:0:0:
256,0,42046,128,0,42421:0:0:0:0:
36,192,42421,1,0,0:0:0:0:
182,192,42421,1,0,0:0:0:0:
109,192,42609,1,0,0:0:0:0:
256,192,42609,1,0,0:0:0:0:
182,192,42796,1,0,0:0:0:0:
329,192,42796,1,0,0:0:0:0:
36,192,42984,1,0,0:0:0:0:
256,192,42984,1,0,0:0:0:0:
402,0,43077,128,0,43640:0:0:0:0:
475,0,43077,128,0,43640:0:0:0:0:
182,192,43171,1,0,0:0:0:0:
36,192,43359,1,0,0:0:0:0:
256,192,43359,1,0,0:0:0:0:
329,192,43359,1,0,0:0:0:0:
109,192,43546,1,0,0:0:0:0:
36,192,43734,1,0,0:0:0:0:
182,192,43734,1,0,0:0:0:0:
402,192,43734,1,0,0:0:0:0:
182,192,43921,1,0,0:0:0:0:
36,192,44109,1,0,0:0:0:0:
109,192,44109,1,0,0:0:0:0:
402,192,44109,1,0,0:0:0:0:
475,192,44109,1,0,0:0:0:0:
256,0,44109,128,0,44484:0:0:0:0:
109,192,44484,1,0,0:0:0:0:
402,192,44484,1,0,0:0:0:0:
329,192,44671,1,0,0:0:0:0:
36,192,44859,1,0,0:0:0:0:
109,192,44859,1,0,0:0:0:0:
475,192,44859,1,0,0:0:0:0:
109,0,45046,128,0,45515:0:0:0:0:
256,0,45046,128,0,45515:0:0:0:0:
402,192,45046,1,0,0:0:0:0:
182,192,45234,1,0,0:0:0:0:
475,192,45234,1,0,0:0:0:0:
36,192,45421,1,0,0:0:0:0:
475,192,45421,1,0,0:0:0:0:
402,192,45515,1,0,0:0:0:0:
109,192,45609,1,0,0:0:0:0:
329,192,45609,1,0,0:0:0:0:
475,192,45609,1,0,0:0:0:0:
256,192,45702,1,0,0:0:0:0:
36,192,45796,1,0,0:0:0:0:
182,192,45796,1,0,0:0:0:0:
109,192,45890,1,0,0:0:0:0:
36,192,45984,1,0,0:0:0:0:
182,0,45984,128,0,46359:0:0:0:0:
256,192,45984,1,0,0:0:0:0:
402,192,45984,1,0,0:0:0:0:
329,192,46171,1,0,0:0:0:0:
36,192,46359,1,0,0:0:0:0:
329,0,46359,128,0,46734:0:0:0:0:
402,192,46359,1,0,0:0:0:0:
475,192,46359,1,0,0:0:0:0:
256,192,46546,1,0,0:0:0:0:
109,0,46734,128,0,47109:0:0:0:0:
182,192,46734,1,0,0:0:0:0:
402,192,46734,1,0,0:0:0:0:
182,192,46921,1,0,0:0:0:0:
36,192,47109,1,0,0:0:0:0:
256,192,47109,1,0,0:0:0:0:
329,192,47109,1,0,0:0:0:0:
475,192,47109,1,0,0:0:0:0:
402,0,47109,128,0,47484:0:0:0:0:
109,192,47296,1,0,0:0:0:0:
36,0,47484,128,0,47859:0:0:0:0:
182,192,47484,1,0,0:0:0:0:
256,0,47484,128,0,48234:0:0:0:0:
475,192,47484,1,0,0:0:0:0:
402,192,47671,1,0,0:0:0:0:
109,192,47859,1,0,0:0:0:0:
182,192,47859,1,0,0:0:0:0:
329,0,47859,128,0,48234:0:0:0:0:
475,192,47859,1,0,0:0:0:0:
36,192,48046,1,0,0:0:0:0:
402,192,48046,1,0,0:0:0:0:
109,192,48234,1,0,0:0:0:0:
475,192,48234,1,0,0:0:0:0:
182,192,48327,1,0,0:0:0:0:
256,192,48421,1,0,0:0:0:0:
402,192,48421,1,0,0:0:0:0:
182,192,48515,1,0,0:0:0:0:
36,192,48609,1,0,0:0:0:0:
256,192,48609,1,0,0:0:0:0:
475,192,48609,1,0,0:0:0:0:
329,192,48702,1,0,0:0:0:0:
256,192,48796,1,0,0:0:0:0:
182,192,48890,1,0,0:0:0:0:
36,192,48984,1,0,0:0:0:0:
109,192,48984,1,0,0:0:0:0:
329,0,48984,128,0,49734:0:0:0:0:
475,192,48984,1,0,0:0:0:0:
402,192,49077,1,0,0:0:0:0:
256,192,49171,1,0,0:0:0:0:
475,192,49265,1,0,0:0:0:0:
36,192,49359,1,0,0:0:0:0:
109,0,49359,128,0,49734:0:0:0:0:
182,192,49359,1,0,0:0:0:0:
402,192,49359,1,0,0:0:0:0:
256,192,49452,1,0,0:0:0:0:
475,192,49546,1,0,0:0:0:0:
402,192,49640,1,0,0:0:0:0:
36,192,49734,1,0,0:0:0:0:
256,192,49734,1,0,0:0:0:0:
182,0,49734,128,0,50484:0:0:0:0:
475,192,49827,1,0,0:0:0:0:
329,192,49921,1,0,0:0:0:0:
402,192,49921,1,0,0:0:0:0:
256,192,50015,1,0,0:0:0:0:
36,192,50109,1,0,0:0:0:0:
109,192,50109,1,0,0:0:0:0:
475,192,50109,1,0,0:0:0:0:
329,0,50109,128,0,50484:0:0:0:0:
402,192,50202,1,0,0:0:0:0:
256,192,50296,1,0,0:0:0:0:
475,192,50390,1,0,0:0:0:0:
36,192,50484,1,0,0:0:0:0:
109,0,50484,128,0,51140:0:0:0:0:
402,192,50484,1,0,0:0:0:0:
256,192,50577,1,0,0:0:0:0:
182,192,50671,1,0,0:0:0:0:
475,192,50671,1,0,0:0:0:0:
402,192,50765,1,0,0:0:0:0:
36,192,50859,1,0,0:0:0:0:
182,192,50859,1,0,0:0:0:0:
256,192,50859,1,0,0:0:0:0:
329,0,50859,128,0,51140:0:0:0:0:
475,192,50952,1,0,0:0:0:0:
402,192,51046,1,0,0:0:0:0:
256,192,51140,1,0,0:0:0:0:
36,192,51234,1,0,0:0:0:0:
109,192,51234,1,0,0:0:0:0:
402,192,51327,1,0,0:0:0:0:
109,192,51421,1,0,0:0:0:0:
182,192,51421,1,0,0:0:0:0:
475,192,51515,1,0,0:0:0:0:
182,192,51609,1,0,0:0:0:0:
256,192,51609,1,0,0:0:0:0:
402,192,51702,1,0,0:0:0:0:
36,192,51796,1,0,0:0:0:0:
182,192,51796,1,0,0:0:0:0:
475,192,51890,1,0,0:0:0:0:
109,192,51984,1,0,0:0:0:0:
182,192,51984,1,0,0:0:0:0:
329,192,51984,1,0,0:0:0:0:
402,192,51984,1,0,0:0:0:0:
109,192,52171,1,0,0:0:0:0:
182,192,52171,1,0,0:0:0:0:
329,192,52171,1,0,0:0:0:0:
402,192,52171,1,0,0:0:0:0:
256,192,52359,1,0,0:0:0:0:
109,192,52546,1,0,0:0:0:0:
182,192,52546,1,0,0:0:0:0:
329,192,52546,1,0,0:0:0:0:
402,192,52546,1,0,0:0:0:0:
36,192,52921,1,0,0:0:0:0:
182,192,52921,1,0,0:0:0:0:
329,192,52921,1,0,0:0:0:0:
475,192,52921,1,0,0:0:0:0:
256,192,53109,1,0,0:0:0:0:
109,192,53296,1,0,0:0:0:0:
182,192,53296,1,0,0:0:0:0:
329,192,53296,1,0,0:0:0:0:
402,192,53296,1,0,0:0:0:0:
36,192,53484,1,0,0:0:0:0:
475,192,53484,1,0,0:0:0:0:
256,0,53484,128,0,56484:0:0:0:0:
109,192,53577,1,0,0:0:0:0:
182,192,53671,1,0,0:0:0:0:
109,192,53765,1,0,0:0:0:0:
36,192,53859,1,0,0:0:0:0:
475,192,53859,1,0,0:0:0:0:
109,192,53952,1,0,0:0:0:0:
182,192,54046,1,0,0:0:0:0:
109,192,54140,1,0,0:0:0:0:
36,192,54234,1,0,0:0:0:0:
109,192,54234,1,0,0:0:0:0:
475,192,54234,1,0,0:0:0:0:
402,192,54327,1,0,0:0:0:0:
329,192,54421,1,0,0:0:0:0:
402,192,54515,1,0,0:0:0:0:
109,192,54609,1,0,0:0:0:0:
475,192,54609,1,0,0:0:0:0:
402,192,54702,1,0,0:0:0:0:
329,192,54796,1,0,0:0:0:0:
402,192,54890,1,0,0:0:0:0:
36,192,54984,1,0,0:0:0:0:
329,192,54984,1,0,0:0:0:0:
475,0,54984,128,0,55734:0:0:0:0:
109,192,55359,1,0,0:0:0:0:
36,192,56109,1,0,0:0:0:0:
109,192,56296,1,0,0:0:0:0:
36,192,56484,1,0,0:0:0:0:
182,192,56484,1,0,0:0:0:0:
329,192,56484,1,0,0:0:0:0:
475,0,56484,128,0,57234:0:0:0:0:
256,192,56671,1,0,0:0:0:0:
402,192,56671,1,0,0:0:0:0:
109,0,56765,128,0,56952:0:0:0:0:
182,192,56765,1,0,0:0:0:0:
256,192,57046,1,0,0:0:0:0:
402,192,57046,1,0,0:0:0:0:
36,192,57140,1,0,0:0:0:0:
182,192,57140,1,0,0:0:0:0:
329,192,57234,1,0,0:0:0:0:
402,192,57234,1,0,0:0:0:0:
109,192,57421,1,0,0:0:0:0:
256,192,57421,1,0,0:0:0:0:
182,192,57515,1,0,0:0:0:0:
402,192,57515,1,0,0:0:0:0:
36,192,57609,1,0,0:0:0:0:
329,192,57609,1,0,0:0:0:0:
256,192,57796,1,0,0:0:0:0:
475,192,57796,1,0,0:0:0:0:
36,192,57984,1,0,0:0:0:0:
109,0,57984,128,0,58734:0:0:0:0:
329,0,57984,128,0,58171:0:0:0:0:
402,192,57984,1,0,0:0:0:0:
402,0,58265,128,0,58452:0:0:0:0:
182,192,58359,1,0,0:0:0:0:
475,192,58359,1,0,0:0:0:0:
256,192,58546,1,0,0:0:0:0:
36,192,58734,1,0,0:0:0:0:
182,192,58734,1,0,0:0:0:0:
329,192,58734,1,0,0:0:0:0:
402,192,58827,1,0,0:0:0:0:
329,192,58921,1,0,0:0:0:0:
402,192,59015,1,0,0:0:0:0:
109,192,59109,1,0,0:0:0:0:
256,192,59109,1,0,0:0:0:0:
475,192,59109,1,0,0:0:0:0:
109,192,59484,1,0,0:0:0:0:
402,192,59484,1,0,0:0:0:0:
36,0,59484,128,0,60984:0:0:0:0:
256,192,59671,1,0,0:0:0:0:
182,192,59859,1,0,0:0:0:0:
402,192,59859,1,0,0:0:0:0:
475,192,59859,1,0,0:0:0:0:
256,192,60046,1,0,0:0:0:0:
109,192,60234,1,0,0:0:0:0:
329,192,60234,1,0,0:0:0:0:
402,192,60234,1,0,0:0:0:0:
182,192,60421,1,0,0:0:0:0:
256,192,60609,1,0,0:0:0:0:
402,192,60609,1,0,0:0:0:0:
475,192,60609,1,0,0:0:0:0:
182,192,60796,1,0,0:0:0:0:
329,192,60796,1,0,0:0:0:0:
109,0,60984,128,0,61265:0:0:0:0:
329,192,60984,1,0,0:0:0:0:
402,192,60984,1,0,0:0:0:0:
475,192,60984,1,0,0:0:0:0:
36,192,61265,1,0,0:0:0:0:
256,0,61265,128,0,61546:0:0:0:0:
329,192,61265,1,0,0:0:0:0:
402,192,61265,1,0,0:0:0:0:
109,192,61546,1,0,0:0:0:0:
329,192,61546,1,0,0:0:0:0:
402,192,61546,1,0,0:0:0:0:
475,0,61546,128,0,61734:0:0:0:0:
36,192,61734,1,0,0:0:0:0:
256,192,61734,1,0,0:0:0:0:
182,0,61734,128,0,62484:0:0:0:0:
329,192,62109,1,0,0:0:0:0:
402,192,62109,1,0,0:0:0:0:
36,192,62484,1,0,0:0:0:0:
402,192,62484,1,0,0:0:0:0:
109,192,62577,1,0,0:0:0:0:
475,192,62577,1,0,0:0:0:0:
36,192,62671,1,0,0:0:0:0:
329,192,62671,1,0,0:0:0:0:
182,192,62765,1,0,0:0:0:0:
402,192,62765,1,0,0:0:0:0:
256,192,62859,1,0,0:0:0:0:
475,192,62859,1,0,0:0:0:0:
109,192,62952,1,0,0:0:0:0:
402,192,62952,1,0,0:0:0:0:
182,192,63046,1,0,0:0:0:0:
475,192,63046,1,0,0:0:0:0:
36,192,63140,1,0,0:0:0:0:
329,192,63140,1,0,0:0:0:0:
256,192,63234,1,0,0:0:0:0:
402,192,63234,1,0,0:0:0:0:
109,192,63327,1,0,0:0:0:0:
475,192,63327,1,0,0:0:0:0:
36,192,63421,1,0,0:0:0:0:
329,192,63421,1,0,0:0:0:0:
182,192,63515,1,0,0:0:0:0:
402,192,63515,1,0,0:0:0:0:
36,192,63609,1,0,0:0:0:0:
109,192,63609,1,0,0:0:0:0:
256,192,63609,1,0,0:0:0:0:
402,192,63702,1,0,0:0:0:0:
182,192,63796,1,0,0:0:0:0:
329,192,63890,1,0,0:0:0:0:
109,192,63984,1,0,0:0:0:0:
475,192,63984,1,0,0:0:0:0:
36,192,64077,1,0,0:0:0:0:
182,192,64077,1,0,0:0:0:0:
109,192,64171,1,0,0:0:0:0:
402,192,64171,1,0,0:0:0:0:
256,192,64265,1,0,0:0:0:0:
475,192,64265,1,0,0:0:0:0:
36,192,64359,1,0,0:0:0:0:
329,192,64359,1,0,0:0:0:0:
182,192,64452,1,0,0:0:0:0:
475,192,64452,1,0,0:0:0:0:
36,192,64546,1,0,0:0:0:0:
256,192,64546,1,0,0:0:0:0:
109,192,64640,1,0,0:0:0:0:
402,192,64640,1,0,0:0:0:0:
329,192,64734,1,0,0:0:0:0:
475,192,64734,1,0,0:0:0:0:
36,192,64827,1,0,0:0:0:0:
182,192,64827,1,0,0:0:0:0:
109,192,64921,1,0,0:0:0:0:
402,192,64921,1,0,0:0:0:0:
256,192,65015,1,0,0:0:0:0:
475,192,65015,1,0,0:0:0:0:
109,192,65109,1,0,0:0:0:0:
182,192,65109,1,0,0:0:0:0:
329,192,65109,1,0,0:0:0:0:
475,192,65202,1,0,0:0:0:0:
256,192,65296,1,0,0:0:0:0:
402,192,65390,1,0,0:0:0:0:
109,192,65484,1,0,0:0:0:0:
475,0,65484,128,0,65765:0:0:0:0:
36,0,65484,128,0,67734:0:0:0:0:
402,0,65577,128,0,65859:0:0:0:0:
329,0,65671,128,0,65952:0:0:0:0:
256,0,65765,128,0,66046:0:0:0:0:
182,192,65859,1,0,0:0:0:0:
475,0,65859,128,0,66140:0:0:0:0:
402,0,65952,128,0,66234:0:0:0:0:
329,0,66046,128,0,66327:0:0:0:0:
256,0,66140,128,0,66421:0:0:0:0:
109,192,66234,1,0,0:0:0:0:
475,0,66234,128,0,66515:0:0:0:0:
402,0,66327,128,0,66609:0:0:0:0:
329,0,66421,128,0,66702:0:0:0:0:
256,0,66515,128,0,66796:0:0:0:0:
182,192,66609,1,0,0:0:0:0:
475,0,66609,128,0,66890:0:0:0:0:
402,192,66702,1,0,0:0:0:0:
329,0,66796,128,0,67077:0:0:0:0:
256,0,66890,128,0,67171:0:0:0:0:
109,192,66984,1,0,0:0:0:0:
402,0,66984,128,0,67359:0:0:0:0:
475,192,66984,1,0,0:0:0:0:
109,0,67265,128,0,67359:0:0:0:0:
182,0,67359,128,0,67452:0:0:0:0:
475,192,67359,1,0,0:0:0:0:
256,0,67452,128,0,67546:0:0:0:0:
329,0,67546,128,0,67640:0:0:0:0:
402,0,67640,128,0,67734:0:0:0:0:
329,192,67734,1,0,0:0:0:0:
475,0,67734,128,0,68296:0:0:0:0:
36,0,67827,128,0,67921:0:0:0:0:
109,0,67921,128,0,68015:0:0:0:0:
182,0,68015,128,0,68109:0:0:0:0:
36,192,68109,1,0,0:0:0:0:
256,0,68109,128,0,68202:0:0:0:0:
402,192,68109,1,0,0:0:0:0:
109,192,68202,1,0,0:0:0:0:
329,0,68202,128,0,68296:0:0:0:0:
36,192,68296,1,0,0:0:0:0:
256,192,68296,1,0,0:0:0:0:
402,0,68296,128,0,68390:0:0:0:0:
109,192,68390,1,0,0:0:0:0:
475,0,68390,128,0,68484:0:0:0:0:
182,192,68484,1,0,0:0:0:0:
329,192,68484,1,0,0:0:0:0:
402,192,68671,1,0,0:0:0:0:
256,0,68765,128,0,68952:0:0:0:0:
36,192,68859,1,0,0:0:0:0:
109,192,68859,1,0,0:0:0:0:
256,192,69046,1,0,0:0:0:0:
109,192,69234,1,0,0:0:0:0:
402,192,69234,1,0,0:0:0:0:
182,192,69421,1,0,0:0:0:0:
256,0,69515,128,0,69702:0:0:0:0:
36,192,69609,1,0,0:0:0:0:
109,192,69609,1,0,0:0:0:0:
256,192,69796,1,0,0:0:0:0:
36,192,69984,1,0,0:0:0:0:
182,192,69984,1,0,0:0:0:0:
329,192,69984,1,0,0:0:0:0:
475,192,69984,1,0,0:0:0:0:
109,192,70171,1,0,0:0:0:0:
36,192,70359,1,0,0:0:0:0:
256,192,70359,1,0,0:0:0:0:
402,192,70359,1,0,0:0:0:0:
475,192,70359,1,0,0:0:0:0:
329,192,70546,1,0,0:0:0:0:
36,0,70734,128,0,71202:0:0:0:0:
109,192,70734,1,0,0:0:0:0:
402,192,70734,1,0,0:0:0:0:
256,192,70921,1,0,0:0:0:0:
182,192,71109,1,0,0:0:0:0:
329,192,71109,1,0,0:0:0:0:
402,192,71109,1,0,0:0:0:0:
475,192,71109,1,0,0:0:0:0:
256,192,71296,1,0,0:0:0:0:
109,0,71296,128,0,71484:0:0:0:0:
329,192,71484,1,0,0:0:0:0:
475,0,71484,128,0,71765:0:0:0:0:
182,192,71671,1,0,0:0:0:0:
36,0,71859,128,0,72140:0:0:0:0:
329,192,71859,1,0,0:0:0:0:
402,192,71859,1,0,0:0:0:0:
182,192,72046,1,0,0:0:0:0:
109,192,72234,1,0,0:0:0:0:
329,0,72234,128,0,72515:0:0:0:0:
402,192,72421,1,0,0:0:0:0:
36,192,72609,1,0,0:0:0:0:
109,192,72609,1,0,0:0:0:0:
182,0,72609,128,0,72890:0:0:0:0:
329,192,72796,1,0,0:0:0:0:
109,192,72984,1,0,0:0:0:0:
256,192,72984,1,0,0:0:0:0:
475,0,72984,128,0,73265:0:0:0:0:
36,0,73265,128,0,73546:0:0:0:0:
329,192,73265,1,0,0:0:0:0:
182,192,73359,1,0,0:0:0:0:
475,192,73359,1,0,0:0:0:0:
256,192,73546,1,0,0:0:0:0:
36,192,73734,1,0,0:0:0:0:
182,0,73734,128,0,74296:0:0:0:0:
402,192,73734,1,0,0:0:0:0:
109,192,73921,1,0,0:0:0:0:
475,192,73921,1,0,0:0:0:0:
256,192,74109,1,0,0:0:0:0:
475,192,74109,1,0,0:0:0:0:
36,192,74296,1,0,0:0:0:0:
475,192,74296,1,0,0:0:0:0:
109,192,74484,1,0,0:0:0:0:
402,192,74484,1,0,0:0:0:0:
256,192,74577,1,0,0:0:0:0:
329,192,74671,1,0,0:0:0:0:
402,192,74765,1,0,0:0:0:0:
182,192,74859,1,0,0:0:0:0:
256,192,74859,1,0,0:0:0:0:
475,192,74859,1,0,0:0:0:0:
36,192,74952,1,0,0:0:0:0:
109,192,75046,1,0,0:0:0:0:
182,192,75140,1,0,0:0:0:0:
256,192,75234,1,0,0:0:0:0:
329,192,75327,1,0,0:0:0:0:
402,192,75421,1,0,0:0:0:0:
475,192,75515,1,0,0:0:0:0:
109,192,75609,1,0,0:0:0:0:
329,0,75609,128,0,75984:0:0:0:0:
182,192,75702,1,0,0:0:0:0:
256,192,75796,1,0,0:0:0:0:
402,192,75890,1,0,0:0:0:0:
36,0,75984,128,0,76734:0:0:0:0:
182,192,75984,1,0,0:0:0:0:
256,192,76077,1,0,0:0:0:0:
329,192,76171,1,0,0:0:0:0:
475,192,76265,1,0,0:0:0:0:
182,192,76359,1,0,0:0:0:0:
109,192,76452,1,0,0:0:0:0:
182,192,76546,1,0,0:0:0:0:
256,192,76640,1,0,0:0:0:0:
402,192,76734,1,0,0:0:0:0:
329,0,76734,128,0,77484:0:0:0:0:
256,192,76827,1,0,0:0:0:0:
182,192,76921,1,0,0:0:0:0:
36,192,77015,1,0,0:0:0:0:
402,192,77109,1,0,0:0:0:0:
475,192,77109,1,0,0:0:0:0:
256,192,77202,1,0,0:0:0:0:
182,192,77296,1,0,0:0:0:0:
36,192,77390,1,0,0:0:0:0:
182,0,77484,128,0,78427:0:0:0:0:
475,192,77484,1,0,0:0:0:0:
329,192,77577,1,0,0:0:0:0:
256,192,77671,1,0,0:0:0:0:
109,192,77765,1,0,0:0:0:0:
36,192,77859,1,0,0:0:0:0:
402,192,77859,1,0,0:0:0:0:
329,192,77952,1,0,0:0:0:0:
256,192,78046,1,0,0:0:0:0:
109,192,78140,1,0,0:0:0:0:
475,192,78234,1,0,0:0:0:0:
329,192,78330,1,0,0:0:0:0:
256,192,78427,1,0,0:0:0:0:
109,0,78427,128,0,79008:0:0:0:0:
36,192,78524,1,0,0:0:0:0:
402,192,78621,1,0,0:0:0:0:
475,192,78621,1,0,0:0:0:0:
256,192,78717,1,0,0:0:0:0:
182,192,78814,1,0,0:0:0:0:
329,192,78911,1,0,0:0:0:0:
36,192,79008,1,0,0:0:0:0:
256,192,79008,1,0,0:0:0:0:
475,192,79008,1,0,0:0:0:0:
36,192,79201,1,0,0:0:0:0:
256,192,79201,1,0,0:0:0:0:
475,192,79201,1,0,0:0:0:0:
36,192,79395,1,0,0:0:0:0:
256,192,79395,1,0,0:0:0:0:
475,192,79395,1,0,0:0:0:0:
36,192,79588,1,0,0:0:0:0:
256,192,79588,1,0,0:0:0:0:
475,192,79588,1,0,0:0:0:0:
36,192,79782,1,0,0:0:0:0:
182,192,79782,1,0,0:0:0:0:
329,192,79879,1,0,0:0:0:0:
475,192,79879,1,0,0:0:0:0:
109,192,79975,1,0,0:0:0:0:
182,192,79975,1,0,0:0:0:0:
329,192,80072,1,0,0:0:0:0:
402,192,80072,1,0,0:0:0:0:
36,192,80169,1,0,0:0:0:0:
182,192,80169,1,0,0:0:0:0:
329,192,80266,1,0,0:0:0:0:
475,192,80266,1,0,0:0:0:0:
109,192,80363,1,0,0:0:0:0:
182,192,80363,1,0,0:0:0:0:
256,192,80459,1,0,0:0:0:0:
329,192,80459,1,0,0:0:0:0:
36,192,80556,1,0,0:0:0:0:
109,0,80556,128,0,81307:0:0:0:0:
256,192,80556,1,0,0:0:0:0:
402,192,80556,1,0,0:0:0:0:
475,192,80650,1,0,0:0:0:0:
329,192,80744,1,0,0:0:0:0:
182,192,80838,1,0,0:0:0:0:
256,192,80932,1,0,0:0:0:0:
329,192,81025,1,0,0:0:0:0:
402,192,81119,1,0,0:0:0:0:
256,192,81213,1,0,0:0:0:0:
182,192,81307,1,0,0:0:0:0:
329,0,81307,128,0,82057:0:0:0:0:
36,192,81400,1,0,0:0:0:0:
182,192,81494,1,0,0:0:0:0:
109,192,81588,1,0,0:0:0:0:
182,192,81682,1,0,0:0:0:0:
256,192,81775,1,0,0:0:0:0:
109,192,81869,1,0,0:0:0:0:
182,192,81963,1,0,0:0:0:0:
256,192,82057,1,0,0:0:0:0:
475,0,82057,128,0,82807:0:0:0:0:
109,192,82150,1,0,0:0:0:0:
36,192,82244,1,0,0:0:0:0:
256,192,82338,1,0,0:0:0:0:
182,192,82432,1,0,0:0:0:0:
329,192,82525,1,0,0:0:0:0:
256,192,82619,1,0,0:0:0:0:
109,192,82713,1,0,0:0:0:0:
402,192,82807,1,0,0:0:0:0:
182,0,82807,128,0,83557:0:0:0:0:
256,192,82900,1,0,0:0:0:0:
329,192,82994,1,0,0:0:0:0:
256,192,83088,1,0,0:0:0:0:
36,192,83182,1,0,0:0:0:0:
109,192,83275,1,0,0:0:0:0:
256,192,83369,1,0,0:0:0:0:
329,192,83463,1,0,0:0:0:0:
109,192,83557,1,0,0:0:0:0:
402,0,83557,128,0,83932:0:0:0:0:
182,192,83650,1,0,0:0:0:0:
36,192,83744,1,0,0:0:0:0:
256,192,83838,1,0,0:0:0:0:
182,0,83932,128,0,84307:0:0:0:0:
329,192,83932,1,0,0:0:0:0:
402,192,84025,1,0,0:0:0:0:
256,192,84119,1,0,0:0:0:0:
329,192,84213,1,0,0:0:0:0:
36,192,84307,1,0,0:0:0:0:
402,0,84307,128,0,84869:0:0:0:0:
182,192,84400,1,0,0:0:0:0:
109,192,84494,1,0,0:0:0:0:
329,192,84588,1,0,0:0:0:0:
256,192,84682,1,0,0:0:0:0:
182,192,84775,1,0,0:0:0:0:
256,192,84869,1,0,0:0:0:0:
109,0,84869,128,0,85057:0:0:0:0:
329,192,84963,1,0,0:0:0:0:
36,192,85057,1,0,0:0:0:0:
182,192,85057,1,0,0:0:0:0:
329,192,85338,1,0,0:0:0:0:
475,192,85338,1,0,0:0:0:0:
256,192,85432,1,0,0:0:0:0:
36,192,85619,1,0,0:0:0:0:
182,192,85619,1,0,0:0:0:0:
109,192,85807,1,0,0:0:0:0:
256,192,85807,1,0,0:0:0:0:
329,192,85807,1,0,0:0:0:0:
402,192,85807,1,0,0:0:0:0:
36,192,86182,1,0,0:0:0:0:
182,192,86182,1,0,0:0:0:0:
109,192,86369,1,0,0:0:0:0:
256,192,86369,1,0,0:0:0:0:
182,192,86463,1,0,0:0:0:0:
329,192,86463,1,0,0:0:0:0:
256,192,86557,1,0,0:0:0:0:
402,192,86557,1,0,0:0:0:0:
36,0,86557,128,0,88057:0:0:0:0:
109,192,86650,1,0,0:0:0:0:
329,192,86744,1,0,0:0:0:0:
182,192,86838,1,0,0:0:0:0:
402,192,86932,1,0,0:0:0:0:
109,192,87025,1,0,0:0:0:0:
256,192,87119,1,0,0:0:0:0:
329,192,87213,1,0,0:0:0:0:
475,192,87213,1,0,0:0:0:0:
182,192,87307,1,0,0:0:0:0:
256,192,87400,1,0,0:0:0:0:
329,192,87494,1,0,0:0:0:0:
402,192,87494,1,0,0:0:0:0:
182,192,87588,1,0,0:0:0:0:
256,192,87682,1,0,0:0:0:0:
475,192,87682,1,0,0:0:0:0:
329,192,87775,1,0,0:0:0:0:
109,192,87869,1,0,0:0:0:0:
182,192,87869,1,0,0:0:0:0:
329,192,87963,1,0,0:0:0:0:
256,192,88057,1,0,0:0:0:0:
402,0,88057,128,0,89182:0:0:0:0:
475,192,88057,1,0,0:0:0:0:
36,192,88150,1,0,0:0:0:0:
109,192,88244,1,0,0:0:0:0:
256,192,88338,1,0,0:0:0:0:
182,192,88432,1,0,0:0:0:0:
475,192,88432,1,0,0:0:0:0:
329,192,88525,1,0,0:0:0:0:
256,192,88619,1,0,0:0:0:0:
36,192,88713,1,0,0:0:0:0:
109,192,88807,1,0,0:0:0:0:
475,192,88807,1,0,0:0:0:0:
182,192,88900,1,0,0:0:0:0:
256,192,88994,1,0,0:0:0:0:
182,192,89088,1,0,0:0:0:0:
36,192,89182,1,0,0:0:0:0:
329,192,89182,1,0,0:0:0:0:
109,192,89275,1,0,0:0:0:0:
256,192,89275,1,0,0:0:0:0:
36,192,89369,1,0,0:0:0:0:
329,192,89369,1,0,0:0:0:0:
109,192,89463,1,0,0:0:0:0:
256,192,89463,1,0,0:0:0:0:
182,192,89557,1,0,0:0:0:0:
402,192,89557,1,0,0:0:0:0:
36,0,89557,128,0,91057:0:0:0:0:
329,192,89650,1,0,0:0:0:0:
256,192,89744,1,0,0:0:0:0:
109,192,89838,1,0,0:0:0:0:
256,192,89932,1,0,0:0:0:0:
475,192,89932,1,0,0:0:0:0:
329,192,90025,1,0,0:0:0:0:
402,192,90119,1,0,0:0:0:0:
475,192,90213,1,0,0:0:0:0:
256,192,90307,1,0,0:0:0:0:
402,192,90400,1,0,0:0:0:0:
329,192,90494,1,0,0:0:0:0:
256,192,90588,1,0,0:0:0:0:
109,192,90682,1,0,0:0:0:0:
182,192,90682,1,0,0:0:0:0:
256,192,90775,1,0,0:0:0:0:
329,192,90869,1,0,0:0:0:0:
402,192,90963,1,0,0:0:0:0:
109,192,91057,1,0,0:0:0:0:
182,192,91057,1,0,0:0:0:0:
329,192,91057,1,0,0:0:0:0:
475,192,91057,1,0,0:0:0:0:
109,192,91244,1,0,0:0:0:0:
182,192,91244,1,0,0:0:0:0:
109,192,91432,1,0,0:0:0:0:
182,192,91432,1,0,0:0:0:0:
329,192,91432,1,0,0:0:0:0:
475,192,91432,1,0,0:0:0:0:
109,0,91619,128,0,91900:0:0:0:0:
182,0,91619,128,0,91900:0:0:0:0:
402,192,91619,1,0,0:0:0:0:
109,192,91994,1,0,0:0:0:0:
402,192,91994,1,0,0:0:0:0:
475,192,91994,1,0,0:0:0:0:
36,192,92182,1,0,0:0:0:0:
256,192,92182,1,0,0:0:0:0:
256,192,92275,1,0,0:0:0:0:
256,192,92369,1,0,0:0:0:0:
256,192,92463,1,0,0:0:0:0:
109,192,92557,1,0,0:0:0:0:
402,192,92557,1,0,0:0:0:0:
475,0,92557,128,0,93213:0:0:0:0:
36,192,92650,1,0,0:0:0:0:
256,192,92744,1,0,0:0:0:0:
182,192,92838,1,0,0:0:0:0:
109,192,92932,1,0,0:0:0:0:
182,192,93025,1,0,0:0:0:0:
256,192,93119,1,0,0:0:0:0:
329,192,93213,1,0,0:0:0:0:
36,192,93307,1,0,0:0:0:0:
109,0,93307,128,0,93588:0:0:0:0:
182,192,93307,1,0,0:0:0:0:
256,192,93400,1,0,0:0:0:0:
329,192,93494,1,0,0:0:0:0:
475,192,93588,1,0,0:0:0:0:
256,0,93682,128,0,93963:0:0:0:0:
402,192,93682,1,0,0:0:0:0:
329,192,93775,1,0,0:0:0:0:
182,192,93869,1,0,0:0:0:0:
109,192,93963,1,0,0:0:0:0:
36,0,94057,128,0,94713:0:0:0:0:
182,192,94057,1,0,0:0:0:0:
475,192,94057,1,0,0:0:0:0:
109,192,94150,1,0,0:0:0:0:
329,192,94244,1,0,0:0:0:0:
256,192,94338,1,0,0:0:0:0:
182,192,94432,1,0,0:0:0:0:
256,192,94525,1,0,0:0:0:0:
329,192,94619,1,0,0:0:0:0:
402,192,94713,1,0,0:0:0:0:
109,192,94807,1,0,0:0:0:0:
182,0,94807,128,0,95088:0:0:0:0:
256,192,94807,1,0,0:0:0:0:
329,192,94900,1,0,0:0:0:0:
402,192,94994,1,0,0:0:0:0:
36,192,95088,1,0,0:0:0:0:
329,0,95182,128,0,95463:0:0:0:0:
475,192,95182,1,0,0:0:0:0:
402,192,95275,1,0,0:0:0:0:
256,192,95369,1,0,0:0:0:0:
182,192,95463,1,0,0:0:0:0:
36,192,95557,1,0,0:0:0:0:
109,0,95557,128,0,96213:0:0:0:0:
256,192,95557,1,0,0:0:0:0:
182,192,95650,1,0,0:0:0:0:
402,192,95744,1,0,0:0:0:0:
329,192,95838,1,0,0:0:0:0:
256,192,95932,1,0,0:0:0:0:
329,192,96025,1,0,0:0:0:0:
402,192,96119,1,0,0:0:0:0:
475,192,96213,1,0,0:0:0:0:
182,192,96307,1,0,0:0:0:0:
256,0,96307,128,0,96588:0:0:0:0:
329,192,96307,1,0,0:0:0:0:
402,192,96400,1,0,0:0:0:0:
475,192,96494,1,0,0:0:0:0:
109,192,96588,1,0,0:0:0:0:
36,192,96682,1,0,0:0:0:0:
402,0,96682,128,0,96963:0:0:0:0:
475,192,96775,1,0,0:0:0:0:
329,192,96869,1,0,0:0:0:0:
256,192,96963,1,0,0:0:0:0:
36,192,97057,1,0,0:0:0:0:
109,0,97057,128,0,97713:0:0:0:0:
182,192,97057,1,0,0:0:0:0:
256,192,97150,1,0,0:0:0:0:
475,192,97244,1,0,0:0:0:0:
329,192,97338,1,0,0:0:0:0:
36,192,97432,1,0,0:0:0:0:
402,192,97432,1,0,0:0:0:0:
256,192,97525,1,0,0:0:0:0:
329,192,97619,1,0,0:0:0:0:
182,192,97713,1,0,0:0:0:0:
36,192,97807,1,0,0:0:0:0:
402,0,97807,128,0,97900:0:0:0:0:
475,0,97900,128,0,97994:0:0:0:0:
109,192,97994,1,0,0:0:0:0:
256,0,97994,128,0,98088:0:0:0:0:
329,0,98088,128,0,98182:0:0:0:0:
36,192,98182,1,0,0:0:0:0:
109,0,98182,128,0,98369:0:0:0:0:
182,192,98182,1,0,0:0:0:0:
475,192,98369,1,0,0:0:0:0:
256,0,98369,128,0,98557:0:0:0:0:
36,192,98557,1,0,0:0:0:0:
182,192,98557,1,0,0:0:0:0:
329,192,98744,1,0,0:0:0:0:
475,192,98744,1,0,0:0:0:0:
256,192,98932,1,0,0:0:0:0:
402,192,98932,1,0,0:0:0:0:
182,192,99119,1,0,0:0:0:0:
329,192,99119,1,0,0:0:0:0:
36,192,99307,1,0,0:0:0:0:
182,192,99307,1,0,0:0:0:0:
109,192,99400,1,0,0:0:0:0:
256,192,99400,1,0,0:0:0:0:
182,192,99494,1,0,0:0:0:0:
329,192,99494,1,0,0:0:0:0:
256,192,99588,1,0,0:0:0:0:
402,192,99588,1,0,0:0:0:0:
109,192,99682,1,0,0:0:0:0:
329,192,99682,1,0,0:0:0:0:
475,192,99682,1,0,0:0:0:0:
256,192,99775,1,0,0:0:0:0:
402,192,99775,1,0,0:0:0:0:
182,192,99869,1,0,0:0:0:0:
329,192,99869,1,0,0:0:0:0:
109,192,99963,1,0,0:0:0:0:
256,192,99963,1,0,0:0:0:0:
36,192,100057,1,0,0:0:0:0:
182,192,100057,1,0,0:0:0:0:
329,192,100057,1,0,0:0:0:0:
475,192,100057,1,0,0:0:0:0:
109,192,100244,1,0,0:0:0:0:
329,192,100244,1,0,0:0:0:0:
475,192,100244,1,0,0:0:0:0:
182,192,100338,1,0,0:0:0:0:
329,192,100432,1,0,0:0:0:0:
402,192,100432,1,0,0:0:0:0:
475,192,100432,1,0,0:0:0:0:
109,192,100619,1,0,0:0:0:0:
256,192,100619,1,0,0:0:0:0:
182,192,100713,1,0,0:0:0:0:
109,0,100807,128,0,101182:0:0:0:0:
256,0,100807,128,0,101182:0:0:0:0:
329,192,100807,1,0,0:0:0:0:
402,192,100807,1,0,0:0:0:0:
36,192,100994,1,0,0:0:0:0:
182,192,101088,1,0,0:0:0:0:
402,192,101182,1,0,0:0:0:0:
475,192,101182,1,0,0:0:0:0:
109,192,101369,1,0,0:0:0:0:
402,192,101369,1,0,0:0:0:0:
475,192,101369,1,0,0:0:0:0:
182,192,101463,1,0,0:0:0:0:
329,192,101557,1,0,0:0:0:0:
36,192,101744,1,0,0:0:0:0:
109,192,101744,1,0,0:0:0:0:
475,192,101744,1,0,0:0:0:0:
36,0,101932,128,0,102307:0:0:0:0:
109,0,101932,128,0,102307:0:0:0:0:
329,192,101932,1,0,0:0:0:0:
402,192,102119,1,0,0:0:0:0:
256,192,102307,1,0,0:0:0:0:
182,192,102494,1,0,0:0:0:0:
475,192,102494,1,0,0:0:0:0:
329,192,102682,1,0,0:0:0:0:
475,192,102682,1,0,0:0:0:0:
256,192,102869,1,0,0:0:0:0:
475,192,102869,1,0,0:0:0:0:
36,192,103057,1,0,0:0:0:0:
256,192,103057,1,0,0:0:0:0:
329,192,103057,1,0,0:0:0:0:
109,0,103244,128,0,103432:0:0:0:0:
402,0,103244,128,0,103432:0:0:0:0:
182,192,103432,1,0,0:0:0:0:
256,192,103432,1,0,0:0:0:0:
475,192,103432,1,0,0:0:0:0:
36,0,103619,128,0,103994:0:0:0:0:
329,0,103619,128,0,103994:0:0:0:0:
256,192,103807,1,0,0:0:0:0:
109,192,103994,1,0,0:0:0:0:
402,192,103994,1,0,0:0:0:0:
182,192,104182,1,0,0:0:0:0:
256,192,104182,1,0,0:0:0:0:
475,192,104182,1,0,0:0:0:0:
182,192,104369,1,0,0:0:0:0:
475,192,104369,1,0,0:0:0:0:
109,192,104557,1,0,0:0:0:0:
182,192,104557,1,0,0:0:0:0:
402,192,104557,1,0,0:0:0:0:
475,192,104557,1,0,0:0:0:0:
109,0,104744,128,0,104932:0:0:0:0:
402,0,104744,128,0,104932:0:0:0:0:
36,192,104932,1,0,0:0:0:0:
256,192,104932,1,0,0:0:0:0:
329,192,104932,1,0,0:0:0:0:
182,0,105119,128,0,105494:0:0:0:0:
475,0,105119,128,0,105494:0:0:0:0:
329,192,105307,1,0,0:0:0:0:
109,192,105494,1,0,0:0:0:0:
402,192,105494,1,0,0:0:0:0:
36,192,105682,1,0,0:0:0:0:
256,192,105682,1,0,0:0:0:0:
329,192,105682,1,0,0:0:0:0:
36,192,105869,1,0,0:0:0:0:
256,192,105869,1,0,0:0:0:0:
109,192,106057,1,0,0:0:0:0:
256,192,106057,1,0,0:0:0:0:
402,192,106057,1,0,0:0:0:0:
109,0,106244,128,0,106432:0:0:0:0:
402,0,106244,128,0,106432:0:0:0:0:
256,192,106432,1,0,0:0:0:0:
36,0,106619,128,0,106994:0:0:0:0:
475,0,106619,128,0,106994:0:0:0:0:
256,192,106807,1,0,0:0:0:0:
109,192,106994,1,0,0:0:0:0:
402,192,106994,1,0,0:0:0:0:
36,192,107182,1,0,0:0:0:0:
256,192,107182,1,0,0:0:0:0:
475,192,107182,1,0,0:0:0:0:
36,192,107369,1,0,0:0:0:0:
475,192,107369,1,0,0:0:0:0:
36,192,107557,1,0,0:0:0:0:
109,192,107557,1,0,0:0:0:0:
256,192,107557,1,0,0:0:0:0:
402,192,107557,1,0,0:0:0:0:
475,192,107557,1,0,0:0:0:0:
36,0,107744,128,0,107932:0:0:0:0:
475,0,107744,128,0,107932:0:0:0:0:
256,192,107932,1,0,0:0:0:0:
109,0,108119,128,0,108494:0:0:0:0:
402,0,108119,128,0,108494:0:0:0:0:
256,192,108307,1,0,0:0:0:0:
36,192,108494,1,0,0:0:0:0:
475,192,108494,1,0,0:0:0:0:
182,192,108682,1,0,0:0:0:0:
256,192,108682,1,0,0:0:0:0:
329,192,108682,1,0,0:0:0:0:
182,192,108869,1,0,0:0:0:0:
329,192,108869,1,0,0:0:0:0:
36,192,109057,1,0,0:0:0:0:
109,192,109057,1,0,0:0:0:0:
475,192,109057,1,0,0:0:0:0:
256,0,109057,128,0,112057:0:0:0:0:
402,192,109150,1,0,0:0:0:0:
109,0,109244,128,0,109432:0:0:0:0:
329,192,109244,1,0,0:0:0:0:
475,192,109338,1,0,0:0:0:0:
402,192,109432,1,0,0:0:0:0:
329,192,109525,1,0,0:0:0:0:
182,0,109619,128,0,109994:0:0:0:0:
475,192,109619,1,0,0:0:0:0:
402,192,109713,1,0,0:0:0:0:
329,192,109807,1,0,0:0:0:0:
475,192,109900,1,0,0:0:0:0:
36,192,109994,1,0,0:0:0:0:
402,192,109994,1,0,0:0:0:0:
329,192,110088,1,0,0:0:0:0:
109,192,110182,1,0,0:0:0:0:
475,192,110182,1,0,0:0:0:0:
402,192,110275,1,0,0:0:0:0:
182,192,110369,1,0,0:0:0:0:
329,192,110369,1,0,0:0:0:0:
475,192,110463,1,0,0:0:0:0:
36,192,110557,1,0,0:0:0:0:
109,192,110557,1,0,0:0:0:0:
402,192,110557,1,0,0:0:0:0:
329,192,110650,1,0,0:0:0:0:
182,192,110744,1,0,0:0:0:0:
475,192,110744,1,0,0:0:0:0:
402,192,110838,1,0,0:0:0:0:
109,192,110932,1,0,0:0:0:0:
329,192,110932,1,0,0:0:0:0:
475,192,111025,1,0,0:0:0:0:
182,192,111119,1,0,0:0:0:0:
402,192,111119,1,0,0:0:0:0:
329,192,111213,1,0,0:0:0:0:
36,192,111307,1,0,0:0:0:0:
475,192,111307,1,0,0:0:0:0:
109,192,111400,1,0,0:0:0:0:
402,192,111400,1,0,0:0:0:0:
182,192,111494,1,0,0:0:0:0:
329,192,111494,1,0,0:0:0:0:
109,192,111588,1,0,0:0:0:0:
475,192,111588,1,0,0:0:0:0:
36,192,111682,1,0,0:0:0:0:
402,192,111682,1,0,0:0:0:0:
109,192,111775,1,0,0:0:0:0:
329,192,111775,1,0,0:0:0:0:
182,192,111869,1,0,0:0:0:0:
475,192,111869,1,0,0:0:0:0:
109,192,111963,1,0,0:0:0:0:
402,192,111963,1,0,0:0:0:0:
36,192,112057,1,0,0:0:0:0:
182,0,112057,128,0,112432:0:0:0:0:
329,192,112057,1,0,0:0:0:0:
475,0,112057,128,0,113557:0:0:0:0:
109,192,112432,1,0,0:0:0:0:
256,192,112432,1,0,0:0:0:0:
402,0,112432,128,0,112807:0:0:0:0:
329,0,112619,128,0,113182:0:0:0:0:
109,0,112807,128,0,113182:0:0:0:0:
36,192,113182,1,0,0:0:0:0:
182,192,113182,1,0,0:0:0:0:
256,0,113182,128,0,113557:0:0:0:0:
36,0,113557,128,0,114963:0:0:0:0:
402,0,113557,128,0,113932:0:0:0:0:
109,0,113932,128,0,114307:0:0:0:0:
329,192,113932,1,0,0:0:0:0:
475,192,113932,1,0,0:0:0:0:
475,0,114119,128,0,114682:0:0:0:0:
256,0,114307,128,0,114682:0:0:0:0:
182,192,114682,1,0,0:0:0:0:
402,192,114682,1,0,0:0:0:0:
329,0,114682,128,0,115057:0:0:0:0:
36,0,115057,128,0,115432:0:0:0:0:
475,0,115057,128,0,116557:0:0:0:0:
109,192,115432,1,0,0:0:0:0:
182,192,115432,1,0,0:0:0:0:
256,0,115432,128,0,115807:0:0:0:0:
402,0,115619,128,0,116182:0:0:0:0:
109,0,115807,128,0,116182:0:0:0:0:
182,0,115994,128,0,116557:0:0:0:0:
256,192,116182,1,0,0:0:0:0:
329,0,116182,128,0,116557:0:0:0:0:
36,0,116369,128,0,116932:0:0:0:0:
109,0,116557,128,0,116932:0:0:0:0:
256,0,116557,128,0,117963:0:0:0:0:
329,192,116932,1,0,0:0:0:0:
402,0,116932,128,0,117307:0:0:0:0:
475,192,116932,1,0,0:0:0:0:
182,0,117307,128,0,117682:0:0:0:0:
36,192,117682,1,0,0:0:0:0:
109,192,117682,1,0,0:0:0:0:
402,0,117682,128,0,118057:0:0:0:0:
36,192,117869,1,0,0:0:0:0:
109,192,117869,1,0,0:0:0:0:
36,0,118057,128,0,118432:0:0:0:0:
109,0,118057,128,0,119463:0:0:0:0:
329,0,118432,128,0,118807:0:0:0:0:
402,192,118432,1,0,0:0:0:0:
475,192,118432,1,0,0:0:0:0:
256,0,118807,128,0,119182:0:0:0:0:
329,192,119182,1,0,0:0:0:0:
475,192,119182,1,0,0:0:0:0:
402,0,119182,128,0,119557:0:0:0:0:
36,0,119557,128,0,119932:0:0:0:0:
475,0,119557,128,0,120963:0:0:0:0:
182,0,119838,128,0,120307:0:0:0:0:
109,192,119932,1,0,0:0:0:0:
256,192,119932,1,0,0:0:0:0:
329,0,119932,128,0,120307:0:0:0:0:
256,0,120119,128,0,120682:0:0:0:0:
109,0,120307,128,0,120682:0:0:0:0:
36,192,120682,1,0,0:0:0:0:
329,192,120682,1,0,0:0:0:0:
182,0,120682,128,0,121057:0:0:0:0:
402,0,120682,128,0,121057:0:0:0:0:
36,0,120869,128,0,121432:0:0:0:0:
109,0,120963,128,0,121432:0:0:0:0:
256,0,121057,128,0,122463:0:0:0:0:
329,0,121057,128,0,121432:0:0:0:0:
182,192,121432,1,0,0:0:0:0:
402,192,121432,1,0,0:0:0:0:
475,0,121432,128,0,121807:0:0:0:0:
182,0,121807,128,0,122182:0:0:0:0:
402,0,121994,128,0,122557:0:0:0:0:
36,192,122182,1,0,0:0:0:0:
475,192,122182,1,0,0:0:0:0:
109,0,122182,128,0,122557:0:0:0:0:
329,0,122182,128,0,122557:0:0:0:0:
475,0,122369,128,0,122932:0:0:0:0:
36,0,122557,128,0,123963:0:0:0:0:
182,0,122557,128,0,122932:0:0:0:0:
256,0,122932,128,0,123307:0:0:0:0:
329,192,122932,1,0,0:0:0:0:
402,192,122932,1,0,0:0:0:0:
109,0,123307,128,0,123682:0:0:0:0:
256,192,123682,1,0,0:0:0:0:
402,192,123682,1,0,0:0:0:0:
329,0,123682,128,0,124057:0:0:0:0:
36,192,124057,1,0,0:0:0:0:
109,192,124057,1,0,0:0:0:0:
402,192,124057,1,0,0:0:0:0:
256,192,124244,1,0,0:0:0:0:
109,192,124432,1,0,0:0:0:0:
256,192,124619,1,0,0:0:0:0:
475,192,124619,1,0,0:0:0:0:
36,192,124994,1,0,0:0:0:0:
402,192,124994,1,0,0:0:0:0:
36,192,125182,1,0,0:0:0:0:
329,192,125182,1,0,0:0:0:0:
402,192,125369,1,0,0:0:0:0:
475,192,125557,1,0,0:0:0:0:
109,192,125744,1,0,0:0:0:0:
109,192,125932,1,0,0:0:0:0:
256,192,125932,1,0,0:0:0:0:
109,192,126119,1,0,0:0:0:0:
329,192,126307,1,0,0:0:0:0:
182,192,126494,1,0,0:0:0:0:
475,192,126588,1,0,0:0:0:0:
182,192,126682,1,0,0:0:0:0:
329,192,126869,1,0,0:0:0:0:
36,192,127057,1,0,0:0:0:0:
256,192,127057,1,0,0:0:0:0:
402,192,127057,1,0,0:0:0:0:
475,192,127057,1,0,0:0:0:0:
109,192,127244,1,0,0:0:0:0:
182,192,127244,1,0,0:0:0:0:
329,192,127432,1,0,0:0:0:0:
109,192,127619,1,0,0:0:0:0:
182,192,127619,1,0,0:0:0:0:
36,192,127807,1,0,0:0:0:0:
256,192,127807,1,0,0:0:0:0:
402,192,127994,1,0,0:0:0:0:
182,192,128182,1,0,0:0:0:0:
402,192,128182,1,0,0:0:0:0:
475,192,128182,1,0,0:0:0:0:
36,192,128369,1,0,0:0:0:0:
109,192,128557,1,0,0:0:0:0:
256,0,128557,128,0,128932:0:0:0:0:
402,0,128744,128,0,128932:0:0:0:0:
182,0,128932,128,0,129307:0:0:0:0:
329,0,129119,128,0,129307:0:0:0:0:
109,0,129307,128,0,129494:0:0:0:0:
402,192,129307,1,0,0:0:0:0:
475,192,129307,1,0,0:0:0:0:
256,0,129400,128,0,129494:0:0:0:0:
36,0,129494,128,0,129682:0:0:0:0:
182,0,129588,128,0,129682:0:0:0:0:
402,0,129682,128,0,129869:0:0:0:0:
256,0,129775,128,0,129869:0:0:0:0:
329,0,129869,128,0,130057:0:0:0:0:
182,0,129963,128,0,130057:0:0:0:0:
402,192,130057,1,0,0:0:0:0:
109,192,130807,1,0,0:0:0:0:
256,192,131557,1,0,0:0:0:0:
329,192,132307,1,0,0:0:0:0:
36,0,133057,128,0,134557:0:0:0:0:
256,192,134557,1,0,0:0:0:0:
402,192,135307,1,0,0:0:0:0:
109,192,136057,1,0,0:0:0:0:
402,192,136057,1,0,0:0:0:0:
256,0,136057,128,0,140837:0:0:0:0:
475,192,136244,1,0,0:0:0:0:
109,192,136432,1,0,0:0:0:0:
402,192,136432,1,0,0:0:0:0:
36,192,136619,1,0,0:0:0:0:
475,192,136713,1,0,0:0:0:0:
109,192,136807,1,0,0:0:0:0:
402,192,136807,1,0,0:0:0:0:
109,192,137182,1,0,0:0:0:0:
402,192,137182,1,0,0:0:0:0:
475,192,137369,1,0,0:0:0:0:
109,192,137557,1,0,0:0:0:0:
402,192,137557,1,0,0:0:0:0:
182,192,137744,1,0,0:0:0:0:
109,192,137932,1,0,0:0:0:0:
402,192,137932,1,0,0:0:0:0:
475,192,138119,1,0,0:0:0:0:
329,192,138213,1,0,0:0:0:0:
109,192,138307,1,0,0:0:0:0:
402,192,138307,1,0,0:0:0:0:
109,192,138682,1,0,0:0:0:0:
402,192,138682,1,0,0:0:0:0:
182,192,138869,1,0,0:0:0:0:
36,192,139057,1,0,0:0:0:0:
109,192,139057,1,0,0:0:0:0:
402,192,139057,1,0,0:0:0:0:
329,192,139244,1,0,0:0:0:0:
109,192,139432,1,0,0:0:0:0:
402,192,139432,1,0,0:0:0:0:
475,192,139432,1,0,0:0:0:0:
36,192,139619,1,0,0:0:0:0:
329,192,139713,1,0,0:0:0:0:
109,192,139807,1,0,0:0:0:0:
182,192,139807,1,0,0:0:0:0:
402,192,139807,1,0,0:0:0:0:
109,192,140182,1,0,0:0:0:0:
329,192,140182,1,0,0:0:0:0:
402,192,140182,1,0,0:0:0:0:
109,192,140369,1,0,0:0:0:0:
36,192,140557,1,0,0:0:0:0:
182,192,140557,1,0,0:0:0:0:
329,192,140557,1,0,0:0:0:0:
475,192,140557,1,0,0:0:0:0:
109,192,140837,1,0,0:0:0:0:
475,192,140837,1,0,0:0:0:0:
402,192,140931,1,0,0:0:0:0:
182,192,141025,1,0,0:0:0:0:
475,0,141025,128,0,141962:0:0:0:0:
329,192,141119,1,0,0:0:0:0:
36,192,141212,1,0,0:0:0:0:
402,0,141212,128,0,141962:0:0:0:0:
256,192,141306,1,0,0:0:0:0:
109,192,141400,1,0,0:0:0:0:
329,0,141400,128,0,141962:0:0:0:0:
182,192,141494,1,0,0:0:0:0:
36,192,141587,1,0,0:0:0:0:
256,0,141587,128,0,141962:0:0:0:0:
109,192,141681,1,0,0:0:0:0:
182,0,141775,128,0,141962:0:0:0:0:
36,192,141869,1,0,0:0:0:0:
109,192,141962,1,0,0:0:0:0:
36,192,142056,1,0,0:0:0:0:
256,192,142056,1,0,0:0:0:0:
329,0,142056,128,0,142806:0:0:0:0:
475,192,142056,1,0,0:0:0:0:
109,192,142244,1,0,0:0:0:0:
402,192,142244,1,0,0:0:0:0:
475,0,142337,128,0,142525:0:0:0:0:
182,192,142431,1,0,0:0:0:0:
109,192,142619,1,0,0:0:0:0:
402,192,142619,1,0,0:0:0:0:
36,192,142806,1,0,0:0:0:0:
256,192,142806,1,0,0:0:0:0:
475,192,142806,1,0,0:0:0:0:
109,0,142806,128,0,143556:0:0:0:0:
402,192,142994,1,0,0:0:0:0:
36,0,143087,128,0,143275:0:0:0:0:
182,192,143087,1,0,0:0:0:0:
475,192,143181,1,0,0:0:0:0:
36,192,143369,1,0,0:0:0:0:
329,192,143369,1,0,0:0:0:0:
402,192,143369,1,0,0:0:0:0:
182,192,143556,1,0,0:0:0:0:
329,0,143556,128,0,144306:0:0:0:0:
475,192,143556,1,0,0:0:0:0:
182,0,143744,128,0,143931:0:0:0:0:
256,192,143744,1,0,0:0:0:0:
36,192,143931,1,0,0:0:0:0:
402,192,143931,1,0,0:0:0:0:
256,192,144119,1,0,0:0:0:0:
402,0,144119,128,0,144306:0:0:0:0:
109,192,144306,1,0,0:0:0:0:
475,192,144306,1,0,0:0:0:0:
36,0,144306,128,0,145056:0:0:0:0:
182,192,144494,1,0,0:0:0:0:
109,192,144681,1,0,0:0:0:0:
256,192,144681,1,0,0:0:0:0:
329,192,144681,1,0,0:0:0:0:
402,192,144681,1,0,0:0:0:0:
182,192,144869,1,0,0:0:0:0:
475,192,144869,1,0,0:0:0:0:
256,192,145056,1,0,0:0:0:0:
329,192,145056,1,0,0:0:0:0:
475,0,145056,128,0,145806:0:0:0:0:
109,192,145244,1,0,0:0:0:0:
36,192,145431,1,0,0:0:0:0:
329,192,145431,1,0,0:0:0:0:
402,192,145431,1,0,0:0:0:0:
182,192,145619,1,0,0:0:0:0:
109,192,145806,1,0,0:0:0:0:
182,192,145806,1,0,0:0:0:0:
329,0,145806,128,0,146556:0:0:0:0:
256,192,145994,1,0,0:0:0:0:
36,192,146181,1,0,0:0:0:0:
109,192,146181,1,0,0:0:0:0:
402,192,146181,1,0,0:0:0:0:
256,192,146369,1,0,0:0:0:0:
36,192,146556,1,0,0:0:0:0:
109,0,146556,128,0,147306:0:0:0:0:
182,192,146556,1,0,0:0:0:0:
475,192,146556,1,0,0:0:0:0:
182,192,146837,1,0,0:0:0:0:
402,192,146837,1,0,0:0:0:0:
475,192,146837,1,0,0:0:0:0:
256,192,146931,1,0,0:0:0:0:
182,192,147119,1,0,0:0:0:0:
475,192,147119,1,0,0:0:0:0:
36,192,147306,1,0,0:0:0:0:
256,192,147306,1,0,0:0:0:0:
402,192,147306,1,0,0:0:0:0:
109,192,147494,1,0,0:0:0:0:
182,192,147494,1,0,0:0:0:0:
182,192,147681,1,0,0:0:0:0:
329,192,147681,1,0,0:0:0:0:
475,192,147681,1,0,0:0:0:0:
109,192,147869,1,0,0:0:0:0:
182,192,147869,1,0,0:0:0:0:
36,192,148056,1,0,0:0:0:0:
402,192,148056,1,0,0:0:0:0:
475,192,148056,1,0,0:0:0:0:
109,192,148150,1,0,0:0:0:0:
256,192,148244,1,0,0:0:0:0:
182,192,148337,1,0,0:0:0:0:
109,192,148431,1,0,0:0:0:0:
475,192,148431,1,0,0:0:0:0:
182,192,148525,1,0,0:0:0:0:
256,192,148619,1,0,0:0:0:0:
182,192,148712,1,0,0:0:0:0:
36,192,148806,1,0,0:0:0:0:
402,192,148806,1,0,0:0:0:0:
109,192,148900,1,0,0:0:0:0:
329,192,148994,1,0,0:0:0:0:
182,192,149087,1,0,0:0:0:0:
36,192,149181,1,0,0:0:0:0:
402,192,149181,1,0,0:0:0:0:
475,192,149181,1,0,0:0:0:0:
256,0,149181,128,0,149556:0:0:0:0:
109,192,149275,1,0,0:0:0:0:
36,192,149369,1,0,0:0:0:0:
109,192,149462,1,0,0:0:0:0:
36,192,149556,1,0,0:0:0:0:
402,192,149556,1,0,0:0:0:0:
475,0,149556,128,0,150306:0:0:0:0:
182,192,149650,1,0,0:0:0:0:
109,192,149744,1,0,0:0:0:0:
256,192,149837,1,0,0:0:0:0:
182,192,149931,1,0,0:0:0:0:
329,192,149931,1,0,0:0:0:0:
402,192,149931,1,0,0:0:0:0:
109,192,150025,1,0,0:0:0:0:
36,192,150119,1,0,0:0:0:0:
182,192,150212,1,0,0:0:0:0:
109,192,150306,1,0,0:0:0:0:
256,192,150306,1,0,0:0:0:0:
36,0,150306,128,0,151056:0:0:0:0:
329,192,150400,1,0,0:0:0:0:
402,192,150494,1,0,0:0:0:0:
182,192,150587,1,0,0:0:0:0:
109,192,150681,1,0,0:0:0:0:
329,192,150681,1,0,0:0:0:0:
475,192,150681,1,0,0:0:0:0:
256,192,150775,1,0,0:0:0:0:
182,192,150869,1,0,0:0:0:0:
109,192,150962,1,0,0:0:0:0:
329,192,151056,1,0,0:0:0:0:
402,0,151056,128,0,151994:0:0:0:0:
475,192,151056,1,0,0:0:0:0:
182,192,151150,1,0,0:0:0:0:
109,192,151244,1,0,0:0:0:0:
36,192,151337,1,0,0:0:0:0:
256,192,151431,1,0,0:0:0:0:
329,192,151431,1,0,0:0:0:0:
475,192,151431,1,0,0:0:0:0:
182,192,151525,1,0,0:0:0:0:
109,192,151619,1,0,0:0:0:0:
182,192,151712,1,0,0:0:0:0:
329,192,151806,1,0,0:0:0:0:
475,192,151806,1,0,0:0:0:0:
36,192,151900,1,0,0:0:0:0:
109,192,151994,1,0,0:0:0:0:
256,0,151994,128,0,152556:0:0:0:0:
329,192,152087,1,0,0:0:0:0:
36,192,152181,1,0,0:0:0:0:
182,192,152181,1,0,0:0:0:0:
402,192,152181,1,0,0:0:0:0:
475,192,152275,1,0,0:0:0:0:
109,192,152369,1,0,0:0:0:0:
329,192,152462,1,0,0:0:0:0:
36,192,152556,1,0,0:0:0:0:
182,192,152556,1,0,0:0:0:0:
402,0,152556,128,0,153306:0:0:0:0:
475,0,152556,128,0,153306:0:0:0:0:
109,0,152744,128,0,152837:0:0:0:0:
182,0,152837,128,0,152931:0:0:0:0:
36,192,152931,1,0,0:0:0:0:
256,0,152931,128,0,153025:0:0:0:0:
329,0,153025,128,0,153119:0:0:0:0:
182,0,153119,128,0,153212:0:0:0:0:
256,0,153212,128,0,153306:0:0:0:0:
109,192,153306,1,0,0:0:0:0:
329,0,153306,128,0,153400:0:0:0:0:
402,0,153400,128,0,153494:0:0:0:0:
256,0,153494,128,0,153587:0:0:0:0:
329,0,153587,128,0,153681:0:0:0:0:
182,192,153681,1,0,0:0:0:0:
402,0,153681,128,0,153775:0:0:0:0:
475,0,153775,128,0,153869:0:0:0:0:
109,192,153869,1,0,0:0:0:0:
256,0,153869,128,0,154056:0:0:0:0:
36,192,154056,1,0,0:0:0:0:
182,192,154056,1,0,0:0:0:0:
329,192,154056,1,0,0:0:0:0:
402,192,154056,1,0,0:0:0:0:
475,192,154056,1,0,0:0:0:0:
36,192,155556,1,0,0:0:0:0:
329,192,155556,1,0,0:0:0:0:
109,0,155556,128,0,157056:0:0:0:0:
256,192,155744,1,0,0:0:0:0:
329,192,155931,1,0,0:0:0:0:
402,192,156119,1,0,0:0:0:0:
36,192,156306,1,0,0:0:0:0:
182,192,156306,1,0,0:0:0:0:
329,192,156494,1,0,0:0:0:0:
36,192,156681,1,0,0:0:0:0:
256,192,156681,1,0,0:0:0:0:
402,192,156869,1,0,0:0:0:0:
182,192,157056,1,0,0:0:0:0:
329,192,157056,1,0,0:0:0:0:
475,192,157056,1,0,0:0:0:0:
36,192,157431,1,0,0:0:0:0:
256,192,157431,1,0,0:0:0:0:
402,0,157431,128,0,157806:0:0:0:0:
475,0,157431,128,0,157806:0:0:0:0:
329,192,157619,1,0,0:0:0:0:
182,192,157806,1,0,0:0:0:0:
109,0,157994,128,0,158181:0:0:0:0:
329,192,157994,1,0,0:0:0:0:
36,192,158181,1,0,0:0:0:0:
256,0,158181,128,0,158369:0:0:0:0:
475,192,158181,1,0,0:0:0:0:
329,192,158369,1,0,0:0:0:0:
475,192,158369,1,0,0:0:0:0:
402,0,158369,128,0,158556:0:0:0:0:
182,192,158556,1,0,0:0:0:0:
109,192,158744,1,0,0:0:0:0:
475,0,158744,128,0,159072:0:0:0:0:
182,192,158931,1,0,0:0:0:0:
329,0,158931,128,0,159119:0:0:0:0:
402,192,158931,1,0,0:0:0:0:
402,0,159119,128,0,159447:0:0:0:0:
475,192,159119,1,0,0:0:0:0:
36,192,159306,1,0,0:0:0:0:
109,192,159306,1,0,0:0:0:0:
256,0,159306,128,0,159494:0:0:0:0:
329,0,159494,128,0,159822:0:0:0:0:
402,192,159494,1,0,0:0:0:0:
109,192,159681,1,0,0:0:0:0:
182,0,159681,128,0,159869:0:0:0:0:
475,192,159681,1,0,0:0:0:0:
256,192,159869,1,0,0:0:0:0:
329,192,159869,1,0,0:0:0:0:
36,192,160056,1,0,0:0:0:0:
109,192,160056,1,0,0:0:0:0:
256,192,160056,1,0,0:0:0:0:
402,192,160056,1,0,0:0:0:0:
475,192,160056,1,0,0:0:0:0:
109,192,160619,1,0,0:0:0:0:
182,0,160619,128,0,161181:0:0:0:0:
256,192,160619,1,0,0:0:0:0:
329,0,160619,128,0,161181:0:0:0:0:
402,192,160619,1,0,0:0:0:0:
36,192,161181,1,0,0:0:0:0:
256,192,161181,1,0,0:0:0:0:
475,192,161181,1,0,0:0:0:0:
109,0,161181,128,0,161744:0:0:0:0:
402,0,161181,128,0,161744:0:0:0:0:
256,192,161744,1,0,0:0:0:0:
36,0,161744,128,0,163056:0:0:0:0:
475,0,161744,128,0,163056:0:0:0:0:
