[Metadata]
Alteration
ZAQ
Genesis
sasami san ganbaranai
73
0

[TimingPoints]
421,375,4,2,2,0,1,0
3984,750,4,2,2,0,1,0
9984,375,4,2,2,0,1,0
78234,387.096774193548,4,2,2,0,1,0
80557,375,4,2,2,0,1,0
130057,750,4,2,2,0,1,0
136057,375,4,2,2,0,1,0
140557,750,4,2,2,0,1,0
140650,375,4,2,2,0,1,0
140697,187.5,4,2,2,0,1,0
140744,375,4,2,2,0,1,0


[HitObjects]
36,192,3984,5,0,0:0:0:0:
109,192,3984,1,0,0:0:0:0:
402,192,3984,1,0,0:0:0:0:
475,192,3984,1,0,0:0:0:0:
256,192,4359,1,0,0:0:0:0:
182,192,4734,1,0,0:0:0:0:
256,192,5109,1,0,0:0:0:0:
475,192,5296,1,0,0:0:0:0:
329,192,5484,1,0,0:0:0:0:
475,192,5484,1,0,0:0:0:0:
256,192,5859,1,0,0:0:0:0:
182,192,6234,1,0,0:0:0:0:
256,192,6609,1,0,0:0:0:0:
475,192,6796,1,0,0:0:0:0:
329,192,6984,1,0,0:0:0:0:
475,192,6984,1,0,0:0:0:0:
256,192,7359,1,0,0:0:0:0:
109,192,7734,1,0,0:0:0:0:
256,192,8109,1,0,0:0:0:0:
475,192,8296,1,0,0:0:0:0:
329,192,8484,1,0,0:0:0:0:
475,192,8484,1,0,0:0:0:0:
256,192,8859,1,0,0:0:0:0:
36,192,9234,1,0,0:0:0:0:
256,192,9609,1,0,0:0:0:0:
36,192,9984,1,0,0:0:0:0:
256,0,9984,128,0,10171:0:0:0:0:
402,192,9984,1,0,0:0:0:0:
475,192,9984,1,0,0:0:0:0:
109,192,10171,1,0,0:0:0:0:
329,192,10265,1,0,0:0:0:0:
36,192,10359,1,0,0:0:0:0:
256,0,10359,128,0,10546:0:0:0:0:
475,192,10359,1,0,0:0:0:0:
329,192,10546,1,0,0:0:0:0:
36,192,10734,1,0,0:0:0:0:
182,192,10734,1,0,0:0:0:0:
256,0,10734,128,0,10921:0:0:0:0:
402,192,10734,1,0,0:0:0:0:
475,192,10734,1,0,0:0:0:0:
36,192,11109,1,0,0:0:0:0:
256,0,11109,128,0,11296:0:0:0:0:
475,192,11109,1,0,0:0:0:0:
182,192,11296,1,0,0:0:0:0:
36,192,11484,1,0,0:0:0:0:
109,192,11484,1,0,0:0:0:0:
256,0,11484,128,0,11671:0:0:0:0:
475,192,11484,1,0,0:0:0:0:
329,192,11671,1,0,0:0:0:0:
36,192,11859,1,0,0:0:0:0:
182,192,11859,1,0,0:0:0:0:
256,0,11859,128,0,12046:0:0:0:0:
475,192,11859,1,0,0:0:0:0:
402,192,12046,1,0,0:0:0:0:
36,192,12234,1,0,0:0:0:0:
109,192,12234,1,0,0:0:0:0:
256,0,12234,128,0,12421:0:0:0:0:
329,192,12234,1,0,0:0:0:0:
475,192,12234,1,0,0:0:0:0:
36,192,12609,1,0,0:0:0:0:
256,0,12609,128,0,12796:0:0:0:0:
402,192,12609,1,0,0:0:0:0:
475,192,12609,1,0,0:0:0:0:
402,192,12796,1,0,0:0:0:0:
475,192,12796,1,0,0:0:0:0:
36,0,12984,128,0,13640:0:0:0:0:
402,192,12984,1,0,0:0:0:0:
475,192,12984,1,0,0:0:0:0:
109,0,13030,128,0,13265:0:0:0:0:
182,0,13077,128,0,13312:0:0:0:0:
256,0,13124,128,0,13359:0:0:0:0:
329,0,13171,128,0,13405:0:0:0:0:
402,0,13218,128,0,13452:0:0:0:0:
109,0,13359,128,0,13687:0:0:0:0:
182,0,13405,128,0,13734:0:0:0:0:
256,0,13452,128,0,13780:0:0:0:0:
329,0,13499,128,0,13827:0:0:0:0:
402,0,13546,128,0,13874:0:0:0:0:
475,0,13593,128,0,14249:0:0:0:0:
36,0,13734,128,0,14484:0:0:0:0:
109,0,13780,128,0,14015:0:0:0:0:
182,0,13827,128,0,14062:0:0:0:0:
256,0,13874,128,0,14109:0:0:0:0:
329,0,13921,128,0,14155:0:0:0:0:
402,0,13968,128,0,14202:0:0:0:0:
109,0,14109,128,0,14484:0:0:0:0:
182,0,14155,128,0,14202:0:0:0:0:
256,0,14202,128,0,14249:0:0:0:0:
329,0,14249,128,0,14296:0:0:0:0:
402,0,14296,128,0,14484:0:0:0:0:
475,0,14343,128,0,14484:0:0:0:0:
182,192,14484,1,0,0:0:0:0:
256,192,14484,1,0,0:0:0:0:
329,192,14484,1,0,0:0:0:0:
109,192,14577,1,0,0:0:0:0:
402,192,14577,1,0,0:0:0:0:
182,192,14671,1,0,0:0:0:0:
329,192,14671,1,0,0:0:0:0:
109,192,14765,1,0,0:0:0:0:
402,192,14765,1,0,0:0:0:0:
182,192,14859,1,0,0:0:0:0:
329,192,14859,1,0,0:0:0:0:
109,192,14952,1,0,0:0:0:0:
402,192,14952,1,0,0:0:0:0:
182,192,15046,1,0,0:0:0:0:
329,192,15046,1,0,0:0:0:0:
109,192,15140,1,0,0:0:0:0:
402,192,15140,1,0,0:0:0:0:
36,192,15234,1,0,0:0:0:0:
256,192,15234,1,0,0:0:0:0:
475,192,15234,1,0,0:0:0:0:
109,192,15327,1,0,0:0:0:0:
402,192,15327,1,0,0:0:0:0:
182,192,15421,1,0,0:0:0:0:
329,192,15421,1,0,0:0:0:0:
109,192,15515,1,0,0:0:0:0:
402,192,15515,1,0,0:0:0:0:
182,192,15609,1,0,0:0:0:0:
329,192,15609,1,0,0:0:0:0:
109,192,15702,1,0,0:0:0:0:
402,192,15702,1,0,0:0:0:0:
182,192,15796,1,0,0:0:0:0:
329,192,15796,1,0,0:0:0:0:
109,192,15890,1,0,0:0:0:0:
402,192,15890,1,0,0:0:0:0:
36,192,15984,1,0,0:0:0:0:
182,192,15984,1,0,0:0:0:0:
256,192,15984,1,0,0:0:0:0:
329,192,15984,1,0,0:0:0:0:
475,0,15984,128,0,16171:0:0:0:0:
36,0,16171,128,0,16359:0:0:0:0:
182,192,16171,1,0,0:0:0:0:
402,192,16171,1,0,0:0:0:0:
109,192,16359,1,0,0:0:0:0:
256,192,16359,1,0,0:0:0:0:
475,0,16359,128,0,16546:0:0:0:0:
36,0,16546,128,0,16734:0:0:0:0:
329,192,16546,1,0,0:0:0:0:
402,192,16546,1,0,0:0:0:0:
109,192,16734,1,0,0:0:0:0:
182,192,16734,1,0,0:0:0:0:
256,192,16734,1,0,0:0:0:0:
402,0,16734,128,0,16921:0:0:0:0:
36,192,16921,1,0,0:0:0:0:
109,0,16921,128,0,17109:0:0:0:0:
182,192,16921,1,0,0:0:0:0:
475,192,16921,1,0,0:0:0:0:
182,192,17109,1,0,0:0:0:0:
256,192,17109,1,0,0:0:0:0:
402,0,17109,128,0,17296:0:0:0:0:
36,192,17296,1,0,0:0:0:0:
329,192,17296,1,0,0:0:0:0:
475,192,17296,1,0,0:0:0:0:
109,0,17296,128,0,17484:0:0:0:0:
36,0,17484,128,0,17671:0:0:0:0:
329,192,17484,1,0,0:0:0:0:
475,192,17484,1,0,0:0:0:0:
109,0,17530,128,0,17765:0:0:0:0:
182,0,17577,128,0,17859:0:0:0:0:
256,0,17624,128,0,17952:0:0:0:0:
329,0,17671,128,0,18046:0:0:0:0:
402,0,17718,128,0,18140:0:0:0:0:
475,0,17765,128,0,18234:0:0:0:0:
109,192,17812,1,0,0:0:0:0:
36,0,17859,128,0,17905:0:0:0:0:
182,192,17905,1,0,0:0:0:0:
109,0,17952,128,0,17999:0:0:0:0:
256,192,17999,1,0,0:0:0:0:
182,0,18046,128,0,18093:0:0:0:0:
329,192,18093,1,0,0:0:0:0:
256,0,18140,128,0,18187:0:0:0:0:
402,192,18187,1,0,0:0:0:0:
36,0,18234,128,0,18327:0:0:0:0:
182,192,18234,1,0,0:0:0:0:
329,0,18234,128,0,18280:0:0:0:0:
475,192,18280,1,0,0:0:0:0:
109,0,18327,128,0,18421:0:0:0:0:
256,192,18327,1,0,0:0:0:0:
402,0,18327,128,0,18374:0:0:0:0:
182,0,18421,128,0,18515:0:0:0:0:
329,192,18421,1,0,0:0:0:0:
475,0,18421,128,0,18468:0:0:0:0:
109,192,18515,1,0,0:0:0:0:
256,192,18515,1,0,0:0:0:0:
402,192,18515,1,0,0:0:0:0:
36,0,18609,128,0,18890:0:0:0:0:
182,0,18609,128,0,18890:0:0:0:0:
256,192,18609,1,0,0:0:0:0:
329,0,18609,128,0,18890:0:0:0:0:
475,0,18609,128,0,18890:0:0:0:0:
109,0,18984,128,0,19171:0:0:0:0:
256,0,18984,128,0,19171:0:0:0:0:
402,0,18984,128,0,19171:0:0:0:0:
36,0,19171,128,0,19359:0:0:0:0:
182,0,19171,128,0,19359:0:0:0:0:
329,0,19171,128,0,19359:0:0:0:0:
475,0,19171,128,0,19734:0:0:0:0:
109,0,19359,128,0,19546:0:0:0:0:
256,0,19359,128,0,19546:0:0:0:0:
402,0,19359,128,0,19546:0:0:0:0:
36,0,19546,128,0,19734:0:0:0:0:
182,0,19546,128,0,19734:0:0:0:0:
329,0,19640,128,0,19921:0:0:0:0:
109,192,19734,1,0,0:0:0:0:
256,0,19734,128,0,19921:0:0:0:0:
402,0,19734,128,0,19921:0:0:0:0:
36,192,19921,1,0,0:0:0:0:
109,0,19921,128,0,20109:0:0:0:0:
182,0,19921,128,0,20109:0:0:0:0:
475,192,19921,1,0,0:0:0:0:
329,0,20109,128,0,20296:0:0:0:0:
402,0,20109,128,0,20296:0:0:0:0:
475,0,20109,128,0,20296:0:0:0:0:
36,0,20109,128,0,20671:0:0:0:0:
256,0,20109,128,0,20671:0:0:0:0:
109,0,20296,128,0,20484:0:0:0:0:
182,0,20296,128,0,20484:0:0:0:0:
329,0,20484,128,0,20859:0:0:0:0:
402,0,20484,128,0,20671:0:0:0:0:
475,0,20484,128,0,20671:0:0:0:0:
109,0,20671,128,0,20859:0:0:0:0:
182,0,20671,128,0,20859:0:0:0:0:
36,0,20859,128,0,21046:0:0:0:0:
256,0,20859,128,0,21046:0:0:0:0:
402,0,20859,128,0,21046:0:0:0:0:
109,0,21046,128,0,21421:0:0:0:0:
182,0,21046,128,0,21421:0:0:0:0:
329,0,21046,128,0,21421:0:0:0:0:
475,0,21046,128,0,21421:0:0:0:0:
36,0,21421,128,0,21609:0:0:0:0:
256,0,21421,128,0,21609:0:0:0:0:
402,0,21421,128,0,21609:0:0:0:0:
109,192,21609,1,0,0:0:0:0:
182,0,21609,128,0,21796:0:0:0:0:
329,0,21609,128,0,21796:0:0:0:0:
475,0,21609,128,0,21796:0:0:0:0:
109,0,21796,128,0,21984:0:0:0:0:
256,0,21796,128,0,21984:0:0:0:0:
402,0,21796,128,0,21984:0:0:0:0:
36,0,21984,128,0,22171:0:0:0:0:
182,0,21984,128,0,22171:0:0:0:0:
329,0,21984,128,0,22171:0:0:0:0:
475,0,21984,128,0,22546:0:0:0:0:
109,0,22171,128,0,22359:0:0:0:0:
256,0,22171,128,0,22359:0:0:0:0:
402,0,22171,128,0,22359:0:0:0:0:
36,0,22359,128,0,22546:0:0:0:0:
182,0,22359,128,0,22546:0:0:0:0:
329,0,22359,128,0,22546:0:0:0:0:
109,0,22546,128,0,22734:0:0:0:0:
256,0,22546,128,0,22734:0:0:0:0:
402,0,22546,128,0,22734:0:0:0:0:
36,0,22734,128,0,23296:0:0:0:0:
182,0,22734,128,0,22921:0:0:0:0:
329,192,22734,1,0,0:0:0:0:
475,0,22734,128,0,22921:0:0:0:0:
109,0,22921,128,0,23109:0:0:0:0:
256,0,22921,128,0,23109:0:0:0:0:
402,0,22921,128,0,23109:0:0:0:0:
182,0,23109,128,0,23296:0:0:0:0:
329,0,23109,128,0,23202:0:0:0:0:
475,0,23109,128,0,23296:0:0:0:0:
109,0,23296,128,0,23484:0:0:0:0:
256,0,23296,128,0,23484:0:0:0:0:
402,0,23296,128,0,23484:0:0:0:0:
36,0,23484,128,0,23671:0:0:0:0:
182,0,23484,128,0,23671:0:0:0:0:
329,0,23484,128,0,23577:0:0:0:0:
475,0,23484,128,0,23671:0:0:0:0:
109,0,23671,128,0,23859:0:0:0:0:
256,0,23671,128,0,23859:0:0:0:0:
402,192,23671,1,0,0:0:0:0:
36,0,23859,128,0,24046:0:0:0:0:
182,0,23859,128,0,24046:0:0:0:0:
329,0,23859,128,0,24046:0:0:0:0:
402,0,23859,128,0,24234:0:0:0:0:
475,0,23859,128,0,24046:0:0:0:0:
109,0,24046,128,0,24234:0:0:0:0:
256,192,24046,1,0,0:0:0:0:
36,192,24234,1,0,0:0:0:0:
182,0,24234,128,0,24327:0:0:0:0:
256,0,24234,128,0,24327:0:0:0:0:
329,0,24234,128,0,24327:0:0:0:0:
109,0,24327,128,0,24515:0:0:0:0:
402,0,24421,128,0,24515:0:0:0:0:
475,0,24421,128,0,24515:0:0:0:0:
36,192,24609,1,0,0:0:0:0:
109,0,24609,128,0,24702:0:0:0:0:
256,0,24609,128,0,24702:0:0:0:0:
329,0,24609,128,0,24702:0:0:0:0:
36,192,24796,1,0,0:0:0:0:
329,0,24796,128,0,24890:0:0:0:0:
402,0,24796,128,0,24890:0:0:0:0:
475,0,24796,128,0,24890:0:0:0:0:
109,0,24984,128,0,25546:0:0:0:0:
182,0,24984,128,0,25171:0:0:0:0:
329,0,24984,128,0,25171:0:0:0:0:
402,0,24984,128,0,25171:0:0:0:0:
475,192,24984,1,0,0:0:0:0:
36,0,25171,128,0,25359:0:0:0:0:
256,0,25171,128,0,25359:0:0:0:0:
475,0,25171,128,0,25359:0:0:0:0:
182,0,25359,128,0,25546:0:0:0:0:
329,0,25359,128,0,25546:0:0:0:0:
402,0,25359,128,0,25499:0:0:0:0:
36,0,25546,128,0,25734:0:0:0:0:
256,0,25546,128,0,25734:0:0:0:0:
402,192,25546,1,0,0:0:0:0:
475,0,25546,128,0,25734:0:0:0:0:
109,0,25734,128,0,25921:0:0:0:0:
182,0,25734,128,0,25921:0:0:0:0:
256,192,25921,1,0,0:0:0:0:
329,0,25921,128,0,26109:0:0:0:0:
402,0,25921,128,0,26109:0:0:0:0:
475,0,25921,128,0,26296:0:0:0:0:
36,0,25921,128,0,26484:0:0:0:0:
109,0,26109,128,0,26296:0:0:0:0:
182,0,26109,128,0,26296:0:0:0:0:
256,192,26109,1,0,0:0:0:0:
256,192,26296,1,0,0:0:0:0:
329,0,26296,128,0,26484:0:0:0:0:
402,0,26296,128,0,26484:0:0:0:0:
109,0,26484,128,0,26671:0:0:0:0:
256,0,26484,128,0,26671:0:0:0:0:
475,0,26484,128,0,27984:0:0:0:0:
36,0,26671,128,0,26859:0:0:0:0:
182,0,26671,128,0,26859:0:0:0:0:
329,0,26671,128,0,26859:0:0:0:0:
402,0,26671,128,0,27234:0:0:0:0:
109,0,26859,128,0,27046:0:0:0:0:
256,0,26859,128,0,27046:0:0:0:0:
36,0,27046,128,0,27234:0:0:0:0:
182,0,27046,128,0,27515:0:0:0:0:
109,0,27234,128,0,27421:0:0:0:0:
329,0,27234,128,0,27421:0:0:0:0:
36,0,27421,128,0,27609:0:0:0:0:
256,0,27421,128,0,27609:0:0:0:0:
402,0,27421,128,0,27609:0:0:0:0:
109,0,27609,128,0,27796:0:0:0:0:
182,0,27609,128,0,27796:0:0:0:0:
329,192,27609,1,0,0:0:0:0:
402,192,27702,1,0,0:0:0:0:
256,192,27796,1,0,0:0:0:0:
36,0,27796,128,0,27984:0:0:0:0:
329,0,27796,128,0,27984:0:0:0:0:
402,192,27890,1,0,0:0:0:0:
109,192,27984,1,0,0:0:0:0:
182,192,27984,1,0,0:0:0:0:
256,192,27984,1,0,0:0:0:0:
329,192,28171,1,0,0:0:0:0:
109,192,28359,1,0,0:0:0:0:
329,192,28452,1,0,0:0:0:0:
36,192,28546,1,0,0:0:0:0:
182,192,28546,1,0,0:0:0:0:
256,0,28546,128,0,28921:0:0:0:0:
402,192,28546,1,0,0:0:0:0:
36,192,28921,1,0,0:0:0:0:
182,192,28921,1,0,0:0:0:0:
329,192,28921,1,0,0:0:0:0:
402,192,28921,1,0,0:0:0:0:
182,192,29296,1,0,0:0:0:0:
402,192,29296,1,0,0:0:0:0:
475,192,29296,1,0,0:0:0:0:
36,0,29484,128,0,30046:0:0:0:0:
182,0,29484,128,0,29671:0:0:0:0:
329,0,29484,128,0,29671:0:0:0:0:
475,0,29484,128,0,30046:0:0:0:0:
109,0,29671,128,0,29812:0:0:0:0:
256,0,29671,128,0,29812:0:0:0:0:
402,0,29671,128,0,29812:0:0:0:0:
109,192,29859,1,0,0:0:0:0:
182,0,29859,128,0,30046:0:0:0:0:
256,192,29859,1,0,0:0:0:0:
329,0,29859,128,0,30046:0:0:0:0:
402,192,29859,1,0,0:0:0:0:
109,0,30046,128,0,30234:0:0:0:0:
256,0,30046,128,0,30609:0:0:0:0:
402,0,30046,128,0,30234:0:0:0:0:
36,0,30234,128,0,30421:0:0:0:0:
182,0,30234,128,0,30421:0:0:0:0:
329,0,30234,128,0,30421:0:0:0:0:
475,0,30234,128,0,30421:0:0:0:0:
109,0,30421,128,0,30609:0:0:0:0:
402,0,30421,128,0,30609:0:0:0:0:
36,0,30609,128,0,30796:0:0:0:0:
182,0,30609,128,0,30796:0:0:0:0:
329,0,30609,128,0,30796:0:0:0:0:
475,0,30609,128,0,30796:0:0:0:0:
109,0,30796,128,0,30984:0:0:0:0:
256,0,30796,128,0,30984:0:0:0:0:
402,0,30796,128,0,30984:0:0:0:0:
182,192,30890,1,0,0:0:0:0:
36,192,30984,1,0,0:0:0:0:
329,192,30984,1,0,0:0:0:0:
475,192,30984,1,0,0:0:0:0:
256,192,31077,1,0,0:0:0:0:
182,192,31171,1,0,0:0:0:0:
475,192,31171,1,0,0:0:0:0:
109,192,31265,1,0,0:0:0:0:
256,192,31265,1,0,0:0:0:0:
36,192,31359,1,0,0:0:0:0:
402,192,31359,1,0,0:0:0:0:
475,192,31359,1,0,0:0:0:0:
109,192,31452,1,0,0:0:0:0:
329,192,31452,1,0,0:0:0:0:
256,192,31546,1,0,0:0:0:0:
182,192,31640,1,0,0:0:0:0:
36,192,31734,1,0,0:0:0:0:
329,192,31734,1,0,0:0:0:0:
475,192,31734,1,0,0:0:0:0:
109,192,31827,1,0,0:0:0:0:
402,192,31827,1,0,0:0:0:0:
256,192,31921,1,0,0:0:0:0:
182,192,32015,1,0,0:0:0:0:
329,192,32015,1,0,0:0:0:0:
36,192,32109,1,0,0:0:0:0:
402,192,32109,1,0,0:0:0:0:
109,192,32202,1,0,0:0:0:0:
256,192,32202,1,0,0:0:0:0:
329,192,32296,1,0,0:0:0:0:
475,192,32296,1,0,0:0:0:0:
109,192,32390,1,0,0:0:0:0:
36,192,32484,1,0,0:0:0:0:
182,192,32484,1,0,0:0:0:0:
256,192,32484,1,0,0:0:0:0:
475,192,32484,1,0,0:0:0:0:
402,192,32577,1,0,0:0:0:0:
109,0,32671,128,0,32859:0:0:0:0:
329,192,32671,1,0,0:0:0:0:
256,192,32765,1,0,0:0:0:0:
402,192,32765,1,0,0:0:0:0:
36,192,32859,1,0,0:0:0:0:
182,192,32859,1,0,0:0:0:0:
475,192,32859,1,0,0:0:0:0:
109,192,32952,1,0,0:0:0:0:
256,192,32952,1,0,0:0:0:0:
402,192,33046,1,0,0:0:0:0:
36,192,33140,1,0,0:0:0:0:
329,192,33140,1,0,0:0:0:0:
109,192,33234,1,0,0:0:0:0:
182,0,33234,128,0,33609:0:0:0:0:
475,192,33234,1,0,0:0:0:0:
256,192,33327,1,0,0:0:0:0:
402,192,33421,1,0,0:0:0:0:
109,192,33515,1,0,0:0:0:0:
329,192,33515,1,0,0:0:0:0:
36,0,33609,128,0,33796:0:0:0:0:
256,192,33609,1,0,0:0:0:0:
329,192,33702,1,0,0:0:0:0:
402,192,33702,1,0,0:0:0:0:
109,192,33796,1,0,0:0:0:0:
475,192,33796,1,0,0:0:0:0:
256,192,33890,1,0,0:0:0:0:
36,192,33984,1,0,0:0:0:0:
182,192,33984,1,0,0:0:0:0:
329,192,33984,1,0,0:0:0:0:
475,192,34077,1,0,0:0:0:0:
182,192,34171,1,0,0:0:0:0:
402,192,34171,1,0,0:0:0:0:
329,192,34265,1,0,0:0:0:0:
475,192,34265,1,0,0:0:0:0:
109,192,34359,1,0,0:0:0:0:
182,192,34359,1,0,0:0:0:0:
256,192,34359,1,0,0:0:0:0:
36,192,34452,1,0,0:0:0:0:
329,192,34452,1,0,0:0:0:0:
475,192,34546,1,0,0:0:0:0:
402,192,34640,1,0,0:0:0:0:
36,192,34734,1,0,0:0:0:0:
182,192,34734,1,0,0:0:0:0:
256,192,34734,1,0,0:0:0:0:
109,192,34827,1,0,0:0:0:0:
329,192,34827,1,0,0:0:0:0:
475,192,34921,1,0,0:0:0:0:
36,192,35015,1,0,0:0:0:0:
402,192,35015,1,0,0:0:0:0:
109,192,35109,1,0,0:0:0:0:
256,192,35109,1,0,0:0:0:0:
329,192,35202,1,0,0:0:0:0:
475,192,35202,1,0,0:0:0:0:
36,192,35296,1,0,0:0:0:0:
182,192,35296,1,0,0:0:0:0:
329,192,35390,1,0,0:0:0:0:
182,192,35484,1,0,0:0:0:0:
256,192,35484,1,0,0:0:0:0:
402,192,35484,1,0,0:0:0:0:
475,192,35484,1,0,0:0:0:0:
109,192,35577,1,0,0:0:0:0:
36,192,35671,1,0,0:0:0:0:
329,0,35671,128,0,35859:0:0:0:0:
109,192,35765,1,0,0:0:0:0:
475,192,35765,1,0,0:0:0:0:
182,192,35859,1,0,0:0:0:0:
256,192,35859,1,0,0:0:0:0:
402,192,35859,1,0,0:0:0:0:
329,192,35952,1,0,0:0:0:0:
475,192,35952,1,0,0:0:0:0:
109,192,36046,1,0,0:0:0:0:
182,0,36046,128,0,36140:0:0:0:0:
36,192,36140,1,0,0:0:0:0:
256,192,36140,1,0,0:0:0:0:
475,0,36140,128,0,36234:0:0:0:0:
182,192,36234,1,0,0:0:0:0:
329,0,36234,128,0,36515:0:0:0:0:
402,192,36234,1,0,0:0:0:0:
475,192,36327,1,0,0:0:0:0:
109,192,36421,1,0,0:0:0:0:
36,192,36515,1,0,0:0:0:0:
182,192,36515,1,0,0:0:0:0:
475,0,36515,128,0,36796:0:0:0:0:
256,192,36609,1,0,0:0:0:0:
402,192,36609,1,0,0:0:0:0:
36,192,36702,1,0,0:0:0:0:
109,192,36702,1,0,0:0:0:0:
182,192,36796,1,0,0:0:0:0:
329,192,36796,1,0,0:0:0:0:
475,192,36890,1,0,0:0:0:0:
36,192,36984,1,0,0:0:0:0:
109,192,36984,1,0,0:0:0:0:
182,192,36984,1,0,0:0:0:0:
402,192,36984,1,0,0:0:0:0:
329,192,37077,1,0,0:0:0:0:
36,192,37171,1,0,0:0:0:0:
256,192,37171,1,0,0:0:0:0:
182,192,37265,1,0,0:0:0:0:
329,192,37265,1,0,0:0:0:0:
36,192,37359,1,0,0:0:0:0:
109,192,37359,1,0,0:0:0:0:
475,192,37359,1,0,0:0:0:0:
182,192,37452,1,0,0:0:0:0:
402,192,37452,1,0,0:0:0:0:
329,192,37546,1,0,0:0:0:0:
256,192,37640,1,0,0:0:0:0:
36,192,37734,1,0,0:0:0:0:
109,192,37734,1,0,0:0:0:0:
402,192,37734,1,0,0:0:0:0:
182,192,37827,1,0,0:0:0:0:
475,192,37827,1,0,0:0:0:0:
329,192,37921,1,0,0:0:0:0:
256,192,38015,1,0,0:0:0:0:
402,192,38015,1,0,0:0:0:0:
109,192,38109,1,0,0:0:0:0:
475,192,38109,1,0,0:0:0:0:
182,192,38202,1,0,0:0:0:0:
329,192,38202,1,0,0:0:0:0:
36,192,38296,1,0,0:0:0:0:
402,192,38296,1,0,0:0:0:0:
182,192,38390,1,0,0:0:0:0:
36,192,38484,1,0,0:0:0:0:
109,192,38484,1,0,0:0:0:0:
256,192,38484,1,0,0:0:0:0:
329,192,38484,1,0,0:0:0:0:
475,192,38577,1,0,0:0:0:0:
182,0,38671,128,0,38859:0:0:0:0:
402,192,38671,1,0,0:0:0:0:
329,192,38765,1,0,0:0:0:0:
475,192,38765,1,0,0:0:0:0:
36,192,38859,1,0,0:0:0:0:
109,192,38859,1,0,0:0:0:0:
256,192,38859,1,0,0:0:0:0:
182,192,38952,1,0,0:0:0:0:
329,192,38952,1,0,0:0:0:0:
475,192,39046,1,0,0:0:0:0:
109,192,39140,1,0,0:0:0:0:
402,192,39140,1,0,0:0:0:0:
36,192,39234,1,0,0:0:0:0:
182,192,39234,1,0,0:0:0:0:
256,0,39234,128,0,39609:0:0:0:0:
329,192,39327,1,0,0:0:0:0:
475,192,39421,1,0,0:0:0:0:
182,192,39515,1,0,0:0:0:0:
402,192,39515,1,0,0:0:0:0:
109,0,39609,128,0,39796:0:0:0:0:
329,192,39609,1,0,0:0:0:0:
402,192,39702,1,0,0:0:0:0:
475,192,39702,1,0,0:0:0:0:
36,192,39796,1,0,0:0:0:0:
182,192,39796,1,0,0:0:0:0:
329,192,39890,1,0,0:0:0:0:
109,192,39984,1,0,0:0:0:0:
256,192,39984,1,0,0:0:0:0:
402,192,39984,1,0,0:0:0:0:
36,192,40077,1,0,0:0:0:0:
256,192,40171,1,0,0:0:0:0:
475,192,40171,1,0,0:0:0:0:
36,192,40265,1,0,0:0:0:0:
402,192,40265,1,0,0:0:0:0:
182,192,40359,1,0,0:0:0:0:
256,192,40359,1,0,0:0:0:0:
329,192,40359,1,0,0:0:0:0:
109,192,40452,1,0,0:0:0:0:
402,192,40452,1,0,0:0:0:0:
36,192,40546,1,0,0:0:0:0:
475,192,40640,1,0,0:0:0:0:
109,192,40734,1,0,0:0:0:0:
256,192,40734,1,0,0:0:0:0:
329,192,40734,1,0,0:0:0:0:
182,192,40827,1,0,0:0:0:0:
402,192,40827,1,0,0:0:0:0:
36,192,40921,1,0,0:0:0:0:
109,192,41015,1,0,0:0:0:0:
475,192,41015,1,0,0:0:0:0:
182,192,41109,1,0,0:0:0:0:
329,192,41109,1,0,0:0:0:0:
402,192,41109,1,0,0:0:0:0:
182,192,41296,1,0,0:0:0:0:
329,192,41296,1,0,0:0:0:0:
402,192,41296,1,0,0:0:0:0:
36,192,41484,1,0,0:0:0:0:
109,192,41484,1,0,0:0:0:0:
256,192,41484,1,0,0:0:0:0:
256,192,41859,1,0,0:0:0:0:
475,192,41859,1,0,0:0:0:0:
256,192,42046,1,0,0:0:0:0:
36,192,42234,1,0,0:0:0:0:
182,0,42234,128,0,42515:0:0:0:0:
402,192,42234,1,0,0:0:0:0:
329,0,42234,128,0,42984:0:0:0:0:
475,0,42234,128,0,42984:0:0:0:0:
256,0,42327,128,0,42421:0:0:0:0:
36,0,42421,128,0,42702:0:0:0:0:
402,0,42421,128,0,42609:0:0:0:0:
109,0,42515,128,0,42609:0:0:0:0:
182,0,42609,128,0,42890:0:0:0:0:
256,0,42702,128,0,42796:0:0:0:0:
36,0,42796,128,0,42984:0:0:0:0:
402,0,42796,128,0,42984:0:0:0:0:
109,0,42890,128,0,42984:0:0:0:0:
182,192,42984,1,0,0:0:0:0:
256,192,42984,1,0,0:0:0:0:
109,192,43077,1,0,0:0:0:0:
36,192,43171,1,0,0:0:0:0:
475,192,43171,1,0,0:0:0:0:
109,0,43359,128,0,43546:0:0:0:0:
182,192,43359,1,0,0:0:0:0:
402,192,43359,1,0,0:0:0:0:
256,192,43452,1,0,0:0:0:0:
329,192,43546,1,0,0:0:0:0:
475,192,43546,1,0,0:0:0:0:
36,192,43734,1,0,0:0:0:0:
402,192,43734,1,0,0:0:0:0:
182,192,43827,1,0,0:0:0:0:
36,192,43921,1,0,0:0:0:0:
329,192,43921,1,0,0:0:0:0:
109,192,44109,1,0,0:0:0:0:
402,192,44109,1,0,0:0:0:0:
182,192,44202,1,0,0:0:0:0:
36,192,44296,1,0,0:0:0:0:
475,192,44296,1,0,0:0:0:0:
256,0,44296,128,0,44671:0:0:0:0:
402,0,44296,128,0,44671:0:0:0:0:
109,192,44484,1,0,0:0:0:0:
329,192,44671,1,0,0:0:0:0:
36,192,44859,1,0,0:0:0:0:
109,192,44859,1,0,0:0:0:0:
256,192,44859,1,0,0:0:0:0:
475,192,44859,1,0,0:0:0:0:
182,0,45046,128,0,45609:0:0:0:0:
475,0,45046,128,0,45609:0:0:0:0:
36,192,45234,1,0,0:0:0:0:
256,192,45234,1,0,0:0:0:0:
329,192,45234,1,0,0:0:0:0:
402,192,45234,1,0,0:0:0:0:
109,0,45421,128,0,45515:0:0:0:0:
36,0,45515,128,0,45609:0:0:0:0:
256,0,45609,128,0,45702:0:0:0:0:
329,192,45609,1,0,0:0:0:0:
402,192,45609,1,0,0:0:0:0:
182,0,45702,128,0,45796:0:0:0:0:
36,192,45796,1,0,0:0:0:0:
256,0,45796,128,0,45890:0:0:0:0:
475,192,45796,1,0,0:0:0:0:
402,0,45890,128,0,45984:0:0:0:0:
36,192,45984,1,0,0:0:0:0:
109,192,45984,1,0,0:0:0:0:
256,192,45984,1,0,0:0:0:0:
329,0,45984,128,0,46359:0:0:0:0:
475,192,45984,1,0,0:0:0:0:
182,192,46171,1,0,0:0:0:0:
36,192,46359,1,0,0:0:0:0:
109,192,46359,1,0,0:0:0:0:
402,192,46359,1,0,0:0:0:0:
475,0,46359,128,0,46734:0:0:0:0:
182,192,46546,1,0,0:0:0:0:
109,192,46734,1,0,0:0:0:0:
256,0,46734,128,0,47109:0:0:0:0:
109,192,46921,1,0,0:0:0:0:
329,192,46921,1,0,0:0:0:0:
36,192,47109,1,0,0:0:0:0:
109,192,47109,1,0,0:0:0:0:
475,192,47109,1,0,0:0:0:0:
402,0,47109,128,0,47484:0:0:0:0:
256,192,47296,1,0,0:0:0:0:
36,192,47484,1,0,0:0:0:0:
109,0,47484,128,0,48234:0:0:0:0:
182,192,47484,1,0,0:0:0:0:
256,0,47484,128,0,47859:0:0:0:0:
329,192,47484,1,0,0:0:0:0:
475,192,47484,1,0,0:0:0:0:
402,192,47671,1,0,0:0:0:0:
36,192,47859,1,0,0:0:0:0:
182,192,47859,1,0,0:0:0:0:
329,192,47859,1,0,0:0:0:0:
475,0,47859,128,0,48234:0:0:0:0:
182,192,48046,1,0,0:0:0:0:
402,192,48046,1,0,0:0:0:0:
36,0,48234,128,0,48327:0:0:0:0:
329,192,48234,1,0,0:0:0:0:
109,0,48327,128,0,48421:0:0:0:0:
182,192,48327,1,0,0:0:0:0:
256,0,48421,128,0,48515:0:0:0:0:
475,192,48421,1,0,0:0:0:0:
182,0,48515,128,0,48609:0:0:0:0:
329,192,48515,1,0,0:0:0:0:
36,192,48609,1,0,0:0:0:0:
109,192,48609,1,0,0:0:0:0:
402,192,48609,1,0,0:0:0:0:
475,0,48609,128,0,48702:0:0:0:0:
256,192,48702,1,0,0:0:0:0:
329,0,48702,128,0,48796:0:0:0:0:
109,0,48796,128,0,48890:0:0:0:0:
182,192,48796,1,0,0:0:0:0:
402,192,48890,1,0,0:0:0:0:
256,0,48890,128,0,48984:0:0:0:0:
36,192,48984,1,0,0:0:0:0:
109,192,48984,1,0,0:0:0:0:
182,192,48984,1,0,0:0:0:0:
329,0,48984,128,0,49734:0:0:0:0:
475,192,48984,1,0,0:0:0:0:
402,192,49077,1,0,0:0:0:0:
256,192,49171,1,0,0:0:0:0:
475,192,49265,1,0,0:0:0:0:
36,192,49359,1,0,0:0:0:0:
109,0,49359,128,0,49734:0:0:0:0:
182,192,49359,1,0,0:0:0:0:
402,192,49359,1,0,0:0:0:0:
256,192,49452,1,0,0:0:0:0:
475,192,49546,1,0,0:0:0:0:
402,192,49640,1,0,0:0:0:0:
36,192,49734,1,0,0:0:0:0:
256,192,49734,1,0,0:0:0:0:
182,0,49734,128,0,50484:0:0:0:0:
475,192,49827,1,0,0:0:0:0:
329,192,49921,1,0,0:0:0:0:
402,192,49921,1,0,0:0:0:0:
256,192,50015,1,0,0:0:0:0:
36,192,50109,1,0,0:0:0:0:
109,192,50109,1,0,0:0:0:0:
475,192,50109,1,0,0:0:0:0:
329,0,50109,128,0,50484:0:0:0:0:
402,192,50202,1,0,0:0:0:0:
256,192,50296,1,0,0:0:0:0:
475,192,50390,1,0,0:0:0:0:
36,192,50484,1,0,0:0:0:0:
109,0,50484,128,0,51140:0:0:0:0:
402,192,50484,1,0,0:0:0:0:
256,192,50577,1,0,0:0:0:0:
182,192,50671,1,0,0:0:0:0:
475,192,50671,1,0,0:0:0:0:
402,192,50765,1,0,0:0:0:0:
36,192,50859,1,0,0:0:0:0:
182,192,50859,1,0,0:0:0:0:
256,192,50859,1,0,0:0:0:0:
329,0,50859,128,0,51140:0:0:0:0:
475,192,50952,1,0,0:0:0:0:
402,192,51046,1,0,0:0:0:0:
256,192,51140,1,0,0:0:0:0:
36,0,51234,128,0,51562:0:0:0:0:
109,0,51234,128,0,51374:0:0:0:0:
182,0,51234,128,0,51421:0:0:0:0:
256,0,51234,128,0,51280:0:0:0:0:
329,0,51234,128,0,51515:0:0:0:0:
402,0,51234,128,0,51562:0:0:0:0:
475,0,51234,128,0,51843:0:0:0:0:
256,0,51421,128,0,51468:0:0:0:0:
36,192,51609,1,0,0:0:0:0:
256,0,51609,128,0,51655:0:0:0:0:
109,192,51655,1,0,0:0:0:0:
182,192,51702,1,0,0:0:0:0:
256,192,51749,1,0,0:0:0:0:
329,192,51796,1,0,0:0:0:0:
402,192,51843,1,0,0:0:0:0:
475,192,51890,1,0,0:0:0:0:
256,192,51937,1,0,0:0:0:0:
109,192,51984,1,0,0:0:0:0:
182,192,51984,1,0,0:0:0:0:
329,192,51984,1,0,0:0:0:0:
402,192,51984,1,0,0:0:0:0:
109,192,52171,1,0,0:0:0:0:
182,192,52171,1,0,0:0:0:0:
329,192,52171,1,0,0:0:0:0:
402,192,52171,1,0,0:0:0:0:
256,192,52359,1,0,0:0:0:0:
109,192,52546,1,0,0:0:0:0:
182,192,52546,1,0,0:0:0:0:
329,192,52546,1,0,0:0:0:0:
402,192,52546,1,0,0:0:0:0:
36,192,52921,1,0,0:0:0:0:
182,192,52921,1,0,0:0:0:0:
329,192,52921,1,0,0:0:0:0:
475,192,52921,1,0,0:0:0:0:
256,192,53109,1,0,0:0:0:0:
109,192,53296,1,0,0:0:0:0:
182,192,53296,1,0,0:0:0:0:
329,192,53296,1,0,0:0:0:0:
402,192,53296,1,0,0:0:0:0:
36,192,53484,1,0,0:0:0:0:
475,192,53484,1,0,0:0:0:0:
109,192,53577,1,0,0:0:0:0:
402,192,53577,1,0,0:0:0:0:
36,0,53671,128,0,54515:0:0:0:0:
182,192,53671,1,0,0:0:0:0:
329,192,53671,1,0,0:0:0:0:
109,0,53765,128,0,54421:0:0:0:0:
256,192,53765,1,0,0:0:0:0:
182,0,53859,128,0,54327:0:0:0:0:
329,192,53859,1,0,0:0:0:0:
256,0,53952,128,0,54234:0:0:0:0:
475,192,53952,1,0,0:0:0:0:
329,0,54046,128,0,54140:0:0:0:0:
402,192,54046,1,0,0:0:0:0:
402,192,54140,1,0,0:0:0:0:
329,192,54234,1,0,0:0:0:0:
475,0,54234,128,0,54984:0:0:0:0:
256,192,54327,1,0,0:0:0:0:
329,0,54327,128,0,54515:0:0:0:0:
402,192,54327,1,0,0:0:0:0:
182,192,54421,1,0,0:0:0:0:
256,0,54421,128,0,54609:0:0:0:0:
109,192,54515,1,0,0:0:0:0:
182,0,54515,128,0,54702:0:0:0:0:
36,192,54609,1,0,0:0:0:0:
109,0,54609,128,0,54796:0:0:0:0:
329,0,54609,128,0,54655:0:0:0:0:
36,0,54702,128,0,54890:0:0:0:0:
402,0,54702,128,0,54749:0:0:0:0:
182,192,54796,1,0,0:0:0:0:
256,192,54796,1,0,0:0:0:0:
329,0,54796,128,0,54843:0:0:0:0:
402,0,54890,128,0,54937:0:0:0:0:
182,192,54984,1,0,0:0:0:0:
256,0,54984,128,0,55265:0:0:0:0:
182,0,55077,128,0,55359:0:0:0:0:
329,0,55077,128,0,55312:0:0:0:0:
109,0,55171,128,0,55452:0:0:0:0:
402,0,55171,128,0,55452:0:0:0:0:
36,0,55265,128,0,55546:0:0:0:0:
475,0,55265,128,0,55546:0:0:0:0:
256,0,55359,128,0,55640:0:0:0:0:
329,192,55359,1,0,0:0:0:0:
182,0,55452,128,0,55734:0:0:0:0:
329,0,55452,128,0,55734:0:0:0:0:
109,0,55546,128,0,55827:0:0:0:0:
402,0,55546,128,0,55827:0:0:0:0:
36,0,55640,128,0,55921:0:0:0:0:
475,0,55640,128,0,55921:0:0:0:0:
256,0,55734,128,0,56015:0:0:0:0:
182,0,55827,128,0,56109:0:0:0:0:
329,0,55827,128,0,56109:0:0:0:0:
109,0,55921,128,0,56202:0:0:0:0:
402,0,55921,128,0,56202:0:0:0:0:
36,0,56015,128,0,56296:0:0:0:0:
475,0,56015,128,0,56296:0:0:0:0:
256,0,56109,128,0,56155:0:0:0:0:
182,192,56202,1,0,0:0:0:0:
329,192,56202,1,0,0:0:0:0:
109,192,56296,1,0,0:0:0:0:
256,0,56296,128,0,56343:0:0:0:0:
402,192,56296,1,0,0:0:0:0:
36,192,56343,1,0,0:0:0:0:
475,192,56343,1,0,0:0:0:0:
182,192,56390,1,0,0:0:0:0:
329,192,56390,1,0,0:0:0:0:
36,192,56484,1,0,0:0:0:0:
256,192,56484,1,0,0:0:0:0:
475,192,56484,1,0,0:0:0:0:
36,192,56671,1,0,0:0:0:0:
256,192,56671,1,0,0:0:0:0:
475,192,56671,1,0,0:0:0:0:
36,0,56765,128,0,57234:0:0:0:0:
475,0,56765,128,0,57234:0:0:0:0:
109,192,56859,1,0,0:0:0:0:
182,192,56859,1,0,0:0:0:0:
329,192,56859,1,0,0:0:0:0:
402,192,56859,1,0,0:0:0:0:
256,192,57046,1,0,0:0:0:0:
256,192,57140,1,0,0:0:0:0:
109,192,57234,1,0,0:0:0:0:
182,192,57234,1,0,0:0:0:0:
329,192,57234,1,0,0:0:0:0:
402,192,57234,1,0,0:0:0:0:
36,192,57421,1,0,0:0:0:0:
256,192,57421,1,0,0:0:0:0:
475,192,57421,1,0,0:0:0:0:
36,0,57515,128,0,57890:0:0:0:0:
475,0,57515,128,0,57890:0:0:0:0:
182,192,57609,1,0,0:0:0:0:
329,192,57609,1,0,0:0:0:0:
109,192,57796,1,0,0:0:0:0:
256,192,57796,1,0,0:0:0:0:
402,192,57796,1,0,0:0:0:0:
36,0,57984,128,0,58171:0:0:0:0:
109,192,57984,1,0,0:0:0:0:
402,192,57984,1,0,0:0:0:0:
475,0,57984,128,0,58171:0:0:0:0:
256,192,58077,1,0,0:0:0:0:
182,192,58265,1,0,0:0:0:0:
329,192,58265,1,0,0:0:0:0:
36,192,58359,1,0,0:0:0:0:
256,192,58359,1,0,0:0:0:0:
475,192,58359,1,0,0:0:0:0:
36,0,58546,128,0,58734:0:0:0:0:
109,192,58546,1,0,0:0:0:0:
182,192,58546,1,0,0:0:0:0:
329,192,58546,1,0,0:0:0:0:
402,192,58546,1,0,0:0:0:0:
475,0,58546,128,0,58734:0:0:0:0:
109,0,58734,128,0,58780:0:0:0:0:
182,0,58734,128,0,58921:0:0:0:0:
256,0,58734,128,0,59296:0:0:0:0:
329,192,58734,1,0,0:0:0:0:
36,0,58827,128,0,58874:0:0:0:0:
475,192,58827,1,0,0:0:0:0:
109,0,58921,128,0,58968:0:0:0:0:
329,192,58921,1,0,0:0:0:0:
402,0,58921,128,0,59015:0:0:0:0:
182,0,59015,128,0,59062:0:0:0:0:
475,0,59015,128,0,59109:0:0:0:0:
36,0,59109,128,0,59202:0:0:0:0:
109,192,59109,1,0,0:0:0:0:
329,0,59109,128,0,59155:0:0:0:0:
182,192,59202,1,0,0:0:0:0:
402,0,59202,128,0,59249:0:0:0:0:
36,0,59296,128,0,59390:0:0:0:0:
329,192,59296,1,0,0:0:0:0:
475,0,59296,128,0,59343:0:0:0:0:
109,0,59296,128,0,59484:0:0:0:0:
402,0,59390,128,0,59437:0:0:0:0:
256,0,59390,128,0,59484:0:0:0:0:
36,192,59484,1,0,0:0:0:0:
182,192,59484,1,0,0:0:0:0:
329,192,59484,1,0,0:0:0:0:
475,192,59484,1,0,0:0:0:0:
256,192,59577,1,0,0:0:0:0:
182,192,59671,1,0,0:0:0:0:
329,192,59671,1,0,0:0:0:0:
36,192,59859,1,0,0:0:0:0:
109,192,59859,1,0,0:0:0:0:
256,0,59859,128,0,60234:0:0:0:0:
402,192,59859,1,0,0:0:0:0:
475,192,59859,1,0,0:0:0:0:
182,192,60046,1,0,0:0:0:0:
329,192,60046,1,0,0:0:0:0:
36,0,60234,128,0,60280:0:0:0:0:
182,192,60234,1,0,0:0:0:0:
329,192,60234,1,0,0:0:0:0:
402,0,60234,128,0,60984:0:0:0:0:
475,0,60234,128,0,60984:0:0:0:0:
109,0,60327,128,0,60374:0:0:0:0:
36,192,60421,1,0,0:0:0:0:
182,0,60421,128,0,60468:0:0:0:0:
329,192,60421,1,0,0:0:0:0:
256,0,60515,128,0,60562:0:0:0:0:
36,192,60609,1,0,0:0:0:0:
109,192,60609,1,0,0:0:0:0:
182,192,60609,1,0,0:0:0:0:
329,0,60609,128,0,60655:0:0:0:0:
256,0,60702,128,0,60749:0:0:0:0:
36,192,60796,1,0,0:0:0:0:
182,0,60796,128,0,60843:0:0:0:0:
329,192,60796,1,0,0:0:0:0:
109,0,60890,128,0,60937:0:0:0:0:
36,192,60984,1,0,0:0:0:0:
182,192,60984,1,0,0:0:0:0:
256,192,60984,1,0,0:0:0:0:
329,192,60984,1,0,0:0:0:0:
109,192,61265,1,0,0:0:0:0:
182,192,61265,1,0,0:0:0:0:
256,192,61265,1,0,0:0:0:0:
402,192,61265,1,0,0:0:0:0:
36,192,61546,1,0,0:0:0:0:
182,192,61546,1,0,0:0:0:0:
256,192,61546,1,0,0:0:0:0:
329,192,61546,1,0,0:0:0:0:
475,192,61546,1,0,0:0:0:0:
109,192,61734,1,0,0:0:0:0:
329,192,61734,1,0,0:0:0:0:
256,0,61734,128,0,62484:0:0:0:0:
402,0,61734,128,0,62484:0:0:0:0:
36,192,62109,1,0,0:0:0:0:
182,192,62109,1,0,0:0:0:0:
475,192,62109,1,0,0:0:0:0:
109,192,62202,1,0,0:0:0:0:
36,192,62296,1,0,0:0:0:0:
109,192,62390,1,0,0:0:0:0:
36,0,62484,128,0,62577:0:0:0:0:
182,192,62484,1,0,0:0:0:0:
329,192,62484,1,0,0:0:0:0:
475,192,62484,1,0,0:0:0:0:
109,0,62577,128,0,62671:0:0:0:0:
36,192,62671,1,0,0:0:0:0:
182,0,62671,128,0,62765:0:0:0:0:
256,192,62671,1,0,0:0:0:0:
402,192,62671,1,0,0:0:0:0:
475,192,62671,1,0,0:0:0:0:
329,0,62765,128,0,62859:0:0:0:0:
36,192,62859,1,0,0:0:0:0:
109,192,62859,1,0,0:0:0:0:
256,0,62859,128,0,62952:0:0:0:0:
402,192,62859,1,0,0:0:0:0:
182,0,62952,128,0,63046:0:0:0:0:
36,192,63046,1,0,0:0:0:0:
256,0,63046,128,0,63140:0:0:0:0:
475,192,63046,1,0,0:0:0:0:
182,192,63140,1,0,0:0:0:0:
329,0,63140,128,0,63234:0:0:0:0:
402,192,63140,1,0,0:0:0:0:
109,192,63234,1,0,0:0:0:0:
475,0,63234,128,0,63327:0:0:0:0:
182,192,63327,1,0,0:0:0:0:
256,0,63327,128,0,63421:0:0:0:0:
36,0,63421,128,0,63515:0:0:0:0:
329,192,63421,1,0,0:0:0:0:
402,192,63421,1,0,0:0:0:0:
475,192,63421,1,0,0:0:0:0:
182,0,63515,128,0,63609:0:0:0:0:
256,192,63515,1,0,0:0:0:0:
36,192,63609,1,0,0:0:0:0:
109,0,63609,128,0,63702:0:0:0:0:
329,192,63609,1,0,0:0:0:0:
256,0,63702,128,0,63796:0:0:0:0:
402,192,63702,1,0,0:0:0:0:
36,192,63796,1,0,0:0:0:0:
109,192,63796,1,0,0:0:0:0:
182,192,63796,1,0,0:0:0:0:
329,0,63796,128,0,63890:0:0:0:0:
475,192,63796,1,0,0:0:0:0:
402,0,63890,128,0,63984:0:0:0:0:
36,192,63984,1,0,0:0:0:0:
109,192,63984,1,0,0:0:0:0:
256,0,63984,128,0,64077:0:0:0:0:
329,192,63984,1,0,0:0:0:0:
475,192,63984,1,0,0:0:0:0:
182,0,64077,128,0,64171:0:0:0:0:
402,192,64077,1,0,0:0:0:0:
109,0,64171,128,0,64265:0:0:0:0:
329,192,64171,1,0,0:0:0:0:
36,0,64265,128,0,64359:0:0:0:0:
256,192,64265,1,0,0:0:0:0:
109,192,64359,1,0,0:0:0:0:
182,0,64359,128,0,64452:0:0:0:0:
402,192,64359,1,0,0:0:0:0:
475,192,64359,1,0,0:0:0:0:
36,192,64452,1,0,0:0:0:0:
329,0,64452,128,0,64546:0:0:0:0:
109,192,64546,1,0,0:0:0:0:
475,0,64546,128,0,64640:0:0:0:0:
182,192,64640,1,0,0:0:0:0:
256,0,64640,128,0,64734:0:0:0:0:
329,192,64640,1,0,0:0:0:0:
36,192,64734,1,0,0:0:0:0:
109,0,64734,128,0,64827:0:0:0:0:
402,192,64734,1,0,0:0:0:0:
475,192,64734,1,0,0:0:0:0:
182,0,64827,128,0,64921:0:0:0:0:
36,192,64921,1,0,0:0:0:0:
109,192,64921,1,0,0:0:0:0:
256,0,64921,128,0,65015:0:0:0:0:
402,192,64921,1,0,0:0:0:0:
329,0,65015,128,0,65109:0:0:0:0:
475,192,65015,1,0,0:0:0:0:
36,192,65109,1,0,0:0:0:0:
109,192,65109,1,0,0:0:0:0:
256,0,65109,128,0,65202:0:0:0:0:
402,192,65109,1,0,0:0:0:0:
182,0,65202,128,0,65296:0:0:0:0:
329,192,65202,1,0,0:0:0:0:
36,192,65296,1,0,0:0:0:0:
109,192,65296,1,0,0:0:0:0:
256,0,65296,128,0,65390:0:0:0:0:
475,192,65296,1,0,0:0:0:0:
402,0,65390,128,0,65484:0:0:0:0:
36,192,65484,1,0,0:0:0:0:
182,192,65484,1,0,0:0:0:0:
256,192,65484,1,0,0:0:0:0:
329,192,65484,1,0,0:0:0:0:
475,0,65484,128,0,65577:0:0:0:0:
109,192,65577,1,0,0:0:0:0:
402,0,65577,128,0,65671:0:0:0:0:
36,192,65671,1,0,0:0:0:0:
329,0,65671,128,0,65765:0:0:0:0:
256,0,65765,128,0,65859:0:0:0:0:
475,192,65765,1,0,0:0:0:0:
109,192,65859,1,0,0:0:0:0:
182,192,65859,1,0,0:0:0:0:
329,192,65859,1,0,0:0:0:0:
402,0,65859,128,0,65952:0:0:0:0:
36,0,65952,128,0,66046:0:0:0:0:
256,192,65952,1,0,0:0:0:0:
182,0,66046,128,0,66140:0:0:0:0:
329,192,66046,1,0,0:0:0:0:
36,192,66140,1,0,0:0:0:0:
402,192,66140,1,0,0:0:0:0:
475,0,66140,128,0,66234:0:0:0:0:
109,192,66234,1,0,0:0:0:0:
182,192,66234,1,0,0:0:0:0:
256,192,66234,1,0,0:0:0:0:
329,0,66234,128,0,66327:0:0:0:0:
402,0,66327,128,0,66421:0:0:0:0:
109,192,66421,1,0,0:0:0:0:
256,192,66421,1,0,0:0:0:0:
329,192,66421,1,0,0:0:0:0:
475,0,66421,128,0,66515:0:0:0:0:
36,0,66515,128,0,66609:0:0:0:0:
182,192,66515,1,0,0:0:0:0:
109,192,66609,1,0,0:0:0:0:
256,192,66609,1,0,0:0:0:0:
329,192,66609,1,0,0:0:0:0:
475,0,66609,128,0,66702:0:0:0:0:
36,192,66702,1,0,0:0:0:0:
402,0,66702,128,0,66796:0:0:0:0:
182,192,66796,1,0,0:0:0:0:
256,192,66796,1,0,0:0:0:0:
329,192,66796,1,0,0:0:0:0:
475,0,66796,128,0,66890:0:0:0:0:
109,192,66890,1,0,0:0:0:0:
36,0,66984,128,0,67265:0:0:0:0:
109,0,66984,128,0,67265:0:0:0:0:
182,0,66984,128,0,67265:0:0:0:0:
256,192,66984,1,0,0:0:0:0:
329,192,66984,1,0,0:0:0:0:
402,192,66984,1,0,0:0:0:0:
475,192,66984,1,0,0:0:0:0:
256,0,67265,128,0,67312:0:0:0:0:
402,0,67265,128,0,67640:0:0:0:0:
36,192,67359,1,0,0:0:0:0:
182,0,67359,128,0,67405:0:0:0:0:
329,0,67359,128,0,67734:0:0:0:0:
475,192,67359,1,0,0:0:0:0:
109,0,67452,128,0,67499:0:0:0:0:
256,0,67452,128,0,67827:0:0:0:0:
36,0,67546,128,0,67593:0:0:0:0:
182,0,67546,128,0,68202:0:0:0:0:
36,0,67640,128,0,67687:0:0:0:0:
109,0,67640,128,0,68155:0:0:0:0:
475,0,67640,128,0,67687:0:0:0:0:
402,0,67734,128,0,67780:0:0:0:0:
36,192,67827,1,0,0:0:0:0:
329,0,67827,128,0,67874:0:0:0:0:
475,192,67827,1,0,0:0:0:0:
256,0,67921,128,0,67968:0:0:0:0:
402,0,67921,128,0,68109:0:0:0:0:
36,0,68015,128,0,68109:0:0:0:0:
256,0,68015,128,0,68249:0:0:0:0:
329,0,68109,128,0,68155:0:0:0:0:
475,192,68109,1,0,0:0:0:0:
36,192,68202,1,0,0:0:0:0:
329,192,68202,1,0,0:0:0:0:
109,192,68249,1,0,0:0:0:0:
402,192,68249,1,0,0:0:0:0:
182,192,68296,1,0,0:0:0:0:
475,192,68296,1,0,0:0:0:0:
256,192,68343,1,0,0:0:0:0:
36,192,68390,1,0,0:0:0:0:
329,192,68390,1,0,0:0:0:0:
109,192,68437,1,0,0:0:0:0:
402,192,68437,1,0,0:0:0:0:
182,0,68484,128,0,68577:0:0:0:0:
256,192,68484,1,0,0:0:0:0:
329,0,68484,128,0,68671:0:0:0:0:
475,192,68484,1,0,0:0:0:0:
36,0,68577,128,0,68671:0:0:0:0:
109,0,68671,128,0,68765:0:0:0:0:
256,192,68671,1,0,0:0:0:0:
402,192,68671,1,0,0:0:0:0:
475,192,68671,1,0,0:0:0:0:
182,0,68765,128,0,68859:0:0:0:0:
36,0,68859,128,0,68952:0:0:0:0:
109,192,68859,1,0,0:0:0:0:
256,192,68859,1,0,0:0:0:0:
329,192,68859,1,0,0:0:0:0:
475,0,68859,128,0,69046:0:0:0:0:
182,192,68952,1,0,0:0:0:0:
402,0,68952,128,0,69046:0:0:0:0:
36,192,69046,1,0,0:0:0:0:
256,0,69046,128,0,69140:0:0:0:0:
109,192,69140,1,0,0:0:0:0:
329,0,69140,128,0,69234:0:0:0:0:
36,0,69234,128,0,69421:0:0:0:0:
182,192,69234,1,0,0:0:0:0:
402,0,69234,128,0,69327:0:0:0:0:
475,192,69234,1,0,0:0:0:0:
329,0,69327,128,0,69421:0:0:0:0:
109,192,69421,1,0,0:0:0:0:
256,0,69421,128,0,69515:0:0:0:0:
402,192,69421,1,0,0:0:0:0:
475,192,69421,1,0,0:0:0:0:
182,0,69515,128,0,69609:0:0:0:0:
36,192,69609,1,0,0:0:0:0:
109,0,69609,128,0,69702:0:0:0:0:
256,0,69609,128,0,69796:0:0:0:0:
329,192,69609,1,0,0:0:0:0:
402,192,69609,1,0,0:0:0:0:
182,0,69702,128,0,69796:0:0:0:0:
475,192,69702,1,0,0:0:0:0:
36,0,69796,128,0,69890:0:0:0:0:
329,192,69796,1,0,0:0:0:0:
402,192,69796,1,0,0:0:0:0:
256,192,69890,1,0,0:0:0:0:
109,0,69890,128,0,69984:0:0:0:0:
36,192,69984,1,0,0:0:0:0:
182,192,69984,1,0,0:0:0:0:
329,0,69984,128,0,70077:0:0:0:0:
402,192,69984,1,0,0:0:0:0:
475,0,69984,128,0,70171:0:0:0:0:
256,0,70077,128,0,70171:0:0:0:0:
36,192,70171,1,0,0:0:0:0:
109,192,70171,1,0,0:0:0:0:
402,0,70171,128,0,70265:0:0:0:0:
256,192,70265,1,0,0:0:0:0:
329,0,70265,128,0,70359:0:0:0:0:
36,192,70359,1,0,0:0:0:0:
109,0,70359,128,0,70546:0:0:0:0:
182,0,70359,128,0,70452:0:0:0:0:
475,192,70359,1,0,0:0:0:0:
329,192,70452,1,0,0:0:0:0:
402,0,70452,128,0,70546:0:0:0:0:
36,192,70546,1,0,0:0:0:0:
256,0,70546,128,0,70640:0:0:0:0:
475,192,70546,1,0,0:0:0:0:
109,192,70640,1,0,0:0:0:0:
182,0,70640,128,0,70734:0:0:0:0:
36,192,70734,1,0,0:0:0:0:
256,192,70734,1,0,0:0:0:0:
329,192,70734,1,0,0:0:0:0:
402,0,70734,128,0,71296:0:0:0:0:
475,0,70734,128,0,71296:0:0:0:0:
182,192,70921,1,0,0:0:0:0:
109,192,71109,1,0,0:0:0:0:
182,192,71109,1,0,0:0:0:0:
256,192,71109,1,0,0:0:0:0:
182,192,71296,1,0,0:0:0:0:
36,0,71484,128,0,71671:0:0:0:0:
256,0,71484,128,0,71859:0:0:0:0:
402,0,71484,128,0,71577:0:0:0:0:
475,192,71484,1,0,0:0:0:0:
182,192,71577,1,0,0:0:0:0:
329,0,71577,128,0,71671:0:0:0:0:
109,0,71671,128,0,71765:0:0:0:0:
402,192,71671,1,0,0:0:0:0:
475,192,71671,1,0,0:0:0:0:
182,0,71765,128,0,71859:0:0:0:0:
329,192,71765,1,0,0:0:0:0:
36,0,71859,128,0,71952:0:0:0:0:
109,0,71859,128,0,72234:0:0:0:0:
402,192,71859,1,0,0:0:0:0:
475,192,71859,1,0,0:0:0:0:
182,0,71952,128,0,72046:0:0:0:0:
329,192,71952,1,0,0:0:0:0:
256,0,72046,128,0,72140:0:0:0:0:
402,192,72046,1,0,0:0:0:0:
475,192,72046,1,0,0:0:0:0:
36,192,72140,1,0,0:0:0:0:
182,0,72140,128,0,72234:0:0:0:0:
329,0,72234,128,0,72421:0:0:0:0:
402,0,72234,128,0,72327:0:0:0:0:
475,192,72234,1,0,0:0:0:0:
36,192,72327,1,0,0:0:0:0:
109,192,72327,1,0,0:0:0:0:
256,0,72327,128,0,72421:0:0:0:0:
182,192,72421,1,0,0:0:0:0:
402,0,72421,128,0,72515:0:0:0:0:
475,192,72421,1,0,0:0:0:0:
36,192,72515,1,0,0:0:0:0:
329,0,72515,128,0,72609:0:0:0:0:
182,0,72609,128,0,72796:0:0:0:0:
256,0,72609,128,0,72702:0:0:0:0:
402,192,72609,1,0,0:0:0:0:
475,192,72609,1,0,0:0:0:0:
109,0,72702,128,0,72796:0:0:0:0:
36,192,72796,1,0,0:0:0:0:
256,0,72796,128,0,72890:0:0:0:0:
402,192,72796,1,0,0:0:0:0:
475,192,72796,1,0,0:0:0:0:
329,0,72890,128,0,72984:0:0:0:0:
36,192,72984,1,0,0:0:0:0:
109,192,72984,1,0,0:0:0:0:
182,0,72984,128,0,73077:0:0:0:0:
402,0,72984,128,0,73171:0:0:0:0:
475,0,72984,128,0,73171:0:0:0:0:
329,0,73077,128,0,73171:0:0:0:0:
36,192,73171,1,0,0:0:0:0:
109,192,73171,1,0,0:0:0:0:
182,192,73171,1,0,0:0:0:0:
256,0,73171,128,0,73265:0:0:0:0:
329,0,73265,128,0,73452:0:0:0:0:
402,0,73265,128,0,73452:0:0:0:0:
475,0,73265,128,0,73359:0:0:0:0:
109,192,73359,1,0,0:0:0:0:
182,0,73359,128,0,73452:0:0:0:0:
256,192,73359,1,0,0:0:0:0:
36,0,73452,128,0,73546:0:0:0:0:
475,192,73452,1,0,0:0:0:0:
109,0,73546,128,0,73640:0:0:0:0:
256,0,73546,128,0,73734:0:0:0:0:
329,0,73546,128,0,73734:0:0:0:0:
402,192,73546,1,0,0:0:0:0:
182,0,73640,128,0,73734:0:0:0:0:
475,192,73640,1,0,0:0:0:0:
36,0,73734,128,0,74390:0:0:0:0:
109,0,73734,128,0,74390:0:0:0:0:
402,192,73734,1,0,0:0:0:0:
329,192,73921,1,0,0:0:0:0:
402,192,73921,1,0,0:0:0:0:
182,192,74109,1,0,0:0:0:0:
256,192,74109,1,0,0:0:0:0:
402,192,74109,1,0,0:0:0:0:
475,192,74109,1,0,0:0:0:0:
329,192,74296,1,0,0:0:0:0:
36,0,74484,128,0,74671:0:0:0:0:
256,192,74484,1,0,0:0:0:0:
329,192,74484,1,0,0:0:0:0:
475,192,74484,1,0,0:0:0:0:
109,0,74530,128,0,74718:0:0:0:0:
182,0,74577,128,0,74765:0:0:0:0:
256,0,74624,128,0,74812:0:0:0:0:
329,0,74671,128,0,74859:0:0:0:0:
402,192,74671,1,0,0:0:0:0:
475,0,74718,128,0,74905:0:0:0:0:
402,0,74765,128,0,74952:0:0:0:0:
109,0,74812,128,0,74999:0:0:0:0:
36,0,74859,128,0,75046:0:0:0:0:
182,192,74859,1,0,0:0:0:0:
256,0,74905,128,0,75093:0:0:0:0:
329,0,74952,128,0,75140:0:0:0:0:
402,0,74999,128,0,75187:0:0:0:0:
475,0,75046,128,0,75234:0:0:0:0:
36,0,75093,128,0,75280:0:0:0:0:
109,0,75140,128,0,75327:0:0:0:0:
182,0,75187,128,0,75374:0:0:0:0:
402,0,75234,128,0,75421:0:0:0:0:
329,0,75280,128,0,75468:0:0:0:0:
256,0,75327,128,0,75515:0:0:0:0:
109,0,75374,128,0,75562:0:0:0:0:
475,192,75374,1,0,0:0:0:0:
36,0,75421,128,0,75609:0:0:0:0:
475,0,75468,128,0,75655:0:0:0:0:
402,0,75515,128,0,75702:0:0:0:0:
329,0,75562,128,0,75749:0:0:0:0:
256,0,75609,128,0,75796:0:0:0:0:
182,0,75655,128,0,75843:0:0:0:0:
109,0,75702,128,0,75890:0:0:0:0:
36,0,75749,128,0,75843:0:0:0:0:
475,0,75843,128,0,76030:0:0:0:0:
402,0,75890,128,0,76077:0:0:0:0:
329,192,75937,1,0,0:0:0:0:
36,0,75937,128,0,76124:0:0:0:0:
109,0,75984,128,0,76171:0:0:0:0:
182,0,76030,128,0,76218:0:0:0:0:
256,0,76077,128,0,76265:0:0:0:0:
329,0,76124,128,0,76312:0:0:0:0:
402,0,76171,128,0,76359:0:0:0:0:
475,0,76218,128,0,76405:0:0:0:0:
109,0,76265,128,0,76452:0:0:0:0:
36,0,76312,128,0,76499:0:0:0:0:
256,0,76359,128,0,76546:0:0:0:0:
182,0,76405,128,0,76593:0:0:0:0:
475,0,76452,128,0,76640:0:0:0:0:
402,0,76499,128,0,76687:0:0:0:0:
109,192,76546,1,0,0:0:0:0:
329,0,76546,128,0,76734:0:0:0:0:
256,0,76593,128,0,76780:0:0:0:0:
182,0,76640,128,0,76827:0:0:0:0:
109,0,76687,128,0,76874:0:0:0:0:
36,0,76734,128,0,76921:0:0:0:0:
402,0,76780,128,0,76968:0:0:0:0:
329,192,76827,1,0,0:0:0:0:
475,0,76827,128,0,77015:0:0:0:0:
182,0,76874,128,0,77062:0:0:0:0:
256,0,76921,128,0,77109:0:0:0:0:
329,0,76968,128,0,77155:0:0:0:0:
109,192,77015,1,0,0:0:0:0:
402,0,77015,128,0,77202:0:0:0:0:
475,0,77062,128,0,77249:0:0:0:0:
36,0,77109,128,0,77296:0:0:0:0:
109,0,77155,128,0,77343:0:0:0:0:
256,0,77202,128,0,77390:0:0:0:0:
182,0,77249,128,0,77437:0:0:0:0:
402,0,77296,128,0,77484:0:0:0:0:
329,0,77343,128,0,77530:0:0:0:0:
36,0,77390,128,0,77577:0:0:0:0:
475,192,77437,1,0,0:0:0:0:
109,0,77437,128,0,77624:0:0:0:0:
182,0,77484,128,0,77671:0:0:0:0:
256,0,77530,128,0,77718:0:0:0:0:
329,0,77577,128,0,77765:0:0:0:0:
402,0,77624,128,0,77812:0:0:0:0:
475,0,77671,128,0,77859:0:0:0:0:
109,0,77718,128,0,77905:0:0:0:0:
36,0,77765,128,0,77952:0:0:0:0:
256,0,77765,128,0,77812:0:0:0:0:
182,192,77859,1,0,0:0:0:0:
402,0,77859,128,0,78046:0:0:0:0:
329,0,77905,128,0,78093:0:0:0:0:
256,0,77952,128,0,78140:0:0:0:0:
475,0,77952,128,0,77999:0:0:0:0:
182,0,77999,128,0,78187:0:0:0:0:
109,0,78046,128,0,78234:0:0:0:0:
36,192,78093,1,0,0:0:0:0:
475,0,78140,128,0,78330:0:0:0:0:
402,0,78187,128,0,78379:0:0:0:0:
36,0,78234,128,0,78427:0:0:0:0:
109,0,78282,128,0,78475:0:0:0:0:
182,0,78330,128,0,78524:0:0:0:0:
329,192,78330,1,0,0:0:0:0:
256,0,78379,128,0,78572:0:0:0:0:
329,0,78427,128,0,78621:0:0:0:0:
402,0,78475,128,0,78669:0:0:0:0:
475,0,78524,128,0,78717:0:0:0:0:
109,0,78621,128,0,78814:0:0:0:0:
36,0,78669,128,0,78863:0:0:0:0:
182,192,78669,1,0,0:0:0:0:
402,0,78717,128,0,78911:0:0:0:0:
329,0,78766,128,0,78959:0:0:0:0:
256,0,78814,128,0,79008:0:0:0:0:
182,0,78863,128,0,79008:0:0:0:0:
109,0,78911,128,0,79008:0:0:0:0:
475,0,78959,128,0,79008:0:0:0:0:
36,192,79008,1,0,0:0:0:0:
329,192,79008,1,0,0:0:0:0:
402,192,79008,1,0,0:0:0:0:
36,0,79104,128,0,79492:0:0:0:0:
109,192,79104,1,0,0:0:0:0:
475,0,79153,128,0,79298:0:0:0:0:
109,0,79201,128,0,79588:0:0:0:0:
182,192,79201,1,0,0:0:0:0:
402,0,79250,128,0,79395:0:0:0:0:
182,0,79298,128,0,79685:0:0:0:0:
256,192,79298,1,0,0:0:0:0:
329,0,79346,128,0,79492:0:0:0:0:
256,0,79395,128,0,79588:0:0:0:0:
475,192,79395,1,0,0:0:0:0:
402,192,79492,1,0,0:0:0:0:
475,0,79492,128,0,79879:0:0:0:0:
36,0,79540,128,0,79685:0:0:0:0:
329,192,79588,1,0,0:0:0:0:
402,0,79588,128,0,79975:0:0:0:0:
109,0,79637,128,0,79782:0:0:0:0:
256,192,79685,1,0,0:0:0:0:
329,0,79685,128,0,80072:0:0:0:0:
182,0,79734,128,0,79879:0:0:0:0:
36,192,79782,1,0,0:0:0:0:
256,0,79782,128,0,79975:0:0:0:0:
36,0,79879,128,0,80266:0:0:0:0:
109,192,79879,1,0,0:0:0:0:
475,0,79927,128,0,80072:0:0:0:0:
109,0,79975,128,0,80363:0:0:0:0:
182,192,79975,1,0,0:0:0:0:
402,0,80024,128,0,80169:0:0:0:0:
182,0,80072,128,0,80459:0:0:0:0:
256,192,80072,1,0,0:0:0:0:
329,0,80121,128,0,80266:0:0:0:0:
256,0,80169,128,0,80363:0:0:0:0:
475,192,80169,1,0,0:0:0:0:
402,192,80266,1,0,0:0:0:0:
475,0,80266,128,0,80557:0:0:0:0:
36,0,80314,128,0,80459:0:0:0:0:
329,192,80363,1,0,0:0:0:0:
402,0,80363,128,0,80557:0:0:0:0:
109,0,80411,128,0,80557:0:0:0:0:
256,192,80459,1,0,0:0:0:0:
329,0,80459,128,0,80557:0:0:0:0:
36,0,80557,128,0,81307:0:0:0:0:
182,192,80557,1,0,0:0:0:0:
256,192,80557,1,0,0:0:0:0:
109,192,80650,1,0,0:0:0:0:
475,192,80650,1,0,0:0:0:0:
256,192,80744,1,0,0:0:0:0:
329,192,80744,1,0,0:0:0:0:
402,192,80744,1,0,0:0:0:0:
182,192,80838,1,0,0:0:0:0:
475,192,80838,1,0,0:0:0:0:
256,192,80932,1,0,0:0:0:0:
402,192,80932,1,0,0:0:0:0:
109,192,81025,1,0,0:0:0:0:
475,192,81025,1,0,0:0:0:0:
182,192,81119,1,0,0:0:0:0:
329,192,81119,1,0,0:0:0:0:
256,192,81213,1,0,0:0:0:0:
475,192,81213,1,0,0:0:0:0:
109,192,81307,1,0,0:0:0:0:
329,192,81307,1,0,0:0:0:0:
402,0,81307,128,0,82057:0:0:0:0:
36,192,81400,1,0,0:0:0:0:
256,192,81400,1,0,0:0:0:0:
182,192,81494,1,0,0:0:0:0:
329,192,81494,1,0,0:0:0:0:
36,192,81588,1,0,0:0:0:0:
475,192,81588,1,0,0:0:0:0:
109,192,81682,1,0,0:0:0:0:
256,192,81682,1,0,0:0:0:0:
36,192,81775,1,0,0:0:0:0:
182,192,81775,1,0,0:0:0:0:
109,192,81869,1,0,0:0:0:0:
329,192,81869,1,0,0:0:0:0:
36,192,81963,1,0,0:0:0:0:
256,192,81963,1,0,0:0:0:0:
182,0,82057,128,0,82807:0:0:0:0:
329,192,82057,1,0,0:0:0:0:
475,192,82057,1,0,0:0:0:0:
36,192,82150,1,0,0:0:0:0:
402,192,82150,1,0,0:0:0:0:
109,192,82244,1,0,0:0:0:0:
475,192,82244,1,0,0:0:0:0:
36,192,82338,1,0,0:0:0:0:
329,192,82338,1,0,0:0:0:0:
256,192,82432,1,0,0:0:0:0:
402,192,82432,1,0,0:0:0:0:
109,192,82525,1,0,0:0:0:0:
475,192,82525,1,0,0:0:0:0:
36,192,82619,1,0,0:0:0:0:
402,192,82619,1,0,0:0:0:0:
109,192,82713,1,0,0:0:0:0:
329,192,82713,1,0,0:0:0:0:
36,192,82807,1,0,0:0:0:0:
256,192,82807,1,0,0:0:0:0:
475,0,82807,128,0,83557:0:0:0:0:
182,192,82900,1,0,0:0:0:0:
329,192,82900,1,0,0:0:0:0:
109,192,82994,1,0,0:0:0:0:
402,192,82994,1,0,0:0:0:0:
182,192,83088,1,0,0:0:0:0:
256,192,83088,1,0,0:0:0:0:
36,192,83182,1,0,0:0:0:0:
329,192,83182,1,0,0:0:0:0:
109,192,83275,1,0,0:0:0:0:
256,192,83275,1,0,0:0:0:0:
182,192,83369,1,0,0:0:0:0:
402,192,83369,1,0,0:0:0:0:
36,192,83463,1,0,0:0:0:0:
329,192,83463,1,0,0:0:0:0:
109,0,83557,128,0,83932:0:0:0:0:
256,192,83557,1,0,0:0:0:0:
402,192,83557,1,0,0:0:0:0:
182,192,83650,1,0,0:0:0:0:
475,192,83650,1,0,0:0:0:0:
36,192,83744,1,0,0:0:0:0:
329,192,83744,1,0,0:0:0:0:
182,192,83838,1,0,0:0:0:0:
475,192,83838,1,0,0:0:0:0:
256,192,83932,1,0,0:0:0:0:
329,192,83932,1,0,0:0:0:0:
402,0,83932,128,0,84307:0:0:0:0:
36,192,84025,1,0,0:0:0:0:
182,192,84025,1,0,0:0:0:0:
109,192,84119,1,0,0:0:0:0:
329,192,84119,1,0,0:0:0:0:
182,192,84213,1,0,0:0:0:0:
475,192,84213,1,0,0:0:0:0:
109,0,84307,128,0,84869:0:0:0:0:
256,192,84307,1,0,0:0:0:0:
329,192,84307,1,0,0:0:0:0:
182,192,84400,1,0,0:0:0:0:
402,192,84400,1,0,0:0:0:0:
36,192,84494,1,0,0:0:0:0:
475,192,84494,1,0,0:0:0:0:
182,192,84588,1,0,0:0:0:0:
329,192,84588,1,0,0:0:0:0:
256,192,84682,1,0,0:0:0:0:
475,192,84682,1,0,0:0:0:0:
182,192,84775,1,0,0:0:0:0:
329,192,84775,1,0,0:0:0:0:
36,192,84869,1,0,0:0:0:0:
256,192,84869,1,0,0:0:0:0:
475,192,84869,1,0,0:0:0:0:
109,192,84963,1,0,0:0:0:0:
402,192,84963,1,0,0:0:0:0:
36,192,85057,1,0,0:0:0:0:
182,192,85057,1,0,0:0:0:0:
256,192,85057,1,0,0:0:0:0:
329,192,85057,1,0,0:0:0:0:
475,192,85057,1,0,0:0:0:0:
36,192,85338,1,0,0:0:0:0:
182,192,85338,1,0,0:0:0:0:
256,192,85338,1,0,0:0:0:0:
329,192,85338,1,0,0:0:0:0:
475,192,85338,1,0,0:0:0:0:
256,192,85432,1,0,0:0:0:0:
36,192,85619,1,0,0:0:0:0:
182,192,85619,1,0,0:0:0:0:
256,192,85619,1,0,0:0:0:0:
329,192,85619,1,0,0:0:0:0:
475,192,85619,1,0,0:0:0:0:
36,192,85807,1,0,0:0:0:0:
109,0,85807,128,0,86088:0:0:0:0:
256,192,85807,1,0,0:0:0:0:
402,0,85807,128,0,86088:0:0:0:0:
475,192,85807,1,0,0:0:0:0:
109,192,86182,1,0,0:0:0:0:
256,192,86182,1,0,0:0:0:0:
475,192,86182,1,0,0:0:0:0:
36,192,86228,1,0,0:0:0:0:
329,192,86228,1,0,0:0:0:0:
109,192,86275,1,0,0:0:0:0:
402,192,86275,1,0,0:0:0:0:
182,192,86322,1,0,0:0:0:0:
475,192,86322,1,0,0:0:0:0:
256,192,86369,1,0,0:0:0:0:
36,192,86416,1,0,0:0:0:0:
329,192,86416,1,0,0:0:0:0:
109,192,86463,1,0,0:0:0:0:
402,192,86463,1,0,0:0:0:0:
182,192,86510,1,0,0:0:0:0:
475,192,86510,1,0,0:0:0:0:
109,192,86557,1,0,0:0:0:0:
256,192,86557,1,0,0:0:0:0:
402,192,86557,1,0,0:0:0:0:
36,0,86557,128,0,88057:0:0:0:0:
182,192,86650,1,0,0:0:0:0:
329,192,86650,1,0,0:0:0:0:
256,192,86744,1,0,0:0:0:0:
402,192,86744,1,0,0:0:0:0:
109,192,86838,1,0,0:0:0:0:
475,192,86838,1,0,0:0:0:0:
182,192,86932,1,0,0:0:0:0:
256,192,86932,1,0,0:0:0:0:
329,192,86932,1,0,0:0:0:0:
109,192,87025,1,0,0:0:0:0:
475,192,87025,1,0,0:0:0:0:
256,192,87119,1,0,0:0:0:0:
402,192,87119,1,0,0:0:0:0:
182,192,87213,1,0,0:0:0:0:
329,192,87213,1,0,0:0:0:0:
475,0,87213,128,0,87400:0:0:0:0:
109,192,87307,1,0,0:0:0:0:
402,192,87307,1,0,0:0:0:0:
182,192,87400,1,0,0:0:0:0:
329,192,87400,1,0,0:0:0:0:
109,192,87494,1,0,0:0:0:0:
256,192,87494,1,0,0:0:0:0:
402,0,87494,128,0,87682:0:0:0:0:
182,192,87588,1,0,0:0:0:0:
475,192,87588,1,0,0:0:0:0:
109,0,87682,128,0,87869:0:0:0:0:
256,192,87682,1,0,0:0:0:0:
329,192,87682,1,0,0:0:0:0:
182,192,87775,1,0,0:0:0:0:
402,192,87775,1,0,0:0:0:0:
256,192,87869,1,0,0:0:0:0:
475,192,87869,1,0,0:0:0:0:
329,0,87869,128,0,88057:0:0:0:0:
109,192,87963,1,0,0:0:0:0:
402,192,87963,1,0,0:0:0:0:
182,192,88057,1,0,0:0:0:0:
256,0,88057,128,0,88432:0:0:0:0:
475,0,88057,128,0,89182:0:0:0:0:
36,192,88150,1,0,0:0:0:0:
329,192,88150,1,0,0:0:0:0:
109,192,88244,1,0,0:0:0:0:
402,192,88244,1,0,0:0:0:0:
182,192,88338,1,0,0:0:0:0:
329,192,88338,1,0,0:0:0:0:
36,192,88432,1,0,0:0:0:0:
109,0,88432,128,0,88807:0:0:0:0:
402,192,88432,1,0,0:0:0:0:
182,192,88525,1,0,0:0:0:0:
256,192,88525,1,0,0:0:0:0:
36,192,88619,1,0,0:0:0:0:
329,192,88619,1,0,0:0:0:0:
182,192,88713,1,0,0:0:0:0:
402,192,88713,1,0,0:0:0:0:
36,192,88807,1,0,0:0:0:0:
256,0,88807,128,0,89182:0:0:0:0:
329,192,88807,1,0,0:0:0:0:
109,192,88900,1,0,0:0:0:0:
402,192,88900,1,0,0:0:0:0:
182,192,88994,1,0,0:0:0:0:
329,192,88994,1,0,0:0:0:0:
109,192,89088,1,0,0:0:0:0:
402,192,89088,1,0,0:0:0:0:
36,192,89182,1,0,0:0:0:0:
329,192,89182,1,0,0:0:0:0:
109,192,89228,1,0,0:0:0:0:
402,192,89228,1,0,0:0:0:0:
182,192,89275,1,0,0:0:0:0:
475,192,89275,1,0,0:0:0:0:
256,192,89322,1,0,0:0:0:0:
36,192,89369,1,0,0:0:0:0:
329,192,89369,1,0,0:0:0:0:
109,192,89416,1,0,0:0:0:0:
402,192,89416,1,0,0:0:0:0:
182,192,89463,1,0,0:0:0:0:
475,192,89463,1,0,0:0:0:0:
256,192,89510,1,0,0:0:0:0:
36,0,89557,128,0,89838:0:0:0:0:
182,192,89557,1,0,0:0:0:0:
329,0,89557,128,0,90963:0:0:0:0:
402,0,89557,128,0,90963:0:0:0:0:
475,192,89557,1,0,0:0:0:0:
109,0,89650,128,0,89744:0:0:0:0:
182,0,89744,128,0,90025:0:0:0:0:
256,192,89744,1,0,0:0:0:0:
109,0,89838,128,0,89932:0:0:0:0:
36,0,89932,128,0,90213:0:0:0:0:
475,192,89932,1,0,0:0:0:0:
109,0,90025,128,0,90119:0:0:0:0:
182,0,90119,128,0,90400:0:0:0:0:
256,192,90119,1,0,0:0:0:0:
109,0,90213,128,0,90307:0:0:0:0:
36,0,90307,128,0,90588:0:0:0:0:
475,192,90307,1,0,0:0:0:0:
109,0,90400,128,0,90494:0:0:0:0:
182,0,90494,128,0,90775:0:0:0:0:
256,192,90494,1,0,0:0:0:0:
109,0,90588,128,0,90682:0:0:0:0:
36,0,90682,128,0,90963:0:0:0:0:
475,192,90682,1,0,0:0:0:0:
109,0,90775,128,0,90869:0:0:0:0:
256,192,90869,1,0,0:0:0:0:
182,0,90869,128,0,91057:0:0:0:0:
109,0,90963,128,0,91057:0:0:0:0:
36,192,91057,1,0,0:0:0:0:
256,192,91057,1,0,0:0:0:0:
329,192,91057,1,0,0:0:0:0:
402,0,91057,128,0,91197:0:0:0:0:
475,0,91057,128,0,91197:0:0:0:0:
182,192,91150,1,0,0:0:0:0:
109,192,91244,1,0,0:0:0:0:
256,192,91244,1,0,0:0:0:0:
329,192,91244,1,0,0:0:0:0:
402,0,91244,128,0,91385:0:0:0:0:
475,0,91244,128,0,91385:0:0:0:0:
36,192,91338,1,0,0:0:0:0:
109,192,91432,1,0,0:0:0:0:
182,192,91432,1,0,0:0:0:0:
256,192,91432,1,0,0:0:0:0:
402,0,91432,128,0,91572:0:0:0:0:
475,0,91432,128,0,91572:0:0:0:0:
329,192,91525,1,0,0:0:0:0:
36,192,91619,1,0,0:0:0:0:
109,192,91619,1,0,0:0:0:0:
182,192,91619,1,0,0:0:0:0:
402,0,91619,128,0,91760:0:0:0:0:
475,0,91619,128,0,91760:0:0:0:0:
256,192,91713,1,0,0:0:0:0:
36,0,91807,128,0,91877:0:0:0:0:
329,192,91807,1,0,0:0:0:0:
402,192,91807,1,0,0:0:0:0:
475,192,91807,1,0,0:0:0:0:
109,0,91830,128,0,91924:0:0:0:0:
182,0,91853,128,0,91947:0:0:0:0:
256,0,91877,128,0,91971:0:0:0:0:
329,0,91900,128,0,91994:0:0:0:0:
402,0,91924,128,0,92041:0:0:0:0:
475,0,91947,128,0,92064:0:0:0:0:
36,0,91994,128,0,92041:0:0:0:0:
109,0,92017,128,0,92088:0:0:0:0:
182,0,92041,128,0,92135:0:0:0:0:
256,0,92064,128,0,92182:0:0:0:0:
329,0,92088,128,0,92205:0:0:0:0:
402,0,92111,128,0,92252:0:0:0:0:
475,0,92135,128,0,92275:0:0:0:0:
36,0,92182,128,0,92322:0:0:0:0:
109,0,92205,128,0,92346:0:0:0:0:
182,0,92228,128,0,92369:0:0:0:0:
256,0,92252,128,0,92392:0:0:0:0:
329,0,92275,128,0,92439:0:0:0:0:
402,0,92299,128,0,92463:0:0:0:0:
475,0,92322,128,0,92486:0:0:0:0:
36,0,92369,128,0,92510:0:0:0:0:
109,0,92392,128,0,92533:0:0:0:0:
182,0,92416,128,0,92557:0:0:0:0:
256,0,92439,128,0,92603:0:0:0:0:
36,192,92557,1,0,0:0:0:0:
329,0,92557,128,0,93213:0:0:0:0:
402,0,92557,128,0,93213:0:0:0:0:
475,192,92557,1,0,0:0:0:0:
109,192,92650,1,0,0:0:0:0:
182,192,92650,1,0,0:0:0:0:
36,192,92744,1,0,0:0:0:0:
475,192,92744,1,0,0:0:0:0:
182,192,92838,1,0,0:0:0:0:
256,192,92838,1,0,0:0:0:0:
36,192,92932,1,0,0:0:0:0:
475,192,92932,1,0,0:0:0:0:
109,192,93025,1,0,0:0:0:0:
182,192,93025,1,0,0:0:0:0:
36,192,93119,1,0,0:0:0:0:
475,192,93119,1,0,0:0:0:0:
182,192,93213,1,0,0:0:0:0:
256,192,93213,1,0,0:0:0:0:
36,192,93307,1,0,0:0:0:0:
109,0,93307,128,0,93588:0:0:0:0:
475,192,93307,1,0,0:0:0:0:
256,192,93400,1,0,0:0:0:0:
329,192,93400,1,0,0:0:0:0:
402,192,93400,1,0,0:0:0:0:
36,192,93494,1,0,0:0:0:0:
475,192,93494,1,0,0:0:0:0:
182,192,93588,1,0,0:0:0:0:
329,192,93588,1,0,0:0:0:0:
402,192,93588,1,0,0:0:0:0:
36,192,93682,1,0,0:0:0:0:
256,0,93682,128,0,93963:0:0:0:0:
475,192,93682,1,0,0:0:0:0:
109,192,93775,1,0,0:0:0:0:
182,192,93775,1,0,0:0:0:0:
329,192,93775,1,0,0:0:0:0:
402,192,93775,1,0,0:0:0:0:
36,192,93869,1,0,0:0:0:0:
475,192,93869,1,0,0:0:0:0:
109,192,93963,1,0,0:0:0:0:
329,192,93963,1,0,0:0:0:0:
402,192,93963,1,0,0:0:0:0:
36,192,94057,1,0,0:0:0:0:
182,0,94057,128,0,94713:0:0:0:0:
256,0,94057,128,0,94713:0:0:0:0:
475,192,94057,1,0,0:0:0:0:
109,192,94150,1,0,0:0:0:0:
329,192,94150,1,0,0:0:0:0:
36,192,94244,1,0,0:0:0:0:
402,192,94244,1,0,0:0:0:0:
109,192,94338,1,0,0:0:0:0:
475,192,94338,1,0,0:0:0:0:
36,192,94432,1,0,0:0:0:0:
329,192,94432,1,0,0:0:0:0:
109,192,94525,1,0,0:0:0:0:
402,192,94525,1,0,0:0:0:0:
36,192,94619,1,0,0:0:0:0:
475,192,94619,1,0,0:0:0:0:
109,192,94713,1,0,0:0:0:0:
329,192,94713,1,0,0:0:0:0:
36,192,94807,1,0,0:0:0:0:
182,192,94807,1,0,0:0:0:0:
402,0,94807,128,0,95088:0:0:0:0:
109,192,94900,1,0,0:0:0:0:
256,192,94900,1,0,0:0:0:0:
182,192,94994,1,0,0:0:0:0:
329,192,94994,1,0,0:0:0:0:
109,192,95088,1,0,0:0:0:0:
475,192,95088,1,0,0:0:0:0:
36,192,95182,1,0,0:0:0:0:
182,192,95182,1,0,0:0:0:0:
256,0,95182,128,0,95463:0:0:0:0:
329,192,95182,1,0,0:0:0:0:
109,192,95275,1,0,0:0:0:0:
402,192,95275,1,0,0:0:0:0:
36,192,95369,1,0,0:0:0:0:
329,192,95369,1,0,0:0:0:0:
475,192,95369,1,0,0:0:0:0:
109,192,95463,1,0,0:0:0:0:
182,192,95463,1,0,0:0:0:0:
36,192,95557,1,0,0:0:0:0:
256,192,95557,1,0,0:0:0:0:
329,192,95557,1,0,0:0:0:0:
402,0,95557,128,0,96213:0:0:0:0:
475,0,95557,128,0,96213:0:0:0:0:
109,192,95650,1,0,0:0:0:0:
182,192,95650,1,0,0:0:0:0:
36,192,95744,1,0,0:0:0:0:
329,192,95744,1,0,0:0:0:0:
182,192,95838,1,0,0:0:0:0:
256,192,95838,1,0,0:0:0:0:
36,192,95932,1,0,0:0:0:0:
329,192,95932,1,0,0:0:0:0:
109,192,96025,1,0,0:0:0:0:
256,192,96025,1,0,0:0:0:0:
36,192,96119,1,0,0:0:0:0:
182,192,96119,1,0,0:0:0:0:
329,192,96119,1,0,0:0:0:0:
256,192,96213,1,0,0:0:0:0:
36,192,96307,1,0,0:0:0:0:
109,0,96307,128,0,96588:0:0:0:0:
182,192,96307,1,0,0:0:0:0:
329,192,96307,1,0,0:0:0:0:
475,192,96307,1,0,0:0:0:0:
256,192,96400,1,0,0:0:0:0:
402,192,96400,1,0,0:0:0:0:
36,192,96494,1,0,0:0:0:0:
182,192,96494,1,0,0:0:0:0:
329,192,96494,1,0,0:0:0:0:
475,192,96494,1,0,0:0:0:0:
256,192,96588,1,0,0:0:0:0:
402,192,96588,1,0,0:0:0:0:
109,192,96682,1,0,0:0:0:0:
182,192,96682,1,0,0:0:0:0:
329,0,96682,128,0,96963:0:0:0:0:
475,192,96682,1,0,0:0:0:0:
36,192,96775,1,0,0:0:0:0:
256,192,96775,1,0,0:0:0:0:
402,192,96775,1,0,0:0:0:0:
182,192,96869,1,0,0:0:0:0:
475,192,96869,1,0,0:0:0:0:
36,192,96963,1,0,0:0:0:0:
109,192,96963,1,0,0:0:0:0:
402,192,96963,1,0,0:0:0:0:
182,0,97057,128,0,97713:0:0:0:0:
256,0,97057,128,0,97713:0:0:0:0:
329,192,97057,1,0,0:0:0:0:
36,192,97150,1,0,0:0:0:0:
109,192,97150,1,0,0:0:0:0:
402,192,97150,1,0,0:0:0:0:
475,192,97244,1,0,0:0:0:0:
36,192,97338,1,0,0:0:0:0:
109,192,97338,1,0,0:0:0:0:
329,192,97338,1,0,0:0:0:0:
402,192,97432,1,0,0:0:0:0:
36,192,97525,1,0,0:0:0:0:
109,192,97525,1,0,0:0:0:0:
475,192,97525,1,0,0:0:0:0:
329,192,97619,1,0,0:0:0:0:
36,192,97713,1,0,0:0:0:0:
109,192,97713,1,0,0:0:0:0:
402,192,97713,1,0,0:0:0:0:
182,192,97807,1,0,0:0:0:0:
256,192,97807,1,0,0:0:0:0:
329,0,97807,128,0,97900:0:0:0:0:
475,192,97807,1,0,0:0:0:0:
36,192,97900,1,0,0:0:0:0:
109,192,97900,1,0,0:0:0:0:
402,0,97900,128,0,97994:0:0:0:0:
256,0,97994,128,0,98088:0:0:0:0:
329,192,97994,1,0,0:0:0:0:
475,192,97994,1,0,0:0:0:0:
109,192,98088,1,0,0:0:0:0:
182,0,98088,128,0,98182:0:0:0:0:
402,192,98088,1,0,0:0:0:0:
36,192,98182,1,0,0:0:0:0:
256,192,98182,1,0,0:0:0:0:
329,0,98182,128,0,98369:0:0:0:0:
475,192,98182,1,0,0:0:0:0:
182,192,98275,1,0,0:0:0:0:
36,192,98369,1,0,0:0:0:0:
256,192,98369,1,0,0:0:0:0:
402,192,98369,1,0,0:0:0:0:
475,192,98369,1,0,0:0:0:0:
109,0,98369,128,0,98557:0:0:0:0:
182,192,98463,1,0,0:0:0:0:
329,192,98463,1,0,0:0:0:0:
36,0,98557,128,0,98838:0:0:0:0:
475,0,98557,128,0,98838:0:0:0:0:
109,0,98650,128,0,98932:0:0:0:0:
402,0,98650,128,0,98932:0:0:0:0:
182,0,98744,128,0,99025:0:0:0:0:
329,0,98744,128,0,99025:0:0:0:0:
256,0,98838,128,0,99119:0:0:0:0:
36,0,98932,128,0,99213:0:0:0:0:
475,0,98932,128,0,99213:0:0:0:0:
109,0,99025,128,0,99307:0:0:0:0:
402,0,99025,128,0,99307:0:0:0:0:
182,0,99119,128,0,99400:0:0:0:0:
329,0,99119,128,0,99400:0:0:0:0:
256,0,99213,128,0,99494:0:0:0:0:
36,0,99307,128,0,99400:0:0:0:0:
475,0,99307,128,0,99400:0:0:0:0:
109,0,99400,128,0,99494:0:0:0:0:
402,0,99400,128,0,99494:0:0:0:0:
36,0,99494,128,0,99541:0:0:0:0:
182,192,99494,1,0,0:0:0:0:
329,0,99494,128,0,99588:0:0:0:0:
475,0,99494,128,0,99541:0:0:0:0:
109,192,99588,1,0,0:0:0:0:
256,0,99588,128,0,99682:0:0:0:0:
402,192,99588,1,0,0:0:0:0:
36,0,99682,128,0,99775:0:0:0:0:
182,192,99682,1,0,0:0:0:0:
329,192,99682,1,0,0:0:0:0:
475,0,99682,128,0,99775:0:0:0:0:
109,0,99775,128,0,99869:0:0:0:0:
256,0,99775,128,0,99822:0:0:0:0:
402,0,99775,128,0,99869:0:0:0:0:
36,0,99869,128,0,99916:0:0:0:0:
182,0,99869,128,0,99963:0:0:0:0:
329,0,99869,128,0,99963:0:0:0:0:
475,0,99869,128,0,99916:0:0:0:0:
109,192,99963,1,0,0:0:0:0:
402,192,99963,1,0,0:0:0:0:
256,0,99963,128,0,100057:0:0:0:0:
36,192,100057,1,0,0:0:0:0:
182,192,100057,1,0,0:0:0:0:
329,192,100057,1,0,0:0:0:0:
475,192,100057,1,0,0:0:0:0:
109,192,100244,1,0,0:0:0:0:
329,192,100244,1,0,0:0:0:0:
475,192,100244,1,0,0:0:0:0:
182,192,100338,1,0,0:0:0:0:
329,192,100432,1,0,0:0:0:0:
402,192,100432,1,0,0:0:0:0:
475,192,100432,1,0,0:0:0:0:
109,192,100619,1,0,0:0:0:0:
256,192,100619,1,0,0:0:0:0:
182,192,100713,1,0,0:0:0:0:
109,0,100807,128,0,101182:0:0:0:0:
256,0,100807,128,0,101182:0:0:0:0:
329,192,100807,1,0,0:0:0:0:
402,192,100807,1,0,0:0:0:0:
36,192,100994,1,0,0:0:0:0:
182,192,101088,1,0,0:0:0:0:
402,192,101182,1,0,0:0:0:0:
475,192,101182,1,0,0:0:0:0:
109,192,101369,1,0,0:0:0:0:
402,192,101369,1,0,0:0:0:0:
475,192,101369,1,0,0:0:0:0:
182,192,101463,1,0,0:0:0:0:
329,192,101557,1,0,0:0:0:0:
36,192,101744,1,0,0:0:0:0:
109,192,101744,1,0,0:0:0:0:
475,192,101744,1,0,0:0:0:0:
36,0,101932,128,0,102307:0:0:0:0:
109,0,101932,128,0,102307:0:0:0:0:
329,192,101932,1,0,0:0:0:0:
402,192,102119,1,0,0:0:0:0:
256,192,102307,1,0,0:0:0:0:
182,192,102494,1,0,0:0:0:0:
475,192,102494,1,0,0:0:0:0:
329,192,102682,1,0,0:0:0:0:
475,192,102682,1,0,0:0:0:0:
256,192,102869,1,0,0:0:0:0:
475,192,102869,1,0,0:0:0:0:
36,192,103057,1,0,0:0:0:0:
256,192,103057,1,0,0:0:0:0:
329,192,103057,1,0,0:0:0:0:
109,0,103244,128,0,103432:0:0:0:0:
402,0,103244,128,0,103432:0:0:0:0:
182,192,103432,1,0,0:0:0:0:
256,192,103432,1,0,0:0:0:0:
475,192,103432,1,0,0:0:0:0:
36,0,103619,128,0,103994:0:0:0:0:
329,0,103619,128,0,103994:0:0:0:0:
256,192,103807,1,0,0:0:0:0:
109,192,103994,1,0,0:0:0:0:
402,192,103994,1,0,0:0:0:0:
182,192,104182,1,0,0:0:0:0:
256,192,104182,1,0,0:0:0:0:
475,192,104182,1,0,0:0:0:0:
182,192,104369,1,0,0:0:0:0:
475,192,104369,1,0,0:0:0:0:
109,192,104557,1,0,0:0:0:0:
182,192,104557,1,0,0:0:0:0:
402,192,104557,1,0,0:0:0:0:
475,192,104557,1,0,0:0:0:0:
109,0,104744,128,0,104932:0:0:0:0:
402,0,104744,128,0,104932:0:0:0:0:
36,192,104932,1,0,0:0:0:0:
256,192,104932,1,0,0:0:0:0:
329,192,104932,1,0,0:0:0:0:
182,0,105119,128,0,105494:0:0:0:0:
475,0,105119,128,0,105494:0:0:0:0:
329,192,105307,1,0,0:0:0:0:
109,192,105494,1,0,0:0:0:0:
402,192,105494,1,0,0:0:0:0:
36,192,105682,1,0,0:0:0:0:
256,192,105682,1,0,0:0:0:0:
329,192,105682,1,0,0:0:0:0:
36,192,105869,1,0,0:0:0:0:
256,192,105869,1,0,0:0:0:0:
109,192,106057,1,0,0:0:0:0:
256,192,106057,1,0,0:0:0:0:
402,192,106057,1,0,0:0:0:0:
109,0,106244,128,0,106432:0:0:0:0:
402,0,106244,128,0,106432:0:0:0:0:
256,192,106432,1,0,0:0:0:0:
36,0,106619,128,0,106994:0:0:0:0:
475,0,106619,128,0,106994:0:0:0:0:
256,192,106807,1,0,0:0:0:0:
109,192,106994,1,0,0:0:0:0:
402,192,106994,1,0,0:0:0:0:
36,192,107182,1,0,0:0:0:0:
256,192,107182,1,0,0:0:0:0:
475,192,107182,1,0,0:0:0:0:
36,192,107369,1,0,0:0:0:0:
475,192,107369,1,0,0:0:0:0:
36,192,107557,1,0,0:0:0:0:
109,192,107557,1,0,0:0:0:0:
256,192,107557,1,0,0:0:0:0:
402,192,107557,1,0,0:0:0:0:
475,192,107557,1,0,0:0:0:0:
36,0,107744,128,0,107932:0:0:0:0:
475,0,107744,128,0,107932:0:0:0:0:
256,192,107932,1,0,0:0:0:0:
109,0,108119,128,0,108494:0:0:0:0:
402,0,108119,128,0,108494:0:0:0:0:
256,192,108307,1,0,0:0:0:0:
36,192,108494,1,0,0:0:0:0:
475,192,108494,1,0,0:0:0:0:
182,192,108682,1,0,0:0:0:0:
256,192,108682,1,0,0:0:0:0:
329,192,108682,1,0,0:0:0:0:
182,192,108869,1,0,0:0:0:0:
329,192,108869,1,0,0:0:0:0:
36,192,109057,1,0,0:0:0:0:
109,192,109057,1,0,0:0:0:0:
475,192,109057,1,0,0:0:0:0:
256,0,109057,128,0,112057:0:0:0:0:
402,192,109150,1,0,0:0:0:0:
109,0,109244,128,0,109432:0:0:0:0:
329,192,109244,1,0,0:0:0:0:
475,192,109338,1,0,0:0:0:0:
402,192,109432,1,0,0:0:0:0:
329,192,109525,1,0,0:0:0:0:
182,0,109619,128,0,109994:0:0:0:0:
475,192,109619,1,0,0:0:0:0:
402,192,109713,1,0,0:0:0:0:
329,192,109807,1,0,0:0:0:0:
475,192,109900,1,0,0:0:0:0:
36,192,109994,1,0,0:0:0:0:
402,192,109994,1,0,0:0:0:0:
329,192,110088,1,0,0:0:0:0:
109,192,110182,1,0,0:0:0:0:
475,192,110182,1,0,0:0:0:0:
402,192,110275,1,0,0:0:0:0:
36,192,110369,1,0,0:0:0:0:
329,192,110369,1,0,0:0:0:0:
475,192,110463,1,0,0:0:0:0:
36,0,110557,128,0,110744:0:0:0:0:
109,192,110557,1,0,0:0:0:0:
182,192,110557,1,0,0:0:0:0:
402,192,110557,1,0,0:0:0:0:
329,192,110650,1,0,0:0:0:0:
182,0,110744,128,0,110932:0:0:0:0:
475,192,110744,1,0,0:0:0:0:
402,192,110838,1,0,0:0:0:0:
109,0,110932,128,0,111119:0:0:0:0:
329,192,110932,1,0,0:0:0:0:
475,192,111025,1,0,0:0:0:0:
182,0,111119,128,0,111307:0:0:0:0:
402,192,111119,1,0,0:0:0:0:
329,192,111213,1,0,0:0:0:0:
36,0,111307,128,0,111400:0:0:0:0:
475,0,111307,128,0,111400:0:0:0:0:
109,0,111400,128,0,111494:0:0:0:0:
402,0,111400,128,0,111494:0:0:0:0:
182,0,111494,128,0,111588:0:0:0:0:
329,0,111494,128,0,111588:0:0:0:0:
109,0,111588,128,0,111682:0:0:0:0:
475,0,111588,128,0,111682:0:0:0:0:
36,0,111682,128,0,111775:0:0:0:0:
402,0,111682,128,0,111775:0:0:0:0:
109,0,111775,128,0,111869:0:0:0:0:
329,0,111775,128,0,111869:0:0:0:0:
182,0,111869,128,0,111963:0:0:0:0:
475,0,111869,128,0,111963:0:0:0:0:
109,0,111963,128,0,112057:0:0:0:0:
402,0,111963,128,0,112057:0:0:0:0:
36,192,112057,1,0,0:0:0:0:
182,192,112057,1,0,0:0:0:0:
329,192,112057,1,0,0:0:0:0:
475,0,112057,128,0,112432:0:0:0:0:
402,0,112150,128,0,112244:0:0:0:0:
256,0,112244,128,0,112338:0:0:0:0:
329,0,112338,128,0,112432:0:0:0:0:
36,192,112432,1,0,0:0:0:0:
182,192,112432,1,0,0:0:0:0:
256,192,112432,1,0,0:0:0:0:
402,0,112432,128,0,112807:0:0:0:0:
329,0,112525,128,0,112619:0:0:0:0:
36,192,112619,1,0,0:0:0:0:
182,0,112619,128,0,112713:0:0:0:0:
256,0,112713,128,0,112807:0:0:0:0:
109,192,112807,1,0,0:0:0:0:
182,192,112807,1,0,0:0:0:0:
329,0,112807,128,0,113182:0:0:0:0:
475,192,112807,1,0,0:0:0:0:
256,0,112900,128,0,112994:0:0:0:0:
109,0,112994,128,0,113088:0:0:0:0:
182,0,113088,128,0,113182:0:0:0:0:
36,192,113182,1,0,0:0:0:0:
402,192,113182,1,0,0:0:0:0:
475,0,113182,128,0,113369:0:0:0:0:
256,0,113182,128,0,113557:0:0:0:0:
182,0,113275,128,0,113369:0:0:0:0:
36,0,113369,128,0,113463:0:0:0:0:
109,0,113463,128,0,113557:0:0:0:0:
36,0,113557,128,0,113932:0:0:0:0:
329,192,113557,1,0,0:0:0:0:
402,192,113557,1,0,0:0:0:0:
475,192,113557,1,0,0:0:0:0:
182,0,113650,128,0,113744:0:0:0:0:
329,0,113744,128,0,113838:0:0:0:0:
256,0,113838,128,0,113932:0:0:0:0:
109,0,113932,128,0,114307:0:0:0:0:
329,192,113932,1,0,0:0:0:0:
402,192,113932,1,0,0:0:0:0:
475,192,113932,1,0,0:0:0:0:
182,0,114025,128,0,114119:0:0:0:0:
329,0,114119,128,0,114213:0:0:0:0:
475,192,114119,1,0,0:0:0:0:
256,0,114213,128,0,114307:0:0:0:0:
36,192,114307,1,0,0:0:0:0:
182,0,114307,128,0,114682:0:0:0:0:
329,192,114307,1,0,0:0:0:0:
402,192,114307,1,0,0:0:0:0:
256,0,114400,128,0,114494:0:0:0:0:
402,0,114494,128,0,114588:0:0:0:0:
329,0,114588,128,0,114682:0:0:0:0:
36,192,114682,1,0,0:0:0:0:
109,0,114682,128,0,114869:0:0:0:0:
402,192,114682,1,0,0:0:0:0:
475,192,114682,1,0,0:0:0:0:
256,0,114682,128,0,115057:0:0:0:0:
329,0,114775,128,0,114869:0:0:0:0:
475,0,114869,128,0,114963:0:0:0:0:
402,0,114963,128,0,115057:0:0:0:0:
36,192,115057,1,0,0:0:0:0:
109,192,115057,1,0,0:0:0:0:
182,192,115057,1,0,0:0:0:0:
329,192,115057,1,0,0:0:0:0:
475,0,115057,128,0,115432:0:0:0:0:
402,0,115150,128,0,115244:0:0:0:0:
329,0,115244,128,0,115338:0:0:0:0:
256,0,115338,128,0,115432:0:0:0:0:
36,192,115432,1,0,0:0:0:0:
109,192,115432,1,0,0:0:0:0:
182,192,115432,1,0,0:0:0:0:
402,0,115432,128,0,115807:0:0:0:0:
329,0,115525,128,0,115619:0:0:0:0:
109,192,115619,1,0,0:0:0:0:
256,0,115619,128,0,115713:0:0:0:0:
182,0,115713,128,0,115807:0:0:0:0:
36,192,115807,1,0,0:0:0:0:
109,192,115807,1,0,0:0:0:0:
329,0,115807,128,0,116182:0:0:0:0:
475,192,115807,1,0,0:0:0:0:
256,0,115900,128,0,115994:0:0:0:0:
182,0,115994,128,0,116088:0:0:0:0:
402,192,115994,1,0,0:0:0:0:
109,0,116088,128,0,116182:0:0:0:0:
402,192,116182,1,0,0:0:0:0:
475,192,116182,1,0,0:0:0:0:
256,0,116182,128,0,116557:0:0:0:0:
182,0,116275,128,0,116369:0:0:0:0:
109,0,116369,128,0,116463:0:0:0:0:
402,192,116369,1,0,0:0:0:0:
36,0,116463,128,0,116557:0:0:0:0:
109,0,116557,128,0,116932:0:0:0:0:
329,192,116557,1,0,0:0:0:0:
475,192,116557,1,0,0:0:0:0:
256,0,116650,128,0,116744:0:0:0:0:
182,0,116744,128,0,116838:0:0:0:0:
256,0,116838,128,0,116932:0:0:0:0:
36,192,116932,1,0,0:0:0:0:
182,0,116932,128,0,117307:0:0:0:0:
402,192,116932,1,0,0:0:0:0:
475,192,116932,1,0,0:0:0:0:
329,0,117025,128,0,117119:0:0:0:0:
256,0,117119,128,0,117213:0:0:0:0:
329,0,117213,128,0,117307:0:0:0:0:
36,192,117307,1,0,0:0:0:0:
109,192,117307,1,0,0:0:0:0:
256,0,117307,128,0,117682:0:0:0:0:
475,192,117307,1,0,0:0:0:0:
402,0,117400,128,0,117494:0:0:0:0:
329,0,117494,128,0,117588:0:0:0:0:
402,0,117588,128,0,117682:0:0:0:0:
36,192,117682,1,0,0:0:0:0:
109,192,117682,1,0,0:0:0:0:
182,192,117682,1,0,0:0:0:0:
329,0,117682,128,0,118057:0:0:0:0:
475,0,117775,128,0,117869:0:0:0:0:
36,192,117869,1,0,0:0:0:0:
109,192,117869,1,0,0:0:0:0:
402,0,117869,128,0,117963:0:0:0:0:
475,0,117963,128,0,118057:0:0:0:0:
36,0,118057,128,0,118432:0:0:0:0:
182,192,118057,1,0,0:0:0:0:
256,192,118057,1,0,0:0:0:0:
402,192,118057,1,0,0:0:0:0:
109,0,118150,128,0,118244:0:0:0:0:
182,0,118244,128,0,118338:0:0:0:0:
256,0,118338,128,0,118432:0:0:0:0:
109,192,118432,1,0,0:0:0:0:
182,0,118432,128,0,118807:0:0:0:0:
329,192,118432,1,0,0:0:0:0:
402,192,118432,1,0,0:0:0:0:
475,192,118432,1,0,0:0:0:0:
256,0,118525,128,0,118619:0:0:0:0:
329,0,118619,128,0,118713:0:0:0:0:
402,0,118713,128,0,118807:0:0:0:0:
36,192,118807,1,0,0:0:0:0:
109,192,118807,1,0,0:0:0:0:
256,192,118807,1,0,0:0:0:0:
329,0,118807,128,0,119182:0:0:0:0:
402,0,118900,128,0,118994:0:0:0:0:
475,0,118994,128,0,119088:0:0:0:0:
36,0,119088,128,0,119182:0:0:0:0:
109,192,119182,1,0,0:0:0:0:
182,192,119182,1,0,0:0:0:0:
256,192,119182,1,0,0:0:0:0:
402,192,119182,1,0,0:0:0:0:
475,0,119182,128,0,119557:0:0:0:0:
36,0,119275,128,0,119369:0:0:0:0:
109,0,119369,128,0,119463:0:0:0:0:
182,0,119463,128,0,119557:0:0:0:0:
109,0,119557,128,0,119838:0:0:0:0:
256,192,119557,1,0,0:0:0:0:
329,192,119557,1,0,0:0:0:0:
402,192,119557,1,0,0:0:0:0:
36,0,119650,128,0,119744:0:0:0:0:
182,0,119650,128,0,119744:0:0:0:0:
36,192,119838,1,0,0:0:0:0:
256,0,119838,128,0,120119:0:0:0:0:
402,192,119838,1,0,0:0:0:0:
475,192,119838,1,0,0:0:0:0:
182,0,119932,128,0,120025:0:0:0:0:
329,0,119932,128,0,120025:0:0:0:0:
36,192,120119,1,0,0:0:0:0:
109,192,120119,1,0,0:0:0:0:
182,192,120119,1,0,0:0:0:0:
402,0,120119,128,0,120400:0:0:0:0:
329,0,120213,128,0,120307:0:0:0:0:
475,0,120213,128,0,120307:0:0:0:0:
36,192,120307,1,0,0:0:0:0:
182,0,120307,128,0,120682:0:0:0:0:
256,192,120307,1,0,0:0:0:0:
109,0,120400,128,0,120494:0:0:0:0:
256,0,120494,128,0,120588:0:0:0:0:
109,0,120588,128,0,120682:0:0:0:0:
36,192,120682,1,0,0:0:0:0:
256,192,120682,1,0,0:0:0:0:
475,192,120682,1,0,0:0:0:0:
329,0,120682,128,0,121057:0:0:0:0:
402,0,120775,128,0,120869:0:0:0:0:
109,192,120869,1,0,0:0:0:0:
182,192,120869,1,0,0:0:0:0:
256,0,120869,128,0,120963:0:0:0:0:
109,192,120963,1,0,0:0:0:0:
402,0,120963,128,0,121057:0:0:0:0:
36,0,121057,128,0,121150:0:0:0:0:
182,192,121057,1,0,0:0:0:0:
256,0,121057,128,0,122463:0:0:0:0:
475,0,121057,128,0,122463:0:0:0:0:
109,0,121150,128,0,121244:0:0:0:0:
329,192,121150,1,0,0:0:0:0:
36,192,121244,1,0,0:0:0:0:
182,0,121244,128,0,121338:0:0:0:0:
402,0,121244,128,0,121525:0:0:0:0:
109,192,121338,1,0,0:0:0:0:
329,0,121338,128,0,121432:0:0:0:0:
36,192,121432,1,0,0:0:0:0:
182,0,121432,128,0,121525:0:0:0:0:
109,0,121525,128,0,121619:0:0:0:0:
182,0,121619,128,0,121713:0:0:0:0:
329,0,121619,128,0,121807:0:0:0:0:
402,192,121619,1,0,0:0:0:0:
36,0,121713,128,0,121807:0:0:0:0:
109,0,121807,128,0,121900:0:0:0:0:
402,192,121807,1,0,0:0:0:0:
36,0,121900,128,0,122088:0:0:0:0:
182,0,121900,128,0,121994:0:0:0:0:
109,192,121994,1,0,0:0:0:0:
329,0,121994,128,0,122088:0:0:0:0:
182,192,122088,1,0,0:0:0:0:
402,0,122088,128,0,122182:0:0:0:0:
109,192,122182,1,0,0:0:0:0:
329,0,122182,128,0,122275:0:0:0:0:
36,192,122275,1,0,0:0:0:0:
182,0,122275,128,0,122369:0:0:0:0:
402,192,122275,1,0,0:0:0:0:
109,0,122369,128,0,122463:0:0:0:0:
329,192,122369,1,0,0:0:0:0:
402,192,122463,1,0,0:0:0:0:
182,0,122463,128,0,122557:0:0:0:0:
36,0,122557,128,0,123213:0:0:0:0:
109,0,122557,128,0,123213:0:0:0:0:
256,0,122557,128,0,122744:0:0:0:0:
329,192,122557,1,0,0:0:0:0:
475,0,122557,128,0,122650:0:0:0:0:
182,192,122650,1,0,0:0:0:0:
402,0,122650,128,0,122744:0:0:0:0:
329,0,122744,128,0,122932:0:0:0:0:
475,0,122744,128,0,122838:0:0:0:0:
182,192,122838,1,0,0:0:0:0:
256,0,122838,128,0,122932:0:0:0:0:
402,192,122932,1,0,0:0:0:0:
475,0,122932,128,0,123025:0:0:0:0:
182,192,123025,1,0,0:0:0:0:
256,0,123025,128,0,123119:0:0:0:0:
329,0,123119,128,0,123213:0:0:0:0:
402,192,123119,1,0,0:0:0:0:
475,192,123119,1,0,0:0:0:0:
182,192,123213,1,0,0:0:0:0:
256,192,123213,1,0,0:0:0:0:
36,192,123307,1,0,0:0:0:0:
109,0,123307,128,0,123494:0:0:0:0:
402,0,123307,128,0,123400:0:0:0:0:
182,0,123400,128,0,123682:0:0:0:0:
256,192,123400,1,0,0:0:0:0:
475,0,123400,128,0,123494:0:0:0:0:
36,192,123494,1,0,0:0:0:0:
329,0,123494,128,0,123588:0:0:0:0:
402,192,123494,1,0,0:0:0:0:
109,192,123588,1,0,0:0:0:0:
256,0,123588,128,0,123682:0:0:0:0:
475,192,123588,1,0,0:0:0:0:
36,0,123682,128,0,123775:0:0:0:0:
329,192,123682,1,0,0:0:0:0:
402,192,123682,1,0,0:0:0:0:
109,0,123775,128,0,123869:0:0:0:0:
256,192,123775,1,0,0:0:0:0:
475,0,123775,128,0,123869:0:0:0:0:
36,192,123869,1,0,0:0:0:0:
182,0,123869,128,0,123963:0:0:0:0:
329,0,123869,128,0,123963:0:0:0:0:
109,192,123963,1,0,0:0:0:0:
475,192,123963,1,0,0:0:0:0:
402,0,123963,128,0,124057:0:0:0:0:
36,192,124057,1,0,0:0:0:0:
182,192,124057,1,0,0:0:0:0:
256,192,124057,1,0,0:0:0:0:
329,192,124057,1,0,0:0:0:0:
109,192,124244,1,0,0:0:0:0:
256,192,124244,1,0,0:0:0:0:
329,192,124244,1,0,0:0:0:0:
402,192,124244,1,0,0:0:0:0:
182,192,124432,1,0,0:0:0:0:
329,192,124432,1,0,0:0:0:0:
402,192,124432,1,0,0:0:0:0:
475,192,124432,1,0,0:0:0:0:
36,192,124619,1,0,0:0:0:0:
109,192,124619,1,0,0:0:0:0:
182,0,124619,128,0,124994:0:0:0:0:
329,0,124619,128,0,124994:0:0:0:0:
402,0,124619,128,0,124994:0:0:0:0:
475,0,124619,128,0,124994:0:0:0:0:
109,192,124994,1,0,0:0:0:0:
256,192,124994,1,0,0:0:0:0:
182,192,125182,1,0,0:0:0:0:
329,192,125182,1,0,0:0:0:0:
475,192,125182,1,0,0:0:0:0:
182,192,125744,1,0,0:0:0:0:
329,192,125744,1,0,0:0:0:0:
402,192,125744,1,0,0:0:0:0:
475,192,125744,1,0,0:0:0:0:
109,192,125932,1,0,0:0:0:0:
256,192,125932,1,0,0:0:0:0:
329,192,125932,1,0,0:0:0:0:
402,192,125932,1,0,0:0:0:0:
36,0,126119,128,0,126400:0:0:0:0:
182,0,126119,128,0,126400:0:0:0:0:
256,0,126119,128,0,126400:0:0:0:0:
329,0,126119,128,0,126400:0:0:0:0:
182,192,126494,1,0,0:0:0:0:
329,192,126494,1,0,0:0:0:0:
402,192,126494,1,0,0:0:0:0:
475,192,126494,1,0,0:0:0:0:
109,192,126682,1,0,0:0:0:0:
256,192,126682,1,0,0:0:0:0:
329,192,126682,1,0,0:0:0:0:
402,192,126682,1,0,0:0:0:0:
36,192,127057,1,0,0:0:0:0:
109,192,127057,1,0,0:0:0:0:
182,192,127057,1,0,0:0:0:0:
329,192,127244,1,0,0:0:0:0:
402,192,127244,1,0,0:0:0:0:
475,192,127244,1,0,0:0:0:0:
109,192,127432,1,0,0:0:0:0:
182,192,127432,1,0,0:0:0:0:
256,192,127432,1,0,0:0:0:0:
256,192,127619,1,0,0:0:0:0:
329,192,127619,1,0,0:0:0:0:
402,192,127619,1,0,0:0:0:0:
36,192,127807,1,0,0:0:0:0:
109,192,127807,1,0,0:0:0:0:
182,192,127807,1,0,0:0:0:0:
329,192,127994,1,0,0:0:0:0:
402,192,127994,1,0,0:0:0:0:
475,192,127994,1,0,0:0:0:0:
36,192,128182,1,0,0:0:0:0:
109,192,128182,1,0,0:0:0:0:
182,0,128182,128,0,128463:0:0:0:0:
256,0,128182,128,0,128463:0:0:0:0:
329,0,128182,128,0,128463:0:0:0:0:
402,192,128182,1,0,0:0:0:0:
475,192,128182,1,0,0:0:0:0:
109,192,128557,1,0,0:0:0:0:
182,192,128557,1,0,0:0:0:0:
256,192,128557,1,0,0:0:0:0:
402,192,128557,1,0,0:0:0:0:
475,192,128557,1,0,0:0:0:0:
36,192,128744,1,0,0:0:0:0:
109,192,128744,1,0,0:0:0:0:
329,192,128744,1,0,0:0:0:0:
402,192,128744,1,0,0:0:0:0:
109,192,128932,1,0,0:0:0:0:
182,192,128932,1,0,0:0:0:0:
256,192,128932,1,0,0:0:0:0:
402,192,128932,1,0,0:0:0:0:
475,192,128932,1,0,0:0:0:0:
36,192,129119,1,0,0:0:0:0:
109,192,129119,1,0,0:0:0:0:
329,192,129119,1,0,0:0:0:0:
402,192,129119,1,0,0:0:0:0:
182,192,129307,1,0,0:0:0:0:
256,192,129307,1,0,0:0:0:0:
475,192,129307,1,0,0:0:0:0:
36,192,129400,1,0,0:0:0:0:
329,192,129400,1,0,0:0:0:0:
109,192,129494,1,0,0:0:0:0:
256,192,129494,1,0,0:0:0:0:
402,192,129494,1,0,0:0:0:0:
109,192,129588,1,0,0:0:0:0:
402,192,129588,1,0,0:0:0:0:
182,192,129682,1,0,0:0:0:0:
256,192,129682,1,0,0:0:0:0:
475,192,129682,1,0,0:0:0:0:
36,192,129775,1,0,0:0:0:0:
329,192,129775,1,0,0:0:0:0:
109,192,129869,1,0,0:0:0:0:
256,192,129869,1,0,0:0:0:0:
402,192,129869,1,0,0:0:0:0:
109,192,129963,1,0,0:0:0:0:
402,192,129963,1,0,0:0:0:0:
36,192,130057,1,0,0:0:0:0:
182,192,130057,1,0,0:0:0:0:
329,192,130057,1,0,0:0:0:0:
475,0,130057,128,0,130807:0:0:0:0:
109,0,130807,128,0,131557:0:0:0:0:
256,192,130807,1,0,0:0:0:0:
329,192,130900,1,0,0:0:0:0:
402,192,130994,1,0,0:0:0:0:
475,192,131088,1,0,0:0:0:0:
182,192,131182,1,0,0:0:0:0:
256,192,131275,1,0,0:0:0:0:
329,0,131557,128,0,132307:0:0:0:0:
402,192,131557,1,0,0:0:0:0:
36,192,131650,1,0,0:0:0:0:
109,192,131744,1,0,0:0:0:0:
182,192,131838,1,0,0:0:0:0:
256,192,131932,1,0,0:0:0:0:
402,192,132025,1,0,0:0:0:0:
475,192,132119,1,0,0:0:0:0:
109,192,132307,1,0,0:0:0:0:
182,0,132307,128,0,133057:0:0:0:0:
256,192,132400,1,0,0:0:0:0:
329,192,132494,1,0,0:0:0:0:
402,192,132588,1,0,0:0:0:0:
475,192,132682,1,0,0:0:0:0:
36,192,133057,1,0,0:0:0:0:
475,0,133057,128,0,133807:0:0:0:0:
109,192,133150,1,0,0:0:0:0:
182,192,133244,1,0,0:0:0:0:
109,192,133338,1,0,0:0:0:0:
182,192,133432,1,0,0:0:0:0:
256,192,133525,1,0,0:0:0:0:
182,192,133619,1,0,0:0:0:0:
256,192,133713,1,0,0:0:0:0:
329,192,133807,1,0,0:0:0:0:
256,192,133900,1,0,0:0:0:0:
329,192,133994,1,0,0:0:0:0:
402,192,134088,1,0,0:0:0:0:
475,192,134182,1,0,0:0:0:0:
36,0,134557,128,0,135307:0:0:0:0:
109,192,134557,1,0,0:0:0:0:
182,192,134650,1,0,0:0:0:0:
256,192,134744,1,0,0:0:0:0:
329,192,134838,1,0,0:0:0:0:
475,192,134932,1,0,0:0:0:0:
402,192,135025,1,0,0:0:0:0:
329,192,135119,1,0,0:0:0:0:
256,192,135213,1,0,0:0:0:0:
109,192,135307,1,0,0:0:0:0:
329,0,135307,128,0,136057:0:0:0:0:
182,192,135400,1,0,0:0:0:0:
256,192,135494,1,0,0:0:0:0:
36,192,135588,1,0,0:0:0:0:
109,192,135682,1,0,0:0:0:0:
475,192,135682,1,0,0:0:0:0:
402,192,135775,1,0,0:0:0:0:
256,192,135869,1,0,0:0:0:0:
182,192,135963,1,0,0:0:0:0:
36,192,136057,1,0,0:0:0:0:
109,192,136057,1,0,0:0:0:0:
402,192,136057,1,0,0:0:0:0:
475,192,136057,1,0,0:0:0:0:
256,192,136150,1,0,0:0:0:0:
329,192,136150,1,0,0:0:0:0:
36,192,136244,1,0,0:0:0:0:
182,192,136244,1,0,0:0:0:0:
402,192,136244,1,0,0:0:0:0:
109,192,136338,1,0,0:0:0:0:
256,192,136338,1,0,0:0:0:0:
329,192,136338,1,0,0:0:0:0:
475,192,136338,1,0,0:0:0:0:
36,192,136432,1,0,0:0:0:0:
182,192,136432,1,0,0:0:0:0:
402,192,136432,1,0,0:0:0:0:
109,192,136525,1,0,0:0:0:0:
329,192,136525,1,0,0:0:0:0:
475,192,136525,1,0,0:0:0:0:
256,192,136619,1,0,0:0:0:0:
402,192,136619,1,0,0:0:0:0:
36,192,136713,1,0,0:0:0:0:
182,192,136713,1,0,0:0:0:0:
329,192,136713,1,0,0:0:0:0:
475,192,136713,1,0,0:0:0:0:
109,192,136807,1,0,0:0:0:0:
256,192,136807,1,0,0:0:0:0:
402,192,136807,1,0,0:0:0:0:
36,192,136900,1,0,0:0:0:0:
182,192,136900,1,0,0:0:0:0:
475,192,136900,1,0,0:0:0:0:
109,192,136994,1,0,0:0:0:0:
329,192,136994,1,0,0:0:0:0:
402,192,136994,1,0,0:0:0:0:
36,192,137088,1,0,0:0:0:0:
256,192,137088,1,0,0:0:0:0:
475,192,137088,1,0,0:0:0:0:
109,192,137182,1,0,0:0:0:0:
402,192,137182,1,0,0:0:0:0:
36,192,137275,1,0,0:0:0:0:
182,192,137275,1,0,0:0:0:0:
329,192,137275,1,0,0:0:0:0:
109,192,137369,1,0,0:0:0:0:
256,192,137369,1,0,0:0:0:0:
402,192,137369,1,0,0:0:0:0:
182,192,137463,1,0,0:0:0:0:
329,192,137463,1,0,0:0:0:0:
475,192,137463,1,0,0:0:0:0:
36,192,137557,1,0,0:0:0:0:
256,192,137557,1,0,0:0:0:0:
402,192,137557,1,0,0:0:0:0:
109,192,137650,1,0,0:0:0:0:
329,192,137650,1,0,0:0:0:0:
36,192,137744,1,0,0:0:0:0:
182,192,137744,1,0,0:0:0:0:
402,192,137744,1,0,0:0:0:0:
256,192,137838,1,0,0:0:0:0:
329,192,137838,1,0,0:0:0:0:
475,192,137838,1,0,0:0:0:0:
36,192,137932,1,0,0:0:0:0:
182,192,137932,1,0,0:0:0:0:
402,192,137932,1,0,0:0:0:0:
109,192,138025,1,0,0:0:0:0:
256,192,138025,1,0,0:0:0:0:
475,192,138025,1,0,0:0:0:0:
36,192,138119,1,0,0:0:0:0:
182,192,138119,1,0,0:0:0:0:
329,192,138119,1,0,0:0:0:0:
402,192,138119,1,0,0:0:0:0:
109,192,138213,1,0,0:0:0:0:
256,192,138213,1,0,0:0:0:0:
475,192,138213,1,0,0:0:0:0:
182,192,138307,1,0,0:0:0:0:
329,192,138307,1,0,0:0:0:0:
402,192,138307,1,0,0:0:0:0:
36,192,138400,1,0,0:0:0:0:
109,192,138400,1,0,0:0:0:0:
256,192,138400,1,0,0:0:0:0:
182,192,138494,1,0,0:0:0:0:
329,192,138494,1,0,0:0:0:0:
475,192,138494,1,0,0:0:0:0:
36,192,138588,1,0,0:0:0:0:
109,192,138588,1,0,0:0:0:0:
256,192,138588,1,0,0:0:0:0:
402,192,138588,1,0,0:0:0:0:
182,192,138682,1,0,0:0:0:0:
329,192,138682,1,0,0:0:0:0:
475,192,138682,1,0,0:0:0:0:
109,192,138775,1,0,0:0:0:0:
256,192,138775,1,0,0:0:0:0:
402,192,138775,1,0,0:0:0:0:
36,192,138869,1,0,0:0:0:0:
182,192,138869,1,0,0:0:0:0:
109,192,138963,1,0,0:0:0:0:
256,192,138963,1,0,0:0:0:0:
329,192,138963,1,0,0:0:0:0:
475,192,138963,1,0,0:0:0:0:
36,192,139057,1,0,0:0:0:0:
182,192,139057,1,0,0:0:0:0:
402,192,139057,1,0,0:0:0:0:
256,192,139150,1,0,0:0:0:0:
329,192,139150,1,0,0:0:0:0:
475,192,139150,1,0,0:0:0:0:
109,192,139244,1,0,0:0:0:0:
182,192,139244,1,0,0:0:0:0:
402,192,139244,1,0,0:0:0:0:
36,192,139338,1,0,0:0:0:0:
256,192,139338,1,0,0:0:0:0:
329,192,139338,1,0,0:0:0:0:
182,192,139432,1,0,0:0:0:0:
402,192,139432,1,0,0:0:0:0:
109,192,139525,1,0,0:0:0:0:
329,192,139525,1,0,0:0:0:0:
475,192,139525,1,0,0:0:0:0:
36,192,139619,1,0,0:0:0:0:
182,192,139619,1,0,0:0:0:0:
402,192,139619,1,0,0:0:0:0:
109,192,139713,1,0,0:0:0:0:
256,192,139713,1,0,0:0:0:0:
475,192,139713,1,0,0:0:0:0:
36,192,139807,1,0,0:0:0:0:
182,192,139807,1,0,0:0:0:0:
329,192,139807,1,0,0:0:0:0:
109,192,139900,1,0,0:0:0:0:
256,192,139900,1,0,0:0:0:0:
402,192,139900,1,0,0:0:0:0:
182,192,139994,1,0,0:0:0:0:
329,192,139994,1,0,0:0:0:0:
475,192,139994,1,0,0:0:0:0:
109,192,140088,1,0,0:0:0:0:
256,192,140088,1,0,0:0:0:0:
402,192,140088,1,0,0:0:0:0:
36,192,140182,1,0,0:0:0:0:
182,192,140182,1,0,0:0:0:0:
329,192,140182,1,0,0:0:0:0:
475,192,140182,1,0,0:0:0:0:
109,192,140275,1,0,0:0:0:0:
256,192,140275,1,0,0:0:0:0:
402,192,140275,1,0,0:0:0:0:
36,192,140369,1,0,0:0:0:0:
182,192,140369,1,0,0:0:0:0:
329,192,140369,1,0,0:0:0:0:
109,192,140463,1,0,0:0:0:0:
256,192,140463,1,0,0:0:0:0:
402,192,140463,1,0,0:0:0:0:
182,0,140557,128,0,140744:0:0:0:0:
329,0,140557,128,0,140744:0:0:0:0:
475,0,140557,128,0,140744:0:0:0:0:
36,0,140837,128,0,140884:0:0:0:0:
182,192,140837,1,0,0:0:0:0:
256,0,140837,128,0,141025:0:0:0:0:
329,0,140837,128,0,141119:0:0:0:0:
402,0,140837,128,0,140884:0:0:0:0:
109,0,140931,128,0,140978:0:0:0:0:
475,0,140931,128,0,140978:0:0:0:0:
36,192,141025,1,0,0:0:0:0:
182,0,141025,128,0,141072:0:0:0:0:
402,0,141025,128,0,141306:0:0:0:0:
109,192,141119,1,0,0:0:0:0:
256,0,141119,128,0,141165:0:0:0:0:
475,192,141119,1,0,0:0:0:0:
36,192,141212,1,0,0:0:0:0:
182,0,141212,128,0,141259:0:0:0:0:
329,0,141212,128,0,141400:0:0:0:0:
109,0,141306,128,0,141353:0:0:0:0:
256,0,141306,128,0,141494:0:0:0:0:
475,0,141306,128,0,141353:0:0:0:0:
36,0,141400,128,0,141447:0:0:0:0:
182,0,141400,128,0,141869:0:0:0:0:
402,0,141400,128,0,141447:0:0:0:0:
109,0,141494,128,0,141775:0:0:0:0:
329,0,141494,128,0,141540:0:0:0:0:
475,192,141494,1,0,0:0:0:0:
36,192,141587,1,0,0:0:0:0:
256,0,141587,128,0,141634:0:0:0:0:
402,192,141587,1,0,0:0:0:0:
329,0,141681,128,0,141728:0:0:0:0:
475,192,141681,1,0,0:0:0:0:
36,0,141775,128,0,141822:0:0:0:0:
256,0,141775,128,0,141962:0:0:0:0:
402,0,141775,128,0,141822:0:0:0:0:
109,0,141869,128,0,141915:0:0:0:0:
475,0,141869,128,0,141915:0:0:0:0:
329,0,141869,128,0,142056:0:0:0:0:
182,0,141962,128,0,142009:0:0:0:0:
36,192,142056,1,0,0:0:0:0:
109,192,142056,1,0,0:0:0:0:
402,0,142056,128,0,142103:0:0:0:0:
475,192,142056,1,0,0:0:0:0:
182,192,142150,1,0,0:0:0:0:
256,0,142150,128,0,142197:0:0:0:0:
329,192,142150,1,0,0:0:0:0:
36,192,142244,1,0,0:0:0:0:
109,192,142244,1,0,0:0:0:0:
402,192,142244,1,0,0:0:0:0:
475,0,142244,128,0,142290:0:0:0:0:
182,192,142337,1,0,0:0:0:0:
256,192,142337,1,0,0:0:0:0:
329,0,142337,128,0,142384:0:0:0:0:
36,192,142431,1,0,0:0:0:0:
109,0,142431,128,0,142478:0:0:0:0:
402,192,142431,1,0,0:0:0:0:
475,192,142431,1,0,0:0:0:0:
182,0,142525,128,0,142572:0:0:0:0:
256,192,142525,1,0,0:0:0:0:
329,192,142525,1,0,0:0:0:0:
36,0,142619,128,0,142665:0:0:0:0:
109,192,142619,1,0,0:0:0:0:
402,0,142619,128,0,142806:0:0:0:0:
475,0,142619,128,0,142806:0:0:0:0:
182,192,142712,1,0,0:0:0:0:
256,0,142712,128,0,142900:0:0:0:0:
329,192,142712,1,0,0:0:0:0:
36,192,142806,1,0,0:0:0:0:
109,0,142806,128,0,142853:0:0:0:0:
182,0,142900,128,0,142947:0:0:0:0:
329,192,142900,1,0,0:0:0:0:
402,192,142900,1,0,0:0:0:0:
475,192,142900,1,0,0:0:0:0:
36,192,142994,1,0,0:0:0:0:
109,192,142994,1,0,0:0:0:0:
256,0,142994,128,0,143040:0:0:0:0:
182,192,143087,1,0,0:0:0:0:
329,192,143087,1,0,0:0:0:0:
402,0,143087,128,0,143134:0:0:0:0:
475,192,143087,1,0,0:0:0:0:
36,192,143181,1,0,0:0:0:0:
109,192,143181,1,0,0:0:0:0:
256,0,143181,128,0,143228:0:0:0:0:
182,192,143275,1,0,0:0:0:0:
329,192,143275,1,0,0:0:0:0:
402,0,143275,128,0,143322:0:0:0:0:
475,192,143275,1,0,0:0:0:0:
36,0,143369,128,0,143415:0:0:0:0:
109,0,143369,128,0,143556:0:0:0:0:
256,0,143369,128,0,143556:0:0:0:0:
402,0,143462,128,0,143509:0:0:0:0:
182,0,143556,128,0,143603:0:0:0:0:
329,192,143556,1,0,0:0:0:0:
475,192,143556,1,0,0:0:0:0:
36,192,143650,1,0,0:0:0:0:
109,192,143650,1,0,0:0:0:0:
256,0,143650,128,0,143697:0:0:0:0:
402,192,143650,1,0,0:0:0:0:
182,192,143744,1,0,0:0:0:0:
329,0,143744,128,0,143790:0:0:0:0:
475,192,143744,1,0,0:0:0:0:
36,192,143837,1,0,0:0:0:0:
109,192,143837,1,0,0:0:0:0:
256,192,143837,1,0,0:0:0:0:
402,0,143837,128,0,143884:0:0:0:0:
182,192,143931,1,0,0:0:0:0:
329,192,143931,1,0,0:0:0:0:
475,0,143931,128,0,143978:0:0:0:0:
36,192,144025,1,0,0:0:0:0:
109,192,144025,1,0,0:0:0:0:
256,192,144025,1,0,0:0:0:0:
402,0,144025,128,0,144072:0:0:0:0:
182,0,144119,128,0,144306:0:0:0:0:
329,0,144119,128,0,144306:0:0:0:0:
475,0,144119,128,0,144165:0:0:0:0:
109,192,144212,1,0,0:0:0:0:
256,192,144212,1,0,0:0:0:0:
36,192,144306,1,0,0:0:0:0:
402,0,144306,128,0,144353:0:0:0:0:
475,192,144306,1,0,0:0:0:0:
109,192,144400,1,0,0:0:0:0:
182,192,144400,1,0,0:0:0:0:
256,192,144400,1,0,0:0:0:0:
329,0,144400,128,0,144447:0:0:0:0:
36,192,144494,1,0,0:0:0:0:
402,0,144494,128,0,144540:0:0:0:0:
475,192,144494,1,0,0:0:0:0:
109,192,144587,1,0,0:0:0:0:
182,192,144587,1,0,0:0:0:0:
256,0,144587,128,0,144634:0:0:0:0:
329,192,144587,1,0,0:0:0:0:
36,192,144681,1,0,0:0:0:0:
402,0,144681,128,0,144728:0:0:0:0:
475,192,144681,1,0,0:0:0:0:
182,0,144775,128,0,144822:0:0:0:0:
256,192,144775,1,0,0:0:0:0:
329,192,144775,1,0,0:0:0:0:
402,0,144869,128,0,144915:0:0:0:0:
475,192,144869,1,0,0:0:0:0:
36,0,144869,128,0,145056:0:0:0:0:
109,0,144869,128,0,145056:0:0:0:0:
182,192,144962,1,0,0:0:0:0:
256,0,144962,128,0,145009:0:0:0:0:
329,192,144962,1,0,0:0:0:0:
402,192,145056,1,0,0:0:0:0:
475,192,145056,1,0,0:0:0:0:
36,192,145150,1,0,0:0:0:0:
109,0,145150,128,0,145197:0:0:0:0:
182,192,145150,1,0,0:0:0:0:
256,192,145150,1,0,0:0:0:0:
329,0,145150,128,0,145197:0:0:0:0:
402,192,145244,1,0,0:0:0:0:
475,192,145244,1,0,0:0:0:0:
36,192,145337,1,0,0:0:0:0:
109,192,145337,1,0,0:0:0:0:
182,0,145337,128,0,145384:0:0:0:0:
256,192,145337,1,0,0:0:0:0:
329,192,145431,1,0,0:0:0:0:
402,192,145431,1,0,0:0:0:0:
475,0,145431,128,0,145478:0:0:0:0:
36,0,145525,128,0,145572:0:0:0:0:
109,192,145525,1,0,0:0:0:0:
182,192,145525,1,0,0:0:0:0:
256,0,145619,128,0,145806:0:0:0:0:
329,0,145619,128,0,145806:0:0:0:0:
402,0,145619,128,0,145665:0:0:0:0:
475,192,145619,1,0,0:0:0:0:
36,192,145712,1,0,0:0:0:0:
109,0,145712,128,0,145900:0:0:0:0:
182,192,145712,1,0,0:0:0:0:
402,192,145806,1,0,0:0:0:0:
475,0,145806,128,0,145853:0:0:0:0:
36,0,145900,128,0,145947:0:0:0:0:
182,192,145900,1,0,0:0:0:0:
256,192,145900,1,0,0:0:0:0:
329,192,145900,1,0,0:0:0:0:
109,0,145994,128,0,146040:0:0:0:0:
402,192,145994,1,0,0:0:0:0:
475,192,145994,1,0,0:0:0:0:
36,192,146087,1,0,0:0:0:0:
182,192,146087,1,0,0:0:0:0:
256,0,146087,128,0,146134:0:0:0:0:
329,192,146087,1,0,0:0:0:0:
109,0,146181,128,0,146228:0:0:0:0:
402,192,146181,1,0,0:0:0:0:
475,192,146181,1,0,0:0:0:0:
36,192,146275,1,0,0:0:0:0:
182,192,146275,1,0,0:0:0:0:
256,0,146275,128,0,146322:0:0:0:0:
329,192,146275,1,0,0:0:0:0:
402,0,146369,128,0,146415:0:0:0:0:
109,0,146369,128,0,146556:0:0:0:0:
475,0,146369,128,0,146556:0:0:0:0:
256,0,146462,128,0,146509:0:0:0:0:
36,0,146556,128,0,146603:0:0:0:0:
182,192,146556,1,0,0:0:0:0:
329,192,146556,1,0,0:0:0:0:
109,0,146650,128,0,146697:0:0:0:0:
256,192,146650,1,0,0:0:0:0:
402,192,146650,1,0,0:0:0:0:
475,192,146650,1,0,0:0:0:0:
36,192,146744,1,0,0:0:0:0:
182,0,146744,128,0,146790:0:0:0:0:
329,192,146744,1,0,0:0:0:0:
109,192,146837,1,0,0:0:0:0:
256,0,146837,128,0,146884:0:0:0:0:
402,192,146837,1,0,0:0:0:0:
475,192,146837,1,0,0:0:0:0:
36,192,146931,1,0,0:0:0:0:
182,192,146931,1,0,0:0:0:0:
329,0,146931,128,0,146978:0:0:0:0:
109,192,147025,1,0,0:0:0:0:
256,0,147025,128,0,147072:0:0:0:0:
402,192,147025,1,0,0:0:0:0:
475,192,147025,1,0,0:0:0:0:
36,0,147119,128,0,147306:0:0:0:0:
182,0,147119,128,0,147306:0:0:0:0:
329,0,147119,128,0,147165:0:0:0:0:
109,192,147212,1,0,0:0:0:0:
475,192,147212,1,0,0:0:0:0:
256,0,147306,128,0,147353:0:0:0:0:
329,0,147306,128,0,148056:0:0:0:0:
402,0,147306,128,0,148056:0:0:0:0:
182,0,147353,128,0,147400:0:0:0:0:
109,0,147400,128,0,147447:0:0:0:0:
36,0,147447,128,0,147494:0:0:0:0:
475,0,147494,128,0,147540:0:0:0:0:
256,0,147540,128,0,147587:0:0:0:0:
182,0,147587,128,0,147634:0:0:0:0:
109,0,147634,128,0,147681:0:0:0:0:
36,0,147681,128,0,147728:0:0:0:0:
475,192,147681,1,0,0:0:0:0:
256,0,147728,128,0,147775:0:0:0:0:
182,0,147775,128,0,147822:0:0:0:0:
109,0,147822,128,0,147915:0:0:0:0:
475,192,147869,1,0,0:0:0:0:
36,192,147915,1,0,0:0:0:0:
256,0,147915,128,0,148009:0:0:0:0:
36,0,148056,128,0,148337:0:0:0:0:
109,0,148056,128,0,148337:0:0:0:0:
256,0,148056,128,0,148103:0:0:0:0:
475,0,148056,128,0,148150:0:0:0:0:
182,0,148150,128,0,148197:0:0:0:0:
402,0,148150,128,0,148244:0:0:0:0:
329,0,148244,128,0,148337:0:0:0:0:
475,0,148244,128,0,148290:0:0:0:0:
182,0,148337,128,0,148384:0:0:0:0:
256,0,148337,128,0,148431:0:0:0:0:
36,0,148431,128,0,148478:0:0:0:0:
109,192,148431,1,0,0:0:0:0:
329,0,148431,128,0,148525:0:0:0:0:
402,0,148431,128,0,148712:0:0:0:0:
475,0,148431,128,0,148712:0:0:0:0:
182,0,148525,128,0,148572:0:0:0:0:
256,0,148525,128,0,148619:0:0:0:0:
36,0,148619,128,0,148712:0:0:0:0:
109,0,148619,128,0,148665:0:0:0:0:
329,192,148619,1,0,0:0:0:0:
182,0,148712,128,0,148759:0:0:0:0:
256,0,148712,128,0,148806:0:0:0:0:
36,0,148806,128,0,149087:0:0:0:0:
109,0,148806,128,0,149087:0:0:0:0:
329,0,148806,128,0,148853:0:0:0:0:
475,0,148806,128,0,148900:0:0:0:0:
182,0,148900,128,0,148947:0:0:0:0:
402,0,148900,128,0,148994:0:0:0:0:
256,192,148994,1,0,0:0:0:0:
329,0,148994,128,0,149087:0:0:0:0:
475,0,148994,128,0,149040:0:0:0:0:
182,0,149087,128,0,149181:0:0:0:0:
109,0,149181,128,0,149275:0:0:0:0:
256,0,149181,128,0,149228:0:0:0:0:
402,0,149181,128,0,149462:0:0:0:0:
475,0,149181,128,0,149462:0:0:0:0:
36,192,149275,1,0,0:0:0:0:
182,0,149275,128,0,149369:0:0:0:0:
329,0,149275,128,0,149322:0:0:0:0:
109,0,149369,128,0,149462:0:0:0:0:
256,0,149369,128,0,149415:0:0:0:0:
329,0,149462,128,0,149509:0:0:0:0:
36,0,149462,128,0,149556:0:0:0:0:
109,0,149556,128,0,149837:0:0:0:0:
182,0,149556,128,0,149837:0:0:0:0:
402,0,149556,128,0,149650:0:0:0:0:
475,0,149556,128,0,149603:0:0:0:0:
36,192,149650,1,0,0:0:0:0:
256,0,149650,128,0,149697:0:0:0:0:
329,0,149650,128,0,149744:0:0:0:0:
402,0,149744,128,0,149790:0:0:0:0:
475,0,149744,128,0,149837:0:0:0:0:
36,0,149837,128,0,149931:0:0:0:0:
256,0,149837,128,0,149884:0:0:0:0:
109,0,149931,128,0,149978:0:0:0:0:
182,192,149931,1,0,0:0:0:0:
329,0,149931,128,0,150212:0:0:0:0:
402,0,149931,128,0,150212:0:0:0:0:
475,0,149931,128,0,150025:0:0:0:0:
36,0,150025,128,0,150119:0:0:0:0:
256,0,150025,128,0,150072:0:0:0:0:
109,0,150119,128,0,150212:0:0:0:0:
182,0,150119,128,0,150165:0:0:0:0:
475,192,150119,1,0,0:0:0:0:
36,0,150212,128,0,150306:0:0:0:0:
256,0,150212,128,0,150259:0:0:0:0:
109,0,150306,128,0,150587:0:0:0:0:
182,0,150306,128,0,150587:0:0:0:0:
402,0,150306,128,0,150400:0:0:0:0:
475,0,150306,128,0,150353:0:0:0:0:
256,0,150400,128,0,150447:0:0:0:0:
329,0,150400,128,0,150494:0:0:0:0:
36,192,150494,1,0,0:0:0:0:
402,0,150494,128,0,150540:0:0:0:0:
475,0,150494,128,0,150587:0:0:0:0:
256,0,150587,128,0,150681:0:0:0:0:
36,0,150681,128,0,150728:0:0:0:0:
182,0,150681,128,0,150775:0:0:0:0:
329,0,150681,128,0,150962:0:0:0:0:
402,0,150681,128,0,150962:0:0:0:0:
109,192,150775,1,0,0:0:0:0:
256,0,150775,128,0,150869:0:0:0:0:
475,0,150775,128,0,150822:0:0:0:0:
36,0,150869,128,0,150915:0:0:0:0:
182,0,150869,128,0,150962:0:0:0:0:
475,0,150962,128,0,151009:0:0:0:0:
109,0,150962,128,0,151056:0:0:0:0:
36,0,151056,128,0,152462:0:0:0:0:
182,192,151056,1,0,0:0:0:0:
256,0,151056,128,0,152462:0:0:0:0:
329,0,151056,128,0,151337:0:0:0:0:
402,0,151150,128,0,151244:0:0:0:0:
109,192,151244,1,0,0:0:0:0:
475,0,151244,128,0,151525:0:0:0:0:
402,0,151337,128,0,151431:0:0:0:0:
182,192,151431,1,0,0:0:0:0:
329,0,151431,128,0,151712:0:0:0:0:
402,0,151525,128,0,151619:0:0:0:0:
109,192,151619,1,0,0:0:0:0:
475,0,151619,128,0,151900:0:0:0:0:
402,0,151712,128,0,151806:0:0:0:0:
182,192,151806,1,0,0:0:0:0:
329,0,151806,128,0,152087:0:0:0:0:
109,192,151900,1,0,0:0:0:0:
402,0,151900,128,0,151994:0:0:0:0:
182,192,151994,1,0,0:0:0:0:
475,0,151994,128,0,152275:0:0:0:0:
402,0,152087,128,0,152181:0:0:0:0:
109,192,152181,1,0,0:0:0:0:
329,0,152181,128,0,152462:0:0:0:0:
402,0,152275,128,0,152369:0:0:0:0:
182,192,152369,1,0,0:0:0:0:
475,0,152369,128,0,152650:0:0:0:0:
402,0,152462,128,0,152556:0:0:0:0:
36,0,152556,128,0,152650:0:0:0:0:
109,0,152556,128,0,153212:0:0:0:0:
182,192,152556,1,0,0:0:0:0:
256,192,152556,1,0,0:0:0:0:
329,0,152556,128,0,153212:0:0:0:0:
402,0,152650,128,0,152744:0:0:0:0:
36,192,152744,1,0,0:0:0:0:
182,192,152744,1,0,0:0:0:0:
475,0,152744,128,0,152837:0:0:0:0:
256,0,152837,128,0,152931:0:0:0:0:
36,192,152931,1,0,0:0:0:0:
182,0,152931,128,0,153025:0:0:0:0:
402,192,152931,1,0,0:0:0:0:
475,192,152931,1,0,0:0:0:0:
256,0,153025,128,0,153119:0:0:0:0:
36,192,153119,1,0,0:0:0:0:
182,192,153119,1,0,0:0:0:0:
402,0,153119,128,0,153212:0:0:0:0:
256,0,153165,128,0,153447:0:0:0:0:
475,0,153212,128,0,153306:0:0:0:0:
329,0,153259,128,0,153447:0:0:0:0:
109,0,153306,128,0,153494:0:0:0:0:
182,0,153353,128,0,153540:0:0:0:0:
402,0,153400,128,0,153587:0:0:0:0:
475,0,153447,128,0,153822:0:0:0:0:
36,192,153494,1,0,0:0:0:0:
256,0,153494,128,0,153681:0:0:0:0:
329,0,153494,128,0,153634:0:0:0:0:
182,0,153587,128,0,153775:0:0:0:0:
36,0,153681,128,0,153728:0:0:0:0:
109,0,153681,128,0,153869:0:0:0:0:
329,0,153681,128,0,153869:0:0:0:0:
256,0,153775,128,0,153962:0:0:0:0:
182,0,153822,128,0,153915:0:0:0:0:
36,0,153869,128,0,153915:0:0:0:0:
475,0,153869,128,0,154009:0:0:0:0:
402,0,153869,128,0,154056:0:0:0:0:
329,192,153962,1,0,0:0:0:0:
182,0,153962,128,0,154056:0:0:0:0:
109,192,154056,1,0,0:0:0:0:
256,192,154056,1,0,0:0:0:0:
36,0,154056,128,0,157056:0:0:0:0:
256,192,154244,1,0,0:0:0:0:
256,192,154337,1,0,0:0:0:0:
329,192,154431,1,0,0:0:0:0:
329,192,154525,1,0,0:0:0:0:
402,192,154619,1,0,0:0:0:0:
402,192,154712,1,0,0:0:0:0:
182,192,154806,1,0,0:0:0:0:
182,192,154900,1,0,0:0:0:0:
256,192,154994,1,0,0:0:0:0:
256,192,155087,1,0,0:0:0:0:
109,192,155181,1,0,0:0:0:0:
109,192,155275,1,0,0:0:0:0:
329,192,155369,1,0,0:0:0:0:
329,192,155462,1,0,0:0:0:0:
109,192,155556,1,0,0:0:0:0:
182,0,155556,128,0,155744:0:0:0:0:
329,0,155556,128,0,155744:0:0:0:0:
475,0,155556,128,0,157056:0:0:0:0:
256,0,155744,128,0,155931:0:0:0:0:
402,0,155744,128,0,155931:0:0:0:0:
182,0,155931,128,0,156119:0:0:0:0:
329,0,155931,128,0,156119:0:0:0:0:
109,0,156119,128,0,156306:0:0:0:0:
256,0,156119,128,0,156306:0:0:0:0:
182,0,156306,128,0,156494:0:0:0:0:
329,0,156306,128,0,156494:0:0:0:0:
402,192,156306,1,0,0:0:0:0:
109,0,156494,128,0,156681:0:0:0:0:
256,0,156494,128,0,156681:0:0:0:0:
182,0,156681,128,0,156869:0:0:0:0:
329,0,156681,128,0,156869:0:0:0:0:
402,192,156681,1,0,0:0:0:0:
109,192,156869,1,0,0:0:0:0:
256,0,156869,128,0,157056:0:0:0:0:
402,0,156869,128,0,157056:0:0:0:0:
182,192,157056,1,0,0:0:0:0:
329,192,157056,1,0,0:0:0:0:
36,192,157431,1,0,0:0:0:0:
182,192,157431,1,0,0:0:0:0:
402,0,157431,128,0,157806:0:0:0:0:
475,0,157431,128,0,157806:0:0:0:0:
256,192,157525,1,0,0:0:0:0:
109,192,157619,1,0,0:0:0:0:
329,192,157619,1,0,0:0:0:0:
256,192,157712,1,0,0:0:0:0:
36,192,157806,1,0,0:0:0:0:
182,192,157806,1,0,0:0:0:0:
329,192,157806,1,0,0:0:0:0:
402,192,157900,1,0,0:0:0:0:
36,0,157994,128,0,158181:0:0:0:0:
109,192,157994,1,0,0:0:0:0:
256,192,157994,1,0,0:0:0:0:
475,192,157994,1,0,0:0:0:0:
329,192,158087,1,0,0:0:0:0:
182,0,158181,128,0,158369:0:0:0:0:
256,192,158181,1,0,0:0:0:0:
402,192,158181,1,0,0:0:0:0:
109,192,158275,1,0,0:0:0:0:
256,192,158369,1,0,0:0:0:0:
475,192,158369,1,0,0:0:0:0:
329,0,158369,128,0,158556:0:0:0:0:
182,192,158462,1,0,0:0:0:0:
36,192,158556,1,0,0:0:0:0:
256,192,158556,1,0,0:0:0:0:
402,192,158556,1,0,0:0:0:0:
109,192,158650,1,0,0:0:0:0:
36,192,158744,1,0,0:0:0:0:
182,192,158744,1,0,0:0:0:0:
402,192,158744,1,0,0:0:0:0:
475,0,158744,128,0,159072:0:0:0:0:
256,192,158837,1,0,0:0:0:0:
109,192,158931,1,0,0:0:0:0:
182,192,158931,1,0,0:0:0:0:
329,0,158931,128,0,159119:0:0:0:0:
256,192,159025,1,0,0:0:0:0:
36,192,159119,1,0,0:0:0:0:
109,192,159119,1,0,0:0:0:0:
402,0,159119,128,0,159447:0:0:0:0:
475,192,159119,1,0,0:0:0:0:
182,192,159212,1,0,0:0:0:0:
256,0,159306,128,0,159494:0:0:0:0:
329,192,159306,1,0,0:0:0:0:
475,192,159306,1,0,0:0:0:0:
36,192,159400,1,0,0:0:0:0:
109,192,159494,1,0,0:0:0:0:
329,0,159494,128,0,159822:0:0:0:0:
402,192,159494,1,0,0:0:0:0:
475,192,159494,1,0,0:0:0:0:
36,192,159587,1,0,0:0:0:0:
109,192,159681,1,0,0:0:0:0:
182,0,159681,128,0,159869:0:0:0:0:
402,192,159681,1,0,0:0:0:0:
36,192,159775,1,0,0:0:0:0:
109,192,159869,1,0,0:0:0:0:
256,192,159869,1,0,0:0:0:0:
329,192,159869,1,0,0:0:0:0:
475,192,159869,1,0,0:0:0:0:
182,192,159962,1,0,0:0:0:0:
36,192,160056,1,0,0:0:0:0:
109,192,160056,1,0,0:0:0:0:
256,192,160056,1,0,0:0:0:0:
402,192,160056,1,0,0:0:0:0:
475,192,160056,1,0,0:0:0:0:
109,192,160619,1,0,0:0:0:0:
182,192,160619,1,0,0:0:0:0:
256,192,160619,1,0,0:0:0:0:
329,192,160619,1,0,0:0:0:0:
402,192,160619,1,0,0:0:0:0:
36,192,161181,1,0,0:0:0:0:
109,192,161181,1,0,0:0:0:0:
256,192,161181,1,0,0:0:0:0:
402,192,161181,1,0,0:0:0:0:
475,192,161181,1,0,0:0:0:0:
182,0,161744,128,0,163009:0:0:0:0:
329,0,161744,128,0,163009:0:0:0:0:
109,0,161744,128,0,163056:0:0:0:0:
256,0,161744,128,0,163056:0:0:0:0:
402,0,161744,128,0,163056:0:0:0:0:
