[Metadata]
音楽 -resolve-
Yu_Asahina
Kawawa
wac pop'n music konami sound voltex Ongaku -resolve-
19
0

[TimingPoints]
2292,500,3,2,1,30,1,0
9792,452.830188679245,4,2,1,30,1,0
11376,400,3,2,1,30,1,0
14442,400,4,2,1,30,1,0
15042,500,4,2,1,30,1,0
16542,444.444444444444,4,2,1,30,1,0
17875,413.793103448276,4,2,1,30,1,0
18288,400,4,2,1,30,1,0
18688,387.096774193548,4,2,1,30,1,0
21784,384.615384615385,4,2,1,30,1,0
22553,379.746835443038,4,2,1,30,1,0
23312,375,4,2,1,30,1,0
28562,379.746835443038,4,2,1,30,1,0
29321,387.096774193548,4,2,1,30,1,0
32417,382.165605095541,4,2,1,30,1,0
41588,375,4,2,1,30,1,0
44588,363.636363636364,4,2,1,30,1,0
54769,400,4,2,1,30,1,0
55569,413.793103448276,4,2,1,30,1,0
55982,444.444444444444,4,2,1,30,1,0
56426,387.096774193548,4,2,1,30,1,0
57200,375,4,2,1,30,1,0
57950,370.37037037037,4,2,1,30,1,0
59431,365.853658536585,4,2,1,30,1,0
60894,363.636363636364,4,2,1,30,1,0
63075,361.44578313253,4,2,1,30,1,0
63797,359.281437125748,4,2,1,30,1,0
64515,357.142857142857,4,2,1,30,1,0
64872,355.029585798817,4,2,1,30,1,0
65227,352.941176470588,4,2,1,30,1,1
68050,363.636363636364,4,2,1,30,1,0
72413,361.44578313253,4,2,1,30,1,0
73135,359.281437125748,4,2,1,30,1,0
73853,357.142857142857,4,2,1,30,1,0
74567,355.029585798817,4,2,1,30,1,0
75277,352.941176470588,4,2,1,30,1,1
75629,363.636363636364,4,2,1,30,1,0
75992,375,4,2,1,30,1,0
76367,387.096774193548,4,2,1,30,1,0
76754,451.127819548872,4,2,1,30,1,0
78558,461.538461538462,4,2,1,30,1,0
79481,444.444444444444,4,2,1,30,1,0
80369,472.44094488189,4,2,1,30,1,0
80841,526.315789473684,4,2,1,30,1,0
81367,363.636363636364,4,2,1,30,1,0
81730,361.44578313253,4,2,1,30,1,0
82091,359.281437125748,4,2,1,30,1,0
82450,363.636363636364,4,2,1,30,1,0
82813,352.941176470588,4,2,1,30,1,0
99754,350.877192982456,4,2,1,30,1,0
100104,348.837209302326,4,2,1,30,1,0
100452,346.820809248555,4,2,1,30,1,0
100798,344.827586206897,4,2,1,30,1,0
101142,342.857142857143,4,2,1,30,1,0
102513,352.941176470588,4,2,1,30,1,0
103218,350.877192982456,4,2,1,30,1,0
103919,348.837209302326,4,2,1,30,1,0
104616,346.820809248555,4,2,1,30,1,0
105309,344.827586206897,4,2,1,30,1,0
105998,342.857142857143,4,2,1,30,1,0
106683,340.909090909091,4,2,1,30,1,0
107364,338.983050847458,4,2,1,30,1,0
108041,337.078651685393,4,2,1,30,1,0
108715,335.195530726257,4,2,1,30,1,0
109385,333.333333333333,4,2,1,30,1,0
112385,331.491712707182,4,2,1,30,1,0
112716,329.67032967033,4,2,1,30,1,0
113045,327.868852459016,4,2,1,30,1,0
113372,326.086956521739,4,2,1,30,1,0
114024,324.324324324324,4,2,1,30,1,0
114672,322.58064516129,4,2,1,30,1,0
115317,320.855614973262,4,2,1,30,1,0
115958,319.148936170213,4,2,1,30,1,0
116596,317.460317460317,4,2,1,30,1,0
117230,315.789473684211,4,2,1,30,1,0
117861,333.333333333333,4,2,1,30,1,0
118194,352.941176470588,4,2,1,30,1,1
118546,272.727272727273,4,2,1,30,1,0
119636,319.148936170213,4,2,1,30,1,0


[HitObjects]
36,192,2292,5,0,0:0:0:70:Sub BeLL.wav
402,192,2292,128,0,2542:0:0:0:0:
109,192,2542,1,0,0:0:0:70:Sub BeLL.wav
182,192,2792,1,0,0:0:0:70:Sub BeLL.wav
256,192,3042,1,0,0:0:0:70:Sub BeLL.wav
402,192,3042,1,0,0:0:0:0:
402,192,3792,1,0,0:0:0:70:Sub BeLL.wav
36,192,3792,128,0,4042:0:0:0:0:
329,192,4042,1,0,0:0:0:70:Sub BeLL.wav
256,192,4292,1,0,0:0:0:70:Sub BeLL.wav
182,192,4542,1,0,0:0:0:70:Sub BeLL.wav
36,192,4542,1,0,0:0:0:0:
475,192,5292,1,0,0:0:0:70:Sub BeLL.wav
182,192,5292,128,0,5542:0:0:0:0:
329,192,5542,1,0,0:0:0:70:Sub BeLL.wav
475,192,5792,1,0,0:0:0:70:Sub BeLL.wav
475,192,6042,1,0,0:0:0:70:Sub BeLL.wav
182,192,6042,1,0,0:0:0:0:
329,192,6542,1,0,0:0:0:70:Sub BeLL.wav
402,192,6792,1,0,0:0:0:70:Sub BeLL.wav
256,192,6792,1,0,0:0:0:0:
109,192,6792,1,0,0:0:0:0:
329,192,7667,128,0,7792:0:0:0:70:Sub BeLL.wav
475,192,7667,128,0,7792:0:0:0:70:BeLL.wav
36,192,7792,128,0,8292:0:0:0:0:
182,192,7792,128,0,8292:0:0:0:0:
109,192,9792,1,0,0:0:0:70:KicK.wav
256,192,9792,1,0,0:0:0:0:
36,192,9792,1,0,0:0:0:0:
329,192,9905,1,0,0:0:0:0:
402,192,10018,1,0,0:0:0:0:
475,192,10131,1,0,0:0:0:0:
402,192,10244,1,0,0:0:0:0:
329,192,10358,1,0,0:0:0:0:
256,192,10471,1,0,0:0:0:0:
182,192,10584,1,0,0:0:0:0:
109,192,10697,1,0,0:0:0:0:
256,192,10810,1,0,0:0:0:0:
402,192,10924,1,0,0:0:0:0:
36,192,11037,1,0,0:0:0:0:
182,192,11150,1,0,0:0:0:0:
329,192,11263,1,0,0:0:0:0:
36,192,11376,1,0,0:0:0:0:
475,192,11376,1,0,0:0:0:0:
256,192,11476,1,0,0:0:0:0:
109,192,11576,1,0,0:0:0:0:
329,192,11676,1,0,0:0:0:0:
182,192,11776,1,0,0:0:0:0:
402,192,11876,1,0,0:0:0:0:
256,192,11976,1,0,0:0:0:0:
475,192,12076,1,0,0:0:0:0:
182,192,12176,1,0,0:0:0:0:
402,192,12276,1,0,0:0:0:0:
109,192,12376,1,0,0:0:0:0:
329,192,12476,1,0,0:0:0:0:
36,192,12576,1,0,0:0:0:0:
475,192,12576,1,0,0:0:0:0:
109,192,12642,1,0,0:0:0:0:
182,192,12709,1,0,0:0:0:0:
256,192,12776,1,0,0:0:0:0:
329,192,12842,1,0,0:0:0:0:
402,192,12909,1,0,0:0:0:0:
475,192,12976,1,0,0:0:0:0:
36,192,13076,1,0,0:0:0:0:
402,192,13176,1,0,0:0:0:0:
109,192,13276,1,0,0:0:0:0:
329,192,13376,1,0,0:0:0:0:
182,192,13476,1,0,0:0:0:0:
329,192,13576,1,0,0:0:0:0:
182,192,13676,1,0,0:0:0:0:
475,192,13776,1,0,0:0:0:0:
36,192,13776,1,0,0:0:0:0:
402,192,13842,1,0,0:0:0:0:
329,192,13909,1,0,0:0:0:0:
36,192,13976,1,0,0:0:0:0:
109,192,14042,1,0,0:0:0:0:
182,192,14109,1,0,0:0:0:0:
475,192,14176,1,0,0:0:0:0:
329,192,14242,1,0,0:0:0:0:
182,192,14309,1,0,0:0:0:0:
36,192,14376,1,0,0:0:0:0:
329,192,14442,1,0,0:0:0:0:
475,192,14442,1,0,0:0:0:0:
329,192,15042,1,0,0:0:0:70:KicK.wav
36,192,15042,1,0,0:0:0:0:
475,192,15042,1,0,0:0:0:0:
182,192,15125,1,0,0:0:0:0:
256,192,15208,1,0,0:0:0:0:
109,192,15292,1,0,0:0:0:0:
256,192,15375,1,0,0:0:0:0:
329,192,15458,1,0,0:0:0:0:
182,192,15542,1,0,0:0:0:0:
329,192,15625,1,0,0:0:0:0:
402,192,15708,1,0,0:0:0:0:
256,192,15792,1,0,0:0:0:0:
402,192,15875,1,0,0:0:0:0:
475,192,15958,1,0,0:0:0:0:
182,192,16042,1,0,0:0:0:70:BeLL.wav
329,192,16042,1,0,0:0:0:0:
109,192,16125,1,0,0:0:0:0:
36,192,16208,1,0,0:0:0:0:
256,192,16292,1,0,0:0:0:0:
475,192,16375,1,0,0:0:0:0:
402,192,16458,1,0,0:0:0:0:
329,192,16542,128,0,16653:0:0:0:0:
182,192,16653,128,0,16764:0:0:0:0:
402,192,16764,128,0,16875:0:0:0:0:
109,192,16875,128,0,16986:0:0:0:0:
475,192,16986,128,0,17097:0:0:0:0:
36,192,17097,128,0,17208:0:0:0:0:
402,192,17208,128,0,17319:0:0:0:0:
109,192,17319,128,0,17430:0:0:0:0:
329,192,17430,128,0,17542:0:0:0:0:
182,192,17542,128,0,17653:0:0:0:0:
475,192,17653,128,0,17764:0:0:0:0:
36,192,17764,128,0,17875:0:0:0:0:
475,192,17875,1,0,0:0:0:0:
402,192,17943,1,0,0:0:0:0:
256,192,18012,1,0,0:0:0:0:
182,192,18081,1,0,0:0:0:0:
402,192,18150,1,0,0:0:0:0:
329,192,18219,1,0,0:0:0:0:
182,192,18288,1,0,0:0:0:0:
109,192,18354,1,0,0:0:0:0:
329,192,18421,1,0,0:0:0:0:
256,192,18488,1,0,0:0:0:0:
109,192,18554,1,0,0:0:0:0:
36,192,18621,1,0,0:0:0:0:
329,192,18688,1,0,0:0:0:70:Cymbal.wav
475,192,18688,1,0,0:0:0:0:
182,192,18688,1,0,0:0:0:0:
475,192,19075,1,0,0:0:0:0:
36,192,19333,1,0,0:0:0:0:
182,192,19462,1,0,0:0:0:0:
329,192,19462,1,0,0:0:0:0:
402,192,19849,1,0,0:0:0:0:
402,192,20107,1,0,0:0:0:0:
256,192,20236,1,0,0:0:0:0:
109,192,20236,1,0,0:0:0:0:
402,192,20623,128,0,21010:0:0:0:0:
109,192,20881,1,0,0:0:0:0:
256,192,21010,1,0,0:0:0:0:
475,192,21204,128,0,21300:0:0:0:0:
329,192,21397,128,0,21494:0:0:0:0:
182,192,21591,128,0,21687:0:0:0:0:
475,192,21784,1,0,0:0:0:0:
36,192,21784,128,0,22457:0:0:0:0:
475,192,22168,1,0,0:0:0:70:HihaT.wav
182,192,22168,128,0,22457:0:0:0:0:
329,192,22264,1,0,0:0:0:70:HihaT.wav
475,192,22360,1,0,0:0:0:70:HihaT.wav
329,192,22457,1,0,0:0:0:70:HihaT.wav
36,192,22553,1,0,0:0:0:0:
182,192,22553,1,0,0:0:0:0:
109,192,22742,1,0,0:0:0:0:
256,192,22742,1,0,0:0:0:0:
329,192,22932,1,0,0:0:0:0:
182,192,22932,1,0,0:0:0:0:
256,192,23122,1,0,0:0:0:0:
402,192,23122,1,0,0:0:0:0:
36,192,23312,128,0,23499:0:0:0:70:Chamber.wav
329,192,23312,1,0,0:0:0:70:KicK.wav
475,192,23312,1,0,0:0:0:70:Cymbal.wav
182,192,23499,1,0,0:0:0:0:
109,192,23687,128,0,23874:0:0:0:70:Chamber.wav
402,192,23687,1,0,0:0:0:0:
256,192,23874,1,0,0:0:0:0:
36,192,24062,1,0,0:0:0:70:KicK.wav
182,192,24062,128,0,24249:0:0:0:70:Chamber.wav
475,192,24062,1,0,0:0:0:0:
329,192,24249,1,0,0:0:0:0:
182,192,24437,1,0,0:0:0:70:Chamber.wav
475,192,24437,1,0,0:0:0:0:
329,192,24624,1,0,0:0:0:0:
182,192,24687,1,0,0:0:0:70:Chamber.wav
36,192,24812,1,0,0:0:0:70:KicK.wav
256,192,24812,128,0,24999:0:0:0:70:Chamber.wav
475,192,24812,1,0,0:0:0:0:
109,192,24999,1,0,0:0:0:0:
182,192,25187,1,0,0:0:0:0:
402,192,25187,128,0,25562:0:0:0:70:Chamber.wav
36,192,25374,1,0,0:0:0:0:
329,192,25562,1,0,0:0:0:70:KicK.wav
182,192,25562,1,0,0:0:0:0:
36,192,25749,1,0,0:0:0:0:
256,192,25749,128,0,25843:0:0:0:70:Chamber.wav
329,192,25937,128,0,26030:0:0:0:70:Chamber.wav
109,192,25937,1,0,0:0:0:0:
182,192,26124,1,0,0:0:0:0:
402,192,26124,128,0,26218:0:0:0:70:Chamber.wav
36,192,26312,1,0,0:0:0:0:
256,192,26312,1,0,0:0:0:70:KicK.wav
475,192,26312,128,0,26499:0:0:0:70:Chamber.wav
329,192,26499,1,0,0:0:0:0:
475,192,26687,1,0,0:0:0:70:KicK.wav
109,192,26687,128,0,27062:0:0:0:70:Chamber.wav
402,192,26687,1,0,0:0:0:0:
256,192,26874,1,0,0:0:0:0:
402,192,27062,1,0,0:0:0:70:KicK.wav
36,192,27062,1,0,0:0:0:0:
36,192,27249,128,0,27343:0:0:0:70:Chamber.wav
256,192,27249,1,0,0:0:0:0:
475,192,27437,1,0,0:0:0:70:KicK.wav
109,192,27437,128,0,27530:0:0:0:70:Chamber.wav
402,192,27437,1,0,0:0:0:0:
182,192,27624,128,0,27718:0:0:0:70:Chamber.wav
329,192,27624,1,0,0:0:0:0:
36,192,27812,1,0,0:0:0:70:KicK.wav
256,192,27812,1,0,0:0:0:70:Chamber.wav
475,192,27812,1,0,0:0:0:0:
402,192,27937,1,0,0:0:0:0:
329,192,28062,1,0,0:0:0:0:
182,192,28187,1,0,0:0:0:70:Chamber.wav
36,192,28187,1,0,0:0:0:70:KicK.wav
402,192,28187,1,0,0:0:0:0:
329,192,28312,1,0,0:0:0:0:
256,192,28437,1,0,0:0:0:0:
36,192,28562,1,0,0:0:0:70:KicK.wav
182,192,28562,1,0,0:0:0:70:Chamber.wav
329,192,28609,1,0,0:0:0:0:
475,192,28656,1,0,0:0:0:0:
36,192,28751,1,0,0:0:0:70:KicK.wav
182,192,28751,1,0,0:0:0:0:
329,192,28941,1,0,0:0:0:70:KicK.wav
109,192,28941,128,0,29131:0:0:0:70:Chamber.wav
475,192,28941,1,0,0:0:0:0:
256,192,29131,1,0,0:0:0:70:KicK.wav
402,192,29131,1,0,0:0:0:0:
182,192,29321,1,0,0:0:0:70:KicK.wav
36,192,29321,1,0,0:0:0:70:BeLL2.wav
329,192,29321,1,0,0:0:0:70:Chamber.wav
402,192,29514,1,0,0:0:0:70:KicK.wav
256,192,29514,1,0,0:0:0:70:BeLL2.wav
475,192,29514,128,0,30482:0:0:0:70:Chamber.wav
36,192,29708,1,0,0:0:0:0:
182,192,29804,1,0,0:0:0:0:
329,192,29901,1,0,0:0:0:0:
109,192,29998,1,0,0:0:0:0:
256,192,30095,1,0,0:0:0:0:
402,192,30191,1,0,0:0:0:0:
36,192,30288,128,0,30482:0:0:0:0:
182,192,30482,1,0,0:0:0:0:
329,192,30482,1,0,0:0:0:0:
475,192,30869,1,0,0:0:0:70:BeLL2.wav
182,192,30869,1,0,0:0:0:70:KicK.wav
329,192,30869,1,0,0:0:0:70:Chamber.wav
109,192,31062,1,0,0:0:0:70:Chamber.wav
36,192,31062,128,0,32030:0:0:0:70:KicK.wav
256,192,31062,1,0,0:0:0:70:BeLL2.wav
402,192,31256,1,0,0:0:0:0:
256,192,31353,1,0,0:0:0:0:
109,192,31450,1,0,0:0:0:0:
475,192,31546,1,0,0:0:0:0:
329,192,31643,1,0,0:0:0:0:
182,192,31740,1,0,0:0:0:0:
402,192,31837,128,0,32030:0:0:0:0:
109,192,32030,1,0,0:0:0:0:
256,192,32030,1,0,0:0:0:0:
36,192,32417,1,0,0:0:0:70:Cymbal.wav
475,192,32417,1,0,0:0:0:70:KicK.wav
256,192,32417,128,0,32608:0:0:0:70:Chamber.wav
36,192,32608,1,0,0:0:0:70:Chamber.wav
109,192,32703,1,0,0:0:0:70:Chamber.wav
329,192,32799,1,0,0:0:0:70:Snare.wav
475,192,32799,128,0,33085:0:0:0:70:Chamber.wav
182,192,32799,1,0,0:0:0:0:
329,192,32990,128,0,33085:0:0:0:70:Chamber.wav
475,192,33181,128,0,33276:0:0:0:70:Chamber.wav
182,192,33181,1,0,0:0:0:70:KicK.wav
402,192,33372,128,0,33467:0:0:0:70:Chamber.wav
36,192,33563,1,0,0:0:0:70:Snare.wav
329,192,33563,128,0,33659:0:0:0:70:Chamber.wav
182,192,33563,1,0,0:0:0:0:
256,192,33754,128,0,33850:0:0:0:70:Chamber.wav
109,192,33754,1,0,0:0:0:70:KicK.wav
182,192,33945,128,0,34136:0:0:0:70:Chamber.wav
36,192,33945,1,0,0:0:0:70:KicK.wav
475,192,34136,1,0,0:0:0:70:Chamber.wav
402,192,34232,1,0,0:0:0:70:Chamber.wav
182,192,34327,1,0,0:0:0:70:Snare.wav
329,192,34327,128,0,34614:0:0:0:70:Chamber.wav
36,192,34327,1,0,0:0:0:0:
475,192,34518,128,0,34614:0:0:0:70:Chamber.wav
182,192,34614,1,0,0:0:0:70:KicK.wav
36,192,34614,1,0,0:0:0:0:
402,192,34709,1,0,0:0:0:70:KicK.wav
256,192,34709,128,0,34805:0:0:0:70:Chamber.wav
402,192,34901,1,0,0:0:0:70:KicK.wav
36,192,34901,128,0,34996:0:0:0:70:Chamber.wav
109,192,35092,128,0,35187:0:0:0:70:Chamber.wav
256,192,35092,1,0,0:0:0:70:Sub Drum.wav
329,192,35139,1,0,0:0:0:70:Sub Drum.wav
402,192,35187,1,0,0:0:0:70:Sub Drum.wav
475,192,35235,1,0,0:0:0:70:Sub Drum.wav
182,192,35283,128,0,35378:0:0:0:70:Chamber.wav
475,192,35474,1,0,0:0:0:70:Chamber.wav
36,192,35474,1,0,0:0:0:70:KicK.wav
256,192,35474,1,0,0:0:0:0:
475,192,35665,128,0,36047:0:0:0:70:Chamber.wav
256,192,35665,128,0,35856:0:0:0:0:
36,192,35856,1,0,0:0:0:70:Snare.wav
109,192,35856,1,0,0:0:0:0:
256,192,36047,1,0,0:0:0:70:Chamber.wav
182,192,36111,1,0,0:0:0:70:Chamber.wav
109,192,36174,1,0,0:0:0:70:Chamber.wav
36,192,36238,1,0,0:0:0:70:Chamber.wav
475,192,36238,1,0,0:0:0:70:KicK.wav
329,192,36238,1,0,0:0:0:0:
36,192,36429,128,0,36811:0:0:0:70:Chamber.wav
329,192,36429,128,0,36620:0:0:0:0:
182,192,36620,1,0,0:0:0:70:Snare.wav
475,192,36620,1,0,0:0:0:0:
329,192,36811,1,0,0:0:0:0:
475,192,37002,1,0,0:0:0:70:KicK.wav
182,192,37002,1,0,0:0:0:70:Chamber.wav
36,192,37002,1,0,0:0:0:0:
182,192,37194,128,0,37385:0:0:0:70:Chamber.wav
475,192,37194,128,0,37576:0:0:0:0:
329,192,37385,1,0,0:0:0:70:Snare.wav
36,192,37385,1,0,0:0:0:0:
182,192,37576,1,0,0:0:0:70:Chamber.wav
256,192,37639,1,0,0:0:0:70:Chamber.wav
329,192,37703,1,0,0:0:0:70:Chamber.wav
402,192,37767,1,0,0:0:0:70:Chamber.wav
109,192,37767,1,0,0:0:0:70:KicK.wav
402,192,37958,128,0,38340:0:0:0:70:Chamber.wav
109,192,37958,1,0,0:0:0:70:KicK.wav
256,192,38053,1,0,0:0:0:70:KicK.wav
109,192,38149,1,0,0:0:0:70:KicK.wav
256,192,38245,1,0,0:0:0:70:KicK.wav
36,192,38340,1,0,0:0:0:70:KicK.wav
109,192,38436,1,0,0:0:0:70:KicK.wav
182,192,38531,1,0,0:0:0:70:Cymbal.wav
475,192,38531,1,0,0:0:0:70:Chamber.wav
329,192,38531,1,0,0:0:0:70:KicK.wav
36,192,38722,128,0,39295:0:0:0:70:Chamber.wav
182,192,38722,128,0,39295:0:0:0:0:
329,192,38913,1,0,0:0:0:70:KicK.wav
475,192,38913,1,0,0:0:0:0:
329,192,39295,1,0,0:0:0:70:KicK.wav
475,192,39295,1,0,0:0:0:0:
182,192,39487,128,0,39582:0:0:0:70:Chamber.wav
36,192,39487,128,0,39582:0:0:0:0:
182,192,39678,128,0,39773:0:0:0:70:KicK.wav
329,192,39678,128,0,39773:0:0:0:70:Chamber.wav
329,192,39869,128,0,39964:0:0:0:70:Chamber.wav
475,192,39869,128,0,39964:0:0:0:0:
36,192,40060,1,0,0:0:0:70:Snare.wav
109,192,40060,1,0,0:0:0:70:Chamber.wav
256,192,40187,1,0,0:0:0:70:KicK.wav
402,192,40187,1,0,0:0:0:70:Chamber.wav
36,192,40315,1,0,0:0:0:70:KicK.wav
109,192,40315,1,0,0:0:0:70:Chamber.wav
402,192,40442,1,0,0:0:0:70:Snare.wav
475,192,40442,1,0,0:0:0:70:Chamber.wav
256,192,40569,1,0,0:0:0:70:KicK.wav
109,192,40569,1,0,0:0:0:70:Chamber.wav
402,192,40697,1,0,0:0:0:70:KicK.wav
475,192,40697,1,0,0:0:0:70:Chamber.wav
36,192,40824,1,0,0:0:0:70:Snare.wav
109,192,40824,1,0,0:0:0:70:Chamber.wav
402,192,40952,1,0,0:0:0:70:KicK.wav
256,192,40952,1,0,0:0:0:70:Chamber.wav
109,192,41079,1,0,0:0:0:70:Chamber.wav
36,192,41079,1,0,0:0:0:70:KicK.wav
475,192,41206,128,0,41493:0:0:0:70:Chamber.wav
329,192,41206,128,0,41493:0:0:0:70:Sub Drum.wav
36,192,41397,128,0,41588:0:0:0:70:Sub Drum.wav
182,192,41397,128,0,41588:0:0:0:70:Chamber.wav
329,192,41588,128,0,41775:0:0:0:70:BeLL.wav
475,192,41588,1,0,0:0:0:70:KicK.wav
109,192,41775,1,0,0:0:0:0:
329,192,41963,128,0,42150:0:0:0:70:BeLL.wav
109,192,42150,1,0,0:0:0:0:
329,192,42338,128,0,42525:0:0:0:70:BeLL.wav
109,192,42525,1,0,0:0:0:0:
329,192,42713,128,0,42900:0:0:0:70:BeLL.wav
109,192,42900,1,0,0:0:0:0:
475,192,43088,128,0,43275:0:0:0:70:BeLL.wav
182,192,43088,128,0,43463:0:0:0:0:
36,192,43088,128,0,43463:0:0:0:0:
329,192,43275,1,0,0:0:0:0:
475,192,43463,128,0,43650:0:0:0:70:BeLL.wav
329,192,43650,1,0,0:0:0:0:
475,192,43838,128,0,44025:0:0:0:70:BeLL.wav
36,192,43838,1,0,0:0:0:0:
109,192,43931,1,0,0:0:0:0:
182,192,44025,1,0,0:0:0:0:
256,192,44119,1,0,0:0:0:0:
36,192,44213,1,0,0:0:0:70:Snare.wav
475,192,44213,1,0,0:0:0:0:
329,192,44213,1,0,0:0:0:0:
475,192,44588,1,0,0:0:0:70:Cymbal.wav
256,192,44588,1,0,0:0:0:70:Nets.wav
36,192,44588,1,0,0:0:0:70:KicK.wav
256,192,44769,1,0,0:0:0:70:Nets.wav
402,192,44860,1,0,0:0:0:70:Nets.wav
36,192,44951,1,0,0:0:0:70:KicK.wav
182,192,44951,1,0,0:0:0:0:
402,192,45042,1,0,0:0:0:70:Nets.wav
402,192,45224,1,0,0:0:0:70:Nets.wav
36,192,45315,1,0,0:0:0:70:KicK.wav
182,192,45315,1,0,0:0:0:0:
402,192,45406,1,0,0:0:0:70:Nets.wav
402,192,45588,1,0,0:0:0:70:Nets.wav
182,192,45678,1,0,0:0:0:70:Chamber.wav
36,192,45678,1,0,0:0:0:70:KicK.wav
256,192,45860,1,0,0:0:0:70:Chamber.wav
109,192,45860,1,0,0:0:0:0:
475,192,46042,1,0,0:0:0:70:KicK.wav
182,192,46042,1,0,0:0:0:70:Nets.wav
329,192,46042,1,0,0:0:0:0:
182,192,46224,1,0,0:0:0:70:Nets.wav
36,192,46315,1,0,0:0:0:70:Nets.wav
329,192,46406,1,0,0:0:0:70:KicK.wav
475,192,46406,1,0,0:0:0:0:
36,192,46497,1,0,0:0:0:70:Nets.wav
36,192,46678,1,0,0:0:0:70:Nets.wav
256,192,46769,1,0,0:0:0:70:KicK.wav
402,192,46769,1,0,0:0:0:0:
36,192,46860,1,0,0:0:0:70:Nets.wav
36,192,47042,1,0,0:0:0:70:Nets.wav
329,192,47133,1,0,0:0:0:70:Chamber.wav
182,192,47133,1,0,0:0:0:70:KicK.wav
402,192,47315,1,0,0:0:0:70:Chamber.wav
256,192,47315,1,0,0:0:0:0:
329,192,47497,1,0,0:0:0:70:KicK.wav
36,192,47497,1,0,0:0:0:70:Nets.wav
475,192,47497,1,0,0:0:0:0:
36,192,47678,1,0,0:0:0:70:Nets.wav
182,192,47769,1,0,0:0:0:70:Nets.wav
329,192,47860,1,0,0:0:0:70:KicK.wav
475,192,47860,1,0,0:0:0:0:
182,192,47951,1,0,0:0:0:70:Nets.wav
182,192,48133,1,0,0:0:0:70:Nets.wav
329,192,48224,1,0,0:0:0:70:KicK.wav
475,192,48224,1,0,0:0:0:0:
182,192,48315,1,0,0:0:0:70:Nets.wav
182,192,48497,1,0,0:0:0:70:Nets.wav
329,192,48588,1,0,0:0:0:70:KicK.wav
475,192,48588,1,0,0:0:0:70:Chamber.wav
402,192,48769,1,0,0:0:0:70:Chamber.wav
256,192,48769,1,0,0:0:0:0:
329,192,48951,128,0,49315:0:0:0:70:KicK.wav
36,192,48951,1,0,0:0:0:70:Chamber.wav
182,192,48951,128,0,49315:0:0:0:0:
36,192,49315,1,0,0:0:0:70:KicK.wav
402,192,49497,1,0,0:0:0:70:Chamber.wav
329,192,49557,1,0,0:0:0:70:Chamber.wav
256,192,49618,1,0,0:0:0:70:Chamber.wav
475,192,49678,1,0,0:0:0:70:KicK.wav
182,192,49678,128,0,50315:0:0:0:70:Chamber.wav
36,192,49678,128,0,50315:0:0:0:0:
475,192,50042,1,0,0:0:0:70:KicK.wav
329,192,50406,128,0,50497:0:0:0:70:Chamber.wav
182,192,50406,128,0,50497:0:0:0:70:KicK.wav
36,192,50406,128,0,50497:0:0:0:70:BeLL2.wav
402,192,50588,128,0,50678:0:0:0:70:KicK.wav
475,192,50588,128,0,50678:0:0:0:70:Chamber.wav
256,192,50588,128,0,50678:0:0:0:70:BeLL2.wav
36,192,50769,1,0,0:0:0:70:Snare.wav
182,192,50769,1,0,0:0:0:0:
329,192,51133,128,0,51224:0:0:0:70:KicK.wav
182,192,51133,128,0,51224:0:0:0:70:BeLL2.wav
475,192,51133,128,0,51224:0:0:0:70:Chamber.wav
402,192,51315,128,0,51406:0:0:0:70:Chamber.wav
182,192,51315,128,0,51406:0:0:0:70:KicK.wav
36,192,51315,128,0,51406:0:0:0:70:BeLL2.wav
329,192,51497,1,0,0:0:0:70:Snare.wav
475,192,51497,1,0,0:0:0:0:
109,192,51860,128,0,51951:0:0:0:70:KicK.wav
402,192,51860,128,0,51951:0:0:0:70:BeLL2.wav
256,192,51860,128,0,51951:0:0:0:70:Chamber.wav
329,192,52042,128,0,52133:0:0:0:70:Chamber.wav
475,192,52042,128,0,52133:0:0:0:70:BeLL2.wav
182,192,52042,128,0,52133:0:0:0:70:KicK.wav
36,192,52224,1,0,0:0:0:70:Snare.wav
109,192,52224,1,0,0:0:0:0:
329,192,52588,128,0,52678:0:0:0:70:BeLL2.wav
182,192,52588,128,0,52678:0:0:0:70:KicK.wav
475,192,52588,128,0,52678:0:0:0:70:Chamber.wav
109,192,52769,128,0,52860:0:0:0:70:BeLL2.wav
256,192,52769,128,0,52860:0:0:0:70:Chamber.wav
36,192,52769,128,0,52860:0:0:0:70:KicK.wav
475,192,52951,1,0,0:0:0:70:Snare.wav
402,192,52951,1,0,0:0:0:0:
182,192,53315,128,0,53406:0:0:0:70:BeLL2.wav
329,192,53315,128,0,53406:0:0:0:70:Chamber.wav
36,192,53315,128,0,53406:0:0:0:70:KicK.wav
109,192,53497,128,0,53588:0:0:0:70:KicK.wav
475,192,53497,128,0,53860:0:0:0:70:Chamber.wav
329,192,53497,128,0,53860:0:0:0:70:BeLL2.wav
182,192,53678,1,0,0:0:0:70:Snare.wav
36,192,53678,1,0,0:0:0:0:
329,192,54042,128,0,54133:0:0:0:70:KicK.wav
475,192,54042,128,0,54133:0:0:0:70:Chamber.wav
182,192,54042,128,0,54133:0:0:0:0:
256,192,54224,128,0,54315:0:0:0:70:KicK.wav
402,192,54224,128,0,54315:0:0:0:70:Chamber.wav
109,192,54224,128,0,54315:0:0:0:0:
182,192,54406,128,0,54497:0:0:0:70:KicK.wav
329,192,54406,128,0,54497:0:0:0:70:Chamber.wav
36,192,54406,128,0,54497:0:0:0:0:
256,192,54588,128,0,54678:0:0:0:70:KicK.wav
402,192,54588,128,0,54678:0:0:0:70:Chamber.wav
109,192,54588,128,0,54678:0:0:0:0:
329,192,54769,128,0,54969:0:0:0:70:PunK.wav
182,192,54769,128,0,54969:0:0:0:0:
475,192,54769,128,0,54969:0:0:0:0:
256,192,55069,128,0,55269:0:0:0:70:PunK.wav
36,192,55069,128,0,55269:0:0:0:0:
109,192,55069,128,0,55269:0:0:0:0:
329,192,55369,1,0,0:0:0:70:PunK.wav
182,192,55369,1,0,0:0:0:0:
475,192,55369,1,0,0:0:0:0:
36,192,55569,128,0,55672:0:0:0:70:Chamber.wav
475,192,55569,128,0,55672:0:0:0:0:
109,192,55775,128,0,55879:0:0:0:70:Chamber.wav
402,192,55775,128,0,55879:0:0:0:0:
182,192,55982,128,0,56093:0:0:0:70:Chamber.wav
329,192,55982,128,0,56093:0:0:0:0:
256,192,56204,128,0,56315:0:0:0:70:Chamber.wav
402,192,56204,128,0,56315:0:0:0:0:
329,192,56426,128,0,56619:0:0:0:70:Chamber.wav
475,192,56426,128,0,56619:0:0:0:70:Cymbal.wav
36,192,56426,1,0,0:0:0:0:
109,192,56619,1,0,0:0:0:0:
182,192,56813,1,0,0:0:0:0:
475,192,57006,128,0,57103:0:0:0:70:Chamber.wav
109,192,57006,1,0,0:0:0:0:
402,192,57200,128,0,57387:0:0:0:70:Chamber.wav
36,192,57200,1,0,0:0:0:0:
182,192,57387,1,0,0:0:0:0:
329,192,57575,1,0,0:0:0:0:
36,192,57762,128,0,57856:0:0:0:70:Chamber.wav
475,192,57762,1,0,0:0:0:0:
109,192,57950,128,0,58135:0:0:0:70:Chamber.wav
402,192,57950,1,0,0:0:0:0:
329,192,58135,1,0,0:0:0:0:
256,192,58320,1,0,0:0:0:0:
402,192,58505,128,0,58598:0:0:0:70:Chamber.wav
182,192,58505,1,0,0:0:0:0:
329,192,58690,128,0,58875:0:0:0:70:Chamber.wav
109,192,58690,1,0,0:0:0:0:
182,192,58875,1,0,0:0:0:0:
36,192,59061,1,0,0:0:0:70:KicK.wav
256,192,59061,1,0,0:0:0:0:
182,192,59246,128,0,59338:0:0:0:70:Chamber.wav
329,192,59246,1,0,0:0:0:0:
256,192,59431,128,0,59613:0:0:0:70:KicK.wav
36,192,59431,1,0,0:0:0:70:Chamber.wav
402,192,59431,1,0,0:0:0:0:
475,192,59613,1,0,0:0:0:0:
329,192,59796,1,0,0:0:0:0:
402,192,59979,128,0,60071:0:0:0:70:Chamber.wav
182,192,59979,1,0,0:0:0:0:
475,192,60162,128,0,60345:0:0:0:70:Chamber.wav
36,192,60162,1,0,0:0:0:70:KicK.wav
256,192,60162,1,0,0:0:0:0:
109,192,60345,1,0,0:0:0:0:
182,192,60528,1,0,0:0:0:0:
109,192,60711,128,0,60802:0:0:0:70:Chamber.wav
256,192,60711,1,0,0:0:0:0:
36,192,60894,128,0,61075:0:0:0:70:KicK.wav
475,192,60894,1,0,0:0:0:70:Chamber.wav
329,192,60894,1,0,0:0:0:0:
329,192,61075,1,0,0:0:0:50:Chamber.wav
182,192,61136,1,0,0:0:0:50:Chamber.wav
402,192,61197,1,0,0:0:0:50:Chamber.wav
36,192,61257,1,0,0:0:0:70:KicK.wav
256,192,61257,1,0,0:0:0:50:Chamber.wav
475,192,61318,1,0,0:0:0:50:Chamber.wav
329,192,61378,1,0,0:0:0:50:Chamber.wav
182,192,61439,128,0,61621:0:0:0:50:Chamber.wav
36,192,61621,1,0,0:0:0:70:KicK.wav
329,192,61621,1,0,0:0:0:50:Chamber.wav
475,192,61621,1,0,0:0:0:0:
109,192,61803,1,0,0:0:0:70:KicK.wav
402,192,61803,1,0,0:0:0:0:
329,192,61894,1,0,0:0:0:70:KicK.wav
402,192,61984,1,0,0:0:0:70:KicK.wav
109,192,61984,1,0,0:0:0:0:
182,192,62075,1,0,0:0:0:70:KicK.wav
109,192,62166,1,0,0:0:0:70:KicK.wav
402,192,62166,1,0,0:0:0:0:
329,192,62257,1,0,0:0:0:70:KicK.wav
36,192,62348,128,0,62712:0:0:0:70:Cymbal.wav
475,192,62348,128,0,62712:0:0:0:70:KicK.wav
256,192,62348,128,0,62712:0:0:0:70:Chamber.wav
36,192,62894,128,0,62984:0:0:0:70:Chamber.wav
182,192,62894,128,0,62984:0:0:0:0:
256,192,63075,128,0,63436:0:0:0:70:Cymbal.wav
402,192,63075,128,0,63436:0:0:0:70:KicK.wav
109,192,63075,128,0,63436:0:0:0:70:Chamber.wav
256,192,63617,128,0,63707:0:0:0:0:
109,192,63617,128,0,63707:0:0:0:70:Chamber.wav
329,192,63797,128,0,63976:0:0:0:70:KicK.wav
475,192,63797,128,0,63976:0:0:0:70:CrashS.wav
182,192,63797,128,0,63976:0:0:0:70:Chamber.wav
329,192,64156,128,0,64335:0:0:0:70:CrashS.wav
182,192,64156,128,0,64335:0:0:0:70:KicK.wav
36,192,64156,128,0,64335:0:0:0:70:Chamber.wav
256,192,64515,128,0,64693:0:0:0:70:KicK.wav
402,192,64515,128,0,64693:0:0:0:70:CrashS.wav
109,192,64515,128,0,64693:0:0:0:70:Chamber.wav
475,192,64872,128,0,65049:0:0:0:70:CrashS.wav
329,192,64872,128,0,65049:0:0:0:70:KicK.wav
182,192,64872,128,0,65049:0:0:0:70:Chamber.wav
256,192,65227,1,0,0:0:0:70:Chamber.wav
109,192,65227,128,0,65315:0:0:0:70:Snare.wav
329,192,65315,1,0,0:0:0:70:Chamber.wav
475,192,65403,1,0,0:0:0:70:Chamber.wav
402,192,65491,1,0,0:0:0:70:Chamber.wav
182,192,65579,1,0,0:0:0:70:Chamber.wav
36,192,65579,128,0,65668:0:0:0:70:Snare.wav
256,192,65668,1,0,0:0:0:70:Chamber.wav
402,192,65756,1,0,0:0:0:70:Chamber.wav
329,192,65844,1,0,0:0:0:70:Chamber.wav
109,192,65932,1,0,0:0:0:70:Chamber.wav
475,192,65932,128,0,66021:0:0:0:70:Snare.wav
182,192,66021,1,0,0:0:0:70:Chamber.wav
329,192,66109,1,0,0:0:0:70:Chamber.wav
256,192,66197,1,0,0:0:0:70:Chamber.wav
402,192,66285,128,0,66374:0:0:0:70:Snare.wav
36,192,66285,1,0,0:0:0:70:Chamber.wav
109,192,66374,1,0,0:0:0:70:Chamber.wav
256,192,66462,1,0,0:0:0:70:Chamber.wav
182,192,66550,1,0,0:0:0:70:Chamber.wav
329,192,66638,128,0,66727:0:0:0:70:Snare.wav
475,192,66638,1,0,0:0:0:70:Chamber.wav
36,192,66727,1,0,0:0:0:70:Chamber.wav
182,192,66815,1,0,0:0:0:70:Chamber.wav
329,192,66903,1,0,0:0:0:70:Chamber.wav
256,192,66991,128,0,67079:0:0:0:70:Snare.wav
475,192,66991,1,0,0:0:0:70:Chamber.wav
36,192,67079,1,0,0:0:0:70:Chamber.wav
182,192,67168,1,0,0:0:0:70:Chamber.wav
329,192,67256,1,0,0:0:0:70:Chamber.wav
109,192,67344,1,0,0:0:0:70:Snare.wav
475,192,67344,1,0,0:0:0:70:Chamber.wav
256,192,67432,1,0,0:0:0:70:Chamber.wav
402,192,67521,1,0,0:0:0:70:Chamber.wav
36,192,67521,1,0,0:0:0:70:Snare.wav
182,192,67609,1,0,0:0:0:70:Snare.wav
475,192,67697,1,0,0:0:0:70:Snare.wav
329,192,67697,1,0,0:0:0:70:Chamber.wav
182,192,67785,1,0,0:0:0:70:Snare.wav
36,192,67785,1,0,0:0:0:70:Chamber.wav
329,192,67874,1,0,0:0:0:70:Chamber.wav
475,192,67874,1,0,0:0:0:70:Snare.wav
36,192,67962,1,0,0:0:0:70:Chamber.wav
182,192,67962,1,0,0:0:0:70:Snare.wav
329,192,68050,128,0,68322:0:0:0:70:Cymbal.wav
109,192,68050,128,0,68322:0:0:0:70:KicK.wav
475,192,68050,128,0,68322:0:0:0:70:Chamber.wav
329,192,68413,1,0,0:0:0:70:Snare.wav
475,192,68413,1,0,0:0:0:0:
109,192,68413,1,0,0:0:0:0:
182,192,68595,1,0,0:0:0:70:Chamber.wav
36,192,68777,128,0,69050:0:0:0:70:KicK.wav
256,192,68777,128,0,69050:0:0:0:70:Chamber.wav
475,192,68777,128,0,69050:0:0:0:0:
256,192,69140,1,0,0:0:0:70:Snare.wav
475,192,69140,1,0,0:0:0:0:
36,192,69140,1,0,0:0:0:0:
402,192,69322,1,0,0:0:0:70:Chamber.wav
182,192,69504,1,0,0:0:0:70:Chamber.wav
36,192,69504,128,0,69686:0:0:0:70:KicK.wav
329,192,69504,1,0,0:0:0:0:
182,192,69686,1,0,0:0:0:0:
256,192,69868,1,0,0:0:0:70:Chamber.wav
109,192,69868,128,0,70050:0:0:0:70:Snare.wav
402,192,69868,128,0,70050:0:0:0:0:
256,192,70050,1,0,0:0:0:0:
475,192,70231,128,0,70413:0:0:0:0:
329,192,70231,1,0,0:0:0:70:Chamber.wav
182,192,70231,128,0,70413:0:0:0:70:KicK.wav
329,192,70413,1,0,0:0:0:0:
182,192,70595,128,0,70777:0:0:0:70:Snare.wav
402,192,70595,1,0,0:0:0:70:Chamber.wav
36,192,70595,128,0,70777:0:0:0:0:
402,192,70777,1,0,0:0:0:70:Sub Drum.wav
329,192,70837,1,0,0:0:0:70:Sub Drum.wav
256,192,70898,1,0,0:0:0:70:Sub Drum.wav
36,192,70959,1,0,0:0:0:70:KicK.wav
182,192,70959,1,0,0:0:0:0:
475,192,70959,128,0,71050:0:0:0:70:Chamber.wav
402,192,71140,128,0,71231:0:0:0:70:Chamber.wav
36,192,71322,1,0,0:0:0:70:KicK.wav
329,192,71322,128,0,71413:0:0:0:70:Chamber.wav
182,192,71322,1,0,0:0:0:0:
402,192,71504,128,0,71595:0:0:0:70:Chamber.wav
36,192,71686,1,2,0:0:0:70:KicK.wav
475,192,71686,128,0,71777:0:0:0:70:Chamber.wav
182,192,71686,1,0,0:0:0:0:
329,192,71868,128,0,71959:0:0:0:70:Chamber.wav
36,192,72050,1,0,0:0:0:70:KicK.wav
182,192,72050,1,0,0:0:0:0:
475,192,72050,128,0,72140:0:0:0:70:Chamber.wav
256,192,72140,1,0,0:0:0:70:Chamber.wav
329,192,72231,1,0,0:0:0:70:Chamber.wav
402,192,72322,1,0,0:0:0:70:Chamber.wav
182,192,72413,1,0,0:0:0:70:KicK.wav
475,192,72413,1,0,0:0:0:70:Cymbal.wav
36,192,72413,128,0,72684:0:0:0:70:Chamber.wav
402,192,72593,1,0,0:0:0:0:
329,192,72774,1,0,0:0:0:70:Snare.wav
36,192,72774,1,0,0:0:0:0:
182,192,72774,1,0,0:0:0:0:
36,192,72955,1,0,0:0:0:70:Chamber.wav
256,192,72955,1,0,0:0:0:0:
109,192,73045,1,0,0:0:0:70:Chamber.wav
475,192,73135,1,0,0:0:0:70:KicK.wav
182,192,73135,128,0,73404:0:0:0:70:Chamber.wav
329,192,73135,1,0,0:0:0:0:
402,192,73314,1,0,0:0:0:0:
36,192,73494,1,0,0:0:0:70:Snare.wav
329,192,73494,1,0,0:0:0:0:
182,192,73494,1,0,0:0:0:0:
182,192,73673,1,0,0:0:0:70:Chamber.wav
402,192,73673,1,0,0:0:0:0:
256,192,73763,1,0,0:0:0:70:Chamber.wav
329,192,73853,128,0,74120:0:0:0:70:Chamber.wav
36,192,73853,1,0,0:0:0:70:KicK.wav
475,192,73853,1,0,0:0:0:0:
109,192,74031,1,0,0:0:0:0:
329,192,74210,1,0,0:0:0:70:Snare.wav
182,192,74210,1,0,0:0:0:0:
475,192,74210,1,0,0:0:0:0:
329,192,74388,1,0,0:0:0:70:Chamber.wav
109,192,74388,1,0,0:0:0:0:
402,192,74478,1,0,0:0:0:70:Chamber.wav
475,192,74567,128,0,74655:0:0:0:70:Chamber.wav
256,192,74567,128,0,74655:0:0:0:70:KicK.wav
36,192,74567,128,0,74655:0:0:0:0:
402,192,74744,128,0,74833:0:0:0:70:Chamber.wav
109,192,74744,128,0,74833:0:0:0:0:
329,192,74922,128,0,75010:0:0:0:70:Chamber.wav
475,192,74922,128,0,75010:0:0:0:70:Snare.wav
182,192,74922,128,0,75010:0:0:0:0:
182,192,75099,128,0,75188:0:0:0:70:Chamber.wav
36,192,75099,128,0,75188:0:0:0:0:
402,192,75277,1,0,0:0:0:70:Snare.wav
36,192,75277,1,0,0:0:0:70:Chamber.wav
475,192,75277,1,0,0:0:0:0:
329,192,75394,1,0,0:0:0:70:KicK.wav
109,192,75394,1,0,0:0:0:70:Chamber.wav
182,192,75512,1,0,0:0:0:70:Chamber.wav
256,192,75512,1,0,0:0:0:70:KicK.wav
475,192,75629,1,0,0:0:0:70:Snare.wav
109,192,75629,1,0,0:0:0:70:Chamber.wav
182,192,75750,1,0,0:0:0:70:Chamber.wav
402,192,75750,1,0,0:0:0:70:KicK.wav
329,192,75871,1,0,0:0:0:70:KicK.wav
256,192,75871,1,0,0:0:0:70:Chamber.wav
36,192,75992,1,0,0:0:0:70:Snare.wav
109,192,75992,1,0,0:0:0:70:Chamber.wav
256,192,76117,1,0,0:0:0:70:Chamber.wav
182,192,76117,1,0,0:0:0:70:KicK.wav
329,192,76242,1,0,0:0:0:70:KicK.wav
402,192,76242,1,0,0:0:0:70:Chamber.wav
475,192,76367,1,0,0:0:0:70:Snare.wav
256,192,76367,1,0,0:0:0:70:Chamber.wav
402,192,76496,1,0,0:0:0:70:KicK.wav
182,192,76496,1,0,0:0:0:70:Chamber.wav
329,192,76625,1,0,0:0:0:70:KicK.wav
109,192,76625,1,0,0:0:0:70:Chamber.wav
256,192,76754,1,0,0:0:0:70:Snare.wav
36,192,76754,1,0,0:0:0:70:Chamber.wav
475,192,76754,1,0,0:0:0:0:
36,192,77205,128,0,78332:0:0:0:70:KicK.wav
182,192,77205,128,0,77656:0:0:0:70:Cymbal.wav
475,192,77205,128,0,77656:0:0:0:0:
329,192,77205,128,0,77656:0:0:0:0:
182,192,77853,1,0,0:0:0:0:
329,192,78079,1,0,0:0:0:0:
475,192,78332,1,0,0:0:0:0:
475,192,78558,128,0,78788:0:0:0:0:
256,192,78558,128,0,78788:0:0:0:0:
36,192,78558,128,0,78788:0:0:0:0:
402,192,79019,128,0,79250:0:0:0:0:
109,192,79019,128,0,79250:0:0:0:0:
36,192,79481,128,0,80258:0:0:0:0:
182,192,79481,128,0,80258:0:0:0:0:
329,192,79481,128,0,80258:0:0:0:0:
475,192,80258,1,0,0:0:0:0:
402,192,80258,1,0,0:0:0:0:
36,192,80369,1,0,0:0:0:70:Chamber.wav
182,192,80369,1,0,0:0:0:0:
329,192,80487,1,0,0:0:0:70:Chamber.wav
475,192,80605,1,0,0:0:0:70:Chamber.wav
36,192,80762,1,0,0:0:0:70:Chamber.wav
475,192,80841,1,0,0:0:0:70:Chamber.wav
182,192,80841,1,0,0:0:0:0:
109,192,80841,1,0,0:0:0:0:
329,192,80841,1,0,0:0:0:0:
256,192,81367,1,0,0:0:0:70:KicK.wav
475,192,81367,1,0,0:0:0:0:
402,192,81367,1,0,0:0:0:0:
256,192,81730,1,0,0:0:0:70:KicK.wav
402,192,81730,1,0,0:0:0:0:
475,192,81730,1,0,0:0:0:0:
256,192,82091,1,0,0:0:0:70:KicK.wav
402,192,82091,1,0,0:0:0:0:
475,192,82091,1,0,0:0:0:0:
36,192,82270,1,0,0:0:0:0:
182,192,82360,1,0,0:0:0:0:
36,192,82450,1,0,0:0:0:50:Clap.wav
475,192,82450,1,0,0:0:0:0:
475,192,82631,1,0,0:0:0:50:Sub Drum.wav
402,192,82677,1,0,0:0:0:50:Sub Drum.wav
329,192,82722,1,0,0:0:0:50:Sub Drum.wav
256,192,82768,1,0,0:0:0:50:Sub Drum.wav
36,192,82813,1,0,0:0:0:70:Cymbal.wav
182,192,82813,1,0,0:0:0:50:KicK.wav
329,192,82901,1,0,0:0:0:0:
475,192,82989,1,0,0:0:0:50:HihaT.wav
402,192,83077,1,0,0:0:0:0:
182,192,83165,1,0,0:0:0:70:Snare.wav
329,192,83165,1,0,0:0:0:0:
109,192,83254,1,0,0:0:0:0:
36,192,83342,1,0,0:0:0:50:HihaT.wav
182,192,83430,1,0,0:0:0:0:
475,192,83518,1,0,0:0:0:50:KicK.wav
329,192,83518,1,0,0:0:0:0:
256,192,83607,1,0,0:0:0:0:
182,192,83695,1,0,0:0:0:50:HihaT.wav
329,192,83783,1,0,0:0:0:0:
475,192,83871,1,0,0:0:0:70:Snare.wav
36,192,83871,1,0,0:0:0:0:
109,192,83960,1,0,0:0:0:0:
182,192,84048,1,0,0:0:0:50:HihaT.wav
256,192,84136,1,0,0:0:0:0:
329,192,84224,1,0,0:0:0:50:KicK.wav
475,192,84224,1,0,0:0:0:0:
182,192,84313,1,0,0:0:0:0:
36,192,84401,1,0,0:0:0:50:HihaT.wav
402,192,84489,1,0,0:0:0:0:
329,192,84577,1,0,0:0:0:70:Snare.wav
182,192,84577,1,0,0:0:0:0:
109,192,84665,1,0,0:0:0:0:
475,192,84754,1,0,0:0:0:50:HihaT.wav
329,192,84842,1,0,0:0:0:0:
36,192,84930,1,0,0:0:0:50:KicK.wav
182,192,84930,1,0,0:0:0:0:
256,192,85018,1,0,0:0:0:0:
329,192,85107,1,0,0:0:0:50:HihaT.wav
402,192,85195,1,0,0:0:0:0:
36,192,85283,1,0,0:0:0:70:Snare.wav
475,192,85283,1,0,0:0:0:0:
329,192,85371,1,0,0:0:0:0:
182,192,85460,1,0,0:0:0:50:HihaT.wav
36,192,85548,1,0,0:0:0:0:
329,192,85636,1,0,0:0:0:50:KicK.wav
475,192,85636,1,0,0:0:0:0:
109,192,85724,1,0,0:0:0:0:
402,192,85813,1,0,0:0:0:50:HihaT.wav
182,192,85901,1,0,0:0:0:0:
329,192,85989,1,0,0:0:0:70:Snare.wav
475,192,85989,1,0,0:0:0:0:
109,192,86077,1,0,0:0:0:0:
256,192,86165,1,0,0:0:0:50:HihaT.wav
402,192,86254,1,0,0:0:0:0:
36,192,86342,1,0,0:0:0:50:KicK.wav
182,192,86342,1,0,0:0:0:0:
329,192,86430,1,0,0:0:0:0:
475,192,86518,1,0,0:0:0:50:HihaT.wav
182,192,86607,1,0,0:0:0:0:
329,192,86695,1,0,0:0:0:70:Snare.wav
36,192,86695,1,0,0:0:0:0:
256,192,86783,1,0,0:0:0:0:
182,192,86871,1,0,0:0:0:50:HihaT.wav
329,192,86960,1,0,0:0:0:0:
182,192,87048,1,0,0:0:0:50:KicK.wav
36,192,87048,1,0,0:0:0:0:
475,192,87048,1,0,0:0:0:0:
402,192,87224,1,0,0:0:0:50:HihaT.wav
329,192,87401,1,0,0:0:0:0:
109,192,87401,1,0,0:0:0:70:Snare.wav
256,192,87401,128,0,88107:0:0:0:0:
475,192,87577,1,0,0:0:0:50:HihaT.wav
109,192,87754,1,0,0:0:0:50:KicK.wav
402,192,87754,1,0,0:0:0:0:
475,192,87930,1,0,0:0:0:50:HihaT.wav
182,192,88107,1,0,0:0:0:70:Snare.wav
329,192,88107,1,0,0:0:0:0:
36,192,88107,1,0,0:0:0:0:
402,192,88283,1,0,0:0:0:0:
256,192,88283,1,0,0:0:0:50:KicK.wav
109,192,88283,1,0,0:0:0:70:HihaT.wav
475,192,88460,1,0,0:0:0:50:KicK.wav
329,192,88460,1,0,0:0:0:70:Cymbal.wav
182,192,88460,1,0,0:0:0:0:
109,192,88548,1,0,0:0:0:0:
36,192,88636,1,0,0:0:0:50:HihaT.wav
182,192,88724,1,0,0:0:0:0:
475,192,88813,1,0,0:0:0:70:Snare.wav
329,192,88813,1,0,0:0:0:0:
256,192,88901,1,0,0:0:0:0:
182,192,88989,1,0,0:0:0:50:HihaT.wav
329,192,89077,1,0,0:0:0:0:
182,192,89165,1,0,0:0:0:50:KicK.wav
475,192,89165,1,0,0:0:0:0:
402,192,89254,1,0,0:0:0:0:
329,192,89342,1,0,0:0:0:50:HihaT.wav
475,192,89430,1,0,0:0:0:0:
36,192,89518,1,0,0:0:0:70:Snare.wav
182,192,89518,1,0,0:0:0:0:
256,192,89607,1,0,0:0:0:0:
329,192,89695,1,0,0:0:0:50:HihaT.wav
402,192,89783,1,0,0:0:0:0:
36,192,89871,1,0,0:0:0:50:KicK.wav
475,192,89871,1,0,0:0:0:0:
182,192,89960,1,0,0:0:0:0:
329,192,90048,1,0,0:0:0:50:HihaT.wav
182,192,90136,1,0,0:0:0:0:
36,192,90224,1,0,0:0:0:70:Snare.wav
475,192,90224,1,0,0:0:0:0:
256,192,90313,1,0,0:0:0:0:
402,192,90401,1,0,0:0:0:50:HihaT.wav
182,192,90489,1,0,0:0:0:0:
475,192,90577,1,0,0:0:0:50:KicK.wav
329,192,90577,1,0,0:0:0:0:
109,192,90665,1,0,0:0:0:0:
256,192,90754,1,0,0:0:0:50:HihaT.wav
36,192,90842,1,0,0:0:0:0:
475,192,90871,1,0,0:0:0:0:
402,192,90901,1,0,0:0:0:0:
329,192,90930,128,0,91107:0:0:0:70:Snare.wav
182,192,90930,128,0,91107:0:0:0:0:
329,192,91283,128,0,91371:0:0:0:50:BeLL2.wav
475,192,91283,1,0,0:0:0:50:KicK.wav
182,192,91283,128,0,91371:0:0:0:50:Chamber.wav
475,192,91460,1,0,0:0:0:50:KicK.wav
182,192,91460,128,0,91901:0:0:0:50:BeLL2.wav
36,192,91460,128,0,91901:0:0:0:50:Chamber.wav
475,192,91636,1,0,0:0:0:70:Snare.wav
329,192,91636,1,0,0:0:0:0:
256,192,91989,128,0,92077:0:0:0:50:BeLL2.wav
109,192,91989,1,0,0:0:0:50:KicK.wav
475,192,91989,128,0,92077:0:0:0:50:Chamber.wav
402,192,92165,128,0,92607:0:0:0:50:Chamber.wav
109,192,92165,1,0,0:0:0:50:KicK.wav
329,192,92165,128,0,92607:0:0:0:50:BeLL2.wav
109,192,92342,1,0,0:0:0:70:Snare.wav
256,192,92342,1,0,0:0:0:0:
329,192,92695,128,0,92783:0:0:0:50:Chamber.wav
475,192,92695,1,0,0:0:0:50:KicK.wav
182,192,92695,128,0,92783:0:0:0:50:BeLL2.wav
182,192,92871,128,0,93313:0:0:0:50:BeLL2.wav
36,192,92871,128,0,93313:0:0:0:50:Chamber.wav
475,192,92871,1,0,0:0:0:50:KicK.wav
475,192,93048,1,0,0:0:0:70:Snare.wav
329,192,93048,1,0,0:0:0:0:
402,192,93401,128,0,93489:0:0:0:50:BeLL2.wav
256,192,93401,128,0,93489:0:0:0:50:Chamber.wav
109,192,93401,1,0,0:0:0:50:KicK.wav
475,192,93577,128,0,93930:0:0:0:50:BeLL2.wav
109,192,93577,1,0,0:0:0:50:KicK.wav
402,192,93577,128,0,93930:0:0:0:50:Chamber.wav
109,192,93754,1,0,0:0:0:70:Snare.wav
256,192,93754,1,0,0:0:0:0:
109,192,94107,1,0,0:0:0:70:KicK.wav
256,192,94107,1,0,0:0:0:0:
475,192,94195,1,0,0:0:0:0:
329,192,94283,1,0,0:0:0:0:
182,192,94371,1,0,0:0:0:0:
36,192,94460,1,0,0:0:0:70:Snare.wav
475,192,94460,1,0,0:0:0:0:
402,192,94548,1,0,0:0:0:0:
36,192,94636,128,0,94813:0:0:0:70:Snare.wav
329,192,94636,1,0,0:0:0:0:
256,192,94724,1,0,0:0:0:0:
182,192,94813,1,0,0:0:0:70:KicK.wav
475,192,94813,1,0,0:0:0:0:
182,192,94989,1,0,0:0:0:70:Snare.wav
329,192,94989,1,0,0:0:0:0:
402,192,95077,1,0,0:0:0:70:Snare.wav
475,192,95077,1,0,0:0:0:0:
109,192,95165,1,0,0:0:0:70:Snare.wav
256,192,95165,1,0,0:0:0:0:
402,192,95254,1,0,0:0:0:70:Snare.wav
475,192,95254,1,0,0:0:0:0:
36,192,95342,1,0,0:0:0:70:Snare.wav
182,192,95342,1,0,0:0:0:0:
402,192,95430,1,0,0:0:0:70:Snare.wav
475,192,95430,1,0,0:0:0:0:
182,192,95518,128,0,95695:0:0:0:70:KicK.wav
36,192,95518,128,0,95695:0:0:0:0:
329,192,95518,128,0,95695:0:0:0:70:PunK.wav
182,192,95871,1,0,0:0:0:70:Snare.wav
36,192,95871,1,0,0:0:0:70:Chamber.wav
475,192,95871,1,0,0:0:0:70:BeLL.wav
329,192,95930,1,0,0:0:0:70:Chamber.wav
402,192,95989,1,0,0:0:0:70:Chamber.wav
109,192,96048,1,0,0:0:0:70:Chamber.wav
182,192,96107,1,0,0:0:0:70:Chamber.wav
256,192,96165,1,0,0:0:0:70:Chamber.wav
475,192,96224,1,0,0:0:0:70:Chamber.wav
329,192,96283,1,0,0:0:0:70:Chamber.wav
402,192,96342,1,0,0:0:0:70:Chamber.wav
109,192,96401,1,0,0:0:0:70:Chamber.wav
182,192,96460,1,0,0:0:0:70:Chamber.wav
256,192,96518,1,0,0:0:0:70:Chamber.wav
36,192,96577,1,0,0:0:0:70:Chamber.wav
329,192,96577,1,0,0:0:0:70:Snare.wav
475,192,96577,1,0,0:0:0:70:PunK.wav
402,192,96930,128,0,97107:0:0:0:70:KicK.wav
109,192,96930,128,0,97107:0:0:0:0:
256,192,96930,128,0,97107:0:0:0:70:PunK.wav
182,192,97283,1,0,0:0:0:70:Chamber.wav
329,192,97283,1,0,0:0:0:70:BeLL.wav
475,192,97283,1,0,0:0:0:70:Snare.wav
109,192,97342,1,0,0:0:0:70:Chamber.wav
36,192,97401,1,0,0:0:0:70:Chamber.wav
402,192,97460,1,0,0:0:0:70:Chamber.wav
329,192,97518,1,0,0:0:0:70:Chamber.wav
475,192,97577,1,0,0:0:0:70:Chamber.wav
182,192,97636,1,0,0:0:0:70:Chamber.wav
109,192,97695,1,0,0:0:0:70:Chamber.wav
36,192,97754,1,0,0:0:0:70:Chamber.wav
402,192,97812,1,0,0:0:0:70:Chamber.wav
329,192,97871,1,0,0:0:0:70:Chamber.wav
475,192,97930,1,0,0:0:0:70:Chamber.wav
109,192,97989,1,0,0:0:0:70:PunK.wav
182,192,97989,1,0,0:0:0:70:Chamber.wav
36,192,97989,1,0,0:0:0:70:Snare.wav
475,192,98342,128,0,98518:0:0:0:70:KicK.wav
182,192,98342,128,0,98518:0:0:0:0:
329,192,98342,128,0,98518:0:0:0:70:PunK.wav
182,192,98695,1,0,0:0:0:70:BeLL.wav
36,192,98695,1,0,0:0:0:50:Chamber.wav
329,192,98695,1,0,0:0:0:70:Snare.wav
475,192,98754,1,0,0:0:0:50:Chamber.wav
402,192,98812,1,0,0:0:0:50:Chamber.wav
256,192,98871,1,0,0:0:0:50:Chamber.wav
109,192,98930,1,0,0:0:0:50:Chamber.wav
182,192,98989,1,0,0:0:0:50:Chamber.wav
329,192,99048,1,0,0:0:0:50:Chamber.wav
475,192,99107,1,0,0:0:0:50:Chamber.wav
402,192,99165,1,0,0:0:0:50:Chamber.wav
256,192,99224,1,0,0:0:0:50:Chamber.wav
109,192,99283,1,0,0:0:0:50:Chamber.wav
182,192,99342,1,0,0:0:0:50:Chamber.wav
329,192,99401,1,0,0:0:0:70:PunK.wav
36,192,99401,1,0,0:0:0:70:Snare.wav
475,192,99401,1,0,0:0:0:0:
475,192,99577,1,0,0:0:0:70:Sub Drum.wav
402,192,99636,1,0,0:0:0:70:Sub Drum.wav
329,192,99695,1,0,0:0:0:70:Sub Drum.wav
256,192,99754,128,0,99929:0:0:0:70:KicK.wav
36,192,99754,1,0,0:0:0:70:Chamber.wav
36,192,99929,1,0,0:0:0:70:Chamber.wav
109,192,100017,1,0,0:0:0:70:Chamber.wav
475,192,100104,1,0,0:0:0:70:Snare.wav
182,192,100104,1,0,0:0:0:70:Chamber.wav
329,192,100104,1,0,0:0:0:0:
256,192,100278,1,0,0:0:0:70:Chamber.wav
329,192,100365,1,0,0:0:0:70:KicK.wav
36,192,100365,1,0,0:0:0:70:Chamber.wav
182,192,100365,1,0,0:0:0:0:
256,192,100452,128,0,100538:0:0:0:70:KicK.wav
475,192,100452,128,0,100538:0:0:0:70:Chamber.wav
402,192,100452,128,0,100538:0:0:0:0:
329,192,100625,128,0,100712:0:0:0:70:KicK.wav
182,192,100625,128,0,100712:0:0:0:70:Chamber.wav
36,192,100625,128,0,100712:0:0:0:0:
402,192,100798,128,0,100884:0:0:0:70:Snare.wav
256,192,100798,128,0,100884:0:0:0:70:Chamber.wav
109,192,100798,128,0,100884:0:0:0:0:
182,192,100970,128,0,101056:0:0:0:0:
475,192,100970,128,0,101056:0:0:0:70:KicK.wav
329,192,100970,128,0,101056:0:0:0:70:Chamber.wav
109,192,101142,1,0,0:0:0:70:Cymbal.wav
256,192,101142,1,0,0:0:0:70:KicK.wav
36,192,101142,1,0,0:0:0:70:Chamber.wav
402,192,101142,1,0,0:0:0:0:
36,192,101656,128,0,101742:0:0:0:70:Chamber.wav
182,192,101827,128,0,101913:0:0:0:70:Chamber.wav
109,192,102170,128,0,102256:0:0:0:70:Chamber.wav
475,192,102513,1,0,0:0:0:70:Chamber.wav
36,192,102513,128,0,102865:0:0:0:0:
475,192,102865,1,0,0:0:0:70:Chamber.wav
329,192,102983,1,0,0:0:0:70:Chamber.wav
475,192,103101,1,0,0:0:0:70:Chamber.wav
36,192,103218,1,0,0:0:0:70:Chamber.wav
182,192,103218,1,0,0:0:0:0:
109,192,103568,1,0,0:0:0:70:Chamber.wav
256,192,103568,1,0,0:0:0:0:
475,192,103919,128,0,104267:0:0:0:70:KicK.wav
182,192,103919,128,0,104006:0:0:0:70:Cymbal.wav
329,192,103919,128,0,104006:0:0:0:70:PunK.wav
256,192,104180,128,0,104267:0:0:0:70:PunK.wav
109,192,104180,128,0,104267:0:0:0:70:KicK.wav
36,192,104180,128,0,104267:0:0:0:0:
329,192,104442,128,0,104529:0:0:0:70:PunK.wav
182,192,104442,128,0,104529:0:0:0:70:KicK.wav
475,192,104442,128,0,104529:0:0:0:0:
329,192,104616,1,0,0:0:0:70:KicK.wav
182,192,104616,1,0,0:0:0:70:PunK.wav
36,192,104616,128,0,105136:0:0:0:0:
402,192,104789,1,0,0:0:0:70:HihaT.wav
329,192,104962,1,0,0:0:0:70:KicK.wav
182,192,104962,1,0,0:0:0:0:
402,192,105136,1,0,0:0:0:70:HihaT.wav
256,192,105309,128,0,105653:0:0:0:70:KicK.wav
36,192,105309,128,0,105395:0:0:0:70:PunK.wav
475,192,105309,128,0,105395:0:0:0:0:
36,192,105567,128,0,105653:0:0:0:70:PunK.wav
109,192,105567,128,0,105653:0:0:0:70:KicK.wav
402,192,105567,128,0,105653:0:0:0:0:
329,192,105826,128,0,105912:0:0:0:70:KicK.wav
109,192,105826,128,0,105912:0:0:0:70:PunK.wav
182,192,105826,128,0,105912:0:0:0:0:
182,192,105998,1,0,0:0:0:70:PunK.wav
329,192,105998,1,0,0:0:0:70:KicK.wav
475,192,105998,128,0,106512:0:0:0:0:
109,192,106169,1,0,0:0:0:70:HihaT.wav
182,192,106340,1,0,0:0:0:70:KicK.wav
329,192,106340,1,0,0:0:0:0:
109,192,106512,1,0,0:0:0:70:KicK.wav
329,192,106512,1,0,0:0:0:70:HihaT.wav
182,192,106598,1,0,0:0:0:70:KicK.wav
256,192,106683,128,0,106768:0:0:0:70:PunK.wav
36,192,106683,128,0,107023:0:0:0:70:KicK.wav
475,192,106683,128,0,106768:0:0:0:0:
329,192,106938,128,0,107023:0:0:0:70:PunK.wav
182,192,106938,128,0,107023:0:0:0:70:KicK.wav
475,192,106938,128,0,107023:0:0:0:0:
36,192,107194,128,0,107279:0:0:0:70:KicK.wav
182,192,107194,128,0,107279:0:0:0:70:PunK.wav
329,192,107194,128,0,107279:0:0:0:0:
475,192,107364,1,0,0:0:0:70:KicK.wav
36,192,107364,1,0,0:0:0:70:PunK.wav
256,192,107364,128,0,107872:0:0:0:0:
402,192,107533,1,0,0:0:0:70:HihaT.wav
36,192,107702,1,0,0:0:0:70:KicK.wav
329,192,107702,1,0,0:0:0:0:
109,192,107872,1,0,0:0:0:70:HihaT.wav
475,192,108041,128,0,108462:0:0:0:70:PunK.wav
182,192,108041,1,0,0:0:0:70:KicK.wav
329,192,108041,1,0,0:0:0:0:
182,192,108293,1,0,0:0:0:70:KicK.wav
329,192,108293,1,0,0:0:0:0:
329,192,108546,1,0,0:0:0:0:
182,192,108546,1,0,0:0:0:70:KicK.wav
36,192,108546,128,0,108630:0:0:0:70:PunK.wav
402,192,108715,1,0,0:0:0:0:
36,192,108715,128,0,109217:0:0:0:70:PunK.wav
256,192,108715,1,0,0:0:0:70:KicK.wav
329,192,108882,1,0,0:0:0:70:KicK.wav
475,192,108882,1,0,0:0:0:70:HihaT.wav
182,192,109050,1,0,0:0:0:70:KicK.wav
109,192,109050,1,0,0:0:0:0:
329,192,109217,1,0,0:0:0:70:KicK.wav
475,192,109217,1,0,0:0:0:70:HihaT.wav
256,192,109301,1,0,0:0:0:70:KicK.wav
36,192,109385,128,0,109468:0:0:0:70:Snare.wav
182,192,109385,128,0,109468:0:0:0:70:PunK.wav
402,192,109385,128,0,109718:0:0:0:70:Cymbal.wav
256,192,109635,128,0,109718:0:0:0:70:Snare.wav
109,192,109635,128,0,109718:0:0:0:70:PunK.wav
36,192,109635,128,0,109718:0:0:0:0:
182,192,109885,128,0,109968:0:0:0:70:PunK.wav
475,192,109885,128,0,109968:0:0:0:70:Snare.wav
329,192,109885,128,0,109968:0:0:0:0:
475,192,110051,1,0,0:0:0:70:PunK.wav
109,192,110051,1,0,0:0:0:70:KicK.wav
256,192,110051,128,0,110385:0:0:0:0:
109,192,110218,1,0,0:0:0:70:KicK.wav
402,192,110218,1,0,0:0:0:0:
329,192,110385,1,0,0:0:0:70:KicK.wav
109,192,110385,128,0,110718:0:0:0:0:
475,192,110468,1,0,0:0:0:70:KicK.wav
329,192,110551,1,0,0:0:0:70:KicK.wav
475,192,110635,1,0,0:0:0:70:KicK.wav
182,192,110718,1,0,0:0:0:70:Snare.wav
36,192,110718,1,0,0:0:0:70:Cymbal.wav
329,192,110718,128,0,110801:0:0:0:70:Sub BeLL.wav
475,192,110996,128,0,111079:0:0:0:70:Sub BeLL.wav
402,192,111218,128,0,111301:0:0:0:70:Sub BeLL.wav
182,192,111385,1,0,0:0:0:70:Snare.wav
109,192,111385,128,0,111468:0:0:0:70:Sub BeLL.wav
329,192,111385,1,0,0:0:0:0:
256,192,111662,128,0,111746:0:0:0:70:Sub BeLL.wav
109,192,111885,128,0,111968:0:0:0:70:Sub BeLL.wav
182,192,112051,1,0,0:0:0:70:Snare.wav
329,192,112051,128,0,112135:0:0:0:70:Sub BeLL.wav
36,192,112051,1,0,0:0:0:0:
402,192,112301,128,0,112385:0:0:0:70:Sub BeLL.wav
182,192,112385,1,0,0:0:0:70:Snare.wav
36,192,112385,1,0,0:0:0:0:
475,192,112550,128,0,112633:0:0:0:70:Sub BeLL.wav
182,192,112716,1,0,0:0:0:70:Snare.wav
329,192,112716,1,0,0:0:0:70:Sub BeLL.wav
36,192,112716,1,0,0:0:0:0:
402,192,112880,1,0,0:0:0:70:Snare.wav
109,192,112880,1,0,0:0:0:0:
329,192,112963,1,0,0:0:0:70:Snare.wav
182,192,112963,1,0,0:0:0:70:Sub BeLL.wav
36,192,113045,1,0,0:0:0:70:Snare.wav
475,192,113045,1,0,0:0:0:0:
109,192,113126,1,0,0:0:0:70:Snare.wav
402,192,113126,1,0,0:0:0:0:
182,192,113208,1,0,0:0:0:70:Snare.wav
329,192,113208,1,0,0:0:0:70:Sub BeLL.wav
109,192,113290,1,0,0:0:0:70:Snare.wav
402,192,113290,1,0,0:0:0:0:
36,192,113372,1,0,0:0:0:70:Snare.wav
475,192,113372,1,0,0:0:0:70:Cymbal.wav
256,192,113372,1,0,0:0:0:0:
36,192,113535,1,0,0:0:0:70:Chamber.wav
182,192,113616,1,0,0:0:0:70:Chamber.wav
475,192,113698,1,0,0:0:0:70:Chamber.wav
329,192,113698,1,0,0:0:0:0:
182,192,113806,1,0,0:0:0:70:Chamber.wav
36,192,113806,1,0,0:0:0:0:
329,192,113915,1,0,0:0:0:70:Chamber.wav
475,192,113915,1,0,0:0:0:0:
109,192,114024,1,0,0:0:0:70:Chamber.wav
36,192,114024,1,0,0:0:0:0:
329,192,114132,1,0,0:0:0:70:Chamber.wav
182,192,114132,1,0,0:0:0:0:
109,192,114240,1,0,0:0:0:70:Chamber.wav
36,192,114240,1,0,0:0:0:0:
475,192,114348,1,0,0:0:0:70:Chamber.wav
402,192,114348,1,0,0:0:0:0:
329,192,114456,1,0,0:0:0:70:Chamber.wav
182,192,114456,1,0,0:0:0:0:
475,192,114564,1,0,0:0:0:70:Chamber.wav
402,192,114564,1,0,0:0:0:0:
109,192,114672,1,0,0:0:0:70:Snare.wav
36,192,114672,1,0,0:0:0:0:
256,192,114672,1,0,0:0:0:0:
475,192,114833,1,0,0:0:0:70:Chamber.wav
329,192,114913,1,0,0:0:0:70:Chamber.wav
182,192,114994,1,0,0:0:0:70:KicK.wav
36,192,114994,1,0,0:0:0:70:Chamber.wav
329,192,115102,1,0,0:0:0:70:Chamber.wav
475,192,115102,1,0,0:0:0:0:
182,192,115209,1,0,0:0:0:70:Chamber.wav
36,192,115209,1,0,0:0:0:0:
402,192,115317,1,0,0:0:0:70:KicK.wav
475,192,115317,1,0,0:0:0:70:Chamber.wav
256,192,115423,1,0,0:0:0:70:Chamber.wav
109,192,115423,1,0,0:0:0:0:
402,192,115530,1,0,0:0:0:70:Chamber.wav
475,192,115530,1,0,0:0:0:0:
109,192,115637,1,0,0:0:0:70:KicK.wav
36,192,115637,1,0,0:0:0:70:Chamber.wav
256,192,115744,1,0,0:0:0:70:Chamber.wav
402,192,115744,1,0,0:0:0:0:
109,192,115851,1,0,0:0:0:70:Chamber.wav
36,192,115851,1,0,0:0:0:0:
475,192,115958,1,0,0:0:0:70:KicK.wav
256,192,115958,1,0,0:0:0:70:Snare.wav
402,192,115958,1,0,0:0:0:70:Cymbal.wav
182,192,116064,1,0,0:0:0:70:Chamber.wav
329,192,116117,1,0,0:0:0:70:KicK.wav
109,192,116170,1,0,0:0:0:70:Chamber.wav
402,192,116277,1,0,0:0:0:70:KicK.wav
36,192,116277,1,0,0:0:0:70:Chamber.wav
109,192,116383,1,0,0:0:0:70:Chamber.wav
329,192,116436,1,0,0:0:0:70:KicK.wav
182,192,116489,1,0,0:0:0:70:Chamber.wav
256,192,116596,1,0,0:0:0:70:Snare.wav
475,192,116596,1,0,0:0:0:70:Chamber.wav
36,192,116596,1,0,0:0:0:70:Cymbal.wav
402,192,116701,1,0,0:0:0:70:Chamber.wav
109,192,116754,1,0,0:0:0:70:KicK.wav
329,192,116807,1,0,0:0:0:70:Chamber.wav
182,192,116913,1,0,0:0:0:70:KicK.wav
402,192,116913,1,0,0:0:0:70:Chamber.wav
329,192,117019,1,0,0:0:0:70:Chamber.wav
109,192,117072,1,0,0:0:0:70:KicK.wav
256,192,117125,1,0,0:0:0:70:Chamber.wav
182,192,117230,1,0,0:0:0:70:Chamber.wav
36,192,117230,1,0,0:0:0:70:Snare.wav
329,192,117335,1,0,0:0:0:70:Chamber.wav
256,192,117335,1,0,0:0:0:70:Snare.wav
402,192,117440,1,0,0:0:0:70:Snare.wav
475,192,117440,1,0,0:0:0:70:Chamber.wav
109,192,117545,1,0,0:0:0:70:Chamber.wav
36,192,117545,1,0,0:0:0:70:Snare.wav
182,192,117651,1,0,0:0:0:70:Snare.wav
256,192,117651,1,0,0:0:0:70:Chamber.wav
329,192,117756,1,0,0:0:0:70:Chamber.wav
475,192,117756,1,0,0:0:0:70:Snare.wav
109,192,117861,1,0,0:0:0:70:Chamber.wav
36,192,117861,1,0,0:0:0:70:Snare.wav
256,192,117972,1,0,0:0:0:70:Chamber.wav
402,192,117972,1,0,0:0:0:70:Snare.wav
109,192,118083,1,0,0:0:0:70:Chamber.wav
36,192,118083,1,0,0:0:0:70:Snare.wav
329,192,118194,1,0,0:0:0:70:Chamber.wav
182,192,118194,1,0,0:0:0:70:Snare.wav
475,192,118311,1,0,0:0:0:70:Chamber.wav
36,192,118311,1,0,0:0:0:70:Snare.wav
329,192,118429,1,0,0:0:0:70:Chamber.wav
182,192,118429,1,0,0:0:0:70:Snare.wav
256,192,118546,1,0,0:0:0:70:Snare.wav
36,192,118546,1,0,0:0:0:70:Chamber.wav
475,192,118546,1,0,0:0:0:70:Cymbal.wav
329,192,119091,128,0,119227:0:0:0:70:BeLL.wav
475,192,119091,128,0,119227:0:0:0:0:
402,192,119636,128,0,123465:0:0:0:70:KicK.wav
109,192,119636,128,0,123465:0:0:0:70:Cymbal.wav
36,192,119636,128,0,123465:0:0:0:0:
256,192,119636,128,0,123465:0:0:0:0:
