[Metadata]
Doppelganger
LeaF
Jinjin
bms of fighters 2013
7
0

[TimingPoints]
791,214.285714285714,4,3,0,30,1,0
109648,1E+308,4,3,0,30,1,0
116505,214.285714285714,4,3,0,30,1,0


[HitObjects]
182,192,791,5,0,0:0:0:60:KickMid.wav
329,192,2505,1,0,0:0:0:60:KickMid.wav
36,192,4219,1,0,0:0:0:60:CymbalFSU.wav
182,192,4648,1,0,0:0:0:60:KickMid.wav
475,192,5076,1,0,0:0:0:60:KickMid.wav
329,192,5505,1,0,0:0:0:60:KickMid.wav
256,192,5933,128,4,7433:0:0:0:30:
36,192,7648,1,0,0:0:0:60:CymbalFSU.wav
182,192,8076,1,0,0:0:0:60:KickMid.wav
475,192,8505,1,0,0:0:0:60:KickMid.wav
329,192,8933,1,0,0:0:0:60:KickMid.wav
256,192,9362,128,4,10219:0:0:0:30:
475,192,10219,1,0,0:0:0:60:CymbalFSU.wav
109,192,11076,1,0,0:0:0:60:KickMid.wav
402,192,11076,1,4,0:0:0:0:
182,192,11505,1,0,0:0:0:60:KickMid.wav
329,192,11933,1,0,0:0:0:60:KickMid.wav
182,192,12362,1,0,0:0:0:60:KickMid.wav
109,192,12790,1,0,0:0:0:60:KickMid.wav
402,192,12790,1,4,0:0:0:0:
329,192,13219,1,0,0:0:0:60:KickMid.wav
182,192,13648,1,0,0:0:0:60:KickMid.wav
329,192,14076,1,0,0:0:0:60:KickMid.wav
475,192,14505,1,4,0:0:0:0:
36,192,14933,1,2,0:0:0:0:
256,192,15362,1,0,0:0:0:0:
182,192,16005,1,0,0:0:0:60:CymbalFSU.wav
329,192,16005,1,0,0:0:0:60:DeepBassKick.wav
36,192,16219,1,0,0:0:0:60:CymbalFSU.wav
475,192,16219,1,0,0:0:0:60:DeepBassKick.wav
256,192,17933,128,0,19005:0:0:0:60:CymbalFSU.wav
36,192,19648,1,0,0:0:0:60:DeepBassKick.wav
475,192,19648,1,8,0:0:0:0:
329,192,20505,1,0,0:0:0:20:
109,192,21362,1,0,0:0:0:20:
402,192,22219,1,0,0:0:0:20:
256,192,23076,1,0,0:0:0:20:
109,192,23933,1,0,0:0:0:20:
402,192,24790,1,0,0:0:0:20:
329,192,25648,1,0,0:0:0:20:
182,192,26505,1,0,0:0:0:20:
109,192,27362,1,0,0:0:0:20:
329,192,28219,1,0,0:0:0:20:
329,192,29076,1,0,0:0:0:20:
109,192,29933,1,0,0:0:0:60:CymbalFSU.wav
402,192,29933,1,0,0:0:0:60:DeepBassKick.wav
256,192,31112,1,0,0:0:0:60:KickMid.wav
475,192,31433,1,0,0:0:0:0:
36,192,31648,1,0,0:0:0:60:DeepBassKick.wav
182,192,31969,1,0,0:0:0:60:DeepBassKick.wav
329,192,32290,1,0,0:0:0:60:DeepBassKick.wav
475,192,32612,1,0,0:0:0:60:DeepBassKick.wav
256,192,32933,1,0,0:0:0:60:DeepBassKick.wav
109,192,34219,1,0,0:0:0:60:DeepBassKick.wav
182,192,34540,1,0,0:0:0:60:DeepBassKick.wav
329,192,34862,1,0,0:0:0:60:DeepBassKick.wav
402,192,35183,1,0,0:0:0:60:DeepBassKick.wav
256,192,35505,128,0,37648:0:0:0:60:DeepBassKick.wav
36,192,37648,1,0,0:0:0:60:CymbalFSU.wav
475,192,37648,1,0,0:0:0:60:DeepBassKick.wav
329,192,38076,1,0,0:0:0:60:KickMid.wav
182,192,38505,1,0,0:0:0:60:KickMid.wav
329,192,39362,1,0,0:0:0:60:KickMid.wav
36,192,39790,1,0,0:0:0:60:CymbalFSU.wav
182,192,40219,1,0,0:0:0:60:CymbalFSU.wav
475,192,40648,128,0,41076:0:0:0:60:DeepBassKick.wav
36,192,41076,128,0,41505:0:0:0:60:DeepBassKick.wav
256,192,41505,1,0,0:0:0:60:KickMid.wav
402,192,41933,1,0,0:0:0:60:KickMid.wav
109,192,42362,128,0,42790:0:0:0:60:KickMid.wav
402,192,42790,128,0,43219:0:0:0:60:KickMid.wav
256,192,43219,1,0,0:0:0:60:KickMid.wav
182,192,43755,1,0,0:0:0:60:DeepBassKick.wav
329,192,44076,1,0,0:0:0:60:DeepBassKick.wav
182,192,44505,1,0,0:0:0:0:
36,192,44933,128,0,45362:0:0:0:60:KickMid.wav
329,192,45790,1,0,0:0:0:0:
475,192,46219,128,0,46648:0:0:0:60:KickMid.wav
36,192,47076,128,0,47505:0:0:0:0:
475,192,47505,1,0,0:0:0:60:CymbalFSU.wav
329,192,47933,1,0,0:0:0:60:KickMid.wav
182,192,48362,1,0,0:0:0:60:KickMid.wav
402,192,48790,1,0,0:0:0:60:KickMid.wav
109,192,49219,1,0,0:0:0:60:KickMid.wav
402,192,49648,1,0,0:0:0:60:KickMid.wav
36,192,50076,1,0,0:0:0:60:DeepBassKick.wav
182,192,50505,128,0,50933:0:0:0:60:CymbalFSU.wav
329,192,50933,128,0,51362:0:0:0:60:CymbalFSU.wav
475,192,51362,1,0,0:0:0:60:CymbalFSU.wav
182,192,54040,1,0,0:0:0:60:CymbalFSU.wav
329,192,54040,1,0,0:0:0:60:DeepBassKick.wav
256,192,54362,1,0,0:0:0:60:DeepBassKick.wav
36,192,54790,1,0,0:0:0:60:CymbalFSU.wav
475,192,54790,1,0,0:0:0:60:DeepBassKick.wav
182,192,55648,128,8,56505:0:0:0:0:
329,192,56505,1,0,0:0:0:0:
182,192,56933,128,8,57362:0:0:0:0:
475,192,57362,1,0,0:0:0:0:
36,192,57790,128,8,58219:0:0:0:0:
256,192,58219,1,0,0:0:0:0:
256,192,58648,1,0,0:0:0:0:
256,192,59076,1,0,0:0:0:0:
329,192,59933,1,0,0:0:0:60:KickMid.wav
182,192,60362,1,0,0:0:0:60:KickMid.wav
329,192,60790,1,0,0:0:0:60:CymbalFSU.wav
475,192,60790,1,0,0:0:0:60:DeepBassKick.wav
182,192,61219,1,0,0:0:0:60:DeepBassKick.wav
36,192,61219,1,0,0:0:0:60:KickMid.wav
475,192,61648,128,0,62505:0:0:0:0:
402,192,62505,128,0,63362:0:0:0:0:
182,192,63362,1,0,0:0:0:60:CymbalFSU.wav
329,192,63790,1,0,0:0:0:60:CymbalFSU.wav
182,192,64219,1,0,0:0:0:60:CymbalFSU.wav
109,192,64648,1,0,0:0:0:60:KickMid.wav
475,192,65076,1,0,0:0:0:60:DeepBassKick.wav
36,192,65076,1,0,0:0:0:60:CymbalFSU.wav
256,192,65505,1,0,0:0:0:60:DeepBassKick.wav
109,192,65933,1,0,0:0:0:60:CymbalFSU.wav
402,192,65933,1,0,0:0:0:60:DeepBassKick.wav
256,192,66362,1,0,0:0:0:60:DeepBassKick.wav
182,192,66790,1,0,0:0:0:0:
329,192,66790,1,0,0:0:0:60:KickMid.wav
256,192,67219,1,0,0:0:0:60:KickMid.wav
109,192,67648,128,0,68505:0:0:0:60:KickMid.wav
402,192,67648,128,0,68505:0:0:0:0:
256,192,68505,1,0,0:0:0:60:CymbalFSU.wav
182,192,69362,1,0,0:0:0:60:DeepBassKick.wav
329,192,70219,1,0,0:0:0:60:DeepBassKick.wav
182,192,71076,1,0,0:0:0:60:CymbalFSU.wav
402,192,71505,1,0,0:0:0:60:KickMid.wav
36,192,71933,128,0,72362:0:0:0:60:CymbalFSU.wav
182,192,72362,128,0,72790:0:0:0:60:CymbalFSU.wav
329,192,72790,1,0,0:0:0:60:DeepBassKick.wav
329,192,73648,1,0,0:0:0:0:
109,192,74505,1,0,0:0:0:60:DeepBassKick.wav
402,192,74933,1,0,0:0:0:60:KickMid.wav
36,192,75362,1,0,0:0:0:60:CymbalFSU.wav
329,192,75362,1,0,0:0:0:60:DeepBassKick.wav
109,192,76219,1,8,0:0:0:0:
402,192,76648,1,4,0:0:0:0:
182,192,77076,1,8,0:0:0:0:
329,192,77505,1,4,0:0:0:0:
109,192,77933,1,8,0:0:0:0:
402,192,78362,1,4,0:0:0:0:
182,192,78790,1,8,0:0:0:0:
329,192,79219,1,4,0:0:0:0:
109,192,79648,1,8,0:0:0:0:
402,192,80076,1,4,0:0:0:0:
182,192,80505,1,8,0:0:0:0:
329,192,80933,1,4,0:0:0:0:
36,192,81362,1,0,0:0:0:60:CymbalFSU.wav
475,192,81362,1,0,0:0:0:60:DeepBassKick.wav
182,192,82219,1,0,0:0:0:60:DeepBassKick.wav
256,192,82648,1,0,0:0:0:60:DeepBassKick.wav
329,192,83076,1,0,0:0:0:60:CymbalFSU.wav
329,192,83505,1,0,0:0:0:60:KickMid.wav
182,192,83933,128,0,84362:0:0:0:0:
329,192,84362,1,0,0:0:0:0:
36,192,84790,1,0,0:0:0:60:CymbalFSU.wav
182,192,85219,1,0,0:0:0:60:KickMid.wav
475,192,85648,1,0,0:0:0:60:CymbalFSU.wav
329,192,86076,1,0,0:0:0:60:DeepBassKick.wav
256,192,86505,1,0,0:0:0:60:CymbalFSU.wav
256,192,87362,1,0,0:0:0:60:KickMid.wav
475,192,88219,1,0,0:0:0:60:CymbalFSU.wav
36,192,88648,1,0,0:0:0:60:KickMid.wav
182,192,89076,1,0,0:0:0:60:CymbalFSU.wav
329,192,89076,1,0,0:0:0:60:DeepBassKick.wav
36,192,89933,128,0,91648:0:0:0:0:
329,192,91648,1,0,0:0:0:60:KickMid.wav
329,192,92076,1,0,0:0:0:60:KickMid.wav
329,192,92505,1,0,0:0:0:60:KickMid.wav
256,192,92933,128,0,93362:0:0:0:0:
475,192,93362,1,0,0:0:0:60:KickMid.wav
36,192,93790,1,0,0:0:0:60:CymbalFSU.wav
182,192,94433,1,0,0:0:0:60:KickMid.wav
329,192,95076,1,0,0:0:0:60:KickMid.wav
329,192,95505,1,0,0:0:0:60:KickMid.wav
475,192,96148,1,0,0:0:0:60:CymbalFSU.wav
256,192,96469,1,0,0:0:0:60:CymbalFSU.wav
36,192,96790,1,0,0:0:0:60:KickMid.wav
402,192,97540,1,0,0:0:0:60:CymbalFSU.wav
256,192,97862,1,0,0:0:0:60:CymbalFSU.wav
109,192,98183,1,0,0:0:0:60:CymbalFSU.wav
256,192,98505,128,0,99148:0:0:0:0:
256,192,99255,1,0,0:0:0:60:DeepBassKick.wav
475,192,99898,1,0,0:0:0:60:CymbalFSU.wav
256,192,100219,1,0,0:0:0:60:KickMid.wav
402,192,101076,1,0,0:0:0:0:
109,192,101290,1,0,0:0:0:60:KickMid.wav
182,192,101612,1,0,0:0:0:60:KickMid.wav
256,192,101933,1,0,0:0:0:60:CymbalFSU.wav
329,192,102469,1,0,0:0:0:60:KickMid.wav
36,192,102683,1,0,0:0:0:60:KickMid.wav
329,192,103005,1,0,0:0:0:60:KickMid.wav
329,192,103326,1,0,0:0:0:60:KickMid.wav
182,192,103648,128,0,104505:0:0:0:60:DeepBassKick.wav
329,192,104505,1,0,0:0:0:60:KickMid.wav
182,192,105362,128,0,105790:0:0:0:60:DeepBassKick.wav
329,192,105790,1,0,0:0:0:60:KickMid.wav
36,192,106005,1,0,0:0:0:60:KickMid.wav
475,192,106433,128,0,106755:0:0:0:60:CymbalFSU.wav
329,192,106755,128,0,107076:0:0:0:60:CymbalFSU.wav
182,192,107076,128,0,107398:0:0:0:60:CymbalFSU.wav
36,192,107719,1,0,0:0:0:0:
36,192,107933,1,0,0:0:0:60:CymbalFSU.wav
329,192,108255,1,0,0:0:0:0:
329,192,108576,1,0,0:0:0:0:
475,192,109005,128,0,109648:0:0:0:60:CymbalFSU.wav
182,192,109648,1,0,0:0:0:60:DeepBassKick.wav
36,192,109648,1,0,0:0:0:0:
256,192,116719,5,0,0:0:0:0:
329,192,116826,1,0,0:0:0:0:
402,192,116933,1,0,0:0:0:0:
329,192,117148,1,0,0:0:0:0:
36,192,117362,5,0,0:0:0:0:
109,192,118219,1,0,0:0:0:0:
182,192,119076,1,0,0:0:0:0:
256,192,119933,1,0,0:0:0:0:
329,192,120790,1,0,0:0:0:0:
402,192,121648,1,0,0:0:0:0:
475,192,122505,1,0,0:0:0:60:CymbalFSU.wav
329,192,122505,1,0,0:0:0:60:DeepBassKick.wav
182,192,123362,1,0,0:0:0:60:DeepBassKick.wav
36,192,123362,1,0,0:0:0:60:CymbalFSU.wav
256,192,123790,1,0,0:0:0:60:DeepBassKick.wav
36,192,124219,1,0,0:0:0:60:CymbalFSU.wav
475,192,124219,1,0,0:0:0:60:DeepBassKick.wav
475,192,124648,1,0,0:0:0:60:DeepBassKick.wav
329,192,125076,1,0,0:0:0:60:DeepBassKick.wav
182,192,125505,1,0,0:0:0:60:DeepBassKick.wav
329,192,125933,1,0,0:0:0:60:DeepBassKick.wav
182,192,126362,1,0,0:0:0:60:DeepBassKick.wav
402,192,126790,1,0,0:0:0:60:DeepBassKick.wav
109,192,127219,1,0,0:0:0:60:DeepBassKick.wav
475,192,127648,1,0,0:0:0:60:DeepBassKick.wav
329,192,128076,1,0,0:0:0:60:DeepBassKick.wav
182,192,128505,1,0,0:0:0:60:DeepBassKick.wav
36,192,128933,1,0,0:0:0:60:DeepBassKick.wav
475,192,129362,1,0,0:0:0:60:DeepBassKick.wav
109,192,129790,1,0,0:0:0:60:DeepBassKick.wav
329,192,130219,1,0,0:0:0:60:DeepBassKick.wav
182,192,130648,1,0,0:0:0:60:DeepBassKick.wav
475,192,131076,1,0,0:0:0:60:CymbalFSU.wav
36,192,131505,1,0,0:0:0:60:DeepBassKick.wav
329,192,131933,1,0,0:0:0:60:DeepBassKick.wav
182,192,132362,1,0,0:0:0:60:DeepBassKick.wav
329,192,132790,1,0,0:0:0:60:DeepBassKick.wav
109,192,133219,1,0,0:0:0:60:DeepBassKick.wav
402,192,133648,1,0,0:0:0:60:DeepBassKick.wav
36,192,134076,1,0,0:0:0:60:DeepBassKick.wav
256,192,134505,1,0,0:0:0:60:CymbalFSU.wav
109,192,134933,1,0,0:0:0:60:DeepBassKick.wav
329,192,135362,1,0,0:0:0:60:CymbalFSU.wav
182,192,135790,1,0,0:0:0:60:DeepBassKick.wav
402,192,136219,1,0,0:0:0:60:CymbalFSU.wav
256,192,136648,1,0,0:0:0:60:DeepBassKick.wav
475,192,137076,1,0,0:0:0:60:CymbalFSU.wav
329,192,137505,1,0,0:0:0:60:DeepBassKick.wav
182,192,137933,1,0,0:0:0:60:CymbalFSU.wav
36,192,138362,1,0,0:0:0:60:CymbalFSU.wav
402,192,138790,1,0,0:0:0:60:CymbalFSU.wav
256,192,139219,1,0,0:0:0:60:DeepBassKick.wav
36,192,139433,1,0,0:0:0:60:CymbalFSU.wav
475,192,139648,1,0,0:0:0:60:CymbalFSU.wav
329,192,140076,1,0,0:0:0:60:DeepBassKick.wav
182,192,140505,1,0,0:0:0:0:
36,192,140933,1,0,0:0:0:0:
256,192,141790,128,0,144790:0:0:0:60:CymbalFSU.wav
