[Metadata]
Doppelganger
LeaF
Zen
bms of fighters 2013
19
0

[TimingPoints]
791,214.285714285714,4,3,0,30,1,0
109648,1E+308,4,3,0,30,1,0
116505,214.285714285714,4,3,0,30,1,0


[HitObjects]
36,192,791,5,0,0:0:0:60:KickMid.wav
182,192,791,1,2,0:0:0:30:
329,192,898,1,0,0:0:0:60:KickMid.wav
475,192,898,1,2,0:0:0:30:
182,192,1112,1,0,0:0:0:60:KickMid.wav
109,192,1112,1,2,0:0:0:30:
329,192,1326,1,0,0:0:0:60:KickMid.wav
402,192,1326,1,2,0:0:0:30:
109,192,1540,1,0,0:0:0:60:KickMid.wav
182,192,1540,1,2,0:0:0:30:
109,192,1755,1,0,0:0:0:60:KickMid.wav
182,192,1755,1,2,0:0:0:30:
329,192,1862,1,0,0:0:0:60:KickMid.wav
182,192,1969,1,0,0:0:0:60:KickMid.wav
329,192,2076,1,0,0:0:0:60:KickMid.wav
402,192,2076,1,2,0:0:0:30:
36,192,2290,1,0,0:0:0:60:KickMid.wav
109,192,2290,1,4,0:0:0:30:
402,192,2505,1,0,0:0:0:60:KickMid.wav
475,192,2505,1,4,0:0:0:30:
36,192,2719,1,0,0:0:0:60:KickMid.wav
182,192,2719,1,2,0:0:0:30:
475,192,2826,1,0,0:0:0:60:KickMid.wav
329,192,2826,1,2,0:0:0:30:
109,192,3040,1,0,0:0:0:60:KickMid.wav
402,192,3040,1,2,0:0:0:30:
109,192,3255,1,0,0:0:0:60:KickMid.wav
402,192,3255,1,2,0:0:0:30:
329,192,3469,1,8,0:0:0:30:
182,192,3576,1,8,0:0:0:30:
329,192,3683,1,8,0:0:0:30:
36,192,3790,128,0,4219:0:0:0:60:KickMid.wav
475,192,4005,128,0,4219:0:0:0:30:
182,192,4219,1,0,0:0:0:60:DeepBassKick.wav
329,192,4219,1,0,0:0:0:60:CymbalFSU.wav
36,192,4433,1,0,0:0:0:60:KickMid.wav
256,192,4433,1,0,0:0:0:30:
475,192,4648,1,0,0:0:0:60:KickMid.wav
182,192,4648,1,0,0:0:0:30:
329,192,4755,1,0,0:0:0:30:
36,192,4862,1,0,0:0:0:60:KickMid.wav
402,192,4969,1,0,0:0:0:30:
182,192,5076,1,0,0:0:0:60:KickMid.wav
475,192,5183,1,0,0:0:0:30:
402,192,5290,1,0,0:0:0:60:KickMid.wav
36,192,5290,1,0,0:0:0:30:
329,192,5505,1,0,0:0:0:60:KickMid.wav
182,192,5505,1,0,0:0:0:30:
36,192,5719,1,0,0:0:0:60:KickMid.wav
256,192,5719,1,0,0:0:0:30:
182,192,5933,128,0,7648:0:0:0:30:
475,192,5933,1,4,0:0:0:30:
329,192,6148,1,4,0:0:0:30:
402,192,6362,1,4,0:0:0:30:
329,192,6576,1,4,0:0:0:30:
475,192,6790,1,4,0:0:0:30:
402,192,7005,1,4,0:0:0:30:
475,192,7219,1,4,0:0:0:30:
329,192,7433,128,0,7648:0:0:0:60:KickMid.wav
36,192,7648,1,0,0:0:0:60:DeepBassKick.wav
475,192,7648,1,0,0:0:0:60:CymbalFSU.wav
182,192,7862,1,0,0:0:0:60:KickMid.wav
329,192,7862,1,0,0:0:0:30:
36,192,8076,1,0,0:0:0:60:KickMid.wav
402,192,8076,1,0,0:0:0:30:
329,192,8183,1,0,0:0:0:30:
182,192,8290,1,0,0:0:0:60:KickMid.wav
402,192,8398,1,0,0:0:0:30:
36,192,8505,1,0,0:0:0:60:KickMid.wav
475,192,8612,1,0,0:0:0:30:
182,192,8719,1,0,0:0:0:60:KickMid.wav
402,192,8719,1,0,0:0:0:30:
36,192,8933,1,0,0:0:0:60:KickMid.wav
329,192,8933,1,0,0:0:0:30:
182,192,9148,1,0,0:0:0:60:KickMid.wav
256,192,9148,1,0,0:0:0:30:
329,192,9362,128,0,10219:0:0:0:30:
36,192,9362,1,4,0:0:0:30:
182,192,9576,1,4,0:0:0:30:
109,192,9790,1,4,0:0:0:13:
182,192,10005,1,4,0:0:0:13:
36,192,10219,1,0,0:0:0:60:DeepBassKick.wav
475,192,10219,1,0,0:0:0:60:CymbalFSU.wav
256,192,10219,128,0,11076:0:0:0:60:KickMid.wav
109,192,10433,1,0,0:0:0:60:DeepBassKick.wav
402,192,10433,1,0,0:0:0:60:CymbalFSU.wav
182,192,10648,1,0,0:0:0:60:DeepBassKick.wav
329,192,10648,1,0,0:0:0:60:CymbalFSU.wav
475,192,11076,1,0,0:0:0:60:KickMid.wav
36,192,11076,1,4,0:0:0:30:
109,192,11290,1,0,0:0:0:60:KickMid.wav
256,192,11290,1,4,0:0:0:30:
182,192,11505,1,0,0:0:0:60:KickMid.wav
329,192,11505,1,4,0:0:0:30:
256,192,11719,1,0,0:0:0:60:KickMid.wav
402,192,11719,1,4,0:0:0:30:
329,192,11933,1,0,0:0:0:60:KickMid.wav
475,192,11933,1,4,0:0:0:30:
402,192,12148,1,0,0:0:0:60:KickMid.wav
256,192,12148,1,4,0:0:0:30:
182,192,12362,1,0,0:0:0:60:KickMid.wav
329,192,12362,1,4,0:0:0:30:
109,192,12576,1,0,0:0:0:60:KickMid.wav
256,192,12576,1,4,0:0:0:30:
402,192,12790,1,0,0:0:0:60:KickMid.wav
475,192,12790,1,4,0:0:0:30:
36,192,13005,1,0,0:0:0:60:KickMid.wav
256,192,13005,1,4,0:0:0:30:
109,192,13219,1,0,0:0:0:60:KickMid.wav
329,192,13219,1,4,0:0:0:30:
182,192,13433,1,0,0:0:0:60:KickMid.wav
402,192,13433,1,4,0:0:0:30:
256,192,13648,1,0,0:0:0:60:KickMid.wav
475,192,13648,1,4,0:0:0:30:
182,192,13862,1,0,0:0:0:60:KickMid.wav
402,192,13862,1,4,0:0:0:30:
329,192,14076,1,0,0:0:0:60:KickMid.wav
109,192,14076,1,4,0:0:0:30:
36,192,14290,1,0,0:0:0:60:KickMid.wav
256,192,14290,1,4,0:0:0:30:
109,192,14505,1,0,0:0:0:60:KickMid.wav
402,192,14505,1,4,0:0:0:30:
182,192,14719,128,0,15362:0:0:0:30:
329,192,14933,128,2,15790:0:0:0:30:
109,192,15362,128,0,16005:0:0:0:30:
402,192,15790,128,4,16005:0:0:0:30:
182,192,16005,1,0,0:0:0:60:DeepBassKick.wav
329,192,16005,1,0,0:0:0:60:CymbalFSU.wav
182,192,16219,1,0,0:0:0:60:DeepBassKick.wav
329,192,16219,1,0,0:0:0:60:CymbalFSU.wav
256,192,16540,1,0,0:0:0:60:DeepBassKick.wav
109,192,16862,1,0,0:0:0:60:DeepBassKick.wav
402,192,16862,1,0,0:0:0:60:CymbalFSU.wav
182,192,17183,1,0,0:0:0:60:DeepBassKick.wav
329,192,17183,1,0,0:0:0:60:CymbalFSU.wav
256,192,17505,128,0,17933:0:0:0:30:DeepBassKick.wav
36,192,17933,1,0,0:0:0:60:DeepBassKick.wav
475,192,17933,1,0,0:0:0:60:CymbalFSU.wav
182,192,19005,1,8,0:0:0:30:
256,192,19112,1,8,0:0:0:30:
329,192,19219,1,8,0:0:0:30:
256,192,19433,1,8,0:0:0:30:
36,192,19648,1,0,0:0:0:60:DeepBassKick.wav
182,192,19648,1,0,0:0:0:60:CymbalFSU.wav
475,192,19862,1,0,0:0:0:20:
475,192,20076,1,0,0:0:0:20:
402,192,20290,1,0,0:0:0:20:
329,192,20505,1,0,0:0:0:20:
182,192,20719,1,0,0:0:0:20:
36,192,20826,1,0,0:0:0:20:
182,192,20933,1,0,0:0:0:20:
36,192,21148,1,0,0:0:0:20:
256,192,21362,1,0,0:0:0:20:
36,192,21576,1,0,0:0:0:20:
256,192,21790,1,0,0:0:0:20:
329,192,22005,1,0,0:0:0:20:
402,192,22112,1,0,0:0:0:20:
475,192,22219,1,0,0:0:0:20:
402,192,22433,1,0,0:0:0:20:
329,192,22540,1,0,0:0:0:20:
182,192,22648,1,0,0:0:0:20:
109,192,22862,1,0,0:0:0:20:
182,192,22969,1,0,0:0:0:20:
329,192,23076,1,0,0:0:0:20:
36,192,23290,1,0,0:0:0:20:
329,192,23505,1,0,0:0:0:20:
402,192,23719,1,0,0:0:0:20:
256,192,23826,1,0,0:0:0:20:
109,192,23933,1,0,0:0:0:20:
329,192,24148,1,0,0:0:0:20:
109,192,24362,1,0,0:0:0:20:
182,192,24576,1,0,0:0:0:20:
256,192,24683,1,0,0:0:0:20:
329,192,24790,1,0,0:0:0:20:
36,192,25005,1,0,0:0:0:20:
182,192,25219,1,0,0:0:0:20:
36,192,25326,1,0,0:0:0:20:
475,192,25433,1,0,0:0:0:20:
329,192,25540,1,0,0:0:0:20:
182,192,25648,1,0,0:0:0:20:
256,192,25862,1,0,0:0:0:20:
109,192,26076,1,0,0:0:0:20:
36,192,26290,1,0,0:0:0:20:
402,192,26505,1,0,0:0:0:20:
36,192,26719,1,0,0:0:0:20:
182,192,26933,1,0,0:0:0:20:
329,192,27148,1,0,0:0:0:20:
256,192,27362,1,0,0:0:0:20:
256,192,27576,1,0,0:0:0:20:
182,192,27790,1,0,0:0:0:20:
109,192,28005,1,0,0:0:0:20:
402,192,28219,1,0,0:0:0:20:
36,192,28433,1,0,0:0:0:20:
182,192,28648,1,0,0:0:0:20:
475,192,28862,1,0,0:0:0:20:
329,192,29076,128,0,29505:0:0:0:20:
182,192,29505,128,0,29933:0:0:0:20:
329,192,29933,1,0,0:0:0:60:DeepBassKick.wav
475,192,29933,1,0,0:0:0:60:CymbalFSU.wav
182,192,30148,1,0,0:0:0:60:KickMid.wav
36,192,30148,1,0,0:0:0:30:
329,192,30362,1,0,0:0:0:60:KickMid.wav
475,192,30362,1,0,0:0:0:30:
182,192,30469,1,0,0:0:0:60:KickMid.wav
329,192,30576,1,0,0:0:0:60:KickMid.wav
475,192,30576,1,0,0:0:0:30:
182,192,30683,1,0,0:0:0:60:KickMid.wav
329,192,30790,1,0,0:0:0:60:KickMid.wav
475,192,30790,1,0,0:0:0:30:
256,192,30898,1,0,0:0:0:60:KickMid.wav
182,192,31005,1,0,0:0:0:60:KickMid.wav
36,192,31005,1,0,0:0:0:30:
475,192,31112,128,0,31326:0:0:0:60:KickMid.wav
402,192,31112,128,0,31326:0:0:0:30:
329,192,31433,1,0,0:0:0:30:
182,192,31433,1,0,0:0:0:30:
36,192,31648,128,0,31915:0:0:0:60:DeepBassKick.wav
182,192,31648,128,0,31915:0:0:0:60:CymbalFSU.wav
329,192,31648,128,0,31915:0:0:0:60:KickMid.wav
109,192,31969,128,0,32237:0:0:0:60:DeepBassKick.wav
256,192,31969,128,0,32237:0:0:0:60:CymbalFSU.wav
402,192,31969,128,0,32237:0:0:0:60:KickMid.wav
182,192,32290,128,0,32558:0:0:0:60:DeepBassKick.wav
329,192,32290,128,0,32558:0:0:0:60:CymbalFSU.wav
475,192,32290,128,0,32558:0:0:0:60:KickMid.wav
256,192,32612,128,0,32880:0:0:0:60:DeepBassKick.wav
402,192,32612,128,0,32880:0:0:0:60:CymbalFSU.wav
475,192,32612,128,0,32880:0:0:0:60:KickMid.wav
182,192,32933,128,0,33523:0:0:0:60:DeepBassKick.wav
329,192,32933,128,0,33523:0:0:0:60:CymbalFSU.wav
402,192,32933,128,0,33523:0:0:0:60:KickMid.wav
256,192,33576,1,0,0:0:0:60:DeepBassKick.wav
402,192,33576,1,0,0:0:0:60:CymbalFSU.wav
475,192,33576,1,0,0:0:0:60:KickMid.wav
182,192,33790,1,0,0:0:0:60:DeepBassKick.wav
329,192,33790,1,0,0:0:0:60:CymbalFSU.wav
256,192,34005,1,0,0:0:0:60:DeepBassKick.wav
109,192,34005,1,0,0:0:0:60:CymbalFSU.wav
36,192,34219,128,0,34487:0:0:0:60:DeepBassKick.wav
109,192,34219,128,0,34487:0:0:0:60:CymbalFSU.wav
256,192,34219,128,0,34487:0:0:0:60:KickMid.wav
109,192,34540,128,0,34808:0:0:0:60:DeepBassKick.wav
182,192,34540,128,0,34808:0:0:0:60:CymbalFSU.wav
329,192,34540,128,0,34808:0:0:0:60:KickMid.wav
182,192,34862,128,0,35130:0:0:0:60:DeepBassKick.wav
256,192,34862,128,0,35130:0:0:0:60:CymbalFSU.wav
402,192,34862,128,0,35130:0:0:0:60:KickMid.wav
182,192,35183,128,0,35451:0:0:0:60:DeepBassKick.wav
329,192,35183,128,0,35451:0:0:0:60:CymbalFSU.wav
475,192,35183,128,0,35451:0:0:0:60:KickMid.wav
256,192,35505,1,0,0:0:0:60:DeepBassKick.wav
109,192,35505,128,0,37648:0:0:0:60:CymbalFSU.wav
402,192,35505,128,0,37648:0:0:0:60:KickMid.wav
256,192,35933,128,0,37648:0:0:0:30:
36,192,37648,1,0,0:0:0:60:DeepBassKick.wav
475,192,37648,1,0,0:0:0:60:CymbalFSU.wav
182,192,37862,1,0,0:0:0:60:KickMid.wav
109,192,37862,1,0,0:0:0:30:
329,192,38076,1,0,0:0:0:60:KickMid.wav
475,192,38076,1,0,0:0:0:30:
182,192,38183,1,0,0:0:0:30:
329,192,38290,1,0,0:0:0:60:KickMid.wav
475,192,38290,1,0,0:0:0:30:
182,192,38398,1,0,0:0:0:30:
36,192,38505,1,0,0:0:0:60:KickMid.wav
329,192,38719,1,0,0:0:0:60:KickMid.wav
402,192,38719,1,0,0:0:0:30:
109,192,38826,1,0,0:0:0:30:
109,192,39040,1,0,0:0:0:30:
329,192,39148,1,0,0:0:0:60:KickMid.wav
402,192,39148,1,0,0:0:0:30:
109,192,39362,128,0,39790:0:0:0:60:KickMid.wav
182,192,39576,128,0,39790:0:0:0:60:KickMid.wav
329,192,39790,1,0,0:0:0:60:DeepBassKick.wav
402,192,39790,1,0,0:0:0:60:CymbalFSU.wav
182,192,40005,1,0,0:0:0:30:
329,192,40219,1,0,0:0:0:60:DeepBassKick.wav
402,192,40219,1,0,0:0:0:60:CymbalFSU.wav
256,192,40433,1,0,0:0:0:30:
182,192,40648,1,0,0:0:0:60:DeepBassKick.wav
475,192,40648,1,0,0:0:0:60:CymbalFSU.wav
402,192,40862,1,0,0:0:0:30:
109,192,41076,1,0,0:0:0:60:DeepBassKick.wav
329,192,41076,1,0,0:0:0:60:CymbalFSU.wav
256,192,41290,1,0,0:0:0:60:DeepBassKick.wav
36,192,41290,1,0,0:0:0:60:CymbalFSU.wav
329,192,41505,1,0,0:0:0:60:CymbalFSU.wav
402,192,41505,1,0,0:0:0:60:KickMid.wav
182,192,41612,1,0,0:0:0:60:KickMid.wav
329,192,41719,1,0,0:0:0:60:KickMid.wav
475,192,41719,1,0,0:0:0:30:
182,192,41826,1,0,0:0:0:60:KickMid.wav
329,192,41933,1,0,0:0:0:60:KickMid.wav
402,192,41933,1,0,0:0:0:30:
109,192,42040,1,0,0:0:0:30:
182,192,42148,1,0,0:0:0:60:KickMid.wav
36,192,42362,1,0,0:0:0:60:KickMid.wav
329,192,42362,1,0,0:0:0:30:
109,192,42576,1,0,0:0:0:60:KickMid.wav
402,192,42576,1,0,0:0:0:30:
36,192,42790,128,0,43219:0:0:0:60:KickMid.wav
329,192,42790,1,0,0:0:0:30:
402,192,43005,1,0,0:0:0:60:KickMid.wav
475,192,43219,1,0,0:0:0:60:KickMid.wav
329,192,43219,1,0,0:0:0:30:
182,192,43326,1,0,0:0:0:60:KickMid.wav
402,192,43433,1,0,0:0:0:60:KickMid.wav
329,192,43433,1,0,0:0:0:30:
182,192,43540,1,0,0:0:0:60:KickMid.wav
36,192,43755,1,0,0:0:0:60:DeepBassKick.wav
329,192,43755,1,0,0:0:0:60:CymbalFSU.wav
182,192,43862,1,0,0:0:0:60:DeepBassKick.wav
475,192,43862,1,0,0:0:0:60:CymbalFSU.wav
109,192,44076,1,0,0:0:0:60:DeepBassKick.wav
402,192,44076,1,0,0:0:0:60:CymbalFSU.wav
329,192,44290,1,0,0:0:0:60:DeepBassKick.wav
36,192,44290,1,0,0:0:0:60:CymbalFSU.wav
256,192,44505,128,0,44719:0:0:0:30:
36,192,44719,1,0,0:0:0:60:DeepBassKick.wav
109,192,44933,1,0,0:0:0:60:KickMid.wav
182,192,44933,1,0,0:0:0:30:
329,192,45040,1,0,0:0:0:30:
36,192,45148,1,0,0:0:0:60:KickMid.wav
182,192,45148,1,0,0:0:0:30:
329,192,45255,128,0,45362:0:0:0:60:KickMid.wav
109,192,45469,1,0,0:0:0:60:KickMid.wav
329,192,45469,1,0,0:0:0:30:
182,192,45576,1,0,0:0:0:60:KickMid.wav
402,192,45576,1,0,0:0:0:30:
256,192,45683,1,0,0:0:0:30:
329,192,45790,1,0,0:0:0:30:
36,192,45790,1,0,0:0:0:30:
402,192,45898,1,0,0:0:0:30:
475,192,46005,1,0,0:0:0:30:
182,192,46005,1,0,0:0:0:30:
109,192,46219,1,0,0:0:0:60:KickMid.wav
182,192,46219,1,0,0:0:0:30:
109,192,46433,1,0,0:0:0:60:KickMid.wav
182,192,46433,1,0,0:0:0:30:
109,192,46648,128,0,46862:0:0:0:60:KickMid.wav
182,192,46648,128,0,46862:0:0:0:30:
329,192,47076,128,0,47505:0:0:0:30:
402,192,47076,128,0,47505:0:0:0:30:
475,192,47505,1,0,0:0:0:60:DeepBassKick.wav
256,192,47505,1,0,0:0:0:60:CymbalFSU.wav
182,192,47719,1,0,0:0:0:60:DeepBassKick.wav
402,192,47719,1,0,0:0:0:60:CymbalFSU.wav
109,192,47933,1,0,0:0:0:60:DeepBassKick.wav
329,192,47933,128,0,48148:0:0:0:60:CymbalFSU.wav
256,192,48148,128,0,48362:0:0:0:60:DeepBassKick.wav
36,192,48362,1,0,0:0:0:60:KickMid.wav
109,192,48362,1,0,0:0:0:30:
182,192,48469,1,0,0:0:0:30:
402,192,48576,1,0,0:0:0:60:KickMid.wav
475,192,48576,1,0,0:0:0:30:
329,192,48683,1,0,0:0:0:30:
36,192,48790,1,0,0:0:0:60:KickMid.wav
182,192,48790,1,0,0:0:0:30:
109,192,49112,1,0,0:0:0:60:KickMid.wav
329,192,49219,1,0,0:0:0:60:KickMid.wav
109,192,49326,1,0,0:0:0:60:KickMid.wav
329,192,49433,1,0,0:0:0:60:KickMid.wav
182,192,49433,1,0,0:0:0:30:
182,192,49648,1,0,0:0:0:60:KickMid.wav
109,192,49755,1,0,0:0:0:60:DeepBassKick.wav
402,192,49755,1,0,0:0:0:60:CymbalFSU.wav
329,192,49969,1,0,0:0:0:60:KickMid.wav
109,192,50076,1,0,0:0:0:60:DeepBassKick.wav
402,192,50076,1,0,0:0:0:60:CymbalFSU.wav
182,192,50237,1,0,0:0:0:60:DeepBassKick.wav
329,192,50237,1,0,0:0:0:60:CymbalFSU.wav
402,192,50398,1,0,0:0:0:60:DeepBassKick.wav
109,192,50398,1,0,0:0:0:60:CymbalFSU.wav
36,192,50505,128,0,50880:0:0:0:60:DeepBassKick.wav
475,192,50505,128,0,50880:0:0:0:60:CymbalFSU.wav
402,192,50933,128,0,51308:0:0:0:60:DeepBassKick.wav
109,192,50933,128,0,51308:0:0:0:60:CymbalFSU.wav
182,192,51362,128,0,51576:0:0:0:60:DeepBassKick.wav
329,192,51362,128,0,51576:0:0:0:60:CymbalFSU.wav
256,192,51576,128,0,53826:0:0:0:30:
182,192,54040,1,0,0:0:0:60:KickMid.wav
109,192,54040,1,0,0:0:0:30:
402,192,54148,1,0,0:0:0:60:DeepBassKick.wav
475,192,54148,1,0,0:0:0:60:CymbalFSU.wav
329,192,54362,1,0,0:0:0:60:DeepBassKick.wav
402,192,54362,1,0,0:0:0:60:CymbalFSU.wav
329,192,54576,1,0,0:0:0:30:
256,192,54576,1,0,0:0:0:30:
109,192,54790,1,0,0:0:0:60:DeepBassKick.wav
182,192,54790,1,0,0:0:0:60:CymbalFSU.wav
256,192,54790,1,0,0:0:0:60:KickMid.wav
402,192,55005,1,0,0:0:0:30:
402,192,55219,1,0,0:0:0:30:
329,192,55433,1,0,0:0:0:30:
256,192,55648,128,8,55862:0:0:0:30:
182,192,55862,128,8,55969:0:0:0:30:
109,192,55969,128,8,56076:0:0:0:30:
182,192,56076,128,8,56290:0:0:0:30:
36,192,56290,128,8,56505:0:0:0:30:
475,192,56505,1,0,0:0:0:30:
329,192,56719,1,0,0:0:0:30:
36,192,56933,128,8,57148:0:0:0:30:
109,192,57148,128,8,57255:0:0:0:30:
182,192,57255,128,8,57362:0:0:0:30:
475,192,57362,1,0,0:0:0:30:
402,192,57576,1,0,0:0:0:30:
329,192,57683,1,0,0:0:0:30:
36,192,57790,128,8,58005:0:0:0:30:
109,192,58005,128,8,58112:0:0:0:30:
182,192,58112,128,8,58219:0:0:0:30:
475,192,58219,1,0,0:0:0:30:
36,192,58433,128,8,58648:0:0:0:30:
329,192,58648,1,0,0:0:0:30:
182,192,58862,128,8,58969:0:0:0:30:
109,192,58969,128,8,59076:0:0:0:30:
329,192,59076,1,0,0:0:0:30:
182,192,59290,128,8,59505:0:0:0:30:
36,192,59505,128,8,59719:0:0:0:30:
329,192,59719,1,0,0:0:0:30:
402,192,59826,1,0,0:0:0:30:
475,192,59933,1,0,0:0:0:60:KickMid.wav
36,192,59933,1,0,0:0:0:30:
109,192,60148,1,0,0:0:0:60:KickMid.wav
329,192,60148,1,8,0:0:0:30:
36,192,60362,1,0,0:0:0:60:KickMid.wav
402,192,60362,1,0,0:0:0:30:
329,192,60469,1,0,0:0:0:30:
109,192,60576,1,0,0:0:0:60:KickMid.wav
475,192,60576,1,0,0:0:0:30:
402,192,60683,1,0,0:0:0:30:
329,192,60790,1,0,0:0:0:60:DeepBassKick.wav
182,192,60790,1,0,0:0:0:60:CymbalFSU.wav
36,192,60790,1,0,0:0:0:60:KickMid.wav
256,192,61005,1,0,0:0:0:60:DeepBassKick.wav
475,192,61005,1,0,0:0:0:60:CymbalFSU.wav
402,192,61005,1,0,0:0:0:60:KickMid.wav
182,192,61219,1,0,0:0:0:60:DeepBassKick.wav
109,192,61219,1,0,0:0:0:60:CymbalFSU.wav
329,192,61219,1,0,0:0:0:60:KickMid.wav
329,192,61648,1,0,0:0:0:30:
36,192,61862,1,0,0:0:0:30:
182,192,62076,1,0,0:0:0:30:
402,192,62290,1,0,0:0:0:30:
256,192,62505,1,0,0:0:0:30:
256,192,62719,1,0,0:0:0:30:
182,192,62933,1,0,0:0:0:30:
109,192,63148,1,0,0:0:0:30:
109,192,63362,1,0,0:0:0:60:DeepBassKick.wav
402,192,63362,1,0,0:0:0:60:CymbalFSU.wav
182,192,63576,1,0,0:0:0:60:DeepBassKick.wav
36,192,63576,1,0,0:0:0:60:CymbalFSU.wav
109,192,63790,1,0,0:0:0:60:DeepBassKick.wav
256,192,63790,1,0,0:0:0:60:CymbalFSU.wav
329,192,64005,1,0,0:0:0:60:DeepBassKick.wav
475,192,64005,1,0,0:0:0:60:CymbalFSU.wav
256,192,64219,1,0,0:0:0:60:DeepBassKick.wav
402,192,64219,1,0,0:0:0:60:CymbalFSU.wav
182,192,64648,1,0,0:0:0:60:KickMid.wav
329,192,64648,1,0,0:0:0:30:
256,192,64862,1,0,0:0:0:30:
402,192,65076,1,0,0:0:0:60:DeepBassKick.wav
475,192,65076,1,0,0:0:0:60:CymbalFSU.wav
329,192,65290,1,0,0:0:0:60:DeepBassKick.wav
402,192,65290,1,0,0:0:0:60:CymbalFSU.wav
329,192,65505,1,0,0:0:0:60:DeepBassKick.wav
256,192,65505,1,0,0:0:0:60:CymbalFSU.wav
256,192,65719,1,0,0:0:0:60:DeepBassKick.wav
182,192,65719,1,0,0:0:0:60:CymbalFSU.wav
109,192,65933,1,0,0:0:0:60:DeepBassKick.wav
182,192,65933,1,0,0:0:0:60:CymbalFSU.wav
36,192,66148,1,0,0:0:0:60:DeepBassKick.wav
109,192,66148,1,0,0:0:0:60:CymbalFSU.wav
402,192,66362,1,0,0:0:0:60:DeepBassKick.wav
475,192,66362,1,0,0:0:0:60:CymbalFSU.wav
402,192,66576,1,0,0:0:0:60:DeepBassKick.wav
329,192,66576,1,0,0:0:0:60:CymbalFSU.wav
329,192,66790,1,0,0:0:0:60:KickMid.wav
182,192,66790,1,0,0:0:0:30:
256,192,67005,1,0,0:0:0:60:KickMid.wav
109,192,67005,1,0,0:0:0:30:
182,192,67219,1,0,0:0:0:60:KickMid.wav
36,192,67219,1,0,0:0:0:30:
329,192,67433,1,0,0:0:0:60:KickMid.wav
475,192,67433,1,0,0:0:0:30:
402,192,67648,1,0,0:0:0:60:KickMid.wav
256,192,67648,128,0,68505:0:0:0:30:
36,192,68076,128,0,68505:0:0:0:30:
109,192,68505,1,0,0:0:0:60:DeepBassKick.wav
402,192,68505,1,0,0:0:0:60:CymbalFSU.wav
256,192,68719,1,0,0:0:0:30:
109,192,68933,1,0,0:0:0:60:KickMid.wav
402,192,68933,1,0,0:0:0:30:
329,192,69040,1,0,0:0:0:60:KickMid.wav
182,192,69040,1,0,0:0:0:30:
109,192,69148,1,0,0:0:0:60:DeepBassKick.wav
402,192,69148,1,0,0:0:0:60:CymbalFSU.wav
329,192,69362,1,0,0:0:0:60:DeepBassKick.wav
182,192,69362,1,0,0:0:0:60:CymbalFSU.wav
182,192,69683,1,0,0:0:0:60:DeepBassKick.wav
329,192,69683,1,0,0:0:0:60:CymbalFSU.wav
256,192,70005,128,0,70219:0:0:0:60:KickMid.wav
36,192,70219,1,0,0:0:0:60:KickMid.wav
109,192,70540,1,0,0:0:0:60:DeepBassKick.wav
182,192,70540,1,0,0:0:0:60:CymbalFSU.wav
329,192,70862,1,0,0:0:0:60:KickMid.wav
402,192,70862,1,0,0:0:0:30:
109,192,71076,1,0,0:0:0:60:DeepBassKick.wav
182,192,71076,1,0,0:0:0:60:CymbalFSU.wav
109,192,71290,1,0,0:0:0:60:DeepBassKick.wav
182,192,71290,1,0,0:0:0:60:CymbalFSU.wav
475,192,71505,1,0,0:0:0:60:KickMid.wav
329,192,71505,1,0,0:0:0:30:
182,192,71612,1,0,0:0:0:60:DeepBassKick.wav
109,192,71612,1,0,0:0:0:60:CymbalFSU.wav
475,192,71826,1,0,0:0:0:60:KickMid.wav
329,192,71826,1,0,0:0:0:30:
36,192,71933,128,0,72255:0:0:0:60:DeepBassKick.wav
182,192,71933,128,0,72255:0:0:0:60:CymbalFSU.wav
329,192,72362,128,0,72683:0:0:0:60:DeepBassKick.wav
475,192,72362,128,0,72683:0:0:0:60:CymbalFSU.wav
109,192,72790,1,0,0:0:0:60:DeepBassKick.wav
182,192,72790,1,0,0:0:0:60:CymbalFSU.wav
475,192,73005,1,0,0:0:0:60:KickMid.wav
329,192,73005,1,0,0:0:0:30:
182,192,73112,1,0,0:0:0:60:DeepBassKick.wav
36,192,73112,1,0,0:0:0:60:CymbalFSU.wav
329,192,73326,1,0,0:0:0:60:KickMid.wav
475,192,73326,1,0,0:0:0:30:
182,192,73433,1,0,0:0:0:60:KickMid.wav
36,192,73433,128,0,73648:0:0:0:30:
402,192,73648,1,0,0:0:0:30:
109,192,73862,1,0,0:0:0:60:KickMid.wav
182,192,73969,1,0,0:0:0:60:DeepBassKick.wav
329,192,73969,1,0,0:0:0:60:CymbalFSU.wav
109,192,74183,1,0,0:0:0:60:KickMid.wav
329,192,74290,128,0,74505:0:0:0:30:
475,192,74290,1,0,0:0:0:30:
36,192,74505,1,0,0:0:0:60:DeepBassKick.wav
182,192,74505,1,0,0:0:0:60:CymbalFSU.wav
182,192,74719,1,0,0:0:0:60:DeepBassKick.wav
36,192,74719,1,0,0:0:0:60:CymbalFSU.wav
329,192,74933,1,0,0:0:0:60:KickMid.wav
182,192,75040,1,0,0:0:0:60:DeepBassKick.wav
36,192,75040,1,0,0:0:0:60:CymbalFSU.wav
256,192,75255,1,0,0:0:0:60:KickMid.wav
36,192,75362,1,0,0:0:0:60:DeepBassKick.wav
475,192,75362,1,0,0:0:0:60:CymbalFSU.wav
109,192,75576,1,0,0:0:0:30:
256,192,75683,1,0,0:0:0:30:
402,192,75790,1,0,0:0:0:30:
256,192,76005,1,0,0:0:0:30:
329,192,76219,1,0,0:0:0:60:KickMid.wav
182,192,76219,1,8,0:0:0:50:
475,192,76433,1,0,0:0:0:30:
475,192,76648,1,4,0:0:0:50:
36,192,76648,1,0,0:0:0:30:
402,192,76862,1,0,0:0:0:30:
182,192,77076,1,8,0:0:0:50:
329,192,77076,1,0,0:0:0:30:
475,192,77290,1,0,0:0:0:30:
329,192,77398,1,0,0:0:0:30:
475,192,77505,1,4,0:0:0:50:
36,192,77505,1,0,0:0:0:30:
329,192,77719,1,0,0:0:0:30:
475,192,77933,1,8,0:0:0:50:
182,192,77933,1,0,0:0:0:30:
36,192,78148,1,0,0:0:0:30:
182,192,78362,1,4,0:0:0:50:
329,192,78362,1,0,0:0:0:30:
36,192,78576,1,0,0:0:0:30:
109,192,78683,1,0,0:0:0:30:
182,192,78790,1,8,0:0:0:50:
475,192,78790,1,0,0:0:0:30:
182,192,79005,1,0,0:0:0:30:
109,192,79112,1,0,0:0:0:30:
36,192,79219,1,4,0:0:0:50:
329,192,79219,1,0,0:0:0:30:
182,192,79433,1,0,0:0:0:30:
256,192,79540,1,0,0:0:0:30:
329,192,79648,1,8,0:0:0:50:
36,192,79648,1,0,0:0:0:30:
475,192,79862,1,0,0:0:0:30:
329,192,80076,1,4,0:0:0:50:
182,192,80076,1,0,0:0:0:30:
475,192,80290,1,0,0:0:0:30:
402,192,80398,1,0,0:0:0:30:
329,192,80505,1,8,0:0:0:50:
36,192,80505,1,0,0:0:0:30:
402,192,80719,1,0,0:0:0:30:
329,192,80933,1,4,0:0:0:50:
182,192,80933,1,0,0:0:0:30:
182,192,81148,1,0,0:0:0:30:
329,192,81255,1,0,0:0:0:30:
475,192,81362,1,0,0:0:0:60:DeepBassKick.wav
36,192,81362,1,0,0:0:0:60:CymbalFSU.wav
182,192,81576,1,0,0:0:0:60:DeepBassKick.wav
329,192,81576,1,0,0:0:0:60:CymbalFSU.wav
109,192,81683,1,0,0:0:0:60:DeepBassKick.wav
402,192,81683,1,0,0:0:0:60:CymbalFSU.wav
329,192,81862,128,0,82219:0:0:0:30:
182,192,81862,128,0,82219:0:0:0:60:KickMid.wav
36,192,82219,1,0,0:0:0:60:DeepBassKick.wav
475,192,82219,1,0,0:0:0:60:CymbalFSU.wav
109,192,82433,1,0,0:0:0:60:DeepBassKick.wav
402,192,82433,1,0,0:0:0:60:CymbalFSU.wav
182,192,82648,1,0,0:0:0:60:DeepBassKick.wav
329,192,82648,1,0,0:0:0:60:CymbalFSU.wav
109,192,82862,1,0,0:0:0:60:KickMid.wav
402,192,82862,1,0,0:0:0:30:
36,192,83076,1,0,0:0:0:60:DeepBassKick.wav
329,192,83076,1,0,0:0:0:60:CymbalFSU.wav
475,192,83290,1,0,0:0:0:60:KickMid.wav
182,192,83290,1,0,0:0:0:30:
182,192,83505,1,0,0:0:0:60:KickMid.wav
475,192,83505,1,0,0:0:0:30:
109,192,83719,1,0,0:0:0:60:KickMid.wav
402,192,83719,1,0,0:0:0:30:
329,192,83933,128,0,84362:0:0:0:30:
182,192,84148,1,0,0:0:0:30:
109,192,84255,1,0,0:0:0:30:
182,192,84362,1,0,0:0:0:30:
475,192,84362,1,0,0:0:0:30:
109,192,84576,1,0,0:0:0:30:
402,192,84576,1,0,0:0:0:30:
36,192,84790,1,0,0:0:0:60:DeepBassKick.wav
329,192,84790,1,0,0:0:0:60:CymbalFSU.wav
182,192,85005,1,0,0:0:0:60:KickMid.wav
182,192,85219,128,0,85648:0:0:0:60:KickMid.wav
329,192,85219,1,0,0:0:0:30:
329,192,85433,1,0,0:0:0:60:KickMid.wav
402,192,85540,1,0,0:0:0:60:KickMid.wav
475,192,85648,1,0,0:0:0:60:DeepBassKick.wav
36,192,85648,1,0,0:0:0:60:CymbalFSU.wav
182,192,85808,1,0,0:0:0:60:DeepBassKick.wav
329,192,85808,1,0,0:0:0:60:CymbalFSU.wav
36,192,85969,1,0,0:0:0:60:DeepBassKick.wav
475,192,85969,1,0,0:0:0:60:CymbalFSU.wav
182,192,86076,128,0,86505:0:0:0:60:DeepBassKick.wav
329,192,86076,128,0,86505:0:0:0:60:CymbalFSU.wav
36,192,86505,1,0,0:0:0:60:DeepBassKick.wav
475,192,86505,1,0,0:0:0:60:CymbalFSU.wav
182,192,86719,1,0,0:0:0:30:
329,192,86933,1,0,0:0:0:30:
402,192,87148,128,0,87362:0:0:0:60:KickMid.wav
475,192,87148,128,0,87362:0:0:0:30:
36,192,87362,128,0,87576:0:0:0:60:KickMid.wav
109,192,87362,128,0,87576:0:0:0:30:
329,192,87576,1,0,0:0:0:30:
182,192,87790,128,0,88005:0:0:0:60:KickMid.wav
329,192,88005,128,0,88219:0:0:0:30:
109,192,88219,1,0,0:0:0:60:DeepBassKick.wav
475,192,88219,1,0,0:0:0:60:CymbalFSU.wav
36,192,88433,1,0,0:0:0:60:DeepBassKick.wav
402,192,88433,1,0,0:0:0:60:CymbalFSU.wav
182,192,88648,1,0,0:0:0:60:KickMid.wav
329,192,88648,1,0,0:0:0:30:
109,192,88755,1,0,0:0:0:60:KickMid.wav
329,192,88862,1,0,0:0:0:60:KickMid.wav
475,192,88862,1,0,0:0:0:30:
256,192,88969,1,0,0:0:0:60:KickMid.wav
182,192,89076,1,0,0:0:0:60:DeepBassKick.wav
36,192,89076,1,0,0:0:0:60:CymbalFSU.wav
402,192,89076,1,0,0:0:0:60:KickMid.wav
109,192,89290,1,0,0:0:0:60:DeepBassKick.wav
329,192,89290,1,0,0:0:0:60:CymbalFSU.wav
475,192,89290,1,0,0:0:0:60:KickMid.wav
36,192,89505,1,0,0:0:0:60:DeepBassKick.wav
402,192,89505,1,0,0:0:0:60:CymbalFSU.wav
182,192,89505,128,0,89933:0:0:0:60:KickMid.wav
475,192,89933,128,0,90790:0:0:0:30:
329,192,89933,1,0,0:0:0:30:
36,192,89933,128,0,90790:0:0:0:30:
182,192,90148,1,0,0:0:0:30:
329,192,90362,1,0,0:0:0:30:
182,192,90576,1,0,0:0:0:30:
256,192,90790,128,2,91648:0:0:0:40:
36,192,91648,1,0,0:0:0:60:KickMid.wav
109,192,91648,1,0,0:0:0:30:
329,192,91755,1,0,0:0:0:30:
36,192,92076,1,0,0:0:0:60:KickMid.wav
109,192,92076,1,0,0:0:0:30:
329,192,92183,1,0,0:0:0:30:
36,192,92505,1,0,0:0:0:60:KickMid.wav
109,192,92505,1,0,0:0:0:30:
329,192,92612,1,0,0:0:0:30:
402,192,92719,1,0,0:0:0:30:
475,192,92826,1,0,0:0:0:30:
182,192,92933,128,0,93362:0:0:0:30:
329,192,92933,128,0,93362:0:0:0:30:
36,192,93362,1,0,0:0:0:60:KickMid.wav
475,192,93362,1,0,0:0:0:30:
109,192,93790,128,0,94112:0:0:0:60:DeepBassKick.wav
182,192,93790,128,0,94112:0:0:0:60:CymbalFSU.wav
402,192,94112,128,0,94326:0:0:0:30:
475,192,94112,128,0,94326:0:0:0:30:
36,192,94433,128,0,94648:0:0:0:60:KickMid.wav
182,192,94433,128,0,94648:0:0:0:30:
256,192,94648,1,0,0:0:0:30:
329,192,94755,1,0,0:0:0:30:
402,192,94862,1,0,0:0:0:30:
475,192,94969,1,0,0:0:0:30:
36,192,95076,1,0,0:0:0:60:KickMid.wav
182,192,95076,128,0,95290:0:0:0:30:
329,192,95290,1,0,0:0:0:60:KickMid.wav
182,192,95398,1,0,0:0:0:60:KickMid.wav
329,192,95505,1,0,0:0:0:60:KickMid.wav
182,192,95612,1,0,0:0:0:60:KickMid.wav
329,192,95719,1,0,0:0:0:60:KickMid.wav
182,192,95826,1,0,0:0:0:60:KickMid.wav
329,192,96148,1,0,0:0:0:60:DeepBassKick.wav
475,192,96148,1,0,0:0:0:60:CymbalFSU.wav
182,192,96148,1,0,0:0:0:60:KickMid.wav
109,192,96469,1,0,0:0:0:60:DeepBassKick.wav
256,192,96469,1,0,0:0:0:60:CymbalFSU.wav
402,192,96469,1,0,0:0:0:60:KickMid.wav
329,192,96790,1,0,0:0:0:60:KickMid.wav
182,192,96790,1,0,0:0:0:30:
36,192,97005,1,0,0:0:0:60:KickMid.wav
329,192,97219,1,0,0:0:0:30:
182,192,97433,1,0,0:0:0:30:
329,192,97540,1,0,0:0:0:60:DeepBassKick.wav
475,192,97540,1,0,0:0:0:60:CymbalFSU.wav
256,192,97862,1,0,0:0:0:60:DeepBassKick.wav
402,192,97862,1,0,0:0:0:60:CymbalFSU.wav
182,192,98183,1,0,0:0:0:60:DeepBassKick.wav
329,192,98183,1,0,0:0:0:60:CymbalFSU.wav
36,192,98505,128,0,99255:0:0:0:30:
329,192,98612,1,0,0:0:0:30:
475,192,98719,1,0,0:0:0:30:
329,192,98826,1,0,0:0:0:30:
182,192,98933,1,0,0:0:0:30:
402,192,99040,1,0,0:0:0:30:
256,192,99148,1,0,0:0:0:30:
182,192,99255,1,0,0:0:0:60:DeepBassKick.wav
475,192,99255,1,0,0:0:0:60:KickMid.wav
109,192,99362,1,0,0:0:0:60:DeepBassKick.wav
402,192,99362,1,0,0:0:0:60:KickMid.wav
329,192,99576,1,0,0:0:0:60:DeepBassKick.wav
36,192,99576,1,0,0:0:0:60:KickMid.wav
182,192,99898,1,0,0:0:0:60:DeepBassKick.wav
475,192,99898,1,0,0:0:0:60:CymbalFSU.wav
402,192,100005,1,0,0:0:0:30:
109,192,100005,1,0,0:0:0:30:
329,192,100219,1,0,0:0:0:60:KickMid.wav
36,192,100219,1,0,0:0:0:30:
256,192,100326,1,0,0:0:0:60:KickMid.wav
182,192,100433,1,0,0:0:0:60:KickMid.wav
109,192,100540,1,0,0:0:0:60:KickMid.wav
402,192,100540,1,0,0:0:0:30:
182,192,100755,1,0,0:0:0:30:
329,192,100862,1,0,0:0:0:30:
182,192,100969,1,0,0:0:0:30:
256,192,101076,1,0,0:0:0:30:
36,192,101290,1,0,0:0:0:60:KickMid.wav
182,192,101290,1,0,0:0:0:30:
109,192,101612,1,0,0:0:0:60:KickMid.wav
329,192,101612,1,0,0:0:0:30:
182,192,101933,1,0,0:0:0:60:CymbalFSU.wav
402,192,101933,1,0,0:0:0:30:
475,192,102148,1,0,0:0:0:30:
329,192,102148,1,0,0:0:0:30:
182,192,102255,1,0,0:0:0:60:KickMid.wav
329,192,102362,1,0,0:0:0:30:
475,192,102362,1,0,0:0:0:30:
109,192,102469,1,0,0:0:0:60:KickMid.wav
329,192,102576,1,0,0:0:0:30:
475,192,102576,1,0,0:0:0:30:
182,192,102683,1,0,0:0:0:60:KickMid.wav
36,192,102683,1,0,0:0:0:30:
36,192,103005,1,0,0:0:0:60:KickMid.wav
475,192,103005,1,0,0:0:0:30:
36,192,103326,1,0,0:0:0:60:KickMid.wav
329,192,103326,1,0,0:0:0:30:
182,192,103433,1,0,0:0:0:60:DeepBassKick.wav
475,192,103433,1,0,0:0:0:60:CymbalFSU.wav
109,192,103648,1,0,0:0:0:60:DeepBassKick.wav
329,192,103648,1,0,0:0:0:60:CymbalFSU.wav
36,192,103648,128,0,103862:0:0:0:60:KickMid.wav
475,192,103862,128,0,104076:0:0:0:30:
182,192,104076,128,0,104290:0:0:0:30:
329,192,104290,128,0,104505:0:0:0:30:
475,192,104505,128,0,105362:0:0:0:60:KickMid.wav
109,192,104505,1,0,0:0:0:30:
182,192,104719,1,0,0:0:0:60:KickMid.wav
329,192,104933,1,0,0:0:0:30:
256,192,105040,1,0,0:0:0:60:KickMid.wav
182,192,105148,1,0,0:0:0:60:KickMid.wav
109,192,105255,1,0,0:0:0:60:KickMid.wav
36,192,105362,128,0,105790:0:0:0:60:DeepBassKick.wav
329,192,105790,1,0,0:0:0:60:KickMid.wav
475,192,105790,1,0,0:0:0:30:
329,192,106005,1,0,0:0:0:60:KickMid.wav
475,192,106005,1,0,0:0:0:30:
182,192,106433,1,0,0:0:0:60:DeepBassKick.wav
329,192,106433,1,0,0:0:0:60:CymbalFSU.wav
475,192,106433,1,0,0:0:0:60:KickMid.wav
256,192,106755,1,0,0:0:0:60:DeepBassKick.wav
109,192,106755,1,0,0:0:0:60:CymbalFSU.wav
402,192,106755,1,0,0:0:0:60:KickMid.wav
182,192,107076,1,0,0:0:0:60:DeepBassKick.wav
36,192,107076,1,0,0:0:0:60:CymbalFSU.wav
329,192,107076,1,0,0:0:0:60:KickMid.wav
109,192,107290,1,0,0:0:0:60:KickMid.wav
402,192,107398,1,0,0:0:0:30:
36,192,107719,1,0,0:0:0:30:
182,192,107719,1,0,0:0:0:30:
36,192,107933,1,0,0:0:0:60:DeepBassKick.wav
182,192,107933,1,0,0:0:0:60:CymbalFSU.wav
329,192,108255,1,0,0:0:0:30:
475,192,108255,1,0,0:0:0:30:
329,192,108576,1,0,0:0:0:30:
475,192,108576,1,0,0:0:0:30:
36,192,109005,128,0,109648:0:0:0:60:DeepBassKick.wav
475,192,109005,128,0,109648:0:0:0:60:CymbalFSU.wav
402,192,109648,1,0,0:0:0:60:KickMid.wav
182,192,109648,1,0,0:0:0:0:
256,192,109648,1,0,0:0:0:0:
36,192,116719,5,0,0:0:0:20:
182,192,116826,1,0,0:0:0:20:
329,192,116933,1,0,0:0:0:20:
182,192,117148,1,0,0:0:0:20:
36,192,117362,1,0,0:0:0:20:
475,192,117576,1,0,0:0:0:20:
475,192,117790,1,0,0:0:0:20:
402,192,118005,1,0,0:0:0:20:
329,192,118219,1,0,0:0:0:20:
182,192,118433,1,0,0:0:0:20:
109,192,118540,1,0,0:0:0:20:
182,192,118648,1,0,0:0:0:20:
36,192,118862,1,0,0:0:0:20:
256,192,119076,1,0,0:0:0:20:
36,192,119290,1,0,0:0:0:20:
256,192,119505,1,0,0:0:0:20:
329,192,119719,1,0,0:0:0:20:
402,192,119826,1,0,0:0:0:20:
475,192,119933,1,0,0:0:0:20:
402,192,120148,1,0,0:0:0:20:
329,192,120255,1,0,0:0:0:20:
182,192,120362,1,0,0:0:0:20:
36,192,120576,1,0,0:0:0:20:
182,192,120683,1,0,0:0:0:20:
329,192,120790,1,0,0:0:0:20:
36,192,121005,1,0,0:0:0:20:
182,192,121219,1,0,0:0:0:20:
475,192,121433,1,0,0:0:0:20:
329,192,121540,1,0,0:0:0:20:
182,192,121648,1,0,0:0:0:20:
329,192,121862,1,0,0:0:0:20:
109,192,122076,1,0,0:0:0:20:
182,192,122290,1,0,0:0:0:20:
256,192,122398,1,0,0:0:0:20:
329,192,122505,1,0,0:0:0:60:DeepBassKick.wav
475,192,122505,1,0,0:0:0:60:CymbalFSU.wav
36,192,122719,1,0,0:0:0:60:DeepBassKick.wav
182,192,122719,1,0,0:0:0:60:CymbalFSU.wav
182,192,122933,1,0,0:0:0:60:KickMid.wav
329,192,122933,1,0,0:0:0:30:
329,192,123148,1,0,0:0:0:60:DeepBassKick.wav
475,192,123148,1,0,0:0:0:60:CymbalFSU.wav
36,192,123362,1,0,0:0:0:60:DeepBassKick.wav
109,192,123362,1,0,0:0:0:60:CymbalFSU.wav
256,192,123362,1,0,0:0:0:60:KickMid.wav
182,192,123576,1,0,0:0:0:60:DeepBassKick.wav
329,192,123576,1,0,0:0:0:60:CymbalFSU.wav
256,192,123790,1,0,0:0:0:60:DeepBassKick.wav
402,192,123790,1,0,0:0:0:60:CymbalFSU.wav
475,192,123790,1,0,0:0:0:60:KickMid.wav
182,192,124005,1,0,0:0:0:60:DeepBassKick.wav
329,192,124005,1,0,0:0:0:60:KickMid.wav
36,192,124219,1,0,0:0:0:60:DeepBassKick.wav
109,192,124219,1,0,0:0:0:60:CymbalFSU.wav
256,192,124219,1,0,0:0:0:60:KickMid.wav
329,192,124433,1,0,0:0:0:60:DeepBassKick.wav
475,192,124433,1,0,0:0:0:60:KickMid.wav
329,192,124648,1,0,0:0:0:60:DeepBassKick.wav
475,192,124648,1,0,0:0:0:60:KickMid.wav
402,192,124862,1,0,0:0:0:60:DeepBassKick.wav
182,192,124862,1,0,0:0:0:60:KickMid.wav
109,192,125076,1,0,0:0:0:60:DeepBassKick.wav
329,192,125076,1,0,0:0:0:60:KickMid.wav
182,192,125290,1,0,0:0:0:60:DeepBassKick.wav
329,192,125290,1,0,0:0:0:60:KickMid.wav
36,192,125398,1,0,0:0:0:60:DeepBassKick.wav
182,192,125505,1,0,0:0:0:60:DeepBassKick.wav
402,192,125505,1,0,0:0:0:60:KickMid.wav
109,192,125719,1,0,0:0:0:60:DeepBassKick.wav
329,192,125719,1,0,0:0:0:60:KickMid.wav
182,192,125933,1,0,0:0:0:60:DeepBassKick.wav
402,192,125933,1,0,0:0:0:60:KickMid.wav
329,192,126148,1,0,0:0:0:60:DeepBassKick.wav
109,192,126148,1,0,0:0:0:60:KickMid.wav
182,192,126362,1,0,0:0:0:60:DeepBassKick.wav
402,192,126362,1,0,0:0:0:60:KickMid.wav
36,192,126576,1,0,0:0:0:60:DeepBassKick.wav
329,192,126576,1,0,0:0:0:60:KickMid.wav
402,192,126683,1,0,0:0:0:60:DeepBassKick.wav
182,192,126790,1,0,0:0:0:60:DeepBassKick.wav
475,192,126790,1,0,0:0:0:60:KickMid.wav
402,192,127005,1,0,0:0:0:60:DeepBassKick.wav
109,192,127005,1,0,0:0:0:60:KickMid.wav
329,192,127112,1,0,0:0:0:60:DeepBassKick.wav
36,192,127219,1,0,0:0:0:60:DeepBassKick.wav
256,192,127219,1,0,0:0:0:60:KickMid.wav
109,192,127433,1,0,0:0:0:60:DeepBassKick.wav
329,192,127433,1,0,0:0:0:60:KickMid.wav
402,192,127540,1,0,0:0:0:60:DeepBassKick.wav
182,192,127648,1,0,0:0:0:60:DeepBassKick.wav
475,192,127648,1,0,0:0:0:60:KickMid.wav
36,192,127862,1,0,0:0:0:60:DeepBassKick.wav
329,192,127862,1,0,0:0:0:60:KickMid.wav
109,192,128076,1,0,0:0:0:60:DeepBassKick.wav
402,192,128076,1,0,0:0:0:60:KickMid.wav
182,192,128290,1,0,0:0:0:60:DeepBassKick.wav
475,192,128290,1,0,0:0:0:60:KickMid.wav
109,192,128398,1,0,0:0:0:60:DeepBassKick.wav
36,192,128505,1,0,0:0:0:60:DeepBassKick.wav
329,192,128505,1,0,0:0:0:60:KickMid.wav
182,192,128719,1,0,0:0:0:60:DeepBassKick.wav
402,192,128719,1,0,0:0:0:60:KickMid.wav
256,192,128933,1,0,0:0:0:60:DeepBassKick.wav
36,192,128933,1,0,0:0:0:60:KickMid.wav
109,192,129148,1,0,0:0:0:60:DeepBassKick.wav
402,192,129148,1,0,0:0:0:60:KickMid.wav
182,192,129255,1,0,0:0:0:60:DeepBassKick.wav
256,192,129362,1,0,0:0:0:60:DeepBassKick.wav
475,192,129362,1,0,0:0:0:60:KickMid.wav
36,192,129576,1,0,0:0:0:60:DeepBassKick.wav
329,192,129576,1,0,0:0:0:60:KickMid.wav
182,192,129790,1,0,0:0:0:60:DeepBassKick.wav
402,192,129790,1,0,0:0:0:60:KickMid.wav
109,192,129898,1,0,0:0:0:60:DeepBassKick.wav
36,192,130005,1,0,0:0:0:60:DeepBassKick.wav
475,192,130005,1,0,0:0:0:60:KickMid.wav
402,192,130112,1,0,0:0:0:60:DeepBassKick.wav
329,192,130219,1,0,0:0:0:60:DeepBassKick.wav
182,192,130219,1,0,0:0:0:60:KickMid.wav
475,192,130433,1,0,0:0:0:60:DeepBassKick.wav
36,192,130433,1,0,0:0:0:60:KickMid.wav
109,192,130648,1,0,0:0:0:60:DeepBassKick.wav
402,192,130648,1,0,0:0:0:60:KickMid.wav
182,192,130862,128,0,131076:0:0:0:60:DeepBassKick.wav
329,192,130862,128,0,131076:0:0:0:60:KickMid.wav
36,192,131076,1,0,0:0:0:60:DeepBassKick.wav
475,192,131076,1,0,0:0:0:60:CymbalFSU.wav
109,192,131290,1,0,0:0:0:60:DeepBassKick.wav
329,192,131290,1,0,0:0:0:60:KickMid.wav
182,192,131505,1,0,0:0:0:60:DeepBassKick.wav
402,192,131505,1,0,0:0:0:60:KickMid.wav
256,192,131719,1,0,0:0:0:60:DeepBassKick.wav
475,192,131719,1,0,0:0:0:60:KickMid.wav
182,192,131933,1,0,0:0:0:60:DeepBassKick.wav
36,192,131933,1,0,0:0:0:60:KickMid.wav
329,192,132148,128,0,132362:0:0:0:60:DeepBassKick.wav
402,192,132148,128,0,132362:0:0:0:60:KickMid.wav
109,192,132362,1,0,0:0:0:60:DeepBassKick.wav
182,192,132362,1,0,0:0:0:60:KickMid.wav
36,192,132576,1,0,0:0:0:60:DeepBassKick.wav
182,192,132576,1,0,0:0:0:60:KickMid.wav
36,192,132790,1,0,0:0:0:60:DeepBassKick.wav
182,192,132790,1,0,0:0:0:60:KickMid.wav
109,192,133005,1,0,0:0:0:60:DeepBassKick.wav
256,192,133005,1,0,0:0:0:60:KickMid.wav
182,192,133219,1,0,0:0:0:60:DeepBassKick.wav
329,192,133219,1,0,0:0:0:60:KickMid.wav
256,192,133433,1,0,0:0:0:60:DeepBassKick.wav
475,192,133433,1,0,0:0:0:60:KickMid.wav
182,192,133648,1,0,0:0:0:60:DeepBassKick.wav
402,192,133648,1,0,0:0:0:60:KickMid.wav
256,192,133862,1,0,0:0:0:60:DeepBassKick.wav
109,192,134076,1,0,0:0:0:60:DeepBassKick.wav
329,192,134076,1,0,0:0:0:60:KickMid.wav
182,192,134290,1,0,0:0:0:60:DeepBassKick.wav
402,192,134290,1,0,0:0:0:60:KickMid.wav
256,192,134505,1,0,0:0:0:60:DeepBassKick.wav
475,192,134505,1,0,0:0:0:60:CymbalFSU.wav
182,192,134719,1,0,0:0:0:60:DeepBassKick.wav
402,192,134719,1,0,0:0:0:60:KickMid.wav
109,192,134933,1,0,0:0:0:60:DeepBassKick.wav
329,192,134933,1,0,0:0:0:60:KickMid.wav
182,192,135148,1,0,0:0:0:60:DeepBassKick.wav
402,192,135148,1,0,0:0:0:60:KickMid.wav
256,192,135362,1,0,0:0:0:60:DeepBassKick.wav
475,192,135362,1,0,0:0:0:60:CymbalFSU.wav
109,192,135576,1,0,0:0:0:60:DeepBassKick.wav
329,192,135576,1,0,0:0:0:60:KickMid.wav
182,192,135790,1,0,0:0:0:60:DeepBassKick.wav
402,192,135790,1,0,0:0:0:60:KickMid.wav
329,192,136005,1,0,0:0:0:60:DeepBassKick.wav
109,192,136005,1,0,0:0:0:60:KickMid.wav
36,192,136219,1,0,0:0:0:60:DeepBassKick.wav
475,192,136219,1,0,0:0:0:60:CymbalFSU.wav
109,192,136433,1,0,0:0:0:60:DeepBassKick.wav
402,192,136433,1,0,0:0:0:60:KickMid.wav
182,192,136648,1,0,0:0:0:60:DeepBassKick.wav
329,192,136648,1,0,0:0:0:60:KickMid.wav
109,192,136862,1,0,0:0:0:60:DeepBassKick.wav
402,192,136862,1,0,0:0:0:60:KickMid.wav
36,192,137076,1,0,0:0:0:60:DeepBassKick.wav
475,192,137076,1,0,0:0:0:60:CymbalFSU.wav
182,192,137290,1,0,0:0:0:60:DeepBassKick.wav
329,192,137290,1,0,0:0:0:60:KickMid.wav
109,192,137505,1,0,0:0:0:60:DeepBassKick.wav
402,192,137505,1,0,0:0:0:60:KickMid.wav
182,192,137719,1,0,0:0:0:60:DeepBassKick.wav
329,192,137719,1,0,0:0:0:60:KickMid.wav
36,192,137933,128,0,138148:0:0:0:60:DeepBassKick.wav
475,192,137933,128,0,138148:0:0:0:60:CymbalFSU.wav
109,192,138148,1,0,0:0:0:60:DeepBassKick.wav
402,192,138148,1,0,0:0:0:60:KickMid.wav
182,192,138362,128,0,138576:0:0:0:60:DeepBassKick.wav
329,192,138362,128,0,138576:0:0:0:60:CymbalFSU.wav
109,192,138576,1,0,0:0:0:60:DeepBassKick.wav
402,192,138576,1,0,0:0:0:60:KickMid.wav
36,192,138790,1,0,0:0:0:60:DeepBassKick.wav
475,192,138790,1,0,0:0:0:60:CymbalFSU.wav
402,192,139005,1,0,0:0:0:60:DeepBassKick.wav
329,192,139005,1,0,0:0:0:60:KickMid.wav
256,192,139219,1,0,0:0:0:60:DeepBassKick.wav
182,192,139219,1,0,0:0:0:60:KickMid.wav
36,192,139433,128,0,139648:0:0:0:60:DeepBassKick.wav
475,192,139433,1,0,0:0:0:60:CymbalFSU.wav
402,192,139540,1,0,0:0:0:30:
329,192,139648,128,0,139862:0:0:0:60:DeepBassKick.wav
182,192,139862,128,0,140076:0:0:0:30:
109,192,140076,128,0,140290:0:0:0:60:DeepBassKick.wav
36,192,140290,128,0,140505:0:0:0:30:
475,192,140505,128,0,140719:0:0:0:30:
402,192,140719,128,0,140933:0:0:0:30:
329,192,140933,128,0,141148:0:0:0:30:
256,192,141148,128,0,141362:0:0:0:30:
36,192,141790,128,0,144790:0:0:0:60:DeepBassKick.wav
329,192,141790,1,0,0:0:0:60:CymbalFSU.wav
475,192,141790,1,0,0:0:0:60:KickMid.wav
329,192,142219,1,0,0:0:0:30:
329,192,142648,1,0,0:0:0:30:
329,192,143076,1,0,0:0:0:30:
329,192,143505,1,0,0:0:0:30:
329,192,143933,1,0,0:0:0:30:
329,192,144362,1,0,0:0:0:30:
329,192,144790,1,0,0:0:0:30:
475,192,144790,1,0,0:0:0:30:
