[Metadata]
Doppelganger
LeaF
Lude
bms of fighters 2013
52
0

[TimingPoints]
791,214.285714285714,4,3,0,30,1,0
109648,1E+308,4,3,0,30,1,0
116505,214.285714285714,4,3,0,30,1,0


[HitObjects]
36,192,791,5,0,0:0:0:8:
109,192,791,1,0,0:0:0:60:KickMid.wav
256,192,791,1,4,0:0:0:30:
329,192,791,1,2,0:0:0:30:
109,192,898,1,0,0:0:0:60:KickMid.wav
36,192,898,1,0,0:0:0:8:
329,192,898,1,4,0:0:0:30:
256,192,898,1,2,0:0:0:30:
109,192,1112,1,0,0:0:0:8:
182,192,1112,1,0,0:0:0:60:KickMid.wav
329,192,1112,1,4,0:0:0:30:
402,192,1112,1,2,0:0:0:30:
475,192,1326,1,0,0:0:0:8:
402,192,1326,1,4,0:0:0:30:
256,192,1326,1,2,0:0:0:30:
182,192,1326,1,0,0:0:0:60:KickMid.wav
182,192,1540,1,0,0:0:0:8:
109,192,1540,1,0,0:0:0:60:KickMid.wav
329,192,1540,1,4,0:0:0:30:
402,192,1540,1,2,0:0:0:30:
36,192,1755,1,0,0:0:0:8:
329,192,1755,1,0,0:0:0:60:KickMid.wav
182,192,1755,1,2,0:0:0:30:
256,192,1755,1,4,0:0:0:30:
329,192,1862,1,2,0:0:0:30:
36,192,1862,1,0,0:0:0:60:KickMid.wav
182,192,1862,1,0,0:0:0:8:
256,192,1862,1,4,0:0:0:30:
36,192,1969,1,0,0:0:0:8:
182,192,1969,1,0,0:0:0:60:KickMid.wav
329,192,1969,1,2,0:0:0:30:
256,192,1969,1,4,0:0:0:8:
36,192,2076,1,0,0:0:0:8:
182,192,2076,1,0,0:0:0:60:KickMid.wav
329,192,2076,1,2,0:0:0:30:
256,192,2076,1,4,0:0:0:30:
475,192,2183,1,0,0:0:0:20:
402,192,2237,1,0,0:0:0:20:
329,192,2290,1,0,0:0:0:8:
256,192,2290,1,0,0:0:0:60:KickMid.wav
182,192,2290,1,0,0:0:0:8:
109,192,2290,1,4,0:0:0:30:
36,192,2398,1,0,0:0:0:20:
109,192,2505,1,0,0:0:0:8:
182,192,2505,1,0,0:0:0:60:KickMid.wav
475,192,2505,1,4,0:0:0:30:
402,192,2505,1,2,0:0:0:30:
329,192,2612,1,0,0:0:0:20:
256,192,2719,1,0,0:0:0:8:
109,192,2719,1,0,0:0:0:60:KickMid.wav
36,192,2719,1,4,0:0:0:30:
402,192,2719,1,2,0:0:0:30:
36,192,2826,1,0,0:0:0:8:
109,192,2826,1,0,0:0:0:60:KickMid.wav
256,192,2826,1,4,0:0:0:30:
402,192,2826,1,2,0:0:0:30:
475,192,2933,1,0,0:0:0:20:
329,192,3040,1,0,0:0:0:60:KickMid.wav
182,192,3040,1,4,0:0:0:30:
109,192,3040,1,0,0:0:0:8:
402,192,3040,1,0,0:0:0:8:
36,192,3148,1,0,0:0:0:20:
402,192,3255,1,0,0:0:0:8:
256,192,3255,1,4,0:0:0:30:
475,192,3255,1,0,0:0:0:60:KickMid.wav
109,192,3255,1,2,0:0:0:30:
182,192,3362,1,0,0:0:0:13:
329,192,3362,1,0,0:0:0:13:
36,192,3469,1,8,0:0:0:30:
256,192,3469,1,0,0:0:0:13:
475,192,3469,1,0,0:0:0:13:
475,192,3576,1,8,0:0:0:30:
256,192,3576,1,0,0:0:0:13:
36,192,3576,1,0,0:0:0:13:
36,192,3683,1,8,0:0:0:30:
256,192,3683,1,0,0:0:0:13:
475,192,3683,1,0,0:0:0:13:
475,192,3790,1,4,0:0:0:30:
109,192,3790,1,2,0:0:0:30:
402,192,3790,1,0,0:0:0:8:
36,192,3790,1,0,0:0:0:60:KickMid.wav
182,192,3844,1,0,0:0:0:0:
329,192,3898,1,0,0:0:0:20:
475,192,3951,1,0,0:0:0:20:
36,192,4005,1,0,0:0:0:20:
182,192,4058,1,0,0:0:0:20:
329,192,4112,1,0,0:0:0:20:
475,192,4165,1,0,0:0:0:20:
256,192,4219,1,0,0:0:0:60:CymbalFSU.wav
109,192,4219,1,0,0:0:0:60:KickMid.wav
36,192,4219,1,2,0:0:0:30:
182,192,4219,1,0,0:0:0:60:DeepBassKick.wav
402,192,4219,1,4,0:0:0:30:
329,192,4326,1,0,0:0:0:40:
109,192,4433,1,0,0:0:0:60:KickMid.wav
475,192,4433,1,0,0:0:0:8:
402,192,4433,1,0,0:0:0:8:
36,192,4433,1,0,0:0:0:8:
182,192,4540,1,0,0:0:0:40:
475,192,4648,1,0,0:0:0:60:KickMid.wav
256,192,4648,1,0,0:0:0:8:
402,192,4648,1,0,0:0:0:8:
329,192,4648,1,0,0:0:0:8:
109,192,4755,1,0,0:0:0:20:
36,192,4755,1,0,0:0:0:20:
329,192,4862,1,0,0:0:0:60:KickMid.wav
475,192,4862,1,0,0:0:0:13:
402,192,4862,1,0,0:0:0:13:
256,192,4969,1,0,0:0:0:20:
36,192,4969,1,0,0:0:0:20:
109,192,5076,1,0,0:0:0:60:KickMid.wav
329,192,5076,1,0,0:0:0:10:
475,192,5076,1,0,0:0:0:10:
402,192,5183,1,0,0:0:0:20:
182,192,5183,1,0,0:0:0:20:
256,192,5290,1,0,0:0:0:8:
36,192,5290,1,0,0:0:0:60:KickMid.wav
475,192,5290,1,0,0:0:0:8:
109,192,5290,1,0,0:0:0:8:
329,192,5398,1,0,0:0:0:40:
402,192,5505,1,0,0:0:0:60:KickMid.wav
256,192,5505,1,0,0:0:0:8:
182,192,5505,1,0,0:0:0:8:
475,192,5505,1,0,0:0:0:8:
36,192,5612,1,0,0:0:0:40:
109,192,5719,1,0,0:0:0:8:
329,192,5719,1,0,0:0:0:8:
182,192,5719,1,0,0:0:0:60:KickMid.wav
402,192,5719,1,0,0:0:0:8:
475,192,5826,1,0,0:0:0:40:
36,192,5933,128,0,7433:0:0:0:10:
329,192,5933,1,0,0:0:0:10:
256,192,5933,1,4,0:0:0:30:
109,192,5933,1,0,0:0:0:10:
182,192,6040,1,2,0:0:0:30:
475,192,6148,1,4,0:0:0:30:
402,192,6148,1,0,0:0:0:13:
256,192,6148,1,0,0:0:0:13:
329,192,6255,1,2,0:0:0:30:
182,192,6362,1,0,0:0:0:13:
109,192,6362,1,4,0:0:0:30:
402,192,6362,1,0,0:0:0:13:
475,192,6469,1,2,0:0:0:30:
329,192,6576,1,0,0:0:0:13:
402,192,6576,1,4,0:0:0:30:
182,192,6576,1,0,0:0:0:13:
256,192,6683,1,0,0:0:0:20:
182,192,6790,1,0,0:0:0:13:
329,192,6790,1,4,0:0:0:30:
475,192,6790,1,0,0:0:0:13:
109,192,6898,1,0,0:0:0:20:
182,192,7005,1,0,0:0:0:10:
256,192,7005,1,4,0:0:0:30:
402,192,7005,1,0,0:0:0:10:
475,192,7112,1,2,0:0:0:30:
329,192,7219,1,0,0:0:0:10:
256,192,7219,1,4,0:0:0:30:
109,192,7219,1,0,0:0:0:10:
182,192,7326,1,2,0:0:0:30:
402,192,7433,1,0,0:0:0:13:
329,192,7433,1,0,0:0:0:60:KickMid.wav
182,192,7487,1,0,0:0:0:13:
109,192,7487,1,0,0:0:0:60:KickMid.wav
329,192,7540,1,0,0:0:0:60:KickMid.wav
402,192,7540,1,0,0:0:0:13:
182,192,7594,1,0,0:0:0:13:
109,192,7594,1,0,0:0:0:60:KickMid.wav
256,192,7648,1,0,0:0:0:60:KickMid.wav
329,192,7648,1,0,0:0:0:60:DeepBassKick.wav
402,192,7648,1,4,0:0:0:30:
475,192,7648,1,0,0:0:0:60:CymbalFSU.wav
36,192,7648,1,0,0:0:0:0:
182,192,7755,1,0,0:0:0:40:
109,192,7862,1,0,0:0:0:8:
475,192,7862,1,0,0:0:0:60:KickMid.wav
36,192,7862,1,0,0:0:0:8:
329,192,7862,1,0,0:0:0:8:
256,192,7969,1,0,0:0:0:40:
109,192,8076,1,0,0:0:0:60:KickMid.wav
36,192,8076,1,0,0:0:0:8:
329,192,8076,1,0,0:0:0:8:
402,192,8076,1,0,0:0:0:8:
182,192,8183,1,0,0:0:0:20:
475,192,8183,1,0,0:0:0:20:
329,192,8290,1,0,0:0:0:60:KickMid.wav
36,192,8290,1,0,0:0:0:13:
256,192,8290,1,0,0:0:0:13:
475,192,8398,1,0,0:0:0:20:
402,192,8398,1,0,0:0:0:20:
329,192,8505,1,0,0:0:0:60:KickMid.wav
182,192,8505,1,0,0:0:0:13:
109,192,8505,1,0,0:0:0:13:
36,192,8612,1,0,0:0:0:20:
256,192,8612,1,0,0:0:0:20:
182,192,8719,1,0,0:0:0:8:
402,192,8719,1,0,0:0:0:8:
475,192,8719,1,0,0:0:0:60:KickMid.wav
329,192,8719,1,0,0:0:0:8:
109,192,8826,1,0,0:0:0:40:
256,192,8933,1,0,0:0:0:8:
475,192,8933,1,0,0:0:0:8:
36,192,8933,1,0,0:0:0:60:KickMid.wav
182,192,8933,1,0,0:0:0:8:
402,192,9040,1,0,0:0:0:40:
109,192,9148,1,0,0:0:0:8:
329,192,9148,1,0,0:0:0:8:
182,192,9148,1,0,0:0:0:60:KickMid.wav
36,192,9148,1,0,0:0:0:8:
256,192,9255,1,0,0:0:0:40:
475,192,9362,128,0,10219:0:0:0:10:
402,192,9362,1,0,0:0:0:10:
182,192,9362,1,4,0:0:0:30:
109,192,9362,1,0,0:0:0:10:
36,192,9469,1,2,0:0:0:30:
182,192,9576,1,0,0:0:0:20:
329,192,9576,1,4,0:0:0:30:
256,192,9576,1,0,0:0:0:0:
109,192,9683,1,0,0:0:0:20:
402,192,9790,1,0,0:0:0:13:
36,192,9790,1,4,0:0:0:30:
256,192,9790,1,0,0:0:0:13:
329,192,9898,1,0,0:0:0:20:
182,192,10005,1,0,0:0:0:13:
256,192,10005,1,4,0:0:0:30:
402,192,10005,1,0,0:0:0:13:
109,192,10112,1,2,0:0:0:30:
256,192,10219,1,0,0:0:0:60:KickMid.wav
36,192,10219,1,0,0:0:0:60:CymbalFSU.wav
329,192,10219,1,0,0:0:0:60:DeepBassKick.wav
402,192,10219,128,0,10433:0:0:0:8:
109,192,10273,1,0,0:0:0:40:
182,192,10326,1,0,0:0:0:20:
256,192,10380,1,0,0:0:0:40:
109,192,10433,1,0,0:0:0:60:DeepBassKick.wav
36,192,10433,1,0,0:0:0:60:KickMid.wav
329,192,10433,1,0,0:0:0:8:
475,192,10433,128,0,10648:0:0:0:60:CymbalFSU.wav
182,192,10487,1,0,0:0:0:40:
256,192,10540,1,0,0:0:0:20:
329,192,10594,1,0,0:0:0:40:
182,192,10648,1,0,0:0:0:60:KickMid.wav
402,192,10648,1,0,0:0:0:60:DeepBassKick.wav
36,192,10648,128,0,11076:0:0:0:60:CymbalFSU.wav
109,192,10648,1,0,0:0:0:8:
256,192,10701,1,0,0:0:0:40:
329,192,10755,1,0,0:0:0:40:
402,192,10808,1,0,0:0:0:40:
256,192,10862,1,0,0:0:0:20:
329,192,10915,1,0,0:0:0:20:
402,192,10969,1,0,0:0:0:20:
475,192,11023,1,0,0:0:0:20:
329,192,11076,1,0,0:0:0:8:
256,192,11076,1,0,0:0:0:8:
182,192,11076,1,0,0:0:0:60:KickMid.wav
109,192,11076,1,4,0:0:0:30:
402,192,11183,1,2,0:0:0:30:
182,192,11290,128,0,11398:0:0:0:60:KickMid.wav
109,192,11290,1,4,0:0:0:30:
36,192,11290,1,0,0:0:0:8:
475,192,11290,1,0,0:0:0:8:
329,192,11398,1,2,0:0:0:30:
256,192,11505,128,0,11612:0:0:0:60:KickMid.wav
109,192,11505,1,4,0:0:0:30:
402,192,11505,1,0,0:0:0:8:
475,192,11505,1,0,0:0:0:8:
36,192,11612,1,2,0:0:0:30:
329,192,11719,128,4,11826:0:0:0:30:
182,192,11719,1,0,0:0:0:8:
475,192,11719,1,0,0:0:0:8:
256,192,11719,1,0,0:0:0:60:KickMid.wav
109,192,11826,1,2,0:0:0:30:
402,192,11933,128,0,12040:0:0:0:8:
36,192,11933,1,0,0:0:0:60:KickMid.wav
256,192,11933,1,0,0:0:0:8:
475,192,11933,1,4,0:0:0:30:
182,192,12040,1,2,0:0:0:30:
329,192,12148,128,4,12255:0:0:0:30:
109,192,12148,1,0,0:0:0:8:
36,192,12148,1,0,0:0:0:8:
256,192,12148,1,0,0:0:0:60:KickMid.wav
475,192,12255,1,2,0:0:0:30:
256,192,12362,128,0,12469:0:0:0:8:
182,192,12362,1,4,0:0:0:30:
402,192,12362,1,0,0:0:0:60:KickMid.wav
329,192,12362,1,0,0:0:0:8:
36,192,12469,1,2,0:0:0:30:
182,192,12576,128,0,12683:0:0:0:8:
256,192,12576,1,0,0:0:0:8:
475,192,12576,1,0,0:0:0:60:KickMid.wav
402,192,12576,1,4,0:0:0:30:
109,192,12683,1,2,0:0:0:30:
402,192,12790,1,0,0:0:0:60:KickMid.wav
329,192,12790,1,0,0:0:0:8:
36,192,12790,1,0,0:0:0:8:
256,192,12790,1,4,0:0:0:30:
182,192,12898,1,2,0:0:0:30:
109,192,13005,128,0,13112:0:0:0:8:
329,192,13005,1,0,0:0:0:8:
475,192,13005,1,0,0:0:0:8:
402,192,13005,1,0,0:0:0:60:KickMid.wav
256,192,13112,1,2,0:0:0:30:
182,192,13219,128,0,13326:0:0:0:8:
36,192,13219,1,0,0:0:0:8:
475,192,13219,1,0,0:0:0:60:KickMid.wav
402,192,13219,1,4,0:0:0:30:
329,192,13326,1,2,0:0:0:30:
256,192,13433,128,0,13540:0:0:0:8:
109,192,13433,1,0,0:0:0:60:KickMid.wav
36,192,13433,1,4,0:0:0:30:
475,192,13433,1,0,0:0:0:8:
402,192,13540,1,2,0:0:0:30:
329,192,13648,128,0,13755:0:0:0:60:KickMid.wav
182,192,13648,1,4,0:0:0:30:
109,192,13648,1,0,0:0:0:8:
36,192,13648,1,0,0:0:0:8:
402,192,13755,1,2,0:0:0:30:
256,192,13862,128,0,13969:0:0:0:8:
329,192,13862,1,0,0:0:0:60:KickMid.wav
36,192,13862,1,4,0:0:0:30:
475,192,13862,1,0,0:0:0:8:
109,192,13969,1,2,0:0:0:30:
182,192,14076,128,0,14183:0:0:0:8:
256,192,14076,1,0,0:0:0:8:
36,192,14076,1,0,0:0:0:60:KickMid.wav
475,192,14076,1,4,0:0:0:30:
329,192,14183,1,2,0:0:0:30:
109,192,14290,128,0,14398:0:0:0:8:
402,192,14290,1,0,0:0:0:8:
182,192,14290,1,0,0:0:0:8:
475,192,14290,1,0,0:0:0:60:KickMid.wav
329,192,14398,1,0,0:0:0:13:
256,192,14398,1,4,0:0:0:30:
36,192,14398,1,0,0:0:0:0:
182,192,14505,1,0,0:0:0:60:KickMid.wav
109,192,14505,1,0,0:0:0:8:
402,192,14505,1,4,0:0:0:30:
475,192,14505,128,0,14719:0:0:0:8:
256,192,14719,1,0,0:0:0:40:
182,192,14746,1,0,0:0:0:40:
109,192,14773,1,0,0:0:0:20:
36,192,14799,1,0,0:0:0:40:
475,192,14826,1,0,0:0:0:40:
402,192,14853,1,0,0:0:0:40:
329,192,14880,1,0,0:0:0:20:
256,192,14907,1,0,0:0:0:40:
182,192,14933,1,2,0:0:0:30:
475,192,14987,1,2,0:0:0:30:
109,192,15040,1,0,0:0:0:13:
256,192,15040,1,0,0:0:0:13:
402,192,15094,1,0,0:0:0:20:
36,192,15148,1,0,0:0:0:20:
329,192,15201,1,0,0:0:0:20:
109,192,15255,1,0,0:0:0:20:
402,192,15308,1,0,0:0:0:20:
182,192,15362,1,0,0:0:0:20:
256,192,15415,1,0,0:0:0:20:
329,192,15469,1,0,0:0:0:20:
402,192,15523,1,0,0:0:0:20:
36,192,15576,1,0,0:0:0:13:
182,192,15576,1,4,0:0:0:30:
329,192,15630,1,0,0:0:0:20:
475,192,15630,1,4,0:0:0:30:
36,192,15683,1,4,0:0:0:30:
182,192,15683,1,0,0:0:0:13:
329,192,15737,1,4,0:0:0:30:
475,192,15737,1,0,0:0:0:20:
36,192,15790,1,4,0:0:0:30:
109,192,15790,1,0,0:0:0:10:
475,192,15844,1,0,0:0:0:13:
402,192,15844,1,4,0:0:0:30:
109,192,15898,1,0,0:0:0:13:
36,192,15898,1,0,0:0:0:13:
402,192,15951,1,4,0:0:0:30:
475,192,15951,1,0,0:0:0:13:
329,192,16005,1,0,0:0:0:60:DeepBassKick.wav
256,192,16005,1,4,0:0:0:30:
182,192,16005,1,2,0:0:0:30:
109,192,16005,1,0,0:0:0:60:CymbalFSU.wav
402,192,16219,128,4,16487:0:0:0:30:
475,192,16219,128,0,16487:0:0:0:60:CymbalFSU.wav
109,192,16219,1,0,0:0:0:60:DeepBassKick.wav
36,192,16219,1,0,0:0:0:8:
182,192,16540,1,0,0:0:0:60:DeepBassKick.wav
329,192,16540,128,0,16808:0:0:0:8:
256,192,16540,128,0,16808:0:0:0:60:CymbalFSU.wav
256,192,16862,128,0,17130:0:0:0:8:
36,192,16862,1,0,0:0:0:60:CymbalFSU.wav
182,192,16862,128,0,17130:0:0:0:60:DeepBassKick.wav
402,192,16862,1,4,0:0:0:30:
36,192,17183,128,0,17451:0:0:0:8:
109,192,17183,128,0,17451:0:0:0:8:
329,192,17183,1,0,0:0:0:60:DeepBassKick.wav
475,192,17183,1,0,0:0:0:60:CymbalFSU.wav
475,192,17505,128,0,17933:0:0:0:10:
36,192,17505,1,0,0:0:0:10:
109,192,17505,1,0,0:0:0:30:DeepBassKick.wav
109,192,17933,1,2,0:0:0:30:
182,192,17933,1,0,0:0:0:60:CymbalFSU.wav
256,192,17933,1,0,0:0:0:60:DeepBassKick.wav
36,192,17933,128,4,19005:0:0:0:30:
329,192,17987,1,0,0:0:0:0:
402,192,18040,1,0,0:0:0:20:
475,192,18094,1,0,0:0:0:20:
109,192,18148,1,0,0:0:0:20:
182,192,18201,1,0,0:0:0:20:
256,192,18255,1,0,0:0:0:20:
329,192,18308,1,0,0:0:0:20:
402,192,18362,1,0,0:0:0:20:
475,192,18415,1,0,0:0:0:20:
402,192,18469,1,0,0:0:0:20:
329,192,18523,1,0,0:0:0:20:
256,192,18576,1,0,0:0:0:20:
182,192,18630,1,0,0:0:0:20:
109,192,18683,1,0,0:0:0:20:
475,192,18737,1,0,0:0:0:20:
329,192,18790,1,0,0:0:0:20:
182,192,18844,1,0,0:0:0:20:
402,192,18898,1,0,0:0:0:20:
256,192,18951,1,0,0:0:0:20:
109,192,19005,128,0,19112:0:0:0:20:
256,192,19112,128,0,19219:0:0:0:20:
402,192,19219,128,0,19433:0:0:0:20:
256,192,19433,128,0,19648:0:0:0:20:
182,192,19648,1,0,0:0:0:60:CymbalFSU.wav
329,192,19648,1,0,0:0:0:60:DeepBassKick.wav
475,192,19648,1,8,0:0:0:30:
36,192,19648,128,0,19862:0:0:0:0:
475,192,19862,128,0,20023:0:0:0:20:
475,192,20076,128,0,20290:0:0:0:20:
402,192,20290,128,0,20505:0:0:0:20:
329,192,20505,128,0,20719:0:0:0:20:
182,192,20719,128,0,20826:0:0:0:20:
109,192,20826,128,0,20933:0:0:0:20:
182,192,20933,128,0,21148:0:0:0:20:
36,192,21148,128,0,21362:0:0:0:20:
182,192,21362,128,0,21576:0:0:0:20:
36,192,21576,128,0,21790:0:0:0:20:
182,192,21790,128,0,22005:0:0:0:20:
256,192,22005,128,0,22112:0:0:0:20:
329,192,22112,128,0,22219:0:0:0:20:
402,192,22219,128,0,22433:0:0:0:20:
182,192,22433,128,0,22540:0:0:0:20:
109,192,22540,128,0,22594:0:0:0:20:
109,192,22648,128,0,22862:0:0:0:20:
182,192,22862,128,0,22969:0:0:0:20:
256,192,22969,128,0,23076:0:0:0:20:
329,192,23076,128,0,23290:0:0:0:20:
109,192,23290,128,0,23505:0:0:0:20:
329,192,23505,128,0,23719:0:0:0:20:
475,192,23719,128,0,23826:0:0:0:20:
402,192,23826,128,0,23933:0:0:0:20:
329,192,23933,128,0,24148:0:0:0:20:
402,192,24148,128,0,24362:0:0:0:20:
109,192,24362,128,0,24576:0:0:0:20:
182,192,24576,128,0,24683:0:0:0:20:
256,192,24683,128,0,24790:0:0:0:20:
329,192,24790,128,0,25005:0:0:0:20:
36,192,25005,128,0,25219:0:0:0:20:
329,192,25219,128,0,25326:0:0:0:20:
182,192,25326,128,0,25433:0:0:0:20:
475,192,25433,128,0,25540:0:0:0:20:
402,192,25540,128,0,25648:0:0:0:20:
256,192,25648,128,0,25862:0:0:0:20:
329,192,25862,128,0,26076:0:0:0:20:
182,192,26076,128,0,26290:0:0:0:20:
36,192,26290,128,0,26505:0:0:0:20:
402,192,26505,128,0,26719:0:0:0:20:
109,192,26719,128,0,26933:0:0:0:20:
182,192,26933,128,0,27148:0:0:0:20:
329,192,27148,128,0,27362:0:0:0:20:
256,192,27362,128,0,27576:0:0:0:20:
329,192,27576,1,0,0:0:0:20:
182,192,27576,1,0,0:0:0:20:
402,192,27648,1,0,0:0:0:40:
109,192,27648,1,0,0:0:0:0:
329,192,27719,1,0,0:0:0:20:
182,192,27719,1,0,0:0:0:20:
256,192,27790,128,0,28005:0:0:0:20:
402,192,27898,1,0,0:0:0:0:
182,192,28005,128,0,28165:0:0:0:20:
182,192,28219,128,0,28433:0:0:0:20:
329,192,28326,1,0,0:0:0:0:
402,192,28380,1,0,0:0:0:0:
36,192,28433,128,0,28648:0:0:0:20:
475,192,28433,1,0,0:0:0:20:
329,192,28487,1,0,0:0:0:0:
402,192,28540,1,0,0:0:0:0:
109,192,28648,128,0,28862:0:0:0:20:
256,192,28648,1,0,0:0:0:20:
182,192,28701,1,0,0:0:0:0:
475,192,28755,1,0,0:0:0:0:
402,192,28808,1,0,0:0:0:0:
329,192,28862,128,0,29076:0:0:0:20:
256,192,28862,1,0,0:0:0:20:
256,192,29076,128,0,29505:0:0:0:13:
109,192,29076,1,0,0:0:0:13:
402,192,29130,1,0,0:0:0:40:
109,192,29183,1,0,0:0:0:40:
402,192,29237,1,0,0:0:0:40:
182,192,29505,128,0,29933:0:0:0:13:
329,192,29505,1,0,0:0:0:13:
36,192,29558,1,0,0:0:0:40:
329,192,29612,1,0,0:0:0:40:
36,192,29665,1,0,0:0:0:40:
109,192,29933,1,0,0:0:0:60:CymbalFSU.wav
36,192,29933,1,0,0:0:0:60:DeepBassKick.wav
256,192,29933,1,0,0:0:0:60:KickMid.wav
329,192,29933,1,0,0:0:0:8:
475,192,29933,1,0,0:0:0:8:
109,192,30148,1,0,0:0:0:60:KickMid.wav
182,192,30148,1,0,0:0:0:10:
402,192,30148,1,0,0:0:0:10:
329,192,30148,1,0,0:0:0:10:
475,192,30362,1,0,0:0:0:60:KickMid.wav
402,192,30362,1,0,0:0:0:8:
329,192,30362,1,0,0:0:0:8:
256,192,30362,1,0,0:0:0:8:
182,192,30469,1,0,0:0:0:13:
109,192,30469,1,0,0:0:0:60:KickMid.wav
36,192,30469,1,0,0:0:0:13:
329,192,30576,1,0,0:0:0:8:
402,192,30576,1,0,0:0:0:60:KickMid.wav
475,192,30576,1,0,0:0:0:8:
256,192,30576,1,0,0:0:0:8:
182,192,30683,1,0,0:0:0:13:
109,192,30683,1,0,0:0:0:13:
36,192,30683,1,0,0:0:0:60:KickMid.wav
329,192,30790,1,0,0:0:0:60:KickMid.wav
402,192,30790,1,0,0:0:0:8:
475,192,30790,1,0,0:0:0:8:
256,192,30790,1,0,0:0:0:8:
475,192,30898,1,0,0:0:0:60:KickMid.wav
402,192,30898,1,0,0:0:0:8:
329,192,30898,1,0,0:0:0:8:
256,192,30898,1,0,0:0:0:8:
182,192,31005,1,0,0:0:0:60:KickMid.wav
109,192,31005,1,0,0:0:0:13:
36,192,31005,1,0,0:0:0:13:
475,192,31112,128,0,31433:0:0:0:10:
329,192,31112,1,0,0:0:0:60:KickMid.wav
402,192,31112,1,0,0:0:0:10:
256,192,31112,1,0,0:0:0:10:
256,192,31326,1,0,0:0:0:13:
182,192,31326,1,0,0:0:0:60:KickMid.wav
109,192,31326,1,0,0:0:0:13:
329,192,31433,128,0,31576:0:0:0:10:
36,192,31648,128,0,31915:0:0:0:60:CymbalFSU.wav
109,192,31648,1,0,0:0:0:60:DeepBassKick.wav
182,192,31648,1,0,0:0:0:60:KickMid.wav
256,192,31648,1,0,0:0:0:8:
182,192,31969,1,0,0:0:0:60:CymbalFSU.wav
256,192,31969,1,0,0:0:0:60:DeepBassKick.wav
329,192,31969,1,0,0:0:0:60:KickMid.wav
109,192,31969,128,0,32237:0:0:0:8:
182,192,32290,128,0,32558:0:0:0:60:CymbalFSU.wav
256,192,32290,1,0,0:0:0:60:DeepBassKick.wav
329,192,32290,1,0,0:0:0:60:KickMid.wav
402,192,32290,1,0,0:0:0:8:
475,192,32612,128,0,32880:0:0:0:60:CymbalFSU.wav
402,192,32612,1,0,0:0:0:60:DeepBassKick.wav
329,192,32612,1,0,0:0:0:60:KickMid.wav
256,192,32612,1,0,0:0:0:8:
182,192,32933,1,0,0:0:0:60:KickMid.wav
256,192,32933,1,0,0:0:0:60:DeepBassKick.wav
402,192,32933,128,0,33523:0:0:0:8:
329,192,32933,1,0,0:0:0:60:CymbalFSU.wav
329,192,33576,128,0,33737:0:0:0:8:
109,192,33576,1,0,0:0:0:60:CymbalFSU.wav
182,192,33576,1,0,0:0:0:60:DeepBassKick.wav
475,192,33576,1,0,0:0:0:60:KickMid.wav
256,192,33790,128,0,33951:0:0:0:8:
109,192,33790,1,0,0:0:0:60:CymbalFSU.wav
36,192,33790,1,0,0:0:0:60:DeepBassKick.wav
402,192,33790,1,0,0:0:0:60:KickMid.wav
182,192,34005,128,0,34165:0:0:0:8:
329,192,34005,1,0,0:0:0:60:KickMid.wav
475,192,34005,1,0,0:0:0:60:DeepBassKick.wav
36,192,34005,1,0,0:0:0:60:CymbalFSU.wav
109,192,34219,128,0,34487:0:0:0:8:
256,192,34219,1,0,0:0:0:60:CymbalFSU.wav
402,192,34219,1,0,0:0:0:60:DeepBassKick.wav
475,192,34219,1,0,0:0:0:60:KickMid.wav
182,192,34540,128,0,34808:0:0:0:8:
36,192,34540,1,0,0:0:0:60:DeepBassKick.wav
329,192,34540,1,0,0:0:0:60:CymbalFSU.wav
402,192,34540,1,0,0:0:0:60:KickMid.wav
256,192,34862,128,0,35130:0:0:0:8:
475,192,34862,1,0,0:0:0:60:CymbalFSU.wav
402,192,34862,1,0,0:0:0:60:DeepBassKick.wav
109,192,34862,1,0,0:0:0:60:KickMid.wav
475,192,35183,128,0,35451:0:0:0:8:
182,192,35183,1,0,0:0:0:60:CymbalFSU.wav
36,192,35183,1,0,0:0:0:60:KickMid.wav
329,192,35183,1,0,0:0:0:60:DeepBassKick.wav
36,192,35505,128,0,37165:0:0:0:8:
109,192,35505,1,0,0:0:0:60:KickMid.wav
256,192,35505,1,0,0:0:0:60:CymbalFSU.wav
402,192,35505,1,0,0:0:0:60:DeepBassKick.wav
109,192,35933,1,0,0:0:0:40:
182,192,35933,1,0,0:0:0:0:
256,192,35987,1,0,0:0:0:40:
329,192,36040,1,0,0:0:0:40:
402,192,36094,1,0,0:0:0:40:
109,192,36148,1,0,0:0:0:20:
475,192,36148,1,0,0:0:0:20:
182,192,36201,1,0,0:0:0:40:
256,192,36255,1,0,0:0:0:40:
329,192,36308,1,0,0:0:0:40:
475,192,36362,1,0,0:0:0:20:
402,192,36362,1,0,0:0:0:20:
109,192,36415,1,0,0:0:0:40:
256,192,36469,1,0,0:0:0:40:
182,192,36469,1,0,0:0:0:0:
329,192,36523,1,0,0:0:0:40:
402,192,36576,1,0,0:0:0:20:
475,192,36576,1,0,0:0:0:20:
256,192,36630,1,0,0:0:0:40:
109,192,36683,1,0,0:0:0:20:
182,192,36683,1,0,0:0:0:20:
402,192,36737,1,0,0:0:0:40:
475,192,36790,1,0,0:0:0:20:
329,192,36790,1,0,0:0:0:20:
182,192,36844,1,0,0:0:0:40:
256,192,36898,1,0,0:0:0:20:
109,192,36898,1,0,0:0:0:20:
329,192,36951,1,0,0:0:0:40:
475,192,37005,1,0,0:0:0:20:
402,192,37005,1,0,0:0:0:20:
182,192,37058,1,0,0:0:0:40:
256,192,37112,1,0,0:0:0:20:
329,192,37165,1,0,0:0:0:40:
36,192,37219,1,0,0:0:0:20:
109,192,37273,1,0,0:0:0:40:
182,192,37326,1,0,0:0:0:20:
256,192,37380,1,0,0:0:0:40:
475,192,37433,1,0,0:0:0:20:
402,192,37487,1,0,0:0:0:40:
329,192,37540,1,0,0:0:0:40:
256,192,37594,1,0,0:0:0:40:
182,192,37648,1,0,0:0:0:60:CymbalFSU.wav
109,192,37648,1,0,0:0:0:60:DeepBassKick.wav
36,192,37648,1,0,0:0:0:60:KickMid.wav
475,192,37648,128,0,37862:0:0:0:8:
402,192,37648,1,0,0:0:0:8:
402,192,37862,1,0,0:0:0:10:
256,192,37862,1,0,0:0:0:60:KickMid.wav
329,192,37862,1,0,0:0:0:10:
36,192,37862,128,0,38076:0:0:0:10:
109,192,38076,1,0,0:0:0:8:
182,192,38076,1,0,0:0:0:60:KickMid.wav
256,192,38076,1,0,0:0:0:8:
475,192,38076,1,0,0:0:0:8:
329,192,38183,1,0,0:0:0:13:
402,192,38183,1,0,0:0:0:13:
182,192,38290,1,0,0:0:0:8:
109,192,38290,1,0,0:0:0:60:KickMid.wav
36,192,38290,1,0,0:0:0:8:
475,192,38290,1,0,0:0:0:8:
329,192,38398,1,0,0:0:0:13:
256,192,38398,1,0,0:0:0:13:
182,192,38505,128,0,38719:0:0:0:8:
109,192,38505,1,0,0:0:0:60:KickMid.wav
402,192,38505,1,0,0:0:0:8:
475,192,38505,1,0,0:0:0:8:
329,192,38612,1,0,0:0:0:40:
402,192,38665,1,0,0:0:0:20:
256,192,38719,1,0,0:0:0:10:
36,192,38719,1,0,0:0:0:10:
475,192,38719,1,0,0:0:0:60:KickMid.wav
109,192,38719,1,0,0:0:0:10:
182,192,38826,1,0,0:0:0:13:
402,192,38880,1,0,0:0:0:0:
256,192,39040,1,0,0:0:0:10:
109,192,39040,1,0,0:0:0:10:
36,192,39040,1,0,0:0:0:10:
329,192,39040,1,0,0:0:0:10:
36,192,39148,128,0,39362:0:0:0:10:
109,192,39148,128,0,39362:0:0:0:10:
256,192,39148,1,0,0:0:0:60:KickMid.wav
329,192,39148,1,0,0:0:0:10:
475,192,39362,1,0,0:0:0:60:KickMid.wav
402,192,39362,1,0,0:0:0:13:
329,192,39389,1,0,0:0:0:0:
256,192,39415,1,0,0:0:0:60:KickMid.wav
182,192,39415,1,0,0:0:0:13:
36,192,39469,1,0,0:0:0:13:
109,192,39469,1,0,0:0:0:60:KickMid.wav
475,192,39523,1,0,0:0:0:40:
256,192,39576,1,0,0:0:0:60:KickMid.wav
182,192,39576,1,0,0:0:0:13:
402,192,39630,1,0,0:0:0:40:
36,192,39683,1,0,0:0:0:60:KickMid.wav
109,192,39683,1,0,0:0:0:13:
329,192,39737,1,0,0:0:0:40:
182,192,39790,1,0,0:0:0:60:DeepBassKick.wav
256,192,39790,1,0,0:0:0:60:CymbalFSU.wav
475,192,39790,1,0,0:0:0:60:KickMid.wav
402,192,39898,1,0,0:0:0:20:
256,192,39951,1,0,0:0:0:40:
109,192,40005,1,0,0:0:0:13:
36,192,40005,1,0,0:0:0:13:
329,192,40112,1,0,0:0:0:60:KickMid.wav
402,192,40112,1,0,0:0:0:20:
475,192,40112,1,0,0:0:0:0:
256,192,40165,1,0,0:0:0:40:
182,192,40219,1,0,0:0:0:60:CymbalFSU.wav
109,192,40219,1,0,0:0:0:60:KickMid.wav
36,192,40219,1,0,0:0:0:60:DeepBassKick.wav
329,192,40326,1,0,0:0:0:10:
475,192,40326,128,0,40648:0:0:0:10:
256,192,40380,1,0,0:0:0:0:
182,192,40433,1,0,0:0:0:20:
402,192,40433,128,0,40648:0:0:0:20:
109,192,40433,1,0,0:0:0:0:
329,192,40540,128,0,40648:0:0:0:20:
256,192,40648,1,0,0:0:0:60:CymbalFSU.wav
109,192,40648,1,0,0:0:0:60:DeepBassKick.wav
36,192,40648,1,0,0:0:0:60:KickMid.wav
182,192,40648,1,0,0:0:0:8:
182,192,40862,1,0,0:0:0:20:
329,192,40862,1,0,0:0:0:20:
109,192,41076,1,0,0:0:0:60:CymbalFSU.wav
256,192,41076,1,0,0:0:0:60:DeepBassKick.wav
475,192,41076,1,0,0:0:0:8:
402,192,41076,1,0,0:0:0:60:KickMid.wav
36,192,41076,1,0,0:0:0:0:
109,192,41290,1,0,0:0:0:8:
182,192,41290,1,0,0:0:0:60:DeepBassKick.wav
329,192,41290,1,0,0:0:0:60:CymbalFSU.wav
402,192,41290,1,0,0:0:0:60:KickMid.wav
182,192,41505,1,0,0:0:0:60:CymbalFSU.wav
475,192,41505,1,0,0:0:0:60:KickMid.wav
36,192,41505,1,0,0:0:0:8:
109,192,41505,1,0,0:0:0:8:
182,192,41612,1,0,0:0:0:20:
109,192,41612,1,0,0:0:0:60:KickMid.wav
475,192,41719,1,0,0:0:0:10:
36,192,41719,1,0,0:0:0:60:KickMid.wav
329,192,41719,1,0,0:0:0:10:
402,192,41719,1,0,0:0:0:10:
402,192,41826,1,0,0:0:0:20:
329,192,41826,1,0,0:0:0:60:KickMid.wav
256,192,41933,1,0,0:0:0:13:
475,192,41933,1,0,0:0:0:60:KickMid.wav
109,192,41933,1,0,0:0:0:13:
36,192,41933,1,0,0:0:0:0:
182,192,42040,1,0,0:0:0:20:
36,192,42040,1,0,0:0:0:20:
329,192,42148,128,0,42362:0:0:0:60:KickMid.wav
402,192,42148,1,0,0:0:0:10:
256,192,42148,1,0,0:0:0:10:
475,192,42148,1,0,0:0:0:10:
109,192,42255,1,0,0:0:0:60:KickMid.wav
256,192,42362,128,0,42469:0:0:0:10:
182,192,42362,1,0,0:0:0:60:KickMid.wav
475,192,42362,1,0,0:0:0:10:
402,192,42362,1,0,0:0:0:10:
36,192,42469,1,0,0:0:0:20:
109,192,42469,1,0,0:0:0:20:
182,192,42576,128,0,42790:0:0:0:10:
329,192,42576,1,0,0:0:0:60:KickMid.wav
402,192,42576,1,0,0:0:0:10:
475,192,42576,1,0,0:0:0:10:
475,192,42683,1,0,0:0:0:60:KickMid.wav
402,192,42683,1,0,0:0:0:20:
329,192,42683,1,0,0:0:0:0:
329,192,42790,1,0,0:0:0:10:
475,192,42790,1,0,0:0:0:10:
256,192,42790,1,0,0:0:0:60:KickMid.wav
36,192,42790,1,0,0:0:0:10:
109,192,42844,1,0,0:0:0:40:
182,192,42898,1,0,0:0:0:20:
256,192,42951,1,0,0:0:0:40:
109,192,43005,1,0,0:0:0:10:
36,192,43005,1,0,0:0:0:60:KickMid.wav
329,192,43005,1,0,0:0:0:10:
402,192,43005,1,0,0:0:0:10:
182,192,43058,1,0,0:0:0:40:
256,192,43112,1,0,0:0:0:20:
329,192,43165,1,0,0:0:0:20:
109,192,43219,1,0,0:0:0:10:
36,192,43219,1,0,0:0:0:10:
402,192,43219,1,0,0:0:0:10:
475,192,43219,1,0,0:0:0:60:KickMid.wav
182,192,43326,1,0,0:0:0:13:
329,192,43326,1,0,0:0:0:13:
256,192,43326,1,0,0:0:0:60:KickMid.wav
256,192,43433,1,0,0:0:0:13:
329,192,43433,1,0,0:0:0:13:
182,192,43433,1,0,0:0:0:60:KickMid.wav
109,192,43540,1,0,0:0:0:60:KickMid.wav
256,192,43540,1,0,0:0:0:13:
402,192,43540,1,0,0:0:0:13:
182,192,43755,1,0,0:0:0:60:DeepBassKick.wav
36,192,43755,1,0,0:0:0:60:KickMid.wav
329,192,43755,1,0,0:0:0:60:CymbalFSU.wav
402,192,43755,1,0,0:0:0:8:
182,192,43862,1,0,0:0:0:60:CymbalFSU.wav
109,192,43862,1,0,0:0:0:60:DeepBassKick.wav
329,192,43862,1,0,0:0:0:60:KickMid.wav
475,192,43862,1,0,0:0:0:8:
256,192,44076,1,0,0:0:0:60:CymbalFSU.wav
329,192,44076,1,0,0:0:0:60:DeepBassKick.wav
402,192,44076,1,0,0:0:0:8:
182,192,44076,1,0,0:0:0:60:KickMid.wav
329,192,44290,1,0,0:0:0:60:CymbalFSU.wav
256,192,44290,1,0,0:0:0:60:DeepBassKick.wav
182,192,44290,1,0,0:0:0:60:KickMid.wav
109,192,44290,1,0,0:0:0:8:
329,192,44505,1,0,0:0:0:10:
256,192,44505,1,0,0:0:0:10:
402,192,44532,1,0,0:0:0:40:
475,192,44558,1,0,0:0:0:40:
36,192,44585,1,0,0:0:0:40:
109,192,44612,1,0,0:0:0:40:
182,192,44639,1,0,0:0:0:40:
329,192,44665,1,0,0:0:0:40:
402,192,44692,1,0,0:0:0:40:
475,192,44719,1,0,0:0:0:60:KickMid.wav
256,192,44719,1,0,0:0:0:60:DeepBassKick.wav
109,192,44719,1,0,0:0:0:60:CymbalFSU.wav
36,192,44719,1,0,0:0:0:0:
402,192,44933,1,0,0:0:0:10:
109,192,44933,1,0,0:0:0:60:KickMid.wav
256,192,44933,1,0,0:0:0:10:
475,192,44933,1,0,0:0:0:10:
329,192,44987,1,0,0:0:0:20:
182,192,45040,1,0,0:0:0:20:
36,192,45094,1,0,0:0:0:20:
402,192,45148,128,0,45255:0:0:0:13:
475,192,45148,128,0,45255:0:0:0:13:
329,192,45148,1,0,0:0:0:60:KickMid.wav
36,192,45255,1,0,0:0:0:60:KickMid.wav
109,192,45255,1,0,0:0:0:20:
182,192,45282,1,0,0:0:0:40:
256,192,45308,1,0,0:0:0:40:
329,192,45335,1,0,0:0:0:40:
402,192,45362,1,0,0:0:0:20:
475,192,45362,1,0,0:0:0:20:
36,192,45469,1,0,0:0:0:60:KickMid.wav
109,192,45469,1,0,0:0:0:13:
256,192,45469,1,0,0:0:0:13:
329,192,45469,1,0,0:0:0:0:
109,192,45576,1,0,0:0:0:13:
182,192,45576,1,0,0:0:0:13:
402,192,45576,1,0,0:0:0:60:KickMid.wav
329,192,45576,128,0,45683:0:0:0:0:
475,192,45683,128,0,45790:0:0:0:20:
36,192,45790,1,0,0:0:0:20:
109,192,45790,1,0,0:0:0:20:
182,192,45898,1,0,0:0:0:20:
256,192,45898,1,0,0:0:0:20:
329,192,46005,128,0,46112:0:0:0:20:
402,192,46005,128,0,46112:0:0:0:20:
109,192,46219,1,0,0:0:0:10:
36,192,46219,1,0,0:0:0:60:KickMid.wav
182,192,46273,1,0,0:0:0:60:KickMid.wav
256,192,46273,1,0,0:0:0:13:
329,192,46326,1,0,0:0:0:60:KickMid.wav
402,192,46326,1,0,0:0:0:13:
475,192,46326,1,0,0:0:0:13:
475,192,46433,1,0,0:0:0:10:
402,192,46433,1,0,0:0:0:60:KickMid.wav
329,192,46487,1,0,0:0:0:60:KickMid.wav
256,192,46487,1,0,0:0:0:13:
182,192,46540,1,0,0:0:0:60:KickMid.wav
109,192,46540,1,0,0:0:0:13:
36,192,46540,1,0,0:0:0:13:
329,192,46648,1,0,0:0:0:60:KickMid.wav
256,192,46648,1,0,0:0:0:0:
402,192,46701,1,0,0:0:0:60:KickMid.wav
475,192,46701,1,0,0:0:0:0:
36,192,46755,1,0,0:0:0:13:
109,192,46755,1,0,0:0:0:60:KickMid.wav
182,192,46782,1,0,0:0:0:40:
256,192,46808,1,0,0:0:0:40:
329,192,46835,1,0,0:0:0:40:
402,192,46862,1,0,0:0:0:60:KickMid.wav
475,192,46862,1,0,0:0:0:10:
256,192,47076,1,0,0:0:0:0:
329,192,47076,1,0,0:0:0:0:
36,192,47076,1,0,0:0:0:0:
402,192,47130,1,0,0:0:0:0:
475,192,47130,1,0,0:0:0:0:
182,192,47183,1,0,0:0:0:0:
109,192,47183,1,0,0:0:0:0:
329,192,47237,1,0,0:0:0:0:
256,192,47237,1,0,0:0:0:0:
402,192,47290,1,0,0:0:0:0:
475,192,47290,1,0,0:0:0:0:
109,192,47344,1,0,0:0:0:0:
36,192,47344,1,0,0:0:0:0:
256,192,47398,1,0,0:0:0:0:
182,192,47398,1,0,0:0:0:0:
329,192,47451,1,0,0:0:0:0:
402,192,47451,1,0,0:0:0:0:
36,192,47505,128,0,47665:0:0:0:8:
109,192,47505,128,0,47665:0:0:0:60:CymbalFSU.wav
182,192,47505,128,0,47665:0:0:0:60:KickMid.wav
475,192,47505,1,0,0:0:0:60:DeepBassKick.wav
329,192,47719,128,0,47880:0:0:0:60:KickMid.wav
402,192,47719,128,0,47880:0:0:0:8:
475,192,47719,128,0,47880:0:0:0:60:DeepBassKick.wav
36,192,47719,1,0,0:0:0:60:CymbalFSU.wav
475,192,47933,1,0,0:0:0:60:DeepBassKick.wav
402,192,47933,1,0,0:0:0:8:
256,192,47933,1,0,0:0:0:60:KickMid.wav
109,192,47933,128,0,48148:0:0:0:60:CymbalFSU.wav
329,192,48040,1,0,0:0:0:40:
402,192,48148,128,0,48362:0:0:0:8:
475,192,48148,1,0,0:0:0:60:CymbalFSU.wav
182,192,48148,1,0,0:0:0:60:KickMid.wav
36,192,48148,1,0,0:0:0:60:DeepBassKick.wav
256,192,48255,1,0,0:0:0:40:
109,192,48362,1,0,0:0:0:60:KickMid.wav
36,192,48362,1,0,0:0:0:8:
329,192,48362,1,0,0:0:0:8:
182,192,48362,1,0,0:0:0:8:
36,192,48469,1,0,0:0:0:20:
109,192,48469,1,0,0:0:0:20:
329,192,48576,1,0,0:0:0:60:KickMid.wav
475,192,48576,1,0,0:0:0:8:
182,192,48576,1,0,0:0:0:8:
402,192,48576,1,0,0:0:0:8:
475,192,48683,1,0,0:0:0:20:
402,192,48683,1,0,0:0:0:20:
329,192,48790,1,0,0:0:0:8:
182,192,48790,128,0,49005:0:0:0:8:
109,192,48790,128,0,49005:0:0:0:60:KickMid.wav
36,192,48790,128,0,49005:0:0:0:8:
256,192,49112,1,0,0:0:0:10:
329,192,49112,1,0,0:0:0:10:
402,192,49112,1,0,0:0:0:60:KickMid.wav
475,192,49112,1,0,0:0:0:10:
402,192,49219,1,0,0:0:0:60:KickMid.wav
329,192,49219,1,0,0:0:0:10:
256,192,49219,1,0,0:0:0:10:
182,192,49219,1,0,0:0:0:10:
329,192,49326,1,0,0:0:0:60:KickMid.wav
256,192,49326,1,0,0:0:0:10:
182,192,49326,1,0,0:0:0:10:
109,192,49326,1,0,0:0:0:10:
256,192,49433,1,0,0:0:0:60:KickMid.wav
109,192,49433,1,0,0:0:0:8:
182,192,49433,1,0,0:0:0:8:
36,192,49433,1,0,0:0:0:8:
329,192,49648,1,0,0:0:0:8:
402,192,49648,1,0,0:0:0:8:
475,192,49648,1,0,0:0:0:8:
182,192,49648,1,0,0:0:0:60:KickMid.wav
182,192,49755,1,0,0:0:0:60:CymbalFSU.wav
109,192,49755,1,0,0:0:0:60:DeepBassKick.wav
36,192,49755,1,0,0:0:0:60:KickMid.wav
329,192,49755,1,0,0:0:0:8:
475,192,49969,1,0,0:0:0:10:
402,192,49969,1,0,0:0:0:10:
329,192,49996,1,0,0:0:0:40:
256,192,50023,1,0,0:0:0:40:
182,192,50049,1,0,0:0:0:40:
109,192,50076,1,0,0:0:0:60:CymbalFSU.wav
36,192,50076,1,0,0:0:0:60:DeepBassKick.wav
402,192,50076,1,0,0:0:0:60:KickMid.wav
475,192,50076,1,0,0:0:0:60:KickMid.wav
36,192,50237,1,0,0:0:0:60:CymbalFSU.wav
182,192,50237,1,0,0:0:0:60:DeepBassKick.wav
329,192,50237,1,0,0:0:0:60:KickMid.wav
475,192,50237,1,0,0:0:0:8:
402,192,50398,1,0,0:0:0:8:
329,192,50398,1,0,0:0:0:60:CymbalFSU.wav
182,192,50398,1,0,0:0:0:60:DeepBassKick.wav
109,192,50398,1,0,0:0:0:60:KickMid.wav
36,192,50505,128,0,50880:0:0:0:60:CymbalFSU.wav
109,192,50505,128,0,50880:0:0:0:60:KickMid.wav
256,192,50505,1,0,0:0:0:60:DeepBassKick.wav
329,192,50505,1,0,0:0:0:8:
402,192,50612,1,0,0:0:0:40:
475,192,50612,1,0,0:0:0:0:
475,192,50719,1,0,0:0:0:40:
402,192,50719,1,0,0:0:0:0:
402,192,50933,1,0,0:0:0:60:CymbalFSU.wav
475,192,50933,1,0,0:0:0:60:KickMid.wav
182,192,50933,128,0,51308:0:0:0:60:DeepBassKick.wav
109,192,50933,128,0,51308:0:0:0:8:
36,192,51362,1,0,0:0:0:60:CymbalFSU.wav
475,192,51362,1,0,0:0:0:60:KickMid.wav
182,192,51362,1,0,0:0:0:60:DeepBassKick.wav
256,192,51362,1,0,0:0:0:8:
402,192,51469,1,0,0:0:0:0:
329,192,51523,1,0,0:0:0:15:
109,192,51523,1,0,0:0:0:15:
256,192,51576,1,0,0:0:0:15:
182,192,51630,1,0,0:0:0:15:
402,192,51630,1,0,0:0:0:15:
109,192,51683,1,0,0:0:0:15:
329,192,51683,1,0,0:0:0:15:
36,192,51737,1,0,0:0:0:15:
182,192,51790,1,0,0:0:0:15:
402,192,51790,1,0,0:0:0:15:
256,192,51844,1,0,0:0:0:15:
475,192,51844,1,0,0:0:0:15:
329,192,51898,1,0,0:0:0:15:
36,192,51898,1,0,0:0:0:15:
402,192,51951,1,0,0:0:0:15:
109,192,51951,1,0,0:0:0:15:
475,192,52005,1,0,0:0:0:15:
182,192,52005,1,0,0:0:0:15:
256,192,52058,1,0,0:0:0:15:
329,192,52112,1,0,0:0:0:15:
402,192,52112,1,0,0:0:0:15:
36,192,52219,1,0,0:0:0:15:
109,192,52219,1,0,0:0:0:15:
182,192,52246,1,0,0:0:0:15:
256,192,52273,1,0,0:0:0:15:
329,192,52299,1,0,0:0:0:15:
402,192,52326,1,0,0:0:0:15:
475,192,52326,1,0,0:0:0:15:
36,192,52433,1,0,0:0:0:15:
182,192,52433,1,0,0:0:0:15:
109,192,52433,1,0,0:0:0:15:
256,192,52487,1,0,0:0:0:0:
329,192,52540,1,0,0:0:0:15:
402,192,52648,1,0,0:0:0:15:
475,192,52648,1,0,0:0:0:15:
329,192,52674,1,0,0:0:0:15:
256,192,52701,1,0,0:0:0:15:
182,192,52728,1,0,0:0:0:15:
109,192,52755,1,0,0:0:0:15:
36,192,52782,1,0,0:0:0:15:
475,192,52808,1,0,0:0:0:15:
402,192,52835,1,0,0:0:0:15:
329,192,52862,1,0,0:0:0:15:
256,192,52862,1,0,0:0:0:15:
182,192,52915,1,0,0:0:0:15:
109,192,52915,1,0,0:0:0:15:
402,192,52969,1,0,0:0:0:15:
475,192,52969,1,0,0:0:0:15:
329,192,53023,1,0,0:0:0:15:
256,192,53076,1,0,0:0:0:15:
182,192,53076,1,0,0:0:0:15:
36,192,53130,1,0,0:0:0:15:
109,192,53183,1,0,0:0:0:15:
329,192,53183,1,0,0:0:0:15:
182,192,53237,1,0,0:0:0:15:
402,192,53237,1,0,0:0:0:15:
256,192,53290,1,0,0:0:0:15:
475,192,53290,1,0,0:0:0:15:
182,192,53398,1,0,0:0:0:15:
36,192,53398,1,0,0:0:0:15:
475,192,53451,1,0,0:0:0:15:
329,192,53451,1,0,0:0:0:15:
36,192,53505,1,0,0:0:0:15:
109,192,53532,1,0,0:0:0:15:
182,192,53558,1,0,0:0:0:15:
256,192,53585,1,0,0:0:0:15:
329,192,53612,1,0,0:0:0:15:
402,192,53612,1,0,0:0:0:15:
475,192,53612,1,0,0:0:0:15:
36,192,53719,1,0,0:0:0:10:
109,192,53719,1,0,0:0:0:10:
182,192,53719,1,0,0:0:0:60:KickMid.wav
329,192,53773,1,0,0:0:0:13:
475,192,53773,1,0,0:0:0:13:
402,192,53773,1,0,0:0:0:60:KickMid.wav
182,192,53826,1,0,0:0:0:10:
109,192,53826,1,0,0:0:0:60:KickMid.wav
36,192,53826,1,0,0:0:0:10:
329,192,54040,1,0,0:0:0:8:
256,192,54040,1,0,0:0:0:8:
36,192,54040,128,0,54362:0:0:0:60:KickMid.wav
182,192,54040,1,0,0:0:0:8:
402,192,54148,1,0,0:0:0:60:KickMid.wav
475,192,54148,1,0,0:0:0:60:CymbalFSU.wav
109,192,54148,128,0,54362:0:0:0:8:
329,192,54148,1,0,0:0:0:60:DeepBassKick.wav
475,192,54362,128,0,54790:0:0:0:8:
329,192,54362,1,0,0:0:0:60:KickMid.wav
256,192,54362,1,0,0:0:0:60:CymbalFSU.wav
182,192,54362,1,0,0:0:0:60:DeepBassKick.wav
402,192,54576,128,0,54790:0:0:0:20:
109,192,54576,1,0,0:0:0:20:
36,192,54790,1,0,0:0:0:60:KickMid.wav
182,192,54790,1,4,0:0:0:30:
256,192,54790,1,0,0:0:0:60:CymbalFSU.wav
329,192,54790,1,0,0:0:0:60:DeepBassKick.wav
475,192,55005,1,0,0:0:0:40:
475,192,55219,1,0,0:0:0:40:
402,192,55433,1,0,0:0:0:40:
329,192,55648,128,8,56076:0:0:0:30:
256,192,55862,128,8,56076:0:0:0:30:
109,192,55969,128,8,56076:0:0:0:30:
182,192,56076,128,8,56505:0:0:0:30:
36,192,56290,128,8,56505:0:0:0:30:
475,192,56505,1,0,0:0:0:20:
109,192,56719,1,0,0:0:0:40:
182,192,56933,128,8,57362:0:0:0:30:
329,192,57148,128,8,57362:0:0:0:30:
402,192,57255,128,8,57362:0:0:0:30:
475,192,57362,1,0,0:0:0:20:
256,192,57576,1,0,0:0:0:40:
109,192,57683,1,0,0:0:0:40:
36,192,57790,128,8,58219:0:0:0:30:
182,192,58005,128,8,58219:0:0:0:30:
329,192,58112,128,8,58219:0:0:0:30:
475,192,58219,1,0,0:0:0:20:
109,192,58433,128,8,58648:0:0:0:30:
475,192,58648,1,0,0:0:0:20:
329,192,58862,128,8,59076:0:0:0:30:
182,192,58969,128,8,59076:0:0:0:30:
475,192,59076,1,0,0:0:0:20:
256,192,59290,128,8,59719:0:0:0:30:
109,192,59505,128,8,59719:0:0:0:30:
329,192,59719,1,0,0:0:0:20:
402,192,59826,1,0,0:0:0:40:
475,192,59933,1,0,0:0:0:10:
182,192,59933,1,0,0:0:0:10:
36,192,59933,1,0,0:0:0:10:
256,192,59933,1,0,0:0:0:60:KickMid.wav
329,192,60040,1,0,0:0:0:40:
182,192,60148,1,0,0:0:0:60:KickMid.wav
109,192,60148,1,0,0:0:0:10:
36,192,60148,1,0,0:0:0:10:
402,192,60148,128,8,60362:0:0:0:30:
256,192,60255,1,0,0:0:0:40:
109,192,60362,1,0,0:0:0:10:
36,192,60362,1,0,0:0:0:10:
329,192,60362,1,0,0:0:0:60:KickMid.wav
475,192,60362,1,0,0:0:0:10:
182,192,60469,1,0,0:0:0:40:
402,192,60469,1,0,0:0:0:0:
36,192,60576,1,0,0:0:0:10:
256,192,60576,1,0,0:0:0:60:KickMid.wav
329,192,60576,1,0,0:0:0:10:
475,192,60576,1,0,0:0:0:10:
182,192,60683,1,0,0:0:0:40:
402,192,60683,1,0,0:0:0:0:
475,192,60790,128,0,61005:0:0:0:60:KickMid.wav
256,192,60790,1,0,0:0:0:60:CymbalFSU.wav
329,192,60790,1,0,0:0:0:60:DeepBassKick.wav
109,192,60790,1,0,0:0:0:8:
36,192,61005,128,0,61219:0:0:0:60:DeepBassKick.wav
256,192,61005,1,0,0:0:0:8:
182,192,61005,1,0,0:0:0:60:CymbalFSU.wav
402,192,61005,1,0,0:0:0:60:KickMid.wav
256,192,61219,128,0,61540:0:0:0:60:DeepBassKick.wav
109,192,61219,1,0,0:0:0:60:CymbalFSU.wav
182,192,61219,1,0,0:0:0:8:
329,192,61219,1,0,0:0:0:60:KickMid.wav
402,192,61219,1,0,0:0:0:8:
475,192,61648,128,0,61862:0:0:0:20:
36,192,61862,128,0,62076:0:0:0:20:
182,192,62076,128,0,62290:0:0:0:20:
329,192,62290,128,0,62505:0:0:0:20:
256,192,62505,128,0,62719:0:0:0:20:
329,192,62719,128,0,62790:0:0:0:20:
402,192,62790,128,0,62862:0:0:0:20:
329,192,62862,128,0,62933:0:0:0:20:
256,192,62933,128,0,63148:0:0:0:20:
182,192,63148,128,0,63362:0:0:0:20:
109,192,63362,1,0,0:0:0:60:CymbalFSU.wav
36,192,63362,1,0,0:0:0:60:DeepBassKick.wav
329,192,63362,1,0,0:0:0:60:KickMid.wav
402,192,63362,1,0,0:0:0:8:
256,192,63469,1,0,0:0:0:20:
182,192,63576,1,0,0:0:0:60:DeepBassKick.wav
109,192,63576,1,0,0:0:0:60:CymbalFSU.wav
402,192,63576,1,0,0:0:0:8:
475,192,63576,1,0,0:0:0:60:KickMid.wav
329,192,63683,1,0,0:0:0:20:
256,192,63790,1,0,0:0:0:60:DeepBassKick.wav
475,192,63790,1,0,0:0:0:60:KickMid.wav
36,192,63790,1,0,0:0:0:60:CymbalFSU.wav
402,192,63790,1,0,0:0:0:8:
182,192,63898,1,0,0:0:0:20:
256,192,63951,1,0,0:0:0:40:
475,192,64005,1,0,0:0:0:60:KickMid.wav
329,192,64005,1,0,0:0:0:60:DeepBassKick.wav
36,192,64005,1,0,0:0:0:60:CymbalFSU.wav
109,192,64005,1,0,0:0:0:8:
402,192,64112,1,0,0:0:0:20:
329,192,64165,1,0,0:0:0:40:
36,192,64219,1,0,0:0:0:60:DeepBassKick.wav
256,192,64219,1,0,0:0:0:60:CymbalFSU.wav
109,192,64219,1,0,0:0:0:60:KickMid.wav
182,192,64219,1,0,0:0:0:8:
329,192,64326,1,0,0:0:0:20:
402,192,64326,1,0,0:0:0:20:
182,192,64380,1,0,0:0:0:20:
109,192,64380,1,0,0:0:0:20:
329,192,64433,1,0,0:0:0:20:
402,192,64433,1,0,0:0:0:20:
36,192,64540,1,0,0:0:0:20:
182,192,64540,1,0,0:0:0:20:
256,192,64648,1,0,0:0:0:8:
329,192,64648,1,0,0:0:0:8:
475,192,64648,1,0,0:0:0:8:
109,192,64648,1,0,0:0:0:60:KickMid.wav
475,192,64755,1,0,0:0:0:20:
402,192,64755,1,0,0:0:0:20:
329,192,64808,1,0,0:0:0:20:
256,192,64808,1,0,0:0:0:20:
36,192,64862,1,0,0:0:0:13:
109,192,64880,1,0,0:0:0:0:
182,192,64898,1,0,0:0:0:0:
256,192,64915,1,0,0:0:0:40:
329,192,64933,1,0,0:0:0:20:
402,192,64933,1,0,0:0:0:20:
475,192,64933,1,0,0:0:0:0:
182,192,65005,1,0,0:0:0:20:
109,192,65005,1,0,0:0:0:20:
36,192,65005,1,0,0:0:0:0:
475,192,65076,1,0,0:0:0:60:CymbalFSU.wav
402,192,65076,1,0,0:0:0:60:KickMid.wav
329,192,65076,1,0,0:0:0:8:
256,192,65076,1,0,0:0:0:60:DeepBassKick.wav
36,192,65219,1,0,0:0:0:20:
109,192,65219,1,0,0:0:0:20:
182,192,65290,1,0,0:0:0:60:KickMid.wav
256,192,65290,1,0,0:0:0:60:DeepBassKick.wav
329,192,65290,1,0,0:0:0:8:
402,192,65290,1,0,0:0:0:60:CymbalFSU.wav
475,192,65433,1,0,0:0:0:20:
36,192,65433,1,0,0:0:0:20:
109,192,65505,1,0,0:0:0:60:DeepBassKick.wav
182,192,65505,1,0,0:0:0:60:CymbalFSU.wav
256,192,65505,1,0,0:0:0:8:
329,192,65505,1,0,0:0:0:60:KickMid.wav
402,192,65648,1,0,0:0:0:20:
475,192,65648,1,0,0:0:0:20:
182,192,65719,1,0,0:0:0:60:DeepBassKick.wav
109,192,65719,1,0,0:0:0:8:
36,192,65719,1,0,0:0:0:60:CymbalFSU.wav
256,192,65719,1,0,0:0:0:60:KickMid.wav
329,192,65862,1,0,0:0:0:20:
402,192,65862,1,0,0:0:0:20:
182,192,65933,1,0,0:0:0:60:KickMid.wav
36,192,65933,1,0,0:0:0:60:CymbalFSU.wav
109,192,65933,1,0,0:0:0:60:DeepBassKick.wav
475,192,65933,1,0,0:0:0:8:
329,192,66076,1,0,0:0:0:20:
256,192,66076,1,0,0:0:0:20:
475,192,66148,1,0,0:0:0:8:
36,192,66148,1,0,0:0:0:60:CymbalFSU.wav
402,192,66148,1,0,0:0:0:60:DeepBassKick.wav
109,192,66148,1,0,0:0:0:60:KickMid.wav
182,192,66290,1,0,0:0:0:20:
256,192,66290,1,0,0:0:0:20:
402,192,66362,1,0,0:0:0:60:DeepBassKick.wav
475,192,66362,1,0,0:0:0:60:KickMid.wav
329,192,66362,1,0,0:0:0:60:CymbalFSU.wav
36,192,66362,1,0,0:0:0:8:
182,192,66505,1,0,0:0:0:20:
109,192,66505,1,0,0:0:0:20:
402,192,66576,1,0,0:0:0:60:KickMid.wav
256,192,66576,1,0,0:0:0:8:
475,192,66576,1,0,0:0:0:60:CymbalFSU.wav
329,192,66576,1,0,0:0:0:60:DeepBassKick.wav
36,192,66719,1,0,0:0:0:20:
109,192,66719,1,0,0:0:0:20:
256,192,66790,1,0,0:0:0:8:
329,192,66790,1,0,0:0:0:8:
402,192,66790,1,0,0:0:0:60:KickMid.wav
475,192,66790,1,0,0:0:0:8:
402,192,67005,1,0,0:0:0:8:
329,192,67005,1,0,0:0:0:8:
256,192,67005,1,0,0:0:0:60:KickMid.wav
182,192,67005,1,0,0:0:0:8:
329,192,67219,1,0,0:0:0:8:
256,192,67219,1,0,0:0:0:8:
182,192,67219,1,0,0:0:0:60:KickMid.wav
109,192,67219,1,0,0:0:0:8:
256,192,67433,1,0,0:0:0:8:
182,192,67433,1,0,0:0:0:60:KickMid.wav
109,192,67433,1,0,0:0:0:8:
36,192,67433,1,0,0:0:0:8:
109,192,67648,128,0,68076:0:0:0:6:
36,192,67648,128,0,68076:0:0:0:6:
402,192,67648,128,0,68076:0:0:0:60:KickMid.wav
475,192,67648,128,0,68076:0:0:0:6:
256,192,68076,1,0,0:0:0:13:
182,192,68076,1,0,0:0:0:13:
329,192,68130,1,0,0:0:0:40:
182,192,68183,1,0,0:0:0:40:
329,192,68237,1,0,0:0:0:40:
182,192,68290,1,0,0:0:0:20:
329,192,68344,1,0,0:0:0:20:
182,192,68398,1,0,0:0:0:20:
329,192,68451,1,0,0:0:0:20:
182,192,68505,1,0,0:0:0:60:CymbalFSU.wav
109,192,68505,1,0,0:0:0:60:DeepBassKick.wav
36,192,68505,1,0,0:0:0:60:KickMid.wav
475,192,68505,1,0,0:0:0:0:
475,192,68612,1,0,0:0:0:13:
402,192,68612,1,0,0:0:0:13:
329,192,68665,1,0,0:0:0:40:
109,192,68719,1,0,0:0:0:13:
36,192,68719,1,0,0:0:0:13:
182,192,68773,1,0,0:0:0:40:
402,192,68826,1,0,0:0:0:13:
329,192,68826,1,0,0:0:0:13:
256,192,68880,1,0,0:0:0:40:
36,192,68933,1,0,0:0:0:60:KickMid.wav
475,192,68933,1,0,0:0:0:10:
402,192,68933,1,0,0:0:0:10:
109,192,68933,1,0,0:0:0:10:
109,192,69040,1,0,0:0:0:10:
36,192,69040,1,0,0:0:0:10:
402,192,69040,1,0,0:0:0:10:
475,192,69040,1,0,0:0:0:60:KickMid.wav
36,192,69148,1,0,0:0:0:60:DeepBassKick.wav
109,192,69148,1,0,0:0:0:60:CymbalFSU.wav
402,192,69148,1,0,0:0:0:10:
475,192,69148,1,0,0:0:0:60:KickMid.wav
475,192,69362,1,0,0:0:0:60:CymbalFSU.wav
402,192,69362,1,0,0:0:0:10:
256,192,69362,1,0,0:0:0:60:KickMid.wav
182,192,69362,1,0,0:0:0:60:DeepBassKick.wav
109,192,69469,1,0,0:0:0:20:
36,192,69576,1,0,0:0:0:60:KickMid.wav
182,192,69576,1,0,0:0:0:13:
329,192,69576,1,0,0:0:0:13:
109,192,69683,1,0,0:0:0:8:
256,192,69683,1,0,0:0:0:60:CymbalFSU.wav
36,192,69683,1,0,0:0:0:60:DeepBassKick.wav
329,192,69683,1,0,0:0:0:60:KickMid.wav
402,192,69790,1,0,0:0:0:20:
329,192,69898,1,0,0:0:0:60:KickMid.wav
475,192,69898,1,0,0:0:0:13:
182,192,69898,1,0,0:0:0:13:
36,192,70005,1,0,0:0:0:10:
402,192,70005,1,0,0:0:0:60:KickMid.wav
109,192,70032,1,0,0:0:0:40:
182,192,70058,1,0,0:0:0:30:
256,192,70085,1,0,0:0:0:40:
329,192,70112,1,0,0:0:0:13:
36,192,70112,1,0,0:0:0:13:
402,192,70139,1,0,0:0:0:40:
475,192,70165,1,0,0:0:0:40:
109,192,70219,1,0,0:0:0:60:KickMid.wav
182,192,70219,1,0,0:0:0:13:
256,192,70246,1,0,0:0:0:40:
329,192,70273,1,0,0:0:0:40:
402,192,70299,1,0,0:0:0:40:
475,192,70326,1,0,0:0:0:13:
36,192,70326,1,0,0:0:0:60:KickMid.wav
182,192,70380,1,0,0:0:0:20:
256,192,70380,1,0,0:0:0:20:
109,192,70433,1,0,0:0:0:13:
402,192,70433,1,0,0:0:0:13:
329,192,70433,1,0,0:0:0:60:KickMid.wav
256,192,70540,1,0,0:0:0:60:DeepBassKick.wav
182,192,70540,1,0,0:0:0:8:
36,192,70540,1,0,0:0:0:60:CymbalFSU.wav
475,192,70540,1,0,0:0:0:60:KickMid.wav
402,192,70755,1,0,0:0:0:20:
475,192,70755,1,0,0:0:0:60:KickMid.wav
329,192,70782,1,0,0:0:0:40:
256,192,70808,1,0,0:0:0:40:
182,192,70835,1,0,0:0:0:40:
109,192,70862,1,0,0:0:0:10:
36,192,70862,1,0,0:0:0:10:
402,192,70862,1,0,0:0:0:60:KickMid.wav
475,192,70862,128,0,71076:0:0:0:10:
329,192,71076,1,0,0:0:0:60:KickMid.wav
36,192,71076,1,0,0:0:0:60:CymbalFSU.wav
256,192,71076,1,0,0:0:0:60:DeepBassKick.wav
109,192,71076,1,0,0:0:0:8:
182,192,71183,1,0,0:0:0:20:
402,192,71183,1,0,0:0:0:20:
329,192,71290,1,0,0:0:0:60:KickMid.wav
256,192,71290,1,0,0:0:0:60:CymbalFSU.wav
36,192,71290,1,0,0:0:0:60:DeepBassKick.wav
475,192,71290,1,0,0:0:0:8:
182,192,71398,1,0,0:0:0:20:
109,192,71398,1,0,0:0:0:20:
475,192,71505,1,0,0:0:0:10:
256,192,71505,1,0,0:0:0:10:
402,192,71505,1,0,0:0:0:60:KickMid.wav
329,192,71558,1,0,0:0:0:20:
182,192,71558,1,0,0:0:0:20:
256,192,71612,1,0,0:0:0:60:CymbalFSU.wav
109,192,71612,1,0,0:0:0:60:KickMid.wav
36,192,71612,1,0,0:0:0:60:DeepBassKick.wav
475,192,71612,1,0,0:0:0:8:
329,192,71719,1,0,0:0:0:20:
402,192,71719,1,0,0:0:0:20:
36,192,71826,1,0,0:0:0:60:KickMid.wav
109,192,71826,1,0,0:0:0:10:
256,192,71826,1,0,0:0:0:10:
182,192,71880,1,0,0:0:0:20:
329,192,71880,1,0,0:0:0:20:
256,192,71933,1,0,0:0:0:60:DeepBassKick.wav
402,192,71933,1,0,0:0:0:60:CymbalFSU.wav
36,192,71933,1,0,0:0:0:60:KickMid.wav
475,192,71933,128,0,72308:0:0:0:8:
182,192,72094,1,0,0:0:0:13:
109,192,72094,1,0,0:0:0:13:
182,192,72201,1,0,0:0:0:13:
109,192,72201,1,0,0:0:0:13:
36,192,72362,128,0,72737:0:0:0:60:KickMid.wav
182,192,72362,1,0,0:0:0:60:CymbalFSU.wav
256,192,72362,1,0,0:0:0:60:DeepBassKick.wav
402,192,72362,1,0,0:0:0:8:
329,192,72469,1,0,0:0:0:20:
475,192,72469,1,0,0:0:0:20:
256,192,72523,1,0,0:0:0:13:
109,192,72523,1,0,0:0:0:13:
36,192,72790,1,0,0:0:0:60:CymbalFSU.wav
109,192,72790,1,0,0:0:0:60:DeepBassKick.wav
182,192,72790,1,0,0:0:0:60:KickMid.wav
402,192,72790,1,0,0:0:0:8:
329,192,72898,1,0,0:0:0:40:
182,192,73005,1,0,0:0:0:60:KickMid.wav
109,192,73005,1,0,0:0:0:8:
36,192,73005,1,0,0:0:0:8:
475,192,73005,1,0,0:0:0:8:
36,192,73112,1,0,0:0:0:60:CymbalFSU.wav
329,192,73112,1,0,0:0:0:60:DeepBassKick.wav
402,192,73112,1,0,0:0:0:8:
475,192,73112,1,0,0:0:0:60:KickMid.wav
182,192,73219,1,0,0:0:0:40:
109,192,73326,1,0,0:0:0:8:
329,192,73326,1,0,0:0:0:8:
402,192,73326,1,0,0:0:0:8:
475,192,73326,1,0,0:0:0:60:KickMid.wav
182,192,73433,1,0,0:0:0:60:KickMid.wav
256,192,73433,1,0,0:0:0:20:
329,192,73460,1,0,0:0:0:0:
402,192,73487,1,0,0:0:0:40:
475,192,73514,1,0,0:0:0:0:
109,192,73540,1,0,0:0:0:20:
182,192,73540,1,0,0:0:0:20:
256,192,73567,1,0,0:0:0:0:
329,192,73594,1,0,0:0:0:40:
36,192,73648,1,0,0:0:0:13:
109,192,73648,1,0,0:0:0:13:
182,192,73674,1,0,0:0:0:40:
256,192,73701,1,0,0:0:0:40:
329,192,73728,1,0,0:0:0:40:
402,192,73755,1,0,0:0:0:20:
475,192,73755,1,0,0:0:0:20:
109,192,73808,1,0,0:0:0:20:
36,192,73808,1,0,0:0:0:20:
402,192,73862,1,0,0:0:0:60:KickMid.wav
475,192,73862,1,0,0:0:0:13:
329,192,73969,1,0,0:0:0:60:CymbalFSU.wav
182,192,73969,1,0,0:0:0:8:
36,192,73969,1,0,0:0:0:60:DeepBassKick.wav
109,192,73969,1,0,0:0:0:60:KickMid.wav
475,192,74183,1,0,0:0:0:60:KickMid.wav
402,192,74183,1,0,0:0:0:13:
329,192,74210,1,0,0:0:0:40:
256,192,74237,1,0,0:0:0:20:
182,192,74264,1,0,0:0:0:40:
109,192,74290,1,0,0:0:0:20:
36,192,74290,128,0,74398:0:0:0:20:
36,192,74505,1,0,0:0:0:60:KickMid.wav
109,192,74505,1,0,0:0:0:8:
256,192,74505,1,0,0:0:0:60:CymbalFSU.wav
402,192,74505,1,0,0:0:0:60:DeepBassKick.wav
182,192,74612,1,0,0:0:0:40:
109,192,74719,1,0,0:0:0:60:CymbalFSU.wav
256,192,74719,1,0,0:0:0:60:KickMid.wav
402,192,74719,1,0,0:0:0:8:
475,192,74719,1,0,0:0:0:60:DeepBassKick.wav
329,192,74826,1,0,0:0:0:40:
475,192,74933,1,0,0:0:0:60:KickMid.wav
109,192,74933,1,0,0:0:0:13:
36,192,74933,1,0,0:0:0:13:
402,192,74933,1,0,0:0:0:0:
182,192,74987,1,0,0:0:0:20:
329,192,74987,1,0,0:0:0:20:
475,192,75040,1,0,0:0:0:8:
36,192,75040,1,0,0:0:0:60:KickMid.wav
402,192,75040,1,0,0:0:0:60:DeepBassKick.wav
109,192,75040,1,0,0:0:0:60:CymbalFSU.wav
256,192,75040,1,0,0:0:0:0:
109,192,75255,1,0,0:0:0:60:KickMid.wav
402,192,75255,1,0,0:0:0:20:
182,192,75255,1,0,0:0:0:0:
329,192,75255,1,0,0:0:0:0:
182,192,75362,1,0,0:0:0:8:
36,192,75362,1,0,0:0:0:60:KickMid.wav
256,192,75362,1,0,0:0:0:60:DeepBassKick.wav
329,192,75362,1,0,0:0:0:60:CymbalFSU.wav
475,192,75362,1,0,0:0:0:8:
329,192,75576,1,0,0:0:0:20:
402,192,75683,1,0,0:0:0:20:
475,192,75790,1,0,0:0:0:13:
182,192,75790,1,0,0:0:0:13:
109,192,76005,1,0,0:0:0:13:
402,192,76005,1,0,0:0:0:13:
329,192,76219,1,0,0:0:0:60:KickMid.wav
256,192,76219,1,8,0:0:0:50:
36,192,76219,1,0,0:0:0:8:
475,192,76433,1,0,0:0:0:20:
182,192,76648,1,4,0:0:0:30:
109,192,76648,1,0,0:0:0:8:
475,192,76648,1,0,0:0:0:8:
402,192,76862,1,0,0:0:0:20:
329,192,77076,1,0,0:0:0:8:
109,192,77076,1,8,0:0:0:30:
36,192,77076,1,0,0:0:0:8:
256,192,77290,1,0,0:0:0:20:
109,192,77398,1,0,0:0:0:20:
182,192,77505,1,4,0:0:0:50:
402,192,77505,1,0,0:0:0:8:
475,192,77505,1,0,0:0:0:8:
36,192,77719,1,0,0:0:0:20:
182,192,77933,1,0,0:0:0:8:
256,192,77933,1,0,0:0:0:8:
475,192,77933,1,8,0:0:0:50:
36,192,78148,1,0,0:0:0:20:
182,192,78362,1,0,0:0:0:8:
402,192,78362,1,4,0:0:0:50:
329,192,78362,1,0,0:0:0:8:
256,192,78576,1,0,0:0:0:20:
329,192,78683,1,0,0:0:0:20:
402,192,78790,1,0,0:0:0:8:
182,192,78790,1,8,0:0:0:30:
36,192,78790,1,0,0:0:0:8:
329,192,79005,1,0,0:0:0:20:
256,192,79112,1,0,0:0:0:20:
182,192,79219,1,0,0:0:0:8:
109,192,79219,1,4,0:0:0:50:
36,192,79219,1,0,0:0:0:8:
256,192,79433,1,0,0:0:0:20:
329,192,79540,1,0,0:0:0:20:
402,192,79648,1,0,0:0:0:8:
182,192,79648,1,0,0:0:0:8:
109,192,79648,1,8,0:0:0:50:
256,192,79862,1,0,0:0:0:20:
402,192,80076,1,0,0:0:0:8:
36,192,80076,1,4,0:0:0:50:
182,192,80076,1,0,0:0:0:8:
475,192,80290,1,0,0:0:0:20:
402,192,80398,1,0,0:0:0:20:
329,192,80505,1,8,0:0:0:50:
256,192,80505,1,0,0:0:0:8:
109,192,80505,1,0,0:0:0:8:
402,192,80719,1,0,0:0:0:20:
256,192,80933,1,4,0:0:0:50:
182,192,80933,1,0,0:0:0:8:
36,192,80933,1,0,0:0:0:8:
329,192,81148,1,0,0:0:0:20:
402,192,81255,1,0,0:0:0:20:
475,192,81362,1,0,0:0:0:60:KickMid.wav
256,192,81362,1,0,0:0:0:8:
182,192,81362,1,0,0:0:0:60:DeepBassKick.wav
36,192,81362,1,0,0:0:0:60:CymbalFSU.wav
475,192,81576,1,0,0:0:0:60:CymbalFSU.wav
402,192,81576,1,0,0:0:0:60:KickMid.wav
256,192,81576,1,0,0:0:0:8:
182,192,81576,1,0,0:0:0:60:DeepBassKick.wav
402,192,81683,1,0,0:0:0:60:DeepBassKick.wav
475,192,81683,1,0,0:0:0:60:CymbalFSU.wav
109,192,81683,1,0,0:0:0:60:KickMid.wav
36,192,81683,1,0,0:0:0:8:
256,192,81862,1,0,0:0:0:8:
402,192,81862,1,0,0:0:0:60:KickMid.wav
329,192,81862,1,0,0:0:0:8:
109,192,81933,1,0,0:0:0:13:
36,192,81933,1,0,0:0:0:13:
182,192,81933,1,0,0:0:0:60:KickMid.wav
329,192,82005,1,0,0:0:0:60:KickMid.wav
475,192,82005,1,0,0:0:0:13:
402,192,82005,1,0,0:0:0:13:
256,192,82076,1,0,0:0:0:13:
182,192,82076,1,0,0:0:0:60:KickMid.wav
109,192,82076,1,0,0:0:0:13:
329,192,82148,1,0,0:0:0:13:
475,192,82148,1,0,0:0:0:13:
402,192,82148,1,0,0:0:0:60:KickMid.wav
256,192,82219,1,0,0:0:0:8:
109,192,82219,1,0,0:0:0:60:DeepBassKick.wav
36,192,82219,1,0,0:0:0:60:KickMid.wav
182,192,82219,1,0,0:0:0:60:CymbalFSU.wav
182,192,82362,1,0,0:0:0:60:KickMid.wav
109,192,82362,1,0,0:0:0:8:
36,192,82362,1,0,0:0:0:8:
256,192,82433,1,0,0:0:0:8:
329,192,82433,1,0,0:0:0:60:KickMid.wav
475,192,82433,1,0,0:0:0:60:DeepBassKick.wav
402,192,82433,1,0,0:0:0:60:CymbalFSU.wav
182,192,82540,1,0,0:0:0:20:
109,192,82648,1,0,0:0:0:60:KickMid.wav
36,192,82648,1,0,0:0:0:8:
402,192,82648,1,0,0:0:0:60:CymbalFSU.wav
475,192,82648,1,0,0:0:0:60:DeepBassKick.wav
475,192,82862,1,0,0:0:0:60:KickMid.wav
402,192,82862,1,0,0:0:0:10:
329,192,82862,1,0,0:0:0:10:
182,192,82915,1,0,0:0:0:60:KickMid.wav
109,192,82915,1,0,0:0:0:13:
329,192,82969,1,0,0:0:0:60:KickMid.wav
402,192,82969,1,0,0:0:0:13:
182,192,83023,1,0,0:0:0:60:KickMid.wav
109,192,83023,1,0,0:0:0:13:
402,192,83076,1,0,0:0:0:60:KickMid.wav
475,192,83076,1,0,0:0:0:60:CymbalFSU.wav
256,192,83076,1,0,0:0:0:10:
329,192,83076,1,0,0:0:0:60:DeepBassKick.wav
109,192,83183,1,0,0:0:0:20:
36,192,83183,1,0,0:0:0:20:
329,192,83290,1,0,0:0:0:8:
402,192,83290,1,0,0:0:0:60:KickMid.wav
475,192,83290,1,0,0:0:0:8:
182,192,83398,1,0,0:0:0:20:
109,192,83398,1,0,0:0:0:20:
36,192,83505,1,0,0:0:0:8:
402,192,83505,1,0,0:0:0:60:KickMid.wav
475,192,83505,1,0,0:0:0:8:
256,192,83612,1,0,0:0:0:20:
182,192,83612,1,0,0:0:0:20:
109,192,83719,1,0,0:0:0:60:KickMid.wav
36,192,83719,1,0,0:0:0:8:
475,192,83719,1,0,0:0:0:8:
329,192,83826,1,0,0:0:0:20:
256,192,83826,1,0,0:0:0:20:
36,192,83933,128,0,84362:0:0:0:10:
475,192,83933,1,0,0:0:0:10:
109,192,84148,128,0,84362:0:0:0:10:
402,192,84148,1,0,0:0:0:10:
182,192,84255,128,0,84362:0:0:0:10:
329,192,84255,1,0,0:0:0:10:
256,192,84362,1,0,0:0:0:10:
475,192,84362,1,0,0:0:0:10:
256,192,84576,1,0,0:0:0:10:
36,192,84576,1,0,0:0:0:10:
36,192,84790,1,0,0:0:0:60:KickMid.wav
109,192,84790,1,0,0:0:0:60:DeepBassKick.wav
475,192,84790,1,0,0:0:0:60:CymbalFSU.wav
182,192,84817,1,0,0:0:0:0:
256,192,84844,1,0,0:0:0:0:
329,192,84871,1,0,0:0:0:0:
402,192,84898,1,0,0:0:0:20:
36,192,85005,1,0,0:0:0:60:KickMid.wav
182,192,85005,1,0,0:0:0:8:
475,192,85005,1,0,0:0:0:8:
256,192,85005,1,0,0:0:0:8:
329,192,85112,1,0,0:0:0:20:
402,192,85112,1,0,0:0:0:20:
475,192,85219,128,0,85433:0:0:0:60:KickMid.wav
109,192,85219,1,0,0:0:0:8:
36,192,85219,1,0,0:0:0:8:
402,192,85326,1,0,0:0:0:60:KickMid.wav
329,192,85326,1,0,0:0:0:20:
109,192,85380,1,0,0:0:0:60:KickMid.wav
182,192,85380,1,0,0:0:0:0:
329,192,85433,128,0,85648:0:0:0:10:
402,192,85433,1,0,0:0:0:60:KickMid.wav
256,192,85433,1,0,0:0:0:10:
109,192,85540,1,0,0:0:0:13:
36,192,85540,1,0,0:0:0:60:KickMid.wav
182,192,85594,1,0,0:0:0:60:KickMid.wav
256,192,85594,1,0,0:0:0:0:
109,192,85648,1,0,0:0:0:8:
36,192,85648,1,0,0:0:0:60:KickMid.wav
402,192,85648,1,0,0:0:0:60:DeepBassKick.wav
475,192,85648,1,0,0:0:0:60:CymbalFSU.wav
109,192,85808,1,0,0:0:0:8:
36,192,85808,1,0,0:0:0:60:DeepBassKick.wav
402,192,85808,1,0,0:0:0:60:KickMid.wav
475,192,85808,1,0,0:0:0:60:CymbalFSU.wav
402,192,85969,1,0,0:0:0:60:CymbalFSU.wav
329,192,85969,1,0,0:0:0:60:DeepBassKick.wav
182,192,85969,1,0,0:0:0:60:KickMid.wav
109,192,85969,1,0,0:0:0:8:
182,192,86076,1,0,0:0:0:60:CymbalFSU.wav
109,192,86076,1,0,0:0:0:8:
329,192,86076,1,0,0:0:0:60:DeepBassKick.wav
402,192,86076,1,0,0:0:0:60:KickMid.wav
402,192,86183,1,0,0:0:0:60:CymbalFSU.wav
329,192,86183,1,0,0:0:0:60:DeepBassKick.wav
182,192,86183,1,0,0:0:0:8:
109,192,86183,1,0,0:0:0:60:KickMid.wav
402,192,86290,1,0,0:0:0:8:
475,192,86290,1,0,0:0:0:8:
256,192,86290,1,0,0:0:0:60:KickMid.wav
329,192,86344,1,0,0:0:0:20:
182,192,86398,1,0,0:0:0:10:
109,192,86398,1,0,0:0:0:10:
36,192,86398,1,0,0:0:0:60:KickMid.wav
256,192,86424,1,0,0:0:0:40:
329,192,86451,1,0,0:0:0:40:
402,192,86478,1,0,0:0:0:40:
475,192,86505,1,0,0:0:0:60:KickMid.wav
182,192,86505,1,0,0:0:0:60:DeepBassKick.wav
109,192,86505,1,0,0:0:0:8:
36,192,86505,1,0,0:0:0:60:CymbalFSU.wav
256,192,86612,1,0,0:0:0:20:
36,192,86719,128,0,86933:0:0:0:13:
329,192,86719,1,0,0:0:0:13:
402,192,86719,1,0,0:0:0:13:
402,192,86826,1,0,0:0:0:13:
329,192,86826,1,0,0:0:0:13:
182,192,86933,128,0,87148:0:0:0:10:
329,192,86933,1,0,0:0:0:10:
402,192,86933,1,0,0:0:0:10:
475,192,87148,128,0,87362:0:0:0:10:
256,192,87148,1,0,0:0:0:10:
109,192,87148,1,0,0:0:0:60:KickMid.wav
36,192,87148,1,0,0:0:0:10:
329,192,87255,128,0,87362:0:0:0:10:
256,192,87362,128,0,87576:0:0:0:10:
182,192,87362,1,0,0:0:0:60:KickMid.wav
109,192,87362,1,0,0:0:0:10:
402,192,87362,1,0,0:0:0:10:
329,192,87469,1,0,0:0:0:13:
475,192,87469,1,0,0:0:0:13:
182,192,87523,1,0,0:0:0:20:
36,192,87523,1,0,0:0:0:20:
402,192,87576,128,0,87790:0:0:0:13:
329,192,87576,1,0,0:0:0:13:
36,192,87790,1,0,0:0:0:60:KickMid.wav
329,192,87790,1,0,0:0:0:10:
475,192,87790,1,0,0:0:0:10:
109,192,87817,1,0,0:0:0:40:
182,192,87844,1,0,0:0:0:40:
256,192,87871,1,0,0:0:0:40:
329,192,87898,1,0,0:0:0:40:
402,192,87924,1,0,0:0:0:40:
475,192,87951,1,0,0:0:0:40:
36,192,88005,1,0,0:0:0:20:
109,192,88023,1,0,0:0:0:0:
182,192,88040,1,0,0:0:0:0:
256,192,88058,1,0,0:0:0:40:
329,192,88076,1,0,0:0:0:0:
402,192,88094,1,0,0:0:0:0:
475,192,88112,1,0,0:0:0:40:
36,192,88130,1,0,0:0:0:0:
109,192,88148,1,0,0:0:0:0:
182,192,88165,1,0,0:0:0:40:
256,192,88219,1,0,0:0:0:60:DeepBassKick.wav
329,192,88219,1,0,0:0:0:60:KickMid.wav
402,192,88219,1,0,0:0:0:60:CymbalFSU.wav
475,192,88219,1,0,0:0:0:10:
109,192,88326,1,0,0:0:0:20:
36,192,88326,1,0,0:0:0:20:
182,192,88433,1,0,0:0:0:60:CymbalFSU.wav
256,192,88433,1,0,0:0:0:8:
329,192,88433,1,0,0:0:0:60:KickMid.wav
402,192,88433,1,0,0:0:0:60:DeepBassKick.wav
475,192,88540,1,0,0:0:0:20:
109,192,88540,1,0,0:0:0:20:
329,192,88648,128,0,88755:0:0:0:10:
36,192,88648,1,0,0:0:0:60:KickMid.wav
256,192,88648,1,0,0:0:0:10:
475,192,88755,128,0,88862:0:0:0:60:KickMid.wav
182,192,88755,1,0,0:0:0:10:
402,192,88755,1,0,0:0:0:10:
36,192,88862,128,0,88969:0:0:0:10:
329,192,88862,1,0,0:0:0:60:KickMid.wav
109,192,88862,1,0,0:0:0:10:
256,192,88969,1,0,0:0:0:60:KickMid.wav
182,192,88969,128,0,89076:0:0:0:10:
475,192,88969,1,0,0:0:0:10:
329,192,89076,1,0,0:0:0:60:KickMid.wav
402,192,89076,1,0,0:0:0:60:DeepBassKick.wav
109,192,89076,1,0,0:0:0:60:CymbalFSU.wav
36,192,89076,1,0,0:0:0:8:
109,192,89290,1,0,0:0:0:8:
182,192,89290,1,0,0:0:0:60:KickMid.wav
402,192,89290,1,0,0:0:0:60:CymbalFSU.wav
475,192,89290,1,0,0:0:0:60:DeepBassKick.wav
36,192,89505,1,0,0:0:0:60:CymbalFSU.wav
109,192,89505,1,0,0:0:0:60:KickMid.wav
402,192,89505,1,0,0:0:0:60:DeepBassKick.wav
475,192,89505,1,0,0:0:0:8:
182,192,89558,1,0,0:0:0:20:
256,192,89612,1,0,0:0:0:20:
329,192,89665,1,0,0:0:0:20:
475,192,89719,1,0,0:0:0:13:
402,192,89719,1,0,0:0:0:13:
109,192,89773,1,0,0:0:0:13:
36,192,89773,1,0,0:0:0:13:
402,192,89826,1,0,0:0:0:13:
475,192,89826,1,0,0:0:0:13:
109,192,89880,1,0,0:0:0:13:
36,192,89880,1,0,0:0:0:13:
475,192,89933,128,0,90790:0:0:0:13:
329,192,89933,1,0,0:0:0:13:
402,192,89933,1,0,0:0:0:13:
256,192,90040,1,0,0:0:0:20:
402,192,90148,1,0,0:0:0:20:
329,192,90148,1,0,0:0:0:20:
182,192,90255,1,0,0:0:0:20:
329,192,90362,1,0,0:0:0:20:
402,192,90362,1,0,0:0:0:20:
109,192,90469,1,0,0:0:0:20:
329,192,90576,1,0,0:0:0:20:
402,192,90576,1,0,0:0:0:20:
36,192,90683,1,0,0:0:0:20:
256,192,90790,128,0,90844:0:0:0:8:
182,192,90790,128,0,90844:0:0:0:8:
329,192,90898,128,0,90951:0:0:0:10:
402,192,90898,128,0,90951:0:0:0:10:
182,192,91005,128,0,91058:0:0:0:8:
109,192,91005,128,0,91058:0:0:0:8:
36,192,91005,128,0,91058:0:0:0:8:
329,192,91112,128,0,91165:0:0:0:10:
402,192,91112,128,0,91165:0:0:0:10:
182,192,91219,128,0,91273:0:0:0:8:
109,192,91219,128,0,91273:0:0:0:8:
36,192,91219,128,0,91273:0:0:0:8:
402,192,91326,128,0,91380:0:0:0:10:
329,192,91326,128,0,91380:0:0:0:10:
36,192,91433,128,0,91487:0:0:0:8:
109,192,91433,128,0,91487:0:0:0:8:
182,192,91433,128,0,91487:0:0:0:8:
329,192,91540,128,0,91594:0:0:0:10:
402,192,91540,128,0,91594:0:0:0:10:
256,192,91648,1,0,0:0:0:8:
182,192,91648,1,0,0:0:0:8:
109,192,91648,1,0,0:0:0:8:
36,192,91648,1,0,0:0:0:60:KickMid.wav
329,192,91755,1,0,0:0:0:8:
402,192,91755,1,0,0:0:0:8:
475,192,91755,128,0,92076:0:0:0:8:
256,192,92076,1,0,0:0:0:8:
182,192,92076,1,0,0:0:0:8:
109,192,92076,1,0,0:0:0:8:
36,192,92076,1,0,0:0:0:60:KickMid.wav
402,192,92183,128,0,92505:0:0:0:8:
329,192,92183,1,0,0:0:0:8:
475,192,92183,128,0,92505:0:0:0:8:
256,192,92505,1,0,0:0:0:8:
182,192,92505,1,0,0:0:0:8:
109,192,92505,1,0,0:0:0:8:
36,192,92505,1,0,0:0:0:60:KickMid.wav
329,192,92612,128,0,92880:0:0:0:8:
402,192,92612,128,0,92880:0:0:0:8:
475,192,92612,128,0,92880:0:0:0:8:
36,192,92612,1,0,0:0:0:8:
109,192,92719,1,0,0:0:0:20:
182,192,92826,1,0,0:0:0:20:
36,192,92933,128,0,93362:0:0:0:8:
329,192,92933,128,0,93040:0:0:0:0:
402,192,92933,128,0,93148:0:0:0:0:
475,192,92933,128,0,93255:0:0:0:0:
182,192,93362,1,0,0:0:0:13:
329,192,93362,1,0,0:0:0:13:
475,192,93362,1,0,0:0:0:60:KickMid.wav
182,192,93790,1,0,0:0:0:60:DeepBassKick.wav
109,192,93790,1,0,0:0:0:60:CymbalFSU.wav
36,192,93790,128,0,94326:0:0:0:60:KickMid.wav
475,192,94112,128,0,94326:0:0:0:13:
329,192,94112,1,0,0:0:0:13:
402,192,94112,1,0,0:0:0:13:
36,192,94433,128,0,95076:0:0:0:20:
109,192,94433,1,0,0:0:0:60:KickMid.wav
402,192,94433,1,0,0:0:0:0:
109,192,94648,128,0,94862:0:0:0:40:
182,192,94755,128,0,94862:0:0:0:40:
256,192,94862,128,0,95076:0:0:0:40:
329,192,94969,128,0,95076:0:0:0:40:
475,192,95076,1,0,0:0:0:13:
402,192,95076,1,0,0:0:0:60:KickMid.wav
182,192,95112,1,0,0:0:0:20:
109,192,95112,1,0,0:0:0:60:KickMid.wav
256,192,95148,1,0,0:0:0:20:
329,192,95148,1,0,0:0:0:60:KickMid.wav
109,192,95219,1,0,0:0:0:13:
36,192,95219,1,0,0:0:0:60:KickMid.wav
256,192,95290,1,0,0:0:0:10:
329,192,95290,1,0,0:0:0:10:
402,192,95290,1,0,0:0:0:60:KickMid.wav
109,192,95398,1,0,0:0:0:10:
182,192,95398,1,0,0:0:0:10:
256,192,95398,1,0,0:0:0:60:KickMid.wav
109,192,95505,1,0,0:0:0:8:
402,192,95505,1,0,0:0:0:8:
475,192,95505,1,0,0:0:0:60:KickMid.wav
36,192,95505,1,0,0:0:0:8:
182,192,95612,1,0,0:0:0:20:
256,192,95612,1,0,0:0:0:60:KickMid.wav
329,192,95612,1,0,0:0:0:0:
109,192,95719,1,0,0:0:0:60:KickMid.wav
36,192,95719,1,0,0:0:0:8:
402,192,95719,1,0,0:0:0:8:
475,192,95719,1,0,0:0:0:8:
329,192,95826,1,0,0:0:0:20:
256,192,95826,1,0,0:0:0:60:KickMid.wav
182,192,95826,1,0,0:0:0:0:
256,192,96148,1,0,0:0:0:8:
109,192,96148,1,0,0:0:0:60:KickMid.wav
475,192,96148,1,0,0:0:0:60:CymbalFSU.wav
402,192,96148,1,0,0:0:0:60:DeepBassKick.wav
402,192,96469,1,0,0:0:0:60:CymbalFSU.wav
256,192,96469,1,0,0:0:0:60:DeepBassKick.wav
109,192,96469,1,0,0:0:0:8:
36,192,96469,1,0,0:0:0:60:KickMid.wav
36,192,96790,1,0,0:0:0:60:KickMid.wav
109,192,96790,1,0,0:0:0:10:
475,192,96790,1,0,0:0:0:10:
402,192,96817,1,0,0:0:0:40:
329,192,96844,1,0,0:0:0:40:
256,192,96871,1,0,0:0:0:40:
182,192,96898,1,0,0:0:0:60:KickMid.wav
109,192,96898,1,0,0:0:0:20:
402,192,96951,1,0,0:0:0:20:
475,192,96951,1,0,0:0:0:60:KickMid.wav
329,192,97005,1,0,0:0:0:10:
256,192,97005,1,0,0:0:0:10:
36,192,97005,1,0,0:0:0:60:KickMid.wav
182,192,97112,128,0,97433:0:0:0:40:
329,192,97219,1,0,0:0:0:20:
402,192,97219,1,0,0:0:0:20:
402,192,97433,1,0,0:0:0:20:
329,192,97433,1,0,0:0:0:20:
36,192,97540,1,0,0:0:0:60:DeepBassKick.wav
475,192,97540,1,0,0:0:0:60:CymbalFSU.wav
256,192,97540,1,0,0:0:0:60:KickMid.wav
402,192,97540,1,0,0:0:0:8:
475,192,97862,1,0,0:0:0:60:DeepBassKick.wav
329,192,97862,1,0,0:0:0:60:CymbalFSU.wav
182,192,97862,1,0,0:0:0:60:KickMid.wav
36,192,97862,1,0,0:0:0:8:
256,192,98183,1,0,0:0:0:60:KickMid.wav
109,192,98183,1,0,0:0:0:60:DeepBassKick.wav
36,192,98183,1,0,0:0:0:8:
475,192,98183,1,0,0:0:0:60:CymbalFSU.wav
36,192,98505,128,0,98719:0:0:0:13:
109,192,98558,128,0,98719:0:0:0:40:
182,192,98612,128,0,98719:0:0:0:40:
256,192,98665,128,0,98719:0:0:0:40:
475,192,98719,128,0,98933:0:0:0:40:
402,192,98773,128,0,98933:0:0:0:40:
329,192,98826,128,0,98933:0:0:0:40:
256,192,98880,128,0,98933:0:0:0:40:
36,192,98933,1,0,0:0:0:20:
109,192,98987,1,0,0:0:0:20:
182,192,99040,1,0,0:0:0:20:
256,192,99094,1,0,0:0:0:20:
329,192,99148,1,0,0:0:0:20:
402,192,99201,1,0,0:0:0:20:
475,192,99255,1,0,0:0:0:60:DeepBassKick.wav
182,192,99255,1,0,0:0:0:10:
109,192,99255,1,0,0:0:0:60:KickMid.wav
36,192,99255,1,0,0:0:0:10:
36,192,99362,1,0,0:0:0:10:
182,192,99362,1,0,0:0:0:60:DeepBassKick.wav
109,192,99362,1,0,0:0:0:60:KickMid.wav
475,192,99362,1,0,0:0:0:10:
402,192,99576,1,0,0:0:0:10:
329,192,99576,1,0,0:0:0:60:DeepBassKick.wav
256,192,99576,1,0,0:0:0:10:
182,192,99576,1,0,0:0:0:60:KickMid.wav
182,192,99898,1,0,0:0:0:60:CymbalFSU.wav
109,192,99898,1,0,0:0:0:60:DeepBassKick.wav
402,192,99898,1,0,0:0:0:10:
475,192,99898,1,0,0:0:0:60:KickMid.wav
329,192,100005,1,0,0:0:0:20:
256,192,100005,1,0,0:0:0:20:
475,192,100219,1,0,0:0:0:10:
36,192,100219,1,0,0:0:0:60:KickMid.wav
182,192,100219,1,0,0:0:0:10:
402,192,100326,1,0,0:0:0:20:
256,192,100326,1,0,0:0:0:60:KickMid.wav
329,192,100326,1,0,0:0:0:0:
182,192,100380,1,0,0:0:0:60:KickMid.wav
109,192,100380,1,0,0:0:0:20:
36,192,100380,1,0,0:0:0:0:
329,192,100433,1,0,0:0:0:60:KickMid.wav
475,192,100433,1,0,0:0:0:13:
402,192,100433,1,0,0:0:0:13:
256,192,100540,1,0,0:0:0:10:
182,192,100540,1,0,0:0:0:10:
109,192,100540,1,0,0:0:0:60:KickMid.wav
475,192,100755,1,0,0:0:0:13:
402,192,100755,1,0,0:0:0:13:
475,192,100862,128,0,101076:0:0:0:13:
402,192,100862,128,0,101076:0:0:0:13:
329,192,100969,1,0,0:0:0:40:
256,192,100969,1,0,0:0:0:0:
182,192,101076,128,0,101290:0:0:0:13:
109,192,101076,1,0,0:0:0:13:
36,192,101290,128,0,101505:0:0:0:60:KickMid.wav
256,192,101290,1,0,0:0:0:10:
329,192,101290,1,0,0:0:0:10:
182,192,101505,1,0,0:0:0:40:
256,192,101612,128,0,101826:0:0:0:10:
109,192,101612,128,0,101826:0:0:0:10:
402,192,101612,1,0,0:0:0:60:KickMid.wav
182,192,101933,1,0,0:0:0:13:
475,192,101933,1,0,0:0:0:60:CymbalFSU.wav
36,192,101933,1,0,0:0:0:13:
256,192,101987,1,0,0:0:0:0:
329,192,102040,1,0,0:0:0:0:
402,192,102094,1,0,0:0:0:0:
475,192,102148,128,0,102255:0:0:0:13:
256,192,102148,128,0,102255:0:0:0:13:
109,192,102255,1,0,0:0:0:20:
36,192,102255,1,0,0:0:0:60:KickMid.wav
256,192,102362,128,0,102469:0:0:0:13:
475,192,102362,128,0,102469:0:0:0:13:
182,192,102469,1,0,0:0:0:60:KickMid.wav
109,192,102469,1,0,0:0:0:13:
36,192,102469,1,0,0:0:0:13:
256,192,102576,128,0,102683:0:0:0:13:
475,192,102576,128,0,102683:0:0:0:13:
329,192,102683,128,0,102898:0:0:0:60:KickMid.wav
182,192,102683,128,0,102898:0:0:0:8:
109,192,102683,1,0,0:0:0:8:
402,192,102683,1,0,0:0:0:8:
256,192,102898,1,0,0:0:0:0:
182,192,103005,128,0,103219:0:0:0:60:KickMid.wav
329,192,103005,128,0,103219:0:0:0:8:
475,192,103005,1,0,0:0:0:8:
36,192,103005,1,0,0:0:0:8:
256,192,103219,1,0,0:0:0:0:
109,192,103326,1,0,0:0:0:8:
36,192,103326,1,0,0:0:0:60:KickMid.wav
402,192,103326,1,0,0:0:0:8:
475,192,103326,1,0,0:0:0:8:
475,192,103433,1,0,0:0:0:8:
329,192,103433,1,0,0:0:0:60:KickMid.wav
182,192,103433,1,0,0:0:0:60:CymbalFSU.wav
36,192,103433,1,0,0:0:0:60:DeepBassKick.wav
256,192,103648,128,0,104290:0:0:0:60:DeepBassKick.wav
402,192,103648,1,0,0:0:0:6:
109,192,103648,1,0,0:0:0:60:KickMid.wav
182,192,103648,128,0,103862:0:0:0:60:CymbalFSU.wav
329,192,103862,128,0,104076:0:0:0:20:
109,192,103969,1,0,0:0:0:20:
402,192,103969,1,0,0:0:0:20:
182,192,104076,128,0,104290:0:0:0:20:
109,192,104290,1,0,0:0:0:8:
402,192,104290,1,0,0:0:0:8:
36,192,104505,1,0,0:0:0:60:KickMid.wav
109,192,104505,1,0,0:0:0:8:
475,192,104505,1,0,0:0:0:8:
402,192,104576,1,0,0:0:0:20:
329,192,104576,1,0,0:0:0:20:
182,192,104648,1,0,0:0:0:20:
256,192,104648,1,0,0:0:0:20:
36,192,104719,1,0,0:0:0:8:
402,192,104719,1,0,0:0:0:8:
475,192,104719,1,0,0:0:0:60:KickMid.wav
329,192,104790,1,0,0:0:0:20:
256,192,104790,1,0,0:0:0:20:
182,192,104862,1,0,0:0:0:20:
109,192,104862,1,0,0:0:0:20:
402,192,104933,1,0,0:0:0:10:
329,192,104933,1,0,0:0:0:10:
256,192,105040,1,0,0:0:0:13:
182,192,105040,1,0,0:0:0:13:
36,192,105040,1,0,0:0:0:60:KickMid.wav
109,192,105148,1,0,0:0:0:10:
256,192,105148,1,0,0:0:0:10:
329,192,105148,1,0,0:0:0:60:KickMid.wav
182,192,105255,1,0,0:0:0:10:
329,192,105255,1,0,0:0:0:10:
402,192,105255,1,0,0:0:0:60:KickMid.wav
256,192,105362,1,0,0:0:0:60:KickMid.wav
402,192,105362,1,0,0:0:0:60:CymbalFSU.wav
475,192,105362,1,0,0:0:0:60:DeepBassKick.wav
36,192,105389,1,0,0:0:0:0:
109,192,105415,1,0,0:0:0:0:
182,192,105442,1,0,0:0:0:0:
475,192,105469,1,0,0:0:0:0:
402,192,105496,1,0,0:0:0:0:
329,192,105523,1,0,0:0:0:0:
256,192,105549,1,0,0:0:0:0:
182,192,105576,1,0,0:0:0:0:
36,192,105576,1,0,0:0:0:0:
475,192,105612,1,0,0:0:0:0:
402,192,105648,1,0,0:0:0:0:
329,192,105683,1,0,0:0:0:0:
109,192,105683,1,0,0:0:0:0:
182,192,105737,1,0,0:0:0:0:
36,192,105790,1,0,0:0:0:60:KickMid.wav
256,192,105790,1,0,0:0:0:10:
402,192,105790,1,0,0:0:0:0:
256,192,106005,1,0,0:0:0:60:KickMid.wav
475,192,106005,1,0,0:0:0:10:
109,192,106005,1,0,0:0:0:0:
402,192,106433,128,0,106755:0:0:0:60:DeepBassKick.wav
475,192,106433,128,0,106755:0:0:0:8:
329,192,106433,1,0,0:0:0:60:CymbalFSU.wav
256,192,106433,1,0,0:0:0:60:KickMid.wav
329,192,106755,128,0,107076:0:0:0:60:DeepBassKick.wav
256,192,106755,128,0,107076:0:0:0:8:
182,192,106755,1,0,0:0:0:60:CymbalFSU.wav
109,192,106755,1,0,0:0:0:60:KickMid.wav
182,192,107076,128,0,107290:0:0:0:60:DeepBassKick.wav
109,192,107076,128,0,107290:0:0:0:8:
36,192,107076,1,0,0:0:0:60:CymbalFSU.wav
475,192,107076,1,0,0:0:0:60:KickMid.wav
402,192,107290,1,0,0:0:0:20:
329,192,107290,1,0,0:0:0:60:KickMid.wav
182,192,107398,1,0,0:0:0:20:
109,192,107398,1,0,0:0:0:20:
256,192,107719,1,0,0:0:0:10:
182,192,107719,1,0,0:0:0:10:
109,192,107933,1,0,0:0:0:60:DeepBassKick.wav
36,192,107933,1,0,0:0:0:60:KickMid.wav
475,192,107933,1,0,0:0:0:60:CymbalFSU.wav
256,192,107933,128,0,108255:0:0:0:10:
329,192,108255,128,0,108576:0:0:0:40:
109,192,108255,1,0,0:0:0:0:
402,192,108576,128,0,108683:0:0:0:13:
182,192,108576,1,0,0:0:0:13:
256,192,108683,1,0,0:0:0:20:
109,192,109005,1,0,0:0:0:60:CymbalFSU.wav
36,192,109005,1,0,0:0:0:8:
475,192,109005,1,0,0:0:0:60:KickMid.wav
402,192,109005,1,0,0:0:0:60:DeepBassKick.wav
329,192,109058,1,0,0:0:0:40:
256,192,109112,1,0,0:0:0:40:
182,192,109165,1,0,0:0:0:40:
329,192,109219,1,0,0:0:0:40:
256,192,109273,1,0,0:0:0:40:
182,192,109326,1,0,0:0:0:40:
109,192,109380,1,0,0:0:0:40:
256,192,109433,1,0,0:0:0:40:
182,192,109487,1,0,0:0:0:40:
109,192,109540,1,0,0:0:0:40:
36,192,109594,1,0,0:0:0:40:
256,192,109648,1,0,0:0:0:0:
329,192,109648,1,0,0:0:0:0:
402,192,109648,1,0,0:0:0:0:
475,192,109648,1,0,0:0:0:0:
256,192,116719,5,0,0:0:0:0:
329,192,116826,1,0,0:0:0:0:
402,192,116933,1,0,0:0:0:0:
329,192,117147,1,0,0:0:0:0:
256,192,117362,5,0,0:0:0:20:
36,192,117362,128,0,118219:0:0:0:20:
109,192,117362,1,0,0:0:0:0:
475,192,117576,1,0,0:0:0:20:
475,192,117790,1,0,0:0:0:20:
109,192,117790,1,0,0:0:0:0:
402,192,118005,1,0,0:0:0:20:
329,192,118219,1,0,0:0:0:20:
256,192,118219,128,0,119076:0:0:0:0:
182,192,118433,1,0,0:0:0:20:
109,192,118540,1,0,0:0:0:20:
182,192,118648,1,0,0:0:0:20:
36,192,118862,1,0,0:0:0:20:
182,192,119076,1,0,0:0:0:20:
402,192,119076,128,0,119933:0:0:0:0:
36,192,119290,1,0,0:0:0:20:
182,192,119505,1,0,0:0:0:20:
256,192,119719,1,0,0:0:0:20:
329,192,119826,1,0,0:0:0:20:
109,192,119933,128,0,120790:0:0:0:20:
475,192,119933,1,0,0:0:0:0:
329,192,120148,1,0,0:0:0:20:
182,192,120255,1,0,0:0:0:20:
182,192,120362,1,0,0:0:0:20:
256,192,120576,1,0,0:0:0:20:
402,192,120683,1,0,0:0:0:20:
475,192,120790,1,0,0:0:0:20:
329,192,120790,128,0,121648:0:0:0:0:
182,192,121005,1,0,0:0:0:20:
475,192,121219,1,0,0:0:0:20:
402,192,121433,1,0,0:0:0:20:
256,192,121540,1,0,0:0:0:20:
475,192,121648,128,0,122451:0:0:0:20:
182,192,121648,1,0,0:0:0:0:
256,192,121862,1,0,0:0:0:20:
109,192,122076,1,0,0:0:0:20:
182,192,122290,1,0,0:0:0:20:
256,192,122398,1,0,0:0:0:20:
475,192,122505,1,0,0:0:0:60:CymbalFSU.wav
402,192,122505,1,0,0:0:0:8:
329,192,122505,1,0,0:0:0:60:DeepBassKick.wav
36,192,122505,1,0,0:0:0:60:KickMid.wav
329,192,122719,1,0,0:0:0:60:KickMid.wav
182,192,122719,1,0,0:0:0:8:
109,192,122719,1,0,0:0:0:60:DeepBassKick.wav
36,192,122719,1,0,0:0:0:60:CymbalFSU.wav
256,192,122862,1,0,0:0:0:60:KickMid.wav
402,192,122862,1,0,0:0:0:13:
475,192,122862,1,0,0:0:0:13:
329,192,122933,1,0,0:0:0:10:
182,192,122933,1,0,0:0:0:60:KickMid.wav
109,192,122933,1,0,0:0:0:10:
36,192,123005,1,0,0:0:0:13:
256,192,123005,1,0,0:0:0:60:KickMid.wav
475,192,123005,1,0,0:0:0:13:
402,192,123076,1,0,0:0:0:60:KickMid.wav
329,192,123076,1,0,0:0:0:13:
182,192,123076,1,0,0:0:0:13:
256,192,123148,1,0,0:0:0:60:DeepBassKick.wav
109,192,123148,1,0,0:0:0:8:
36,192,123148,1,0,0:0:0:60:KickMid.wav
475,192,123148,1,0,0:0:0:60:CymbalFSU.wav
182,192,123290,1,0,0:0:0:10:
402,192,123290,1,0,0:0:0:10:
36,192,123290,1,0,0:0:0:60:KickMid.wav
256,192,123362,1,0,0:0:0:60:CymbalFSU.wav
329,192,123362,1,0,0:0:0:60:KickMid.wav
475,192,123362,1,0,0:0:0:8:
109,192,123362,1,0,0:0:0:60:DeepBassKick.wav
402,192,123505,1,0,0:0:0:10:
475,192,123505,1,0,0:0:0:10:
182,192,123505,1,0,0:0:0:60:KickMid.wav
329,192,123576,1,0,0:0:0:8:
256,192,123576,1,0,0:0:0:60:DeepBassKick.wav
109,192,123576,1,0,0:0:0:60:KickMid.wav
36,192,123576,1,0,0:0:0:60:CymbalFSU.wav
182,192,123719,1,0,0:0:0:60:KickMid.wav
109,192,123719,1,0,0:0:0:10:
329,192,123719,1,0,0:0:0:10:
256,192,123790,128,0,124219:0:0:0:60:DeepBassKick.wav
402,192,123790,1,0,0:0:0:60:KickMid.wav
475,192,123790,1,0,0:0:0:60:CymbalFSU.wav
36,192,123790,1,0,0:0:0:8:
182,192,124005,128,0,124219:0:0:0:60:DeepBassKick.wav
329,192,124005,1,0,0:0:0:8:
402,192,124005,1,0,0:0:0:60:KickMid.wav
475,192,124005,1,0,0:0:0:8:
36,192,124219,1,0,0:0:0:60:KickMid.wav
109,192,124219,1,0,0:0:0:6:
329,192,124219,1,0,0:0:0:60:CymbalFSU.wav
402,192,124219,1,0,0:0:0:6:
475,192,124219,1,0,0:0:0:60:DeepBassKick.wav
256,192,124326,1,0,0:0:0:60:KickMid.wav
182,192,124326,1,0,0:0:0:20:
109,192,124433,1,0,0:0:0:60:KickMid.wav
36,192,124433,1,0,0:0:0:8:
402,192,124433,1,0,0:0:0:8:
475,192,124433,1,0,0:0:0:60:DeepBassKick.wav
329,192,124540,1,0,0:0:0:60:KickMid.wav
256,192,124540,1,0,0:0:0:20:
182,192,124648,1,0,0:0:0:8:
109,192,124648,1,0,0:0:0:60:DeepBassKick.wav
402,192,124648,1,0,0:0:0:60:KickMid.wav
475,192,124648,1,0,0:0:0:8:
329,192,124755,1,0,0:0:0:60:KickMid.wav
36,192,124755,1,0,0:0:0:20:
109,192,124808,1,0,0:0:0:20:
402,192,124808,1,0,0:0:0:20:
329,192,124862,1,0,0:0:0:60:DeepBassKick.wav
182,192,124862,1,0,0:0:0:60:KickMid.wav
475,192,124862,1,0,0:0:0:8:
256,192,124862,1,0,0:0:0:8:
36,192,124969,1,0,0:0:0:20:
109,192,124969,1,0,0:0:0:60:KickMid.wav
182,192,125076,1,0,0:0:0:60:DeepBassKick.wav
256,192,125076,1,0,0:0:0:8:
402,192,125076,1,0,0:0:0:8:
475,192,125076,1,0,0:0:0:60:KickMid.wav
329,192,125183,1,0,0:0:0:60:KickMid.wav
109,192,125183,1,0,0:0:0:20:
182,192,125237,1,0,0:0:0:20:
402,192,125237,1,0,0:0:0:20:
256,192,125290,1,0,0:0:0:60:KickMid.wav
36,192,125290,1,0,0:0:0:8:
475,192,125290,1,0,0:0:0:8:
109,192,125290,1,0,0:0:0:60:DeepBassKick.wav
182,192,125398,1,0,0:0:0:8:
109,192,125398,1,0,0:0:0:60:KickMid.wav
329,192,125398,1,0,0:0:0:8:
402,192,125398,1,0,0:0:0:60:DeepBassKick.wav
256,192,125505,1,0,0:0:0:60:DeepBassKick.wav
36,192,125505,1,0,0:0:0:60:KickMid.wav
402,192,125505,1,0,0:0:0:8:
475,192,125505,1,0,0:0:0:8:
329,192,125612,1,0,0:0:0:60:KickMid.wav
182,192,125612,1,0,0:0:0:20:
256,192,125719,1,0,0:0:0:8:
109,192,125719,1,0,0:0:0:8:
36,192,125719,1,0,0:0:0:60:KickMid.wav
475,192,125719,1,0,0:0:0:60:DeepBassKick.wav
329,192,125826,1,0,0:0:0:60:KickMid.wav
182,192,125826,1,0,0:0:0:20:
109,192,125933,1,0,0:0:0:8:
402,192,125933,1,0,0:0:0:8:
475,192,125933,1,0,0:0:0:60:DeepBassKick.wav
36,192,125933,1,0,0:0:0:60:KickMid.wav
256,192,126040,1,0,0:0:0:60:KickMid.wav
329,192,126040,1,0,0:0:0:20:
475,192,126148,1,0,0:0:0:8:
109,192,126148,1,0,0:0:0:60:KickMid.wav
36,192,126148,1,0,0:0:0:8:
402,192,126148,1,0,0:0:0:60:DeepBassKick.wav
182,192,126201,1,0,0:0:0:0:
256,192,126201,1,0,0:0:0:0:
329,192,126255,1,0,0:0:0:20:
402,192,126255,1,0,0:0:0:60:KickMid.wav
109,192,126308,1,0,0:0:0:20:
36,192,126308,1,0,0:0:0:20:
256,192,126362,1,0,0:0:0:60:DeepBassKick.wav
182,192,126362,1,0,0:0:0:60:KickMid.wav
329,192,126362,1,0,0:0:0:8:
475,192,126362,1,0,0:0:0:8:
109,192,126469,1,0,0:0:0:60:KickMid.wav
36,192,126469,1,0,0:0:0:20:
36,192,126576,1,0,0:0:0:8:
182,192,126576,1,0,0:0:0:8:
109,192,126576,1,0,0:0:0:60:DeepBassKick.wav
475,192,126576,1,0,0:0:0:60:KickMid.wav
402,192,126603,1,0,0:0:0:0:
329,192,126630,1,0,0:0:0:0:
256,192,126657,1,0,0:0:0:0:
36,192,126683,1,0,0:0:0:60:DeepBassKick.wav
109,192,126683,1,0,0:0:0:8:
182,192,126683,1,0,0:0:0:60:KickMid.wav
475,192,126710,1,0,0:0:0:0:
402,192,126737,1,0,0:0:0:0:
329,192,126764,1,0,0:0:0:0:
182,192,126790,1,0,0:0:0:8:
109,192,126790,1,0,0:0:0:60:DeepBassKick.wav
36,192,126790,1,0,0:0:0:8:
256,192,126790,1,0,0:0:0:60:KickMid.wav
475,192,126844,1,0,0:0:0:0:
402,192,126898,1,0,0:0:0:60:KickMid.wav
329,192,126898,1,0,0:0:0:20:
256,192,126951,1,0,0:0:0:20:
182,192,126951,1,0,0:0:0:20:
109,192,127005,1,0,0:0:0:8:
36,192,127005,1,0,0:0:0:60:DeepBassKick.wav
475,192,127005,1,0,0:0:0:8:
402,192,127005,1,0,0:0:0:60:KickMid.wav
329,192,127112,1,0,0:0:0:60:DeepBassKick.wav
402,192,127112,1,0,0:0:0:8:
109,192,127112,1,0,0:0:0:60:KickMid.wav
182,192,127112,1,0,0:0:0:8:
182,192,127219,1,0,0:0:0:8:
402,192,127219,1,0,0:0:0:8:
329,192,127219,1,0,0:0:0:60:DeepBassKick.wav
109,192,127219,1,0,0:0:0:60:KickMid.wav
256,192,127326,1,0,0:0:0:20:
475,192,127326,1,0,0:0:0:60:KickMid.wav
402,192,127380,1,0,0:0:0:0:
182,192,127380,1,0,0:0:0:0:
329,192,127433,1,0,0:0:0:8:
256,192,127433,1,0,0:0:0:60:KickMid.wav
109,192,127433,1,0,0:0:0:60:DeepBassKick.wav
36,192,127433,1,0,0:0:0:8:
182,192,127540,1,0,0:0:0:8:
329,192,127540,1,0,0:0:0:60:KickMid.wav
402,192,127540,1,0,0:0:0:8:
109,192,127540,1,0,0:0:0:60:DeepBassKick.wav
402,192,127648,1,0,0:0:0:60:KickMid.wav
182,192,127648,1,0,0:0:0:8:
475,192,127648,1,0,0:0:0:8:
256,192,127648,1,0,0:0:0:60:DeepBassKick.wav
109,192,127755,1,0,0:0:0:20:
36,192,127755,1,0,0:0:0:60:KickMid.wav
182,192,127808,1,0,0:0:0:40:
475,192,127862,1,0,0:0:0:8:
256,192,127862,1,0,0:0:0:60:KickMid.wav
329,192,127862,1,0,0:0:0:8:
402,192,127862,1,0,0:0:0:60:DeepBassKick.wav
109,192,127915,1,0,0:0:0:40:
36,192,127915,1,0,0:0:0:0:
402,192,127969,1,0,0:0:0:20:
475,192,127969,1,0,0:0:0:60:KickMid.wav
329,192,128076,1,0,0:0:0:60:KickMid.wav
256,192,128076,1,0,0:0:0:8:
182,192,128076,1,0,0:0:0:8:
109,192,128076,1,0,0:0:0:60:DeepBassKick.wav
402,192,128183,1,0,0:0:0:60:KickMid.wav
475,192,128183,1,0,0:0:0:20:
182,192,128290,1,0,0:0:0:60:KickMid.wav
256,192,128290,1,0,0:0:0:60:DeepBassKick.wav
329,192,128290,1,0,0:0:0:8:
402,192,128290,1,0,0:0:0:8:
329,192,128398,1,0,0:0:0:60:DeepBassKick.wav
182,192,128398,1,0,0:0:0:60:KickMid.wav
256,192,128398,1,0,0:0:0:8:
109,192,128398,1,0,0:0:0:8:
256,192,128505,1,0,0:0:0:8:
109,192,128505,1,0,0:0:0:8:
182,192,128505,1,0,0:0:0:60:KickMid.wav
36,192,128505,1,0,0:0:0:60:DeepBassKick.wav
402,192,128612,1,0,0:0:0:20:
475,192,128612,1,0,0:0:0:60:KickMid.wav
329,192,128719,1,0,0:0:0:8:
256,192,128719,1,0,0:0:0:60:DeepBassKick.wav
36,192,128719,1,0,0:0:0:8:
475,192,128719,1,0,0:0:0:60:KickMid.wav
182,192,128773,1,0,0:0:0:40:
402,192,128773,1,0,0:0:0:0:
329,192,128826,1,0,0:0:0:60:KickMid.wav
109,192,128826,1,0,0:0:0:20:
256,192,128880,1,0,0:0:0:20:
36,192,128880,1,0,0:0:0:20:
109,192,128933,1,0,0:0:0:8:
475,192,128933,1,0,0:0:0:60:DeepBassKick.wav
402,192,128933,1,0,0:0:0:8:
182,192,128933,1,0,0:0:0:60:KickMid.wav
329,192,128987,1,0,0:0:0:40:
256,192,129040,1,0,0:0:0:60:KickMid.wav
182,192,129040,1,0,0:0:0:20:
182,192,129148,1,0,0:0:0:8:
109,192,129148,1,0,0:0:0:60:DeepBassKick.wav
36,192,129148,1,0,0:0:0:60:KickMid.wav
475,192,129148,128,0,129362:0:0:0:8:
36,192,129255,1,0,0:0:0:60:KickMid.wav
109,192,129255,1,0,0:0:0:8:
182,192,129255,1,0,0:0:0:8:
402,192,129255,128,0,129362:0:0:0:60:DeepBassKick.wav
329,192,129362,1,0,0:0:0:60:KickMid.wav
182,192,129362,1,0,0:0:0:8:
109,192,129362,1,0,0:0:0:8:
36,192,129362,1,0,0:0:0:60:DeepBassKick.wav
256,192,129469,1,0,0:0:0:20:
402,192,129469,1,0,0:0:0:60:KickMid.wav
329,192,129576,1,0,0:0:0:60:DeepBassKick.wav
109,192,129576,1,0,0:0:0:8:
36,192,129576,1,0,0:0:0:8:
475,192,129576,1,0,0:0:0:60:KickMid.wav
256,192,129683,1,0,0:0:0:60:KickMid.wav
182,192,129683,1,0,0:0:0:13:
36,192,129790,1,0,0:0:0:60:KickMid.wav
402,192,129790,1,0,0:0:0:60:DeepBassKick.wav
475,192,129790,1,0,0:0:0:8:
329,192,129790,1,0,0:0:0:8:
256,192,129898,1,0,0:0:0:8:
182,192,129898,1,0,0:0:0:60:KickMid.wav
329,192,129898,1,0,0:0:0:60:DeepBassKick.wav
109,192,129898,1,0,0:0:0:8:
256,192,130005,1,0,0:0:0:60:KickMid.wav
36,192,130005,1,0,0:0:0:8:
402,192,130005,1,0,0:0:0:60:DeepBassKick.wav
475,192,130005,1,0,0:0:0:8:
329,192,130112,1,0,0:0:0:60:DeepBassKick.wav
109,192,130112,1,0,0:0:0:60:KickMid.wav
182,192,130112,1,0,0:0:0:8:
36,192,130112,1,0,0:0:0:8:
475,192,130219,128,0,130433:0:0:0:8:
36,192,130219,1,0,0:0:0:60:DeepBassKick.wav
182,192,130219,1,0,0:0:0:60:KickMid.wav
109,192,130219,1,0,0:0:0:8:
329,192,130326,1,0,0:0:0:60:KickMid.wav
256,192,130326,1,0,0:0:0:20:
36,192,130433,128,0,130648:0:0:0:8:
109,192,130433,1,0,0:0:0:60:KickMid.wav
329,192,130433,1,0,0:0:0:60:DeepBassKick.wav
402,192,130433,1,0,0:0:0:8:
182,192,130540,1,0,0:0:0:60:KickMid.wav
256,192,130540,1,0,0:0:0:20:
475,192,130648,128,0,130862:0:0:0:8:
109,192,130648,1,0,0:0:0:8:
182,192,130648,1,0,0:0:0:60:DeepBassKick.wav
402,192,130648,1,0,0:0:0:60:KickMid.wav
329,192,130755,1,0,0:0:0:60:KickMid.wav
256,192,130755,1,0,0:0:0:20:
402,192,130755,1,0,0:0:0:0:
182,192,130862,1,0,0:0:0:60:KickMid.wav
109,192,130862,1,0,0:0:0:10:
36,192,130862,1,0,0:0:0:60:DeepBassKick.wav
329,192,130915,1,0,0:0:0:60:KickMid.wav
402,192,130915,1,0,0:0:0:13:
475,192,130915,1,0,0:0:0:13:
182,192,130969,1,0,0:0:0:60:KickMid.wav
109,192,130969,1,0,0:0:0:10:
36,192,130969,1,0,0:0:0:10:
329,192,131023,1,0,0:0:0:60:KickMid.wav
402,192,131023,1,0,0:0:0:13:
475,192,131023,1,0,0:0:0:13:
256,192,131076,1,0,0:0:0:60:DeepBassKick.wav
182,192,131076,1,0,0:0:0:10:
109,192,131076,1,0,0:0:0:60:KickMid.wav
36,192,131076,1,0,0:0:0:60:CymbalFSU.wav
329,192,131183,1,0,0:0:0:60:KickMid.wav
475,192,131183,1,0,0:0:0:20:
256,192,131290,1,0,0:0:0:60:KickMid.wav
109,192,131290,1,0,0:0:0:8:
36,192,131290,1,0,0:0:0:8:
402,192,131290,1,0,0:0:0:60:DeepBassKick.wav
182,192,131398,1,0,0:0:0:60:KickMid.wav
329,192,131398,1,0,0:0:0:20:
109,192,131505,1,0,0:0:0:8:
256,192,131505,1,0,0:0:0:8:
402,192,131505,1,0,0:0:0:60:KickMid.wav
475,192,131505,1,0,0:0:0:60:DeepBassKick.wav
182,192,131612,1,0,0:0:0:20:
36,192,131612,1,0,0:0:0:60:KickMid.wav
256,192,131719,1,0,0:0:0:8:
109,192,131719,1,0,0:0:0:8:
329,192,131719,1,0,0:0:0:60:KickMid.wav
475,192,131719,1,0,0:0:0:60:DeepBassKick.wav
402,192,131826,1,0,0:0:0:60:KickMid.wav
182,192,131826,1,0,0:0:0:20:
109,192,131933,1,0,0:0:0:60:KickMid.wav
36,192,131933,1,0,0:0:0:8:
256,192,131933,1,0,0:0:0:60:DeepBassKick.wav
329,192,131933,1,0,0:0:0:8:
402,192,132040,1,0,0:0:0:20:
475,192,132040,1,0,0:0:0:60:KickMid.wav
182,192,132148,1,0,0:0:0:10:
329,192,132148,1,0,0:0:0:60:KickMid.wav
109,192,132148,1,0,0:0:0:10:
36,192,132148,1,0,0:0:0:60:DeepBassKick.wav
402,192,132219,1,0,0:0:0:60:KickMid.wav
475,192,132219,1,0,0:0:0:13:
256,192,132219,1,0,0:0:0:60:DeepBassKick.wav
329,192,132290,1,0,0:0:0:13:
109,192,132290,1,0,0:0:0:60:KickMid.wav
36,192,132290,1,0,0:0:0:60:DeepBassKick.wav
256,192,132362,1,0,0:0:0:60:DeepBassKick.wav
182,192,132362,1,0,0:0:0:8:
402,192,132362,1,0,0:0:0:60:KickMid.wav
475,192,132362,1,0,0:0:0:8:
109,192,132469,1,0,0:0:0:60:KickMid.wav
36,192,132469,1,0,0:0:0:20:
182,192,132576,1,0,0:0:0:60:KickMid.wav
256,192,132576,1,0,0:0:0:8:
329,192,132576,1,0,0:0:0:60:DeepBassKick.wav
402,192,132576,1,0,0:0:0:8:
36,192,132683,1,0,0:0:0:60:KickMid.wav
475,192,132683,1,0,0:0:0:20:
402,192,132790,1,0,0:0:0:60:KickMid.wav
256,192,132790,1,0,0:0:0:60:DeepBassKick.wav
182,192,132790,1,0,0:0:0:8:
109,192,132790,1,0,0:0:0:8:
329,192,132898,1,0,0:0:0:60:KickMid.wav
402,192,132951,1,0,0:0:0:20:
475,192,132951,1,0,0:0:0:20:
182,192,133005,1,0,0:0:0:8:
109,192,133005,1,0,0:0:0:8:
36,192,133005,1,0,0:0:0:60:KickMid.wav
256,192,133005,1,0,0:0:0:60:DeepBassKick.wav
475,192,133058,1,0,0:0:0:20:
402,192,133058,1,0,0:0:0:20:
329,192,133112,1,0,0:0:0:60:KickMid.wav
475,192,133219,1,0,0:0:0:8:
36,192,133219,1,0,0:0:0:8:
256,192,133219,1,0,0:0:0:60:DeepBassKick.wav
402,192,133219,1,0,0:0:0:60:KickMid.wav
182,192,133273,1,0,0:0:0:40:
109,192,133326,1,0,0:0:0:60:KickMid.wav
329,192,133326,1,0,0:0:0:20:
402,192,133380,1,0,0:0:0:40:
475,192,133433,1,0,0:0:0:8:
256,192,133433,1,0,0:0:0:8:
182,192,133433,1,0,0:0:0:60:DeepBassKick.wav
36,192,133433,1,0,0:0:0:60:KickMid.wav
109,192,133540,1,0,0:0:0:60:KickMid.wav
329,192,133540,1,0,0:0:0:20:
475,192,133648,1,0,0:0:0:10:
402,192,133648,1,0,0:0:0:60:KickMid.wav
329,192,133648,1,0,0:0:0:60:DeepBassKick.wav
182,192,133701,1,0,0:0:0:60:KickMid.wav
109,192,133701,1,0,0:0:0:13:
402,192,133755,1,0,0:0:0:60:KickMid.wav
475,192,133755,1,0,0:0:0:13:
329,192,133755,1,0,0:0:0:13:
182,192,133808,1,0,0:0:0:60:KickMid.wav
109,192,133808,1,0,0:0:0:13:
256,192,133862,1,0,0:0:0:10:
402,192,133862,1,0,0:0:0:60:DeepBassKick.wav
475,192,133862,1,0,0:0:0:10:
329,192,133862,1,0,0:0:0:60:KickMid.wav
182,192,133969,1,0,0:0:0:60:KickMid.wav
36,192,134076,1,0,0:0:0:10:
109,192,134076,1,0,0:0:0:60:DeepBassKick.wav
182,192,134076,1,0,0:0:0:60:KickMid.wav
402,192,134130,1,0,0:0:0:60:KickMid.wav
329,192,134130,1,0,0:0:0:13:
109,192,134183,1,0,0:0:0:13:
36,192,134183,1,0,0:0:0:13:
182,192,134183,1,0,0:0:0:60:KickMid.wav
329,192,134237,1,0,0:0:0:13:
402,192,134237,1,0,0:0:0:60:KickMid.wav
36,192,134290,1,0,0:0:0:10:
182,192,134290,1,0,0:0:0:60:KickMid.wav
256,192,134290,1,0,0:0:0:60:DeepBassKick.wav
109,192,134290,1,0,0:0:0:10:
329,192,134398,1,0,0:0:0:60:KickMid.wav
475,192,134505,1,0,0:0:0:8:
182,192,134505,1,0,0:0:0:60:DeepBassKick.wav
36,192,134505,1,0,0:0:0:60:CymbalFSU.wav
402,192,134505,1,0,0:0:0:60:KickMid.wav
109,192,134505,1,0,0:0:0:8:
329,192,134612,1,0,0:0:0:60:KickMid.wav
256,192,134665,1,0,0:0:0:40:
182,192,134665,1,0,0:0:0:0:
109,192,134719,1,0,0:0:0:60:KickMid.wav
36,192,134719,1,0,0:0:0:8:
475,192,134719,1,0,0:0:0:60:DeepBassKick.wav
402,192,134719,1,0,0:0:0:8:
182,192,134826,1,0,0:0:0:60:KickMid.wav
256,192,134826,1,0,0:0:0:13:
475,192,134933,1,0,0:0:0:10:
36,192,134933,1,0,0:0:0:60:KickMid.wav
256,192,134933,1,0,0:0:0:60:DeepBassKick.wav
402,192,134987,1,0,0:0:0:60:KickMid.wav
182,192,134987,1,0,0:0:0:20:
109,192,135040,1,0,0:0:0:60:KickMid.wav
329,192,135040,1,0,0:0:0:13:
36,192,135094,1,0,0:0:0:20:
256,192,135094,1,0,0:0:0:60:KickMid.wav
402,192,135148,1,0,0:0:0:60:KickMid.wav
475,192,135148,1,0,0:0:0:60:DeepBassKick.wav
182,192,135148,128,0,135362:0:0:0:8:
109,192,135255,1,0,0:0:0:20:
329,192,135255,1,0,0:0:0:60:KickMid.wav
475,192,135362,1,0,0:0:0:60:CymbalFSU.wav
402,192,135362,1,0,0:0:0:60:DeepBassKick.wav
256,192,135362,1,0,0:0:0:8:
329,192,135362,1,0,0:0:0:8:
36,192,135362,1,0,0:0:0:60:KickMid.wav
182,192,135469,1,0,0:0:0:60:KickMid.wav
329,192,135523,1,0,0:0:0:20:
402,192,135523,1,0,0:0:0:20:
256,192,135576,1,0,0:0:0:8:
109,192,135576,1,0,0:0:0:8:
36,192,135576,1,0,0:0:0:60:KickMid.wav
182,192,135576,1,0,0:0:0:60:DeepBassKick.wav
475,192,135683,1,0,0:0:0:60:KickMid.wav
402,192,135683,1,0,0:0:0:13:
329,192,135737,1,0,0:0:0:20:
256,192,135737,1,0,0:0:0:60:KickMid.wav
109,192,135790,1,0,0:0:0:10:
36,192,135790,1,0,0:0:0:60:DeepBassKick.wav
182,192,135790,1,0,0:0:0:60:KickMid.wav
475,192,135844,1,0,0:0:0:20:
402,192,135844,1,0,0:0:0:60:KickMid.wav
329,192,135898,1,0,0:0:0:13:
256,192,135898,1,0,0:0:0:60:KickMid.wav
182,192,135951,1,0,0:0:0:20:
109,192,135951,1,0,0:0:0:20:
475,192,136005,128,0,136219:0:0:0:60:DeepBassKick.wav
36,192,136005,1,0,0:0:0:8:
402,192,136005,1,0,0:0:0:8:
329,192,136005,1,0,0:0:0:60:KickMid.wav
182,192,136112,1,0,0:0:0:60:KickMid.wav
256,192,136112,1,0,0:0:0:20:
182,192,136219,1,0,0:0:0:60:CymbalFSU.wav
109,192,136219,1,0,0:0:0:8:
36,192,136219,1,0,0:0:0:8:
329,192,136219,1,0,0:0:0:60:KickMid.wav
402,192,136219,1,0,0:0:0:60:DeepBassKick.wav
256,192,136326,1,0,0:0:0:13:
475,192,136326,1,0,0:0:0:60:KickMid.wav
402,192,136433,1,0,0:0:0:60:KickMid.wav
329,192,136433,1,0,0:0:0:8:
36,192,136433,1,0,0:0:0:8:
109,192,136433,1,0,0:0:0:60:DeepBassKick.wav
182,192,136540,1,0,0:0:0:60:KickMid.wav
256,192,136540,1,0,0:0:0:13:
475,192,136648,1,0,0:0:0:10:
36,192,136648,1,0,0:0:0:60:KickMid.wav
256,192,136648,1,0,0:0:0:60:DeepBassKick.wav
109,192,136701,1,0,0:0:0:60:KickMid.wav
329,192,136701,1,0,0:0:0:20:
182,192,136755,1,0,0:0:0:60:KickMid.wav
402,192,136755,1,0,0:0:0:13:
256,192,136808,1,0,0:0:0:20:
475,192,136808,1,0,0:0:0:60:KickMid.wav
109,192,136862,1,0,0:0:0:60:DeepBassKick.wav
329,192,136862,128,0,137076:0:0:0:8:
36,192,136862,1,0,0:0:0:60:KickMid.wav
402,192,136969,1,0,0:0:0:60:KickMid.wav
182,192,136969,1,0,0:0:0:20:
182,192,137076,1,0,0:0:0:60:KickMid.wav
109,192,137076,1,0,0:0:0:8:
36,192,137076,1,0,0:0:0:60:CymbalFSU.wav
256,192,137076,1,0,0:0:0:60:DeepBassKick.wav
475,192,137076,1,0,0:0:0:8:
402,192,137183,1,0,0:0:0:13:
329,192,137183,1,0,0:0:0:60:KickMid.wav
256,192,137237,1,0,0:0:0:20:
182,192,137237,1,0,0:0:0:20:
109,192,137290,1,0,0:0:0:60:KickMid.wav
36,192,137290,1,0,0:0:0:60:DeepBassKick.wav
402,192,137290,1,0,0:0:0:8:
475,192,137290,1,0,0:0:0:8:
329,192,137398,1,0,0:0:0:13:
256,192,137398,1,0,0:0:0:60:KickMid.wav
182,192,137451,1,0,0:0:0:20:
109,192,137451,1,0,0:0:0:60:KickMid.wav
329,192,137505,1,0,0:0:0:60:KickMid.wav
402,192,137505,1,0,0:0:0:60:DeepBassKick.wav
36,192,137505,1,0,0:0:0:10:
256,192,137558,1,0,0:0:0:20:
182,192,137558,1,0,0:0:0:60:KickMid.wav
402,192,137612,1,0,0:0:0:60:KickMid.wav
475,192,137612,1,0,0:0:0:13:
329,192,137665,1,0,0:0:0:60:KickMid.wav
256,192,137665,1,0,0:0:0:20:
182,192,137719,1,0,0:0:0:8:
109,192,137719,1,0,0:0:0:60:DeepBassKick.wav
36,192,137719,128,0,137933:0:0:0:60:KickMid.wav
475,192,137719,1,0,0:0:0:8:
256,192,137826,1,0,0:0:0:20:
329,192,137826,1,0,0:0:0:60:KickMid.wav
475,192,137933,1,0,0:0:0:60:DeepBassKick.wav
256,192,137933,1,0,0:0:0:8:
329,192,137933,1,0,0:0:0:8:
402,192,137933,1,0,0:0:0:60:CymbalFSU.wav
182,192,137933,1,0,0:0:0:60:KickMid.wav
36,192,137987,1,0,0:0:0:20:
109,192,137987,1,0,0:0:0:60:KickMid.wav
329,192,138040,1,0,0:0:0:60:KickMid.wav
402,192,138040,1,0,0:0:0:13:
475,192,138040,1,0,0:0:0:0:
256,192,138094,1,0,0:0:0:20:
182,192,138094,1,0,0:0:0:60:KickMid.wav
109,192,138148,1,0,0:0:0:60:KickMid.wav
36,192,138148,1,0,0:0:0:60:DeepBassKick.wav
475,192,138148,128,0,138362:0:0:0:8:
402,192,138148,1,0,0:0:0:8:
329,192,138255,1,0,0:0:0:20:
256,192,138255,1,0,0:0:0:60:KickMid.wav
329,192,138362,1,0,0:0:0:60:DeepBassKick.wav
256,192,138362,1,0,0:0:0:8:
36,192,138362,1,0,0:0:0:8:
109,192,138362,1,0,0:0:0:60:KickMid.wav
182,192,138362,1,0,0:0:0:60:CymbalFSU.wav
475,192,138415,1,0,0:0:0:20:
402,192,138415,1,0,0:0:0:60:KickMid.wav
182,192,138469,1,0,0:0:0:60:KickMid.wav
109,192,138469,1,0,0:0:0:13:
36,192,138469,1,0,0:0:0:0:
256,192,138523,1,0,0:0:0:60:KickMid.wav
329,192,138523,1,0,0:0:0:20:
36,192,138576,128,0,138790:0:0:0:60:KickMid.wav
475,192,138576,1,0,0:0:0:8:
402,192,138576,1,0,0:0:0:8:
109,192,138576,1,0,0:0:0:60:DeepBassKick.wav
256,192,138683,1,0,0:0:0:20:
182,192,138683,1,0,0:0:0:60:KickMid.wav
256,192,138790,1,0,0:0:0:60:DeepBassKick.wav
329,192,138790,1,0,0:0:0:8:
475,192,138790,1,0,0:0:0:60:CymbalFSU.wav
109,192,138790,1,0,0:0:0:60:KickMid.wav
402,192,138790,1,0,0:0:0:8:
402,192,138898,1,0,0:0:0:60:KickMid.wav
475,192,138898,1,0,0:0:0:0:
182,192,139005,1,0,0:0:0:8:
109,192,139005,1,0,0:0:0:60:KickMid.wav
36,192,139005,1,0,0:0:0:8:
256,192,139005,1,0,0:0:0:60:DeepBassKick.wav
329,192,139040,1,0,0:0:0:40:
402,192,139076,1,0,0:0:0:40:
36,192,139112,1,0,0:0:0:20:
475,192,139112,1,0,0:0:0:60:KickMid.wav
109,192,139112,1,0,0:0:0:0:
182,192,139112,1,0,0:0:0:0:
329,192,139165,1,0,0:0:0:20:
256,192,139165,1,0,0:0:0:20:
36,192,139219,1,0,0:0:0:60:KickMid.wav
109,192,139219,1,0,0:0:0:60:DeepBassKick.wav
402,192,139219,1,0,0:0:0:8:
475,192,139219,128,0,139433:0:0:0:8:
329,192,139326,1,0,0:0:0:60:KickMid.wav
256,192,139326,1,0,0:0:0:0:
36,192,139433,1,0,0:0:0:60:DeepBassKick.wav
109,192,139433,1,0,0:0:0:60:CymbalFSU.wav
182,192,139433,1,0,0:0:0:60:KickMid.wav
256,192,139460,1,0,0:0:0:40:
329,192,139487,1,0,0:0:0:40:
402,192,139487,1,0,0:0:0:40:
475,192,139514,1,0,0:0:0:13:
36,192,139540,1,0,0:0:0:13:
109,192,139540,1,0,0:0:0:13:
182,192,139540,1,0,0:0:0:0:
256,192,139567,1,0,0:0:0:40:
329,192,139594,1,0,0:0:0:40:
402,192,139594,1,0,0:0:0:0:
475,192,139621,1,0,0:0:0:40:
182,192,139648,1,0,0:0:0:60:CymbalFSU.wav
109,192,139648,1,0,0:0:0:60:KickMid.wav
36,192,139648,128,0,139862:0:0:0:60:DeepBassKick.wav
256,192,139862,128,0,140076:0:0:0:40:
475,192,139969,1,0,0:0:0:40:
402,192,140023,1,0,0:0:0:0:
182,192,140076,128,0,140290:0:0:0:10:
109,192,140076,1,0,0:0:0:10:
36,192,140076,1,0,0:0:0:60:DeepBassKick.wav
329,192,140076,1,0,0:0:0:60:KickMid.wav
109,192,140290,128,0,140505:0:0:0:40:
402,192,140505,128,0,140719:0:0:0:40:
475,192,140505,128,0,141362:0:0:0:0:
256,192,140612,128,0,140826:0:0:0:40:
329,192,140719,128,0,140933:0:0:0:40:
182,192,140826,128,0,141040:0:0:0:40:
256,192,140933,128,0,141148:0:0:0:40:
109,192,141040,128,0,141255:0:0:0:40:
182,192,141148,128,0,141362:0:0:0:20:
36,192,141255,128,0,141362:0:0:0:40:
109,192,141790,1,0,0:0:0:60:KickMid.wav
36,192,141790,1,0,0:0:0:60:CymbalFSU.wav
402,192,141790,1,0,0:0:0:8:
475,192,141790,1,0,0:0:0:60:DeepBassKick.wav
256,192,141790,128,0,144790:0:0:0:8:
182,192,142219,1,0,0:0:0:40:
329,192,142648,1,0,0:0:0:40:
182,192,143076,1,0,0:0:0:40:
329,192,143505,1,0,0:0:0:40:
182,192,143933,1,0,0:0:0:40:
329,192,144362,1,0,0:0:0:40:
36,192,144790,128,0,144951:0:0:0:0:
109,192,144790,128,0,144951:0:0:0:0:
182,192,144790,128,0,144951:0:0:0:0:
329,192,144790,128,0,144951:0:0:0:0:
402,192,144790,128,0,144951:0:0:0:0:
475,192,144790,128,0,144951:0:0:0:0:
