[Metadata]
Frost Crystal
Soleily
Lieselotte
BMS of fighters
37
0.02

[TimingPoints]
831,379.746835443038,4,2,0,30,1,0

[HitObjects]
256,192,24,128,0,831:0:0:0:0:
36,192,831,1,0,0:0:0:0:
109,192,831,1,0,0:0:0:0:
402,192,831,1,0,0:0:0:0:
475,192,831,1,0,0:0:0:0:
182,192,1020,1,0,0:0:0:0:
256,192,1115,1,0,0:0:0:0:
329,192,1210,128,0,1780:0:0:0:0:
36,192,1210,1,0,0:0:0:0:
109,192,1305,1,0,0:0:0:0:
182,192,1400,1,0,0:0:0:0:
36,192,1495,1,0,0:0:0:0:
109,192,1590,1,0,0:0:0:0:
475,192,1590,1,0,0:0:0:0:
182,192,1685,1,0,0:0:0:0:
109,192,1780,1,0,0:0:0:0:
402,192,1780,128,0,2349:0:0:0:0:
182,192,1875,1,0,0:0:0:0:
256,192,1970,1,0,0:0:0:0:
109,192,2065,1,0,0:0:0:0:
182,192,2160,1,0,0:0:0:0:
256,192,2255,1,0,0:0:0:0:
182,192,2349,1,0,0:0:0:0:
36,192,2349,1,0,0:0:0:0:
475,192,2349,128,0,2729:0:0:0:0:
256,192,2444,1,0,0:0:0:0:
329,192,2539,1,0,0:0:0:0:
256,192,2634,1,0,0:0:0:0:
329,192,2729,1,0,0:0:0:0:
182,192,2729,128,0,3299:0:0:0:0:
402,192,2824,1,0,0:0:0:0:
475,192,2919,1,0,0:0:0:0:
329,192,3014,1,0,0:0:0:0:
402,192,3109,1,0,0:0:0:0:
36,192,3109,1,0,0:0:0:0:
475,192,3204,1,0,0:0:0:0:
256,192,3299,1,0,0:0:0:0:
109,192,3299,128,0,3868:0:0:0:0:
329,192,3394,1,0,0:0:0:0:
402,192,3489,1,0,0:0:0:0:
256,192,3584,1,0,0:0:0:0:
329,192,3679,1,0,0:0:0:0:
402,192,3774,1,0,0:0:0:0:
329,192,3868,1,0,0:0:0:0:
182,192,3868,1,0,0:0:0:0:
36,192,3868,128,0,4248:0:0:0:0:
402,192,3963,1,0,0:0:0:0:
475,192,4058,1,0,0:0:0:0:
402,192,4153,1,0,0:0:0:0:
109,192,4248,1,0,0:0:0:0:
329,192,4248,128,0,4818:0:0:0:0:
182,192,4343,1,0,0:0:0:0:
256,192,4438,1,0,0:0:0:0:
36,192,4533,1,0,0:0:0:0:
475,192,4628,1,0,0:0:0:0:
109,192,4628,1,0,0:0:0:0:
182,192,4723,1,0,0:0:0:0:
402,192,4818,1,0,0:0:0:0:
36,192,4818,128,0,5387:0:0:0:0:
256,192,4913,1,0,0:0:0:0:
329,192,5008,1,0,0:0:0:0:
182,192,5103,1,0,0:0:0:0:
256,192,5198,1,0,0:0:0:0:
329,192,5293,1,0,0:0:0:0:
475,192,5387,1,0,0:0:0:0:
109,192,5387,1,0,0:0:0:0:
402,192,5387,128,0,5767:0:0:0:0:
182,192,5482,1,0,0:0:0:0:
329,192,5577,1,0,0:0:0:0:
256,192,5672,1,0,0:0:0:0:
36,192,5767,1,0,0:0:0:0:
182,192,5767,128,0,6527:0:0:0:0:
329,192,5862,1,0,0:0:0:0:
402,192,5957,1,0,0:0:0:0:
256,192,6052,1,0,0:0:0:0:
329,192,6147,1,0,0:0:0:0:
36,192,6147,1,0,0:0:0:0:
475,192,6242,1,0,0:0:0:0:
256,192,6337,1,0,0:0:0:0:
402,192,6432,1,0,0:0:0:0:
475,192,6527,1,0,0:0:0:0:
36,192,6527,1,0,0:0:0:0:
109,192,6527,128,0,7286:0:0:0:0:
256,192,6622,1,0,0:0:0:0:
329,192,6717,1,0,0:0:0:0:
402,192,6812,1,0,0:0:0:0:
475,192,6906,1,0,0:0:0:0:
402,192,7001,1,0,0:0:0:0:
329,192,7096,1,0,0:0:0:0:
256,192,7191,1,0,0:0:0:0:
182,192,7286,1,0,0:0:0:0:
36,192,7286,128,0,7856:0:0:0:0:
256,192,7381,1,0,0:0:0:0:
329,192,7476,1,0,0:0:0:0:
182,192,7571,1,0,0:0:0:0:
256,192,7666,1,0,0:0:0:0:
475,192,7666,1,0,0:0:0:0:
402,192,7761,1,0,0:0:0:0:
182,192,7856,1,0,0:0:0:0:
109,192,7856,128,0,8425:0:0:0:0:
329,192,7951,1,0,0:0:0:0:
475,192,8046,1,0,0:0:0:0:
256,192,8141,1,0,0:0:0:0:
402,192,8236,1,0,0:0:0:0:
475,192,8331,1,0,0:0:0:0:
256,192,8425,1,0,0:0:0:0:
36,192,8425,1,0,0:0:0:0:
182,192,8425,128,0,8805:0:0:0:0:
329,192,8520,1,0,0:0:0:0:
475,192,8615,1,0,0:0:0:0:
402,192,8710,1,0,0:0:0:0:
36,192,8805,1,0,0:0:0:0:
329,192,8805,128,0,9565:0:0:0:0:
109,192,8900,1,0,0:0:0:0:
182,192,8995,1,0,0:0:0:0:
36,192,9090,1,0,0:0:0:0:
109,192,9185,1,0,0:0:0:0:
475,192,9185,1,0,0:0:0:0:
256,192,9280,1,0,0:0:0:0:
36,192,9375,1,0,0:0:0:0:
182,192,9470,1,0,0:0:0:0:
402,192,9565,1,0,0:0:0:0:
475,192,9565,128,0,10324:0:0:0:0:
109,192,9660,1,0,0:0:0:0:
256,192,9755,1,0,0:0:0:0:
329,192,9849,1,0,0:0:0:0:
182,192,9944,1,0,0:0:0:0:
36,192,9944,1,0,0:0:0:0:
256,192,10039,1,0,0:0:0:0:
402,192,10134,1,0,0:0:0:0:
329,192,10229,1,0,0:0:0:0:
182,192,10324,1,0,0:0:0:0:
36,192,10324,128,0,11843:0:0:0:0:
256,192,10419,1,0,0:0:0:0:
402,192,10514,1,0,0:0:0:0:
109,192,10609,1,0,0:0:0:0:
256,192,10704,1,0,0:0:0:0:
475,192,10704,1,0,0:0:0:0:
329,192,10799,1,0,0:0:0:0:
182,192,10894,1,0,0:0:0:0:
256,192,10989,1,0,0:0:0:0:
402,192,11084,1,0,0:0:0:0:
182,192,11179,1,0,0:0:0:0:
329,192,11274,1,0,0:0:0:0:
402,192,11368,1,0,0:0:0:0:
256,192,11463,1,0,0:0:0:0:
109,192,11463,1,0,0:0:0:0:
329,192,11558,1,0,0:0:0:0:
475,192,11653,1,0,0:0:0:0:
402,192,11748,1,0,0:0:0:0:
182,192,11843,1,0,0:0:0:0:
256,192,11938,1,0,0:0:0:0:
329,192,12033,1,0,0:0:0:0:
109,192,12128,1,0,0:0:0:0:
256,192,12223,1,0,0:0:0:0:
475,192,12223,1,0,0:0:0:0:
402,192,12318,1,0,0:0:0:0:
36,192,12413,1,0,0:0:0:0:
182,192,12508,1,0,0:0:0:0:
329,192,12603,1,0,0:0:0:0:
475,192,12603,1,0,0:0:0:0:
109,192,12698,1,0,0:0:0:0:
256,192,12793,1,0,0:0:0:0:
402,192,12887,1,0,0:0:0:0:
109,192,12887,1,0,0:0:0:0:
256,192,12982,1,0,0:0:0:0:
36,192,12982,1,0,0:0:0:0:
329,192,13077,1,0,0:0:0:0:
475,192,13172,1,0,0:0:0:0:
182,192,13172,1,0,0:0:0:0:
36,192,13172,1,0,0:0:0:0:
256,192,13267,1,0,0:0:0:0:
402,192,13267,1,0,0:0:0:0:
475,192,13362,1,0,0:0:0:0:
109,192,13362,1,0,0:0:0:0:
329,192,13362,128,0,13932:0:0:0:0:
182,192,13457,1,0,0:0:0:0:
256,192,13552,1,0,0:0:0:0:
109,192,13647,1,0,0:0:0:0:
36,192,13742,1,0,0:0:0:0:
182,192,13742,1,0,0:0:0:0:
475,192,13742,1,0,0:0:0:0:
256,192,13837,1,0,0:0:0:0:
109,192,13932,1,0,0:0:0:0:
402,192,13932,128,0,14501:0:0:0:0:
182,192,14027,1,0,0:0:0:0:
256,192,14122,1,0,0:0:0:0:
475,192,14122,1,0,0:0:0:0:
109,192,14217,1,0,0:0:0:0:
182,192,14312,1,0,0:0:0:0:
256,192,14406,1,0,0:0:0:0:
329,192,14501,1,0,0:0:0:0:
109,192,14501,1,0,0:0:0:0:
36,192,14501,1,0,0:0:0:0:
475,192,14501,128,0,14786:0:0:0:0:
182,192,14596,1,0,0:0:0:0:
329,192,14691,1,0,0:0:0:0:
256,192,14786,1,0,0:0:0:0:
182,192,14881,1,0,0:0:0:0:
36,192,14881,1,0,0:0:0:0:
475,192,14881,128,0,15451:0:0:0:0:
256,192,14976,1,0,0:0:0:0:
329,192,15071,1,0,0:0:0:0:
182,192,15166,1,0,0:0:0:0:
256,192,15261,1,0,0:0:0:0:
109,192,15261,1,0,0:0:0:0:
36,192,15261,1,0,0:0:0:0:
329,192,15356,1,0,0:0:0:0:
182,192,15451,1,0,0:0:0:0:
402,192,15451,128,0,16020:0:0:0:0:
256,192,15546,1,0,0:0:0:0:
329,192,15641,1,0,0:0:0:0:
36,192,15641,1,0,0:0:0:0:
109,192,15736,1,0,0:0:0:0:
256,192,15831,1,0,0:0:0:0:
329,192,15925,1,0,0:0:0:0:
475,192,16020,1,0,0:0:0:0:
182,192,16020,1,0,0:0:0:0:
36,192,16020,1,0,0:0:0:0:
109,192,16020,128,0,16400:0:0:0:0:
256,192,16115,1,0,0:0:0:0:
402,192,16210,1,0,0:0:0:0:
329,192,16305,1,0,0:0:0:0:
256,192,16400,1,0,0:0:0:0:
36,192,16400,1,0,0:0:0:0:
182,192,16400,128,0,16970:0:0:0:0:
402,192,16495,1,0,0:0:0:0:
475,192,16590,1,0,0:0:0:0:
329,192,16685,1,0,0:0:0:0:
402,192,16780,1,0,0:0:0:0:
256,192,16780,1,0,0:0:0:0:
36,192,16780,1,0,0:0:0:0:
475,192,16875,1,0,0:0:0:0:
109,192,16970,1,0,0:0:0:0:
329,192,16970,128,0,17539:0:0:0:0:
182,192,17065,1,0,0:0:0:0:
475,192,17160,1,0,0:0:0:0:
36,192,17160,1,0,0:0:0:0:
109,192,17255,1,0,0:0:0:0:
182,192,17349,1,0,0:0:0:0:
256,192,17444,1,0,0:0:0:0:
402,192,17539,1,0,0:0:0:0:
109,192,17539,1,0,0:0:0:0:
36,192,17539,1,0,0:0:0:0:
475,192,17539,128,0,17919:0:0:0:0:
182,192,17634,1,0,0:0:0:0:
329,192,17729,1,0,0:0:0:0:
256,192,17824,1,0,0:0:0:0:
36,192,17919,1,0,0:0:0:0:
329,192,17919,1,0,0:0:0:0:
182,192,17919,128,0,18679:0:0:0:0:
402,192,18014,1,0,0:0:0:0:
475,192,18109,1,0,0:0:0:0:
329,192,18204,1,0,0:0:0:0:
402,192,18299,1,0,0:0:0:0:
109,192,18299,1,0,0:0:0:0:
36,192,18299,1,0,0:0:0:0:
475,192,18394,1,0,0:0:0:0:
256,192,18489,1,0,0:0:0:0:
402,192,18584,1,0,0:0:0:0:
475,192,18679,1,0,0:0:0:0:
109,192,18679,1,0,0:0:0:0:
36,192,18679,128,0,19438:0:0:0:0:
256,192,18774,1,0,0:0:0:0:
329,192,18868,1,0,0:0:0:0:
475,192,18963,1,0,0:0:0:0:
402,192,19058,1,0,0:0:0:0:
182,192,19058,1,0,0:0:0:0:
109,192,19058,1,0,0:0:0:0:
329,192,19153,1,0,0:0:0:0:
256,192,19248,1,0,0:0:0:0:
182,192,19343,1,0,0:0:0:0:
109,192,19438,1,0,0:0:0:0:
475,192,19438,1,0,0:0:0:0:
329,192,19438,128,0,20008:0:0:0:0:
256,192,19533,1,0,0:0:0:0:
402,192,19628,1,0,0:0:0:0:
182,192,19723,1,0,0:0:0:0:
256,192,19818,1,0,0:0:0:0:
36,192,19818,1,0,0:0:0:0:
475,192,19818,1,0,0:0:0:0:
402,192,19913,1,0,0:0:0:0:
109,192,20008,1,0,0:0:0:0:
36,192,20008,128,0,20577:0:0:0:0:
256,192,20103,1,0,0:0:0:0:
329,192,20198,1,0,0:0:0:0:
475,192,20198,1,0,0:0:0:0:
182,192,20293,1,0,0:0:0:0:
256,192,20387,1,0,0:0:0:0:
402,192,20482,1,0,0:0:0:0:
475,192,20577,1,0,0:0:0:0:
329,192,20577,1,0,0:0:0:0:
109,192,20577,1,0,0:0:0:0:
182,192,20577,128,0,20957:0:0:0:0:
256,192,20672,1,0,0:0:0:0:
402,192,20767,1,0,0:0:0:0:
329,192,20862,1,0,0:0:0:0:
475,192,20957,1,0,0:0:0:0:
36,192,20957,1,0,0:0:0:0:
256,192,20957,128,0,21527:0:0:0:0:
109,192,21052,1,0,0:0:0:0:
402,192,21147,1,0,0:0:0:0:
182,192,21242,1,0,0:0:0:0:
36,192,21337,1,0,0:0:0:0:
329,192,21337,1,0,0:0:0:0:
475,192,21337,1,0,0:0:0:0:
182,192,21432,1,0,0:0:0:0:
109,192,21527,1,0,0:0:0:0:
402,192,21527,128,0,22096:0:0:0:0:
256,192,21622,1,0,0:0:0:0:
329,192,21717,1,0,0:0:0:0:
36,192,21717,1,0,0:0:0:0:
109,192,21812,1,0,0:0:0:0:
256,192,21906,1,0,0:0:0:0:
329,192,22001,1,0,0:0:0:0:
182,192,22096,1,0,0:0:0:0:
36,192,22096,1,0,0:0:0:0:
475,192,22096,128,0,22381:0:0:0:0:
256,192,22191,1,0,0:0:0:0:
329,192,22286,1,0,0:0:0:0:
182,192,22381,1,0,0:0:0:0:
402,192,22476,1,0,0:0:0:0:
36,192,22476,1,0,0:0:0:0:
475,192,22476,128,0,23425:0:0:0:0:
109,192,22524,1,0,0:0:0:0:
256,192,22571,1,0,0:0:0:0:
329,192,22666,1,0,0:0:0:0:
36,192,22666,1,0,0:0:0:0:
182,192,22761,1,0,0:0:0:0:
329,192,22856,1,0,0:0:0:0:
109,192,22856,1,0,0:0:0:0:
256,192,22951,1,0,0:0:0:0:
402,192,23046,1,0,0:0:0:0:
109,192,23046,1,0,0:0:0:0:
256,192,23141,1,0,0:0:0:0:
182,192,23236,1,0,0:0:0:0:
36,192,23236,1,0,0:0:0:0:
329,192,23283,1,0,0:0:0:0:
402,192,23331,1,0,0:0:0:0:
256,192,23425,1,0,0:0:0:0:
109,192,23425,1,0,0:0:0:0:
329,192,23520,1,0,0:0:0:0:
475,192,23615,1,0,0:0:0:0:
36,192,23615,1,0,0:0:0:0:
182,192,23615,1,0,0:0:0:0:
109,192,23710,1,0,0:0:0:0:
329,192,23710,1,0,0:0:0:0:
182,192,23805,1,0,0:0:0:0:
36,192,23805,1,0,0:0:0:0:
402,192,23805,1,0,0:0:0:0:
475,192,23900,1,0,0:0:0:0:
256,192,23900,1,0,0:0:0:0:
329,192,23995,1,0,0:0:0:0:
109,192,23995,128,0,24090:0:0:0:0:
402,192,24043,1,0,0:0:0:0:
475,192,24090,1,0,0:0:0:0:
256,192,24090,128,0,24185:0:0:0:0:
329,192,24185,128,0,24280:0:0:0:0:
109,192,24185,1,0,0:0:0:0:
182,192,24280,1,0,0:0:0:0:
36,192,24280,128,0,24375:0:0:0:0:
402,192,24375,128,0,24470:0:0:0:0:
256,192,24375,1,0,0:0:0:0:
182,192,24422,1,0,0:0:0:0:
36,192,24470,1,0,0:0:0:0:
109,192,24470,128,0,24565:0:0:0:0:
256,192,24565,1,0,0:0:0:0:
475,192,24565,128,0,24660:0:0:0:0:
329,192,24660,1,0,0:0:0:0:
182,192,24660,128,0,24755:0:0:0:0:
36,192,24755,1,0,0:0:0:0:
402,192,24755,128,0,24849:0:0:0:0:
256,192,24802,1,0,0:0:0:0:
475,192,24849,1,0,0:0:0:0:
109,192,24849,128,0,24944:0:0:0:0:
182,192,24944,1,0,0:0:0:0:
329,192,24944,128,0,25039:0:0:0:0:
402,192,25039,1,0,0:0:0:0:
36,192,25039,128,0,25134:0:0:0:0:
109,192,25134,1,0,0:0:0:0:
256,192,25134,128,0,25229:0:0:0:0:
329,192,25182,1,0,0:0:0:0:
475,192,25229,1,0,0:0:0:0:
182,192,25229,128,0,25324:0:0:0:0:
36,192,25324,1,0,0:0:0:0:
402,192,25324,128,0,25419:0:0:0:0:
109,192,25419,1,0,0:0:0:0:
256,192,25514,1,0,0:0:0:0:
402,192,25704,1,0,0:0:0:0:
36,192,25799,1,0,0:0:0:0:
182,192,25894,1,0,0:0:0:0:
109,192,26084,1,0,0:0:0:0:
256,192,26179,1,0,0:0:0:0:
402,192,26368,1,0,0:0:0:0:
475,192,26653,1,0,0:0:0:0:
402,192,26653,1,0,0:0:0:0:
329,192,26653,1,0,0:0:0:0:
182,192,26653,1,0,0:0:0:0:
109,192,26653,1,0,0:0:0:0:
36,192,26653,1,0,0:0:0:0:
256,192,26843,128,0,27033:0:0:0:0:
402,192,27033,1,0,0:0:0:0:
36,192,27033,1,0,0:0:0:0:
475,192,27033,128,0,27793:0:0:0:0:
182,192,27128,1,0,0:0:0:0:
329,192,27223,1,0,0:0:0:0:
109,192,27318,1,0,0:0:0:0:
36,192,27413,1,0,0:0:0:0:
256,192,27413,1,0,0:0:0:0:
402,192,27413,1,0,0:0:0:0:
329,192,27508,1,0,0:0:0:0:
182,192,27603,1,0,0:0:0:0:
256,192,27698,1,0,0:0:0:0:
329,192,27793,1,0,0:0:0:0:
36,192,27793,1,0,0:0:0:0:
402,192,27793,128,0,28552:0:0:0:0:
109,192,27887,1,0,0:0:0:0:
256,192,27982,1,0,0:0:0:0:
329,192,28077,1,0,0:0:0:0:
475,192,28172,1,0,0:0:0:0:
182,192,28172,1,0,0:0:0:0:
36,192,28172,1,0,0:0:0:0:
256,192,28267,1,0,0:0:0:0:
329,192,28362,1,0,0:0:0:0:
182,192,28457,1,0,0:0:0:0:
475,192,28552,1,0,0:0:0:0:
36,192,28552,1,0,0:0:0:0:
109,192,28552,128,0,29312:0:0:0:0:
256,192,28647,1,0,0:0:0:0:
329,192,28742,1,0,0:0:0:0:
182,192,28837,1,0,0:0:0:0:
256,192,28932,1,0,0:0:0:0:
475,192,28932,1,0,0:0:0:0:
36,192,28932,1,0,0:0:0:0:
402,192,29027,1,0,0:0:0:0:
182,192,29122,1,0,0:0:0:0:
256,192,29217,1,0,0:0:0:0:
475,192,29312,1,0,0:0:0:0:
36,192,29312,1,0,0:0:0:0:
329,192,29312,128,0,30071:0:0:0:0:
109,192,29406,1,0,0:0:0:0:
182,192,29501,1,0,0:0:0:0:
402,192,29596,1,0,0:0:0:0:
475,192,29691,1,0,0:0:0:0:
256,192,29691,1,0,0:0:0:0:
36,192,29691,1,0,0:0:0:0:
109,192,29786,1,0,0:0:0:0:
402,192,29881,1,0,0:0:0:0:
182,192,29976,1,0,0:0:0:0:
475,192,30071,1,0,0:0:0:0:
109,192,30071,1,0,0:0:0:0:
36,192,30071,128,0,31590:0:0:0:0:
256,192,30166,1,0,0:0:0:0:
475,192,30261,128,0,30451:0:0:0:0:
182,192,30356,1,0,0:0:0:0:
256,192,30451,1,0,0:0:0:0:
402,192,30451,1,0,0:0:0:0:
109,192,30451,1,0,0:0:0:0:
475,192,30546,128,0,30736:0:0:0:0:
182,192,30641,1,0,0:0:0:0:
329,192,30736,1,0,0:0:0:0:
475,192,30831,128,0,31020:0:0:0:0:
256,192,30831,1,0,0:0:0:0:
182,192,30925,1,0,0:0:0:0:
329,192,31020,1,0,0:0:0:0:
475,192,31115,128,0,31305:0:0:0:0:
402,192,31210,1,0,0:0:0:0:
256,192,31210,1,0,0:0:0:0:
109,192,31210,1,0,0:0:0:0:
329,192,31305,1,0,0:0:0:0:
475,192,31400,128,0,31590:0:0:0:0:
182,192,31495,1,0,0:0:0:0:
109,192,31590,1,0,0:0:0:0:
402,192,31590,1,0,0:0:0:0:
256,192,31685,1,0,0:0:0:0:
329,192,31780,128,0,31970:0:0:0:0:
36,192,31875,1,0,0:0:0:0:
402,192,31970,1,0,0:0:0:0:
475,192,31970,1,0,0:0:0:0:
182,192,31970,1,0,0:0:0:0:
329,192,32065,128,0,32255:0:0:0:0:
109,192,32160,1,0,0:0:0:0:
256,192,32255,1,0,0:0:0:0:
475,192,32349,1,0,0:0:0:0:
329,192,32349,128,0,32539:0:0:0:0:
36,192,32444,1,0,0:0:0:0:
182,192,32539,1,0,0:0:0:0:
329,192,32634,128,0,32824:0:0:0:0:
256,192,32729,1,0,0:0:0:0:
475,192,32729,1,0,0:0:0:0:
36,192,32729,1,0,0:0:0:0:
109,192,32824,1,0,0:0:0:0:
402,192,32919,1,0,0:0:0:0:
182,192,32919,128,0,33109:0:0:0:0:
256,192,33014,1,0,0:0:0:0:
475,192,33109,1,0,0:0:0:0:
36,192,33109,1,0,0:0:0:0:
329,192,33109,128,0,33868:0:0:0:0:
109,192,33204,1,0,0:0:0:0:
182,192,33299,1,0,0:0:0:0:
36,192,33394,1,0,0:0:0:0:
109,192,33489,1,0,0:0:0:0:
402,192,33489,1,0,0:0:0:0:
475,192,33489,1,0,0:0:0:0:
182,192,33584,1,0,0:0:0:0:
36,192,33679,1,0,0:0:0:0:
109,192,33774,1,0,0:0:0:0:
256,192,33868,1,0,0:0:0:0:
475,192,33868,1,0,0:0:0:0:
182,192,33868,128,0,34628:0:0:0:0:
36,192,33963,1,0,0:0:0:0:
329,192,34058,1,0,0:0:0:0:
402,192,34153,1,0,0:0:0:0:
475,192,34248,1,0,0:0:0:0:
256,192,34248,1,0,0:0:0:0:
36,192,34248,1,0,0:0:0:0:
329,192,34343,1,0,0:0:0:0:
402,192,34438,1,0,0:0:0:0:
329,192,34533,1,0,0:0:0:0:
475,192,34628,1,0,0:0:0:0:
109,192,34628,1,0,0:0:0:0:
36,192,34628,128,0,35387:0:0:0:0:
256,192,34723,1,0,0:0:0:0:
329,192,34818,1,0,0:0:0:0:
182,192,34913,1,0,0:0:0:0:
256,192,35008,1,0,0:0:0:0:
475,192,35008,1,0,0:0:0:0:
109,192,35008,1,0,0:0:0:0:
329,192,35103,1,0,0:0:0:0:
182,192,35198,1,0,0:0:0:0:
256,192,35293,1,0,0:0:0:0:
329,192,35387,1,0,0:0:0:0:
109,192,35387,1,0,0:0:0:0:
475,192,35387,128,0,36147:0:0:0:0:
182,192,35482,1,0,0:0:0:0:
256,192,35577,1,0,0:0:0:0:
329,192,35672,1,0,0:0:0:0:
402,192,35767,1,0,0:0:0:0:
182,192,35767,1,0,0:0:0:0:
36,192,35767,1,0,0:0:0:0:
256,192,35862,1,0,0:0:0:0:
329,192,35957,1,0,0:0:0:0:
182,192,36052,1,0,0:0:0:0:
109,192,36147,1,0,0:0:0:0:
36,192,36147,1,0,0:0:0:0:
402,192,36147,128,0,36906:0:0:0:0:
256,192,36242,1,0,0:0:0:0:
329,192,36337,1,0,0:0:0:0:
182,192,36432,1,0,0:0:0:0:
256,192,36527,1,0,0:0:0:0:
475,192,36527,1,0,0:0:0:0:
36,192,36527,1,0,0:0:0:0:
329,192,36622,1,0,0:0:0:0:
109,192,36717,1,0,0:0:0:0:
182,192,36812,1,0,0:0:0:0:
475,192,36906,1,0,0:0:0:0:
36,192,36906,1,0,0:0:0:0:
256,192,36906,128,0,37666:0:0:0:0:
109,192,37001,1,0,0:0:0:0:
329,192,37096,1,0,0:0:0:0:
402,192,37191,1,0,0:0:0:0:
475,192,37286,1,0,0:0:0:0:
182,192,37286,1,0,0:0:0:0:
36,192,37286,1,0,0:0:0:0:
329,192,37381,1,0,0:0:0:0:
402,192,37476,1,0,0:0:0:0:
109,192,37571,1,0,0:0:0:0:
182,192,37666,1,0,0:0:0:0:
475,192,37666,1,0,0:0:0:0:
36,192,37666,128,0,38615:0:0:0:0:
329,192,37761,1,0,0:0:0:0:
475,192,37856,128,0,38046:0:0:0:0:
182,192,37951,1,0,0:0:0:0:
109,192,38046,1,0,0:0:0:0:
256,192,38046,1,0,0:0:0:0:
402,192,38046,1,0,0:0:0:0:
475,192,38141,128,0,38331:0:0:0:0:
182,192,38236,1,0,0:0:0:0:
256,192,38331,1,0,0:0:0:0:
329,192,38425,1,0,0:0:0:0:
182,192,38425,1,0,0:0:0:0:
475,192,38425,128,0,38615:0:0:0:0:
329,192,38615,1,0,0:0:0:0:
182,192,38615,1,0,0:0:0:0:
475,192,38710,128,0,38900:0:0:0:0:
402,192,38805,1,0,0:0:0:0:
256,192,38805,1,0,0:0:0:0:
36,192,38805,1,0,0:0:0:0:
182,192,38900,1,0,0:0:0:0:
329,192,38900,1,0,0:0:0:0:
256,192,38995,1,0,0:0:0:0:
109,192,38995,1,0,0:0:0:0:
475,192,38995,128,0,39185:0:0:0:0:
36,192,39090,1,0,0:0:0:0:
109,192,39185,1,0,0:0:0:0:
329,192,39185,1,0,0:0:0:0:
182,192,39185,128,0,39755:0:0:0:0:
402,192,39280,1,0,0:0:0:0:
475,192,39375,1,0,0:0:0:0:
329,192,39470,1,0,0:0:0:0:
402,192,39565,1,0,0:0:0:0:
256,192,39565,1,0,0:0:0:0:
36,192,39565,1,0,0:0:0:0:
475,192,39660,1,0,0:0:0:0:
109,192,39755,1,0,0:0:0:0:
329,192,39755,128,0,40324:0:0:0:0:
182,192,39849,1,0,0:0:0:0:
475,192,39944,1,0,0:0:0:0:
36,192,39944,1,0,0:0:0:0:
109,192,40039,1,0,0:0:0:0:
182,192,40134,1,0,0:0:0:0:
256,192,40229,1,0,0:0:0:0:
475,192,40324,1,0,0:0:0:0:
109,192,40324,1,0,0:0:0:0:
36,192,40324,1,0,0:0:0:0:
402,192,40324,128,0,40704:0:0:0:0:
182,192,40419,1,0,0:0:0:0:
329,192,40514,1,0,0:0:0:0:
256,192,40609,1,0,0:0:0:0:
182,192,40704,1,0,0:0:0:0:
36,192,40704,1,0,0:0:0:0:
109,192,40704,128,0,41463:0:0:0:0:
329,192,40799,1,0,0:0:0:0:
402,192,40894,1,0,0:0:0:0:
182,192,40989,1,0,0:0:0:0:
256,192,41084,1,0,0:0:0:0:
475,192,41084,1,0,0:0:0:0:
36,192,41084,1,0,0:0:0:0:
329,192,41179,1,0,0:0:0:0:
182,192,41274,1,0,0:0:0:0:
256,192,41368,1,0,0:0:0:0:
475,192,41463,1,0,0:0:0:0:
36,192,41463,1,0,0:0:0:0:
329,192,41463,128,0,42223:0:0:0:0:
109,192,41558,1,0,0:0:0:0:
182,192,41653,1,0,0:0:0:0:
402,192,41748,1,0,0:0:0:0:
475,192,41843,1,0,0:0:0:0:
256,192,41843,1,0,0:0:0:0:
36,192,41843,1,0,0:0:0:0:
109,192,41938,1,0,0:0:0:0:
402,192,42033,1,0,0:0:0:0:
182,192,42128,1,0,0:0:0:0:
475,192,42223,1,0,0:0:0:0:
36,192,42223,1,0,0:0:0:0:
402,192,42223,128,0,42982:0:0:0:0:
256,192,42318,1,0,0:0:0:0:
329,192,42413,1,0,0:0:0:0:
182,192,42413,1,0,0:0:0:0:
109,192,42508,1,0,0:0:0:0:
36,192,42603,1,0,0:0:0:0:
256,192,42603,1,0,0:0:0:0:
475,192,42603,1,0,0:0:0:0:
182,192,42698,1,0,0:0:0:0:
109,192,42793,1,0,0:0:0:0:
329,192,42793,1,0,0:0:0:0:
36,192,42887,1,0,0:0:0:0:
109,192,42982,1,0,0:0:0:0:
475,192,42982,1,0,0:0:0:0:
182,192,42982,128,0,43742:0:0:0:0:
402,192,43077,1,0,0:0:0:0:
329,192,43172,1,0,0:0:0:0:
36,192,43172,1,0,0:0:0:0:
256,192,43267,1,0,0:0:0:0:
402,192,43362,1,0,0:0:0:0:
475,192,43362,1,0,0:0:0:0:
109,192,43362,1,0,0:0:0:0:
256,192,43457,1,0,0:0:0:0:
329,192,43552,1,0,0:0:0:0:
36,192,43552,1,0,0:0:0:0:
402,192,43647,1,0,0:0:0:0:
475,192,43742,1,0,0:0:0:0:
109,192,43742,1,0,0:0:0:0:
256,192,43742,128,0,44501:0:0:0:0:
36,192,43837,1,0,0:0:0:0:
109,192,43932,1,0,0:0:0:0:
329,192,43932,1,0,0:0:0:0:
402,192,44027,1,0,0:0:0:0:
475,192,44122,1,0,0:0:0:0:
182,192,44122,1,0,0:0:0:0:
36,192,44122,1,0,0:0:0:0:
109,192,44217,1,0,0:0:0:0:
182,192,44312,1,0,0:0:0:0:
329,192,44312,1,0,0:0:0:0:
402,192,44406,1,0,0:0:0:0:
475,192,44501,1,0,0:0:0:0:
36,192,44501,1,0,0:0:0:0:
329,192,44501,128,0,45261:0:0:0:0:
109,192,44596,1,0,0:0:0:0:
182,192,44691,1,0,0:0:0:0:
402,192,44691,1,0,0:0:0:0:
109,192,44786,1,0,0:0:0:0:
36,192,44881,1,0,0:0:0:0:
256,192,44881,1,0,0:0:0:0:
475,192,44881,1,0,0:0:0:0:
182,192,44976,1,0,0:0:0:0:
109,192,45071,1,0,0:0:0:0:
402,192,45071,1,0,0:0:0:0:
182,192,45166,1,0,0:0:0:0:
256,192,45261,1,0,0:0:0:0:
36,192,45261,1,0,0:0:0:0:
475,192,45261,128,0,45831:0:0:0:0:
109,192,45356,1,0,0:0:0:0:
182,192,45451,1,0,0:0:0:0:
329,192,45451,1,0,0:0:0:0:
36,192,45546,1,0,0:0:0:0:
109,192,45641,1,0,0:0:0:0:
256,192,45641,1,0,0:0:0:0:
402,192,45641,1,0,0:0:0:0:
182,192,45736,1,0,0:0:0:0:
329,192,45831,1,0,0:0:0:0:
36,192,45831,1,0,0:0:0:0:
109,192,45925,1,0,0:0:0:0:
182,192,46020,1,0,0:0:0:0:
475,192,46020,1,0,0:0:0:0:
329,192,46020,128,0,46305:0:0:0:0:
36,192,46115,1,0,0:0:0:0:
109,192,46210,1,0,0:0:0:0:
402,192,46305,1,0,0:0:0:0:
182,192,46305,1,0,0:0:0:0:
475,192,46400,1,0,0:0:0:0:
256,192,46400,1,0,0:0:0:0:
36,192,46400,1,0,0:0:0:0:
109,192,46495,1,0,0:0:0:0:
182,192,46590,1,0,0:0:0:0:
329,192,46590,1,0,0:0:0:0:
402,192,46590,1,0,0:0:0:0:
109,192,46685,1,0,0:0:0:0:
256,192,46780,1,0,0:0:0:0:
475,192,46780,1,0,0:0:0:0:
36,192,46780,128,0,47160:0:0:0:0:
329,192,46875,1,0,0:0:0:0:
182,192,46970,1,0,0:0:0:0:
256,192,47065,1,0,0:0:0:0:
329,192,47160,1,0,0:0:0:0:
475,192,47160,1,0,0:0:0:0:
182,192,47160,1,0,0:0:0:0:
402,192,47160,128,0,47539:0:0:0:0:
109,192,47255,1,0,0:0:0:0:
182,192,47349,1,0,0:0:0:0:
36,192,47349,1,0,0:0:0:0:
256,192,47444,1,0,0:0:0:0:
475,192,47539,1,0,0:0:0:0:
109,192,47539,1,0,0:0:0:0:
329,192,47539,128,0,47919:0:0:0:0:
182,192,47634,1,0,0:0:0:0:
402,192,47729,1,0,0:0:0:0:
36,192,47729,1,0,0:0:0:0:
109,192,47824,1,0,0:0:0:0:
36,192,47919,1,0,0:0:0:0:
256,192,47919,1,0,0:0:0:0:
475,192,47919,1,0,0:0:0:0:
182,192,47919,128,0,48299:0:0:0:0:
402,192,48014,1,0,0:0:0:0:
329,192,48109,1,0,0:0:0:0:
109,192,48109,1,0,0:0:0:0:
256,192,48204,1,0,0:0:0:0:
329,192,48299,1,0,0:0:0:0:
475,192,48299,1,0,0:0:0:0:
36,192,48299,128,0,48868:0:0:0:0:
256,192,48394,1,0,0:0:0:0:
329,192,48489,1,0,0:0:0:0:
182,192,48489,1,0,0:0:0:0:
402,192,48584,1,0,0:0:0:0:
475,192,48679,1,0,0:0:0:0:
256,192,48679,1,0,0:0:0:0:
109,192,48679,1,0,0:0:0:0:
329,192,48774,1,0,0:0:0:0:
256,192,48868,1,0,0:0:0:0:
402,192,48868,1,0,0:0:0:0:
182,192,48868,128,0,49438:0:0:0:0:
475,192,48963,1,0,0:0:0:0:
256,192,49058,1,0,0:0:0:0:
36,192,49058,1,0,0:0:0:0:
329,192,49153,1,0,0:0:0:0:
402,192,49248,1,0,0:0:0:0:
109,192,49248,1,0,0:0:0:0:
475,192,49343,1,0,0:0:0:0:
402,192,49438,1,0,0:0:0:0:
256,192,49438,1,0,0:0:0:0:
36,192,49438,1,0,0:0:0:0:
329,192,49438,128,0,49818:0:0:0:0:
109,192,49533,1,0,0:0:0:0:
182,192,49628,1,0,0:0:0:0:
475,192,49628,1,0,0:0:0:0:
256,192,49723,1,0,0:0:0:0:
36,192,49818,1,0,0:0:0:0:
182,192,49818,1,0,0:0:0:0:
402,192,49818,128,0,50577:0:0:0:0:
329,192,49913,1,0,0:0:0:0:
256,192,50008,1,0,0:0:0:0:
36,192,50008,128,0,50198:0:0:0:0:
182,192,50103,1,0,0:0:0:0:
109,192,50198,1,0,0:0:0:0:
329,192,50198,1,0,0:0:0:0:
475,192,50198,1,0,0:0:0:0:
256,192,50293,1,0,0:0:0:0:
36,192,50293,128,0,50482:0:0:0:0:
182,192,50387,1,0,0:0:0:0:
329,192,50482,1,0,0:0:0:0:
256,192,50577,1,0,0:0:0:0:
109,192,50577,1,0,0:0:0:0:
36,192,50577,128,0,50767:0:0:0:0:
475,192,50577,128,0,51337:0:0:0:0:
402,192,50672,1,0,0:0:0:0:
329,192,50767,1,0,0:0:0:0:
182,192,50767,1,0,0:0:0:0:
36,192,50862,128,0,51052:0:0:0:0:
402,192,50957,1,0,0:0:0:0:
256,192,50957,1,0,0:0:0:0:
109,192,50957,1,0,0:0:0:0:
182,192,51147,128,0,51337:0:0:0:0:
36,192,51147,1,0,0:0:0:0:
329,192,51147,1,0,0:0:0:0:
256,192,51337,1,0,0:0:0:0:
36,192,51337,1,0,0:0:0:0:
402,192,51337,128,0,52096:0:0:0:0:
109,192,51432,1,0,0:0:0:0:
182,192,51527,1,0,0:0:0:0:
36,192,51622,1,0,0:0:0:0:
109,192,51717,1,0,0:0:0:0:
329,192,51717,1,0,0:0:0:0:
475,192,51717,1,0,0:0:0:0:
182,192,51812,1,0,0:0:0:0:
36,192,51906,1,0,0:0:0:0:
109,192,52001,1,0,0:0:0:0:
182,192,52096,1,0,0:0:0:0:
475,192,52096,1,0,0:0:0:0:
329,192,52096,128,0,52856:0:0:0:0:
36,192,52191,1,0,0:0:0:0:
109,192,52286,1,0,0:0:0:0:
182,192,52381,1,0,0:0:0:0:
256,192,52476,1,0,0:0:0:0:
475,192,52476,1,0,0:0:0:0:
36,192,52476,1,0,0:0:0:0:
109,192,52571,1,0,0:0:0:0:
402,192,52666,1,0,0:0:0:0:
182,192,52761,1,0,0:0:0:0:
475,192,52856,1,0,0:0:0:0:
36,192,52856,1,0,0:0:0:0:
109,192,52856,128,0,53615:0:0:0:0:
256,192,52951,1,0,0:0:0:0:
329,192,53046,1,0,0:0:0:0:
182,192,53141,1,0,0:0:0:0:
256,192,53236,1,0,0:0:0:0:
475,192,53236,1,0,0:0:0:0:
36,192,53236,1,0,0:0:0:0:
329,192,53331,1,0,0:0:0:0:
256,192,53425,1,0,0:0:0:0:
329,192,53520,1,0,0:0:0:0:
402,192,53615,1,0,0:0:0:0:
36,192,53615,1,0,0:0:0:0:
182,192,53615,128,0,54375:0:0:0:0:
256,192,53710,1,0,0:0:0:0:
329,192,53805,1,0,0:0:0:0:
402,192,53900,1,0,0:0:0:0:
475,192,53995,1,0,0:0:0:0:
109,192,53995,1,0,0:0:0:0:
36,192,53995,1,0,0:0:0:0:
256,192,54090,1,0,0:0:0:0:
402,192,54185,1,0,0:0:0:0:
329,192,54280,1,0,0:0:0:0:
475,192,54375,1,0,0:0:0:0:
109,192,54375,1,0,0:0:0:0:
36,192,54375,128,0,55894:0:0:0:0:
256,192,54470,1,0,0:0:0:0:
475,192,54565,128,0,54755:0:0:0:0:
182,192,54660,1,0,0:0:0:0:
109,192,54755,1,0,0:0:0:0:
256,192,54755,1,0,0:0:0:0:
402,192,54755,1,0,0:0:0:0:
475,192,54849,128,0,55039:0:0:0:0:
329,192,54944,1,0,0:0:0:0:
182,192,54944,1,0,0:0:0:0:
402,192,55039,1,0,0:0:0:0:
475,192,55134,128,0,55324:0:0:0:0:
256,192,55134,1,0,0:0:0:0:
182,192,55229,1,0,0:0:0:0:
329,192,55324,1,0,0:0:0:0:
475,192,55419,128,0,55609:0:0:0:0:
402,192,55514,1,0,0:0:0:0:
256,192,55514,1,0,0:0:0:0:
109,192,55514,1,0,0:0:0:0:
329,192,55609,1,0,0:0:0:0:
475,192,55704,128,0,55894:0:0:0:0:
182,192,55799,1,0,0:0:0:0:
109,192,55894,1,0,0:0:0:0:
402,192,55894,1,0,0:0:0:0:
256,192,55989,1,0,0:0:0:0:
329,192,56084,128,0,56274:0:0:0:0:
36,192,56179,1,0,0:0:0:0:
402,192,56274,1,0,0:0:0:0:
475,192,56274,1,0,0:0:0:0:
182,192,56274,1,0,0:0:0:0:
329,192,56368,128,0,56558:0:0:0:0:
109,192,56463,1,0,0:0:0:0:
256,192,56558,1,0,0:0:0:0:
475,192,56653,1,0,0:0:0:0:
329,192,56653,128,0,56843:0:0:0:0:
36,192,56748,1,0,0:0:0:0:
182,192,56843,1,0,0:0:0:0:
329,192,56938,128,0,57128:0:0:0:0:
475,192,57033,1,0,0:0:0:0:
256,192,57033,1,0,0:0:0:0:
36,192,57033,1,0,0:0:0:0:
109,192,57128,1,0,0:0:0:0:
402,192,57223,1,0,0:0:0:0:
182,192,57223,128,0,57413:0:0:0:0:
256,192,57318,1,0,0:0:0:0:
36,192,57413,1,0,0:0:0:0:
475,192,57413,1,0,0:0:0:0:
329,192,57413,128,0,58172:0:0:0:0:
109,192,57508,1,0,0:0:0:0:
182,192,57603,1,0,0:0:0:0:
36,192,57698,1,0,0:0:0:0:
109,192,57793,1,0,0:0:0:0:
402,192,57793,1,0,0:0:0:0:
475,192,57793,1,0,0:0:0:0:
182,192,57887,1,0,0:0:0:0:
36,192,57982,1,0,0:0:0:0:
109,192,58077,1,0,0:0:0:0:
256,192,58172,1,0,0:0:0:0:
475,192,58172,1,0,0:0:0:0:
182,192,58172,128,0,58932:0:0:0:0:
36,192,58267,1,0,0:0:0:0:
329,192,58362,1,0,0:0:0:0:
402,192,58457,1,0,0:0:0:0:
475,192,58552,1,0,0:0:0:0:
256,192,58552,1,0,0:0:0:0:
36,192,58552,1,0,0:0:0:0:
329,192,58647,1,0,0:0:0:0:
402,192,58742,1,0,0:0:0:0:
329,192,58837,1,0,0:0:0:0:
475,192,58932,1,0,0:0:0:0:
109,192,58932,1,0,0:0:0:0:
36,192,58932,128,0,59691:0:0:0:0:
256,192,59027,1,0,0:0:0:0:
329,192,59122,1,0,0:0:0:0:
182,192,59217,1,0,0:0:0:0:
256,192,59312,1,0,0:0:0:0:
475,192,59312,1,0,0:0:0:0:
109,192,59312,1,0,0:0:0:0:
329,192,59406,1,0,0:0:0:0:
182,192,59501,1,0,0:0:0:0:
256,192,59596,1,0,0:0:0:0:
329,192,59691,1,0,0:0:0:0:
109,192,59691,1,0,0:0:0:0:
475,192,59691,128,0,60451:0:0:0:0:
182,192,59786,1,0,0:0:0:0:
256,192,59881,1,0,0:0:0:0:
329,192,59976,1,0,0:0:0:0:
402,192,60071,1,0,0:0:0:0:
182,192,60071,1,0,0:0:0:0:
36,192,60071,1,0,0:0:0:0:
256,192,60166,1,0,0:0:0:0:
329,192,60261,1,0,0:0:0:0:
182,192,60356,1,0,0:0:0:0:
109,192,60451,1,0,0:0:0:0:
36,192,60451,1,0,0:0:0:0:
402,192,60451,128,0,61210:0:0:0:0:
256,192,60546,1,0,0:0:0:0:
329,192,60641,1,0,0:0:0:0:
475,192,60831,1,0,0:0:0:0:
256,192,60831,1,0,0:0:0:0:
36,192,60831,1,0,0:0:0:0:
329,192,60925,1,0,0:0:0:0:
109,192,61020,1,0,0:0:0:0:
182,192,61115,1,0,0:0:0:0:
475,192,61210,1,0,0:0:0:0:
36,192,61210,1,0,0:0:0:0:
256,192,61210,128,0,61970:0:0:0:0:
109,192,61305,1,0,0:0:0:0:
329,192,61400,1,0,0:0:0:0:
402,192,61495,1,0,0:0:0:0:
475,192,61590,1,0,0:0:0:0:
182,192,61590,1,0,0:0:0:0:
36,192,61590,1,0,0:0:0:0:
329,192,61685,1,0,0:0:0:0:
402,192,61780,1,0,0:0:0:0:
109,192,61875,1,0,0:0:0:0:
182,192,61970,1,0,0:0:0:0:
475,192,61970,1,0,0:0:0:0:
36,192,61970,128,0,62919:0:0:0:0:
329,192,62065,1,0,0:0:0:0:
475,192,62160,128,0,62349:0:0:0:0:
182,192,62255,1,0,0:0:0:0:
256,192,62349,1,0,0:0:0:0:
109,192,62349,1,0,0:0:0:0:
402,192,62349,1,0,0:0:0:0:
475,192,62444,128,0,62634:0:0:0:0:
182,192,62539,1,0,0:0:0:0:
256,192,62634,1,0,0:0:0:0:
475,192,62729,128,0,62919:0:0:0:0:
329,192,62729,1,0,0:0:0:0:
182,192,62729,1,0,0:0:0:0:
182,192,62919,1,0,0:0:0:0:
329,192,62919,1,0,0:0:0:0:
475,192,63014,128,0,63204:0:0:0:0:
329,192,63109,1,0,0:0:0:0:
182,192,63109,1,0,0:0:0:0:
36,192,63109,1,0,0:0:0:0:
109,192,63204,1,0,0:0:0:0:
256,192,63204,1,0,0:0:0:0:
475,192,63299,128,0,63489:0:0:0:0:
182,192,63299,1,0,0:0:0:0:
329,192,63299,1,0,0:0:0:0:
109,192,63394,1,0,0:0:0:0:
36,192,63489,1,0,0:0:0:0:
402,192,63489,1,0,0:0:0:0:
256,192,63489,128,0,64058:0:0:0:0:
109,192,63584,1,0,0:0:0:0:
182,192,63679,1,0,0:0:0:0:
36,192,63774,1,0,0:0:0:0:
109,192,63868,1,0,0:0:0:0:
329,192,63868,1,0,0:0:0:0:
475,192,63868,1,0,0:0:0:0:
182,192,63963,1,0,0:0:0:0:
109,192,64058,1,0,0:0:0:0:
402,192,64058,128,0,64628:0:0:0:0:
182,192,64153,1,0,0:0:0:0:
256,192,64248,1,0,0:0:0:0:
36,192,64248,1,0,0:0:0:0:
109,192,64343,1,0,0:0:0:0:
182,192,64438,1,0,0:0:0:0:
256,192,64533,1,0,0:0:0:0:
329,192,64628,1,0,0:0:0:0:
109,192,64628,1,0,0:0:0:0:
36,192,64628,1,0,0:0:0:0:
475,192,64628,128,0,65008:0:0:0:0:
182,192,64723,1,0,0:0:0:0:
402,192,64818,1,0,0:0:0:0:
256,192,64913,1,0,0:0:0:0:
182,192,65008,1,0,0:0:0:0:
36,192,65008,1,0,0:0:0:0:
109,192,65008,128,0,65767:0:0:0:0:
329,192,65103,1,0,0:0:0:0:
402,192,65198,1,0,0:0:0:0:
182,192,65293,1,0,0:0:0:0:
256,192,65387,1,0,0:0:0:0:
36,192,65387,1,0,0:0:0:0:
475,192,65387,1,0,0:0:0:0:
402,192,65482,1,0,0:0:0:0:
182,192,65577,1,0,0:0:0:0:
256,192,65672,1,0,0:0:0:0:
475,192,65767,1,0,0:0:0:0:
36,192,65767,1,0,0:0:0:0:
329,192,65767,128,0,66527:0:0:0:0:
109,192,65862,1,0,0:0:0:0:
182,192,65957,1,0,0:0:0:0:
402,192,66052,1,0,0:0:0:0:
475,192,66147,1,0,0:0:0:0:
256,192,66147,1,0,0:0:0:0:
36,192,66147,1,0,0:0:0:0:
109,192,66242,1,0,0:0:0:0:
402,192,66337,1,0,0:0:0:0:
182,192,66432,1,0,0:0:0:0:
36,192,66527,1,0,0:0:0:0:
475,192,66527,1,0,0:0:0:0:
402,192,66527,128,0,67286:0:0:0:0:
256,192,66622,1,0,0:0:0:0:
329,192,66717,1,0,0:0:0:0:
182,192,66717,1,0,0:0:0:0:
109,192,66812,1,0,0:0:0:0:
36,192,66906,1,0,0:0:0:0:
256,192,66906,1,0,0:0:0:0:
475,192,66906,1,0,0:0:0:0:
182,192,67001,1,0,0:0:0:0:
109,192,67096,1,0,0:0:0:0:
329,192,67096,1,0,0:0:0:0:
36,192,67191,1,0,0:0:0:0:
109,192,67286,1,0,0:0:0:0:
475,192,67286,1,0,0:0:0:0:
182,192,67286,128,0,68046:0:0:0:0:
402,192,67381,1,0,0:0:0:0:
329,192,67476,1,0,0:0:0:0:
36,192,67476,1,0,0:0:0:0:
256,192,67571,1,0,0:0:0:0:
109,192,67666,1,0,0:0:0:0:
402,192,67666,1,0,0:0:0:0:
475,192,67666,1,0,0:0:0:0:
256,192,67761,1,0,0:0:0:0:
36,192,67856,1,0,0:0:0:0:
329,192,67856,1,0,0:0:0:0:
402,192,67951,1,0,0:0:0:0:
475,192,68046,1,0,0:0:0:0:
109,192,68046,1,0,0:0:0:0:
256,192,68046,128,0,68805:0:0:0:0:
36,192,68141,1,0,0:0:0:0:
109,192,68236,1,0,0:0:0:0:
329,192,68236,1,0,0:0:0:0:
402,192,68331,1,0,0:0:0:0:
475,192,68425,1,0,0:0:0:0:
182,192,68425,1,0,0:0:0:0:
36,192,68425,1,0,0:0:0:0:
109,192,68520,1,0,0:0:0:0:
182,192,68615,1,0,0:0:0:0:
329,192,68615,1,0,0:0:0:0:
402,192,68710,1,0,0:0:0:0:
475,192,68805,1,0,0:0:0:0:
36,192,68805,1,0,0:0:0:0:
329,192,68805,128,0,69565:0:0:0:0:
109,192,68900,1,0,0:0:0:0:
182,192,68995,1,0,0:0:0:0:
402,192,68995,1,0,0:0:0:0:
109,192,69090,1,0,0:0:0:0:
36,192,69185,1,0,0:0:0:0:
256,192,69185,1,0,0:0:0:0:
475,192,69185,1,0,0:0:0:0:
182,192,69280,1,0,0:0:0:0:
109,192,69375,1,0,0:0:0:0:
402,192,69375,1,0,0:0:0:0:
182,192,69470,1,0,0:0:0:0:
36,192,69565,1,0,0:0:0:0:
256,192,69565,1,0,0:0:0:0:
475,192,69565,128,0,70134:0:0:0:0:
109,192,69660,1,0,0:0:0:0:
182,192,69755,1,0,0:0:0:0:
329,192,69755,1,0,0:0:0:0:
36,192,69849,1,0,0:0:0:0:
109,192,69944,1,0,0:0:0:0:
256,192,69944,1,0,0:0:0:0:
402,192,69944,1,0,0:0:0:0:
182,192,70039,1,0,0:0:0:0:
329,192,70134,1,0,0:0:0:0:
36,192,70134,1,0,0:0:0:0:
109,192,70229,1,0,0:0:0:0:
182,192,70324,1,0,0:0:0:0:
475,192,70324,1,0,0:0:0:0:
329,192,70324,128,0,70609:0:0:0:0:
36,192,70419,1,0,0:0:0:0:
109,192,70514,1,0,0:0:0:0:
182,192,70609,1,0,0:0:0:0:
402,192,70609,1,0,0:0:0:0:
475,192,70704,1,0,0:0:0:0:
256,192,70704,1,0,0:0:0:0:
36,192,70704,1,0,0:0:0:0:
109,192,70799,1,0,0:0:0:0:
182,192,70894,1,0,0:0:0:0:
329,192,70894,1,0,0:0:0:0:
402,192,70894,1,0,0:0:0:0:
256,192,70989,1,0,0:0:0:0:
182,192,71084,1,0,0:0:0:0:
475,192,71084,1,0,0:0:0:0:
36,192,71084,128,0,71463:0:0:0:0:
329,192,71179,1,0,0:0:0:0:
402,192,71274,1,0,0:0:0:0:
109,192,71368,1,0,0:0:0:0:
182,192,71463,1,0,0:0:0:0:
329,192,71463,1,0,0:0:0:0:
475,192,71463,1,0,0:0:0:0:
256,192,71463,128,0,71843:0:0:0:0:
402,192,71558,1,0,0:0:0:0:
36,192,71653,1,0,0:0:0:0:
109,192,71748,1,0,0:0:0:0:
182,192,71843,1,0,0:0:0:0:
402,192,71843,1,0,0:0:0:0:
329,192,71843,128,0,72223:0:0:0:0:
36,192,71938,1,0,0:0:0:0:
109,192,72033,1,0,0:0:0:0:
182,192,72128,1,0,0:0:0:0:
402,192,72223,128,0,72603:0:0:0:0:
256,192,72223,1,0,0:0:0:0:
475,192,72223,1,0,0:0:0:0:
36,192,72223,1,0,0:0:0:0:
109,192,72318,1,0,0:0:0:0:
182,192,72413,1,0,0:0:0:0:
109,192,72508,1,0,0:0:0:0:
36,192,72603,1,0,0:0:0:0:
256,192,72603,1,0,0:0:0:0:
475,192,72603,1,0,0:0:0:0:
329,192,72603,128,0,73362:0:0:0:0:
182,192,72698,1,0,0:0:0:0:
109,192,72793,1,0,0:0:0:0:
402,192,72793,1,0,0:0:0:0:
182,192,72887,1,0,0:0:0:0:
256,192,72982,1,0,0:0:0:0:
475,192,72982,1,0,0:0:0:0:
36,192,72982,1,0,0:0:0:0:
109,192,73077,1,0,0:0:0:0:
182,192,73172,1,0,0:0:0:0:
402,192,73172,1,0,0:0:0:0:
256,192,73267,1,0,0:0:0:0:
475,192,73362,1,0,0:0:0:0:
36,192,73362,1,0,0:0:0:0:
182,192,73362,128,0,74122:0:0:0:0:
402,192,73457,1,0,0:0:0:0:
329,192,73552,1,0,0:0:0:0:
109,192,73552,1,0,0:0:0:0:
402,192,73647,1,0,0:0:0:0:
475,192,73742,1,0,0:0:0:0:
256,192,73742,1,0,0:0:0:0:
36,192,73742,1,0,0:0:0:0:
329,192,73837,1,0,0:0:0:0:
402,192,73932,1,0,0:0:0:0:
109,192,73932,1,0,0:0:0:0:
475,192,74027,1,0,0:0:0:0:
402,192,74122,1,0,0:0:0:0:
256,192,74122,1,0,0:0:0:0:
36,192,74122,128,0,74881:0:0:0:0:
182,192,74217,1,0,0:0:0:0:
329,192,74312,1,0,0:0:0:0:
475,192,74312,1,0,0:0:0:0:
402,192,74501,1,0,0:0:0:0:
256,192,74501,1,0,0:0:0:0:
475,192,74596,1,0,0:0:0:0:
182,192,74596,1,0,0:0:0:0:
329,192,74691,1,0,0:0:0:0:
402,192,74786,1,0,0:0:0:0:
475,192,74881,1,0,0:0:0:0:
256,192,74881,1,0,0:0:0:0:
182,192,74976,128,0,75166:0:0:0:0:
109,192,75071,128,0,75261:0:0:0:0:
329,192,75071,1,0,0:0:0:0:
36,192,75166,128,0,75356:0:0:0:0:
402,192,75166,1,0,0:0:0:0:
475,192,75261,1,0,0:0:0:0:
329,192,75261,128,0,75451:0:0:0:0:
182,192,75356,1,0,0:0:0:0:
402,192,75356,128,0,75546:0:0:0:0:
109,192,75451,1,0,0:0:0:0:
475,192,75451,128,0,75641:0:0:0:0:
36,192,75546,1,0,0:0:0:0:
256,192,75641,1,0,0:0:0:0:
182,192,75641,128,0,77160:0:0:0:0:
402,192,75831,1,0,0:0:0:0:
402,192,75925,1,0,0:0:0:0:
109,192,76210,128,0,77160:0:0:0:0:
402,192,76210,1,0,0:0:0:0:
402,192,76305,1,0,0:0:0:0:
329,192,76590,1,0,0:0:0:0:
329,192,76685,1,0,0:0:0:0:
36,192,76780,128,0,77160:0:0:0:0:
329,192,76970,1,0,0:0:0:0:
329,192,77065,1,0,0:0:0:0:
402,192,77160,128,0,78679:0:0:0:0:
182,192,77349,1,0,0:0:0:0:
182,192,77444,1,0,0:0:0:0:
182,192,77729,1,0,0:0:0:0:
182,192,77824,1,0,0:0:0:0:
329,192,77919,128,0,79438:0:0:0:0:
109,192,78109,1,0,0:0:0:0:
109,192,78204,1,0,0:0:0:0:
109,192,78489,1,0,0:0:0:0:
109,192,78584,1,0,0:0:0:0:
475,192,78679,128,0,79438:0:0:0:0:
36,192,78868,1,0,0:0:0:0:
36,192,78963,1,0,0:0:0:0:
36,192,79248,1,0,0:0:0:0:
36,192,79343,1,0,0:0:0:0:
109,192,79628,1,0,0:0:0:0:
475,192,79628,128,0,80198:0:0:0:0:
109,192,79723,1,0,0:0:0:0:
402,192,79818,128,0,80198:0:0:0:0:
329,192,80008,128,0,80198:0:0:0:0:
182,192,80008,1,0,0:0:0:0:
182,192,80103,1,0,0:0:0:0:
36,192,80198,128,0,80957:0:0:0:0:
329,192,80387,1,0,0:0:0:0:
329,192,80482,1,0,0:0:0:0:
182,192,80577,128,0,81527:0:0:0:0:
329,192,80767,1,0,0:0:0:0:
109,192,80767,128,0,81527:0:0:0:0:
329,192,80862,1,0,0:0:0:0:
36,192,81147,128,0,81527:0:0:0:0:
402,192,81147,1,0,0:0:0:0:
402,192,81242,1,0,0:0:0:0:
402,192,81527,1,0,0:0:0:0:
402,192,81622,1,0,0:0:0:0:
256,192,81717,128,0,82191:0:0:0:0:
36,192,81812,128,0,84185:0:0:0:0:
109,192,81906,128,0,82096:0:0:0:0:
182,192,82001,128,0,82476:0:0:0:0:
329,192,82096,128,0,82381:0:0:0:0:
109,192,82191,128,0,83805:0:0:0:0:
256,192,82286,128,0,83331:0:0:0:0:
402,192,82381,128,0,82666:0:0:0:0:
329,192,82476,128,0,82571:0:0:0:0:
182,192,82571,128,0,82856:0:0:0:0:
329,192,82666,128,0,82951:0:0:0:0:
402,192,82761,128,0,83141:0:0:0:0:
475,192,82856,128,0,83046:0:0:0:0:
182,192,82951,128,0,83425:0:0:0:0:
329,192,83046,128,0,83236:0:0:0:0:
475,192,83141,128,0,83615:0:0:0:0:
402,192,83236,128,0,83710:0:0:0:0:
329,192,83331,128,0,83520:0:0:0:0:
256,192,83425,128,0,83615:0:0:0:0:
182,192,83520,128,0,83710:0:0:0:0:
329,192,83615,128,0,83805:0:0:0:0:
256,192,83710,128,0,83900:0:0:0:0:
182,192,83805,128,0,83995:0:0:0:0:
109,192,83900,128,0,84090:0:0:0:0:
475,192,83995,128,0,84565:0:0:0:0:
329,192,84090,128,0,84185:0:0:0:0:
402,192,84185,128,0,84755:0:0:0:0:
182,192,84280,128,0,84375:0:0:0:0:
329,192,84375,128,0,84755:0:0:0:0:
36,192,84470,128,0,84755:0:0:0:0:
109,192,84565,128,0,84755:0:0:0:0:
182,192,84660,128,0,84755:0:0:0:0:
475,192,84755,128,0,86084:0:0:0:0:
329,192,85039,128,0,85324:0:0:0:0:
182,192,85324,128,0,85609:0:0:0:0:
329,192,85514,128,0,86274:0:0:0:0:
182,192,85799,128,0,86274:0:0:0:0:
36,192,86084,128,0,86274:0:0:0:0:
475,192,86274,128,0,86463:0:0:0:0:
329,192,86463,128,0,86558:0:0:0:0:
182,192,86558,128,0,86653:0:0:0:0:
329,192,86653,128,0,86843:0:0:0:0:
182,192,86843,128,0,86938:0:0:0:0:
36,192,86938,128,0,87033:0:0:0:0:
329,192,87033,128,0,87128:0:0:0:0:
182,192,87128,128,0,87223:0:0:0:0:
475,192,87223,128,0,87318:0:0:0:0:
109,192,87318,128,0,87413:0:0:0:0:
402,192,87413,128,0,87508:0:0:0:0:
329,192,87413,128,0,87698:0:0:0:0:
36,192,87508,128,0,87603:0:0:0:0:
475,192,87603,128,0,87698:0:0:0:0:
182,192,87603,128,0,87793:0:0:0:0:
109,192,87698,128,0,87793:0:0:0:0:
36,192,87793,1,0,0:0:0:0:
475,192,87793,1,0,0:0:0:0:
329,192,87793,128,0,89217:0:0:0:0:
402,192,87793,128,0,89217:0:0:0:0:
256,192,87982,1,0,0:0:0:0:
256,192,88362,1,0,0:0:0:0:
109,192,88362,128,0,89217:0:0:0:0:
256,192,88742,1,0,0:0:0:0:
182,192,88932,128,0,89217:0:0:0:0:
256,192,89122,1,0,0:0:0:0:
182,192,89312,1,0,0:0:0:0:
109,192,89312,1,0,0:0:0:0:
329,192,89312,1,0,0:0:0:0:
402,192,89312,1,0,0:0:0:0:
36,192,89312,128,0,90736:0:0:0:0:
475,192,89312,128,0,90736:0:0:0:0:
256,192,89501,1,0,0:0:0:0:
256,192,89881,1,0,0:0:0:0:
182,192,89881,128,0,90736:0:0:0:0:
256,192,90261,1,0,0:0:0:0:
329,192,90451,128,0,90736:0:0:0:0:
256,192,90641,1,0,0:0:0:0:
182,192,90831,1,0,0:0:0:0:
329,192,90831,1,0,0:0:0:0:
475,192,90831,1,0,0:0:0:0:
36,192,90831,1,0,0:0:0:0:
109,192,90831,128,0,92349:0:0:0:0:
402,192,90831,128,0,92349:0:0:0:0:
256,192,91020,1,0,0:0:0:0:
256,192,91400,1,0,0:0:0:0:
256,192,91780,1,0,0:0:0:0:
256,192,92160,1,0,0:0:0:0:
329,192,92349,1,0,0:0:0:0:
182,192,92349,1,0,0:0:0:0:
36,192,92349,128,0,93774:0:0:0:0:
475,192,92349,128,0,93774:0:0:0:0:
256,192,92539,1,0,0:0:0:0:
256,192,92919,1,0,0:0:0:0:
329,192,92919,128,0,93774:0:0:0:0:
256,192,93299,1,0,0:0:0:0:
182,192,93489,128,0,93774:0:0:0:0:
256,192,93679,1,0,0:0:0:0:
256,192,93868,1,0,0:0:0:0:
475,192,93868,1,0,0:0:0:0:
36,192,93868,1,0,0:0:0:0:
329,192,93868,128,0,95008:0:0:0:0:
109,192,93916,1,0,0:0:0:0:
182,192,93963,1,0,0:0:0:0:
402,192,94058,1,0,0:0:0:0:
109,192,94153,1,0,0:0:0:0:
256,192,94248,1,0,0:0:0:0:
475,192,94343,1,0,0:0:0:0:
36,192,94438,1,0,0:0:0:0:
402,192,94533,1,0,0:0:0:0:
182,192,94628,1,0,0:0:0:0:
182,192,94818,1,0,0:0:0:0:
182,192,95008,1,0,0:0:0:0:
329,192,95198,1,0,0:0:0:0:
475,192,95198,1,0,0:0:0:0:
36,192,95198,1,0,0:0:0:0:
182,192,95293,1,0,0:0:0:0:
36,192,95387,1,0,0:0:0:0:
329,192,95387,1,0,0:0:0:0:
475,192,95387,1,0,0:0:0:0:
402,192,95387,128,0,96527:0:0:0:0:
109,192,95435,1,0,0:0:0:0:
256,192,95482,1,0,0:0:0:0:
182,192,95577,1,0,0:0:0:0:
329,192,95672,1,0,0:0:0:0:
109,192,95767,1,0,0:0:0:0:
475,192,95862,1,0,0:0:0:0:
182,192,95957,1,0,0:0:0:0:
36,192,96052,1,0,0:0:0:0:
256,192,96147,1,0,0:0:0:0:
256,192,96337,1,0,0:0:0:0:
256,192,96527,1,0,0:0:0:0:
329,192,96717,1,0,0:0:0:0:
475,192,96717,1,0,0:0:0:0:
182,192,96717,1,0,0:0:0:0:
36,192,96717,1,0,0:0:0:0:
402,192,96812,1,0,0:0:0:0:
109,192,96812,1,0,0:0:0:0:
329,192,96906,1,0,0:0:0:0:
36,192,96906,1,0,0:0:0:0:
475,192,96906,128,0,98046:0:0:0:0:
109,192,96954,1,0,0:0:0:0:
182,192,97001,1,0,0:0:0:0:
329,192,97096,1,0,0:0:0:0:
109,192,97191,1,0,0:0:0:0:
256,192,97286,1,0,0:0:0:0:
402,192,97381,1,0,0:0:0:0:
182,192,97476,1,0,0:0:0:0:
36,192,97476,1,0,0:0:0:0:
329,192,97571,1,0,0:0:0:0:
402,192,97666,1,0,0:0:0:0:
182,192,97666,1,0,0:0:0:0:
36,192,97666,1,0,0:0:0:0:
256,192,97713,1,0,0:0:0:0:
109,192,97761,1,0,0:0:0:0:
329,192,97856,1,0,0:0:0:0:
182,192,97951,1,0,0:0:0:0:
36,192,98046,1,0,0:0:0:0:
182,192,98141,1,0,0:0:0:0:
329,192,98236,1,0,0:0:0:0:
36,192,98236,1,0,0:0:0:0:
109,192,98236,128,0,98425:0:0:0:0:
475,192,98331,1,0,0:0:0:0:
256,192,98331,128,0,98520:0:0:0:0:
182,192,98425,1,0,0:0:0:0:
402,192,98425,128,0,98615:0:0:0:0:
109,192,98520,1,0,0:0:0:0:
36,192,98520,128,0,98710:0:0:0:0:
256,192,98615,1,0,0:0:0:0:
182,192,98615,128,0,98805:0:0:0:0:
402,192,98710,1,0,0:0:0:0:
475,192,98710,128,0,98900:0:0:0:0:
36,192,98805,1,0,0:0:0:0:
329,192,98805,128,0,98995:0:0:0:0:
109,192,98900,1,0,0:0:0:0:
182,192,98900,128,0,98995:0:0:0:0:
475,192,98995,1,0,0:0:0:0:
36,192,98995,128,0,99280:0:0:0:0:
329,192,99090,1,0,0:0:0:0:
182,192,99090,128,0,99375:0:0:0:0:
402,192,99185,1,0,0:0:0:0:
475,192,99185,128,0,99470:0:0:0:0:
256,192,99280,1,0,0:0:0:0:
329,192,99280,128,0,99565:0:0:0:0:
109,192,99375,1,0,0:0:0:0:
36,192,99375,128,0,99755:0:0:0:0:
256,192,99470,1,0,0:0:0:0:
182,192,99470,128,0,99660:0:0:0:0:
402,192,99565,1,0,0:0:0:0:
475,192,99565,128,0,99755:0:0:0:0:
256,192,99660,1,0,0:0:0:0:
329,192,99660,128,0,99849:0:0:0:0:
182,192,99755,128,0,99944:0:0:0:0:
109,192,99755,1,0,0:0:0:0:
36,192,99849,128,0,100039:0:0:0:0:
475,192,99849,1,0,0:0:0:0:
256,192,99944,1,0,0:0:0:0:
329,192,100039,128,0,100134:0:0:0:0:
182,192,100134,128,0,100229:0:0:0:0:
402,192,100134,1,0,0:0:0:0:
329,192,100229,128,0,100324:0:0:0:0:
36,192,100229,1,0,0:0:0:0:
475,192,100324,128,0,100419:0:0:0:0:
182,192,100324,1,0,0:0:0:0:
329,192,100419,128,0,100514:0:0:0:0:
182,192,100514,128,0,100609:0:0:0:0:
475,192,100514,1,0,0:0:0:0:
36,192,100609,128,0,100704:0:0:0:0:
329,192,100609,1,0,0:0:0:0:
256,192,100609,1,0,0:0:0:0:
109,192,100799,1,0,0:0:0:0:
256,192,100894,1,0,0:0:0:0:
475,192,101084,1,0,0:0:0:0:
329,192,101084,1,0,0:0:0:0:
182,192,101084,1,0,0:0:0:0:
36,192,101084,1,0,0:0:0:0:
256,192,101274,1,0,0:0:0:0:
402,192,101274,1,0,0:0:0:0:
109,192,101463,1,0,0:0:0:0:
36,192,101463,128,0,101653:0:0:0:0:
475,192,101558,128,0,101748:0:0:0:0:
256,192,101558,1,0,0:0:0:0:
329,192,101653,128,0,101748:0:0:0:0:
182,192,101748,1,0,0:0:0:0:
109,192,101748,128,0,101843:0:0:0:0:
329,192,101843,1,0,0:0:0:0:
402,192,101843,128,0,102033:0:0:0:0:
182,192,101938,128,0,102128:0:0:0:0:
256,192,102033,1,0,0:0:0:0:
36,192,102033,128,0,102128:0:0:0:0:
402,192,102128,1,0,0:0:0:0:
182,192,102223,1,0,0:0:0:0:
36,192,102223,1,0,0:0:0:0:
329,192,102223,1,0,0:0:0:0:
402,192,102270,1,0,0:0:0:0:
475,192,102318,1,0,0:0:0:0:
329,192,102413,1,0,0:0:0:0:
182,192,102413,1,0,0:0:0:0:
109,192,102460,1,0,0:0:0:0:
402,192,102508,1,0,0:0:0:0:
36,192,102508,1,0,0:0:0:0:
475,192,102603,1,0,0:0:0:0:
182,192,102603,1,0,0:0:0:0:
36,192,102698,1,0,0:0:0:0:
256,192,102698,1,0,0:0:0:0:
329,192,102793,1,0,0:0:0:0:
109,192,102793,1,0,0:0:0:0:
182,192,102887,1,0,0:0:0:0:
402,192,102887,1,0,0:0:0:0:
256,192,102982,1,0,0:0:0:0:
36,192,102982,1,0,0:0:0:0:
475,192,102982,128,0,103742:0:0:0:0:
109,192,103077,1,0,0:0:0:0:
182,192,103172,1,0,0:0:0:0:
329,192,103172,1,0,0:0:0:0:
256,192,103267,1,0,0:0:0:0:
182,192,103362,1,0,0:0:0:0:
36,192,103362,1,0,0:0:0:0:
402,192,103362,1,0,0:0:0:0:
329,192,103457,1,0,0:0:0:0:
256,192,103552,1,0,0:0:0:0:
109,192,103552,1,0,0:0:0:0:
329,192,103647,1,0,0:0:0:0:
182,192,103647,128,0,103932:0:0:0:0:
402,192,103742,1,0,0:0:0:0:
36,192,103742,1,0,0:0:0:0:
256,192,103837,1,0,0:0:0:0:
109,192,103932,1,0,0:0:0:0:
329,192,103932,128,0,104122:0:0:0:0:
475,192,104122,1,0,0:0:0:0:
182,192,104122,1,0,0:0:0:0:
36,192,104122,1,0,0:0:0:0:
256,192,104122,128,0,104312:0:0:0:0:
402,192,104217,1,0,0:0:0:0:
109,192,104312,128,0,104501:0:0:0:0:
402,192,104406,1,0,0:0:0:0:
36,192,104501,1,0,0:0:0:0:
475,192,104501,1,0,0:0:0:0:
329,192,104501,128,0,104881:0:0:0:0:
182,192,104501,128,0,105261:0:0:0:0:
256,192,104596,1,0,0:0:0:0:
402,192,104691,1,0,0:0:0:0:
109,192,104786,1,0,0:0:0:0:
475,192,104881,1,0,0:0:0:0:
256,192,104881,1,0,0:0:0:0:
36,192,104881,128,0,105261:0:0:0:0:
329,192,104976,1,0,0:0:0:0:
109,192,105071,1,0,0:0:0:0:
256,192,105166,1,0,0:0:0:0:
329,192,105261,1,0,0:0:0:0:
402,192,105261,128,0,106020:0:0:0:0:
109,192,105356,1,0,0:0:0:0:
182,192,105451,1,0,0:0:0:0:
256,192,105546,1,0,0:0:0:0:
329,192,105641,1,0,0:0:0:0:
475,192,105641,1,0,0:0:0:0:
36,192,105641,1,0,0:0:0:0:
256,192,105736,1,0,0:0:0:0:
182,192,105831,1,0,0:0:0:0:
109,192,105925,1,0,0:0:0:0:
36,192,106020,1,0,0:0:0:0:
475,192,106020,1,0,0:0:0:0:
329,192,106020,128,0,106210:0:0:0:0:
182,192,106020,128,0,107160:0:0:0:0:
109,192,106115,1,0,0:0:0:0:
256,192,106210,128,0,106400:0:0:0:0:
402,192,106210,1,0,0:0:0:0:
329,192,106400,1,0,0:0:0:0:
475,192,106400,1,0,0:0:0:0:
109,192,106400,1,0,0:0:0:0:
36,192,106400,128,0,106590:0:0:0:0:
256,192,106495,1,0,0:0:0:0:
402,192,106590,1,0,0:0:0:0:
329,192,106685,1,0,0:0:0:0:
36,192,106780,1,0,0:0:0:0:
256,192,106780,1,0,0:0:0:0:
329,192,106875,1,0,0:0:0:0:
109,192,106970,1,0,0:0:0:0:
402,192,106970,128,0,107160:0:0:0:0:
256,192,107065,1,0,0:0:0:0:
36,192,107160,1,0,0:0:0:0:
475,192,107160,1,0,0:0:0:0:
329,192,107160,128,0,107255:0:0:0:0:
109,192,107255,1,0,0:0:0:0:
182,192,107255,128,0,107349:0:0:0:0:
329,192,107349,128,0,107444:0:0:0:0:
402,192,107349,1,0,0:0:0:0:
182,192,107444,128,0,107539:0:0:0:0:
109,192,107444,1,0,0:0:0:0:
36,192,107539,128,0,107634:0:0:0:0:
256,192,107539,1,0,0:0:0:0:
475,192,107539,128,0,108299:0:0:0:0:
182,192,107634,128,0,107729:0:0:0:0:
329,192,107634,1,0,0:0:0:0:
109,192,107729,128,0,107824:0:0:0:0:
402,192,107729,1,0,0:0:0:0:
182,192,107824,128,0,107919:0:0:0:0:
329,192,107824,1,0,0:0:0:0:
402,192,107919,1,0,0:0:0:0:
36,192,107919,128,0,108014:0:0:0:0:
256,192,108014,1,0,0:0:0:0:
109,192,108014,128,0,108109:0:0:0:0:
329,192,108109,1,0,0:0:0:0:
182,192,108109,128,0,108204:0:0:0:0:
402,192,108204,128,0,108299:0:0:0:0:
109,192,108204,1,0,0:0:0:0:
256,192,108299,1,0,0:0:0:0:
329,192,108299,128,0,109058:0:0:0:0:
36,192,108299,128,0,108394:0:0:0:0:
402,192,108394,1,0,0:0:0:0:
109,192,108394,128,0,108489:0:0:0:0:
475,192,108489,1,0,0:0:0:0:
182,192,108489,128,0,108584:0:0:0:0:
256,192,108584,128,0,108679:0:0:0:0:
36,192,108584,1,0,0:0:0:0:
109,192,108679,1,0,0:0:0:0:
475,192,108679,128,0,108774:0:0:0:0:
182,192,108774,1,0,0:0:0:0:
402,192,108774,128,0,108868:0:0:0:0:
109,192,108868,1,0,0:0:0:0:
256,192,108868,128,0,108963:0:0:0:0:
36,192,108963,1,0,0:0:0:0:
182,192,108963,128,0,109058:0:0:0:0:
256,192,109058,1,0,0:0:0:0:
475,192,109058,1,0,0:0:0:0:
109,192,109058,128,0,109818:0:0:0:0:
402,192,109153,1,0,0:0:0:0:
182,192,109248,1,0,0:0:0:0:
329,192,109248,128,0,109438:0:0:0:0:
402,192,109438,1,0,0:0:0:0:
256,192,109438,1,0,0:0:0:0:
36,192,109438,1,0,0:0:0:0:
475,192,109533,1,0,0:0:0:0:
329,192,109628,1,0,0:0:0:0:
182,192,109628,128,0,109818:0:0:0:0:
402,192,109723,1,0,0:0:0:0:
475,192,109818,1,0,0:0:0:0:
36,192,109818,1,0,0:0:0:0:
109,192,109913,1,0,0:0:0:0:
182,192,110008,128,0,110198:0:0:0:0:
329,192,110008,128,0,110198:0:0:0:0:
402,192,110008,1,0,0:0:0:0:
256,192,110198,1,0,0:0:0:0:
475,192,110198,1,0,0:0:0:0:
36,192,110198,128,0,110293:0:0:0:0:
402,192,110293,1,0,0:0:0:0:
109,192,110293,128,0,110387:0:0:0:0:
182,192,110387,128,0,110577:0:0:0:0:
329,192,110387,128,0,110482:0:0:0:0:
402,192,110482,128,0,110577:0:0:0:0:
36,192,110482,1,0,0:0:0:0:
475,192,110577,128,0,110767:0:0:0:0:
256,192,110577,1,0,0:0:0:0:
329,192,110672,128,0,110862:0:0:0:0:
182,192,110767,128,0,110957:0:0:0:0:
109,192,110767,1,0,0:0:0:0:
36,192,110862,128,0,111052:0:0:0:0:
402,192,110957,1,0,0:0:0:0:
475,192,110957,1,0,0:0:0:0:
256,192,110957,128,0,111147:0:0:0:0:
329,192,111052,128,0,111242:0:0:0:0:
182,192,111147,128,0,111337:0:0:0:0:
109,192,111147,1,0,0:0:0:0:
36,192,111242,128,0,111432:0:0:0:0:
256,192,111337,1,0,0:0:0:0:
475,192,111337,128,0,111527:0:0:0:0:
182,192,111432,128,0,111622:0:0:0:0:
329,192,111527,128,0,111717:0:0:0:0:
109,192,111527,1,0,0:0:0:0:
256,192,111622,128,0,111812:0:0:0:0:
402,192,111717,1,0,0:0:0:0:
475,192,111717,1,0,0:0:0:0:
36,192,111717,128,0,111906:0:0:0:0:
329,192,111812,128,0,112001:0:0:0:0:
109,192,111906,1,0,0:0:0:0:
256,192,111906,128,0,112096:0:0:0:0:
182,192,112001,128,0,112096:0:0:0:0:
36,192,112096,1,0,0:0:0:0:
475,192,112096,1,0,0:0:0:0:
329,192,112096,128,0,112476:0:0:0:0:
109,192,112191,1,0,0:0:0:0:
256,192,112286,1,0,0:0:0:0:
402,192,112286,1,0,0:0:0:0:
182,192,112476,1,0,0:0:0:0:
36,192,112476,1,0,0:0:0:0:
475,192,112476,1,0,0:0:0:0:
329,192,112571,1,0,0:0:0:0:
109,192,112666,1,0,0:0:0:0:
256,192,112761,1,0,0:0:0:0:
402,192,112761,1,0,0:0:0:0:
475,192,112856,1,0,0:0:0:0:
36,192,112856,1,0,0:0:0:0:
329,192,112856,128,0,113046:0:0:0:0:
182,192,112951,1,0,0:0:0:0:
402,192,113046,1,0,0:0:0:0:
109,192,113046,128,0,113236:0:0:0:0:
36,192,113236,1,0,0:0:0:0:
329,192,113236,1,0,0:0:0:0:
475,192,113236,1,0,0:0:0:0:
256,192,113236,128,0,113425:0:0:0:0:
109,192,113331,1,0,0:0:0:0:
182,192,113425,1,0,0:0:0:0:
402,192,113425,128,0,113615:0:0:0:0:
109,192,113520,1,0,0:0:0:0:
36,192,113615,1,0,0:0:0:0:
256,192,113615,1,0,0:0:0:0:
475,192,113615,128,0,113805:0:0:0:0:
329,192,113710,128,0,113900:0:0:0:0:
109,192,113805,1,0,0:0:0:0:
182,192,113805,128,0,113995:0:0:0:0:
402,192,113900,128,0,114090:0:0:0:0:
475,192,113995,1,0,0:0:0:0:
36,192,113995,1,0,0:0:0:0:
256,192,113995,128,0,114185:0:0:0:0:
109,192,114090,128,0,114280:0:0:0:0:
329,192,114185,128,0,114375:0:0:0:0:
402,192,114185,1,0,0:0:0:0:
182,192,114280,128,0,114375:0:0:0:0:
36,192,114375,1,0,0:0:0:0:
475,192,114375,128,0,114422:0:0:0:0:
402,192,114422,128,0,114470:0:0:0:0:
329,192,114470,128,0,114517:0:0:0:0:
256,192,114517,128,0,114565:0:0:0:0:
402,192,114565,128,0,114612:0:0:0:0:
109,192,114565,1,0,0:0:0:0:
329,192,114612,128,0,114660:0:0:0:0:
256,192,114660,128,0,114707:0:0:0:0:
182,192,114707,128,0,114755:0:0:0:0:
329,192,114755,128,0,114802:0:0:0:0:
475,192,114755,1,0,0:0:0:0:
36,192,114755,1,0,0:0:0:0:
256,192,114802,128,0,114849:0:0:0:0:
182,192,114849,128,0,114897:0:0:0:0:
109,192,114897,128,0,114944:0:0:0:0:
256,192,114944,128,0,114992:0:0:0:0:
402,192,114944,1,0,0:0:0:0:
182,192,114992,128,0,115039:0:0:0:0:
109,192,115039,128,0,115087:0:0:0:0:
36,192,115087,128,0,115134:0:0:0:0:
182,192,115134,1,0,0:0:0:0:
329,192,115134,1,0,0:0:0:0:
475,192,115134,128,0,115894:0:0:0:0:
256,192,115229,1,0,0:0:0:0:
402,192,115324,1,0,0:0:0:0:
109,192,115324,1,0,0:0:0:0:
329,192,115419,1,0,0:0:0:0:
402,192,115514,1,0,0:0:0:0:
182,192,115514,1,0,0:0:0:0:
36,192,115514,1,0,0:0:0:0:
256,192,115609,1,0,0:0:0:0:
329,192,115704,1,0,0:0:0:0:
109,192,115704,1,0,0:0:0:0:
402,192,115799,1,0,0:0:0:0:
182,192,115799,128,0,116084:0:0:0:0:
256,192,115894,1,0,0:0:0:0:
36,192,115894,1,0,0:0:0:0:
329,192,115989,1,0,0:0:0:0:
109,192,116084,1,0,0:0:0:0:
402,192,116084,128,0,116274:0:0:0:0:
475,192,116274,1,0,0:0:0:0:
182,192,116274,1,0,0:0:0:0:
36,192,116274,1,0,0:0:0:0:
256,192,116274,128,0,116463:0:0:0:0:
329,192,116368,1,0,0:0:0:0:
109,192,116463,128,0,116653:0:0:0:0:
402,192,116558,1,0,0:0:0:0:
36,192,116653,1,0,0:0:0:0:
475,192,116653,1,0,0:0:0:0:
182,192,116653,128,0,117033:0:0:0:0:
329,192,116653,128,0,117413:0:0:0:0:
109,192,116748,1,0,0:0:0:0:
402,192,116843,1,0,0:0:0:0:
256,192,116843,1,0,0:0:0:0:
36,192,117033,128,0,117413:0:0:0:0:
109,192,117033,1,0,0:0:0:0:
475,192,117033,1,0,0:0:0:0:
182,192,117128,1,0,0:0:0:0:
402,192,117223,1,0,0:0:0:0:
256,192,117223,1,0,0:0:0:0:
182,192,117318,1,0,0:0:0:0:
109,192,117413,1,0,0:0:0:0:
475,192,117413,128,0,117793:0:0:0:0:
182,192,117508,1,0,0:0:0:0:
329,192,117603,1,0,0:0:0:0:
36,192,117603,1,0,0:0:0:0:
256,192,117793,1,0,0:0:0:0:
402,192,117793,1,0,0:0:0:0:
109,192,117793,1,0,0:0:0:0:
329,192,117887,1,0,0:0:0:0:
36,192,117887,1,0,0:0:0:0:
182,192,117982,1,0,0:0:0:0:
402,192,117982,1,0,0:0:0:0:
256,192,118077,1,0,0:0:0:0:
36,192,118077,1,0,0:0:0:0:
109,192,118172,1,0,0:0:0:0:
402,192,118172,1,0,0:0:0:0:
329,192,118172,128,0,118362:0:0:0:0:
475,192,118172,128,0,119312:0:0:0:0:
182,192,118267,1,0,0:0:0:0:
109,192,118362,1,0,0:0:0:0:
256,192,118362,128,0,118552:0:0:0:0:
182,192,118552,1,0,0:0:0:0:
402,192,118552,1,0,0:0:0:0:
36,192,118552,128,0,118742:0:0:0:0:
329,192,118647,1,0,0:0:0:0:
109,192,118742,1,0,0:0:0:0:
256,192,118742,1,0,0:0:0:0:
329,192,118837,1,0,0:0:0:0:
182,192,118932,1,0,0:0:0:0:
36,192,118932,1,0,0:0:0:0:
256,192,119027,1,0,0:0:0:0:
109,192,119122,1,0,0:0:0:0:
402,192,119122,128,0,119312:0:0:0:0:
182,192,119217,1,0,0:0:0:0:
256,192,119312,1,0,0:0:0:0:
36,192,119312,1,0,0:0:0:0:
329,192,119312,128,0,119406:0:0:0:0:
182,192,119406,128,0,119501:0:0:0:0:
109,192,119406,1,0,0:0:0:0:
329,192,119501,128,0,119596:0:0:0:0:
402,192,119501,1,0,0:0:0:0:
182,192,119596,128,0,119691:0:0:0:0:
109,192,119596,1,0,0:0:0:0:
256,192,119691,1,0,0:0:0:0:
36,192,119691,128,0,119786:0:0:0:0:
329,192,119691,128,0,120451:0:0:0:0:
402,192,119786,1,0,0:0:0:0:
182,192,119786,128,0,119881:0:0:0:0:
475,192,119881,1,0,0:0:0:0:
109,192,119881,128,0,119976:0:0:0:0:
402,192,119976,1,0,0:0:0:0:
182,192,119976,128,0,120071:0:0:0:0:
256,192,120071,1,0,0:0:0:0:
36,192,120071,128,0,120166:0:0:0:0:
109,192,120166,128,0,120261:0:0:0:0:
182,192,120261,128,0,120356:0:0:0:0:
36,192,120356,128,0,120451:0:0:0:0:
109,192,120451,128,0,120546:0:0:0:0:
182,192,120451,128,0,120831:0:0:0:0:
329,192,120546,128,0,120641:0:0:0:0:
475,192,120546,1,0,0:0:0:0:
402,192,120641,1,0,0:0:0:0:
36,192,120641,128,0,120736:0:0:0:0:
475,192,120736,1,0,0:0:0:0:
109,192,120736,128,0,120831:0:0:0:0:
256,192,120831,1,0,0:0:0:0:
329,192,120831,128,0,121210:0:0:0:0:
402,192,120831,128,0,120925:0:0:0:0:
109,192,120925,1,0,0:0:0:0:
475,192,120925,128,0,121020:0:0:0:0:
36,192,121020,1,0,0:0:0:0:
182,192,121020,128,0,121115:0:0:0:0:
402,192,121115,1,0,0:0:0:0:
109,192,121115,128,0,121210:0:0:0:0:
36,192,121210,1,0,0:0:0:0:
182,192,121210,1,0,0:0:0:0:
256,192,121210,128,0,121970:0:0:0:0:
475,192,121210,128,0,121970:0:0:0:0:
109,192,121400,1,0,0:0:0:0:
329,192,121400,1,0,0:0:0:0:
402,192,121590,1,0,0:0:0:0:
182,192,121590,1,0,0:0:0:0:
36,192,121590,1,0,0:0:0:0:
329,192,121780,1,0,0:0:0:0:
109,192,121780,1,0,0:0:0:0:
402,192,121970,1,0,0:0:0:0:
36,192,121970,1,0,0:0:0:0:
182,192,121970,128,0,122349:0:0:0:0:
402,192,122160,1,0,0:0:0:0:
109,192,122160,1,0,0:0:0:0:
256,192,122349,1,0,0:0:0:0:
475,192,122349,1,0,0:0:0:0:
36,192,122349,1,0,0:0:0:0:
329,192,122349,128,0,122729:0:0:0:0:
256,192,122539,1,0,0:0:0:0:
109,192,122539,1,0,0:0:0:0:
109,192,122729,1,0,0:0:0:0:
402,192,122729,1,0,0:0:0:0:
36,192,122729,128,0,123394:0:0:0:0:
475,192,122729,128,0,123394:0:0:0:0:
329,192,122777,1,0,0:0:0:0:
256,192,122824,1,0,0:0:0:0:
182,192,122872,1,0,0:0:0:0:
109,192,122919,1,0,0:0:0:0:
402,192,122919,1,0,0:0:0:0:
329,192,122967,1,0,0:0:0:0:
256,192,123014,1,0,0:0:0:0:
182,192,123062,1,0,0:0:0:0:
109,192,123109,1,0,0:0:0:0:
402,192,123109,1,0,0:0:0:0:
329,192,123156,1,0,0:0:0:0:
256,192,123204,1,0,0:0:0:0:
182,192,123251,1,0,0:0:0:0:
109,192,123299,1,0,0:0:0:0:
402,192,123299,1,0,0:0:0:0:
329,192,123346,1,0,0:0:0:0:
256,192,123394,1,0,0:0:0:0:
182,192,123441,1,0,0:0:0:0:
36,192,123489,1,0,0:0:0:0:
475,192,123489,1,0,0:0:0:0:
109,192,123489,128,0,123679:0:0:0:0:
329,192,123489,128,0,124248:0:0:0:0:
36,192,123679,1,0,0:0:0:0:
256,192,123679,1,0,0:0:0:0:
402,192,123679,128,0,123868:0:0:0:0:
182,192,123868,128,0,124058:0:0:0:0:
256,192,123868,1,0,0:0:0:0:
475,192,123868,1,0,0:0:0:0:
36,192,123868,1,0,0:0:0:0:
256,192,124058,1,0,0:0:0:0:
475,192,124058,1,0,0:0:0:0:
109,192,124058,128,0,124248:0:0:0:0:
36,192,124248,1,0,0:0:0:0:
475,192,124248,1,0,0:0:0:0:
402,192,124248,128,0,125008:0:0:0:0:
182,192,124343,1,0,0:0:0:0:
329,192,124438,1,0,0:0:0:0:
182,192,124533,1,0,0:0:0:0:
256,192,124628,1,0,0:0:0:0:
475,192,124628,1,0,0:0:0:0:
36,192,124628,1,0,0:0:0:0:
109,192,124818,1,0,0:0:0:0:
182,192,124865,1,0,0:0:0:0:
256,192,124913,1,0,0:0:0:0:
329,192,124960,1,0,0:0:0:0:
475,192,125008,1,0,0:0:0:0:
36,192,125008,1,0,0:0:0:0:
182,192,125103,1,0,0:0:0:0:
329,192,125198,1,0,0:0:0:0:
182,192,125293,1,0,0:0:0:0:
36,192,125387,1,0,0:0:0:0:
475,192,125387,1,0,0:0:0:0:
256,192,125387,128,0,125767:0:0:0:0:
109,192,125577,128,0,125672:0:0:0:0:
402,192,125577,1,0,0:0:0:0:
182,192,125672,128,0,125767:0:0:0:0:
329,192,125672,1,0,0:0:0:0:
36,192,125767,1,0,0:0:0:0:
402,192,125767,128,0,125862:0:0:0:0:
475,192,125767,128,0,126052:0:0:0:0:
109,192,125815,1,0,0:0:0:0:
182,192,125862,1,0,0:0:0:0:
329,192,125862,128,0,125957:0:0:0:0:
256,192,125957,128,0,126052:0:0:0:0:
36,192,125957,1,0,0:0:0:0:
182,192,126052,128,0,126147:0:0:0:0:
402,192,126052,1,0,0:0:0:0:
109,192,126099,1,0,0:0:0:0:
475,192,126147,1,0,0:0:0:0:
36,192,126147,1,0,0:0:0:0:
329,192,126147,128,0,126432:0:0:0:0:
256,192,126147,128,0,126242:0:0:0:0:
182,192,126242,128,0,126337:0:0:0:0:
402,192,126242,1,0,0:0:0:0:
109,192,126337,128,0,126432:0:0:0:0:
475,192,126337,1,0,0:0:0:0:
36,192,126432,128,0,126527:0:0:0:0:
256,192,126432,1,0,0:0:0:0:
329,192,126527,1,0,0:0:0:0:
182,192,126527,128,0,126812:0:0:0:0:
475,192,126527,128,0,126622:0:0:0:0:
109,192,126622,1,0,0:0:0:0:
402,192,126622,128,0,126717:0:0:0:0:
36,192,126717,1,0,0:0:0:0:
329,192,126717,128,0,126812:0:0:0:0:
109,192,126812,1,0,0:0:0:0:
256,192,126812,128,0,126906:0:0:0:0:
182,192,126906,1,0,0:0:0:0:
329,192,126906,128,0,127001:0:0:0:0:
402,192,126906,1,0,0:0:0:0:
36,192,126906,128,0,127191:0:0:0:0:
475,192,127001,1,0,0:0:0:0:
256,192,127001,128,0,127096:0:0:0:0:
182,192,127096,128,0,127191:0:0:0:0:
402,192,127096,1,0,0:0:0:0:
109,192,127191,128,0,127286:0:0:0:0:
329,192,127191,1,0,0:0:0:0:
36,192,127286,1,0,0:0:0:0:
256,192,127286,1,0,0:0:0:0:
402,192,127286,1,0,0:0:0:0:
475,192,127286,128,0,128046:0:0:0:0:
109,192,127381,1,0,0:0:0:0:
182,192,127476,1,0,0:0:0:0:
329,192,127476,1,0,0:0:0:0:
256,192,127571,1,0,0:0:0:0:
182,192,127666,1,0,0:0:0:0:
36,192,127666,1,0,0:0:0:0:
402,192,127666,1,0,0:0:0:0:
329,192,127761,1,0,0:0:0:0:
256,192,127856,1,0,0:0:0:0:
109,192,127856,1,0,0:0:0:0:
329,192,127951,1,0,0:0:0:0:
182,192,127951,128,0,128236:0:0:0:0:
402,192,128046,1,0,0:0:0:0:
36,192,128046,1,0,0:0:0:0:
475,192,128141,1,0,0:0:0:0:
329,192,128236,128,0,128425:0:0:0:0:
109,192,128236,1,0,0:0:0:0:
182,192,128425,1,0,0:0:0:0:
36,192,128425,1,0,0:0:0:0:
475,192,128425,1,0,0:0:0:0:
256,192,128425,128,0,128615:0:0:0:0:
402,192,128520,1,0,0:0:0:0:
109,192,128615,128,0,128805:0:0:0:0:
329,192,128615,1,0,0:0:0:0:
402,192,128710,1,0,0:0:0:0:
36,192,128805,1,0,0:0:0:0:
475,192,128805,1,0,0:0:0:0:
329,192,128805,128,0,129185:0:0:0:0:
182,192,128805,128,0,129565:0:0:0:0:
256,192,128900,1,0,0:0:0:0:
402,192,128995,1,0,0:0:0:0:
109,192,129090,1,0,0:0:0:0:
36,192,129185,128,0,129565:0:0:0:0:
475,192,129185,1,0,0:0:0:0:
256,192,129185,1,0,0:0:0:0:
402,192,129280,1,0,0:0:0:0:
109,192,129375,1,0,0:0:0:0:
256,192,129470,1,0,0:0:0:0:
329,192,129565,1,0,0:0:0:0:
402,192,129565,128,0,130324:0:0:0:0:
109,192,129660,1,0,0:0:0:0:
182,192,129755,1,0,0:0:0:0:
256,192,129849,1,0,0:0:0:0:
329,192,129944,1,0,0:0:0:0:
475,192,129944,1,0,0:0:0:0:
36,192,129944,1,0,0:0:0:0:
256,192,130039,1,0,0:0:0:0:
182,192,130134,1,0,0:0:0:0:
109,192,130229,1,0,0:0:0:0:
36,192,130324,1,0,0:0:0:0:
475,192,130324,1,0,0:0:0:0:
329,192,130324,128,0,130514:0:0:0:0:
182,192,130324,128,0,131463:0:0:0:0:
109,192,130419,1,0,0:0:0:0:
256,192,130514,128,0,130704:0:0:0:0:
402,192,130514,1,0,0:0:0:0:
329,192,130704,1,0,0:0:0:0:
475,192,130704,1,0,0:0:0:0:
109,192,130704,1,0,0:0:0:0:
36,192,130704,128,0,130894:0:0:0:0:
256,192,130799,1,0,0:0:0:0:
402,192,130894,1,0,0:0:0:0:
329,192,130989,1,0,0:0:0:0:
256,192,131084,1,0,0:0:0:0:
36,192,131084,1,0,0:0:0:0:
329,192,131179,1,0,0:0:0:0:
109,192,131274,1,0,0:0:0:0:
402,192,131274,128,0,131463:0:0:0:0:
256,192,131368,1,0,0:0:0:0:
36,192,131463,1,0,0:0:0:0:
475,192,131463,1,0,0:0:0:0:
329,192,131463,128,0,131558:0:0:0:0:
182,192,131558,128,0,131653:0:0:0:0:
109,192,131558,1,0,0:0:0:0:
329,192,131653,128,0,131748:0:0:0:0:
402,192,131653,1,0,0:0:0:0:
182,192,131748,128,0,131843:0:0:0:0:
109,192,131748,1,0,0:0:0:0:
256,192,131843,1,0,0:0:0:0:
36,192,131843,128,0,131938:0:0:0:0:
475,192,131843,128,0,132603:0:0:0:0:
182,192,131938,128,0,132033:0:0:0:0:
329,192,131938,1,0,0:0:0:0:
109,192,132033,128,0,132128:0:0:0:0:
402,192,132033,1,0,0:0:0:0:
182,192,132128,128,0,132223:0:0:0:0:
329,192,132128,1,0,0:0:0:0:
402,192,132223,1,0,0:0:0:0:
36,192,132223,128,0,132318:0:0:0:0:
256,192,132318,1,0,0:0:0:0:
109,192,132318,128,0,132413:0:0:0:0:
329,192,132413,1,0,0:0:0:0:
182,192,132413,128,0,132508:0:0:0:0:
109,192,132508,1,0,0:0:0:0:
402,192,132508,128,0,132603:0:0:0:0:
256,192,132603,1,0,0:0:0:0:
329,192,132603,128,0,133362:0:0:0:0:
36,192,132603,128,0,132698:0:0:0:0:
402,192,132698,1,0,0:0:0:0:
109,192,132698,128,0,132793:0:0:0:0:
475,192,132793,1,0,0:0:0:0:
182,192,132793,128,0,132887:0:0:0:0:
256,192,132887,128,0,132982:0:0:0:0:
36,192,132887,1,0,0:0:0:0:
475,192,132982,128,0,133077:0:0:0:0:
109,192,132982,1,0,0:0:0:0:
402,192,133077,128,0,133172:0:0:0:0:
182,192,133077,1,0,0:0:0:0:
256,192,133172,128,0,133267:0:0:0:0:
109,192,133172,1,0,0:0:0:0:
182,192,133267,128,0,133362:0:0:0:0:
36,192,133267,1,0,0:0:0:0:
256,192,133362,1,0,0:0:0:0:
475,192,133362,1,0,0:0:0:0:
109,192,133362,128,0,134122:0:0:0:0:
402,192,133457,1,0,0:0:0:0:
182,192,133552,1,0,0:0:0:0:
329,192,133552,128,0,133742:0:0:0:0:
256,192,133742,1,0,0:0:0:0:
36,192,133742,1,0,0:0:0:0:
402,192,133742,1,0,0:0:0:0:
475,192,133837,1,0,0:0:0:0:
329,192,133932,1,0,0:0:0:0:
182,192,133932,128,0,134122:0:0:0:0:
402,192,134027,1,0,0:0:0:0:
475,192,134122,1,0,0:0:0:0:
256,192,134122,1,0,0:0:0:0:
36,192,134122,1,0,0:0:0:0:
109,192,134217,1,0,0:0:0:0:
402,192,134312,1,0,0:0:0:0:
329,192,134312,128,0,134501:0:0:0:0:
182,192,134312,128,0,134501:0:0:0:0:
256,192,134501,1,0,0:0:0:0:
475,192,134501,1,0,0:0:0:0:
36,192,134501,128,0,134596:0:0:0:0:
402,192,134596,1,0,0:0:0:0:
109,192,134596,128,0,134691:0:0:0:0:
182,192,134691,128,0,134881:0:0:0:0:
329,192,134691,128,0,134786:0:0:0:0:
402,192,134786,128,0,134881:0:0:0:0:
36,192,134786,1,0,0:0:0:0:
475,192,134881,128,0,135071:0:0:0:0:
256,192,134881,1,0,0:0:0:0:
329,192,134976,128,0,135166:0:0:0:0:
182,192,135071,128,0,135261:0:0:0:0:
109,192,135071,1,0,0:0:0:0:
36,192,135166,128,0,135356:0:0:0:0:
329,192,135261,1,0,0:0:0:0:
475,192,135261,1,0,0:0:0:0:
256,192,135261,128,0,135451:0:0:0:0:
402,192,135356,128,0,135546:0:0:0:0:
182,192,135451,128,0,135641:0:0:0:0:
109,192,135451,1,0,0:0:0:0:
36,192,135546,128,0,135736:0:0:0:0:
329,192,135641,128,0,135831:0:0:0:0:
475,192,135641,1,0,0:0:0:0:
109,192,135736,128,0,135925:0:0:0:0:
402,192,135831,1,0,0:0:0:0:
256,192,135831,128,0,136020:0:0:0:0:
182,192,135925,128,0,136115:0:0:0:0:
329,192,136020,1,0,0:0:0:0:
475,192,136020,1,0,0:0:0:0:
36,192,136020,128,0,136210:0:0:0:0:
402,192,136115,128,0,136305:0:0:0:0:
182,192,136210,1,0,0:0:0:0:
256,192,136210,128,0,136400:0:0:0:0:
36,192,136400,1,0,0:0:0:0:
475,192,136400,1,0,0:0:0:0:
329,192,136400,128,0,136780:0:0:0:0:
109,192,136495,1,0,0:0:0:0:
182,192,136590,1,0,0:0:0:0:
402,192,136590,1,0,0:0:0:0:
475,192,136780,1,0,0:0:0:0:
256,192,136780,1,0,0:0:0:0:
109,192,136780,1,0,0:0:0:0:
36,192,136780,1,0,0:0:0:0:
329,192,136875,1,0,0:0:0:0:
182,192,136970,1,0,0:0:0:0:
256,192,137065,1,0,0:0:0:0:
402,192,137065,1,0,0:0:0:0:
475,192,137160,1,0,0:0:0:0:
36,192,137160,1,0,0:0:0:0:
329,192,137160,128,0,137349:0:0:0:0:
182,192,137255,1,0,0:0:0:0:
402,192,137349,1,0,0:0:0:0:
109,192,137349,128,0,137539:0:0:0:0:
36,192,137539,1,0,0:0:0:0:
475,192,137539,1,0,0:0:0:0:
329,192,137539,1,0,0:0:0:0:
256,192,137539,128,0,137729:0:0:0:0:
109,192,137634,1,0,0:0:0:0:
182,192,137729,1,0,0:0:0:0:
402,192,137729,128,0,137919:0:0:0:0:
109,192,137824,1,0,0:0:0:0:
36,192,137919,1,0,0:0:0:0:
256,192,137919,1,0,0:0:0:0:
475,192,137919,128,0,138109:0:0:0:0:
329,192,138014,128,0,138204:0:0:0:0:
182,192,138109,128,0,138299:0:0:0:0:
109,192,138109,1,0,0:0:0:0:
402,192,138204,128,0,138394:0:0:0:0:
256,192,138299,128,0,138489:0:0:0:0:
475,192,138299,1,0,0:0:0:0:
36,192,138299,1,0,0:0:0:0:
109,192,138394,128,0,138584:0:0:0:0:
329,192,138489,128,0,138679:0:0:0:0:
402,192,138489,1,0,0:0:0:0:
182,192,138584,128,0,138679:0:0:0:0:
36,192,138679,1,0,0:0:0:0:
475,192,138679,128,0,138726:0:0:0:0:
402,192,138726,128,0,138774:0:0:0:0:
329,192,138774,128,0,138821:0:0:0:0:
256,192,138821,128,0,138868:0:0:0:0:
402,192,138868,128,0,138916:0:0:0:0:
109,192,138868,1,0,0:0:0:0:
329,192,138916,128,0,138963:0:0:0:0:
256,192,138963,128,0,139011:0:0:0:0:
182,192,139011,128,0,139058:0:0:0:0:
329,192,139058,128,0,139106:0:0:0:0:
475,192,139058,1,0,0:0:0:0:
36,192,139058,1,0,0:0:0:0:
256,192,139106,128,0,139153:0:0:0:0:
182,192,139153,128,0,139201:0:0:0:0:
109,192,139201,128,0,139248:0:0:0:0:
256,192,139248,128,0,139296:0:0:0:0:
402,192,139248,1,0,0:0:0:0:
182,192,139296,128,0,139343:0:0:0:0:
109,192,139343,128,0,139391:0:0:0:0:
36,192,139391,128,0,139438:0:0:0:0:
182,192,139438,1,0,0:0:0:0:
329,192,139438,1,0,0:0:0:0:
475,192,139438,128,0,140198:0:0:0:0:
256,192,139533,1,0,0:0:0:0:
402,192,139628,1,0,0:0:0:0:
109,192,139628,1,0,0:0:0:0:
329,192,139723,1,0,0:0:0:0:
402,192,139818,1,0,0:0:0:0:
182,192,139818,1,0,0:0:0:0:
36,192,139818,1,0,0:0:0:0:
256,192,139913,1,0,0:0:0:0:
329,192,140008,1,0,0:0:0:0:
109,192,140008,1,0,0:0:0:0:
402,192,140103,1,0,0:0:0:0:
182,192,140103,128,0,140387:0:0:0:0:
256,192,140198,1,0,0:0:0:0:
36,192,140198,1,0,0:0:0:0:
329,192,140293,1,0,0:0:0:0:
109,192,140387,1,0,0:0:0:0:
402,192,140387,128,0,140577:0:0:0:0:
475,192,140577,1,0,0:0:0:0:
182,192,140577,1,0,0:0:0:0:
36,192,140577,1,0,0:0:0:0:
256,192,140577,128,0,140767:0:0:0:0:
329,192,140672,1,0,0:0:0:0:
109,192,140767,128,0,140957:0:0:0:0:
402,192,140862,1,0,0:0:0:0:
475,192,140957,1,0,0:0:0:0:
36,192,140957,1,0,0:0:0:0:
329,192,140957,128,0,141337:0:0:0:0:
182,192,140957,128,0,141717:0:0:0:0:
256,192,141052,1,0,0:0:0:0:
402,192,141147,1,0,0:0:0:0:
109,192,141242,1,0,0:0:0:0:
36,192,141337,128,0,141717:0:0:0:0:
475,192,141337,1,0,0:0:0:0:
256,192,141337,1,0,0:0:0:0:
329,192,141432,1,0,0:0:0:0:
256,192,141527,1,0,0:0:0:0:
402,192,141622,1,0,0:0:0:0:
475,192,141717,1,0,0:0:0:0:
329,192,141717,128,0,142476:0:0:0:0:
109,192,141812,1,0,0:0:0:0:
182,192,141906,1,0,0:0:0:0:
256,192,142001,1,0,0:0:0:0:
402,192,142096,1,0,0:0:0:0:
475,192,142096,1,0,0:0:0:0:
182,192,142096,1,0,0:0:0:0:
36,192,142096,128,0,142476:0:0:0:0:
256,192,142191,1,0,0:0:0:0:
182,192,142286,1,0,0:0:0:0:
109,192,142381,1,0,0:0:0:0:
256,192,142476,1,0,0:0:0:0:
475,192,142476,1,0,0:0:0:0:
182,192,142476,128,0,143236:0:0:0:0:
402,192,142571,1,0,0:0:0:0:
329,192,142666,1,0,0:0:0:0:
256,192,142761,1,0,0:0:0:0:
475,192,142856,1,0,0:0:0:0:
36,192,142856,1,0,0:0:0:0:
329,192,142856,128,0,143236:0:0:0:0:
109,192,142951,1,0,0:0:0:0:
256,192,143046,1,0,0:0:0:0:
402,192,143046,1,0,0:0:0:0:
109,192,143141,1,0,0:0:0:0:
36,192,143236,1,0,0:0:0:0:
475,192,143236,1,0,0:0:0:0:
402,192,143236,128,0,143995:0:0:0:0:
182,192,143331,1,0,0:0:0:0:
329,192,143425,1,0,0:0:0:0:
109,192,143425,1,0,0:0:0:0:
182,192,143520,1,0,0:0:0:0:
256,192,143615,1,0,0:0:0:0:
475,192,143615,1,0,0:0:0:0:
36,192,143615,1,0,0:0:0:0:
109,192,143710,1,0,0:0:0:0:
182,192,143805,1,0,0:0:0:0:
329,192,143805,1,0,0:0:0:0:
109,192,143900,1,0,0:0:0:0:
256,192,143995,1,0,0:0:0:0:
475,192,143995,128,0,144755:0:0:0:0:
36,192,143995,128,0,144090:0:0:0:0:
329,192,144090,1,0,0:0:0:0:
182,192,144090,128,0,144185:0:0:0:0:
402,192,144185,1,0,0:0:0:0:
109,192,144185,128,0,144280:0:0:0:0:
329,192,144280,1,0,0:0:0:0:
182,192,144280,128,0,144375:0:0:0:0:
256,192,144375,1,0,0:0:0:0:
36,192,144375,128,0,144470:0:0:0:0:
329,192,144470,1,0,0:0:0:0:
109,192,144470,128,0,144565:0:0:0:0:
402,192,144565,1,0,0:0:0:0:
182,192,144565,128,0,144660:0:0:0:0:
36,192,144660,1,0,0:0:0:0:
256,192,144660,128,0,144755:0:0:0:0:
109,192,144755,1,0,0:0:0:0:
402,192,144755,128,0,144849:0:0:0:0:
329,192,144755,128,0,145514:0:0:0:0:
36,192,144849,1,0,0:0:0:0:
182,192,144849,128,0,144944:0:0:0:0:
475,192,144944,1,0,0:0:0:0:
109,192,144944,128,0,145039:0:0:0:0:
402,192,145039,1,0,0:0:0:0:
182,192,145039,128,0,145134:0:0:0:0:
475,192,145134,1,0,0:0:0:0:
256,192,145134,1,0,0:0:0:0:
109,192,145134,128,0,145324:0:0:0:0:
36,192,145134,128,0,145514:0:0:0:0:
182,192,145229,128,0,145324:0:0:0:0:
475,192,145324,128,0,145514:0:0:0:0:
402,192,145419,128,0,145514:0:0:0:0:
256,192,145514,1,0,0:0:0:0:
182,192,145514,128,0,145894:0:0:0:0:
109,192,145514,128,0,146274:0:0:0:0:
329,192,145609,1,0,0:0:0:0:
402,192,145704,1,0,0:0:0:0:
475,192,145704,1,0,0:0:0:0:
256,192,145799,1,0,0:0:0:0:
329,192,145894,1,0,0:0:0:0:
36,192,145894,1,0,0:0:0:0:
402,192,145989,1,0,0:0:0:0:
475,192,146084,1,0,0:0:0:0:
256,192,146084,1,0,0:0:0:0:
402,192,146179,1,0,0:0:0:0:
475,192,146274,1,0,0:0:0:0:
36,192,146274,1,0,0:0:0:0:
329,192,146274,128,0,146653:0:0:0:0:
109,192,146321,1,0,0:0:0:0:
402,192,146368,1,0,0:0:0:0:
182,192,146416,1,0,0:0:0:0:
256,192,146463,1,0,0:0:0:0:
36,192,146463,1,0,0:0:0:0:
182,192,146511,1,0,0:0:0:0:
475,192,146558,1,0,0:0:0:0:
109,192,146606,1,0,0:0:0:0:
256,192,146653,1,0,0:0:0:0:
402,192,146653,128,0,147033:0:0:0:0:
36,192,146653,128,0,146843:0:0:0:0:
182,192,146748,1,0,0:0:0:0:
109,192,146843,1,0,0:0:0:0:
256,192,146843,1,0,0:0:0:0:
329,192,146938,1,0,0:0:0:0:
182,192,146938,1,0,0:0:0:0:
475,192,147033,128,0,147793:0:0:0:0:
256,192,147033,1,0,0:0:0:0:
36,192,147033,1,0,0:0:0:0:
109,192,147128,1,0,0:0:0:0:
182,192,147223,1,0,0:0:0:0:
329,192,147223,1,0,0:0:0:0:
256,192,147318,1,0,0:0:0:0:
402,192,147413,1,0,0:0:0:0:
109,192,147413,1,0,0:0:0:0:
256,192,147508,1,0,0:0:0:0:
329,192,147603,1,0,0:0:0:0:
36,192,147603,1,0,0:0:0:0:
182,192,147698,1,0,0:0:0:0:
402,192,147793,1,0,0:0:0:0:
36,192,147793,1,0,0:0:0:0:
109,192,147793,128,0,148552:0:0:0:0:
256,192,147887,1,0,0:0:0:0:
329,192,147982,1,0,0:0:0:0:
475,192,147982,1,0,0:0:0:0:
256,192,148077,1,0,0:0:0:0:
182,192,148172,1,0,0:0:0:0:
36,192,148172,1,0,0:0:0:0:
329,192,148267,1,0,0:0:0:0:
182,192,148362,1,0,0:0:0:0:
475,192,148362,1,0,0:0:0:0:
329,192,148457,1,0,0:0:0:0:
475,192,148552,1,0,0:0:0:0:
36,192,148552,1,0,0:0:0:0:
402,192,148552,128,0,149122:0:0:0:0:
256,192,148552,128,0,149976:0:0:0:0:
182,192,148647,1,0,0:0:0:0:
109,192,148742,1,0,0:0:0:0:
329,192,148742,1,0,0:0:0:0:
475,192,148837,1,0,0:0:0:0:
36,192,148932,1,0,0:0:0:0:
182,192,148932,1,0,0:0:0:0:
109,192,149027,1,0,0:0:0:0:
329,192,149122,1,0,0:0:0:0:
36,192,149122,1,0,0:0:0:0:
182,192,149169,1,0,0:0:0:0:
475,192,149217,1,0,0:0:0:0:
402,192,149264,1,0,0:0:0:0:
329,192,149312,1,0,0:0:0:0:
36,192,149312,128,0,149976:0:0:0:0:
182,192,149406,1,0,0:0:0:0:
109,192,149406,1,0,0:0:0:0:
402,192,149501,1,0,0:0:0:0:
475,192,149501,1,0,0:0:0:0:
182,192,149596,1,0,0:0:0:0:
109,192,149596,1,0,0:0:0:0:
402,192,149691,1,0,0:0:0:0:
329,192,149691,1,0,0:0:0:0:
475,192,149786,1,0,0:0:0:0:
182,192,149881,1,0,0:0:0:0:
109,192,149881,1,0,0:0:0:0:
329,192,149976,1,0,0:0:0:0:
402,192,149976,1,0,0:0:0:0:
109,192,150071,1,0,0:0:0:0:
36,192,150071,128,0,150736:0:0:0:0:
475,192,150071,128,0,151495:0:0:0:0:
256,192,150118,1,0,0:0:0:0:
402,192,150166,1,0,0:0:0:0:
182,192,150213,1,0,0:0:0:0:
329,192,150261,1,0,0:0:0:0:
109,192,150308,1,0,0:0:0:0:
256,192,150356,1,0,0:0:0:0:
402,192,150403,1,0,0:0:0:0:
182,192,150451,1,0,0:0:0:0:
329,192,150498,1,0,0:0:0:0:
109,192,150546,1,0,0:0:0:0:
256,192,150593,1,0,0:0:0:0:
402,192,150641,1,0,0:0:0:0:
182,192,150688,1,0,0:0:0:0:
329,192,150736,1,0,0:0:0:0:
109,192,150783,1,0,0:0:0:0:
182,192,150831,1,0,0:0:0:0:
402,192,150831,128,0,151495:0:0:0:0:
36,192,150831,128,0,151495:0:0:0:0:
256,192,150878,1,0,0:0:0:0:
329,192,150925,1,0,0:0:0:0:
109,192,150973,1,0,0:0:0:0:
182,192,151020,1,0,0:0:0:0:
256,192,151068,1,0,0:0:0:0:
329,192,151115,1,0,0:0:0:0:
109,192,151163,1,0,0:0:0:0:
182,192,151210,1,0,0:0:0:0:
256,192,151258,1,0,0:0:0:0:
329,192,151305,1,0,0:0:0:0:
109,192,151353,1,0,0:0:0:0:
182,192,151400,1,0,0:0:0:0:
256,192,151448,1,0,0:0:0:0:
329,192,151495,1,0,0:0:0:0:
475,192,151590,1,0,0:0:0:0:
36,192,151590,1,0,0:0:0:0:
256,192,151590,1,0,0:0:0:0:
109,192,151590,128,0,152729:0:0:0:0:
402,192,151590,128,0,152729:0:0:0:0:
182,192,151685,1,0,0:0:0:0:
329,192,151780,1,0,0:0:0:0:
256,192,151875,1,0,0:0:0:0:
182,192,151970,1,0,0:0:0:0:
36,192,151970,1,0,0:0:0:0:
475,192,151970,1,0,0:0:0:0:
256,192,152065,1,0,0:0:0:0:
329,192,152160,1,0,0:0:0:0:
182,192,152255,1,0,0:0:0:0:
475,192,152349,1,0,0:0:0:0:
256,192,152444,1,0,0:0:0:0:
329,192,152539,1,0,0:0:0:0:
182,192,152634,1,0,0:0:0:0:
256,192,152729,1,0,0:0:0:0:
475,192,152729,1,0,0:0:0:0:
36,192,152729,1,0,0:0:0:0:
182,192,152824,1,0,0:0:0:0:
402,192,152919,1,0,0:0:0:0:
256,192,153014,1,0,0:0:0:0:
329,192,153109,1,0,0:0:0:0:
36,192,153109,1,0,0:0:0:0:
182,192,153109,128,0,153868:0:0:0:0:
109,192,153204,1,0,0:0:0:0:
402,192,153299,1,0,0:0:0:0:
475,192,153394,1,0,0:0:0:0:
329,192,153489,1,0,0:0:0:0:
256,192,153489,1,0,0:0:0:0:
36,192,153489,1,0,0:0:0:0:
402,192,153584,1,0,0:0:0:0:
109,192,153679,1,0,0:0:0:0:
329,192,153774,1,0,0:0:0:0:
36,192,153868,1,0,0:0:0:0:
475,192,153868,128,0,154533:0:0:0:0:
109,192,153963,1,0,0:0:0:0:
182,192,154058,1,0,0:0:0:0:
329,192,154153,1,0,0:0:0:0:
402,192,154248,1,0,0:0:0:0:
256,192,154248,1,0,0:0:0:0:
36,192,154248,1,0,0:0:0:0:
182,192,154343,1,0,0:0:0:0:
329,192,154438,1,0,0:0:0:0:
109,192,154533,1,0,0:0:0:0:
36,192,154628,1,0,0:0:0:0:
256,192,154628,1,0,0:0:0:0:
475,192,154628,128,0,155767:0:0:0:0:
182,192,154723,1,0,0:0:0:0:
329,192,154818,1,0,0:0:0:0:
109,192,154913,1,0,0:0:0:0:
182,192,155008,1,0,0:0:0:0:
256,192,155008,1,0,0:0:0:0:
36,192,155008,1,0,0:0:0:0:
402,192,155103,1,0,0:0:0:0:
109,192,155198,1,0,0:0:0:0:
256,192,155293,1,0,0:0:0:0:
36,192,155387,1,0,0:0:0:0:
182,192,155482,1,0,0:0:0:0:
329,192,155577,1,0,0:0:0:0:
402,192,155672,1,0,0:0:0:0:
256,192,155767,1,0,0:0:0:0:
109,192,155767,1,0,0:0:0:0:
36,192,155767,1,0,0:0:0:0:
182,192,155862,1,0,0:0:0:0:
329,192,155957,1,0,0:0:0:0:
182,192,156052,1,0,0:0:0:0:
36,192,156147,1,0,0:0:0:0:
256,192,156147,1,0,0:0:0:0:
402,192,156147,128,0,156906:0:0:0:0:
109,192,156242,1,0,0:0:0:0:
182,192,156337,1,0,0:0:0:0:
329,192,156337,1,0,0:0:0:0:
36,192,156432,1,0,0:0:0:0:
109,192,156527,1,0,0:0:0:0:
256,192,156527,1,0,0:0:0:0:
475,192,156527,1,0,0:0:0:0:
182,192,156622,1,0,0:0:0:0:
256,192,156717,1,0,0:0:0:0:
36,192,156717,1,0,0:0:0:0:
109,192,156812,1,0,0:0:0:0:
182,192,156906,1,0,0:0:0:0:
475,192,156906,1,0,0:0:0:0:
329,192,156906,128,0,157666:0:0:0:0:
36,192,157001,1,0,0:0:0:0:
402,192,157096,1,0,0:0:0:0:
109,192,157096,1,0,0:0:0:0:
182,192,157191,1,0,0:0:0:0:
256,192,157286,1,0,0:0:0:0:
475,192,157286,1,0,0:0:0:0:
36,192,157286,1,0,0:0:0:0:
109,192,157381,1,0,0:0:0:0:
182,192,157476,1,0,0:0:0:0:
402,192,157476,1,0,0:0:0:0:
256,192,157571,1,0,0:0:0:0:
182,192,157666,1,0,0:0:0:0:
36,192,157666,1,0,0:0:0:0:
109,192,157666,128,0,159185:0:0:0:0:
329,192,157761,1,0,0:0:0:0:
402,192,157856,1,0,0:0:0:0:
182,192,157951,1,0,0:0:0:0:
256,192,158046,1,0,0:0:0:0:
475,192,158046,1,0,0:0:0:0:
36,192,158046,1,0,0:0:0:0:
329,192,158141,1,0,0:0:0:0:
182,192,158236,1,0,0:0:0:0:
256,192,158331,1,0,0:0:0:0:
402,192,158425,1,0,0:0:0:0:
36,192,158425,1,0,0:0:0:0:
182,192,158520,1,0,0:0:0:0:
256,192,158615,1,0,0:0:0:0:
329,192,158710,1,0,0:0:0:0:
475,192,158805,1,0,0:0:0:0:
182,192,158805,1,0,0:0:0:0:
36,192,158805,1,0,0:0:0:0:
256,192,158900,1,0,0:0:0:0:
402,192,158995,1,0,0:0:0:0:
329,192,159090,1,0,0:0:0:0:
182,192,159185,1,0,0:0:0:0:
475,192,159185,1,0,0:0:0:0:
36,192,159185,128,0,160324:0:0:0:0:
256,192,159280,1,0,0:0:0:0:
329,192,159375,1,0,0:0:0:0:
182,192,159470,1,0,0:0:0:0:
402,192,159565,1,0,0:0:0:0:
256,192,159565,1,0,0:0:0:0:
109,192,159565,1,0,0:0:0:0:
475,192,159660,1,0,0:0:0:0:
182,192,159755,1,0,0:0:0:0:
256,192,159849,1,0,0:0:0:0:
109,192,159944,1,0,0:0:0:0:
402,192,159944,1,0,0:0:0:0:
182,192,160039,1,0,0:0:0:0:
329,192,160134,1,0,0:0:0:0:
402,192,160229,1,0,0:0:0:0:
256,192,160324,1,0,0:0:0:0:
109,192,160324,1,0,0:0:0:0:
475,192,160324,1,0,0:0:0:0:
329,192,160419,1,0,0:0:0:0:
402,192,160514,1,0,0:0:0:0:
256,192,160609,1,0,0:0:0:0:
475,192,160704,1,0,0:0:0:0:
36,192,160704,1,0,0:0:0:0:
109,192,160704,128,0,161463:0:0:0:0:
329,192,160799,1,0,0:0:0:0:
402,192,160894,1,0,0:0:0:0:
182,192,160989,1,0,0:0:0:0:
256,192,161084,1,0,0:0:0:0:
475,192,161084,1,0,0:0:0:0:
36,192,161084,1,0,0:0:0:0:
402,192,161179,1,0,0:0:0:0:
182,192,161274,1,0,0:0:0:0:
329,192,161368,1,0,0:0:0:0:
475,192,161463,1,0,0:0:0:0:
36,192,161463,1,0,0:0:0:0:
256,192,161463,128,0,162223:0:0:0:0:
109,192,161558,1,0,0:0:0:0:
329,192,161653,1,0,0:0:0:0:
402,192,161748,1,0,0:0:0:0:
475,192,161843,1,0,0:0:0:0:
182,192,161843,1,0,0:0:0:0:
36,192,161843,1,0,0:0:0:0:
329,192,161938,1,0,0:0:0:0:
402,192,162033,1,0,0:0:0:0:
109,192,162128,1,0,0:0:0:0:
36,192,162223,1,0,0:0:0:0:
329,192,162223,1,0,0:0:0:0:
475,192,162223,128,0,162982:0:0:0:0:
109,192,162318,1,0,0:0:0:0:
182,192,162413,1,0,0:0:0:0:
36,192,162508,1,0,0:0:0:0:
109,192,162603,1,0,0:0:0:0:
256,192,162603,1,0,0:0:0:0:
402,192,162603,1,0,0:0:0:0:
182,192,162698,1,0,0:0:0:0:
109,192,162793,1,0,0:0:0:0:
182,192,162887,1,0,0:0:0:0:
256,192,162982,1,0,0:0:0:0:
402,192,162982,1,0,0:0:0:0:
329,192,162982,128,0,163742:0:0:0:0:
36,192,163077,1,0,0:0:0:0:
109,192,163172,1,0,0:0:0:0:
182,192,163267,1,0,0:0:0:0:
256,192,163362,1,0,0:0:0:0:
475,192,163362,1,0,0:0:0:0:
36,192,163362,1,0,0:0:0:0:
109,192,163457,1,0,0:0:0:0:
182,192,163552,1,0,0:0:0:0:
109,192,163647,1,0,0:0:0:0:
36,192,163742,1,0,0:0:0:0:
402,192,163742,128,0,165261:0:0:0:0:
475,192,163742,128,0,165261:0:0:0:0:
256,192,163932,1,0,0:0:0:0:
329,192,164122,1,0,0:0:0:0:
182,192,164122,1,0,0:0:0:0:
36,192,164122,1,0,0:0:0:0:
256,192,164312,1,0,0:0:0:0:
109,192,164501,1,0,0:0:0:0:
256,192,164691,1,0,0:0:0:0:
329,192,164881,1,0,0:0:0:0:
182,192,164881,1,0,0:0:0:0:
36,192,164881,1,0,0:0:0:0:
109,192,165071,1,0,0:0:0:0:
256,192,165166,128,0,165261:0:0:0:0:
36,192,165261,1,0,0:0:0:0:
182,192,165261,128,0,166020:0:0:0:0:
329,192,165451,1,0,0:0:0:0:
475,192,165641,1,0,0:0:0:0:
256,192,165641,1,0,0:0:0:0:
36,192,165641,1,0,0:0:0:0:
329,192,165831,1,0,0:0:0:0:
36,192,166020,1,0,0:0:0:0:
402,192,166020,128,0,166780:0:0:0:0:
256,192,166210,1,0,0:0:0:0:
182,192,166400,1,0,0:0:0:0:
36,192,166400,1,0,0:0:0:0:
475,192,166400,1,0,0:0:0:0:
256,192,166590,1,0,0:0:0:0:
109,192,166780,1,0,0:0:0:0:
329,192,166780,128,0,167539:0:0:0:0:
182,192,166970,1,0,0:0:0:0:
256,192,167160,1,0,0:0:0:0:
475,192,167160,1,0,0:0:0:0:
36,192,167160,1,0,0:0:0:0:
182,192,167349,1,0,0:0:0:0:
109,192,167539,1,0,0:0:0:0:
402,192,167539,128,0,168299:0:0:0:0:
256,192,167729,1,0,0:0:0:0:
475,192,167919,1,0,0:0:0:0:
182,192,167919,1,0,0:0:0:0:
36,192,167919,1,0,0:0:0:0:
256,192,168109,1,0,0:0:0:0:
109,192,168299,1,0,0:0:0:0:
475,192,168299,128,0,169058:0:0:0:0:
329,192,168489,1,0,0:0:0:0:
402,192,168679,1,0,0:0:0:0:
182,192,168679,1,0,0:0:0:0:
36,192,168679,1,0,0:0:0:0:
329,192,168868,1,0,0:0:0:0:
109,192,169058,1,0,0:0:0:0:
256,192,169058,128,0,169818:0:0:0:0:
402,192,169248,1,0,0:0:0:0:
475,192,169438,1,0,0:0:0:0:
329,192,169438,1,0,0:0:0:0:
182,192,169438,1,0,0:0:0:0:
36,192,169438,128,0,169818:0:0:0:0:
402,192,169628,1,0,0:0:0:0:
475,192,169723,1,0,0:0:0:0:
329,192,169818,1,0,0:0:0:0:
182,192,169818,128,0,170577:0:0:0:0:
109,192,169818,128,0,171337:0:0:0:0:
402,192,169913,1,0,0:0:0:0:
475,192,170008,1,0,0:0:0:0:
329,192,170103,1,0,0:0:0:0:
402,192,170198,1,0,0:0:0:0:
256,192,170198,1,0,0:0:0:0:
36,192,170198,1,0,0:0:0:0:
475,192,170293,1,0,0:0:0:0:
329,192,170387,1,0,0:0:0:0:
402,192,170482,1,0,0:0:0:0:
475,192,170577,1,0,0:0:0:0:
36,192,170577,1,0,0:0:0:0:
329,192,170577,128,0,170957:0:0:0:0:
256,192,170672,1,0,0:0:0:0:
182,192,170767,1,0,0:0:0:0:
402,192,170957,128,0,171337:0:0:0:0:
475,192,170957,1,0,0:0:0:0:
256,192,170957,1,0,0:0:0:0:
36,192,170957,1,0,0:0:0:0:
329,192,171052,1,0,0:0:0:0:
182,192,171147,1,0,0:0:0:0:
256,192,171242,1,0,0:0:0:0:
329,192,171337,1,0,0:0:0:0:
36,192,171337,1,0,0:0:0:0:
475,192,171337,128,0,172476:0:0:0:0:
109,192,171432,1,0,0:0:0:0:
182,192,171527,1,0,0:0:0:0:
256,192,171622,1,0,0:0:0:0:
329,192,171717,1,0,0:0:0:0:
402,192,171717,1,0,0:0:0:0:
36,192,171717,1,0,0:0:0:0:
182,192,171812,1,0,0:0:0:0:
109,192,171906,1,0,0:0:0:0:
256,192,172001,1,0,0:0:0:0:
329,192,172096,1,0,0:0:0:0:
36,192,172096,1,0,0:0:0:0:
182,192,172096,128,0,172856:0:0:0:0:
109,192,172191,1,0,0:0:0:0:
402,192,172286,1,0,0:0:0:0:
256,192,172381,1,0,0:0:0:0:
329,192,172476,1,0,0:0:0:0:
109,192,172476,1,0,0:0:0:0:
36,192,172476,1,0,0:0:0:0:
402,192,172571,1,0,0:0:0:0:
256,192,172666,1,0,0:0:0:0:
329,192,172761,1,0,0:0:0:0:
475,192,172856,1,0,0:0:0:0:
36,192,172856,1,0,0:0:0:0:
109,192,172856,128,0,174375:0:0:0:0:
402,192,172856,128,0,174375:0:0:0:0:
256,192,172951,1,0,0:0:0:0:
329,192,173046,1,0,0:0:0:0:
182,192,173141,1,0,0:0:0:0:
256,192,173236,1,0,0:0:0:0:
475,192,173236,1,0,0:0:0:0:
36,192,173236,1,0,0:0:0:0:
329,192,173331,1,0,0:0:0:0:
182,192,173425,1,0,0:0:0:0:
256,192,173520,1,0,0:0:0:0:
329,192,173615,1,0,0:0:0:0:
475,192,173615,1,0,0:0:0:0:
182,192,173710,1,0,0:0:0:0:
256,192,173805,1,0,0:0:0:0:
329,192,173900,1,0,0:0:0:0:
475,192,173995,1,0,0:0:0:0:
36,192,173995,1,0,0:0:0:0:
182,192,173995,1,0,0:0:0:0:
256,192,174090,1,0,0:0:0:0:
329,192,174185,1,0,0:0:0:0:
182,192,174280,1,0,0:0:0:0:
256,192,174375,1,0,0:0:0:0:
36,192,174375,1,0,0:0:0:0:
475,192,174375,128,0,175799:0:0:0:0:
109,192,174470,1,0,0:0:0:0:
329,192,174565,1,0,0:0:0:0:
182,192,174660,1,0,0:0:0:0:
402,192,174755,1,0,0:0:0:0:
256,192,174755,1,0,0:0:0:0:
36,192,174755,1,0,0:0:0:0:
329,192,174849,1,0,0:0:0:0:
182,192,174944,1,0,0:0:0:0:
329,192,175039,1,0,0:0:0:0:
36,192,175134,128,0,175799:0:0:0:0:
256,192,175134,1,0,0:0:0:0:
256,192,175324,1,0,0:0:0:0:
256,192,175514,1,0,0:0:0:0:
109,192,175514,1,0,0:0:0:0:
402,192,175514,1,0,0:0:0:0:
329,192,175609,1,0,0:0:0:0:
182,192,175704,1,0,0:0:0:0:
329,192,175799,1,0,0:0:0:0:
256,192,175894,1,0,0:0:0:0:
475,192,175894,1,0,0:0:0:0:
36,192,175894,1,0,0:0:0:0:
109,192,175989,1,0,0:0:0:0:
182,192,176084,1,0,0:0:0:0:
329,192,176084,1,0,0:0:0:0:
402,192,176179,1,0,0:0:0:0:
256,192,176274,1,0,0:0:0:0:
36,192,176274,1,0,0:0:0:0:
475,192,176368,1,0,0:0:0:0:
329,192,176463,1,0,0:0:0:0:
109,192,176463,1,0,0:0:0:0:
182,192,176558,1,0,0:0:0:0:
402,192,176558,1,0,0:0:0:0:
475,192,176653,1,0,0:0:0:0:
36,192,176653,1,0,0:0:0:0:
109,192,176748,1,0,0:0:0:0:
182,192,176843,1,0,0:0:0:0:
329,192,176843,1,0,0:0:0:0:
402,192,176938,1,0,0:0:0:0:
475,192,177033,1,0,0:0:0:0:
36,192,177033,1,0,0:0:0:0:
256,192,177128,1,0,0:0:0:0:
109,192,177223,1,0,0:0:0:0:
402,192,177223,1,0,0:0:0:0:
182,192,177318,1,0,0:0:0:0:
329,192,177318,1,0,0:0:0:0:
475,192,177413,1,0,0:0:0:0:
36,192,177413,1,0,0:0:0:0:
109,192,177508,1,0,0:0:0:0:
182,192,177603,1,0,0:0:0:0:
329,192,177603,1,0,0:0:0:0:
402,192,177698,1,0,0:0:0:0:
475,192,177793,1,0,0:0:0:0:
256,192,177793,1,0,0:0:0:0:
36,192,177793,1,0,0:0:0:0:
182,192,177887,1,0,0:0:0:0:
109,192,177982,1,0,0:0:0:0:
329,192,177982,1,0,0:0:0:0:
182,192,178077,1,0,0:0:0:0:
402,192,178077,1,0,0:0:0:0:
36,192,178172,1,0,0:0:0:0:
329,192,178267,1,0,0:0:0:0:
256,192,178362,1,0,0:0:0:0:
109,192,178362,1,0,0:0:0:0:
402,192,178457,1,0,0:0:0:0:
475,192,178552,1,0,0:0:0:0:
182,192,178552,1,0,0:0:0:0:
36,192,178552,1,0,0:0:0:0:
329,192,178647,1,0,0:0:0:0:
256,192,178742,1,0,0:0:0:0:
109,192,178742,1,0,0:0:0:0:
329,192,178837,1,0,0:0:0:0:
475,192,178932,1,0,0:0:0:0:
36,192,178932,1,0,0:0:0:0:
109,192,179027,1,0,0:0:0:0:
182,192,179122,1,0,0:0:0:0:
329,192,179122,1,0,0:0:0:0:
402,192,179217,1,0,0:0:0:0:
256,192,179312,1,0,0:0:0:0:
36,192,179312,1,0,0:0:0:0:
475,192,179406,1,0,0:0:0:0:
329,192,179501,1,0,0:0:0:0:
109,192,179501,1,0,0:0:0:0:
182,192,179596,1,0,0:0:0:0:
402,192,179596,1,0,0:0:0:0:
475,192,179691,1,0,0:0:0:0:
36,192,179691,1,0,0:0:0:0:
109,192,179786,1,0,0:0:0:0:
182,192,179881,1,0,0:0:0:0:
329,192,179881,1,0,0:0:0:0:
402,192,179976,1,0,0:0:0:0:
475,192,180071,1,0,0:0:0:0:
36,192,180071,1,0,0:0:0:0:
256,192,180166,1,0,0:0:0:0:
109,192,180261,1,0,0:0:0:0:
402,192,180261,1,0,0:0:0:0:
182,192,180356,1,0,0:0:0:0:
329,192,180356,1,0,0:0:0:0:
475,192,180451,1,0,0:0:0:0:
36,192,180451,1,0,0:0:0:0:
109,192,180546,1,0,0:0:0:0:
182,192,180641,1,0,0:0:0:0:
329,192,180641,1,0,0:0:0:0:
402,192,180736,1,0,0:0:0:0:
475,192,180831,1,0,0:0:0:0:
256,192,180831,1,0,0:0:0:0:
36,192,180831,1,0,0:0:0:0:
182,192,180925,1,0,0:0:0:0:
109,192,181020,1,0,0:0:0:0:
329,192,181020,1,0,0:0:0:0:
182,192,181115,1,0,0:0:0:0:
402,192,181115,1,0,0:0:0:0:
36,192,181210,1,0,0:0:0:0:
329,192,181305,1,0,0:0:0:0:
256,192,181400,1,0,0:0:0:0:
109,192,181400,1,0,0:0:0:0:
402,192,181495,1,0,0:0:0:0:
475,192,181590,1,0,0:0:0:0:
182,192,181590,1,0,0:0:0:0:
36,192,181590,1,0,0:0:0:0:
329,192,181685,1,0,0:0:0:0:
256,192,181780,1,0,0:0:0:0:
109,192,181780,1,0,0:0:0:0:
329,192,181875,1,0,0:0:0:0:
475,192,181970,1,0,0:0:0:0:
36,192,181970,1,0,0:0:0:0:
109,192,182065,1,0,0:0:0:0:
182,192,182160,1,0,0:0:0:0:
329,192,182160,1,0,0:0:0:0:
402,192,182255,1,0,0:0:0:0:
256,192,182349,1,0,0:0:0:0:
36,192,182349,1,0,0:0:0:0:
475,192,182444,1,0,0:0:0:0:
329,192,182539,1,0,0:0:0:0:
109,192,182539,1,0,0:0:0:0:
182,192,182634,1,0,0:0:0:0:
402,192,182634,1,0,0:0:0:0:
475,192,182729,1,0,0:0:0:0:
36,192,182729,1,0,0:0:0:0:
109,192,182824,1,0,0:0:0:0:
182,192,182919,1,0,0:0:0:0:
329,192,182919,1,0,0:0:0:0:
402,192,183014,1,0,0:0:0:0:
475,192,183109,1,0,0:0:0:0:
36,192,183109,1,0,0:0:0:0:
256,192,183204,1,0,0:0:0:0:
402,192,183299,1,0,0:0:0:0:
109,192,183299,1,0,0:0:0:0:
182,192,183394,1,0,0:0:0:0:
329,192,183394,1,0,0:0:0:0:
475,192,183489,1,0,0:0:0:0:
36,192,183489,1,0,0:0:0:0:
109,192,183584,1,0,0:0:0:0:
182,192,183679,1,0,0:0:0:0:
329,192,183679,1,0,0:0:0:0:
402,192,183774,1,0,0:0:0:0:
475,192,183868,1,0,0:0:0:0:
256,192,183868,1,0,0:0:0:0:
36,192,183868,1,0,0:0:0:0:
182,192,183963,1,0,0:0:0:0:
109,192,184058,1,0,0:0:0:0:
329,192,184058,1,0,0:0:0:0:
182,192,184153,1,0,0:0:0:0:
402,192,184153,1,0,0:0:0:0:
36,192,184248,1,0,0:0:0:0:
329,192,184343,1,0,0:0:0:0:
256,192,184438,1,0,0:0:0:0:
109,192,184438,1,0,0:0:0:0:
402,192,184533,1,0,0:0:0:0:
475,192,184628,1,0,0:0:0:0:
182,192,184628,1,0,0:0:0:0:
36,192,184628,1,0,0:0:0:0:
329,192,184723,1,0,0:0:0:0:
256,192,184818,1,0,0:0:0:0:
109,192,184818,1,0,0:0:0:0:
329,192,184913,1,0,0:0:0:0:
475,192,185008,1,0,0:0:0:0:
36,192,185008,1,0,0:0:0:0:
109,192,185103,1,0,0:0:0:0:
182,192,185198,1,0,0:0:0:0:
329,192,185198,1,0,0:0:0:0:
402,192,185293,1,0,0:0:0:0:
256,192,185387,1,0,0:0:0:0:
36,192,185387,1,0,0:0:0:0:
475,192,185482,1,0,0:0:0:0:
329,192,185577,1,0,0:0:0:0:
109,192,185577,1,0,0:0:0:0:
402,192,185672,1,0,0:0:0:0:
182,192,185672,1,0,0:0:0:0:
475,192,185767,1,0,0:0:0:0:
36,192,185767,1,0,0:0:0:0:
109,192,185862,1,0,0:0:0:0:
182,192,185957,1,0,0:0:0:0:
329,192,185957,1,0,0:0:0:0:
402,192,186052,1,0,0:0:0:0:
475,192,186147,1,0,0:0:0:0:
36,192,186147,1,0,0:0:0:0:
256,192,186242,1,0,0:0:0:0:
109,192,186337,1,0,0:0:0:0:
402,192,186337,1,0,0:0:0:0:
182,192,186432,1,0,0:0:0:0:
329,192,186432,1,0,0:0:0:0:
475,192,186527,1,0,0:0:0:0:
36,192,186527,1,0,0:0:0:0:
109,192,186622,1,0,0:0:0:0:
182,192,186717,1,0,0:0:0:0:
329,192,186717,1,0,0:0:0:0:
402,192,186812,1,0,0:0:0:0:
475,192,186906,1,0,0:0:0:0:
256,192,186906,1,0,0:0:0:0:
36,192,186906,1,0,0:0:0:0:
182,192,187001,1,0,0:0:0:0:
109,192,187096,1,0,0:0:0:0:
329,192,187096,1,0,0:0:0:0:
182,192,187191,1,0,0:0:0:0:
402,192,187191,1,0,0:0:0:0:
36,192,187286,1,0,0:0:0:0:
329,192,187381,1,0,0:0:0:0:
256,192,187476,1,0,0:0:0:0:
109,192,187476,1,0,0:0:0:0:
402,192,187571,1,0,0:0:0:0:
475,192,187666,1,0,0:0:0:0:
182,192,187666,1,0,0:0:0:0:
36,192,187666,1,0,0:0:0:0:
329,192,187761,1,0,0:0:0:0:
256,192,187856,1,0,0:0:0:0:
109,192,187856,1,0,0:0:0:0:
402,192,187951,1,0,0:0:0:0:
475,192,188046,1,0,0:0:0:0:
256,192,188046,1,0,0:0:0:0:
36,192,188046,1,0,0:0:0:0:
109,192,188141,1,0,0:0:0:0:
182,192,188236,1,0,0:0:0:0:
402,192,188236,1,0,0:0:0:0:
475,192,188331,1,0,0:0:0:0:
329,192,188425,1,0,0:0:0:0:
109,192,188425,1,0,0:0:0:0:
182,192,188520,1,0,0:0:0:0:
402,192,188615,1,0,0:0:0:0:
475,192,188710,1,0,0:0:0:0:
109,192,188710,1,0,0:0:0:0:
329,192,188805,1,0,0:0:0:0:
36,192,188900,1,0,0:0:0:0:
109,192,188995,1,0,0:0:0:0:
402,192,188995,1,0,0:0:0:0:
475,192,189090,1,0,0:0:0:0:
329,192,189185,1,0,0:0:0:0:
182,192,189185,1,0,0:0:0:0:
109,192,189280,1,0,0:0:0:0:
402,192,189375,1,0,0:0:0:0:
475,192,189470,1,0,0:0:0:0:
109,192,189470,1,0,0:0:0:0:
36,192,189565,1,0,0:0:0:0:
329,192,189565,1,0,0:0:0:0:
109,192,189660,1,0,0:0:0:0:
182,192,189755,1,0,0:0:0:0:
402,192,189755,1,0,0:0:0:0:
475,192,189849,1,0,0:0:0:0:
329,192,189944,1,0,0:0:0:0:
109,192,189944,1,0,0:0:0:0:
182,192,190039,1,0,0:0:0:0:
402,192,190134,1,0,0:0:0:0:
475,192,190229,1,0,0:0:0:0:
109,192,190229,1,0,0:0:0:0:
329,192,190324,1,0,0:0:0:0:
36,192,190419,1,0,0:0:0:0:
109,192,190514,1,0,0:0:0:0:
402,192,190514,1,0,0:0:0:0:
475,192,190609,1,0,0:0:0:0:
329,192,190704,1,0,0:0:0:0:
182,192,190704,1,0,0:0:0:0:
109,192,190799,1,0,0:0:0:0:
402,192,190894,1,0,0:0:0:0:
475,192,190989,1,0,0:0:0:0:
109,192,190989,1,0,0:0:0:0:
36,192,191084,1,0,0:0:0:0:
329,192,191084,1,0,0:0:0:0:
109,192,191179,1,0,0:0:0:0:
182,192,191274,1,0,0:0:0:0:
402,192,191274,1,0,0:0:0:0:
475,192,191368,1,0,0:0:0:0:
329,192,191463,1,0,0:0:0:0:
109,192,191463,1,0,0:0:0:0:
182,192,191558,1,0,0:0:0:0:
402,192,191653,1,0,0:0:0:0:
475,192,191748,1,0,0:0:0:0:
109,192,191748,1,0,0:0:0:0:
329,192,191843,1,0,0:0:0:0:
36,192,191938,1,0,0:0:0:0:
109,192,192033,1,0,0:0:0:0:
402,192,192033,1,0,0:0:0:0:
475,192,192128,1,0,0:0:0:0:
329,192,192223,1,0,0:0:0:0:
182,192,192223,1,0,0:0:0:0:
109,192,192318,1,0,0:0:0:0:
402,192,192413,1,0,0:0:0:0:
475,192,192508,1,0,0:0:0:0:
109,192,192508,1,0,0:0:0:0:
329,192,192603,1,0,0:0:0:0:
36,192,192603,1,0,0:0:0:0:
109,192,192698,1,0,0:0:0:0:
182,192,192793,1,0,0:0:0:0:
402,192,192793,1,0,0:0:0:0:
475,192,192887,1,0,0:0:0:0:
329,192,192982,1,0,0:0:0:0:
109,192,192982,1,0,0:0:0:0:
182,192,193077,1,0,0:0:0:0:
402,192,193172,1,0,0:0:0:0:
475,192,193267,1,0,0:0:0:0:
109,192,193267,1,0,0:0:0:0:
329,192,193362,1,0,0:0:0:0:
36,192,193457,1,0,0:0:0:0:
109,192,193552,1,0,0:0:0:0:
402,192,193552,1,0,0:0:0:0:
475,192,193647,1,0,0:0:0:0:
329,192,193742,1,0,0:0:0:0:
182,192,193742,1,0,0:0:0:0:
109,192,193837,1,0,0:0:0:0:
402,192,193932,1,0,0:0:0:0:
475,192,194027,1,0,0:0:0:0:
109,192,194027,1,0,0:0:0:0:
36,192,194122,1,0,0:0:0:0:
329,192,194122,1,0,0:0:0:0:
402,192,194217,1,0,0:0:0:0:
475,192,194312,1,0,0:0:0:0:
109,192,194312,1,0,0:0:0:0:
182,192,194406,1,0,0:0:0:0:
402,192,194501,1,0,0:0:0:0:
36,192,194501,1,0,0:0:0:0:
475,192,194596,1,0,0:0:0:0:
109,192,194691,1,0,0:0:0:0:
182,192,194786,1,0,0:0:0:0:
329,192,194786,1,0,0:0:0:0:
36,192,194881,1,0,0:0:0:0:
402,192,194976,1,0,0:0:0:0:
475,192,195071,1,0,0:0:0:0:
109,192,195071,1,0,0:0:0:0:
182,192,195166,1,0,0:0:0:0:
36,192,195261,1,0,0:0:0:0:
402,192,195261,1,0,0:0:0:0:
329,192,195356,1,0,0:0:0:0:
109,192,195451,1,0,0:0:0:0:
182,192,195546,1,0,0:0:0:0:
402,192,195546,1,0,0:0:0:0:
36,192,195641,1,0,0:0:0:0:
329,192,195641,1,0,0:0:0:0:
402,192,195736,1,0,0:0:0:0:
475,192,195831,1,0,0:0:0:0:
109,192,195831,1,0,0:0:0:0:
182,192,195925,1,0,0:0:0:0:
402,192,196020,1,0,0:0:0:0:
36,192,196020,1,0,0:0:0:0:
475,192,196115,1,0,0:0:0:0:
109,192,196210,1,0,0:0:0:0:
182,192,196305,1,0,0:0:0:0:
329,192,196305,1,0,0:0:0:0:
36,192,196400,1,0,0:0:0:0:
402,192,196495,1,0,0:0:0:0:
475,192,196590,1,0,0:0:0:0:
109,192,196590,1,0,0:0:0:0:
182,192,196685,1,0,0:0:0:0:
36,192,196780,1,0,0:0:0:0:
402,192,196780,1,0,0:0:0:0:
329,192,196875,1,0,0:0:0:0:
109,192,196970,1,0,0:0:0:0:
182,192,197065,1,0,0:0:0:0:
402,192,197065,1,0,0:0:0:0:
329,192,197160,1,0,0:0:0:0:
36,192,197160,1,0,0:0:0:0:
402,192,197255,1,0,0:0:0:0:
475,192,197349,1,0,0:0:0:0:
109,192,197349,1,0,0:0:0:0:
182,192,197444,1,0,0:0:0:0:
402,192,197539,1,0,0:0:0:0:
36,192,197539,1,0,0:0:0:0:
475,192,197634,1,0,0:0:0:0:
109,192,197729,1,0,0:0:0:0:
182,192,197824,1,0,0:0:0:0:
329,192,197824,1,0,0:0:0:0:
36,192,197919,1,0,0:0:0:0:
402,192,198014,1,0,0:0:0:0:
475,192,198109,1,0,0:0:0:0:
109,192,198109,1,0,0:0:0:0:
182,192,198204,1,0,0:0:0:0:
36,192,198299,1,0,0:0:0:0:
402,192,198299,1,0,0:0:0:0:
329,192,198394,1,0,0:0:0:0:
109,192,198489,1,0,0:0:0:0:
182,192,198584,1,0,0:0:0:0:
402,192,198584,1,0,0:0:0:0:
475,192,198679,1,0,0:0:0:0:
256,192,198679,1,0,0:0:0:0:
36,192,198679,1,0,0:0:0:0:
182,192,198774,1,0,0:0:0:0:
329,192,198774,1,0,0:0:0:0:
109,192,198868,1,0,0:0:0:0:
402,192,198868,1,0,0:0:0:0:
329,192,199058,1,0,0:0:0:0:
182,192,199058,1,0,0:0:0:0:
402,192,199153,1,0,0:0:0:0:
109,192,199153,1,0,0:0:0:0:
182,192,199343,1,0,0:0:0:0:
329,192,199343,1,0,0:0:0:0:
182,192,199533,1,0,0:0:0:0:
329,192,199533,1,0,0:0:0:0:
109,192,199628,1,0,0:0:0:0:
402,192,199628,1,0,0:0:0:0:
402,192,199818,1,0,0:0:0:0:
109,192,199818,1,0,0:0:0:0:
329,192,199913,1,0,0:0:0:0:
182,192,199913,1,0,0:0:0:0:
182,192,200103,1,0,0:0:0:0:
329,192,200103,1,0,0:0:0:0:
