[Metadata]
Vindication
Laur
Madoka2574
Arcaea Adverse Prelude Dubstep Piano Artcore Orchestral
25
0.01


[TimingPoints]
175,344.827586206897,4,1,1,10,1,0
22243,-100,4,1,1,45,0,0
80175,-100,4,1,1,10,0,0
102243,-100,4,1,1,45,0,1
124312,-100,4,1,1,45,0,0
125002,-100,4,1,1,45,0,1
127071,-100,4,1,1,45,0,0
130519,-100,4,1,1,45,0,1
132588,-100,4,1,1,45,0,0
136037,-100,4,1,1,45,0,1
138106,-100,4,1,1,45,0,0
141554,-100,4,1,1,45,0,1
143623,-100,4,1,1,45,0,0


[HitObjects]
109,192,175,5,0,0:0:0:0:
329,192,175,1,0,0:0:0:0:
475,192,175,1,0,0:0:0:0:
36,192,864,1,0,0:0:0:0:
256,192,1037,1,0,0:0:0:0:
109,192,1209,1,0,0:0:0:0:
329,192,1381,1,0,0:0:0:0:
182,192,1554,1,0,0:0:0:0:
475,192,1554,1,0,0:0:0:0:
109,192,1726,1,0,0:0:0:0:
256,192,1899,1,0,0:0:0:0:
402,192,1899,1,0,0:0:0:0:
36,192,2071,1,0,0:0:0:0:
182,192,2243,1,0,0:0:0:0:
329,192,2243,1,0,0:0:0:0:
475,192,2416,1,0,0:0:0:0:
109,192,2588,1,0,0:0:0:0:
256,192,2588,1,0,0:0:0:0:
402,192,2761,1,0,0:0:0:0:
36,192,2933,1,0,0:0:0:0:
182,192,2933,1,0,0:0:0:0:
475,192,2933,1,0,0:0:0:0:
329,192,3450,1,0,0:0:0:0:
182,192,3968,1,0,0:0:0:0:
36,192,4312,1,0,0:0:0:0:
475,192,4485,1,0,0:0:0:0:
256,192,4657,1,0,0:0:0:0:
36,192,4830,1,0,0:0:0:0:
109,192,5002,1,0,0:0:0:0:
329,192,5002,1,0,0:0:0:0:
256,192,5175,1,0,0:0:0:0:
182,192,5347,1,0,0:0:0:0:
402,192,5347,1,0,0:0:0:0:
329,192,5519,1,0,0:0:0:0:
36,192,5692,1,0,0:0:0:0:
256,192,5692,1,0,0:0:0:0:
475,192,5692,1,0,0:0:0:0:
475,192,6381,1,0,0:0:0:0:
109,192,6554,1,0,0:0:0:0:
256,192,6726,1,0,0:0:0:0:
402,192,6899,1,0,0:0:0:0:
36,192,7071,1,0,0:0:0:0:
182,192,7071,1,0,0:0:0:0:
329,192,7243,1,0,0:0:0:0:
109,192,7416,1,0,0:0:0:0:
256,192,7416,1,0,0:0:0:0:
402,192,7588,1,0,0:0:0:0:
329,192,7761,1,0,0:0:0:0:
475,192,7761,1,0,0:0:0:0:
182,192,7933,1,0,0:0:0:0:
256,192,8106,1,0,0:0:0:0:
402,192,8106,1,0,0:0:0:0:
109,192,8278,1,0,0:0:0:0:
36,192,8450,1,0,0:0:0:0:
182,192,8450,1,0,0:0:0:0:
329,192,8450,1,0,0:0:0:0:
182,192,8968,1,0,0:0:0:0:
329,192,8968,1,0,0:0:0:0:
256,192,9312,1,0,0:0:0:0:
329,192,9485,1,0,0:0:0:0:
402,192,9657,1,0,0:0:0:0:
109,192,9830,1,0,0:0:0:0:
256,192,9830,1,0,0:0:0:0:
475,192,9830,1,0,0:0:0:0:
36,192,10519,1,0,0:0:0:0:
182,192,10692,1,0,0:0:0:0:
402,192,10864,1,0,0:0:0:0:
36,192,11209,1,0,0:0:0:0:
256,192,11209,1,0,0:0:0:0:
475,192,11209,128,0,13278:0:0:0:0:
109,192,11381,1,0,0:0:0:0:
402,192,11554,1,0,0:0:0:0:
256,192,11726,1,0,0:0:0:0:
109,192,12071,1,0,0:0:0:0:
329,192,12243,1,0,0:0:0:0:
182,192,12416,1,0,0:0:0:0:
36,192,12588,1,0,0:0:0:0:
256,192,12588,1,0,0:0:0:0:
109,192,12933,1,0,0:0:0:0:
329,192,12933,1,0,0:0:0:0:
36,192,13278,128,0,13968:0:0:0:0:
182,192,13278,1,0,0:0:0:0:
402,192,13278,1,0,0:0:0:0:
256,192,13623,1,0,0:0:0:0:
475,192,13623,1,0,0:0:0:0:
109,192,13968,1,0,0:0:0:0:
329,192,13968,1,0,0:0:0:0:
402,192,13968,128,0,14485:0:0:0:0:
36,192,14485,1,0,0:0:0:0:
182,192,14485,128,0,16037:0:0:0:0:
475,192,14485,1,0,0:0:0:0:
402,192,15002,1,0,0:0:0:0:
256,192,15175,1,0,0:0:0:0:
109,192,15347,1,0,0:0:0:0:
475,192,15519,1,0,0:0:0:0:
329,192,15864,1,0,0:0:0:0:
256,192,16037,128,0,16726:0:0:0:0:
475,192,16037,1,0,0:0:0:0:
402,192,16209,1,0,0:0:0:0:
329,192,16381,1,0,0:0:0:0:
36,192,16726,128,0,18795:0:0:0:0:
109,192,16726,1,0,0:0:0:0:
475,192,16726,1,0,0:0:0:0:
329,192,16899,1,0,0:0:0:0:
182,192,17071,1,0,0:0:0:0:
329,192,17243,1,0,0:0:0:0:
475,192,17416,1,0,0:0:0:0:
109,192,17588,1,0,0:0:0:0:
182,192,17761,1,0,0:0:0:0:
256,192,17933,1,0,0:0:0:0:
329,192,18106,1,0,0:0:0:0:
475,192,18106,1,0,0:0:0:0:
256,192,18450,1,0,0:0:0:0:
402,192,18450,1,0,0:0:0:0:
182,192,18795,1,0,0:0:0:0:
329,192,18795,128,0,19485:0:0:0:0:
475,192,18968,1,0,0:0:0:0:
109,192,19140,1,0,0:0:0:0:
256,192,19140,1,0,0:0:0:0:
402,192,19312,1,0,0:0:0:0:
36,192,19485,1,0,0:0:0:0:
182,192,19485,1,0,0:0:0:0:
475,192,19485,128,0,20864:0:0:0:0:
36,192,20002,1,0,0:0:0:0:
182,192,20002,1,0,0:0:0:0:
256,192,20347,1,0,0:0:0:0:
402,192,20519,1,0,0:0:0:0:
329,192,20692,1,0,0:0:0:0:
36,192,20864,128,0,22243:0:0:0:0:
109,192,20864,1,0,0:0:0:0:
256,192,20864,1,0,0:0:0:0:
182,192,21209,1,0,0:0:0:0:
329,192,21381,1,0,0:0:0:0:
475,192,21381,1,0,0:0:0:0:
256,192,22243,5,0,0:0:0:70:normal-hitfinish.wav
402,192,22243,1,0,0:0:0:50:LR5_Kick Bass Heavy.wav
475,192,22243,1,0,0:0:0:0:
109,192,22416,1,0,0:0:0:0:
475,192,22588,1,0,0:0:0:0:
329,192,22675,1,0,0:0:0:0:
182,192,22761,1,0,0:0:0:0:
402,192,22847,1,0,0:0:0:0:
36,192,22933,1,0,0:0:0:50:LR5_Kick Bass Heavy.wav
256,192,22933,1,0,0:0:0:0:
109,192,23106,1,0,0:0:0:0:
329,192,23278,1,0,0:0:0:0:
402,192,23364,1,0,0:0:0:0:
109,192,23450,1,0,0:0:0:0:
182,192,23537,1,0,0:0:0:0:
256,192,23623,1,0,0:0:0:50:LR5_Kick Bass Heavy.wav
329,192,23623,1,0,0:0:0:0:
475,192,23623,1,0,0:0:0:0:
36,192,23795,1,0,0:0:0:0:
182,192,23881,1,0,0:0:0:0:
402,192,23968,1,0,0:0:0:0:
256,192,24054,1,0,0:0:0:0:
109,192,24140,1,0,0:0:0:0:
182,192,24312,1,0,0:0:0:0:
475,192,24312,1,0,0:0:0:0:
402,192,24399,1,0,0:0:0:0:
329,192,24485,1,0,0:0:0:0:
256,192,24571,1,0,0:0:0:0:
36,192,24657,1,0,0:0:0:50:LR5_Kick Bass Heavy.wav
475,192,24657,1,0,0:0:0:0:
109,192,24743,1,0,0:0:0:0:
182,192,24830,1,0,0:0:0:0:
256,192,24916,1,0,0:0:0:0:
329,192,25002,1,0,0:0:0:50:LR5_Kick Bass Heavy.wav
402,192,25002,1,0,0:0:0:0:
475,192,25002,1,0,0:0:0:0:
36,192,25175,1,0,0:0:0:0:
256,192,25261,1,0,0:0:0:0:
109,192,25347,1,0,0:0:0:0:
475,192,25433,1,0,0:0:0:0:
329,192,25519,1,0,0:0:0:0:
182,192,25606,1,0,0:0:0:0:
36,192,25692,1,0,0:0:0:0:
402,192,25778,1,0,0:0:0:0:
256,192,25864,1,0,0:0:0:0:
109,192,25950,1,0,0:0:0:0:
402,192,26037,1,0,0:0:0:50:LR5_Kick Bass Heavy.wav
475,192,26037,1,0,0:0:0:0:
182,192,26209,1,0,0:0:0:0:
329,192,26295,1,0,0:0:0:0:
36,192,26381,1,0,0:0:0:50:LR5_Kick Bass Heavy.wav
256,192,26381,1,0,0:0:0:0:
475,192,26381,1,0,0:0:0:0:
402,192,26554,1,0,0:0:0:0:
109,192,26640,1,0,0:0:0:0:
182,192,26726,1,0,0:0:0:0:
329,192,26812,1,0,0:0:0:0:
402,192,26899,1,0,0:0:0:0:
475,192,26985,1,0,0:0:0:0:
36,192,27071,1,0,0:0:0:0:
256,192,27071,1,0,0:0:0:0:
109,192,27157,1,0,0:0:0:0:
402,192,27243,1,0,0:0:0:0:
329,192,27330,1,0,0:0:0:0:
256,192,27416,1,0,0:0:0:0:
475,192,27416,1,0,0:0:0:0:
36,192,27502,1,0,0:0:0:0:
182,192,27588,1,0,0:0:0:0:
329,192,27675,1,0,0:0:0:0:
109,192,27761,1,0,0:0:0:70:normal-hitfinish.wav
256,192,27761,1,0,0:0:0:50:LR5_Kick Bass Heavy.wav
402,192,27761,1,0,0:0:0:0:
475,192,27933,1,0,0:0:0:0:
182,192,28106,1,0,0:0:0:0:
256,192,28192,1,0,0:0:0:0:
329,192,28278,1,0,0:0:0:0:
402,192,28364,1,0,0:0:0:0:
36,192,28450,1,0,0:0:0:50:LR5_Kick Bass Heavy.wav
475,192,28450,1,0,0:0:0:0:
329,192,28623,1,0,0:0:0:0:
182,192,28709,1,0,0:0:0:0:
402,192,28795,1,0,0:0:0:0:
109,192,28881,1,0,0:0:0:0:
256,192,28968,1,0,0:0:0:0:
402,192,29054,1,0,0:0:0:0:
36,192,29140,1,0,0:0:0:50:LR5_Kick Bass Heavy.wav
182,192,29140,1,0,0:0:0:0:
475,192,29140,1,0,0:0:0:0:
329,192,29312,1,0,0:0:0:0:
256,192,29399,1,0,0:0:0:0:
182,192,29485,1,0,0:0:0:0:
109,192,29571,1,0,0:0:0:0:
36,192,29657,1,0,0:0:0:0:
329,192,29830,1,0,0:0:0:0:
475,192,29830,1,0,0:0:0:0:
182,192,29916,1,0,0:0:0:0:
402,192,30002,1,0,0:0:0:0:
256,192,30088,1,0,0:0:0:0:
36,192,30175,1,0,0:0:0:50:LR5_Kick Bass Heavy.wav
109,192,30175,1,0,0:0:0:0:
329,192,30347,1,0,0:0:0:0:
402,192,30433,1,0,0:0:0:0:
36,192,30519,1,0,0:0:0:50:LR5_Kick Bass Heavy.wav
182,192,30519,1,0,0:0:0:0:
475,192,30519,1,0,0:0:0:0:
256,192,30692,1,0,0:0:0:0:
109,192,30778,1,0,0:0:0:0:
475,192,30864,1,0,0:0:0:0:
329,192,30950,1,0,0:0:0:0:
36,192,31037,1,0,0:0:0:0:
182,192,31123,1,0,0:0:0:0:
475,192,31209,1,0,0:0:0:0:
402,192,31295,1,0,0:0:0:0:
36,192,31381,1,0,0:0:0:0:
329,192,31381,1,0,0:0:0:0:
109,192,31468,1,0,0:0:0:0:
182,192,31554,1,0,0:0:0:50:LR5_Kick Bass Heavy.wav
475,192,31554,1,0,0:0:0:0:
329,192,31726,1,0,0:0:0:0:
182,192,31812,1,0,0:0:0:0:
36,192,31899,1,0,0:0:0:50:LR5_Kick Bass Heavy.wav
402,192,31899,1,0,0:0:0:0:
475,192,31899,1,0,0:0:0:0:
256,192,32071,1,0,0:0:0:0:
329,192,32157,1,0,0:0:0:0:
402,192,32243,1,0,0:0:0:0:
109,192,32330,1,0,0:0:0:0:
182,192,32416,1,0,0:0:0:0:
329,192,32588,1,0,0:0:0:0:
475,192,32588,1,0,0:0:0:0:
256,192,32675,1,0,0:0:0:0:
36,192,32761,1,0,0:0:0:0:
109,192,32847,1,0,0:0:0:0:
182,192,32933,1,0,0:0:0:0:
475,192,32933,1,0,0:0:0:0:
402,192,33019,1,0,0:0:0:0:
329,192,33106,1,0,0:0:0:0:
256,192,33192,1,0,0:0:0:0:
36,192,33278,1,0,0:0:0:70:normal-hitfinish.wav
182,192,33278,1,0,0:0:0:50:LR5_Kick Bass Heavy.wav
475,192,33278,1,0,0:0:0:0:
402,192,33450,1,0,0:0:0:0:
109,192,33623,1,0,0:0:0:0:
182,192,33709,1,0,0:0:0:0:
402,192,33795,1,0,0:0:0:0:
329,192,33881,1,0,0:0:0:0:
109,192,33968,1,0,0:0:0:50:LR5_Kick Bass Heavy.wav
256,192,33968,1,0,0:0:0:0:
475,192,34140,1,0,0:0:0:0:
402,192,34226,1,0,0:0:0:0:
36,192,34312,1,0,0:0:0:0:
256,192,34399,1,0,0:0:0:0:
182,192,34485,1,0,0:0:0:0:
329,192,34571,1,0,0:0:0:0:
109,192,34657,1,0,0:0:0:50:LR5_Kick Bass Heavy.wav
402,192,34657,1,0,0:0:0:0:
475,192,34657,1,0,0:0:0:0:
36,192,34830,1,0,0:0:0:0:
256,192,34916,1,0,0:0:0:0:
475,192,35002,1,0,0:0:0:0:
329,192,35088,1,0,0:0:0:0:
182,192,35175,1,0,0:0:0:0:
402,192,35347,1,0,0:0:0:0:
475,192,35347,1,0,0:0:0:0:
256,192,35433,1,0,0:0:0:0:
36,192,35519,1,0,0:0:0:0:
182,192,35606,1,0,0:0:0:0:
329,192,35692,1,0,0:0:0:50:LR5_Kick Bass Heavy.wav
402,192,35692,1,0,0:0:0:0:
109,192,35778,1,0,0:0:0:0:
475,192,35864,1,0,0:0:0:0:
256,192,35950,1,0,0:0:0:0:
36,192,36037,1,0,0:0:0:50:LR5_Kick Bass Heavy.wav
109,192,36037,1,0,0:0:0:0:
402,192,36037,1,0,0:0:0:0:
182,192,36209,1,0,0:0:0:0:
475,192,36295,1,0,0:0:0:0:
402,192,36381,1,0,0:0:0:0:
256,192,36468,1,0,0:0:0:0:
109,192,36554,1,0,0:0:0:0:
182,192,36554,1,0,0:0:0:0:
329,192,36640,1,0,0:0:0:0:
475,192,36726,1,0,0:0:0:0:
36,192,36812,1,0,0:0:0:0:
182,192,36899,1,0,0:0:0:0:
475,192,36985,1,0,0:0:0:0:
109,192,37071,1,0,0:0:0:50:LR5_Kick Bass Heavy.wav
329,192,37071,1,0,0:0:0:0:
182,192,37243,1,0,0:0:0:0:
256,192,37416,1,0,0:0:0:50:LR5_Kick Bass Heavy.wav
402,192,37416,1,0,0:0:0:0:
475,192,37416,1,0,0:0:0:0:
36,192,37588,1,0,0:0:0:0:
182,192,37675,1,0,0:0:0:0:
329,192,37761,1,0,0:0:0:0:
475,192,37847,1,0,0:0:0:0:
256,192,37933,1,0,0:0:0:0:
36,192,38019,1,0,0:0:0:0:
182,192,38106,1,0,0:0:0:0:
402,192,38106,1,0,0:0:0:0:
109,192,38192,1,0,0:0:0:0:
402,192,38278,1,0,0:0:0:0:
109,192,38364,1,0,0:0:0:0:
329,192,38450,1,0,0:0:0:0:
475,192,38450,1,0,0:0:0:0:
182,192,38537,1,0,0:0:0:0:
329,192,38623,1,0,0:0:0:0:
182,192,38709,1,0,0:0:0:0:
36,192,38795,1,0,0:0:0:70:normal-hitfinish.wav
256,192,38795,1,0,0:0:0:50:LR5_Kick Bass Heavy.wav
475,192,38795,1,0,0:0:0:0:
402,192,38968,1,0,0:0:0:0:
109,192,39140,1,0,0:0:0:0:
182,192,39226,1,0,0:0:0:0:
256,192,39312,1,0,0:0:0:0:
329,192,39399,1,0,0:0:0:0:
36,192,39485,1,0,0:0:0:50:LR5_Kick Bass Heavy.wav
402,192,39485,1,0,0:0:0:0:
256,192,39571,1,0,0:0:0:0:
182,192,39657,1,0,0:0:0:0:
109,192,39743,1,0,0:0:0:0:
475,192,39830,1,0,0:0:0:0:
256,192,39916,1,0,0:0:0:0:
329,192,40002,1,0,0:0:0:0:
402,192,40088,1,0,0:0:0:0:
36,192,40175,1,0,0:0:0:50:LR5_Kick Bass Heavy.wav
109,192,40175,1,0,0:0:0:0:
182,192,40175,1,0,0:0:0:0:
402,192,40347,1,0,0:0:0:0:
256,192,40433,1,0,0:0:0:0:
109,192,40519,1,0,0:0:0:0:
475,192,40606,1,0,0:0:0:0:
329,192,40692,1,0,0:0:0:0:
36,192,40864,1,0,0:0:0:0:
109,192,40864,1,0,0:0:0:0:
256,192,40950,1,0,0:0:0:0:
402,192,41037,1,0,0:0:0:0:
182,192,41123,1,0,0:0:0:0:
329,192,41209,1,0,0:0:0:50:LR5_Kick Bass Heavy.wav
475,192,41209,1,0,0:0:0:0:
256,192,41381,1,0,0:0:0:0:
109,192,41468,1,0,0:0:0:0:
36,192,41554,1,0,0:0:0:50:LR5_Kick Bass Heavy.wav
402,192,41554,1,0,0:0:0:0:
475,192,41554,1,0,0:0:0:0:
329,192,41726,1,0,0:0:0:0:
182,192,41812,1,0,0:0:0:0:
36,192,41899,1,0,0:0:0:0:
256,192,41985,1,0,0:0:0:0:
402,192,42071,1,0,0:0:0:0:
109,192,42157,1,0,0:0:0:0:
329,192,42243,1,0,0:0:0:0:
402,192,42330,1,0,0:0:0:0:
182,192,42416,1,0,0:0:0:0:
475,192,42416,1,0,0:0:0:0:
256,192,42502,1,0,0:0:0:0:
36,192,42588,1,0,0:0:0:50:LR5_Kick Bass Heavy.wav
329,192,42588,1,0,0:0:0:0:
182,192,42761,1,0,0:0:0:0:
329,192,42847,1,0,0:0:0:0:
36,192,42933,1,0,0:0:0:50:LR5_Kick Bass Heavy.wav
402,192,42933,1,0,0:0:0:0:
475,192,42933,1,0,0:0:0:0:
256,192,43106,1,0,0:0:0:0:
109,192,43192,1,0,0:0:0:0:
402,192,43278,1,0,0:0:0:0:
256,192,43364,1,0,0:0:0:0:
475,192,43450,1,0,0:0:0:0:
36,192,43537,1,0,0:0:0:0:
182,192,43623,1,0,0:0:0:0:
329,192,43623,1,0,0:0:0:0:
402,192,43709,1,0,0:0:0:0:
109,192,43795,1,0,0:0:0:0:
256,192,43881,1,0,0:0:0:0:
36,192,43968,1,0,0:0:0:0:
329,192,43968,1,0,0:0:0:0:
475,192,44054,1,0,0:0:0:0:
182,192,44140,1,0,0:0:0:0:
109,192,44226,1,0,0:0:0:0:
36,192,44312,1,0,0:0:0:70:normal-hitfinish.wav
256,192,44312,1,0,0:0:0:50:LR5_Kick Bass Heavy.wav
402,192,44312,1,0,0:0:0:70:LR_Kick Drop Wet Fast.wav
182,192,44399,1,0,0:0:0:0:
475,192,44485,1,0,0:0:0:70:LR_NBell_D5.wav
329,192,44571,1,0,0:0:0:0:
36,192,44657,1,0,0:0:0:70:LR_NBell_G5.wav
182,192,44743,1,0,0:0:0:0:
475,192,44830,1,0,0:0:0:70:LR_NBell_A#5.wav
329,192,44916,1,0,0:0:0:0:
36,192,45002,1,0,0:0:0:0:
182,192,45088,1,0,0:0:0:0:
329,192,45175,1,0,0:0:0:0:
475,192,45261,1,0,0:0:0:0:
36,192,45347,1,0,0:0:0:70:LR_NBell_D6.wav
182,192,45433,1,0,0:0:0:0:
329,192,45519,1,0,0:0:0:0:
475,192,45606,1,0,0:0:0:0:
109,192,45692,1,0,0:0:0:70:LR_NBell_C6.wav
256,192,45778,1,0,0:0:0:0:
475,192,45864,1,0,0:0:0:0:
329,192,45950,1,0,0:0:0:0:
182,192,46037,1,0,0:0:0:0:
36,192,46123,1,0,0:0:0:0:
256,192,46209,1,0,0:0:0:70:LR_NBell_A#5.wav
402,192,46295,1,0,0:0:0:0:
109,192,46381,1,0,0:0:0:0:
256,192,46468,1,0,0:0:0:0:
475,192,46554,1,0,0:0:0:0:
329,192,46640,1,0,0:0:0:0:
182,192,46726,1,0,0:0:0:70:LR_NBell_A5.wav
36,192,46812,1,0,0:0:0:0:
256,192,46899,1,0,0:0:0:0:
402,192,46985,1,0,0:0:0:0:
109,192,47071,1,0,0:0:0:70:LR_NBell_A5.wav
475,192,47157,1,0,0:0:0:0:
329,192,47243,1,0,0:0:0:0:
182,192,47330,1,0,0:0:0:0:
402,192,47416,1,0,0:0:0:0:
36,192,47502,1,0,0:0:0:0:
182,192,47588,1,0,0:0:0:70:LR_NBell_A#5.wav
329,192,47675,1,0,0:0:0:0:
36,192,47761,1,0,0:0:0:0:
182,192,47847,1,0,0:0:0:0:
402,192,47933,1,0,0:0:0:0:
256,192,48019,1,0,0:0:0:0:
475,192,48106,1,0,0:0:0:70:LR_NBell_G5.wav
329,192,48192,1,0,0:0:0:0:
109,192,48278,1,0,0:0:0:0:
256,192,48364,1,0,0:0:0:0:
475,192,48450,1,0,0:0:0:0:
182,192,48537,1,0,0:0:0:0:
402,192,48623,1,0,0:0:0:0:
256,192,48709,1,0,0:0:0:0:
36,192,48795,1,0,0:0:0:0:
329,192,48881,1,0,0:0:0:0:
109,192,48968,1,0,0:0:0:0:
256,192,49054,1,0,0:0:0:0:
475,192,49140,1,0,0:0:0:0:
182,192,49226,1,0,0:0:0:0:
402,192,49312,1,0,0:0:0:0:
256,192,49399,1,0,0:0:0:0:
36,192,49485,1,0,0:0:0:0:
329,192,49571,1,0,0:0:0:0:
109,192,49657,1,0,0:0:0:0:
256,192,49743,1,0,0:0:0:0:
36,192,49830,1,0,0:0:0:70:normal-hitfinish.wav
402,192,49830,1,0,0:0:0:70:LR_Kick Drop Wet Fast.wav
475,192,49830,1,0,0:0:0:30:LR_DS - Snare Wet High.wav
182,192,50002,1,0,0:0:0:0:
256,192,50088,1,0,0:0:0:0:
402,192,50175,1,0,0:0:0:70:LR_Kick Drop Wet Fast.wav
475,192,50175,1,0,0:0:0:35:LR_DS - Snare Wet High.wav
182,192,50347,1,0,0:0:0:0:
329,192,50433,1,0,0:0:0:0:
402,192,50519,1,0,0:0:0:70:LR_Kick Drop Wet Fast.wav
475,192,50519,1,0,0:0:0:40:LR_DS - Snare Wet High.wav
182,192,50692,1,0,0:0:0:0:
256,192,50778,1,0,0:0:0:0:
402,192,50864,1,0,0:0:0:70:LR_Kick Drop Wet Fast.wav
475,192,50864,1,0,0:0:0:45:LR_DS - Snare Wet High.wav
182,192,51037,1,0,0:0:0:0:
329,192,51123,1,0,0:0:0:0:
36,192,51209,1,0,0:0:0:70:normal-hitfinish.wav
109,192,51209,1,0,0:0:0:70:LR_Kick Drop Wet Fast.wav
475,192,51209,1,0,0:0:0:50:LR_DS - Snare Wet High.wav
402,192,51381,1,0,0:0:0:0:
256,192,51468,1,0,0:0:0:0:
36,192,51554,1,0,0:0:0:70:LR_Kick Drop Wet Fast.wav
109,192,51554,1,0,0:0:0:55:LR_DS - Snare Wet High.wav
329,192,51726,1,0,0:0:0:0:
256,192,51812,1,0,0:0:0:0:
36,192,51899,1,0,0:0:0:70:LR_Kick Drop Wet Fast.wav
182,192,51899,1,0,0:0:0:60:LR_DS - Snare Wet High.wav
475,192,52071,1,0,0:0:0:0:
329,192,52157,1,0,0:0:0:0:
36,192,52243,1,0,0:0:0:70:LR_Kick Drop Wet Fast.wav
182,192,52243,1,0,0:0:0:65:LR_DS - Snare Wet High.wav
475,192,52416,1,0,0:0:0:0:
402,192,52502,1,0,0:0:0:0:
36,192,52588,1,0,0:0:0:70:normal-hitfinish.wav
182,192,52588,1,0,0:0:0:70:LR_Kick Drop Wet Fast.wav
329,192,52588,1,0,0:0:0:70:LR_DS - Snare Wet High.wav
256,192,52761,1,0,0:0:0:70:LR_Kick Drop Wet Fast.wav
402,192,52761,1,0,0:0:0:70:LR_DS - Snare Wet High.wav
109,192,52933,1,0,0:0:0:70:LR_Kick Drop Wet Fast.wav
329,192,52933,1,0,0:0:0:70:LR_DS - Snare Wet High.wav
475,192,52933,1,0,0:0:0:0:
256,192,53106,1,0,0:0:0:70:LR_Kick Drop Wet Fast.wav
402,192,53106,1,0,0:0:0:70:LR_DS - Snare Wet High.wav
36,192,53278,1,0,0:0:0:70:normal-hitfinish.wav
182,192,53278,1,0,0:0:0:70:LR_Kick Drop Wet Fast.wav
475,192,53278,1,0,0:0:0:70:LR_DS - Snare Wet High.wav
329,192,53364,1,0,0:0:0:70:LR_Kick Drop Wet Fast.wav
182,192,53450,1,0,0:0:0:70:LR_Kick Drop Wet Fast.wav
329,192,53537,1,0,0:0:0:70:LR_Kick Drop Wet Fast.wav
36,192,53623,1,0,0:0:0:70:normal-hitfinish.wav
402,192,53623,1,0,0:0:0:70:LR_Kick Drop Wet Fast.wav
475,192,53623,1,0,0:0:0:70:LR_DS - Snare Wet High.wav
109,192,53680,1,0,0:0:0:70:LR_Kick Drop Wet Fast.wav
182,192,53738,1,0,0:0:0:70:LR_Kick Drop Wet Fast.wav
256,192,53795,1,0,0:0:0:70:LR_Kick Drop Wet Fast.wav
329,192,53853,1,0,0:0:0:70:LR_Kick Drop Wet Fast.wav
402,192,53910,1,0,0:0:0:70:LR_Kick Drop Wet Fast.wav
36,192,53968,1,0,0:0:0:70:normal-hitfinish.wav
475,192,53968,1,0,0:0:0:0:
36,192,55347,128,0,56037:0:0:0:70:LR_Kick Drop Wet Fast.wav
109,192,55347,128,0,56037:0:0:0:0:
475,192,55347,1,0,0:0:0:0:
402,192,55433,1,0,0:0:0:0:
329,192,55519,1,0,0:0:0:0:
256,192,55606,1,0,0:0:0:0:
475,192,55692,1,0,0:0:0:0:
402,192,55778,1,0,0:0:0:0:
329,192,55864,1,0,0:0:0:0:
256,192,55950,1,0,0:0:0:0:
182,192,56037,1,0,0:0:0:70:LR_DS - Snare Wet High.wav
402,192,56037,1,0,0:0:0:70:LR4_SnareKKF.wav
475,192,56037,1,0,0:0:0:0:
329,192,56209,1,0,0:0:0:0:
256,192,56381,1,0,0:0:0:0:
402,192,56468,1,0,0:0:0:0:
182,192,56554,1,0,0:0:0:0:
329,192,56640,1,0,0:0:0:0:
36,192,56726,1,0,0:0:0:70:LR_Kick Drop Wet Fast.wav
109,192,56726,1,0,0:0:0:0:
475,192,56726,1,0,0:0:0:0:
182,192,56899,1,0,0:0:0:0:
256,192,57071,1,0,0:0:0:0:
109,192,57157,1,0,0:0:0:0:
329,192,57243,1,0,0:0:0:0:
182,192,57330,1,0,0:0:0:0:
36,192,57416,128,0,58106:0:0:0:70:LR_DS - Snare Wet High.wav
402,192,57416,1,0,0:0:0:70:LR4_SnareKKF.wav
475,192,57416,128,0,58106:0:0:0:0:
109,192,57761,128,0,58106:0:0:0:0:
402,192,57761,128,0,58106:0:0:0:0:
182,192,58106,128,0,58450:0:0:0:70:LR_Kick Drop Wet Fast.wav
256,192,58106,1,0,0:0:0:0:
329,192,58106,128,0,58450:0:0:0:0:
109,192,58450,1,0,0:0:0:0:
402,192,58450,1,0,0:0:0:0:
36,192,58795,1,0,0:0:0:70:LR_DS - Snare Wet High.wav
182,192,58795,1,0,0:0:0:70:LR4_SnareKKF.wav
329,192,58795,1,0,0:0:0:0:
256,192,58968,1,0,0:0:0:0:
402,192,58968,1,0,0:0:0:0:
329,192,59140,128,0,59485:0:0:0:0:
475,192,59140,128,0,59485:0:0:0:0:
182,192,59312,1,0,0:0:0:0:
36,192,59485,1,0,0:0:0:70:LR_Kick Drop Wet Fast.wav
109,192,59485,1,0,0:0:0:0:
402,192,59485,1,0,0:0:0:0:
36,192,59830,1,0,0:0:0:70:LR_Kick Drop Wet Fast.wav
109,192,59830,1,0,0:0:0:0:
256,192,59830,1,0,0:0:0:0:
182,192,60002,1,0,0:0:0:0:
475,192,60002,1,0,0:0:0:0:
402,192,60060,1,0,0:0:0:0:
329,192,60117,1,0,0:0:0:0:
36,192,60175,1,0,0:0:0:70:LR_DS - Snare Wet High.wav
109,192,60175,1,0,0:0:0:70:LR4_SnareKKF.wav
256,192,60175,1,0,0:0:0:0:
182,192,60347,128,0,60864:0:0:0:0:
329,192,60347,128,0,60864:0:0:0:0:
256,192,60519,1,0,0:0:0:0:
256,192,60692,1,0,0:0:0:0:
36,192,60864,128,0,61554:0:0:0:70:LR_Kick Drop Wet Fast.wav
402,192,60864,1,0,0:0:0:0:
475,192,60864,128,0,61209:0:0:0:0:
109,192,61209,128,0,61554:0:0:0:0:
329,192,61209,128,0,61554:0:0:0:0:
256,192,61554,1,0,0:0:0:70:LR_DS - Snare Wet High.wav
402,192,61554,1,0,0:0:0:70:LR4_SnareKKF.wav
475,192,61554,1,0,0:0:0:0:
182,192,61726,1,0,0:0:0:0:
329,192,61726,1,0,0:0:0:0:
109,192,61899,1,0,0:0:0:0:
256,192,61899,1,0,0:0:0:0:
36,192,62071,128,0,62933:0:0:0:70:LR_Kick Drop Wet Fast.wav
182,192,62071,128,0,62933:0:0:0:0:
329,192,62071,1,0,0:0:0:0:
475,192,62243,128,0,62416:0:0:0:0:
402,192,62416,128,0,62588:0:0:0:0:
329,192,62588,128,0,62761:0:0:0:0:
256,192,62761,128,0,62933:0:0:0:0:
329,192,62933,1,0,0:0:0:70:LR_DS - Snare Wet High.wav
402,192,62933,1,0,0:0:0:70:LR4_SnareKKF.wav
475,192,62933,1,0,0:0:0:0:
36,192,63106,1,0,0:0:0:0:
109,192,63192,1,0,0:0:0:0:
182,192,63278,1,0,0:0:0:0:
256,192,63364,1,0,0:0:0:0:
329,192,63450,1,0,0:0:0:0:
402,192,63537,1,0,0:0:0:0:
36,192,63623,1,0,0:0:0:70:normal-hitfinish.wav
182,192,63623,1,0,0:0:0:70:LR_Kick Drop Wet Fast.wav
475,192,63623,1,0,0:0:0:0:
36,192,63968,128,0,64140:0:0:0:0:
109,192,64140,128,0,64312:0:0:0:0:
182,192,64312,128,0,64485:0:0:0:70:LR_DS - Snare Wet High.wav
402,192,64312,1,0,0:0:0:70:LR4_SnareKKF.wav
475,192,64312,1,0,0:0:0:0:
256,192,64485,128,0,64657:0:0:0:0:
329,192,64830,1,0,0:0:0:70:LR_Kick Drop Wet Fast.wav
475,192,64830,1,0,0:0:0:0:
36,192,65002,1,0,0:0:0:70:LR_Kick Drop Wet Fast.wav
182,192,65002,1,0,0:0:0:0:
256,192,65002,1,0,0:0:0:0:
475,192,65175,128,0,65347:0:0:0:0:
36,192,65347,1,0,0:0:0:70:LR_Kick Drop Wet Fast.wav
182,192,65347,1,0,0:0:0:0:
402,192,65347,128,0,65519:0:0:0:0:
329,192,65519,128,0,65692:0:0:0:0:
109,192,65692,1,0,0:0:0:70:LR_DS - Snare Wet High.wav
182,192,65692,1,0,0:0:0:70:LR4_SnareKKF.wav
475,192,65692,1,0,0:0:0:0:
36,192,65864,128,0,66381:0:0:0:70:LR_Kick Drop Wet Fast.wav
256,192,65864,1,0,0:0:0:0:
109,192,66037,128,0,66381:0:0:0:70:LR_DS - Snare Wet High.wav
329,192,66037,1,0,0:0:0:70:LR4_SnareKKF.wav
402,192,66037,1,0,0:0:0:0:
182,192,66209,128,0,66381:0:0:0:0:
256,192,66381,1,0,0:0:0:70:normal-hitfinish.wav
402,192,66381,128,0,67071:0:0:0:70:LR_Kick Drop Wet Fast.wav
475,192,66381,128,0,67071:0:0:0:0:
329,192,66468,1,0,0:0:0:0:
109,192,66554,1,0,0:0:0:0:
182,192,66640,1,0,0:0:0:0:
256,192,66726,1,0,0:0:0:0:
36,192,66812,1,0,0:0:0:0:
109,192,66899,1,0,0:0:0:0:
182,192,66985,1,0,0:0:0:0:
36,192,67071,1,0,0:0:0:70:LR_DS - Snare Wet High.wav
256,192,67071,1,0,0:0:0:70:LR4_SnareKKF.wav
329,192,67071,1,0,0:0:0:0:
109,192,67243,1,0,0:0:0:70:LR_ScratchFO.wav
182,192,67243,1,0,0:0:0:0:
109,192,67416,1,0,0:0:0:70:LR_ScratchFO.wav
182,192,67416,1,0,0:0:0:0:
36,192,67761,1,0,0:0:0:70:LR_Kick Drop Wet Fast.wav
402,192,67761,1,0,0:0:0:0:
475,192,67761,1,0,0:0:0:0:
329,192,67847,1,0,0:0:0:0:
109,192,67933,1,0,0:0:0:0:
182,192,68019,1,0,0:0:0:0:
329,192,68106,1,0,0:0:0:70:LR_ScratchFO.wav
402,192,68106,1,0,0:0:0:0:
329,192,68278,1,0,0:0:0:70:LR_ScratchFO.wav
402,192,68278,1,0,0:0:0:0:
36,192,68450,1,0,0:0:0:70:LR_DS - Snare Wet High.wav
109,192,68450,1,0,0:0:0:70:LR4_SnareKKF.wav
256,192,68450,1,0,0:0:0:0:
329,192,68623,1,0,0:0:0:70:LR_ScratchFO.wav
475,192,68623,1,0,0:0:0:0:
36,192,68709,1,0,0:0:0:70:LR_ScratchFO.wav
182,192,68709,1,0,0:0:0:0:
329,192,68795,1,0,0:0:0:70:LR_ScratchFO.wav
475,192,68795,1,0,0:0:0:0:
36,192,69140,128,0,69485:0:0:0:70:LR_Kick Drop Wet Fast.wav
109,192,69140,128,0,69485:0:0:0:0:
256,192,69140,1,0,0:0:0:0:
475,192,69485,1,0,0:0:0:0:
402,192,69571,1,0,0:0:0:0:
329,192,69657,1,0,0:0:0:0:
256,192,69743,1,0,0:0:0:0:
36,192,69830,1,0,0:0:0:70:LR_DS - Snare Wet High.wav
109,192,69830,1,0,0:0:0:70:LR4_SnareKKF.wav
182,192,69830,1,0,0:0:0:0:
402,192,70002,1,0,0:0:0:70:LR_ScratchFO.wav
475,192,70002,1,0,0:0:0:0:
402,192,70175,1,0,0:0:0:70:LR_ScratchFO.wav
475,192,70175,1,0,0:0:0:0:
36,192,70519,128,0,70864:0:0:0:70:LR_Kick Drop Wet Fast.wav
182,192,70519,1,0,0:0:0:0:
475,192,70519,1,0,0:0:0:0:
329,192,70692,128,0,70864:0:0:0:0:
109,192,70864,1,0,0:0:0:70:LR_Kick Drop Wet Fast.wav
402,192,70864,1,0,0:0:0:0:
475,192,70864,128,0,71209:0:0:0:0:
182,192,71037,128,0,71209:0:0:0:70:LR_ScratchFO.wav
329,192,71037,1,0,0:0:0:0:
109,192,71209,128,0,71899:0:0:0:70:LR_DS - Snare Wet High.wav
256,192,71209,1,0,0:0:0:70:LR4_SnareKKF.wav
402,192,71209,128,0,71899:0:0:0:0:
36,192,71899,1,0,0:0:0:70:LR_Kick Drop Wet Fast.wav
256,192,71899,1,0,0:0:0:0:
475,192,71899,1,0,0:0:0:0:
182,192,71985,1,0,0:0:0:0:
329,192,72157,1,0,0:0:0:0:
475,192,72243,1,0,0:0:0:0:
256,192,72416,1,0,0:0:0:0:
182,192,72588,1,0,0:0:0:70:LR_DS - Snare Wet High.wav
329,192,72588,1,0,0:0:0:70:LR4_SnareKKF.wav
475,192,72588,1,0,0:0:0:0:
36,192,72761,1,0,0:0:0:70:LR_ScratchFO.wav
109,192,72761,1,0,0:0:0:0:
36,192,72933,1,0,0:0:0:70:LR_ScratchFO.wav
109,192,72933,1,0,0:0:0:0:
402,192,73106,1,0,0:0:0:70:LR_Kick Drop Wet Fast.wav
475,192,73106,1,0,0:0:0:0:
36,192,73278,128,0,73968:0:0:0:0:
109,192,73278,1,0,0:0:0:0:
182,192,73364,1,0,0:0:0:0:
256,192,73450,1,0,0:0:0:0:
475,192,73537,1,0,0:0:0:0:
402,192,73623,1,0,0:0:0:0:
329,192,73709,1,0,0:0:0:0:
256,192,73795,1,0,0:0:0:0:
182,192,73881,1,0,0:0:0:0:
109,192,73968,1,0,0:0:0:70:LR_DS - Snare Wet High.wav
329,192,73968,1,0,0:0:0:70:LR4_SnareKKF.wav
475,192,73968,1,0,0:0:0:0:
256,192,74140,128,0,74657:0:0:0:0:
402,192,74312,1,0,0:0:0:0:
109,192,74399,1,0,0:0:0:0:
329,192,74485,1,0,0:0:0:0:
182,192,74571,1,0,0:0:0:0:
36,192,74657,1,0,0:0:0:70:normal-hitfinish.wav
402,192,74657,1,0,0:0:0:70:LR_Kick Drop Wet Fast.wav
475,192,74657,1,0,0:0:0:0:
109,192,75002,128,0,75175:0:0:0:0:
182,192,75175,128,0,75347:0:0:0:0:
36,192,75347,1,0,0:0:0:70:LR_DS - Snare Wet High.wav
402,192,75347,128,0,75519:0:0:0:70:LR4_SnareKKF.wav
475,192,75347,1,0,0:0:0:0:
329,192,75519,128,0,75692:0:0:0:0:
109,192,75864,1,0,0:0:0:70:LR_Kick Drop Wet Fast.wav
182,192,75864,1,0,0:0:0:0:
256,192,76037,1,0,0:0:0:70:LR_Kick Drop Wet Fast.wav
402,192,76037,1,0,0:0:0:0:
475,192,76037,1,0,0:0:0:0:
36,192,76209,128,0,76381:0:0:0:0:
182,192,76381,128,0,76554:0:0:0:70:LR_Kick Drop Wet Fast.wav
402,192,76381,1,0,0:0:0:0:
475,192,76381,1,0,0:0:0:0:
329,192,76554,128,0,76726:0:0:0:0:
36,192,76726,1,0,0:0:0:70:LR_DS - Snare Wet High.wav
182,192,76726,1,0,0:0:0:70:LR4_SnareKKF.wav
402,192,76726,1,0,0:0:0:0:
109,192,76899,128,0,77416:0:0:0:70:LR_Kick Drop Wet Fast.wav
256,192,76899,1,0,0:0:0:0:
329,192,77071,1,0,0:0:0:70:LR_DS - Snare Wet High.wav
402,192,77071,128,0,77416:0:0:0:70:LR4_SnareKKF.wav
475,192,77071,1,0,0:0:0:0:
256,192,77243,128,0,77416:0:0:0:0:
36,192,77416,1,0,0:0:0:70:G2H_s.wav
182,192,77416,1,0,0:0:0:0:
329,192,77416,1,0,0:0:0:0:
475,192,77416,1,0,0:0:0:0:
256,192,78795,128,0,80175:0:0:0:0:
36,192,80175,1,0,0:0:0:70:normal-hitfinish.wav
475,192,80175,1,0,0:0:0:70:LR_Kick Drop Wet Fast.wav
182,192,80692,1,0,0:0:0:0:
329,192,80864,1,0,0:0:0:0:
475,192,80864,1,0,0:0:0:0:
402,192,81209,1,0,0:0:0:0:
256,192,81381,1,0,0:0:0:0:
109,192,81554,1,0,0:0:0:0:
475,192,81899,1,0,0:0:0:0:
329,192,82243,1,0,0:0:0:0:
256,192,82588,1,0,0:0:0:0:
36,192,82933,1,0,0:0:0:0:
182,192,82933,1,0,0:0:0:0:
402,192,82933,1,0,0:0:0:0:
256,192,83278,1,0,0:0:0:0:
402,192,83450,1,0,0:0:0:0:
36,192,83623,1,0,0:0:0:0:
182,192,83623,1,0,0:0:0:0:
109,192,83968,1,0,0:0:0:0:
256,192,83968,1,0,0:0:0:0:
182,192,84312,1,0,0:0:0:0:
329,192,84312,1,0,0:0:0:0:
475,192,84312,1,0,0:0:0:0:
402,192,85002,1,0,0:0:0:0:
329,192,85347,1,0,0:0:0:0:
36,192,85692,1,0,0:0:0:0:
182,192,85692,1,0,0:0:0:0:
256,192,85692,1,0,0:0:0:0:
475,192,85864,1,0,0:0:0:0:
109,192,86037,1,0,0:0:0:0:
256,192,86209,1,0,0:0:0:0:
402,192,86381,1,0,0:0:0:0:
36,192,86554,1,0,0:0:0:0:
109,192,86554,1,0,0:0:0:0:
329,192,86726,1,0,0:0:0:0:
182,192,86899,1,0,0:0:0:0:
36,192,87071,1,0,0:0:0:0:
402,192,87071,1,0,0:0:0:0:
475,192,87071,1,0,0:0:0:0:
256,192,87416,1,0,0:0:0:0:
109,192,87761,1,0,0:0:0:0:
329,192,88106,1,0,0:0:0:0:
109,192,88450,1,0,0:0:0:0:
329,192,88450,1,0,0:0:0:0:
475,192,88450,1,0,0:0:0:0:
402,192,88795,1,0,0:0:0:0:
36,192,88968,1,0,0:0:0:0:
182,192,88968,1,0,0:0:0:0:
329,192,89312,1,0,0:0:0:0:
475,192,89485,1,0,0:0:0:0:
402,192,89657,1,0,0:0:0:0:
36,192,89830,1,0,0:0:0:0:
109,192,89830,1,0,0:0:0:0:
256,192,89830,1,0,0:0:0:0:
182,192,90519,1,0,0:0:0:0:
329,192,90692,1,0,0:0:0:0:
475,192,90864,1,0,0:0:0:0:
36,192,91209,1,0,0:0:0:0:
182,192,91209,128,0,92588:0:0:0:0:
402,192,91209,1,0,0:0:0:0:
256,192,91554,1,0,0:0:0:0:
475,192,91899,1,0,0:0:0:0:
329,192,92243,1,0,0:0:0:0:
36,192,92588,128,0,93968:0:0:0:0:
402,192,92588,1,0,0:0:0:0:
475,192,92588,1,0,0:0:0:0:
256,192,92933,1,0,0:0:0:0:
109,192,93278,1,0,0:0:0:0:
256,192,93450,1,0,0:0:0:0:
475,192,93623,1,0,0:0:0:0:
402,192,93795,1,0,0:0:0:0:
182,192,93968,1,0,0:0:0:0:
256,192,93968,1,0,0:0:0:0:
329,192,93968,128,0,94657:0:0:0:0:
36,192,94312,1,0,0:0:0:0:
109,192,94657,1,0,0:0:0:0:
402,192,94657,128,0,95347:0:0:0:0:
182,192,95002,1,0,0:0:0:0:
36,192,95347,1,0,0:0:0:0:
109,192,95347,128,0,96037:0:0:0:0:
256,192,95347,1,0,0:0:0:0:
475,192,95692,1,0,0:0:0:0:
256,192,96037,128,0,96381:0:0:0:0:
402,192,96037,1,0,0:0:0:0:
109,192,96381,1,0,0:0:0:0:
402,192,96381,128,0,96726:0:0:0:0:
36,192,96726,1,0,0:0:0:0:
329,192,96726,1,0,0:0:0:0:
475,192,96726,128,0,97933:0:0:0:0:
256,192,97071,1,0,0:0:0:0:
109,192,97416,1,0,0:0:0:0:
402,192,97588,1,0,0:0:0:0:
329,192,97761,1,0,0:0:0:0:
256,192,97933,1,0,0:0:0:0:
36,192,98106,128,0,98450:0:0:0:0:
182,192,98106,1,0,0:0:0:0:
329,192,98106,1,0,0:0:0:0:
109,192,98450,128,0,98795:0:0:0:0:
256,192,98450,1,0,0:0:0:0:
402,192,98450,1,0,0:0:0:0:
182,192,98795,1,0,0:0:0:0:
329,192,98795,1,0,0:0:0:0:
475,192,98795,128,0,99140:0:0:0:0:
109,192,99140,1,0,0:0:0:0:
256,192,99140,1,0,0:0:0:0:
402,192,99140,128,0,99485:0:0:0:0:
36,192,99485,1,0,0:0:0:0:
182,192,99485,1,0,0:0:0:0:
329,192,99485,128,0,100864:0:0:0:0:
256,192,99657,1,0,0:0:0:0:
109,192,99830,1,0,0:0:0:0:
182,192,100002,1,0,0:0:0:0:
256,192,100175,1,0,0:0:0:0:
402,192,100347,1,0,0:0:0:0:
109,192,100519,1,0,0:0:0:0:
182,192,100692,1,0,0:0:0:0:
36,192,100864,128,0,101554:0:0:0:0:
256,192,100864,1,0,0:0:0:0:
475,192,100864,128,0,101554:0:0:0:0:
182,192,101554,1,0,0:0:0:0:
329,192,101640,1,0,0:0:0:0:
182,192,101726,1,0,0:0:0:0:
329,192,101812,1,0,0:0:0:0:
109,192,101899,1,0,0:0:0:0:
182,192,101985,1,0,0:0:0:0:
256,192,102071,1,0,0:0:0:0:
329,192,102157,1,0,0:0:0:0:
36,192,102243,128,0,103106:0:0:0:70:normal-hitfinish.wav
109,192,102243,1,0,0:0:0:70:LR_Kick Drop Wet Fast.wav
402,192,102243,1,0,0:0:0:0:
475,192,102243,1,0,0:0:0:0:
329,192,102416,1,0,0:0:0:0:
182,192,102588,1,0,0:0:0:70:LR_DS - Snare Wet High.wav
256,192,102588,1,0,0:0:0:70:LR4_SnareKKF.wav
402,192,102588,1,0,0:0:0:0:
475,192,102761,1,0,0:0:0:0:
329,192,102933,1,0,0:0:0:0:
109,192,103106,128,0,103192:0:0:0:70:LR_Kick Drop Wet Fast.wav
256,192,103106,128,0,103192:0:0:0:0:
182,192,103278,128,0,103364:0:0:0:70:LR_DS - Snare Wet High.wav
329,192,103278,128,0,103364:0:0:0:70:LR4_SnareKKF.wav
475,192,103278,1,0,0:0:0:0:
256,192,103450,128,0,103537:0:0:0:0:
402,192,103450,128,0,103537:0:0:0:0:
36,192,103623,1,0,0:0:0:70:LR_Kick Drop Wet Fast.wav
109,192,103623,1,0,0:0:0:0:
475,192,103623,128,0,103968:0:0:0:0:
256,192,103795,1,0,0:0:0:0:
36,192,103968,1,0,0:0:0:70:LR_DS - Snare Wet High.wav
182,192,103968,1,0,0:0:0:70:LR4_SnareKKF.wav
329,192,103968,128,0,104312:0:0:0:0:
109,192,104140,1,0,0:0:0:0:
182,192,104312,128,0,104657:0:0:0:0:
402,192,104485,1,0,0:0:0:70:LR_Kick Drop Wet Fast.wav
475,192,104485,1,0,0:0:0:0:
36,192,104657,128,0,105002:0:0:0:70:LR_DS - Snare Wet High.wav
256,192,104657,1,0,0:0:0:70:LR4_SnareKKF.wav
329,192,104657,1,0,0:0:0:0:
402,192,104830,1,0,0:0:0:0:
109,192,105002,1,0,0:0:0:70:LR_Kick Drop Wet Fast.wav
256,192,105002,1,0,0:0:0:0:
475,192,105002,128,0,105347:0:0:0:0:
329,192,105175,1,0,0:0:0:0:
36,192,105347,1,0,0:0:0:70:LR_DS - Snare Wet High.wav
182,192,105347,1,0,0:0:0:70:LR4_SnareKKF.wav
402,192,105347,128,0,105519:0:0:0:0:
329,192,105519,128,0,105864:0:0:0:0:
109,192,105692,1,0,0:0:0:0:
36,192,105864,1,0,0:0:0:70:LR_Kick Drop Wet Fast.wav
182,192,105864,1,0,0:0:0:0:
256,192,105864,128,0,106037:0:0:0:0:
109,192,106037,1,0,0:0:0:70:LR_DS - Snare Wet High.wav
329,192,106037,128,0,106209:0:0:0:70:LR4_SnareKKF.wav
475,192,106037,1,0,0:0:0:0:
402,192,106209,128,0,106381:0:0:0:0:
182,192,106381,1,0,0:0:0:70:LR_Kick Drop Wet Fast.wav
256,192,106381,1,0,0:0:0:0:
475,192,106381,128,0,106726:0:0:0:0:
329,192,106554,1,0,0:0:0:0:
36,192,106726,1,0,0:0:0:70:LR_DS - Snare Wet High.wav
109,192,106726,1,0,0:0:0:70:LR4_SnareKKF.wav
402,192,106726,1,0,0:0:0:0:
182,192,106899,1,0,0:0:0:70:LR_Kick Drop Wet Fast.wav
329,192,106899,1,0,0:0:0:0:
36,192,107071,1,0,0:0:0:70:LR_DS - Snare Wet High.wav
256,192,107071,1,0,0:0:0:70:LR4_SnareKKF.wav
475,192,107071,1,0,0:0:0:0:
109,192,107243,1,0,0:0:0:70:LR_Kick Drop Wet Fast.wav
329,192,107243,1,0,0:0:0:0:
36,192,107416,128,0,107761:0:0:0:0:
475,192,107416,1,0,0:0:0:0:
402,192,107502,1,0,0:0:0:0:
329,192,107588,1,0,0:0:0:0:
256,192,107675,1,0,0:0:0:0:
182,192,107761,128,0,108623:0:0:0:70:LR_Kick Drop Wet Fast.wav
402,192,107761,1,0,0:0:0:0:
475,192,107761,1,0,0:0:0:0:
256,192,107933,1,0,0:0:0:0:
36,192,108106,1,0,0:0:0:70:LR_DS - Snare Wet High.wav
109,192,108106,1,0,0:0:0:70:LR4_SnareKKF.wav
329,192,108106,1,0,0:0:0:0:
402,192,108278,1,0,0:0:0:0:
109,192,108450,1,0,0:0:0:0:
329,192,108623,128,0,108709:0:0:0:70:LR_Kick Drop Wet Fast.wav
475,192,108623,128,0,108709:0:0:0:0:
36,192,108795,1,0,0:0:0:70:LR_DS - Snare Wet High.wav
256,192,108795,128,0,108881:0:0:0:70:LR4_SnareKKF.wav
402,192,108795,128,0,108881:0:0:0:0:
182,192,108968,128,0,109054:0:0:0:0:
329,192,108968,128,0,109054:0:0:0:0:
109,192,109140,128,0,109485:0:0:0:70:LR_Kick Drop Wet Fast.wav
256,192,109140,1,0,0:0:0:0:
475,192,109140,1,0,0:0:0:0:
182,192,109312,1,0,0:0:0:0:
36,192,109485,1,0,0:0:0:70:LR_DS - Snare Wet High.wav
329,192,109485,1,0,0:0:0:70:LR4_SnareKKF.wav
402,192,109485,128,0,109830:0:0:0:0:
256,192,109657,1,0,0:0:0:0:
182,192,109830,128,0,110175:0:0:0:0:
256,192,110002,1,0,0:0:0:70:LR_Kick Drop Wet Fast.wav
329,192,110002,1,0,0:0:0:0:
36,192,110175,1,0,0:0:0:70:LR_DS - Snare Wet High.wav
402,192,110175,1,0,0:0:0:70:LR4_SnareKKF.wav
475,192,110175,128,0,110519:0:0:0:0:
256,192,110347,1,0,0:0:0:0:
36,192,110519,128,0,110864:0:0:0:70:LR_Kick Drop Wet Fast.wav
109,192,110519,1,0,0:0:0:0:
329,192,110519,1,0,0:0:0:0:
256,192,110692,1,0,0:0:0:0:
182,192,110864,128,0,111037:0:0:0:70:LR_DS - Snare Wet High.wav
402,192,110864,1,0,0:0:0:70:LR4_SnareKKF.wav
475,192,110864,1,0,0:0:0:0:
36,192,111037,128,0,111468:0:0:0:70:LR_Kick Drop Wet Fast.wav
256,192,111037,1,0,0:0:0:0:
329,192,111037,1,0,0:0:0:0:
475,192,111209,1,0,0:0:0:0:
329,192,111381,1,0,0:0:0:70:LR_Kick Drop Wet Fast.wav
402,192,111381,1,0,0:0:0:0:
109,192,111468,128,0,111726:0:0:0:0:
256,192,111554,1,0,0:0:0:70:LR_DS - Snare Wet High.wav
402,192,111554,1,0,0:0:0:70:LR4_SnareKKF.wav
475,192,111554,1,0,0:0:0:0:
182,192,111726,128,0,111899:0:0:0:0:
36,192,111899,1,0,0:0:0:70:LR_Kick Drop Wet Fast.wav
329,192,111899,1,0,0:0:0:0:
475,192,111899,128,0,112243:0:0:0:0:
256,192,112071,1,0,0:0:0:0:
182,192,112243,1,0,0:0:0:70:LR_DS - Snare Wet High.wav
329,192,112243,1,0,0:0:0:70:LR4_SnareKKF.wav
402,192,112243,1,0,0:0:0:0:
36,192,112416,1,0,0:0:0:70:LR_Kick Drop Wet Fast.wav
109,192,112416,1,0,0:0:0:0:
256,192,112588,1,0,0:0:0:70:LR_DS - Snare Wet High.wav
402,192,112588,1,0,0:0:0:70:LR4_SnareKKF.wav
475,192,112588,1,0,0:0:0:0:
36,192,112761,1,0,0:0:0:70:LR_Kick Drop Wet Fast.wav
182,192,112761,1,0,0:0:0:0:
329,192,112847,1,0,0:0:0:70:LR_Kick Drop Wet Fast.wav
475,192,112847,1,0,0:0:0:0:
36,192,112933,1,0,0:0:0:70:LR_DS - Snare Wet High.wav
182,192,112933,1,0,0:0:0:70:LR4_SnareKKF.wav
256,192,113106,1,0,0:0:0:0:
36,192,113278,128,0,114140:0:0:0:70:normal-hitfinish.wav
182,192,113278,1,0,0:0:0:70:LR_Kick Drop Wet Fast.wav
329,192,113278,1,0,0:0:0:0:
475,192,113278,1,0,0:0:0:0:
329,192,113450,1,0,0:0:0:0:
109,192,113623,1,0,0:0:0:70:LR_DS - Snare Wet High.wav
256,192,113623,1,0,0:0:0:70:LR4_SnareKKF.wav
402,192,113623,1,0,0:0:0:0:
182,192,113795,1,0,0:0:0:0:
475,192,113968,1,0,0:0:0:0:
256,192,114140,128,0,114226:0:0:0:70:LR_Kick Drop Wet Fast.wav
402,192,114140,128,0,114226:0:0:0:0:
36,192,114312,1,0,0:0:0:70:LR_DS - Snare Wet High.wav
182,192,114312,128,0,114399:0:0:0:70:LR4_SnareKKF.wav
329,192,114312,128,0,114399:0:0:0:0:
109,192,114485,128,0,114571:0:0:0:0:
256,192,114485,128,0,114571:0:0:0:0:
182,192,114657,1,0,0:0:0:70:LR_Kick Drop Wet Fast.wav
329,192,114657,1,0,0:0:0:0:
475,192,114657,128,0,115002:0:0:0:0:
256,192,114830,1,0,0:0:0:0:
36,192,115002,1,0,0:0:0:70:LR_DS - Snare Wet High.wav
109,192,115002,1,0,0:0:0:70:LR4_SnareKKF.wav
329,192,115002,128,0,115175:0:0:0:0:
182,192,115175,128,0,115692:0:0:0:0:
109,192,115347,1,0,0:0:0:0:
402,192,115519,1,0,0:0:0:70:LR_Kick Drop Wet Fast.wav
475,192,115519,1,0,0:0:0:0:
36,192,115692,1,0,0:0:0:70:LR_DS - Snare Wet High.wav
256,192,115692,128,0,116037:0:0:0:70:LR4_SnareKKF.wav
329,192,115692,1,0,0:0:0:0:
475,192,115864,1,0,0:0:0:0:
36,192,116037,1,0,0:0:0:70:LR_Kick Drop Wet Fast.wav
109,192,116037,1,0,0:0:0:0:
402,192,116037,128,0,116381:0:0:0:0:
256,192,116209,1,0,0:0:0:0:
182,192,116381,128,0,116554:0:0:0:70:LR_DS - Snare Wet High.wav
329,192,116381,1,0,0:0:0:70:LR4_SnareKKF.wav
475,192,116381,1,0,0:0:0:0:
36,192,116554,128,0,116899:0:0:0:0:
329,192,116726,1,0,0:0:0:0:
182,192,116899,1,0,0:0:0:70:LR_Kick Drop Wet Fast.wav
256,192,116899,1,0,0:0:0:0:
402,192,116899,128,0,117071:0:0:0:0:
109,192,117071,1,0,0:0:0:70:LR_DS - Snare Wet High.wav
329,192,117071,128,0,117243:0:0:0:70:LR4_SnareKKF.wav
475,192,117071,1,0,0:0:0:0:
256,192,117243,128,0,117416:0:0:0:0:
36,192,117416,1,0,0:0:0:70:LR_Kick Drop Wet Fast.wav
182,192,117416,128,0,117761:0:0:0:0:
402,192,117416,1,0,0:0:0:0:
329,192,117588,1,0,0:0:0:0:
36,192,117761,1,0,0:0:0:70:LR_DS - Snare Wet High.wav
256,192,117761,1,0,0:0:0:70:LR4_SnareKKF.wav
475,192,117761,128,0,118106:0:0:0:0:
109,192,117933,1,0,0:0:0:70:LR_Kick Drop Wet Fast.wav
402,192,117933,1,0,0:0:0:0:
36,192,118106,128,0,118450:0:0:0:70:LR_DS - Snare Wet High.wav
182,192,118106,1,0,0:0:0:70:LR4_SnareKKF.wav
329,192,118106,1,0,0:0:0:0:
256,192,118278,1,0,0:0:0:70:LR_Kick Drop Wet Fast.wav
402,192,118278,1,0,0:0:0:0:
109,192,118450,1,0,0:0:0:0:
329,192,118450,128,0,118795:0:0:0:0:
182,192,118537,1,0,0:0:0:0:
256,192,118623,1,0,0:0:0:0:
182,192,118709,1,0,0:0:0:0:
36,192,118795,1,0,0:0:0:70:normal-hitfinish.wav
109,192,118795,1,0,0:0:0:70:LR_Kick Drop Wet Fast.wav
402,192,118795,1,0,0:0:0:0:
475,192,118795,128,0,119485:0:0:0:0:
256,192,118968,1,0,0:0:0:0:
36,192,119140,1,0,0:0:0:70:LR_DS - Snare Wet High.wav
182,192,119140,1,0,0:0:0:70:LR4_SnareKKF.wav
402,192,119140,1,0,0:0:0:0:
329,192,119312,1,0,0:0:0:0:
182,192,119485,1,0,0:0:0:0:
36,192,119657,128,0,119743:0:0:0:70:LR_Kick Drop Wet Fast.wav
256,192,119657,128,0,119743:0:0:0:0:
109,192,119830,128,0,119916:0:0:0:70:LR_DS - Snare Wet High.wav
329,192,119830,128,0,119916:0:0:0:70:LR4_SnareKKF.wav
475,192,119830,1,0,0:0:0:0:
182,192,120002,128,0,120088:0:0:0:0:
402,192,120002,128,0,120088:0:0:0:0:
36,192,120175,128,0,120519:0:0:0:70:LR_Kick Drop Wet Fast.wav
256,192,120175,1,0,0:0:0:0:
475,192,120175,1,0,0:0:0:0:
329,192,120347,1,0,0:0:0:0:
109,192,120519,1,0,0:0:0:70:LR_DS - Snare Wet High.wav
256,192,120519,128,0,120864:0:0:0:70:LR4_SnareKKF.wav
402,192,120519,1,0,0:0:0:0:
182,192,120692,1,0,0:0:0:0:
475,192,120864,128,0,121209:0:0:0:0:
182,192,121037,1,0,0:0:0:70:LR_Kick Drop Wet Fast.wav
402,192,121037,1,0,0:0:0:0:
36,192,121209,1,0,0:0:0:70:LR_DS - Snare Wet High.wav
109,192,121209,128,0,121554:0:0:0:70:LR4_SnareKKF.wav
329,192,121209,1,0,0:0:0:0:
256,192,121381,1,0,0:0:0:0:
182,192,121554,1,0,0:0:0:70:normal-hitfinish.wav
329,192,121554,1,0,0:0:0:70:LR_Kick Drop Wet Fast.wav
402,192,121554,128,0,122416:0:0:0:0:
475,192,121554,1,0,0:0:0:0:
256,192,121726,1,0,0:0:0:0:
36,192,121899,1,0,0:0:0:70:LR_DS - Snare Wet High.wav
109,192,121899,1,0,0:0:0:70:LR4_SnareKKF.wav
329,192,121899,1,0,0:0:0:0:
36,192,122071,1,0,0:0:0:70:LR_Kick Drop Wet Fast.wav
182,192,122071,1,0,0:0:0:0:
329,192,122243,1,0,0:0:0:0:
109,192,122416,1,0,0:0:0:70:LR_Kick Drop Wet Fast.wav
256,192,122416,1,0,0:0:0:0:
36,192,122588,1,0,0:0:0:70:LR_DS - Snare Wet High.wav
329,192,122588,1,0,0:0:0:70:LR4_SnareKKF.wav
475,192,122588,1,0,0:0:0:0:
182,192,122761,1,0,0:0:0:70:LR_Kick Drop Wet Fast.wav
256,192,122761,1,0,0:0:0:0:
36,192,122933,1,0,0:0:0:70:normal-hitfinish.wav
109,192,122933,1,0,0:0:0:70:LR_Kick Drop Wet Fast.wav
402,192,122933,1,0,0:0:0:0:
475,192,122933,128,0,123450:0:0:0:0:
182,192,123106,1,0,0:0:0:0:
256,192,123278,1,0,0:0:0:70:LR_DS - Snare Wet High.wav
329,192,123278,1,0,0:0:0:70:LR4_SnareKKF.wav
402,192,123278,1,0,0:0:0:0:
36,192,123450,128,0,124312:0:0:0:70:LR_Kick Drop Wet Fast.wav
109,192,123450,1,0,0:0:0:0:
182,192,123450,1,0,0:0:0:0:
256,192,123537,1,0,0:0:0:70:LR_Kick Drop Wet Fast.wav
329,192,123537,1,0,0:0:0:0:
402,192,123623,1,0,0:0:0:70:LR_DS - Snare Wet High.wav
475,192,123623,1,0,0:0:0:70:LR4_SnareKKF.wav
182,192,123795,1,0,0:0:0:0:
256,192,123968,1,0,0:0:0:0:
329,192,124140,1,0,0:0:0:0:
109,192,124312,1,0,0:0:0:70:LR_Kick Drop Wet Fast.wav
402,192,124312,1,0,0:0:0:0:
475,192,124312,1,0,0:0:0:0:
182,192,124485,1,0,0:0:0:0:
329,192,124571,1,0,0:0:0:0:
36,192,124657,1,0,0:0:0:0:
475,192,124657,1,0,0:0:0:0:
329,192,124830,1,0,0:0:0:0:
182,192,124916,1,0,0:0:0:0:
36,192,125002,1,0,0:0:0:70:LR_DS - Snare Wet High.wav
256,192,125002,1,0,0:0:0:70:LR4_SnareKKF.wav
475,192,125002,1,0,0:0:0:0:
329,192,125175,128,0,125261:0:0:0:0:
402,192,125175,128,0,125261:0:0:0:0:
329,192,125347,128,0,125433:0:0:0:0:
402,192,125347,128,0,125433:0:0:0:0:
329,192,125519,128,0,125606:0:0:0:0:
402,192,125519,128,0,125606:0:0:0:0:
36,192,125692,1,0,0:0:0:70:LR_Kick Drop Wet Fast.wav
256,192,125692,1,0,0:0:0:0:
475,192,125692,1,0,0:0:0:0:
109,192,125864,128,0,125950:0:0:0:0:
182,192,125864,128,0,125950:0:0:0:0:
109,192,126037,128,0,126123:0:0:0:0:
182,192,126037,128,0,126123:0:0:0:0:
109,192,126209,128,0,126295:0:0:0:0:
182,192,126209,128,0,126295:0:0:0:0:
36,192,126381,1,0,0:0:0:70:LR_DS - Snare Wet High.wav
402,192,126381,1,0,0:0:0:70:LR4_SnareKKF.wav
475,192,126381,1,0,0:0:0:0:
256,192,126554,128,0,126640:0:0:0:0:
329,192,126554,128,0,126640:0:0:0:0:
256,192,126726,128,0,126812:0:0:0:0:
329,192,126726,128,0,126812:0:0:0:0:
256,192,126899,128,0,126985:0:0:0:0:
329,192,126899,128,0,126985:0:0:0:0:
36,192,127071,128,0,127761:0:0:0:70:LR_Kick Drop Wet Fast.wav
182,192,127071,1,0,0:0:0:0:
402,192,127071,1,0,0:0:0:0:
109,192,127416,128,0,127761:0:0:0:0:
256,192,127416,1,0,0:0:0:0:
329,192,127502,1,0,0:0:0:0:
475,192,127588,1,0,0:0:0:0:
402,192,127675,1,0,0:0:0:0:
182,192,127761,128,0,127933:0:0:0:70:LR_DS - Snare Wet High.wav
256,192,127761,1,0,0:0:0:70:LR4_SnareKKF.wav
329,192,127761,1,0,0:0:0:0:
109,192,127933,128,0,128106:0:0:0:0:
36,192,128106,128,0,128450:0:0:0:0:
402,192,128106,128,0,128278:0:0:0:0:
329,192,128278,128,0,128450:0:0:0:0:
256,192,128450,1,0,0:0:0:70:LR_Kick Drop Wet Fast.wav
402,192,128450,1,0,0:0:0:0:
475,192,128450,1,0,0:0:0:0:
109,192,128623,128,0,128795:0:0:0:0:
182,192,128623,128,0,128795:0:0:0:0:
329,192,128795,128,0,129140:0:0:0:70:LR_Kick Drop Wet Fast.wav
402,192,128795,1,0,0:0:0:0:
475,192,128795,1,0,0:0:0:0:
109,192,128968,128,0,129140:0:0:0:0:
182,192,128968,128,0,129140:0:0:0:0:
36,192,129140,1,0,0:0:0:70:LR_DS - Snare Wet High.wav
256,192,129140,1,0,0:0:0:70:LR4_SnareKKF.wav
475,192,129140,1,0,0:0:0:0:
402,192,129312,1,0,0:0:0:0:
182,192,129485,128,0,129830:0:0:0:0:
402,192,129485,1,0,0:0:0:0:
402,192,129657,1,0,0:0:0:0:
36,192,129830,1,0,0:0:0:70:LR_Kick Drop Wet Fast.wav
329,192,129830,128,0,130175:0:0:0:0:
475,192,129830,128,0,130175:0:0:0:0:
109,192,130175,1,0,0:0:0:0:
256,192,130347,1,0,0:0:0:0:
36,192,130519,1,0,0:0:0:70:LR_DS - Snare Wet High.wav
402,192,130519,1,0,0:0:0:70:LR4_SnareKKF.wav
475,192,130519,1,0,0:0:0:0:
182,192,130692,128,0,130778:0:0:0:0:
329,192,130692,128,0,130778:0:0:0:0:
182,192,130864,128,0,130950:0:0:0:0:
329,192,130864,128,0,130950:0:0:0:0:
182,192,131037,128,0,131123:0:0:0:0:
329,192,131037,128,0,131123:0:0:0:0:
36,192,131209,1,0,0:0:0:70:LR_Kick Drop Wet Fast.wav
109,192,131209,1,0,0:0:0:0:
475,192,131209,1,0,0:0:0:0:
256,192,131381,128,0,131468:0:0:0:0:
402,192,131381,128,0,131468:0:0:0:0:
256,192,131554,128,0,131640:0:0:0:0:
402,192,131554,128,0,131640:0:0:0:0:
256,192,131726,128,0,131812:0:0:0:0:
402,192,131726,128,0,131812:0:0:0:0:
36,192,131899,1,0,0:0:0:70:LR_DS - Snare Wet High.wav
329,192,131899,1,0,0:0:0:70:LR4_SnareKKF.wav
475,192,131899,1,0,0:0:0:0:
109,192,132071,128,0,132157:0:0:0:0:
256,192,132071,128,0,132157:0:0:0:0:
182,192,132243,128,0,132330:0:0:0:0:
329,192,132243,128,0,132330:0:0:0:0:
256,192,132416,128,0,132502:0:0:0:0:
402,192,132416,128,0,132502:0:0:0:0:
36,192,132588,1,0,0:0:0:70:LR_Kick Drop Wet Fast.wav
329,192,132588,1,0,0:0:0:0:
475,192,132588,128,0,133278:0:0:0:0:
109,192,132675,1,0,0:0:0:0:
182,192,132761,1,0,0:0:0:0:
256,192,132847,1,0,0:0:0:0:
109,192,132933,1,0,0:0:0:0:
182,192,133019,1,0,0:0:0:0:
256,192,133106,1,0,0:0:0:0:
329,192,133192,1,0,0:0:0:0:
36,192,133278,1,0,0:0:0:70:LR_DS - Snare Wet High.wav
109,192,133278,1,0,0:0:0:70:LR4_SnareKKF.wav
402,192,133278,1,0,0:0:0:0:
182,192,133450,1,0,0:0:0:0:
329,192,133537,1,0,0:0:0:0:
182,192,133623,128,0,133795:0:0:0:0:
36,192,133795,1,0,0:0:0:70:LR_Kick Drop Wet Fast.wav
256,192,133795,1,0,0:0:0:0:
475,192,133795,128,0,134657:0:0:0:0:
402,192,133968,1,0,0:0:0:0:
329,192,134054,1,0,0:0:0:0:
256,192,134140,1,0,0:0:0:0:
182,192,134226,1,0,0:0:0:0:
36,192,134312,1,0,0:0:0:70:LR_Kick Drop Wet Fast.wav
109,192,134312,1,0,0:0:0:0:
402,192,134312,128,0,134657:0:0:0:0:
329,192,134399,1,0,0:0:0:0:
256,192,134485,1,0,0:0:0:0:
182,192,134571,1,0,0:0:0:0:
36,192,134657,128,0,135347:0:0:0:70:LR_DS - Snare Wet High.wav
109,192,134657,1,0,0:0:0:70:LR4_SnareKKF.wav
329,192,134657,1,0,0:0:0:0:
402,192,134830,1,0,0:0:0:0:
475,192,134916,1,0,0:0:0:0:
109,192,135002,128,0,135347:0:0:0:0:
256,192,135002,1,0,0:0:0:0:
329,192,135088,1,0,0:0:0:0:
402,192,135175,1,0,0:0:0:0:
475,192,135261,1,0,0:0:0:0:
182,192,135347,1,0,0:0:0:70:LR_Kick Drop Wet Fast.wav
256,192,135347,1,0,0:0:0:0:
329,192,135347,1,0,0:0:0:0:
402,192,135519,1,0,0:0:0:0:
256,192,135606,1,0,0:0:0:0:
36,192,135692,1,0,0:0:0:0:
109,192,135692,1,0,0:0:0:0:
36,192,135864,1,0,0:0:0:0:
109,192,135864,1,0,0:0:0:0:
182,192,136037,1,0,0:0:0:70:LR_DS - Snare Wet High.wav
329,192,136037,1,0,0:0:0:70:LR4_SnareKKF.wav
475,192,136037,1,0,0:0:0:0:
256,192,136209,128,0,136295:0:0:0:0:
402,192,136209,128,0,136295:0:0:0:0:
256,192,136381,128,0,136468:0:0:0:0:
402,192,136381,128,0,136468:0:0:0:0:
256,192,136554,128,0,136640:0:0:0:0:
402,192,136554,128,0,136640:0:0:0:0:
36,192,136726,1,0,0:0:0:70:LR_Kick Drop Wet Fast.wav
109,192,136726,1,0,0:0:0:0:
475,192,136726,1,0,0:0:0:0:
182,192,136899,128,0,136985:0:0:0:0:
329,192,136899,128,0,136985:0:0:0:0:
182,192,137071,128,0,137157:0:0:0:0:
329,192,137071,128,0,137157:0:0:0:0:
182,192,137243,128,0,137330:0:0:0:0:
329,192,137243,128,0,137330:0:0:0:0:
36,192,137416,1,0,0:0:0:70:LR_DS - Snare Wet High.wav
402,192,137416,1,0,0:0:0:70:LR4_SnareKKF.wav
475,192,137416,1,0,0:0:0:0:
109,192,137588,128,0,137675:0:0:0:0:
256,192,137588,128,0,137675:0:0:0:0:
109,192,137761,128,0,137847:0:0:0:0:
256,192,137761,128,0,137847:0:0:0:0:
109,192,137933,128,0,138019:0:0:0:0:
256,192,137933,128,0,138019:0:0:0:0:
36,192,138106,1,0,0:0:0:70:LR_Kick Drop Wet Fast.wav
402,192,138106,1,0,0:0:0:0:
475,192,138106,128,0,138795:0:0:0:0:
329,192,138192,1,0,0:0:0:0:
256,192,138278,1,0,0:0:0:0:
182,192,138364,1,0,0:0:0:0:
36,192,138450,128,0,138795:0:0:0:0:
109,192,138450,1,0,0:0:0:0:
182,192,138537,1,0,0:0:0:0:
256,192,138623,1,0,0:0:0:0:
329,192,138709,1,0,0:0:0:0:
109,192,138795,1,0,0:0:0:70:LR_DS - Snare Wet High.wav
182,192,138795,1,0,0:0:0:70:LR4_SnareKKF.wav
402,192,138795,1,0,0:0:0:0:
329,192,139140,128,0,139312:0:0:0:0:
36,192,139312,1,0,0:0:0:70:LR_Kick Drop Wet Fast.wav
109,192,139312,1,0,0:0:0:0:
182,192,139485,1,0,0:0:0:0:
402,192,139571,1,0,0:0:0:0:
256,192,139657,1,0,0:0:0:0:
475,192,139743,1,0,0:0:0:0:
36,192,139830,128,0,140175:0:0:0:0:
329,192,139830,1,0,0:0:0:0:
182,192,139916,1,0,0:0:0:0:
402,192,140002,1,0,0:0:0:0:
256,192,140088,1,0,0:0:0:0:
109,192,140175,1,0,0:0:0:70:LR_DS - Snare Wet High.wav
329,192,140175,1,0,0:0:0:70:LR4_SnareKKF.wav
475,192,140175,1,0,0:0:0:0:
402,192,140347,128,0,140864:0:0:0:0:
182,192,140519,1,0,0:0:0:0:
475,192,140519,128,0,140864:0:0:0:0:
329,192,140606,1,0,0:0:0:0:
182,192,140692,1,0,0:0:0:0:
329,192,140778,1,0,0:0:0:0:
36,192,140864,128,0,141209:0:0:0:70:LR_Kick Drop Wet Fast.wav
109,192,140864,128,0,141209:0:0:0:0:
256,192,140864,128,0,141209:0:0:0:0:
475,192,141209,1,0,0:0:0:0:
402,192,141295,1,0,0:0:0:0:
182,192,141381,1,0,0:0:0:0:
329,192,141381,1,0,0:0:0:0:
109,192,141468,1,0,0:0:0:0:
36,192,141554,1,0,0:0:0:70:LR_DS - Snare Wet High.wav
256,192,141554,1,0,0:0:0:70:LR4_SnareKKF.wav
475,192,141554,1,0,0:0:0:0:
109,192,141726,128,0,141812:0:0:0:0:
402,192,141726,128,0,141812:0:0:0:0:
109,192,141899,128,0,141985:0:0:0:0:
402,192,141899,128,0,141985:0:0:0:0:
109,192,142071,128,0,142157:0:0:0:0:
402,192,142071,128,0,142157:0:0:0:0:
182,192,142243,1,0,0:0:0:70:LR_Kick Drop Wet Fast.wav
256,192,142243,1,0,0:0:0:0:
329,192,142243,1,0,0:0:0:0:
36,192,142416,128,0,142502:0:0:0:0:
475,192,142416,128,0,142502:0:0:0:0:
36,192,142588,128,0,142675:0:0:0:0:
475,192,142588,128,0,142675:0:0:0:0:
36,192,142761,128,0,142847:0:0:0:0:
475,192,142761,128,0,142847:0:0:0:0:
109,192,142933,1,0,0:0:0:70:LR_DS - Snare Wet High.wav
256,192,142933,1,0,0:0:0:70:LR4_SnareKKF.wav
402,192,142933,1,0,0:0:0:0:
182,192,143106,128,0,143192:0:0:0:0:
329,192,143106,128,0,143192:0:0:0:0:
182,192,143278,128,0,143364:0:0:0:0:
329,192,143278,128,0,143364:0:0:0:0:
182,192,143450,128,0,143537:0:0:0:0:
329,192,143450,128,0,143537:0:0:0:0:
36,192,143623,1,0,0:0:0:70:normal-hitfinish.wav
256,192,143623,1,0,0:0:0:70:G2H.wav
475,192,143623,1,0,0:0:0:0:
