[Metadata]
Vindication
Laur
Madoka2574
Arcaea Adverse Prelude Dubstep Piano Artcore Orchestral
58
0.01



[TimingPoints]
175,344.827586206897,4,1,1,10,1,0
175,-125,4,1,1,10,0,0
11209,-111.111111111111,4,1,1,10,0,0
20864,-106.382978723404,4,1,1,10,0,0
21037,-102.040816326531,4,1,1,10,0,0
21209,-98.0392156862745,4,1,1,10,0,0
21381,-94.3396226415094,4,1,1,10,0,0
21554,-90.9090909090909,4,1,1,10,0,0
21726,-87.719298245614,4,1,1,10,0,0
21899,-84.7457627118644,4,1,1,10,0,0
22071,-81.9672131147541,4,1,1,10,0,0
22243,-100,4,1,1,45,0,0
44312,-102.040816326531,4,1,1,45,0,0
44485,-104.166666666667,4,1,1,45,0,0
44657,-106.382978723404,4,1,1,45,0,0
44830,-108.695652173913,4,1,1,45,0,0
45002,-111.111111111111,4,1,1,45,0,0
45175,-113.636363636364,4,1,1,45,0,0
45347,-116.279069767442,4,1,1,45,0,0
45519,-119.047619047619,4,1,1,45,0,0
45692,-121.951219512195,4,1,1,45,0,0
46037,-119.047619047619,4,1,1,45,0,0
46381,-116.279069767442,4,1,1,45,0,0
46726,-113.636363636364,4,1,1,45,0,0
47071,-111.111111111111,4,1,1,45,0,0
47416,-108.695652173913,4,1,1,45,0,0
47761,-106.382978723404,4,1,1,45,0,0
48106,-105.263157894737,4,1,1,45,0,0
48450,-104.166666666667,4,1,1,45,0,0
48795,-103.092783505155,4,1,1,45,0,0
49140,-102.040816326531,4,1,1,45,0,0
49485,-101.010101010101,4,1,1,45,0,0
49830,-100,4,1,1,45,0,0
54485,-500,4,1,1,45,0,0
54657,-333.333333333333,4,1,1,45,0,0
54830,-222.222222222222,4,1,1,45,0,0
54916,-166.666666666667,4,1,1,45,0,0
55002,-133.333333333333,4,1,1,45,0,0
55088,-111.111111111111,4,1,1,45,0,0
55175,-90.9090909090909,4,1,1,45,0,0
55261,-76.9230769230769,4,1,1,45,0,0
55347,-100,4,1,1,45,0,0
58106,-133.333333333333,4,1,1,45,0,0
58364,-57.1428571428571,4,1,1,45,0,0
58450,-200,4,1,1,45,0,0
58709,-50,4,1,1,45,0,0
58795,-100,4,1,1,45,0,0
67071,-45.4545454545455,4,1,1,45,0,0
67114,-166.666666666667,4,1,1,45,0,0
67243,-45.4545454545455,4,1,1,45,0,0
67287,-166.666666666667,4,1,1,45,0,0
67416,-45.4545454545455,4,1,1,45,0,0
67502,-166.666666666667,4,1,1,45,0,0
67761,-100,4,1,1,45,0,0
68106,-45.4545454545455,4,1,1,45,0,0
68149,-166.666666666667,4,1,1,45,0,0
68278,-45.4545454545455,4,1,1,45,0,0
68321,-166.666666666667,4,1,1,45,0,0
68450,-45.4545454545455,4,1,1,45,0,0
68493,-166.666666666667,4,1,1,45,0,0
68623,-100,4,1,1,45,0,0
68795,-45.4545454545455,4,1,1,45,0,0
68881,-166.666666666667,4,1,1,45,0,0
69140,-100,4,1,1,45,0,0
69830,-45.4545454545455,4,1,1,45,0,0
69873,-166.666666666667,4,1,1,45,0,0
70002,-45.4545454545455,4,1,1,45,0,0
70045,-166.666666666667,4,1,1,45,0,0
70175,-45.4545454545455,4,1,1,45,0,0
70261,-166.666666666667,4,1,1,45,0,0
70519,-66.6666666666667,4,1,1,45,0,0
70606,-200,4,1,1,45,0,0
70692,-100,4,1,1,45,0,0
70864,-66.6666666666667,4,1,1,45,0,0
70950,-200,4,1,1,45,0,0
71037,-100,4,1,1,45,0,0
72588,-45.4545454545455,4,1,1,45,0,0
72631,-166.666666666667,4,1,1,45,0,0
72761,-45.4545454545455,4,1,1,45,0,0
72804,-166.666666666667,4,1,1,45,0,0
72933,-45.4545454545455,4,1,1,45,0,0
72976,-166.666666666667,4,1,1,45,0,0
73106,-100,4,1,1,45,0,0
74140,-55.5555555555556,4,1,1,45,0,0
74183,-500,4,1,1,45,0,0
74226,-55.5555555555556,4,1,1,45,0,0
74269,-500,4,1,1,45,0,0
74312,-55.5555555555556,4,1,1,45,0,0
74356,-500,4,1,1,45,0,0
74399,-55.5555555555556,4,1,1,45,0,0
74442,-500,4,1,1,45,0,0
74485,-55.5555555555556,4,1,1,45,0,0
74528,-500,4,1,1,45,0,0
74571,-55.5555555555556,4,1,1,45,0,0
74614,-500,4,1,1,45,0,0
74657,-100,4,1,1,45,0,0
80175,-125,4,1,1,10,0,0
91209,-111.111111111111,4,1,1,10,0,0
100864,-100,4,1,1,10,0,0
102243,-100,4,1,1,45,0,1
124312,-66.6666666666667,4,1,1,45,0,0
124399,-200,4,1,1,45,0,0
124485,-100,4,1,1,45,0,0
124657,-66.6666666666667,4,1,1,45,0,0
124743,-200,4,1,1,45,0,0
124830,-100,4,1,1,45,0,0
125002,-50,4,1,1,45,0,1
125045,-100,4,1,1,45,0,1
125692,-66.6666666666667,4,1,1,45,0,1
125735,-100,4,1,1,45,0,1
126381,-50,4,1,1,45,0,1
126425,-100,4,1,1,45,0,1
127071,-100,4,1,1,45,0,0
129830,-133.333333333333,4,1,1,45,0,0
130088,-57.1428571428571,4,1,1,45,0,0
130175,-100,4,1,1,45,0,0
130519,-50,4,1,1,45,0,1
130562,-100,4,1,1,45,0,1
131209,-66.6666666666667,4,1,1,45,0,1
131252,-100,4,1,1,45,0,1
131899,-50,4,1,1,45,0,1
131942,-100,4,1,1,45,0,1
132588,-100,4,1,1,45,0,0
133623,-200,4,1,1,45,0,0
133709,-66.6666666666667,4,1,1,45,0,0
133795,-100,4,1,1,45,0,0
135347,-66.6666666666667,4,1,1,45,0,0
135433,-200,4,1,1,45,0,0
135519,-100,4,1,1,45,0,0
135692,-66.6666666666667,4,1,1,45,0,0
135778,-200,4,1,1,45,0,0
135864,-66.6666666666667,4,1,1,45,0,0
135950,-200,4,1,1,45,0,0
136037,-50,4,1,1,45,0,1
136080,-100,4,1,1,45,0,1
136726,-66.6666666666667,4,1,1,45,0,1
136769,-100,4,1,1,45,0,1
137416,-50,4,1,1,45,0,1
137459,-100,4,1,1,45,0,1
138106,-100,4,1,1,45,0,0
139485,-55.5555555555556,4,1,1,45,0,0
139528,-500,4,1,1,45,0,0
139571,-55.5555555555556,4,1,1,45,0,0
139614,-500,4,1,1,45,0,0
139657,-55.5555555555556,4,1,1,45,0,0
139700,-500,4,1,1,45,0,0
139743,-55.5555555555556,4,1,1,45,0,0
139787,-500,4,1,1,45,0,0
139830,-55.5555555555556,4,1,1,45,0,0
139873,-500,4,1,1,45,0,0
139916,-55.5555555555556,4,1,1,45,0,0
139959,-500,4,1,1,45,0,0
140002,-55.5555555555556,4,1,1,45,0,0
140045,-500,4,1,1,45,0,0
140088,-55.5555555555556,4,1,1,45,0,0
140131,-500,4,1,1,45,0,0
140175,-66.6666666666667,4,1,1,45,0,0
140261,-200,4,1,1,45,0,0
140347,-55.5555555555556,4,1,1,45,0,0
140390,-500,4,1,1,45,0,0
140433,-55.5555555555556,4,1,1,45,0,0
140476,-500,4,1,1,45,0,0
140519,-55.5555555555556,4,1,1,45,0,0
140562,-500,4,1,1,45,0,0
140606,-55.5555555555556,4,1,1,45,0,0
140649,-500,4,1,1,45,0,0
140692,-55.5555555555556,4,1,1,45,0,0
140735,-500,4,1,1,45,0,0
140778,-55.5555555555556,4,1,1,45,0,0
140821,-500,4,1,1,45,0,0
140864,-100,4,1,1,45,0,0
141209,-66.6666666666667,4,1,1,45,0,0
141252,-200,4,1,1,45,0,0
141295,-66.6666666666667,4,1,1,45,0,0
141338,-200,4,1,1,45,0,0
141381,-66.6666666666667,4,1,1,45,0,0
141425,-200,4,1,1,45,0,0
141468,-66.6666666666667,4,1,1,45,0,0
141511,-200,4,1,1,45,0,0
141554,-50,4,1,1,45,0,1
141597,-100,4,1,1,45,0,1
142243,-66.6666666666667,4,1,1,45,0,1
142287,-100,4,1,1,45,0,1
142933,-50,4,1,1,45,0,1
142976,-100,4,1,1,45,0,1
143623,-100,4,1,1,45,0,0


[HitObjects]
36,192,175,5,0,0:0:0:0:
182,192,175,1,0,0:0:0:0:
329,192,175,1,0,0:0:0:0:
402,192,218,1,0,0:0:0:0:
475,192,261,1,0,0:0:0:0:
36,192,864,1,0,0:0:0:0:
109,192,1037,1,0,0:0:0:0:
182,192,1209,1,0,0:0:0:0:
256,192,1381,1,0,0:0:0:0:
329,192,1554,1,0,0:0:0:0:
475,192,1554,1,0,0:0:0:0:
36,192,1726,1,0,0:0:0:0:
256,192,1899,1,0,0:0:0:0:
402,192,1899,1,0,0:0:0:0:
36,192,2071,1,0,0:0:0:0:
182,192,2243,1,0,0:0:0:0:
329,192,2243,1,0,0:0:0:0:
36,192,2416,1,0,0:0:0:0:
109,192,2588,1,0,0:0:0:0:
256,192,2588,1,0,0:0:0:0:
36,192,2761,1,0,0:0:0:0:
109,192,2933,1,0,0:0:0:0:
329,192,2933,1,0,0:0:0:0:
475,192,2933,1,0,0:0:0:0:
256,192,2976,1,0,0:0:0:0:
402,192,3019,1,0,0:0:0:0:
182,192,3278,1,0,0:0:0:0:
329,192,3450,1,0,0:0:0:0:
475,192,3450,1,0,0:0:0:0:
402,192,3795,1,0,0:0:0:0:
109,192,3968,1,0,0:0:0:0:
256,192,3968,1,0,0:0:0:0:
182,192,4140,1,0,0:0:0:0:
36,192,4312,1,0,0:0:0:0:
109,192,4312,1,0,0:0:0:0:
402,192,4442,1,0,0:0:0:0:
475,192,4485,1,0,0:0:0:0:
329,192,4657,1,0,0:0:0:0:
182,192,4830,1,0,0:0:0:0:
36,192,5002,1,0,0:0:0:0:
256,192,5002,1,0,0:0:0:0:
475,192,5175,1,0,0:0:0:0:
109,192,5347,1,0,0:0:0:0:
329,192,5347,1,0,0:0:0:0:
402,192,5519,1,0,0:0:0:0:
182,192,5692,1,0,0:0:0:0:
329,192,5692,1,0,0:0:0:0:
475,192,5692,1,0,0:0:0:0:
36,192,5735,1,0,0:0:0:0:
256,192,5778,1,0,0:0:0:0:
475,192,6381,1,0,0:0:0:0:
109,192,6554,1,0,0:0:0:0:
256,192,6726,1,0,0:0:0:0:
402,192,6899,1,0,0:0:0:0:
36,192,7071,1,0,0:0:0:0:
182,192,7071,1,0,0:0:0:0:
475,192,7243,1,0,0:0:0:0:
109,192,7416,1,0,0:0:0:0:
256,192,7416,1,0,0:0:0:0:
475,192,7588,1,0,0:0:0:0:
256,192,7761,1,0,0:0:0:0:
402,192,7761,1,0,0:0:0:0:
475,192,7933,1,0,0:0:0:0:
182,192,8106,1,0,0:0:0:0:
329,192,8106,1,0,0:0:0:0:
475,192,8278,1,0,0:0:0:0:
36,192,8450,1,0,0:0:0:0:
329,192,8450,1,0,0:0:0:0:
402,192,8450,1,0,0:0:0:0:
109,192,8472,1,0,0:0:0:0:
256,192,8493,1,0,0:0:0:0:
329,192,8795,1,0,0:0:0:0:
36,192,8968,1,0,0:0:0:0:
182,192,8968,1,0,0:0:0:0:
475,192,8968,1,0,0:0:0:0:
256,192,9140,1,0,0:0:0:0:
36,192,9312,1,0,0:0:0:0:
329,192,9312,1,0,0:0:0:0:
109,192,9485,1,0,0:0:0:0:
402,192,9485,1,0,0:0:0:0:
182,192,9657,1,0,0:0:0:0:
475,192,9657,1,0,0:0:0:0:
36,192,9830,1,0,0:0:0:0:
402,192,9830,1,0,0:0:0:0:
475,192,9830,1,0,0:0:0:0:
256,192,9851,1,0,0:0:0:0:
329,192,9873,1,0,0:0:0:0:
109,192,9894,1,0,0:0:0:0:
36,192,10519,1,0,0:0:0:0:
182,192,10692,1,0,0:0:0:0:
329,192,10864,1,0,0:0:0:0:
36,192,11209,128,0,13968:0:0:0:0:
329,192,11209,1,0,0:0:0:0:
475,192,11209,1,0,0:0:0:0:
182,192,11231,1,0,0:0:0:0:
256,192,11381,1,0,0:0:0:0:
402,192,11381,1,0,0:0:0:0:
182,192,11554,1,0,0:0:0:0:
329,192,11554,1,0,0:0:0:0:
109,192,11726,1,0,0:0:0:0:
256,192,11726,1,0,0:0:0:0:
475,192,11899,1,0,0:0:0:0:
109,192,12071,1,0,0:0:0:0:
329,192,12071,1,0,0:0:0:0:
182,192,12243,1,0,0:0:0:0:
402,192,12243,1,0,0:0:0:0:
256,192,12416,1,0,0:0:0:0:
475,192,12416,1,0,0:0:0:0:
329,192,12588,1,0,0:0:0:0:
402,192,12588,1,0,0:0:0:0:
182,192,12933,1,0,0:0:0:0:
256,192,12933,1,0,0:0:0:0:
109,192,13278,128,0,13968:0:0:0:0:
329,192,13278,1,0,0:0:0:0:
475,192,13278,1,0,0:0:0:0:
182,192,13450,1,0,0:0:0:0:
256,192,13623,1,0,0:0:0:0:
402,192,13623,1,0,0:0:0:0:
475,192,13795,1,0,0:0:0:0:
182,192,13968,1,0,0:0:0:0:
329,192,13968,1,0,0:0:0:0:
402,192,13989,1,0,0:0:0:0:
475,192,14011,128,0,16037:0:0:0:0:
36,192,14485,128,0,18795:0:0:0:0:
109,192,14485,1,0,0:0:0:0:
256,192,14485,1,0,0:0:0:0:
182,192,15002,1,0,0:0:0:0:
329,192,15175,1,0,0:0:0:0:
256,192,15347,1,0,0:0:0:0:
402,192,15347,1,0,0:0:0:0:
182,192,15476,1,0,0:0:0:0:
109,192,15519,1,0,0:0:0:0:
402,192,15864,1,0,0:0:0:0:
109,192,16037,1,0,0:0:0:0:
329,192,16037,128,0,16726:0:0:0:0:
182,192,16209,1,0,0:0:0:0:
256,192,16381,1,0,0:0:0:0:
475,192,16381,1,0,0:0:0:0:
109,192,16726,1,0,0:0:0:0:
402,192,16726,1,0,0:0:0:0:
475,192,16726,128,0,19485:0:0:0:0:
182,192,16748,1,0,0:0:0:0:
256,192,16769,1,0,0:0:0:0:
329,192,16899,1,0,0:0:0:0:
109,192,17071,1,0,0:0:0:0:
182,192,17243,1,0,0:0:0:0:
256,192,17416,1,0,0:0:0:0:
402,192,17588,1,0,0:0:0:0:
329,192,17761,1,0,0:0:0:0:
256,192,17933,1,0,0:0:0:0:
182,192,18106,1,0,0:0:0:0:
329,192,18106,1,0,0:0:0:0:
109,192,18450,1,0,0:0:0:0:
256,192,18450,1,0,0:0:0:0:
182,192,18795,1,0,0:0:0:0:
256,192,18795,128,0,19485:0:0:0:0:
329,192,18795,1,0,0:0:0:0:
109,192,18968,1,0,0:0:0:0:
329,192,19140,1,0,0:0:0:0:
402,192,19140,1,0,0:0:0:0:
182,192,19312,1,0,0:0:0:0:
36,192,19485,128,0,22157:0:0:0:0:
109,192,19485,1,0,0:0:0:0:
182,192,19485,1,0,0:0:0:0:
329,192,19506,1,0,0:0:0:0:
402,192,19528,1,0,0:0:0:0:
182,192,19830,1,0,0:0:0:0:
329,192,20002,1,0,0:0:0:0:
475,192,20002,1,0,0:0:0:0:
182,192,20347,1,0,0:0:0:0:
402,192,20347,1,0,0:0:0:0:
109,192,20519,1,0,0:0:0:0:
329,192,20519,1,0,0:0:0:0:
256,192,20692,1,0,0:0:0:0:
182,192,20864,1,0,0:0:0:0:
329,192,20864,1,0,0:0:0:0:
475,192,20864,128,0,22157:0:0:0:0:
109,192,21209,1,0,0:0:0:0:
182,192,21209,1,0,0:0:0:0:
329,192,21381,1,0,0:0:0:0:
402,192,21381,1,0,0:0:0:0:
256,192,21554,128,0,22157:0:0:0:0:
109,192,21899,128,0,22157:0:0:0:0:
402,192,21899,128,0,22157:0:0:0:0:
36,192,22243,5,0,0:0:0:70:normal-hitfinish.wav
109,192,22243,1,0,0:0:0:50:LR5_Kick Bass Heavy.wav
256,192,22243,1,0,0:0:0:0:
402,192,22243,1,0,0:0:0:0:
475,192,22243,1,0,0:0:0:0:
182,192,22416,128,0,22502:0:0:0:0:
329,192,22416,128,0,22502:0:0:0:0:
36,192,22588,1,0,0:0:0:0:
256,192,22588,128,0,22675:0:0:0:0:
402,192,22588,128,0,22675:0:0:0:0:
182,192,22675,1,0,0:0:0:0:
109,192,22761,1,0,0:0:0:0:
329,192,22761,128,0,22847:0:0:0:0:
475,192,22761,128,0,22847:0:0:0:0:
36,192,22847,1,0,0:0:0:0:
182,192,22933,1,0,0:0:0:50:LR5_Kick Bass Heavy.wav
256,192,22933,1,0,0:0:0:0:
402,192,22933,1,0,0:0:0:0:
475,192,22933,1,0,0:0:0:0:
36,192,23106,128,0,23192:0:0:0:0:
109,192,23106,128,0,23192:0:0:0:0:
329,192,23106,1,0,0:0:0:0:
182,192,23192,1,0,0:0:0:0:
329,192,23278,1,0,0:0:0:0:
402,192,23278,128,0,23364:0:0:0:0:
475,192,23278,128,0,23364:0:0:0:0:
109,192,23364,1,0,0:0:0:0:
36,192,23450,1,0,0:0:0:0:
256,192,23450,1,0,0:0:0:0:
402,192,23537,1,0,0:0:0:0:
36,192,23623,128,0,23709:0:0:0:50:LR5_Kick Bass Heavy.wav
182,192,23623,128,0,23709:0:0:0:0:
329,192,23623,1,0,0:0:0:0:
475,192,23623,1,0,0:0:0:0:
109,192,23795,1,0,0:0:0:0:
329,192,23795,128,0,23881:0:0:0:0:
475,192,23795,128,0,23881:0:0:0:0:
182,192,23881,1,0,0:0:0:0:
36,192,23968,1,0,0:0:0:0:
256,192,23968,1,0,0:0:0:0:
475,192,24054,1,0,0:0:0:0:
182,192,24140,1,0,0:0:0:0:
329,192,24140,1,0,0:0:0:0:
36,192,24312,1,0,0:0:0:0:
402,192,24312,128,0,24399:0:0:0:0:
475,192,24312,128,0,24399:0:0:0:0:
182,192,24399,1,0,0:0:0:0:
36,192,24485,1,0,0:0:0:0:
329,192,24485,1,0,0:0:0:0:
182,192,24571,1,0,0:0:0:0:
36,192,24657,128,0,24743:0:0:0:50:LR5_Kick Bass Heavy.wav
109,192,24657,128,0,24743:0:0:0:0:
256,192,24657,1,0,0:0:0:0:
475,192,24657,1,0,0:0:0:0:
329,192,24743,1,0,0:0:0:0:
182,192,24830,1,0,0:0:0:0:
475,192,24830,1,0,0:0:0:0:
329,192,24916,1,0,0:0:0:0:
36,192,25002,1,0,0:0:0:50:LR5_Kick Bass Heavy.wav
109,192,25002,1,0,0:0:0:0:
256,192,25002,128,0,25088:0:0:0:0:
475,192,25002,128,0,25088:0:0:0:0:
36,192,25175,1,0,0:0:0:0:
182,192,25175,128,0,25261:0:0:0:0:
402,192,25175,128,0,25261:0:0:0:0:
256,192,25261,1,0,0:0:0:0:
109,192,25347,128,0,25433:0:0:0:0:
329,192,25347,128,0,25433:0:0:0:0:
475,192,25347,1,0,0:0:0:0:
402,192,25433,1,0,0:0:0:0:
36,192,25519,128,0,25606:0:0:0:0:
182,192,25519,1,0,0:0:0:0:
256,192,25519,128,0,25606:0:0:0:0:
329,192,25606,1,0,0:0:0:0:
109,192,25692,1,0,0:0:0:0:
402,192,25692,1,0,0:0:0:0:
475,192,25692,1,0,0:0:0:0:
182,192,25778,1,0,0:0:0:0:
36,192,25864,1,0,0:0:0:0:
256,192,25864,128,0,25950:0:0:0:0:
402,192,25864,128,0,25950:0:0:0:0:
109,192,25950,1,0,0:0:0:0:
36,192,26037,1,0,0:0:0:50:LR5_Kick Bass Heavy.wav
182,192,26037,1,0,0:0:0:0:
329,192,26037,128,0,26123:0:0:0:0:
475,192,26037,128,0,26123:0:0:0:0:
109,192,26209,1,0,0:0:0:0:
256,192,26209,1,0,0:0:0:0:
329,192,26295,1,0,0:0:0:0:
36,192,26381,128,0,26468:0:0:0:50:LR5_Kick Bass Heavy.wav
109,192,26381,128,0,26468:0:0:0:0:
402,192,26381,1,0,0:0:0:0:
475,192,26381,1,0,0:0:0:0:
182,192,26554,1,0,0:0:0:0:
402,192,26554,128,0,26640:0:0:0:0:
475,192,26554,128,0,26640:0:0:0:0:
109,192,26640,1,0,0:0:0:0:
36,192,26726,1,0,0:0:0:0:
329,192,26726,1,0,0:0:0:0:
256,192,26812,1,0,0:0:0:0:
182,192,26899,1,0,0:0:0:0:
475,192,26899,1,0,0:0:0:0:
402,192,26985,1,0,0:0:0:0:
36,192,27071,1,0,0:0:0:0:
182,192,27071,128,0,27157:0:0:0:0:
329,192,27071,128,0,27157:0:0:0:0:
256,192,27157,1,0,0:0:0:0:
109,192,27243,1,0,0:0:0:0:
402,192,27243,1,0,0:0:0:0:
182,192,27330,1,0,0:0:0:0:
36,192,27416,128,0,27675:0:0:0:0:
256,192,27416,128,0,27502:0:0:0:0:
402,192,27416,128,0,27502:0:0:0:0:
475,192,27416,128,0,27675:0:0:0:0:
109,192,27502,1,0,0:0:0:0:
182,192,27588,1,0,0:0:0:0:
329,192,27588,1,0,0:0:0:0:
402,192,27675,1,0,0:0:0:0:
36,192,27761,1,0,0:0:0:70:normal-hitfinish.wav
109,192,27761,1,0,0:0:0:50:LR5_Kick Bass Heavy.wav
256,192,27761,1,0,0:0:0:0:
329,192,27761,1,0,0:0:0:0:
475,192,27761,1,0,0:0:0:0:
182,192,27933,128,0,28019:0:0:0:0:
329,192,27933,128,0,28019:0:0:0:0:
36,192,28106,1,0,0:0:0:0:
256,192,28106,128,0,28192:0:0:0:0:
402,192,28106,128,0,28192:0:0:0:0:
109,192,28192,1,0,0:0:0:0:
182,192,28278,1,0,0:0:0:0:
329,192,28278,128,0,28364:0:0:0:0:
475,192,28278,128,0,28364:0:0:0:0:
109,192,28364,1,0,0:0:0:0:
36,192,28450,1,0,0:0:0:50:LR5_Kick Bass Heavy.wav
256,192,28450,1,0,0:0:0:0:
329,192,28450,1,0,0:0:0:0:
475,192,28450,1,0,0:0:0:0:
182,192,28623,128,0,28709:0:0:0:0:
256,192,28623,128,0,28709:0:0:0:0:
402,192,28623,1,0,0:0:0:0:
329,192,28709,1,0,0:0:0:0:
109,192,28795,1,0,0:0:0:0:
402,192,28795,128,0,28881:0:0:0:0:
475,192,28795,128,0,28881:0:0:0:0:
256,192,28881,1,0,0:0:0:0:
109,192,28968,1,0,0:0:0:0:
256,192,29054,1,0,0:0:0:0:
36,192,29140,1,0,0:0:0:50:LR5_Kick Bass Heavy.wav
109,192,29140,1,0,0:0:0:0:
329,192,29140,128,0,29226:0:0:0:0:
402,192,29140,128,0,29226:0:0:0:0:
36,192,29312,128,0,29399:0:0:0:0:
109,192,29312,128,0,29399:0:0:0:0:
475,192,29312,1,0,0:0:0:0:
256,192,29399,1,0,0:0:0:0:
182,192,29485,1,0,0:0:0:0:
402,192,29485,1,0,0:0:0:0:
329,192,29571,1,0,0:0:0:0:
36,192,29657,1,0,0:0:0:0:
256,192,29657,1,0,0:0:0:0:
109,192,29830,128,0,29916:0:0:0:0:
182,192,29830,128,0,29916:0:0:0:0:
329,192,29830,1,0,0:0:0:0:
475,192,29916,1,0,0:0:0:0:
109,192,30002,1,0,0:0:0:0:
329,192,30002,1,0,0:0:0:0:
475,192,30088,1,0,0:0:0:0:
36,192,30175,1,0,0:0:0:50:LR5_Kick Bass Heavy.wav
182,192,30175,128,0,30261:0:0:0:0:
256,192,30175,128,0,30261:0:0:0:0:
329,192,30175,1,0,0:0:0:0:
109,192,30347,1,0,0:0:0:0:
402,192,30347,1,0,0:0:0:0:
256,192,30433,1,0,0:0:0:0:
36,192,30519,1,0,0:0:0:50:LR5_Kick Bass Heavy.wav
182,192,30519,1,0,0:0:0:0:
402,192,30519,128,0,30606:0:0:0:0:
475,192,30519,128,0,30606:0:0:0:0:
109,192,30692,1,0,0:0:0:0:
256,192,30692,128,0,30778:0:0:0:0:
329,192,30692,128,0,30778:0:0:0:0:
182,192,30778,1,0,0:0:0:0:
329,192,30864,128,0,30950:0:0:0:0:
402,192,30864,128,0,30950:0:0:0:0:
109,192,30950,1,0,0:0:0:0:
36,192,31037,1,0,0:0:0:0:
402,192,31037,128,0,31123:0:0:0:0:
475,192,31037,128,0,31123:0:0:0:0:
182,192,31123,1,0,0:0:0:0:
109,192,31209,1,0,0:0:0:0:
329,192,31209,1,0,0:0:0:0:
475,192,31209,1,0,0:0:0:0:
36,192,31295,1,0,0:0:0:0:
182,192,31381,128,0,31468:0:0:0:0:
256,192,31381,128,0,31468:0:0:0:0:
475,192,31381,1,0,0:0:0:0:
329,192,31468,1,0,0:0:0:0:
36,192,31554,128,0,31640:0:0:0:50:LR5_Kick Bass Heavy.wav
109,192,31554,128,0,31640:0:0:0:0:
256,192,31554,1,0,0:0:0:0:
402,192,31554,1,0,0:0:0:0:
182,192,31726,1,0,0:0:0:0:
475,192,31726,1,0,0:0:0:0:
329,192,31812,1,0,0:0:0:0:
36,192,31899,128,0,31985:0:0:0:50:LR5_Kick Bass Heavy.wav
109,192,31899,128,0,31985:0:0:0:0:
256,192,31899,1,0,0:0:0:0:
475,192,31899,1,0,0:0:0:0:
182,192,32071,1,0,0:0:0:0:
329,192,32071,128,0,32157:0:0:0:0:
402,192,32071,128,0,32157:0:0:0:0:
36,192,32157,1,0,0:0:0:0:
256,192,32243,1,0,0:0:0:0:
475,192,32243,1,0,0:0:0:0:
109,192,32330,1,0,0:0:0:0:
329,192,32416,1,0,0:0:0:0:
402,192,32416,1,0,0:0:0:0:
182,192,32502,1,0,0:0:0:0:
109,192,32588,128,0,32675:0:0:0:0:
256,192,32588,128,0,32675:0:0:0:0:
475,192,32588,1,0,0:0:0:0:
329,192,32675,1,0,0:0:0:0:
36,192,32761,1,0,0:0:0:0:
402,192,32761,1,0,0:0:0:0:
256,192,32847,1,0,0:0:0:0:
36,192,32933,128,0,33019:0:0:0:0:
182,192,32933,128,0,33019:0:0:0:0:
475,192,32933,1,0,0:0:0:0:
402,192,33019,1,0,0:0:0:0:
109,192,33106,1,0,0:0:0:0:
256,192,33106,1,0,0:0:0:0:
402,192,33192,1,0,0:0:0:0:
36,192,33278,1,0,0:0:0:70:normal-hitfinish.wav
109,192,33278,1,0,0:0:0:50:LR5_Kick Bass Heavy.wav
182,192,33278,1,0,0:0:0:0:
329,192,33278,1,0,0:0:0:0:
475,192,33278,1,0,0:0:0:0:
256,192,33450,128,0,33537:0:0:0:0:
402,192,33450,128,0,33537:0:0:0:0:
182,192,33623,128,0,33709:0:0:0:0:
329,192,33623,128,0,33709:0:0:0:0:
475,192,33623,1,0,0:0:0:0:
36,192,33709,1,0,0:0:0:0:
109,192,33795,128,0,33881:0:0:0:0:
256,192,33795,128,0,33881:0:0:0:0:
402,192,33795,1,0,0:0:0:0:
329,192,33881,1,0,0:0:0:0:
36,192,33968,1,0,0:0:0:50:LR5_Kick Bass Heavy.wav
109,192,33968,1,0,0:0:0:0:
256,192,33968,1,0,0:0:0:0:
475,192,33968,1,0,0:0:0:0:
182,192,34140,1,0,0:0:0:0:
402,192,34140,128,0,34226:0:0:0:0:
475,192,34140,128,0,34226:0:0:0:0:
256,192,34226,1,0,0:0:0:0:
36,192,34312,128,0,34399:0:0:0:0:
109,192,34312,128,0,34399:0:0:0:0:
329,192,34312,1,0,0:0:0:0:
475,192,34399,1,0,0:0:0:0:
182,192,34485,1,0,0:0:0:0:
402,192,34485,1,0,0:0:0:0:
109,192,34571,1,0,0:0:0:0:
36,192,34657,1,0,0:0:0:50:LR5_Kick Bass Heavy.wav
256,192,34657,1,0,0:0:0:0:
329,192,34657,128,0,34743:0:0:0:0:
475,192,34657,128,0,34743:0:0:0:0:
36,192,34830,128,0,34916:0:0:0:0:
182,192,34830,128,0,34916:0:0:0:0:
402,192,34830,1,0,0:0:0:0:
329,192,34916,1,0,0:0:0:0:
256,192,35002,1,0,0:0:0:0:
475,192,35002,1,0,0:0:0:0:
109,192,35088,1,0,0:0:0:0:
182,192,35175,1,0,0:0:0:0:
329,192,35175,1,0,0:0:0:0:
36,192,35347,128,0,35433:0:0:0:0:
109,192,35347,128,0,35433:0:0:0:0:
475,192,35347,1,0,0:0:0:0:
329,192,35433,1,0,0:0:0:0:
182,192,35519,1,0,0:0:0:0:
402,192,35519,1,0,0:0:0:0:
256,192,35606,1,0,0:0:0:0:
36,192,35692,1,0,0:0:0:50:LR5_Kick Bass Heavy.wav
109,192,35692,1,0,0:0:0:0:
402,192,35692,128,0,35778:0:0:0:0:
475,192,35692,128,0,35778:0:0:0:0:
182,192,35864,1,0,0:0:0:0:
329,192,35864,1,0,0:0:0:0:
109,192,35950,1,0,0:0:0:0:
36,192,36037,128,0,36123:0:0:0:50:LR5_Kick Bass Heavy.wav
256,192,36037,1,0,0:0:0:0:
402,192,36037,1,0,0:0:0:0:
475,192,36037,128,0,36123:0:0:0:0:
109,192,36209,1,0,0:0:0:0:
329,192,36209,1,0,0:0:0:0:
256,192,36295,1,0,0:0:0:0:
182,192,36381,1,0,0:0:0:0:
402,192,36381,1,0,0:0:0:0:
36,192,36468,1,0,0:0:0:0:
109,192,36554,1,0,0:0:0:0:
329,192,36554,128,0,36640:0:0:0:0:
475,192,36554,128,0,36640:0:0:0:0:
256,192,36640,1,0,0:0:0:0:
36,192,36726,1,0,0:0:0:0:
182,192,36726,1,0,0:0:0:0:
402,192,36726,1,0,0:0:0:0:
329,192,36812,1,0,0:0:0:0:
109,192,36899,1,0,0:0:0:0:
475,192,36899,1,0,0:0:0:0:
256,192,36985,1,0,0:0:0:0:
36,192,37071,1,0,0:0:0:50:LR5_Kick Bass Heavy.wav
182,192,37071,1,0,0:0:0:0:
329,192,37071,128,0,37157:0:0:0:0:
475,192,37071,128,0,37157:0:0:0:0:
109,192,37243,1,0,0:0:0:0:
402,192,37243,1,0,0:0:0:0:
36,192,37416,1,0,0:0:0:50:LR5_Kick Bass Heavy.wav
182,192,37416,1,0,0:0:0:0:
329,192,37416,1,0,0:0:0:0:
475,192,37416,1,0,0:0:0:0:
36,192,37588,128,0,37675:0:0:0:0:
256,192,37588,128,0,37675:0:0:0:0:
402,192,37588,1,0,0:0:0:0:
475,192,37675,1,0,0:0:0:0:
109,192,37761,1,0,0:0:0:0:
329,192,37761,1,0,0:0:0:0:
182,192,37847,1,0,0:0:0:0:
256,192,37933,1,0,0:0:0:0:
475,192,37933,1,0,0:0:0:0:
36,192,38019,1,0,0:0:0:0:
109,192,38106,1,0,0:0:0:0:
182,192,38106,128,0,38192:0:0:0:0:
402,192,38106,128,0,38192:0:0:0:0:
256,192,38192,1,0,0:0:0:0:
36,192,38278,1,0,0:0:0:0:
329,192,38278,1,0,0:0:0:0:
402,192,38364,1,0,0:0:0:0:
109,192,38450,1,0,0:0:0:0:
256,192,38450,128,0,38537:0:0:0:0:
475,192,38450,128,0,38537:0:0:0:0:
182,192,38537,1,0,0:0:0:0:
109,192,38623,1,0,0:0:0:0:
402,192,38623,1,0,0:0:0:0:
329,192,38709,1,0,0:0:0:0:
36,192,38795,1,0,0:0:0:70:normal-hitfinish.wav
182,192,38795,1,0,0:0:0:50:LR5_Kick Bass Heavy.wav
256,192,38795,1,0,0:0:0:0:
402,192,38795,1,0,0:0:0:0:
475,192,38795,1,0,0:0:0:0:
109,192,38968,128,0,39054:0:0:0:0:
256,192,38968,128,0,39054:0:0:0:0:
182,192,39140,128,0,39226:0:0:0:0:
329,192,39140,128,0,39226:0:0:0:0:
402,192,39140,1,0,0:0:0:0:
475,192,39226,1,0,0:0:0:0:
36,192,39312,1,0,0:0:0:0:
256,192,39312,128,0,39399:0:0:0:0:
402,192,39312,128,0,39399:0:0:0:0:
109,192,39399,1,0,0:0:0:0:
36,192,39485,128,0,39571:0:0:0:50:LR5_Kick Bass Heavy.wav
182,192,39485,128,0,39571:0:0:0:0:
329,192,39485,1,0,0:0:0:0:
475,192,39485,1,0,0:0:0:0:
256,192,39571,1,0,0:0:0:0:
109,192,39657,1,0,0:0:0:0:
329,192,39657,128,0,39743:0:0:0:0:
475,192,39657,128,0,39743:0:0:0:0:
36,192,39743,1,0,0:0:0:0:
109,192,39830,128,0,39916:0:0:0:0:
256,192,39830,128,0,39916:0:0:0:0:
402,192,39830,1,0,0:0:0:0:
475,192,39916,1,0,0:0:0:0:
329,192,40002,1,0,0:0:0:0:
256,192,40088,1,0,0:0:0:0:
109,192,40175,128,0,40261:0:0:0:50:LR5_Kick Bass Heavy.wav
182,192,40175,1,0,0:0:0:0:
402,192,40175,128,0,40261:0:0:0:0:
475,192,40175,1,0,0:0:0:0:
36,192,40347,128,0,40433:0:0:0:0:
256,192,40347,1,0,0:0:0:0:
329,192,40347,128,0,40433:0:0:0:0:
475,192,40433,1,0,0:0:0:0:
36,192,40519,1,0,0:0:0:0:
182,192,40519,1,0,0:0:0:0:
329,192,40606,1,0,0:0:0:0:
109,192,40692,1,0,0:0:0:0:
475,192,40692,1,0,0:0:0:0:
256,192,40864,1,0,0:0:0:0:
329,192,40864,128,0,40950:0:0:0:0:
402,192,40864,128,0,40950:0:0:0:0:
109,192,40950,1,0,0:0:0:0:
182,192,41037,1,0,0:0:0:0:
475,192,41037,1,0,0:0:0:0:
36,192,41123,1,0,0:0:0:0:
109,192,41209,1,0,0:0:0:50:LR5_Kick Bass Heavy.wav
256,192,41209,1,0,0:0:0:0:
402,192,41209,128,0,41295:0:0:0:0:
475,192,41209,128,0,41295:0:0:0:0:
36,192,41381,1,0,0:0:0:0:
329,192,41381,1,0,0:0:0:0:
182,192,41468,1,0,0:0:0:0:
36,192,41554,128,0,41640:0:0:0:50:LR5_Kick Bass Heavy.wav
109,192,41554,128,0,41640:0:0:0:0:
329,192,41554,1,0,0:0:0:0:
475,192,41554,1,0,0:0:0:0:
109,192,41726,128,0,41812:0:0:0:0:
182,192,41726,128,0,41812:0:0:0:0:
402,192,41726,1,0,0:0:0:0:
329,192,41812,1,0,0:0:0:0:
182,192,41899,128,0,41985:0:0:0:0:
256,192,41899,128,0,41985:0:0:0:0:
475,192,41899,1,0,0:0:0:0:
402,192,41985,1,0,0:0:0:0:
109,192,42071,1,0,0:0:0:0:
256,192,42071,128,0,42157:0:0:0:0:
329,192,42071,128,0,42157:0:0:0:0:
36,192,42157,1,0,0:0:0:0:
109,192,42243,128,0,42330:0:0:0:0:
182,192,42243,128,0,42330:0:0:0:0:
402,192,42243,1,0,0:0:0:0:
475,192,42330,1,0,0:0:0:0:
36,192,42416,1,0,0:0:0:0:
256,192,42416,128,0,42502:0:0:0:0:
329,192,42416,128,0,42502:0:0:0:0:
182,192,42502,1,0,0:0:0:0:
109,192,42588,1,0,0:0:0:50:LR5_Kick Bass Heavy.wav
256,192,42588,1,0,0:0:0:0:
402,192,42588,128,0,42675:0:0:0:0:
475,192,42588,128,0,42675:0:0:0:0:
36,192,42761,1,0,0:0:0:0:
182,192,42761,1,0,0:0:0:0:
329,192,42847,1,0,0:0:0:0:
109,192,42933,1,0,0:0:0:50:LR5_Kick Bass Heavy.wav
256,192,42933,1,0,0:0:0:0:
402,192,42933,128,0,43019:0:0:0:0:
475,192,42933,128,0,43019:0:0:0:0:
36,192,43106,128,0,43192:0:0:0:0:
109,192,43106,128,0,43192:0:0:0:0:
329,192,43106,1,0,0:0:0:0:
256,192,43192,1,0,0:0:0:0:
182,192,43278,1,0,0:0:0:0:
475,192,43278,1,0,0:0:0:0:
329,192,43364,1,0,0:0:0:0:
109,192,43450,1,0,0:0:0:0:
475,192,43450,1,0,0:0:0:0:
329,192,43537,1,0,0:0:0:0:
36,192,43623,1,0,0:0:0:0:
256,192,43623,128,0,43709:0:0:0:0:
402,192,43623,128,0,43709:0:0:0:0:
182,192,43709,1,0,0:0:0:0:
36,192,43795,1,0,0:0:0:0:
475,192,43795,1,0,0:0:0:0:
182,192,43881,1,0,0:0:0:0:
36,192,43968,1,0,0:0:0:0:
329,192,43968,128,0,44054:0:0:0:0:
475,192,43968,128,0,44054:0:0:0:0:
109,192,44054,1,0,0:0:0:0:
182,192,44140,1,0,0:0:0:0:
402,192,44140,1,0,0:0:0:0:
329,192,44226,1,0,0:0:0:0:
36,192,44312,1,0,0:0:0:70:normal-hitfinish.wav
109,192,44312,1,0,0:0:0:50:LR5_Kick Bass Heavy.wav
256,192,44312,1,0,0:0:0:70:LR_Kick Drop Wet Fast.wav
402,192,44312,1,0,0:0:0:0:
475,192,44312,1,0,0:0:0:0:
182,192,44399,1,0,0:0:0:0:
109,192,44485,128,0,44528:0:0:0:70:LR_NBell_D5.wav
329,192,44485,1,0,0:0:0:0:
475,192,44571,1,0,0:0:0:0:
109,192,44657,1,0,0:0:0:0:
256,192,44657,128,0,44700:0:0:0:70:LR_NBell_G5.wav
36,192,44657,128,0,46899:0:0:0:0:
182,192,44743,1,0,0:0:0:0:
402,192,44830,128,0,44873:0:0:0:70:LR_NBell_A#5.wav
329,192,44830,1,0,0:0:0:0:
475,192,44916,1,0,0:0:0:0:
109,192,45002,1,0,0:0:0:0:
182,192,45088,1,0,0:0:0:0:
329,192,45175,1,0,0:0:0:0:
402,192,45261,1,0,0:0:0:0:
475,192,45347,128,0,45390:0:0:0:70:LR_NBell_D6.wav
109,192,45347,1,0,0:0:0:0:
182,192,45433,1,0,0:0:0:0:
329,192,45519,1,0,0:0:0:0:
402,192,45606,1,0,0:0:0:0:
182,192,45692,128,0,45735:0:0:0:70:LR_NBell_C6.wav
109,192,45692,1,0,0:0:0:0:
256,192,45778,1,0,0:0:0:0:
329,192,45864,1,0,0:0:0:0:
402,192,45950,1,0,0:0:0:0:
109,192,46037,1,0,0:0:0:0:
256,192,46123,1,0,0:0:0:0:
475,192,46209,128,0,46252:0:0:0:70:LR_NBell_A#5.wav
329,192,46209,1,0,0:0:0:0:
402,192,46295,1,0,0:0:0:0:
182,192,46381,1,0,0:0:0:0:
256,192,46468,1,0,0:0:0:0:
402,192,46554,1,0,0:0:0:0:
475,192,46640,1,0,0:0:0:0:
329,192,46726,128,0,46769:0:0:0:70:LR_NBell_A5.wav
182,192,46726,1,0,0:0:0:0:
256,192,46812,1,0,0:0:0:0:
402,192,46899,1,0,0:0:0:0:
475,192,46985,1,0,0:0:0:0:
329,192,47071,128,0,47114:0:0:0:70:LR_NBell_A5.wav
36,192,47071,1,0,0:0:0:0:
109,192,47157,1,0,0:0:0:0:
256,192,47243,1,0,0:0:0:0:
402,192,47330,1,0,0:0:0:0:
36,192,47416,1,0,0:0:0:0:
109,192,47502,1,0,0:0:0:0:
475,192,47588,128,0,47631:0:0:0:70:LR_NBell_A#5.wav
256,192,47588,1,0,0:0:0:0:
402,192,47675,1,0,0:0:0:0:
109,192,47761,1,0,0:0:0:0:
182,192,47847,1,0,0:0:0:0:
329,192,47933,1,0,0:0:0:0:
475,192,48019,1,0,0:0:0:0:
36,192,48106,128,0,48149:0:0:0:70:LR_NBell_G5.wav
109,192,48106,1,0,0:0:0:0:
182,192,48192,1,0,0:0:0:0:
329,192,48278,1,0,0:0:0:0:
475,192,48364,1,0,0:0:0:0:
36,192,48450,1,0,0:0:0:0:
109,192,48450,1,0,0:0:0:0:
182,192,48537,1,0,0:0:0:0:
256,192,48537,1,0,0:0:0:0:
402,192,48623,1,0,0:0:0:0:
475,192,48623,1,0,0:0:0:0:
256,192,48709,1,0,0:0:0:0:
329,192,48709,1,0,0:0:0:0:
36,192,48795,1,0,0:0:0:0:
109,192,48795,1,0,0:0:0:0:
182,192,48881,1,0,0:0:0:0:
256,192,48881,1,0,0:0:0:0:
402,192,48968,1,0,0:0:0:0:
475,192,48968,1,0,0:0:0:0:
256,192,49054,1,0,0:0:0:0:
329,192,49054,1,0,0:0:0:0:
36,192,49140,1,0,0:0:0:0:
109,192,49140,1,0,0:0:0:0:
402,192,49226,1,0,0:0:0:0:
475,192,49226,1,0,0:0:0:0:
109,192,49312,1,0,0:0:0:0:
182,192,49312,1,0,0:0:0:0:
256,192,49399,1,0,0:0:0:0:
329,192,49399,1,0,0:0:0:0:
36,192,49485,1,0,0:0:0:0:
109,192,49485,1,0,0:0:0:0:
402,192,49571,1,0,0:0:0:0:
475,192,49571,1,0,0:0:0:0:
109,192,49657,1,0,0:0:0:0:
182,192,49657,1,0,0:0:0:0:
256,192,49743,1,0,0:0:0:0:
329,192,49743,1,0,0:0:0:0:
36,192,49830,1,0,0:0:0:70:normal-hitfinish.wav
109,192,49830,1,0,0:0:0:70:LR_Kick Drop Wet Fast.wav
182,192,49830,1,0,0:0:0:30:LR_DS - Snare Wet High.wav
402,192,49830,1,0,0:0:0:0:
475,192,49830,1,0,0:0:0:0:
256,192,49916,1,0,0:0:0:0:
109,192,50002,1,0,0:0:0:0:
329,192,50002,1,0,0:0:0:0:
402,192,50088,1,0,0:0:0:0:
36,192,50175,1,0,0:0:0:70:LR_Kick Drop Wet Fast.wav
182,192,50175,1,0,0:0:0:35:LR_DS - Snare Wet High.wav
329,192,50175,1,0,0:0:0:0:
475,192,50175,1,0,0:0:0:0:
256,192,50261,1,0,0:0:0:0:
182,192,50347,1,0,0:0:0:0:
402,192,50347,1,0,0:0:0:0:
109,192,50433,1,0,0:0:0:0:
36,192,50519,1,0,0:0:0:70:LR_Kick Drop Wet Fast.wav
182,192,50519,1,0,0:0:0:40:LR_DS - Snare Wet High.wav
329,192,50519,1,0,0:0:0:0:
475,192,50519,1,0,0:0:0:0:
256,192,50606,1,0,0:0:0:0:
109,192,50692,1,0,0:0:0:0:
329,192,50692,1,0,0:0:0:0:
402,192,50778,1,0,0:0:0:0:
36,192,50864,1,0,0:0:0:70:LR_Kick Drop Wet Fast.wav
182,192,50864,1,0,0:0:0:45:LR_DS - Snare Wet High.wav
329,192,50864,1,0,0:0:0:0:
475,192,50864,1,0,0:0:0:0:
256,192,50950,1,0,0:0:0:0:
182,192,51037,1,0,0:0:0:0:
402,192,51037,1,0,0:0:0:0:
109,192,51123,1,0,0:0:0:0:
36,192,51209,1,0,0:0:0:70:normal-hitfinish.wav
182,192,51209,1,0,0:0:0:70:LR_Kick Drop Wet Fast.wav
256,192,51209,1,0,0:0:0:50:LR_DS - Snare Wet High.wav
329,192,51209,1,0,0:0:0:0:
475,192,51209,1,0,0:0:0:0:
402,192,51295,1,0,0:0:0:0:
109,192,51381,1,0,0:0:0:0:
329,192,51381,1,0,0:0:0:0:
256,192,51468,1,0,0:0:0:0:
36,192,51554,1,0,0:0:0:70:LR_Kick Drop Wet Fast.wav
182,192,51554,1,0,0:0:0:55:LR_DS - Snare Wet High.wav
329,192,51554,1,0,0:0:0:0:
475,192,51554,1,0,0:0:0:0:
109,192,51640,1,0,0:0:0:0:
182,192,51726,1,0,0:0:0:0:
402,192,51726,1,0,0:0:0:0:
256,192,51812,1,0,0:0:0:0:
36,192,51899,1,0,0:0:0:70:LR_Kick Drop Wet Fast.wav
182,192,51899,1,0,0:0:0:60:LR_DS - Snare Wet High.wav
329,192,51899,1,0,0:0:0:0:
475,192,51899,1,0,0:0:0:0:
402,192,51985,1,0,0:0:0:0:
109,192,52071,1,0,0:0:0:0:
256,192,52071,1,0,0:0:0:0:
402,192,52157,1,0,0:0:0:0:
36,192,52243,1,0,0:0:0:70:LR_Kick Drop Wet Fast.wav
182,192,52243,1,0,0:0:0:65:LR_DS - Snare Wet High.wav
329,192,52243,1,0,0:0:0:0:
475,192,52243,1,0,0:0:0:0:
109,192,52330,1,0,0:0:0:0:
256,192,52416,1,0,0:0:0:0:
402,192,52416,1,0,0:0:0:0:
109,192,52502,1,0,0:0:0:0:
36,192,52588,1,0,0:0:0:70:normal-hitfinish.wav
182,192,52588,1,0,0:0:0:70:LR_Kick Drop Wet Fast.wav
329,192,52588,1,0,0:0:0:70:LR_DS - Snare Wet High.wav
402,192,52588,1,0,0:0:0:0:
475,192,52588,1,0,0:0:0:0:
256,192,52675,1,0,0:0:0:0:
109,192,52761,1,0,0:0:0:70:LR_Kick Drop Wet Fast.wav
182,192,52761,1,0,0:0:0:70:LR_DS - Snare Wet High.wav
402,192,52761,1,0,0:0:0:0:
475,192,52761,1,0,0:0:0:0:
329,192,52847,1,0,0:0:0:0:
36,192,52933,1,0,0:0:0:70:LR_Kick Drop Wet Fast.wav
109,192,52933,1,0,0:0:0:70:LR_DS - Snare Wet High.wav
402,192,52933,1,0,0:0:0:0:
475,192,52933,1,0,0:0:0:0:
182,192,53019,1,0,0:0:0:0:
36,192,53106,1,0,0:0:0:70:LR_Kick Drop Wet Fast.wav
109,192,53106,1,0,0:0:0:70:LR_DS - Snare Wet High.wav
329,192,53106,1,0,0:0:0:0:
402,192,53106,1,0,0:0:0:0:
256,192,53192,1,0,0:0:0:0:
36,192,53278,1,0,0:0:0:70:normal-hitfinish.wav
109,192,53278,1,0,0:0:0:70:LR_Kick Drop Wet Fast.wav
182,192,53278,1,0,0:0:0:70:LR_DS - Snare Wet High.wav
475,192,53278,1,0,0:0:0:0:
256,192,53364,1,0,0:0:0:70:LR_Kick Drop Wet Fast.wav
329,192,53364,1,0,0:0:0:0:
402,192,53364,1,0,0:0:0:0:
36,192,53450,1,0,0:0:0:70:LR_Kick Drop Wet Fast.wav
109,192,53450,1,0,0:0:0:0:
475,192,53450,1,0,0:0:0:0:
182,192,53537,1,0,0:0:0:70:LR_Kick Drop Wet Fast.wav
256,192,53537,1,0,0:0:0:0:
329,192,53537,1,0,0:0:0:0:
36,192,53623,1,0,0:0:0:70:normal-hitfinish.wav
402,192,53623,1,0,0:0:0:70:LR_Kick Drop Wet Fast.wav
475,192,53623,1,0,0:0:0:70:LR_DS - Snare Wet High.wav
109,192,53680,1,0,0:0:0:70:LR_Kick Drop Wet Fast.wav
329,192,53709,1,0,0:0:0:0:
182,192,53738,1,0,0:0:0:70:LR_Kick Drop Wet Fast.wav
36,192,53795,1,0,0:0:0:70:LR_Kick Drop Wet Fast.wav
256,192,53795,1,0,0:0:0:0:
475,192,53795,1,0,0:0:0:0:
402,192,53853,1,0,0:0:0:70:LR_Kick Drop Wet Fast.wav
109,192,53881,1,0,0:0:0:0:
329,192,53910,1,0,0:0:0:70:LR_Kick Drop Wet Fast.wav
36,192,53968,1,0,0:0:0:70:normal-hitfinish.wav
182,192,53968,1,0,0:0:0:0:
256,192,53968,1,0,0:0:0:0:
475,192,53968,1,0,0:0:0:0:
256,192,54485,128,0,55347:0:0:0:0:
36,192,55347,1,0,0:0:0:70:LR_Kick Drop Wet Fast.wav
109,192,55347,1,0,0:0:0:0:
402,192,55347,1,0,0:0:0:0:
475,192,55347,1,0,0:0:0:0:
182,192,55390,1,0,0:0:0:0:
329,192,55433,1,0,0:0:0:0:
475,192,55476,1,0,0:0:0:0:
109,192,55519,1,0,0:0:0:0:
256,192,55562,1,0,0:0:0:0:
402,192,55606,1,0,0:0:0:0:
36,192,55649,1,0,0:0:0:0:
182,192,55692,1,0,0:0:0:0:
329,192,55735,1,0,0:0:0:0:
475,192,55778,1,0,0:0:0:0:
109,192,55821,1,0,0:0:0:0:
256,192,55864,1,0,0:0:0:0:
402,192,55907,1,0,0:0:0:0:
182,192,55950,1,0,0:0:0:0:
329,192,55993,1,0,0:0:0:0:
36,192,56037,1,0,0:0:0:70:LR_DS - Snare Wet High.wav
109,192,56037,1,0,0:0:0:70:LR4_SnareKKF.wav
402,192,56037,1,0,0:0:0:0:
475,192,56037,1,0,0:0:0:0:
36,192,56209,128,0,56381:0:0:0:0:
109,192,56209,128,0,56381:0:0:0:0:
256,192,56209,1,0,0:0:0:0:
329,192,56295,1,0,0:0:0:0:
402,192,56381,1,0,0:0:0:0:
475,192,56381,1,0,0:0:0:0:
402,192,56468,1,0,0:0:0:0:
475,192,56468,1,0,0:0:0:0:
109,192,56554,1,0,0:0:0:0:
182,192,56554,1,0,0:0:0:0:
109,192,56640,1,0,0:0:0:0:
182,192,56640,1,0,0:0:0:0:
36,192,56726,1,0,0:0:0:70:LR_Kick Drop Wet Fast.wav
329,192,56726,1,0,0:0:0:0:
402,192,56726,1,0,0:0:0:0:
475,192,56726,1,0,0:0:0:0:
256,192,56899,1,0,0:0:0:0:
402,192,56899,128,0,57071:0:0:0:0:
475,192,56899,128,0,57071:0:0:0:0:
182,192,56985,1,0,0:0:0:0:
36,192,57071,1,0,0:0:0:0:
109,192,57071,1,0,0:0:0:0:
36,192,57157,1,0,0:0:0:0:
109,192,57157,1,0,0:0:0:0:
329,192,57243,1,0,0:0:0:0:
402,192,57243,1,0,0:0:0:0:
329,192,57330,1,0,0:0:0:0:
402,192,57330,1,0,0:0:0:0:
36,192,57416,128,0,57933:0:0:0:70:LR_DS - Snare Wet High.wav
109,192,57416,1,0,0:0:0:70:LR4_SnareKKF.wav
182,192,57416,1,0,0:0:0:0:
475,192,57416,128,0,57933:0:0:0:0:
256,192,57588,128,0,57761:0:0:0:0:
109,192,57761,1,0,0:0:0:0:
402,192,57761,1,0,0:0:0:0:
182,192,57818,1,0,0:0:0:0:
329,192,57818,1,0,0:0:0:0:
256,192,57876,1,0,0:0:0:0:
109,192,57933,1,0,0:0:0:0:
402,192,57933,1,0,0:0:0:0:
182,192,57991,1,0,0:0:0:0:
329,192,57991,1,0,0:0:0:0:
256,192,58048,1,0,0:0:0:0:
36,192,58106,128,0,58450:0:0:0:70:LR_Kick Drop Wet Fast.wav
182,192,58106,128,0,58450:0:0:0:0:
329,192,58106,128,0,58450:0:0:0:0:
475,192,58106,128,0,58450:0:0:0:0:
256,192,58450,1,0,0:0:0:0:
36,192,58795,1,0,0:0:0:70:LR_DS - Snare Wet High.wav
182,192,58795,1,0,0:0:0:70:LR4_SnareKKF.wav
329,192,58795,1,0,0:0:0:0:
475,192,58795,1,0,0:0:0:0:
256,192,58881,1,0,0:0:0:0:
36,192,58968,128,0,59054:0:0:0:0:
109,192,58968,128,0,59054:0:0:0:0:
182,192,58968,128,0,59054:0:0:0:0:
329,192,59054,128,0,59140:0:0:0:0:
402,192,59054,128,0,59140:0:0:0:0:
475,192,59054,128,0,59140:0:0:0:0:
256,192,59140,1,0,0:0:0:0:
182,192,59183,1,0,0:0:0:0:
109,192,59226,1,0,0:0:0:0:
36,192,59269,1,0,0:0:0:0:
329,192,59312,1,0,0:0:0:0:
475,192,59312,1,0,0:0:0:0:
256,192,59356,1,0,0:0:0:0:
182,192,59399,1,0,0:0:0:0:
109,192,59442,1,0,0:0:0:0:
36,192,59485,1,0,0:0:0:70:LR_Kick Drop Wet Fast.wav
329,192,59485,128,0,59830:0:0:0:0:
402,192,59485,1,0,0:0:0:0:
475,192,59485,1,0,0:0:0:0:
256,192,59571,128,0,59830:0:0:0:0:
182,192,59657,128,0,59830:0:0:0:0:
109,192,59743,128,0,59830:0:0:0:0:
36,192,59830,128,0,60088:0:0:0:70:LR_Kick Drop Wet Fast.wav
402,192,59830,1,0,0:0:0:0:
475,192,59830,1,0,0:0:0:0:
109,192,59916,128,0,60088:0:0:0:0:
182,192,60002,128,0,60088:0:0:0:0:
329,192,60002,1,0,0:0:0:0:
402,192,60060,1,0,0:0:0:0:
256,192,60088,128,0,60175:0:0:0:0:
475,192,60117,1,0,0:0:0:0:
36,192,60175,1,0,0:0:0:70:LR_DS - Snare Wet High.wav
109,192,60175,1,0,0:0:0:70:LR4_SnareKKF.wav
182,192,60175,1,0,0:0:0:0:
329,192,60175,128,0,60261:0:0:0:0:
402,192,60261,128,0,60347:0:0:0:0:
36,192,60347,1,0,0:0:0:0:
109,192,60347,1,0,0:0:0:0:
256,192,60347,128,0,60433:0:0:0:0:
475,192,60347,128,0,60433:0:0:0:0:
329,192,60433,128,0,60519:0:0:0:0:
36,192,60519,1,0,0:0:0:0:
109,192,60519,1,0,0:0:0:0:
182,192,60519,128,0,60606:0:0:0:0:
402,192,60519,128,0,60606:0:0:0:0:
256,192,60606,128,0,60692:0:0:0:0:
36,192,60692,1,0,0:0:0:0:
109,192,60692,1,0,0:0:0:0:
329,192,60692,128,0,60778:0:0:0:0:
402,192,60778,128,0,60864:0:0:0:0:
36,192,60864,1,0,0:0:0:70:LR_Kick Drop Wet Fast.wav
109,192,60864,1,0,0:0:0:0:
329,192,60864,1,0,0:0:0:0:
475,192,60864,1,0,0:0:0:0:
182,192,60907,1,0,0:0:0:0:
256,192,60950,1,0,0:0:0:0:
329,192,60993,1,0,0:0:0:0:
402,192,61037,1,0,0:0:0:0:
475,192,61080,1,0,0:0:0:0:
109,192,61123,1,0,0:0:0:0:
256,192,61166,1,0,0:0:0:0:
402,192,61209,1,0,0:0:0:0:
36,192,61252,1,0,0:0:0:0:
182,192,61295,1,0,0:0:0:0:
329,192,61338,1,0,0:0:0:0:
475,192,61381,1,0,0:0:0:0:
109,192,61425,1,0,0:0:0:0:
256,192,61468,1,0,0:0:0:0:
402,192,61511,1,0,0:0:0:0:
36,192,61554,1,0,0:0:0:70:LR_DS - Snare Wet High.wav
182,192,61554,1,0,0:0:0:70:LR4_SnareKKF.wav
329,192,61554,1,0,0:0:0:0:
475,192,61554,1,0,0:0:0:0:
109,192,61726,128,0,61812:0:0:0:0:
256,192,61726,128,0,61812:0:0:0:0:
402,192,61726,128,0,61812:0:0:0:0:
36,192,61899,128,0,61985:0:0:0:0:
182,192,61899,128,0,61985:0:0:0:0:
329,192,61899,128,0,61985:0:0:0:0:
36,192,62071,1,0,0:0:0:70:LR_Kick Drop Wet Fast.wav
109,192,62071,1,0,0:0:0:0:
256,192,62071,1,0,0:0:0:0:
475,192,62071,1,0,0:0:0:0:
402,192,62114,1,0,0:0:0:0:
329,192,62157,1,0,0:0:0:0:
182,192,62200,1,0,0:0:0:0:
109,192,62243,1,0,0:0:0:0:
475,192,62287,1,0,0:0:0:0:
402,192,62330,1,0,0:0:0:0:
256,192,62373,1,0,0:0:0:0:
182,192,62416,1,0,0:0:0:0:
36,192,62459,1,0,0:0:0:0:
475,192,62502,1,0,0:0:0:0:
329,192,62545,1,0,0:0:0:0:
256,192,62588,1,0,0:0:0:0:
109,192,62631,1,0,0:0:0:0:
36,192,62675,1,0,0:0:0:0:
402,192,62718,1,0,0:0:0:0:
329,192,62761,1,0,0:0:0:0:
182,192,62804,1,0,0:0:0:0:
109,192,62847,1,0,0:0:0:0:
36,192,62890,1,0,0:0:0:0:
182,192,62933,1,0,0:0:0:70:LR_DS - Snare Wet High.wav
329,192,62933,1,0,0:0:0:70:LR4_SnareKKF.wav
402,192,62933,1,0,0:0:0:0:
475,192,62933,1,0,0:0:0:0:
256,192,63106,1,0,0:0:0:0:
329,192,63134,1,0,0:0:0:0:
402,192,63163,1,0,0:0:0:0:
475,192,63192,1,0,0:0:0:0:
36,192,63220,1,0,0:0:0:0:
109,192,63249,1,0,0:0:0:0:
182,192,63278,1,0,0:0:0:0:
256,192,63307,1,0,0:0:0:0:
329,192,63335,1,0,0:0:0:0:
402,192,63364,1,0,0:0:0:0:
475,192,63393,1,0,0:0:0:0:
36,192,63422,1,0,0:0:0:0:
109,192,63450,1,0,0:0:0:0:
182,192,63479,1,0,0:0:0:0:
256,192,63508,1,0,0:0:0:0:
329,192,63537,1,0,0:0:0:0:
402,192,63565,1,0,0:0:0:0:
475,192,63594,1,0,0:0:0:0:
36,192,63623,128,0,64226:0:0:0:70:normal-hitfinish.wav
109,192,63623,128,0,63968:0:0:0:70:LR_Kick Drop Wet Fast.wav
182,192,63623,1,0,0:0:0:0:
256,192,63623,128,0,63795:0:0:0:0:
182,192,63968,128,0,64054:0:0:0:0:
329,192,63968,128,0,64054:0:0:0:0:
402,192,63968,128,0,64140:0:0:0:0:
475,192,63968,128,0,64226:0:0:0:0:
109,192,64140,128,0,64226:0:0:0:0:
256,192,64140,128,0,64226:0:0:0:0:
329,192,64140,128,0,64312:0:0:0:0:
36,192,64312,128,0,64399:0:0:0:70:LR_DS - Snare Wet High.wav
182,192,64312,128,0,64399:0:0:0:70:LR4_SnareKKF.wav
256,192,64312,128,0,64485:0:0:0:0:
402,192,64312,1,0,0:0:0:0:
475,192,64312,1,0,0:0:0:0:
36,192,64485,128,0,64657:0:0:0:0:
109,192,64485,128,0,64657:0:0:0:0:
329,192,64485,128,0,64571:0:0:0:0:
475,192,64485,128,0,64571:0:0:0:0:
36,192,64830,1,0,0:0:0:70:LR_Kick Drop Wet Fast.wav
109,192,64830,1,0,0:0:0:0:
256,192,64830,1,0,0:0:0:0:
402,192,64830,128,0,65002:0:0:0:0:
475,192,64830,128,0,65002:0:0:0:0:
36,192,65002,1,0,0:0:0:70:LR_Kick Drop Wet Fast.wav
109,192,65002,1,0,0:0:0:0:
256,192,65002,1,0,0:0:0:0:
182,192,65175,128,0,65347:0:0:0:0:
256,192,65175,128,0,65261:0:0:0:0:
329,192,65175,128,0,65261:0:0:0:0:
36,192,65347,1,0,0:0:0:70:LR_Kick Drop Wet Fast.wav
109,192,65347,1,0,0:0:0:0:
256,192,65347,128,0,65519:0:0:0:0:
329,192,65347,128,0,65433:0:0:0:0:
402,192,65347,128,0,65433:0:0:0:0:
36,192,65519,1,0,0:0:0:0:
329,192,65519,128,0,65692:0:0:0:0:
402,192,65519,128,0,65606:0:0:0:0:
475,192,65519,128,0,65606:0:0:0:0:
109,192,65577,1,0,0:0:0:0:
182,192,65634,1,0,0:0:0:0:
36,192,65692,1,0,0:0:0:70:LR_DS - Snare Wet High.wav
256,192,65692,1,0,0:0:0:70:LR4_SnareKKF.wav
402,192,65692,1,0,0:0:0:0:
475,192,65692,1,0,0:0:0:0:
109,192,65864,1,0,0:0:0:70:LR_Kick Drop Wet Fast.wav
182,192,65864,1,0,0:0:0:0:
329,192,65864,128,0,65950:0:0:0:0:
402,192,65864,128,0,65950:0:0:0:0:
475,192,65864,128,0,66295:0:0:0:0:
36,192,66037,1,0,0:0:0:70:LR_DS - Snare Wet High.wav
109,192,66037,1,0,0:0:0:70:LR4_SnareKKF.wav
182,192,66037,128,0,66123:0:0:0:0:
256,192,66037,128,0,66123:0:0:0:0:
329,192,66037,128,0,66295:0:0:0:0:
36,192,66209,128,0,66295:0:0:0:0:
109,192,66209,128,0,66295:0:0:0:0:
182,192,66209,128,0,66295:0:0:0:0:
36,192,66381,1,0,0:0:0:70:normal-hitfinish.wav
109,192,66381,1,0,0:0:0:70:LR_Kick Drop Wet Fast.wav
329,192,66381,1,0,0:0:0:0:
475,192,66381,1,0,0:0:0:0:
256,192,66425,1,0,0:0:0:0:
182,192,66468,1,0,0:0:0:0:
36,192,66511,1,0,0:0:0:0:
402,192,66554,1,0,0:0:0:0:
329,192,66597,1,0,0:0:0:0:
256,192,66640,1,0,0:0:0:0:
109,192,66683,1,0,0:0:0:0:
475,192,66726,1,0,0:0:0:0:
402,192,66769,1,0,0:0:0:0:
329,192,66812,1,0,0:0:0:0:
182,192,66856,1,0,0:0:0:0:
109,192,66899,1,0,0:0:0:0:
36,192,66942,1,0,0:0:0:0:
329,192,66985,1,0,0:0:0:0:
402,192,67028,1,0,0:0:0:0:
36,192,67071,1,0,0:0:0:70:LR_DS - Snare Wet High.wav
182,192,67071,1,0,0:0:0:70:LR4_SnareKKF.wav
256,192,67071,1,0,0:0:0:0:
475,192,67071,1,0,0:0:0:0:
36,192,67243,1,0,0:0:0:70:LR_ScratchFO.wav
182,192,67243,1,0,0:0:0:0:
256,192,67243,1,0,0:0:0:0:
36,192,67416,1,0,0:0:0:70:LR_ScratchFO.wav
182,192,67416,1,0,0:0:0:0:
256,192,67416,1,0,0:0:0:0:
256,192,67761,128,0,67847:0:0:0:70:LR_Kick Drop Wet Fast.wav
329,192,67761,128,0,67890:0:0:0:0:
402,192,67761,128,0,67933:0:0:0:0:
475,192,67761,128,0,67976:0:0:0:0:
36,192,67804,1,0,0:0:0:0:
109,192,67847,1,0,0:0:0:0:
182,192,67890,1,0,0:0:0:0:
256,192,67933,1,0,0:0:0:0:
329,192,67976,1,0,0:0:0:0:
402,192,68019,1,0,0:0:0:0:
475,192,68062,1,0,0:0:0:0:
36,192,68106,1,0,0:0:0:70:LR_ScratchFO.wav
182,192,68106,1,0,0:0:0:0:
256,192,68106,1,0,0:0:0:0:
36,192,68278,1,0,0:0:0:70:LR_ScratchFO.wav
182,192,68278,1,0,0:0:0:0:
256,192,68278,1,0,0:0:0:0:
36,192,68450,1,0,0:0:0:70:LR_DS - Snare Wet High.wav
109,192,68450,1,0,0:0:0:70:LR4_SnareKKF.wav
329,192,68450,1,0,0:0:0:0:
475,192,68450,1,0,0:0:0:0:
256,192,68623,1,0,0:0:0:70:LR_ScratchFO.wav
402,192,68623,1,0,0:0:0:0:
475,192,68623,1,0,0:0:0:0:
36,192,68709,1,0,0:0:0:70:LR_ScratchFO.wav
182,192,68709,1,0,0:0:0:0:
329,192,68709,1,0,0:0:0:0:
256,192,68795,1,0,0:0:0:70:LR_ScratchFO.wav
402,192,68795,1,0,0:0:0:0:
475,192,68795,1,0,0:0:0:0:
36,192,69140,1,0,0:0:0:70:LR_Kick Drop Wet Fast.wav
329,192,69140,1,0,0:0:0:0:
402,192,69140,1,0,0:0:0:0:
475,192,69140,1,0,0:0:0:0:
256,192,69183,1,0,0:0:0:0:
182,192,69226,1,0,0:0:0:0:
109,192,69269,1,0,0:0:0:0:
36,192,69312,1,0,0:0:0:0:
256,192,69356,1,0,0:0:0:0:
475,192,69399,1,0,0:0:0:0:
329,192,69442,1,0,0:0:0:0:
182,192,69485,1,0,0:0:0:0:
36,192,69528,1,0,0:0:0:0:
256,192,69571,1,0,0:0:0:0:
475,192,69614,1,0,0:0:0:0:
402,192,69657,1,0,0:0:0:0:
329,192,69700,1,0,0:0:0:0:
256,192,69743,1,0,0:0:0:0:
182,192,69787,1,0,0:0:0:0:
36,192,69830,1,0,0:0:0:70:LR_DS - Snare Wet High.wav
109,192,69830,1,0,0:0:0:70:LR4_SnareKKF.wav
402,192,69830,1,0,0:0:0:0:
475,192,69830,1,0,0:0:0:0:
182,192,70002,1,0,0:0:0:70:LR_ScratchFO.wav
329,192,70002,1,0,0:0:0:0:
475,192,70002,1,0,0:0:0:0:
182,192,70175,1,0,0:0:0:70:LR_ScratchFO.wav
329,192,70175,1,0,0:0:0:0:
475,192,70175,1,0,0:0:0:0:
36,192,70519,128,0,70778:0:0:0:70:LR_Kick Drop Wet Fast.wav
182,192,70519,128,0,70778:0:0:0:0:
329,192,70519,1,0,0:0:0:0:
475,192,70519,1,0,0:0:0:0:
109,192,70692,128,0,70778:0:0:0:0:
256,192,70692,128,0,70778:0:0:0:0:
36,192,70864,1,0,0:0:0:70:LR_Kick Drop Wet Fast.wav
182,192,70864,1,0,0:0:0:0:
329,192,70864,128,0,71123:0:0:0:0:
475,192,70864,128,0,71123:0:0:0:0:
109,192,71037,1,0,0:0:0:70:LR_ScratchFO.wav
256,192,71037,128,0,71123:0:0:0:0:
402,192,71037,128,0,71123:0:0:0:0:
36,192,71209,1,0,0:0:0:70:LR_DS - Snare Wet High.wav
329,192,71209,1,0,0:0:0:70:LR4_SnareKKF.wav
402,192,71209,1,0,0:0:0:0:
475,192,71209,1,0,0:0:0:0:
109,192,71252,1,0,0:0:0:0:
182,192,71295,1,0,0:0:0:0:
256,192,71338,1,0,0:0:0:0:
36,192,71381,1,0,0:0:0:0:
402,192,71381,1,0,0:0:0:0:
475,192,71381,1,0,0:0:0:0:
109,192,71425,1,0,0:0:0:0:
182,192,71468,1,0,0:0:0:0:
329,192,71511,1,0,0:0:0:0:
36,192,71554,1,0,0:0:0:0:
402,192,71554,1,0,0:0:0:0:
475,192,71554,1,0,0:0:0:0:
109,192,71597,1,0,0:0:0:0:
256,192,71640,1,0,0:0:0:0:
329,192,71683,1,0,0:0:0:0:
36,192,71726,1,0,0:0:0:0:
402,192,71726,1,0,0:0:0:0:
475,192,71726,1,0,0:0:0:0:
182,192,71769,1,0,0:0:0:0:
256,192,71812,1,0,0:0:0:0:
329,192,71856,1,0,0:0:0:0:
36,192,71899,128,0,72071:0:0:0:70:LR_Kick Drop Wet Fast.wav
109,192,71899,1,0,0:0:0:0:
402,192,71899,1,0,0:0:0:0:
475,192,71899,128,0,72071:0:0:0:0:
182,192,71985,128,0,72071:0:0:0:0:
329,192,71985,128,0,72071:0:0:0:0:
256,192,72071,1,0,0:0:0:0:
182,192,72157,128,0,72330:0:0:0:0:
329,192,72157,128,0,72330:0:0:0:0:
36,192,72243,128,0,72330:0:0:0:0:
475,192,72243,128,0,72330:0:0:0:0:
256,192,72330,1,0,0:0:0:0:
109,192,72416,128,0,72588:0:0:0:0:
402,192,72416,128,0,72588:0:0:0:0:
36,192,72588,1,0,0:0:0:70:LR_DS - Snare Wet High.wav
182,192,72588,1,0,0:0:0:70:LR4_SnareKKF.wav
329,192,72588,1,0,0:0:0:0:
475,192,72588,1,0,0:0:0:0:
109,192,72761,1,0,0:0:0:70:LR_ScratchFO.wav
256,192,72761,1,0,0:0:0:0:
402,192,72761,1,0,0:0:0:0:
109,192,72933,1,0,0:0:0:70:LR_ScratchFO.wav
256,192,72933,1,0,0:0:0:0:
402,192,72933,1,0,0:0:0:0:
36,192,73106,1,0,0:0:0:70:LR_Kick Drop Wet Fast.wav
256,192,73106,1,0,0:0:0:0:
402,192,73106,1,0,0:0:0:0:
475,192,73106,1,0,0:0:0:0:
109,192,73149,1,0,0:0:0:0:
182,192,73192,1,0,0:0:0:0:
329,192,73235,1,0,0:0:0:0:
475,192,73278,1,0,0:0:0:0:
36,192,73321,1,0,0:0:0:0:
109,192,73364,1,0,0:0:0:0:
256,192,73407,1,0,0:0:0:0:
402,192,73450,1,0,0:0:0:0:
475,192,73493,1,0,0:0:0:0:
36,192,73537,1,0,0:0:0:0:
182,192,73580,1,0,0:0:0:0:
329,192,73623,1,0,0:0:0:0:
402,192,73666,1,0,0:0:0:0:
475,192,73709,1,0,0:0:0:0:
109,192,73752,1,0,0:0:0:0:
256,192,73795,1,0,0:0:0:0:
329,192,73838,1,0,0:0:0:0:
402,192,73881,1,0,0:0:0:0:
36,192,73925,1,0,0:0:0:0:
109,192,73968,1,0,0:0:0:70:LR_DS - Snare Wet High.wav
182,192,73968,1,0,0:0:0:70:LR4_SnareKKF.wav
256,192,73968,1,0,0:0:0:0:
475,192,73968,1,0,0:0:0:0:
36,192,74140,128,0,74312:0:0:0:0:
109,192,74140,128,0,74312:0:0:0:0:
182,192,74140,128,0,74312:0:0:0:0:
329,192,74312,1,0,0:0:0:0:
475,192,74312,1,0,0:0:0:0:
329,192,74399,1,0,0:0:0:0:
475,192,74399,1,0,0:0:0:0:
36,192,74485,1,0,0:0:0:0:
182,192,74485,1,0,0:0:0:0:
36,192,74571,1,0,0:0:0:0:
182,192,74571,1,0,0:0:0:0:
109,192,74657,1,0,0:0:0:70:normal-hitfinish.wav
256,192,74657,128,0,74830:0:0:0:70:LR_Kick Drop Wet Fast.wav
329,192,74657,1,0,0:0:0:0:
402,192,74657,128,0,75002:0:0:0:0:
475,192,74657,128,0,75261:0:0:0:0:
36,192,75002,128,0,75261:0:0:0:0:
109,192,75002,128,0,75175:0:0:0:0:
182,192,75002,128,0,75088:0:0:0:0:
329,192,75002,128,0,75088:0:0:0:0:
182,192,75175,128,0,75347:0:0:0:0:
256,192,75175,128,0,75261:0:0:0:0:
402,192,75175,128,0,75261:0:0:0:0:
36,192,75347,1,0,0:0:0:70:LR_DS - Snare Wet High.wav
109,192,75347,1,0,0:0:0:70:LR4_SnareKKF.wav
256,192,75347,128,0,75519:0:0:0:0:
329,192,75347,128,0,75433:0:0:0:0:
475,192,75347,128,0,75433:0:0:0:0:
36,192,75519,128,0,75606:0:0:0:0:
182,192,75519,128,0,75606:0:0:0:0:
402,192,75519,128,0,75692:0:0:0:0:
475,192,75519,128,0,75692:0:0:0:0:
36,192,75864,128,0,76037:0:0:0:70:LR_Kick Drop Wet Fast.wav
109,192,75864,128,0,76037:0:0:0:0:
256,192,75864,1,0,0:0:0:0:
402,192,75864,1,0,0:0:0:0:
475,192,75864,1,0,0:0:0:0:
256,192,76037,1,0,0:0:0:70:LR_Kick Drop Wet Fast.wav
402,192,76037,1,0,0:0:0:0:
475,192,76037,1,0,0:0:0:0:
182,192,76209,128,0,76295:0:0:0:0:
256,192,76209,128,0,76295:0:0:0:0:
329,192,76209,128,0,76381:0:0:0:0:
109,192,76381,128,0,76468:0:0:0:70:LR_Kick Drop Wet Fast.wav
182,192,76381,128,0,76468:0:0:0:0:
256,192,76381,128,0,76554:0:0:0:0:
402,192,76381,1,0,0:0:0:0:
475,192,76381,1,0,0:0:0:0:
36,192,76554,128,0,76640:0:0:0:0:
109,192,76554,128,0,76640:0:0:0:0:
182,192,76554,128,0,76726:0:0:0:0:
475,192,76554,1,0,0:0:0:0:
402,192,76611,1,0,0:0:0:0:
329,192,76669,1,0,0:0:0:0:
36,192,76726,1,0,0:0:0:70:LR_DS - Snare Wet High.wav
109,192,76726,1,0,0:0:0:70:LR4_SnareKKF.wav
256,192,76726,1,0,0:0:0:0:
475,192,76726,1,0,0:0:0:0:
36,192,76899,128,0,77330:0:0:0:70:LR_Kick Drop Wet Fast.wav
109,192,76899,128,0,76985:0:0:0:0:
182,192,76899,128,0,76985:0:0:0:0:
329,192,76899,1,0,0:0:0:0:
402,192,76899,1,0,0:0:0:0:
182,192,77071,128,0,77330:0:0:0:70:LR_DS - Snare Wet High.wav
256,192,77071,128,0,77157:0:0:0:70:LR4_SnareKKF.wav
329,192,77071,128,0,77157:0:0:0:0:
402,192,77071,1,0,0:0:0:0:
475,192,77071,1,0,0:0:0:0:
329,192,77243,128,0,77330:0:0:0:0:
402,192,77243,128,0,77330:0:0:0:0:
475,192,77243,128,0,77330:0:0:0:0:
36,192,77416,1,0,0:0:0:70:G2H_s.wav
109,192,77416,1,0,0:0:0:0:
256,192,77416,1,0,0:0:0:0:
402,192,77416,1,0,0:0:0:0:
475,192,77416,1,0,0:0:0:0:
36,192,78795,128,0,80175:0:0:0:0:
475,192,79485,128,0,80175:0:0:0:0:
256,192,79830,128,0,80175:0:0:0:0:
109,192,80175,1,0,0:0:0:70:normal-hitfinish.wav
182,192,80175,1,0,0:0:0:70:LR_Kick Drop Wet Fast.wav
329,192,80175,1,0,0:0:0:0:
402,192,80175,1,0,0:0:0:0:
256,192,80692,1,0,0:0:0:0:
36,192,80864,1,0,0:0:0:0:
329,192,80864,1,0,0:0:0:0:
475,192,80864,1,0,0:0:0:0:
109,192,80886,1,0,0:0:0:0:
182,192,80907,1,0,0:0:0:0:
402,192,81209,1,0,0:0:0:0:
256,192,81381,1,0,0:0:0:0:
109,192,81554,1,0,0:0:0:0:
329,192,81554,1,0,0:0:0:0:
256,192,81856,1,0,0:0:0:0:
402,192,81899,1,0,0:0:0:0:
36,192,82071,1,0,0:0:0:0:
109,192,82243,1,0,0:0:0:0:
475,192,82243,1,0,0:0:0:0:
182,192,82588,1,0,0:0:0:0:
329,192,82588,1,0,0:0:0:0:
109,192,82761,1,0,0:0:0:0:
36,192,82933,1,0,0:0:0:0:
256,192,82933,1,0,0:0:0:0:
475,192,82933,1,0,0:0:0:0:
402,192,82955,1,0,0:0:0:0:
329,192,82976,1,0,0:0:0:0:
36,192,83278,1,0,0:0:0:0:
109,192,83450,1,0,0:0:0:0:
182,192,83623,1,0,0:0:0:0:
475,192,83623,1,0,0:0:0:0:
256,192,83795,1,0,0:0:0:0:
182,192,83968,1,0,0:0:0:0:
402,192,83968,1,0,0:0:0:0:
109,192,84140,1,0,0:0:0:0:
36,192,84312,1,0,0:0:0:0:
182,192,84312,1,0,0:0:0:0:
475,192,84312,1,0,0:0:0:0:
256,192,84334,1,0,0:0:0:0:
329,192,84356,1,0,0:0:0:0:
402,192,85002,1,0,0:0:0:0:
256,192,85347,1,0,0:0:0:0:
36,192,85692,1,0,0:0:0:0:
182,192,85692,1,0,0:0:0:0:
475,192,85692,1,0,0:0:0:0:
329,192,85713,1,0,0:0:0:0:
402,192,85735,1,0,0:0:0:0:
109,192,85864,1,0,0:0:0:0:
256,192,86037,1,0,0:0:0:0:
329,192,86209,1,0,0:0:0:0:
36,192,86381,1,0,0:0:0:0:
256,192,86554,1,0,0:0:0:0:
402,192,86554,1,0,0:0:0:0:
109,192,86726,1,0,0:0:0:0:
182,192,86899,1,0,0:0:0:0:
329,192,86899,1,0,0:0:0:0:
36,192,87071,1,0,0:0:0:0:
256,192,87071,1,0,0:0:0:0:
402,192,87071,1,0,0:0:0:0:
475,192,87114,1,0,0:0:0:0:
182,192,87243,1,0,0:0:0:0:
109,192,87416,1,0,0:0:0:0:
329,192,87416,1,0,0:0:0:0:
256,192,87588,1,0,0:0:0:0:
36,192,87761,1,0,0:0:0:0:
402,192,87761,1,0,0:0:0:0:
256,192,87933,1,0,0:0:0:0:
329,192,88084,1,0,0:0:0:0:
109,192,88106,1,0,0:0:0:0:
475,192,88106,1,0,0:0:0:0:
182,192,88278,1,0,0:0:0:0:
329,192,88407,1,0,0:0:0:0:
402,192,88429,1,0,0:0:0:0:
36,192,88450,1,0,0:0:0:0:
256,192,88450,1,0,0:0:0:0:
475,192,88450,1,0,0:0:0:0:
109,192,88623,1,0,0:0:0:0:
256,192,88795,1,0,0:0:0:0:
475,192,88795,1,0,0:0:0:0:
182,192,88968,1,0,0:0:0:0:
402,192,88968,1,0,0:0:0:0:
36,192,89140,1,0,0:0:0:0:
329,192,89291,1,0,0:0:0:0:
109,192,89312,1,0,0:0:0:0:
475,192,89312,1,0,0:0:0:0:
256,192,89485,1,0,0:0:0:0:
402,192,89485,1,0,0:0:0:0:
182,192,89657,1,0,0:0:0:0:
329,192,89657,1,0,0:0:0:0:
109,192,89830,1,0,0:0:0:0:
256,192,89830,1,0,0:0:0:0:
475,192,89830,1,0,0:0:0:0:
36,192,89873,1,0,0:0:0:0:
182,192,90519,1,0,0:0:0:0:
329,192,90692,1,0,0:0:0:0:
475,192,90864,1,0,0:0:0:0:
36,192,91209,128,0,94657:0:0:0:0:
109,192,91209,1,0,0:0:0:0:
475,192,91209,1,0,0:0:0:0:
402,192,91231,1,0,0:0:0:0:
329,192,91252,1,0,0:0:0:0:
182,192,91381,1,0,0:0:0:0:
256,192,91554,1,0,0:0:0:0:
475,192,91554,1,0,0:0:0:0:
329,192,91726,1,0,0:0:0:0:
182,192,91899,1,0,0:0:0:0:
402,192,91899,1,0,0:0:0:0:
256,192,92071,1,0,0:0:0:0:
329,192,92243,1,0,0:0:0:0:
475,192,92243,1,0,0:0:0:0:
182,192,92416,1,0,0:0:0:0:
109,192,92588,1,0,0:0:0:0:
402,192,92588,1,0,0:0:0:0:
475,192,92588,128,0,95347:0:0:0:0:
329,192,92610,1,0,0:0:0:0:
256,192,92631,1,0,0:0:0:0:
182,192,92761,1,0,0:0:0:0:
256,192,92933,1,0,0:0:0:0:
329,192,92933,1,0,0:0:0:0:
402,192,93106,1,0,0:0:0:0:
109,192,93278,1,0,0:0:0:0:
256,192,93278,1,0,0:0:0:0:
182,192,93450,1,0,0:0:0:0:
329,192,93450,1,0,0:0:0:0:
256,192,93623,1,0,0:0:0:0:
402,192,93623,1,0,0:0:0:0:
109,192,93795,1,0,0:0:0:0:
329,192,93795,1,0,0:0:0:0:
182,192,93968,1,0,0:0:0:0:
256,192,93968,128,0,96037:0:0:0:0:
402,192,93968,1,0,0:0:0:0:
109,192,94312,1,0,0:0:0:0:
402,192,94312,1,0,0:0:0:0:
329,192,94485,1,0,0:0:0:0:
109,192,94657,1,0,0:0:0:0:
182,192,94657,128,0,96381:0:0:0:0:
402,192,94657,1,0,0:0:0:0:
36,192,94830,1,0,0:0:0:0:
109,192,95002,1,0,0:0:0:0:
329,192,95002,1,0,0:0:0:0:
402,192,95175,1,0,0:0:0:0:
36,192,95347,1,0,0:0:0:0:
329,192,95347,1,0,0:0:0:0:
402,192,95347,128,0,96381:0:0:0:0:
109,192,95519,1,0,0:0:0:0:
36,192,95692,1,0,0:0:0:0:
329,192,95692,1,0,0:0:0:0:
475,192,95864,1,0,0:0:0:0:
36,192,96037,128,0,96726:0:0:0:0:
109,192,96037,1,0,0:0:0:0:
329,192,96037,1,0,0:0:0:0:
256,192,96209,1,0,0:0:0:0:
109,192,96381,128,0,96726:0:0:0:0:
329,192,96381,1,0,0:0:0:0:
475,192,96381,1,0,0:0:0:0:
256,192,96554,1,0,0:0:0:0:
182,192,96726,1,0,0:0:0:0:
329,192,96726,1,0,0:0:0:0:
402,192,96748,1,0,0:0:0:0:
475,192,96769,128,0,97933:0:0:0:0:
109,192,97071,1,0,0:0:0:0:
256,192,97071,1,0,0:0:0:0:
36,192,97416,1,0,0:0:0:0:
182,192,97416,1,0,0:0:0:0:
256,192,97588,1,0,0:0:0:0:
329,192,97588,1,0,0:0:0:0:
109,192,97761,1,0,0:0:0:0:
182,192,97761,1,0,0:0:0:0:
329,192,97933,1,0,0:0:0:0:
402,192,97933,1,0,0:0:0:0:
36,192,98106,128,0,99485:0:0:0:0:
182,192,98106,1,0,0:0:0:0:
256,192,98106,1,0,0:0:0:0:
475,192,98106,1,0,0:0:0:0:
109,192,98450,128,0,99485:0:0:0:0:
256,192,98450,1,0,0:0:0:0:
329,192,98450,1,0,0:0:0:0:
182,192,98795,128,0,99485:0:0:0:0:
329,192,98795,1,0,0:0:0:0:
402,192,98795,1,0,0:0:0:0:
256,192,99140,128,0,99485:0:0:0:0:
402,192,99140,1,0,0:0:0:0:
475,192,99140,1,0,0:0:0:0:
475,192,99485,1,0,0:0:0:0:
402,192,99506,1,0,0:0:0:0:
329,192,99528,128,0,100864:0:0:0:0:
182,192,99657,1,0,0:0:0:0:
36,192,99830,1,0,0:0:0:0:
256,192,100002,1,0,0:0:0:0:
475,192,100175,1,0,0:0:0:0:
109,192,100347,1,0,0:0:0:0:
402,192,100519,1,0,0:0:0:0:
182,192,100692,1,0,0:0:0:0:
36,192,100864,128,0,101209:0:0:0:0:
109,192,100864,128,0,101554:0:0:0:0:
256,192,100864,128,0,101209:0:0:0:0:
402,192,100864,128,0,101554:0:0:0:0:
475,192,100864,128,0,101209:0:0:0:0:
36,192,101554,1,0,0:0:0:0:
182,192,101554,1,0,0:0:0:0:
36,192,101640,1,0,0:0:0:0:
182,192,101640,1,0,0:0:0:0:
329,192,101726,1,0,0:0:0:0:
475,192,101726,1,0,0:0:0:0:
329,192,101812,1,0,0:0:0:0:
475,192,101812,1,0,0:0:0:0:
36,192,101899,128,0,101985:0:0:0:0:
182,192,101899,1,0,0:0:0:0:
109,192,101985,128,0,102071:0:0:0:0:
256,192,101985,1,0,0:0:0:0:
182,192,102071,128,0,102157:0:0:0:0:
329,192,102071,1,0,0:0:0:0:
256,192,102157,128,0,102243:0:0:0:0:
402,192,102157,1,0,0:0:0:0:
36,192,102243,128,0,103106:0:0:0:70:normal-hitfinish.wav
109,192,102243,1,0,0:0:0:70:LR_Kick Drop Wet Fast.wav
182,192,102243,1,0,0:0:0:0:
329,192,102243,128,0,102416:0:0:0:0:
475,192,102243,128,0,102416:0:0:0:0:
256,192,102416,1,0,0:0:0:0:
109,192,102588,1,0,0:0:0:70:LR_DS - Snare Wet High.wav
182,192,102588,1,0,0:0:0:70:LR4_SnareKKF.wav
329,192,102588,1,0,0:0:0:0:
402,192,102588,1,0,0:0:0:0:
475,192,102588,1,0,0:0:0:0:
256,192,102761,128,0,102933:0:0:0:0:
402,192,102761,128,0,102933:0:0:0:0:
182,192,102933,1,0,0:0:0:0:
109,192,103106,128,0,103278:0:0:0:70:LR_Kick Drop Wet Fast.wav
256,192,103106,1,0,0:0:0:0:
475,192,103106,1,0,0:0:0:0:
36,192,103278,1,0,0:0:0:70:LR_DS - Snare Wet High.wav
182,192,103278,128,0,103450:0:0:0:70:LR4_SnareKKF.wav
329,192,103278,1,0,0:0:0:0:
402,192,103278,128,0,103450:0:0:0:0:
475,192,103278,128,0,103450:0:0:0:0:
256,192,103450,128,0,103623:0:0:0:0:
36,192,103623,128,0,103795:0:0:0:70:LR_Kick Drop Wet Fast.wav
109,192,103623,128,0,103795:0:0:0:0:
329,192,103623,1,0,0:0:0:0:
475,192,103623,128,0,104312:0:0:0:0:
182,192,103795,1,0,0:0:0:0:
36,192,103968,1,0,0:0:0:70:LR_DS - Snare Wet High.wav
109,192,103968,1,0,0:0:0:70:LR4_SnareKKF.wav
256,192,103968,1,0,0:0:0:0:
329,192,103968,1,0,0:0:0:0:
402,192,103968,128,0,104312:0:0:0:0:
36,192,104140,128,0,104312:0:0:0:0:
182,192,104140,128,0,104312:0:0:0:0:
109,192,104312,128,0,104485:0:0:0:0:
256,192,104312,128,0,104485:0:0:0:0:
329,192,104312,128,0,105002:0:0:0:0:
182,192,104485,1,0,0:0:0:70:LR_Kick Drop Wet Fast.wav
402,192,104485,1,0,0:0:0:0:
475,192,104485,1,0,0:0:0:0:
36,192,104657,128,0,104830:0:0:0:70:LR_DS - Snare Wet High.wav
109,192,104657,128,0,104830:0:0:0:70:LR4_SnareKKF.wav
256,192,104657,1,0,0:0:0:0:
402,192,104657,128,0,105002:0:0:0:0:
475,192,104657,1,0,0:0:0:0:
182,192,104830,1,0,0:0:0:0:
109,192,105002,1,0,0:0:0:70:LR_Kick Drop Wet Fast.wav
182,192,105002,128,0,105175:0:0:0:0:
256,192,105002,128,0,105175:0:0:0:0:
475,192,105002,128,0,105692:0:0:0:0:
36,192,105175,1,0,0:0:0:0:
36,192,105347,1,0,0:0:0:70:LR_DS - Snare Wet High.wav
109,192,105347,1,0,0:0:0:70:LR4_SnareKKF.wav
256,192,105347,1,0,0:0:0:0:
329,192,105347,1,0,0:0:0:0:
402,192,105347,128,0,105864:0:0:0:0:
36,192,105519,128,0,105692:0:0:0:0:
182,192,105519,128,0,105692:0:0:0:0:
329,192,105519,128,0,106037:0:0:0:0:
256,192,105692,1,0,0:0:0:0:
109,192,105864,1,0,0:0:0:70:LR_Kick Drop Wet Fast.wav
182,192,105864,1,0,0:0:0:0:
475,192,105864,128,0,106209:0:0:0:0:
36,192,106037,128,0,106209:0:0:0:70:LR_DS - Snare Wet High.wav
109,192,106037,128,0,106209:0:0:0:70:LR4_SnareKKF.wav
182,192,106037,1,0,0:0:0:0:
256,192,106037,1,0,0:0:0:0:
402,192,106037,128,0,106381:0:0:0:0:
329,192,106209,128,0,106381:0:0:0:0:
36,192,106381,128,0,106554:0:0:0:70:LR_Kick Drop Wet Fast.wav
109,192,106381,1,0,0:0:0:0:
182,192,106381,128,0,106554:0:0:0:0:
475,192,106381,128,0,106899:0:0:0:0:
256,192,106554,1,0,0:0:0:0:
36,192,106726,1,0,0:0:0:70:LR_DS - Snare Wet High.wav
109,192,106726,1,0,0:0:0:70:LR4_SnareKKF.wav
182,192,106726,1,0,0:0:0:0:
329,192,106726,1,0,0:0:0:0:
402,192,106726,1,0,0:0:0:0:
109,192,106899,1,0,0:0:0:70:LR_Kick Drop Wet Fast.wav
256,192,106899,1,0,0:0:0:0:
329,192,106899,1,0,0:0:0:0:
36,192,107071,1,0,0:0:0:70:LR_DS - Snare Wet High.wav
182,192,107071,1,0,0:0:0:70:LR4_SnareKKF.wav
256,192,107071,1,0,0:0:0:0:
402,192,107071,128,0,107416:0:0:0:0:
475,192,107071,1,0,0:0:0:0:
109,192,107243,1,0,0:0:0:70:LR_Kick Drop Wet Fast.wav
182,192,107243,1,0,0:0:0:0:
329,192,107243,1,0,0:0:0:0:
36,192,107416,1,0,0:0:0:0:
256,192,107416,1,0,0:0:0:0:
475,192,107416,128,0,107761:0:0:0:0:
109,192,107502,1,0,0:0:0:0:
329,192,107502,1,0,0:0:0:0:
182,192,107588,1,0,0:0:0:0:
402,192,107588,1,0,0:0:0:0:
256,192,107675,1,0,0:0:0:0:
36,192,107761,128,0,108623:0:0:0:70:LR_Kick Drop Wet Fast.wav
109,192,107761,128,0,107933:0:0:0:0:
329,192,107761,1,0,0:0:0:0:
402,192,107761,128,0,107933:0:0:0:0:
256,192,107933,1,0,0:0:0:0:
109,192,108106,1,0,0:0:0:70:LR_DS - Snare Wet High.wav
182,192,108106,1,0,0:0:0:70:LR4_SnareKKF.wav
329,192,108106,1,0,0:0:0:0:
402,192,108106,1,0,0:0:0:0:
475,192,108106,1,0,0:0:0:0:
402,192,108278,128,0,108450:0:0:0:0:
475,192,108278,128,0,108450:0:0:0:0:
256,192,108450,128,0,108623:0:0:0:0:
329,192,108450,128,0,108623:0:0:0:0:
109,192,108623,1,0,0:0:0:70:LR_Kick Drop Wet Fast.wav
182,192,108623,128,0,108968:0:0:0:0:
402,192,108623,1,0,0:0:0:0:
36,192,108795,128,0,109140:0:0:0:70:LR_DS - Snare Wet High.wav
256,192,108795,1,0,0:0:0:70:LR4_SnareKKF.wav
329,192,108795,1,0,0:0:0:0:
402,192,108795,128,0,108968:0:0:0:0:
475,192,108795,128,0,108968:0:0:0:0:
109,192,108968,128,0,109140:0:0:0:0:
182,192,109140,128,0,109830:0:0:0:70:LR_Kick Drop Wet Fast.wav
256,192,109140,1,0,0:0:0:0:
329,192,109140,128,0,109312:0:0:0:0:
475,192,109140,128,0,109312:0:0:0:0:
109,192,109312,1,0,0:0:0:0:
36,192,109485,1,0,0:0:0:70:LR_DS - Snare Wet High.wav
109,192,109485,128,0,109830:0:0:0:70:LR4_SnareKKF.wav
329,192,109485,1,0,0:0:0:0:
402,192,109485,1,0,0:0:0:0:
475,192,109485,1,0,0:0:0:0:
256,192,109657,128,0,109830:0:0:0:0:
402,192,109657,128,0,109830:0:0:0:0:
36,192,109830,128,0,110519:0:0:0:0:
329,192,109830,128,0,110002:0:0:0:0:
475,192,109830,128,0,110002:0:0:0:0:
109,192,110002,1,0,0:0:0:70:LR_Kick Drop Wet Fast.wav
182,192,110002,1,0,0:0:0:0:
256,192,110002,1,0,0:0:0:0:
109,192,110175,128,0,110519:0:0:0:70:LR_DS - Snare Wet High.wav
182,192,110175,1,0,0:0:0:70:LR4_SnareKKF.wav
329,192,110175,1,0,0:0:0:0:
402,192,110175,128,0,110347:0:0:0:0:
475,192,110175,128,0,110347:0:0:0:0:
256,192,110347,1,0,0:0:0:0:
182,192,110519,128,0,110864:0:0:0:70:LR_Kick Drop Wet Fast.wav
329,192,110519,128,0,110692:0:0:0:0:
402,192,110519,128,0,110692:0:0:0:0:
475,192,110519,1,0,0:0:0:0:
256,192,110692,1,0,0:0:0:0:
36,192,110864,128,0,111468:0:0:0:70:LR_DS - Snare Wet High.wav
109,192,110864,1,0,0:0:0:70:LR4_SnareKKF.wav
329,192,110864,1,0,0:0:0:0:
402,192,110864,1,0,0:0:0:0:
475,192,110864,1,0,0:0:0:0:
182,192,111037,128,0,111468:0:0:0:70:LR_Kick Drop Wet Fast.wav
256,192,111037,128,0,111209:0:0:0:0:
402,192,111037,1,0,0:0:0:0:
475,192,111037,128,0,111209:0:0:0:0:
329,192,111209,1,0,0:0:0:0:
256,192,111381,1,0,0:0:0:70:LR_Kick Drop Wet Fast.wav
402,192,111381,1,0,0:0:0:0:
475,192,111381,1,0,0:0:0:0:
109,192,111468,128,0,111899:0:0:0:0:
36,192,111554,1,0,0:0:0:70:LR_DS - Snare Wet High.wav
256,192,111554,1,0,0:0:0:70:LR4_SnareKKF.wav
329,192,111554,1,0,0:0:0:0:
402,192,111554,128,0,111726:0:0:0:0:
475,192,111554,128,0,111726:0:0:0:0:
182,192,111726,128,0,111899:0:0:0:0:
36,192,111899,128,0,112416:0:0:0:70:LR_Kick Drop Wet Fast.wav
256,192,111899,1,0,0:0:0:0:
329,192,111899,128,0,112071:0:0:0:0:
475,192,111899,128,0,112071:0:0:0:0:
182,192,112071,1,0,0:0:0:0:
109,192,112243,1,0,0:0:0:70:LR_DS - Snare Wet High.wav
256,192,112243,1,0,0:0:0:70:LR4_SnareKKF.wav
329,192,112243,1,0,0:0:0:0:
402,192,112243,1,0,0:0:0:0:
475,192,112243,1,0,0:0:0:0:
182,192,112416,1,0,0:0:0:70:LR_Kick Drop Wet Fast.wav
329,192,112416,1,0,0:0:0:0:
402,192,112416,1,0,0:0:0:0:
36,192,112588,1,0,0:0:0:70:LR_DS - Snare Wet High.wav
109,192,112588,1,0,0:0:0:70:LR4_SnareKKF.wav
256,192,112588,1,0,0:0:0:0:
329,192,112588,1,0,0:0:0:0:
475,192,112588,1,0,0:0:0:0:
36,192,112761,1,0,0:0:0:70:LR_Kick Drop Wet Fast.wav
109,192,112761,1,0,0:0:0:0:
402,192,112761,1,0,0:0:0:0:
475,192,112761,1,0,0:0:0:0:
182,192,112847,1,0,0:0:0:70:LR_Kick Drop Wet Fast.wav
256,192,112847,1,0,0:0:0:0:
329,192,112847,1,0,0:0:0:0:
36,192,112933,1,0,0:0:0:70:LR_DS - Snare Wet High.wav
109,192,112933,1,0,0:0:0:70:LR4_SnareKKF.wav
402,192,112933,1,0,0:0:0:0:
475,192,112933,1,0,0:0:0:0:
182,192,113106,1,0,0:0:0:0:
329,192,113106,1,0,0:0:0:0:
36,192,113278,128,0,113450:0:0:0:70:normal-hitfinish.wav
109,192,113278,128,0,113450:0:0:0:70:LR_Kick Drop Wet Fast.wav
256,192,113278,1,0,0:0:0:0:
402,192,113278,1,0,0:0:0:0:
475,192,113278,128,0,113968:0:0:0:0:
329,192,113450,1,0,0:0:0:0:
36,192,113623,1,0,0:0:0:70:LR_DS - Snare Wet High.wav
182,192,113623,1,0,0:0:0:70:LR4_SnareKKF.wav
256,192,113623,1,0,0:0:0:0:
329,192,113623,1,0,0:0:0:0:
402,192,113623,1,0,0:0:0:0:
109,192,113795,128,0,113968:0:0:0:0:
256,192,113795,128,0,113968:0:0:0:0:
36,192,113968,1,0,0:0:0:0:
182,192,114140,1,0,0:0:0:70:LR_Kick Drop Wet Fast.wav
329,192,114140,128,0,114485:0:0:0:0:
475,192,114140,1,0,0:0:0:0:
36,192,114312,1,0,0:0:0:70:LR_DS - Snare Wet High.wav
109,192,114312,128,0,114485:0:0:0:70:LR4_SnareKKF.wav
182,192,114312,128,0,114485:0:0:0:0:
256,192,114312,1,0,0:0:0:0:
402,192,114312,128,0,114657:0:0:0:0:
475,192,114485,128,0,114830:0:0:0:0:
36,192,114657,128,0,114830:0:0:0:70:LR_Kick Drop Wet Fast.wav
182,192,114657,128,0,114830:0:0:0:0:
256,192,114657,1,0,0:0:0:0:
329,192,114657,128,0,115175:0:0:0:0:
109,192,114830,1,0,0:0:0:0:
36,192,115002,1,0,0:0:0:70:LR_DS - Snare Wet High.wav
109,192,115002,1,0,0:0:0:70:LR4_SnareKKF.wav
182,192,115002,1,0,0:0:0:0:
256,192,115002,1,0,0:0:0:0:
475,192,115002,128,0,115692:0:0:0:0:
109,192,115175,128,0,115347:0:0:0:0:
256,192,115175,128,0,115347:0:0:0:0:
402,192,115175,128,0,115692:0:0:0:0:
36,192,115347,128,0,115519:0:0:0:0:
182,192,115347,128,0,115519:0:0:0:0:
109,192,115519,1,0,0:0:0:70:LR_Kick Drop Wet Fast.wav
256,192,115519,1,0,0:0:0:0:
329,192,115519,1,0,0:0:0:0:
36,192,115692,128,0,115864:0:0:0:70:LR_DS - Snare Wet High.wav
109,192,115692,128,0,115864:0:0:0:70:LR4_SnareKKF.wav
182,192,115692,1,0,0:0:0:0:
256,192,115692,1,0,0:0:0:0:
329,192,115692,128,0,116037:0:0:0:0:
182,192,115864,1,0,0:0:0:0:
36,192,116037,128,0,116554:0:0:0:70:LR_Kick Drop Wet Fast.wav
256,192,116037,1,0,0:0:0:0:
402,192,116037,128,0,116209:0:0:0:0:
475,192,116037,128,0,116209:0:0:0:0:
182,192,116209,1,0,0:0:0:0:
109,192,116381,128,0,116554:0:0:0:70:LR_DS - Snare Wet High.wav
256,192,116381,1,0,0:0:0:70:LR4_SnareKKF.wav
329,192,116381,1,0,0:0:0:0:
402,192,116381,1,0,0:0:0:0:
475,192,116381,1,0,0:0:0:0:
182,192,116554,128,0,117071:0:0:0:0:
329,192,116554,128,0,116726:0:0:0:0:
475,192,116554,128,0,116726:0:0:0:0:
256,192,116726,1,0,0:0:0:0:
36,192,116899,128,0,117243:0:0:0:70:LR_Kick Drop Wet Fast.wav
329,192,116899,1,0,0:0:0:0:
402,192,116899,1,0,0:0:0:0:
109,192,117071,128,0,117416:0:0:0:70:LR_DS - Snare Wet High.wav
256,192,117071,1,0,0:0:0:70:LR4_SnareKKF.wav
329,192,117071,1,0,0:0:0:0:
402,192,117071,128,0,117243:0:0:0:0:
475,192,117071,128,0,117243:0:0:0:0:
182,192,117243,128,0,117416:0:0:0:0:
36,192,117416,128,0,117761:0:0:0:70:LR_Kick Drop Wet Fast.wav
256,192,117416,128,0,117588:0:0:0:0:
402,192,117416,128,0,117588:0:0:0:0:
475,192,117416,1,0,0:0:0:0:
329,192,117588,1,0,0:0:0:0:
109,192,117761,128,0,118106:0:0:0:70:LR_DS - Snare Wet High.wav
182,192,117761,1,0,0:0:0:70:LR4_SnareKKF.wav
329,192,117761,1,0,0:0:0:0:
402,192,117761,1,0,0:0:0:0:
475,192,117761,1,0,0:0:0:0:
256,192,117933,1,0,0:0:0:70:LR_Kick Drop Wet Fast.wav
402,192,117933,1,0,0:0:0:0:
475,192,117933,1,0,0:0:0:0:
36,192,118106,128,0,118709:0:0:0:70:LR_DS - Snare Wet High.wav
182,192,118106,1,0,0:0:0:70:LR4_SnareKKF.wav
256,192,118106,1,0,0:0:0:0:
329,192,118106,1,0,0:0:0:0:
402,192,118106,1,0,0:0:0:0:
109,192,118278,1,0,0:0:0:70:LR_Kick Drop Wet Fast.wav
182,192,118278,1,0,0:0:0:0:
475,192,118278,1,0,0:0:0:0:
256,192,118450,128,0,118709:0:0:0:0:
329,192,118450,1,0,0:0:0:0:
402,192,118450,1,0,0:0:0:0:
109,192,118537,1,0,0:0:0:0:
182,192,118537,1,0,0:0:0:0:
329,192,118623,1,0,0:0:0:0:
402,192,118623,1,0,0:0:0:0:
109,192,118709,1,0,0:0:0:0:
182,192,118709,1,0,0:0:0:0:
36,192,118795,1,0,0:0:0:70:normal-hitfinish.wav
256,192,118795,1,0,0:0:0:70:LR_Kick Drop Wet Fast.wav
329,192,118795,128,0,118968:0:0:0:0:
402,192,118795,128,0,118968:0:0:0:0:
475,192,118795,128,0,119485:0:0:0:0:
182,192,118968,1,0,0:0:0:0:
36,192,119140,1,0,0:0:0:70:LR_DS - Snare Wet High.wav
109,192,119140,1,0,0:0:0:70:LR4_SnareKKF.wav
256,192,119140,1,0,0:0:0:0:
329,192,119140,1,0,0:0:0:0:
402,192,119140,1,0,0:0:0:0:
182,192,119312,128,0,119485:0:0:0:0:
329,192,119312,128,0,119485:0:0:0:0:
36,192,119485,1,0,0:0:0:0:
109,192,119657,1,0,0:0:0:70:LR_Kick Drop Wet Fast.wav
329,192,119657,1,0,0:0:0:0:
402,192,119657,128,0,120002:0:0:0:0:
36,192,119830,1,0,0:0:0:70:LR_DS - Snare Wet High.wav
109,192,119830,128,0,120002:0:0:0:70:LR4_SnareKKF.wav
182,192,119830,1,0,0:0:0:0:
256,192,119830,128,0,120002:0:0:0:0:
475,192,119830,128,0,120175:0:0:0:0:
329,192,120002,128,0,120175:0:0:0:0:
36,192,120175,128,0,120347:0:0:0:70:LR_Kick Drop Wet Fast.wav
109,192,120175,128,0,120347:0:0:0:0:
256,192,120175,1,0,0:0:0:0:
402,192,120175,128,0,120864:0:0:0:0:
182,192,120347,1,0,0:0:0:0:
36,192,120519,1,0,0:0:0:70:LR_DS - Snare Wet High.wav
109,192,120519,1,0,0:0:0:70:LR4_SnareKKF.wav
256,192,120519,1,0,0:0:0:0:
329,192,120519,1,0,0:0:0:0:
475,192,120519,128,0,120864:0:0:0:0:
36,192,120692,128,0,120864:0:0:0:0:
182,192,120692,128,0,120864:0:0:0:0:
109,192,120864,128,0,121037:0:0:0:0:
256,192,120864,128,0,121037:0:0:0:0:
329,192,120864,128,0,121554:0:0:0:0:
182,192,121037,1,0,0:0:0:70:LR_Kick Drop Wet Fast.wav
402,192,121037,1,0,0:0:0:0:
475,192,121037,1,0,0:0:0:0:
36,192,121209,1,0,0:0:0:70:LR_DS - Snare Wet High.wav
109,192,121209,128,0,121381:0:0:0:70:LR4_SnareKKF.wav
182,192,121209,128,0,121381:0:0:0:0:
402,192,121209,128,0,121554:0:0:0:0:
475,192,121209,1,0,0:0:0:0:
256,192,121381,1,0,0:0:0:0:
36,192,121554,128,0,121726:0:0:0:70:normal-hitfinish.wav
109,192,121554,1,0,0:0:0:70:LR_Kick Drop Wet Fast.wav
182,192,121554,1,0,0:0:0:0:
256,192,121554,128,0,121726:0:0:0:0:
475,192,121554,128,0,122416:0:0:0:0:
329,192,121726,1,0,0:0:0:0:
36,192,121899,1,0,0:0:0:70:LR_DS - Snare Wet High.wav
109,192,121899,1,0,0:0:0:70:LR4_SnareKKF.wav
182,192,121899,1,0,0:0:0:0:
256,192,121899,1,0,0:0:0:0:
402,192,121899,1,0,0:0:0:0:
36,192,122071,128,0,122243:0:0:0:70:LR_Kick Drop Wet Fast.wav
109,192,122071,128,0,122243:0:0:0:0:
329,192,122071,1,0,0:0:0:0:
402,192,122071,1,0,0:0:0:0:
256,192,122243,1,0,0:0:0:0:
36,192,122416,1,0,0:0:0:70:LR_Kick Drop Wet Fast.wav
182,192,122416,128,0,122588:0:0:0:0:
329,192,122416,1,0,0:0:0:0:
36,192,122588,1,0,0:0:0:70:LR_DS - Snare Wet High.wav
109,192,122588,1,0,0:0:0:70:LR4_SnareKKF.wav
256,192,122588,128,0,122761:0:0:0:0:
402,192,122588,1,0,0:0:0:0:
475,192,122588,1,0,0:0:0:0:
182,192,122761,1,0,0:0:0:70:LR_Kick Drop Wet Fast.wav
329,192,122761,128,0,122933:0:0:0:0:
475,192,122761,1,0,0:0:0:0:
36,192,122933,1,0,0:0:0:70:normal-hitfinish.wav
109,192,122933,1,0,0:0:0:70:LR_Kick Drop Wet Fast.wav
256,192,122933,1,0,0:0:0:0:
402,192,122933,128,0,123450:0:0:0:0:
475,192,122933,128,0,124226:0:0:0:0:
36,192,123278,1,0,0:0:0:70:LR_DS - Snare Wet High.wav
109,192,123278,1,0,0:0:0:70:LR4_SnareKKF.wav
182,192,123278,1,0,0:0:0:0:
329,192,123278,1,0,0:0:0:0:
36,192,123450,128,0,124226:0:0:0:70:LR_Kick Drop Wet Fast.wav
182,192,123450,1,0,0:0:0:0:
329,192,123450,1,0,0:0:0:0:
256,192,123537,1,0,0:0:0:70:LR_Kick Drop Wet Fast.wav
109,192,123623,1,0,0:0:0:70:LR_DS - Snare Wet High.wav
182,192,123623,1,0,0:0:0:70:LR4_SnareKKF.wav
329,192,123623,1,0,0:0:0:0:
402,192,123623,1,0,0:0:0:0:
256,192,123795,1,0,0:0:0:0:
256,192,123968,1,0,0:0:0:0:
256,192,124140,1,0,0:0:0:0:
36,192,124312,1,0,0:0:0:70:LR_Kick Drop Wet Fast.wav
182,192,124312,1,0,0:0:0:0:
329,192,124312,1,0,0:0:0:0:
475,192,124312,1,0,0:0:0:0:
329,192,124485,1,0,0:0:0:0:
329,192,124571,1,0,0:0:0:0:
402,192,124657,1,0,0:0:0:0:
475,192,124657,1,0,0:0:0:0:
182,192,124830,1,0,0:0:0:0:
182,192,124916,1,0,0:0:0:0:
36,192,125002,1,0,0:0:0:70:LR_DS - Snare Wet High.wav
109,192,125002,1,0,0:0:0:70:LR4_SnareKKF.wav
256,192,125002,1,0,0:0:0:0:
402,192,125002,1,0,0:0:0:0:
475,192,125002,1,0,0:0:0:0:
182,192,125175,1,0,0:0:0:0:
475,192,125175,1,0,0:0:0:0:
109,192,125218,1,0,0:0:0:0:
402,192,125218,1,0,0:0:0:0:
36,192,125261,1,0,0:0:0:0:
329,192,125261,1,0,0:0:0:0:
182,192,125347,1,0,0:0:0:0:
475,192,125347,1,0,0:0:0:0:
109,192,125390,1,0,0:0:0:0:
402,192,125390,1,0,0:0:0:0:
36,192,125433,1,0,0:0:0:0:
329,192,125433,1,0,0:0:0:0:
182,192,125519,1,0,0:0:0:0:
475,192,125519,1,0,0:0:0:0:
109,192,125562,1,0,0:0:0:0:
402,192,125562,1,0,0:0:0:0:
36,192,125606,1,0,0:0:0:0:
329,192,125606,1,0,0:0:0:0:
182,192,125692,1,0,0:0:0:70:LR_Kick Drop Wet Fast.wav
256,192,125692,1,0,0:0:0:0:
475,192,125692,1,0,0:0:0:0:
182,192,125864,1,0,0:0:0:0:
329,192,125864,1,0,0:0:0:0:
109,192,125907,1,0,0:0:0:0:
402,192,125907,1,0,0:0:0:0:
36,192,125950,1,0,0:0:0:0:
475,192,125950,1,0,0:0:0:0:
182,192,126037,1,0,0:0:0:0:
329,192,126037,1,0,0:0:0:0:
109,192,126080,1,0,0:0:0:0:
402,192,126080,1,0,0:0:0:0:
36,192,126123,1,0,0:0:0:0:
475,192,126123,1,0,0:0:0:0:
182,192,126209,1,0,0:0:0:0:
329,192,126209,1,0,0:0:0:0:
109,192,126252,1,0,0:0:0:0:
402,192,126252,1,0,0:0:0:0:
36,192,126295,1,0,0:0:0:0:
475,192,126295,1,0,0:0:0:0:
182,192,126381,1,0,0:0:0:70:LR_DS - Snare Wet High.wav
256,192,126381,1,0,0:0:0:70:LR4_SnareKKF.wav
329,192,126381,1,0,0:0:0:0:
36,192,126554,1,0,0:0:0:0:
329,192,126554,1,0,0:0:0:0:
109,192,126597,1,0,0:0:0:0:
402,192,126597,1,0,0:0:0:0:
182,192,126640,1,0,0:0:0:0:
475,192,126640,1,0,0:0:0:0:
36,192,126726,1,0,0:0:0:0:
329,192,126726,1,0,0:0:0:0:
109,192,126769,1,0,0:0:0:0:
402,192,126769,1,0,0:0:0:0:
182,192,126812,1,0,0:0:0:0:
475,192,126812,1,0,0:0:0:0:
36,192,126899,1,0,0:0:0:0:
329,192,126899,1,0,0:0:0:0:
109,192,126942,1,0,0:0:0:0:
402,192,126942,1,0,0:0:0:0:
182,192,126985,1,0,0:0:0:0:
475,192,126985,1,0,0:0:0:0:
256,192,127071,1,0,0:0:0:70:LR_Kick Drop Wet Fast.wav
329,192,127071,1,0,0:0:0:0:
402,192,127071,1,0,0:0:0:0:
36,192,127114,1,0,0:0:0:0:
109,192,127157,1,0,0:0:0:0:
182,192,127200,1,0,0:0:0:0:
256,192,127243,1,0,0:0:0:0:
329,192,127287,1,0,0:0:0:0:
402,192,127330,1,0,0:0:0:0:
475,192,127373,1,0,0:0:0:0:
36,192,127416,128,0,127675:0:0:0:0:
109,192,127416,128,0,127675:0:0:0:0:
182,192,127416,1,0,0:0:0:0:
256,192,127459,1,0,0:0:0:0:
329,192,127502,1,0,0:0:0:0:
402,192,127545,1,0,0:0:0:0:
475,192,127588,1,0,0:0:0:0:
182,192,127631,1,0,0:0:0:0:
256,192,127675,1,0,0:0:0:0:
329,192,127718,1,0,0:0:0:0:
36,192,127761,1,0,0:0:0:70:LR_DS - Snare Wet High.wav
109,192,127761,1,0,0:0:0:70:LR4_SnareKKF.wav
402,192,127761,128,0,128019:0:0:0:0:
475,192,127761,128,0,128192:0:0:0:0:
256,192,127933,128,0,128019:0:0:0:0:
329,192,127933,128,0,128192:0:0:0:0:
36,192,128106,128,0,128364:0:0:0:0:
109,192,128106,128,0,128364:0:0:0:0:
256,192,128106,128,0,128364:0:0:0:0:
402,192,128106,128,0,128364:0:0:0:0:
329,192,128278,128,0,128364:0:0:0:0:
475,192,128278,128,0,128364:0:0:0:0:
36,192,128450,1,0,0:0:0:70:LR_Kick Drop Wet Fast.wav
109,192,128450,1,0,0:0:0:0:
402,192,128450,1,0,0:0:0:0:
475,192,128450,1,0,0:0:0:0:
182,192,128623,1,0,0:0:0:0:
256,192,128680,1,0,0:0:0:0:
329,192,128738,1,0,0:0:0:0:
36,192,128795,1,0,0:0:0:70:LR_Kick Drop Wet Fast.wav
109,192,128795,1,0,0:0:0:0:
402,192,128795,128,0,129054:0:0:0:0:
475,192,128795,128,0,129054:0:0:0:0:
256,192,128968,1,0,0:0:0:0:
182,192,129025,1,0,0:0:0:0:
109,192,129083,1,0,0:0:0:0:
36,192,129140,1,0,0:0:0:70:LR_DS - Snare Wet High.wav
256,192,129140,1,0,0:0:0:70:LR4_SnareKKF.wav
329,192,129140,1,0,0:0:0:0:
402,192,129140,1,0,0:0:0:0:
182,192,129312,1,0,0:0:0:0:
256,192,129312,1,0,0:0:0:0:
329,192,129312,1,0,0:0:0:0:
109,192,129485,1,0,0:0:0:0:
182,192,129485,1,0,0:0:0:0:
256,192,129485,1,0,0:0:0:0:
402,192,129485,128,0,129743:0:0:0:0:
475,192,129485,128,0,129743:0:0:0:0:
36,192,129657,1,0,0:0:0:0:
109,192,129657,1,0,0:0:0:0:
182,192,129657,1,0,0:0:0:0:
36,192,129830,128,0,130175:0:0:0:70:LR_Kick Drop Wet Fast.wav
109,192,129830,128,0,130175:0:0:0:0:
329,192,129830,128,0,130175:0:0:0:0:
475,192,129830,128,0,130175:0:0:0:0:
402,192,130175,1,0,0:0:0:0:
256,192,130218,1,0,0:0:0:0:
182,192,130347,1,0,0:0:0:0:
402,192,130347,1,0,0:0:0:0:
36,192,130519,1,0,0:0:0:70:LR_DS - Snare Wet High.wav
109,192,130519,1,0,0:0:0:70:LR4_SnareKKF.wav
256,192,130519,1,0,0:0:0:0:
329,192,130519,1,0,0:0:0:0:
475,192,130519,1,0,0:0:0:0:
182,192,130692,1,0,0:0:0:0:
329,192,130692,1,0,0:0:0:0:
109,192,130735,1,0,0:0:0:0:
402,192,130735,1,0,0:0:0:0:
36,192,130778,1,0,0:0:0:0:
475,192,130778,1,0,0:0:0:0:
182,192,130864,1,0,0:0:0:0:
329,192,130864,1,0,0:0:0:0:
109,192,130907,1,0,0:0:0:0:
402,192,130907,1,0,0:0:0:0:
36,192,130950,1,0,0:0:0:0:
475,192,130950,1,0,0:0:0:0:
182,192,131037,1,0,0:0:0:0:
329,192,131037,1,0,0:0:0:0:
109,192,131080,1,0,0:0:0:0:
402,192,131080,1,0,0:0:0:0:
36,192,131123,1,0,0:0:0:0:
475,192,131123,1,0,0:0:0:0:
182,192,131209,1,0,0:0:0:70:LR_Kick Drop Wet Fast.wav
256,192,131209,1,0,0:0:0:0:
329,192,131209,1,0,0:0:0:0:
36,192,131381,1,0,0:0:0:0:
329,192,131381,1,0,0:0:0:0:
109,192,131425,1,0,0:0:0:0:
402,192,131425,1,0,0:0:0:0:
182,192,131468,1,0,0:0:0:0:
475,192,131468,1,0,0:0:0:0:
36,192,131554,1,0,0:0:0:0:
329,192,131554,1,0,0:0:0:0:
109,192,131597,1,0,0:0:0:0:
402,192,131597,1,0,0:0:0:0:
182,192,131640,1,0,0:0:0:0:
475,192,131640,1,0,0:0:0:0:
36,192,131726,1,0,0:0:0:0:
329,192,131726,1,0,0:0:0:0:
109,192,131769,1,0,0:0:0:0:
402,192,131769,1,0,0:0:0:0:
182,192,131812,1,0,0:0:0:0:
475,192,131812,1,0,0:0:0:0:
36,192,131899,1,0,0:0:0:70:LR_DS - Snare Wet High.wav
256,192,131899,1,0,0:0:0:70:LR4_SnareKKF.wav
329,192,131899,1,0,0:0:0:0:
36,192,132071,1,0,0:0:0:0:
475,192,132071,1,0,0:0:0:0:
109,192,132114,1,0,0:0:0:0:
402,192,132114,1,0,0:0:0:0:
182,192,132157,1,0,0:0:0:0:
329,192,132157,1,0,0:0:0:0:
36,192,132243,1,0,0:0:0:0:
475,192,132243,1,0,0:0:0:0:
109,192,132287,1,0,0:0:0:0:
402,192,132287,1,0,0:0:0:0:
182,192,132330,1,0,0:0:0:0:
329,192,132330,1,0,0:0:0:0:
36,192,132416,1,0,0:0:0:0:
475,192,132416,1,0,0:0:0:0:
109,192,132459,1,0,0:0:0:0:
402,192,132459,1,0,0:0:0:0:
182,192,132502,1,0,0:0:0:0:
329,192,132502,1,0,0:0:0:0:
36,192,132588,1,0,0:0:0:70:LR_Kick Drop Wet Fast.wav
109,192,132588,1,0,0:0:0:0:
256,192,132588,1,0,0:0:0:0:
475,192,132631,1,0,0:0:0:0:
402,192,132675,1,0,0:0:0:0:
329,192,132718,1,0,0:0:0:0:
256,192,132761,1,0,0:0:0:0:
182,192,132804,1,0,0:0:0:0:
109,192,132847,1,0,0:0:0:0:
36,192,132890,1,0,0:0:0:0:
329,192,132933,1,0,0:0:0:0:
402,192,132976,1,0,0:0:0:0:
475,192,133019,1,0,0:0:0:0:
36,192,133062,1,0,0:0:0:0:
109,192,133106,1,0,0:0:0:0:
182,192,133149,1,0,0:0:0:0:
256,192,133192,1,0,0:0:0:0:
329,192,133235,1,0,0:0:0:0:
36,192,133278,1,0,0:0:0:70:LR_DS - Snare Wet High.wav
109,192,133278,1,0,0:0:0:70:LR4_SnareKKF.wav
402,192,133278,1,0,0:0:0:0:
475,192,133278,1,0,0:0:0:0:
329,192,133450,128,0,133537:0:0:0:0:
402,192,133450,128,0,133537:0:0:0:0:
475,192,133450,128,0,133537:0:0:0:0:
36,192,133537,128,0,133623:0:0:0:0:
109,192,133537,128,0,133623:0:0:0:0:
182,192,133537,128,0,133623:0:0:0:0:
329,192,133623,128,0,133795:0:0:0:0:
402,192,133623,128,0,133795:0:0:0:0:
475,192,133623,128,0,133795:0:0:0:0:
36,192,133795,1,0,0:0:0:70:LR_Kick Drop Wet Fast.wav
109,192,133795,1,0,0:0:0:0:
182,192,133795,1,0,0:0:0:0:
256,192,133795,1,0,0:0:0:0:
36,192,133968,1,0,0:0:0:0:
182,192,134011,1,0,0:0:0:0:
329,192,134054,1,0,0:0:0:0:
475,192,134097,1,0,0:0:0:0:
109,192,134140,1,0,0:0:0:0:
256,192,134183,1,0,0:0:0:0:
402,192,134226,1,0,0:0:0:0:
182,192,134269,1,0,0:0:0:0:
36,192,134312,1,0,0:0:0:70:LR_Kick Drop Wet Fast.wav
329,192,134312,1,0,0:0:0:0:
475,192,134356,1,0,0:0:0:0:
109,192,134399,1,0,0:0:0:0:
256,192,134442,1,0,0:0:0:0:
402,192,134485,1,0,0:0:0:0:
36,192,134528,1,0,0:0:0:0:
182,192,134571,1,0,0:0:0:0:
329,192,134614,1,0,0:0:0:0:
109,192,134657,1,0,0:0:0:70:LR_DS - Snare Wet High.wav
256,192,134657,1,0,0:0:0:70:LR4_SnareKKF.wav
402,192,134657,1,0,0:0:0:0:
475,192,134657,1,0,0:0:0:0:
402,192,134830,1,0,0:0:0:0:
329,192,134873,1,0,0:0:0:0:
256,192,134916,1,0,0:0:0:0:
182,192,134959,1,0,0:0:0:0:
109,192,135002,1,0,0:0:0:0:
36,192,135045,1,0,0:0:0:0:
475,192,135088,1,0,0:0:0:0:
402,192,135131,1,0,0:0:0:0:
329,192,135175,1,0,0:0:0:0:
256,192,135218,1,0,0:0:0:0:
182,192,135261,1,0,0:0:0:0:
109,192,135304,1,0,0:0:0:0:
36,192,135347,1,0,0:0:0:70:LR_Kick Drop Wet Fast.wav
329,192,135347,1,0,0:0:0:0:
402,192,135347,1,0,0:0:0:0:
475,192,135347,1,0,0:0:0:0:
109,192,135519,1,0,0:0:0:0:
182,192,135519,1,0,0:0:0:0:
109,192,135606,1,0,0:0:0:0:
182,192,135606,1,0,0:0:0:0:
256,192,135692,1,0,0:0:0:0:
402,192,135692,1,0,0:0:0:0:
475,192,135692,1,0,0:0:0:0:
256,192,135864,1,0,0:0:0:0:
402,192,135864,1,0,0:0:0:0:
475,192,135864,1,0,0:0:0:0:
36,192,136037,1,0,0:0:0:70:LR_DS - Snare Wet High.wav
109,192,136037,1,0,0:0:0:70:LR4_SnareKKF.wav
256,192,136037,1,0,0:0:0:0:
402,192,136037,1,0,0:0:0:0:
475,192,136037,1,0,0:0:0:0:
182,192,136209,1,0,0:0:0:0:
329,192,136209,1,0,0:0:0:0:
109,192,136252,1,0,0:0:0:0:
402,192,136252,1,0,0:0:0:0:
36,192,136295,1,0,0:0:0:0:
475,192,136295,1,0,0:0:0:0:
182,192,136381,1,0,0:0:0:0:
329,192,136381,1,0,0:0:0:0:
109,192,136425,1,0,0:0:0:0:
402,192,136425,1,0,0:0:0:0:
36,192,136468,1,0,0:0:0:0:
475,192,136468,1,0,0:0:0:0:
182,192,136554,1,0,0:0:0:0:
329,192,136554,1,0,0:0:0:0:
109,192,136597,1,0,0:0:0:0:
402,192,136597,1,0,0:0:0:0:
36,192,136640,1,0,0:0:0:0:
475,192,136640,1,0,0:0:0:0:
182,192,136726,1,0,0:0:0:70:LR_Kick Drop Wet Fast.wav
256,192,136726,1,0,0:0:0:0:
329,192,136726,1,0,0:0:0:0:
36,192,136899,1,0,0:0:0:0:
475,192,136899,1,0,0:0:0:0:
109,192,136942,1,0,0:0:0:0:
402,192,136942,1,0,0:0:0:0:
182,192,136985,1,0,0:0:0:0:
329,192,136985,1,0,0:0:0:0:
36,192,137071,1,0,0:0:0:0:
475,192,137071,1,0,0:0:0:0:
109,192,137114,1,0,0:0:0:0:
402,192,137114,1,0,0:0:0:0:
182,192,137157,1,0,0:0:0:0:
329,192,137157,1,0,0:0:0:0:
36,192,137243,1,0,0:0:0:0:
475,192,137243,1,0,0:0:0:0:
109,192,137287,1,0,0:0:0:0:
402,192,137287,1,0,0:0:0:0:
182,192,137330,1,0,0:0:0:0:
329,192,137330,1,0,0:0:0:0:
36,192,137416,1,0,0:0:0:70:LR_DS - Snare Wet High.wav
256,192,137416,1,0,0:0:0:70:LR4_SnareKKF.wav
475,192,137416,1,0,0:0:0:0:
182,192,137588,1,0,0:0:0:0:
475,192,137588,1,0,0:0:0:0:
109,192,137631,1,0,0:0:0:0:
402,192,137631,1,0,0:0:0:0:
36,192,137675,1,0,0:0:0:0:
329,192,137675,1,0,0:0:0:0:
182,192,137761,1,0,0:0:0:0:
475,192,137761,1,0,0:0:0:0:
109,192,137804,1,0,0:0:0:0:
402,192,137804,1,0,0:0:0:0:
36,192,137847,1,0,0:0:0:0:
329,192,137847,1,0,0:0:0:0:
182,192,137933,1,0,0:0:0:0:
475,192,137933,1,0,0:0:0:0:
109,192,137976,1,0,0:0:0:0:
402,192,137976,1,0,0:0:0:0:
36,192,138019,1,0,0:0:0:0:
329,192,138019,1,0,0:0:0:0:
109,192,138106,1,0,0:0:0:70:LR_Kick Drop Wet Fast.wav
182,192,138106,1,0,0:0:0:0:
256,192,138106,1,0,0:0:0:0:
475,192,138149,1,0,0:0:0:0:
402,192,138192,1,0,0:0:0:0:
329,192,138235,1,0,0:0:0:0:
256,192,138278,1,0,0:0:0:0:
182,192,138321,1,0,0:0:0:0:
109,192,138364,1,0,0:0:0:0:
36,192,138407,1,0,0:0:0:0:
329,192,138450,1,0,0:0:0:0:
402,192,138450,128,0,138709:0:0:0:0:
475,192,138450,128,0,138709:0:0:0:0:
256,192,138493,1,0,0:0:0:0:
182,192,138537,1,0,0:0:0:0:
109,192,138580,1,0,0:0:0:0:
36,192,138623,1,0,0:0:0:0:
329,192,138666,1,0,0:0:0:0:
256,192,138709,1,0,0:0:0:0:
182,192,138752,1,0,0:0:0:0:
36,192,138795,1,0,0:0:0:70:LR_DS - Snare Wet High.wav
109,192,138795,1,0,0:0:0:70:LR4_SnareKKF.wav
402,192,138795,1,0,0:0:0:0:
475,192,138795,1,0,0:0:0:0:
182,192,138968,128,0,139054:0:0:0:0:
329,192,138968,128,0,139054:0:0:0:0:
109,192,139140,128,0,139226:0:0:0:0:
256,192,139140,128,0,139226:0:0:0:0:
402,192,139140,128,0,139399:0:0:0:0:
475,192,139140,128,0,139399:0:0:0:0:
36,192,139312,1,0,0:0:0:70:LR_Kick Drop Wet Fast.wav
182,192,139312,1,0,0:0:0:0:
329,192,139312,1,0,0:0:0:0:
182,192,139485,1,0,0:0:0:0:
182,192,139571,1,0,0:0:0:0:
329,192,139657,1,0,0:0:0:0:
329,192,139743,1,0,0:0:0:0:
36,192,139830,128,0,140088:0:0:0:0:
109,192,139830,128,0,140088:0:0:0:0:
475,192,139830,1,0,0:0:0:0:
475,192,139916,1,0,0:0:0:0:
256,192,140002,1,0,0:0:0:0:
256,192,140088,1,0,0:0:0:0:
36,192,140175,1,0,0:0:0:70:LR_DS - Snare Wet High.wav
182,192,140175,1,0,0:0:0:70:LR4_SnareKKF.wav
329,192,140175,1,0,0:0:0:0:
475,192,140175,1,0,0:0:0:0:
256,192,140347,128,0,140778:0:0:0:0:
36,192,140519,128,0,140778:0:0:0:0:
109,192,140519,128,0,140778:0:0:0:0:
182,192,140519,1,0,0:0:0:0:
329,192,140519,1,0,0:0:0:0:
402,192,140606,1,0,0:0:0:0:
475,192,140606,1,0,0:0:0:0:
182,192,140692,1,0,0:0:0:0:
329,192,140692,1,0,0:0:0:0:
402,192,140778,1,0,0:0:0:0:
475,192,140778,1,0,0:0:0:0:
36,192,140864,1,0,0:0:0:70:LR_Kick Drop Wet Fast.wav
109,192,140864,1,0,0:0:0:0:
256,192,140864,1,0,0:0:0:0:
329,192,140864,1,0,0:0:0:0:
402,192,140907,1,0,0:0:0:0:
475,192,140950,1,0,0:0:0:0:
182,192,140993,1,0,0:0:0:0:
256,192,141037,1,0,0:0:0:0:
329,192,141080,1,0,0:0:0:0:
36,192,141123,1,0,0:0:0:0:
109,192,141166,1,0,0:0:0:0:
182,192,141209,1,0,0:0:0:0:
475,192,141209,1,0,0:0:0:0:
256,192,141295,1,0,0:0:0:0:
402,192,141295,1,0,0:0:0:0:
36,192,141381,1,0,0:0:0:0:
109,192,141381,1,0,0:0:0:0:
329,192,141381,1,0,0:0:0:0:
182,192,141468,1,0,0:0:0:0:
402,192,141468,1,0,0:0:0:0:
36,192,141554,1,0,0:0:0:70:LR_DS - Snare Wet High.wav
109,192,141554,1,0,0:0:0:70:LR4_SnareKKF.wav
256,192,141554,1,0,0:0:0:0:
329,192,141554,1,0,0:0:0:0:
475,192,141554,1,0,0:0:0:0:
182,192,141726,1,0,0:0:0:0:
475,192,141726,1,0,0:0:0:0:
109,192,141769,1,0,0:0:0:0:
402,192,141769,1,0,0:0:0:0:
36,192,141812,1,0,0:0:0:0:
329,192,141812,1,0,0:0:0:0:
182,192,141899,1,0,0:0:0:0:
475,192,141899,1,0,0:0:0:0:
109,192,141942,1,0,0:0:0:0:
402,192,141942,1,0,0:0:0:0:
36,192,141985,1,0,0:0:0:0:
329,192,141985,1,0,0:0:0:0:
182,192,142071,1,0,0:0:0:0:
475,192,142071,1,0,0:0:0:0:
109,192,142114,1,0,0:0:0:0:
402,192,142114,1,0,0:0:0:0:
36,192,142157,1,0,0:0:0:0:
329,192,142157,1,0,0:0:0:0:
182,192,142243,1,0,0:0:0:70:LR_Kick Drop Wet Fast.wav
256,192,142243,1,0,0:0:0:0:
475,192,142243,1,0,0:0:0:0:
36,192,142416,1,0,0:0:0:0:
329,192,142416,1,0,0:0:0:0:
109,192,142459,1,0,0:0:0:0:
402,192,142459,1,0,0:0:0:0:
182,192,142502,1,0,0:0:0:0:
475,192,142502,1,0,0:0:0:0:
36,192,142588,1,0,0:0:0:0:
329,192,142588,1,0,0:0:0:0:
109,192,142631,1,0,0:0:0:0:
402,192,142631,1,0,0:0:0:0:
182,192,142675,1,0,0:0:0:0:
475,192,142675,1,0,0:0:0:0:
36,192,142761,1,0,0:0:0:0:
329,192,142761,1,0,0:0:0:0:
109,192,142804,1,0,0:0:0:0:
402,192,142804,1,0,0:0:0:0:
182,192,142847,1,0,0:0:0:0:
475,192,142847,1,0,0:0:0:0:
36,192,142933,1,0,0:0:0:70:LR_DS - Snare Wet High.wav
256,192,142933,1,0,0:0:0:70:LR4_SnareKKF.wav
329,192,142933,1,0,0:0:0:0:
36,192,143106,1,0,0:0:0:0:
475,192,143106,1,0,0:0:0:0:
109,192,143149,1,0,0:0:0:0:
402,192,143149,1,0,0:0:0:0:
182,192,143192,1,0,0:0:0:0:
329,192,143192,1,0,0:0:0:0:
36,192,143278,1,0,0:0:0:0:
475,192,143278,1,0,0:0:0:0:
109,192,143321,1,0,0:0:0:0:
402,192,143321,1,0,0:0:0:0:
182,192,143364,1,0,0:0:0:0:
329,192,143364,1,0,0:0:0:0:
36,192,143450,1,0,0:0:0:0:
475,192,143450,1,0,0:0:0:0:
109,192,143493,1,0,0:0:0:0:
402,192,143493,1,0,0:0:0:0:
182,192,143537,1,0,0:0:0:0:
329,192,143537,1,0,0:0:0:0:
36,192,143623,128,0,146381:0:0:0:70:normal-hitfinish.wav
109,192,143623,128,0,146381:0:0:0:70:G2H.wav
256,192,143623,128,0,146381:0:0:0:0:
402,192,143623,128,0,146381:0:0:0:0:
475,192,143623,128,0,146381:0:0:0:0:
