[Metadata]
Vindication
Laur
Madoka2574
Arcaea Adverse Prelude Dubstep Piano Artcore Orchestral
15
0.01


[TimingPoints]
175,344.827586206897,4,1,1,10,1,0
22243,-100,4,1,1,45,0,0
80175,-100,4,1,1,10,0,0
102243,-100,4,1,1,45,0,1
124312,-100,4,1,1,45,0,0
125002,-100,4,1,1,45,0,1
127071,-100,4,1,1,45,0,0
130519,-100,4,1,1,45,0,1
132588,-100,4,1,1,45,0,0
136037,-100,4,1,1,45,0,1
138106,-100,4,1,1,45,0,0
141554,-100,4,1,1,45,0,1
143623,-100,4,1,1,45,0,0


[HitObjects]
182,192,175,5,0,0:0:0:0:
402,192,175,1,0,0:0:0:0:
36,192,864,1,0,0:0:0:0:
109,192,1037,1,0,0:0:0:0:
182,192,1209,1,0,0:0:0:0:
256,192,1381,1,0,0:0:0:0:
329,192,1554,1,0,0:0:0:0:
475,192,1554,1,0,0:0:0:0:
256,192,1899,1,0,0:0:0:0:
402,192,1899,1,0,0:0:0:0:
182,192,2243,1,0,0:0:0:0:
329,192,2243,1,0,0:0:0:0:
109,192,2588,1,0,0:0:0:0:
256,192,2588,1,0,0:0:0:0:
36,192,2933,1,0,0:0:0:0:
402,192,2933,1,0,0:0:0:0:
329,192,3450,1,0,0:0:0:0:
256,192,3968,1,0,0:0:0:0:
109,192,4312,1,0,0:0:0:0:
475,192,4485,1,0,0:0:0:0:
402,192,4657,1,0,0:0:0:0:
329,192,4830,1,0,0:0:0:0:
109,192,5002,1,0,0:0:0:0:
256,192,5002,1,0,0:0:0:0:
182,192,5347,1,0,0:0:0:0:
329,192,5347,1,0,0:0:0:0:
36,192,5692,1,0,0:0:0:0:
475,192,5692,1,0,0:0:0:0:
402,192,6381,1,0,0:0:0:0:
182,192,6554,1,0,0:0:0:0:
329,192,6726,1,0,0:0:0:0:
109,192,6899,1,0,0:0:0:0:
36,192,7071,1,0,0:0:0:0:
256,192,7071,1,0,0:0:0:0:
109,192,7416,1,0,0:0:0:0:
329,192,7416,1,0,0:0:0:0:
256,192,7761,1,0,0:0:0:0:
475,192,7761,1,0,0:0:0:0:
182,192,8106,1,0,0:0:0:0:
402,192,8106,1,0,0:0:0:0:
109,192,8450,1,0,0:0:0:0:
329,192,8450,1,0,0:0:0:0:
109,192,8968,1,0,0:0:0:0:
329,192,8968,1,0,0:0:0:0:
182,192,9312,1,0,0:0:0:0:
475,192,9485,1,0,0:0:0:0:
256,192,9657,1,0,0:0:0:0:
109,192,9830,1,0,0:0:0:0:
402,192,9830,1,0,0:0:0:0:
36,192,10519,1,0,0:0:0:0:
182,192,10692,1,0,0:0:0:0:
329,192,10864,1,0,0:0:0:0:
36,192,11209,1,0,0:0:0:0:
475,192,11209,128,0,13278:0:0:0:0:
109,192,11381,1,0,0:0:0:0:
182,192,11554,1,0,0:0:0:0:
256,192,11726,1,0,0:0:0:0:
402,192,12071,1,0,0:0:0:0:
256,192,12243,1,0,0:0:0:0:
109,192,12416,1,0,0:0:0:0:
36,192,12588,1,0,0:0:0:0:
329,192,12933,1,0,0:0:0:0:
182,192,13278,1,0,0:0:0:0:
256,192,13278,128,0,13968:0:0:0:0:
36,192,13623,1,0,0:0:0:0:
109,192,13968,1,0,0:0:0:0:
402,192,13968,128,0,14485:0:0:0:0:
36,192,14485,128,0,16037:0:0:0:0:
256,192,14485,1,0,0:0:0:0:
182,192,15002,1,0,0:0:0:0:
256,192,15175,1,0,0:0:0:0:
329,192,15347,1,0,0:0:0:0:
475,192,15519,1,0,0:0:0:0:
329,192,15864,1,0,0:0:0:0:
182,192,16037,128,0,16726:0:0:0:0:
475,192,16037,1,0,0:0:0:0:
402,192,16209,1,0,0:0:0:0:
256,192,16381,1,0,0:0:0:0:
109,192,16726,1,0,0:0:0:0:
475,192,16726,128,0,18795:0:0:0:0:
182,192,17416,1,0,0:0:0:0:
329,192,17588,1,0,0:0:0:0:
109,192,17761,1,0,0:0:0:0:
256,192,17933,1,0,0:0:0:0:
402,192,18106,1,0,0:0:0:0:
182,192,18450,1,0,0:0:0:0:
256,192,18795,128,0,19485:0:0:0:0:
329,192,18795,1,0,0:0:0:0:
109,192,19140,1,0,0:0:0:0:
36,192,19485,128,0,22243:0:0:0:0:
402,192,19485,1,0,0:0:0:0:
402,192,20002,1,0,0:0:0:0:
256,192,20347,1,0,0:0:0:0:
109,192,20519,1,0,0:0:0:0:
329,192,20692,1,0,0:0:0:0:
475,192,20864,128,0,22243:0:0:0:0:
256,192,21209,1,0,0:0:0:0:
402,192,21381,1,0,0:0:0:0:
182,192,22243,5,0,0:0:0:70:normal-hitfinish.wav
256,192,22243,1,0,0:0:0:50:LR5_Kick Bass Heavy.wav
329,192,22243,128,0,25002:0:0:0:0:
109,192,22416,1,0,0:0:0:0:
256,192,22588,1,0,0:0:0:0:
402,192,22761,1,0,0:0:0:0:
475,192,22761,1,0,0:0:0:0:
182,192,23106,1,0,0:0:0:0:
36,192,23278,1,0,0:0:0:0:
109,192,23278,1,0,0:0:0:0:
256,192,23623,1,0,0:0:0:50:LR5_Kick Bass Heavy.wav
109,192,23795,1,0,0:0:0:0:
402,192,23795,1,0,0:0:0:0:
182,192,24312,1,0,0:0:0:0:
475,192,24312,1,0,0:0:0:0:
109,192,24657,1,0,0:0:0:50:LR5_Kick Bass Heavy.wav
402,192,24657,1,0,0:0:0:0:
36,192,25002,128,0,27761:0:0:0:50:LR5_Kick Bass Heavy.wav
256,192,25002,1,0,0:0:0:0:
182,192,25175,1,0,0:0:0:0:
329,192,25347,1,0,0:0:0:0:
109,192,25519,1,0,0:0:0:0:
475,192,25519,1,0,0:0:0:0:
182,192,25864,1,0,0:0:0:0:
329,192,26037,1,0,0:0:0:50:LR5_Kick Bass Heavy.wav
475,192,26037,1,0,0:0:0:0:
109,192,26381,1,0,0:0:0:50:LR5_Kick Bass Heavy.wav
256,192,26554,1,0,0:0:0:0:
402,192,26554,1,0,0:0:0:0:
182,192,27071,1,0,0:0:0:0:
329,192,27071,1,0,0:0:0:0:
256,192,27416,1,0,0:0:0:0:
402,192,27416,1,0,0:0:0:0:
109,192,27761,1,0,0:0:0:70:normal-hitfinish.wav
329,192,27761,1,0,0:0:0:50:LR5_Kick Bass Heavy.wav
475,192,27761,128,0,29830:0:0:0:0:
182,192,27933,1,0,0:0:0:0:
256,192,28106,1,0,0:0:0:0:
36,192,28278,1,0,0:0:0:0:
329,192,28278,1,0,0:0:0:0:
402,192,28623,1,0,0:0:0:0:
109,192,28795,1,0,0:0:0:0:
256,192,28795,1,0,0:0:0:0:
36,192,29140,1,0,0:0:0:50:LR5_Kick Bass Heavy.wav
182,192,29312,1,0,0:0:0:0:
329,192,29312,1,0,0:0:0:0:
109,192,29830,1,0,0:0:0:0:
256,192,29830,1,0,0:0:0:0:
402,192,29830,128,0,30519:0:0:0:0:
182,192,30175,1,0,0:0:0:50:LR5_Kick Bass Heavy.wav
329,192,30175,1,0,0:0:0:0:
36,192,30519,1,0,0:0:0:50:LR5_Kick Bass Heavy.wav
256,192,30519,128,0,31899:0:0:0:0:
109,192,30692,1,0,0:0:0:0:
182,192,30864,1,0,0:0:0:0:
329,192,31037,1,0,0:0:0:0:
475,192,31037,1,0,0:0:0:0:
402,192,31381,1,0,0:0:0:0:
36,192,31554,1,0,0:0:0:50:LR5_Kick Bass Heavy.wav
182,192,31554,1,0,0:0:0:0:
109,192,31899,1,0,0:0:0:50:LR5_Kick Bass Heavy.wav
475,192,31899,128,0,33278:0:0:0:0:
256,192,32071,1,0,0:0:0:0:
402,192,32071,1,0,0:0:0:0:
182,192,32588,1,0,0:0:0:0:
329,192,32588,1,0,0:0:0:0:
109,192,32933,1,0,0:0:0:0:
256,192,32933,1,0,0:0:0:0:
36,192,33278,128,0,35347:0:0:0:70:normal-hitfinish.wav
182,192,33278,1,0,0:0:0:50:LR5_Kick Bass Heavy.wav
402,192,33278,1,0,0:0:0:0:
329,192,33450,1,0,0:0:0:0:
256,192,33623,1,0,0:0:0:0:
182,192,33795,1,0,0:0:0:0:
475,192,33795,1,0,0:0:0:0:
256,192,34140,1,0,0:0:0:0:
402,192,34312,1,0,0:0:0:0:
475,192,34312,1,0,0:0:0:0:
329,192,34657,1,0,0:0:0:50:LR5_Kick Bass Heavy.wav
109,192,34830,1,0,0:0:0:0:
182,192,34830,1,0,0:0:0:0:
182,192,35347,1,0,0:0:0:0:
329,192,35347,1,0,0:0:0:0:
402,192,35347,128,0,36037:0:0:0:0:
109,192,35692,1,0,0:0:0:50:LR5_Kick Bass Heavy.wav
256,192,35692,1,0,0:0:0:0:
36,192,36037,1,0,0:0:0:50:LR5_Kick Bass Heavy.wav
475,192,36037,128,0,38795:0:0:0:0:
182,192,36554,1,0,0:0:0:0:
329,192,36554,1,0,0:0:0:0:
182,192,37071,1,0,0:0:0:50:LR5_Kick Bass Heavy.wav
329,192,37071,1,0,0:0:0:0:
329,192,37588,1,0,0:0:0:0:
402,192,37588,1,0,0:0:0:0:
36,192,38106,1,0,0:0:0:0:
182,192,38106,1,0,0:0:0:0:
109,192,38450,1,0,0:0:0:0:
256,192,38450,1,0,0:0:0:0:
36,192,38795,128,0,40864:0:0:0:70:normal-hitfinish.wav
256,192,38795,1,0,0:0:0:50:LR5_Kick Bass Heavy.wav
402,192,38795,1,0,0:0:0:0:
182,192,38968,1,0,0:0:0:0:
329,192,39140,1,0,0:0:0:0:
475,192,39312,1,0,0:0:0:0:
182,192,39485,1,0,0:0:0:50:LR5_Kick Bass Heavy.wav
329,192,39657,1,0,0:0:0:0:
109,192,39830,1,0,0:0:0:0:
256,192,39830,1,0,0:0:0:0:
475,192,40175,1,0,0:0:0:50:LR5_Kick Bass Heavy.wav
182,192,40347,1,0,0:0:0:0:
402,192,40347,1,0,0:0:0:0:
109,192,40864,1,0,0:0:0:0:
256,192,40864,128,0,41554:0:0:0:0:
329,192,40864,1,0,0:0:0:0:
182,192,41209,1,0,0:0:0:50:LR5_Kick Bass Heavy.wav
402,192,41209,1,0,0:0:0:0:
109,192,41554,128,0,43106:0:0:0:50:LR5_Kick Bass Heavy.wav
475,192,41554,1,0,0:0:0:0:
329,192,41726,1,0,0:0:0:0:
256,192,41899,1,0,0:0:0:0:
182,192,42071,1,0,0:0:0:0:
402,192,42243,1,0,0:0:0:0:
256,192,42416,1,0,0:0:0:0:
329,192,42588,1,0,0:0:0:50:LR5_Kick Bass Heavy.wav
475,192,42588,1,0,0:0:0:0:
182,192,42933,1,0,0:0:0:50:LR5_Kick Bass Heavy.wav
256,192,43106,1,0,0:0:0:0:
402,192,43106,128,0,43623:0:0:0:0:
182,192,43623,1,0,0:0:0:0:
329,192,43623,128,0,43968:0:0:0:0:
109,192,43968,1,0,0:0:0:0:
256,192,43968,128,0,44312:0:0:0:0:
36,192,44312,128,0,46899:0:0:0:70:normal-hitfinish.wav
182,192,44312,1,0,0:0:0:50:LR5_Kick Bass Heavy.wav
475,192,44312,1,0,0:0:0:70:LR_Kick Drop Wet Fast.wav
402,192,44485,1,0,0:0:0:70:LR_NBell_D5.wav
329,192,44657,1,0,0:0:0:70:LR_NBell_G5.wav
256,192,44830,1,0,0:0:0:70:LR_NBell_A#5.wav
475,192,45002,1,0,0:0:0:0:
329,192,45175,1,0,0:0:0:0:
109,192,45347,1,0,0:0:0:70:LR_NBell_D6.wav
256,192,45519,1,0,0:0:0:0:
402,192,45692,1,0,0:0:0:70:LR_NBell_C6.wav
256,192,45864,1,0,0:0:0:0:
475,192,46037,1,0,0:0:0:0:
182,192,46209,1,0,0:0:0:70:LR_NBell_A#5.wav
402,192,46381,1,0,0:0:0:0:
109,192,46554,1,0,0:0:0:0:
329,192,46726,1,0,0:0:0:70:LR_NBell_A5.wav
475,192,46899,1,0,0:0:0:0:
329,192,47071,1,0,0:0:0:70:LR_NBell_A5.wav
182,192,47243,1,0,0:0:0:0:
36,192,47416,1,0,0:0:0:0:
475,192,47588,1,0,0:0:0:70:LR_NBell_A#5.wav
329,192,47761,1,0,0:0:0:0:
109,192,47933,1,0,0:0:0:0:
256,192,48106,1,0,0:0:0:70:LR_NBell_G5.wav
402,192,48278,1,0,0:0:0:0:
36,192,48450,1,0,0:0:0:0:
256,192,48623,1,0,0:0:0:0:
475,192,48795,1,0,0:0:0:0:
36,192,48968,1,0,0:0:0:0:
402,192,49140,1,0,0:0:0:0:
109,192,49312,1,0,0:0:0:0:
329,192,49485,1,0,0:0:0:0:
182,192,49657,1,0,0:0:0:0:
109,192,49830,1,0,0:0:0:70:normal-hitfinish.wav
329,192,49830,1,0,0:0:0:70:LR_Kick Drop Wet Fast.wav
475,192,49830,1,0,0:0:0:30:LR_DS - Snare Wet High.wav
256,192,50002,1,0,0:0:0:0:
36,192,50175,1,0,0:0:0:70:LR_Kick Drop Wet Fast.wav
182,192,50175,1,0,0:0:0:35:LR_DS - Snare Wet High.wav
329,192,50347,1,0,0:0:0:0:
109,192,50519,1,0,0:0:0:70:LR_Kick Drop Wet Fast.wav
256,192,50519,1,0,0:0:0:40:LR_DS - Snare Wet High.wav
402,192,50692,1,0,0:0:0:0:
182,192,50864,1,0,0:0:0:70:LR_Kick Drop Wet Fast.wav
329,192,50864,1,0,0:0:0:45:LR_DS - Snare Wet High.wav
475,192,51037,1,0,0:0:0:0:
36,192,51209,1,0,0:0:0:70:normal-hitfinish.wav
182,192,51209,1,0,0:0:0:70:LR_Kick Drop Wet Fast.wav
402,192,51209,1,0,0:0:0:50:LR_DS - Snare Wet High.wav
256,192,51381,1,0,0:0:0:0:
329,192,51554,1,0,0:0:0:70:LR_Kick Drop Wet Fast.wav
475,192,51554,1,0,0:0:0:55:LR_DS - Snare Wet High.wav
182,192,51726,1,0,0:0:0:0:
256,192,51899,1,0,0:0:0:70:LR_Kick Drop Wet Fast.wav
402,192,51899,1,0,0:0:0:60:LR_DS - Snare Wet High.wav
109,192,52071,1,0,0:0:0:0:
182,192,52243,1,0,0:0:0:70:LR_Kick Drop Wet Fast.wav
329,192,52243,1,0,0:0:0:65:LR_DS - Snare Wet High.wav
36,192,52416,1,0,0:0:0:0:
109,192,52588,1,0,0:0:0:70:normal-hitfinish.wav
329,192,52588,1,0,0:0:0:70:LR_Kick Drop Wet Fast.wav
475,192,52588,1,0,0:0:0:70:LR_DS - Snare Wet High.wav
329,192,52761,1,0,0:0:0:70:LR_Kick Drop Wet Fast.wav
475,192,52761,1,0,0:0:0:70:LR_DS - Snare Wet High.wav
36,192,52933,1,0,0:0:0:70:LR_Kick Drop Wet Fast.wav
182,192,52933,1,0,0:0:0:70:LR_DS - Snare Wet High.wav
36,192,53106,1,0,0:0:0:70:LR_Kick Drop Wet Fast.wav
182,192,53106,1,0,0:0:0:70:LR_DS - Snare Wet High.wav
402,192,53278,128,0,53968:0:0:0:70:normal-hitfinish.wav
475,192,53278,1,0,0:0:0:70:LR_Kick Drop Wet Fast.wav
36,192,53623,1,0,0:0:0:70:normal-hitfinish.wav
109,192,53623,128,0,53968:0:0:0:70:LR_Kick Drop Wet Fast.wav
256,192,53968,1,0,0:0:0:70:normal-hitfinish.wav
182,192,55347,1,0,0:0:0:70:LR_Kick Drop Wet Fast.wav
329,192,55347,128,0,56037:0:0:0:0:
36,192,56037,1,0,0:0:0:70:LR_DS - Snare Wet High.wav
475,192,56037,1,0,0:0:0:70:LR4_SnareKKF.wav
182,192,56209,1,0,0:0:0:0:
329,192,56381,128,0,56726:0:0:0:0:
36,192,56726,1,0,0:0:0:70:LR_Kick Drop Wet Fast.wav
475,192,56726,1,0,0:0:0:0:
329,192,56899,1,0,0:0:0:0:
182,192,57071,128,0,57416:0:0:0:0:
36,192,57416,1,0,0:0:0:70:LR_DS - Snare Wet High.wav
475,192,57416,128,0,58106:0:0:0:70:LR4_SnareKKF.wav
109,192,58106,128,0,58450:0:0:0:70:LR_Kick Drop Wet Fast.wav
256,192,58106,1,0,0:0:0:0:
402,192,58450,1,0,0:0:0:0:
36,192,58795,1,0,0:0:0:70:LR_DS - Snare Wet High.wav
182,192,58795,1,0,0:0:0:70:LR4_SnareKKF.wav
256,192,58968,1,0,0:0:0:0:
329,192,59140,128,0,59485:0:0:0:0:
36,192,59485,1,0,0:0:0:70:LR_Kick Drop Wet Fast.wav
109,192,59485,1,0,0:0:0:0:
36,192,59830,1,0,0:0:0:70:LR_Kick Drop Wet Fast.wav
109,192,59830,1,0,0:0:0:0:
256,192,60002,1,0,0:0:0:0:
402,192,60175,1,0,0:0:0:70:LR_DS - Snare Wet High.wav
475,192,60175,1,0,0:0:0:70:LR4_SnareKKF.wav
256,192,60347,128,0,60864:0:0:0:0:
36,192,60864,1,0,0:0:0:70:LR_Kick Drop Wet Fast.wav
475,192,60864,128,0,61554:0:0:0:0:
36,192,61209,128,0,61554:0:0:0:0:
109,192,61554,1,0,0:0:0:70:LR_DS - Snare Wet High.wav
402,192,61554,1,0,0:0:0:70:LR4_SnareKKF.wav
182,192,61726,1,0,0:0:0:0:
256,192,61899,1,0,0:0:0:0:
329,192,62071,128,0,62933:0:0:0:70:LR_Kick Drop Wet Fast.wav
475,192,62071,1,0,0:0:0:0:
182,192,62933,1,0,0:0:0:70:LR_DS - Snare Wet High.wav
402,192,62933,1,0,0:0:0:70:LR4_SnareKKF.wav
36,192,63106,128,0,63623:0:0:0:0:
256,192,63623,1,0,0:0:0:70:normal-hitfinish.wav
475,192,63623,1,0,0:0:0:70:LR_Kick Drop Wet Fast.wav
402,192,63968,1,0,0:0:0:0:
329,192,64140,1,0,0:0:0:0:
36,192,64312,1,0,0:0:0:70:LR_DS - Snare Wet High.wav
256,192,64312,1,0,0:0:0:70:LR4_SnareKKF.wav
402,192,64485,1,0,0:0:0:0:
329,192,64830,1,0,0:0:0:70:LR_Kick Drop Wet Fast.wav
475,192,64830,1,0,0:0:0:0:
36,192,65002,1,0,0:0:0:70:LR_Kick Drop Wet Fast.wav
109,192,65002,1,0,0:0:0:0:
256,192,65175,1,0,0:0:0:0:
402,192,65347,1,0,0:0:0:70:LR_Kick Drop Wet Fast.wav
475,192,65347,1,0,0:0:0:0:
182,192,65519,1,0,0:0:0:0:
36,192,65692,1,0,0:0:0:70:LR_DS - Snare Wet High.wav
329,192,65692,1,0,0:0:0:70:LR4_SnareKKF.wav
256,192,65864,1,0,0:0:0:70:LR_Kick Drop Wet Fast.wav
182,192,66037,1,0,0:0:0:70:LR_DS - Snare Wet High.wav
475,192,66037,1,0,0:0:0:70:LR4_SnareKKF.wav
402,192,66209,1,0,0:0:0:0:
109,192,66381,128,0,67071:0:0:0:70:normal-hitfinish.wav
329,192,66381,1,0,0:0:0:70:LR_Kick Drop Wet Fast.wav
329,192,67071,1,0,0:0:0:70:LR_DS - Snare Wet High.wav
475,192,67071,1,0,0:0:0:70:LR4_SnareKKF.wav
256,192,67243,1,0,0:0:0:70:LR_ScratchFO.wav
256,192,67416,1,0,0:0:0:70:LR_ScratchFO.wav
36,192,67761,128,0,68106:0:0:0:70:LR_Kick Drop Wet Fast.wav
402,192,67761,1,0,0:0:0:0:
256,192,68106,1,0,0:0:0:70:LR_ScratchFO.wav
256,192,68278,1,0,0:0:0:70:LR_ScratchFO.wav
36,192,68450,1,0,0:0:0:70:LR_DS - Snare Wet High.wav
475,192,68450,1,0,0:0:0:70:LR4_SnareKKF.wav
182,192,68623,1,0,0:0:0:70:LR_ScratchFO.wav
256,192,68709,1,0,0:0:0:70:LR_ScratchFO.wav
329,192,68795,1,0,0:0:0:70:LR_ScratchFO.wav
109,192,69140,1,0,0:0:0:70:LR_Kick Drop Wet Fast.wav
402,192,69140,128,0,69830:0:0:0:0:
36,192,69830,1,0,0:0:0:70:LR_DS - Snare Wet High.wav
329,192,69830,1,0,0:0:0:70:LR4_SnareKKF.wav
182,192,70002,1,0,0:0:0:70:LR_ScratchFO.wav
182,192,70175,1,0,0:0:0:70:LR_ScratchFO.wav
329,192,70519,1,0,0:0:0:70:LR_Kick Drop Wet Fast.wav
475,192,70519,128,0,70864:0:0:0:0:
36,192,70864,128,0,71209:0:0:0:70:LR_Kick Drop Wet Fast.wav
109,192,70864,1,0,0:0:0:0:
402,192,71037,1,0,0:0:0:70:LR_ScratchFO.wav
182,192,71209,1,0,0:0:0:70:LR_DS - Snare Wet High.wav
256,192,71209,128,0,71899:0:0:0:70:LR4_SnareKKF.wav
109,192,71899,128,0,72588:0:0:0:70:LR_Kick Drop Wet Fast.wav
329,192,71899,1,0,0:0:0:0:
256,192,72588,1,0,0:0:0:70:LR_DS - Snare Wet High.wav
475,192,72588,1,0,0:0:0:70:LR4_SnareKKF.wav
402,192,72761,1,0,0:0:0:70:LR_ScratchFO.wav
402,192,72933,1,0,0:0:0:70:LR_ScratchFO.wav
109,192,73106,1,0,0:0:0:70:LR_Kick Drop Wet Fast.wav
182,192,73106,128,0,73968:0:0:0:0:
329,192,73968,1,0,0:0:0:70:LR_DS - Snare Wet High.wav
402,192,73968,1,0,0:0:0:70:LR4_SnareKKF.wav
475,192,74140,128,0,74657:0:0:0:0:
36,192,74657,1,0,0:0:0:70:normal-hitfinish.wav
256,192,74657,1,0,0:0:0:70:LR_Kick Drop Wet Fast.wav
402,192,75002,1,0,0:0:0:0:
329,192,75175,1,0,0:0:0:0:
36,192,75347,1,0,0:0:0:70:LR_DS - Snare Wet High.wav
182,192,75347,1,0,0:0:0:70:LR4_SnareKKF.wav
256,192,75519,1,0,0:0:0:0:
329,192,75864,1,0,0:0:0:70:LR_Kick Drop Wet Fast.wav
402,192,75864,1,0,0:0:0:0:
109,192,76037,1,0,0:0:0:70:LR_Kick Drop Wet Fast.wav
182,192,76037,1,0,0:0:0:0:
475,192,76209,1,0,0:0:0:0:
36,192,76381,1,0,0:0:0:70:LR_Kick Drop Wet Fast.wav
329,192,76381,1,0,0:0:0:0:
182,192,76554,1,0,0:0:0:0:
36,192,76726,1,0,0:0:0:70:LR_DS - Snare Wet High.wav
402,192,76726,1,0,0:0:0:70:LR4_SnareKKF.wav
256,192,76899,1,0,0:0:0:70:LR_Kick Drop Wet Fast.wav
109,192,77071,128,0,77416:0:0:0:70:LR_DS - Snare Wet High.wav
475,192,77071,1,0,0:0:0:70:LR4_SnareKKF.wav
256,192,77243,128,0,77416:0:0:0:0:
402,192,77416,1,0,0:0:0:70:G2H_s.wav
36,192,78795,128,0,80175:0:0:0:0:
329,192,80175,1,0,0:0:0:70:normal-hitfinish.wav
475,192,80175,1,0,0:0:0:70:LR_Kick Drop Wet Fast.wav
182,192,80864,1,0,0:0:0:0:
402,192,81899,1,0,0:0:0:0:
256,192,82243,1,0,0:0:0:0:
109,192,82588,1,0,0:0:0:0:
36,192,82933,1,0,0:0:0:0:
329,192,82933,1,0,0:0:0:0:
109,192,83623,1,0,0:0:0:0:
329,192,83968,1,0,0:0:0:0:
182,192,84312,1,0,0:0:0:0:
475,192,84312,1,0,0:0:0:0:
329,192,85002,1,0,0:0:0:0:
256,192,85347,1,0,0:0:0:0:
109,192,85692,1,0,0:0:0:0:
402,192,85692,1,0,0:0:0:0:
36,192,86554,1,0,0:0:0:0:
109,192,86899,1,0,0:0:0:0:
256,192,87071,1,0,0:0:0:0:
402,192,87071,1,0,0:0:0:0:
329,192,87416,1,0,0:0:0:0:
182,192,87761,1,0,0:0:0:0:
475,192,88106,1,0,0:0:0:0:
256,192,88450,1,0,0:0:0:0:
475,192,88450,1,0,0:0:0:0:
329,192,88795,1,0,0:0:0:0:
109,192,88968,1,0,0:0:0:0:
475,192,89312,1,0,0:0:0:0:
402,192,89485,1,0,0:0:0:0:
329,192,89657,1,0,0:0:0:0:
36,192,89830,1,0,0:0:0:0:
256,192,89830,1,0,0:0:0:0:
182,192,90519,1,0,0:0:0:0:
329,192,90692,1,0,0:0:0:0:
475,192,90864,1,0,0:0:0:0:
109,192,91209,128,0,92588:0:0:0:0:
256,192,91209,1,0,0:0:0:0:
182,192,91554,1,0,0:0:0:0:
402,192,91899,1,0,0:0:0:0:
475,192,92243,1,0,0:0:0:0:
36,192,92588,1,0,0:0:0:0:
256,192,92588,128,0,93968:0:0:0:0:
109,192,93278,1,0,0:0:0:0:
475,192,93450,1,0,0:0:0:0:
329,192,93623,1,0,0:0:0:0:
182,192,93795,1,0,0:0:0:0:
402,192,93968,128,0,94657:0:0:0:0:
36,192,93968,1,0,0:0:0:0:
109,192,94312,1,0,0:0:0:0:
182,192,94657,1,0,0:0:0:0:
475,192,94657,128,0,95347:0:0:0:0:
256,192,95002,1,0,0:0:0:0:
36,192,95347,128,0,96037:0:0:0:0:
329,192,95347,1,0,0:0:0:0:
475,192,95692,1,0,0:0:0:0:
182,192,96037,1,0,0:0:0:0:
329,192,96037,128,0,96381:0:0:0:0:
109,192,96381,1,0,0:0:0:0:
402,192,96381,128,0,96726:0:0:0:0:
36,192,96726,1,0,0:0:0:0:
475,192,96726,128,0,97933:0:0:0:0:
329,192,97588,1,0,0:0:0:0:
256,192,97761,1,0,0:0:0:0:
182,192,97933,1,0,0:0:0:0:
109,192,98106,1,0,0:0:0:0:
329,192,98106,128,0,98450:0:0:0:0:
36,192,98450,1,0,0:0:0:0:
256,192,98450,128,0,98795:0:0:0:0:
182,192,98795,128,0,99140:0:0:0:0:
402,192,98795,1,0,0:0:0:0:
256,192,99140,128,0,99485:0:0:0:0:
475,192,99140,1,0,0:0:0:0:
109,192,99485,1,0,0:0:0:0:
329,192,99485,128,0,100864:0:0:0:0:
36,192,100864,128,0,101554:0:0:0:0:
475,192,100864,1,0,0:0:0:0:
402,192,101554,128,0,102243:0:0:0:0:
182,192,101899,128,0,102243:0:0:0:0:
36,192,102243,1,0,0:0:0:70:normal-hitfinish.wav
256,192,102243,1,0,0:0:0:70:LR_Kick Drop Wet Fast.wav
475,192,102243,128,0,103106:0:0:0:0:
329,192,102588,1,0,0:0:0:70:LR_DS - Snare Wet High.wav
36,192,103106,128,0,103278:0:0:0:70:LR_Kick Drop Wet Fast.wav
256,192,103106,1,0,0:0:0:0:
182,192,103278,128,0,103450:0:0:0:70:LR_DS - Snare Wet High.wav
402,192,103278,1,0,0:0:0:70:LR4_SnareKKF.wav
329,192,103450,128,0,103623:0:0:0:0:
36,192,103623,1,0,0:0:0:70:LR_Kick Drop Wet Fast.wav
475,192,103623,128,0,103968:0:0:0:0:
109,192,103968,1,0,0:0:0:70:LR_DS - Snare Wet High.wav
256,192,103968,128,0,104312:0:0:0:70:LR4_SnareKKF.wav
36,192,104312,128,0,104657:0:0:0:0:
475,192,104485,1,0,0:0:0:70:LR_Kick Drop Wet Fast.wav
256,192,104657,128,0,105002:0:0:0:70:LR_DS - Snare Wet High.wav
402,192,104657,1,0,0:0:0:70:LR4_SnareKKF.wav
109,192,105002,128,0,105347:0:0:0:70:LR_Kick Drop Wet Fast.wav
329,192,105002,1,0,0:0:0:0:
402,192,105347,128,0,105519:0:0:0:70:LR_DS - Snare Wet High.wav
475,192,105347,1,0,0:0:0:70:LR4_SnareKKF.wav
182,192,105519,128,0,105864:0:0:0:0:
36,192,105864,1,0,0:0:0:70:LR_Kick Drop Wet Fast.wav
329,192,105864,128,0,106037:0:0:0:0:
109,192,106037,1,0,0:0:0:70:LR_DS - Snare Wet High.wav
402,192,106037,128,0,106209:0:0:0:70:LR4_SnareKKF.wav
256,192,106209,128,0,106381:0:0:0:0:
36,192,106381,1,0,0:0:0:70:LR_Kick Drop Wet Fast.wav
475,192,106381,128,0,106899:0:0:0:0:
402,192,106726,1,0,0:0:0:70:LR_DS - Snare Wet High.wav
256,192,106899,1,0,0:0:0:70:LR_Kick Drop Wet Fast.wav
109,192,107071,128,0,107416:0:0:0:70:LR_DS - Snare Wet High.wav
329,192,107071,1,0,0:0:0:70:LR4_SnareKKF.wav
182,192,107243,1,0,0:0:0:70:LR_Kick Drop Wet Fast.wav
402,192,107416,128,0,107761:0:0:0:0:
36,192,107761,128,0,108623:0:0:0:70:LR_Kick Drop Wet Fast.wav
256,192,107761,1,0,0:0:0:0:
402,192,108106,1,0,0:0:0:70:LR_DS - Snare Wet High.wav
109,192,108623,1,0,0:0:0:70:LR_Kick Drop Wet Fast.wav
329,192,108623,128,0,108795:0:0:0:0:
182,192,108795,1,0,0:0:0:70:LR_DS - Snare Wet High.wav
402,192,108795,128,0,108968:0:0:0:70:LR4_SnareKKF.wav
475,192,108968,128,0,109140:0:0:0:0:
36,192,109140,1,0,0:0:0:70:LR_Kick Drop Wet Fast.wav
256,192,109140,128,0,109485:0:0:0:0:
182,192,109485,128,0,109830:0:0:0:70:LR_DS - Snare Wet High.wav
475,192,109485,1,0,0:0:0:70:LR4_SnareKKF.wav
109,192,109830,128,0,110175:0:0:0:0:
329,192,110002,1,0,0:0:0:70:LR_Kick Drop Wet Fast.wav
256,192,110175,1,0,0:0:0:70:LR_DS - Snare Wet High.wav
402,192,110175,128,0,110519:0:0:0:70:LR4_SnareKKF.wav
109,192,110519,1,0,0:0:0:70:LR_Kick Drop Wet Fast.wav
475,192,110519,128,0,110864:0:0:0:0:
36,192,110864,1,0,0:0:0:70:LR_DS - Snare Wet High.wav
329,192,110864,128,0,111037:0:0:0:70:LR4_SnareKKF.wav
182,192,111037,128,0,111468:0:0:0:70:LR_Kick Drop Wet Fast.wav
475,192,111037,1,0,0:0:0:0:
475,192,111381,1,0,0:0:0:70:LR_Kick Drop Wet Fast.wav
256,192,111468,128,0,111726:0:0:0:0:
329,192,111554,1,0,0:0:0:70:LR_DS - Snare Wet High.wav
109,192,111726,128,0,111899:0:0:0:0:
36,192,111899,128,0,112416:0:0:0:70:LR_Kick Drop Wet Fast.wav
402,192,111899,1,0,0:0:0:0:
329,192,112243,1,0,0:0:0:70:LR_DS - Snare Wet High.wav
475,192,112416,1,0,0:0:0:70:LR_Kick Drop Wet Fast.wav
182,192,112588,1,0,0:0:0:70:LR_DS - Snare Wet High.wav
329,192,112588,1,0,0:0:0:70:LR4_SnareKKF.wav
109,192,112761,1,0,0:0:0:70:LR_Kick Drop Wet Fast.wav
256,192,112847,1,0,0:0:0:70:LR_Kick Drop Wet Fast.wav
402,192,112933,1,0,0:0:0:70:LR_DS - Snare Wet High.wav
182,192,113106,1,0,0:0:0:0:
36,192,113278,1,0,0:0:0:70:normal-hitfinish.wav
329,192,113278,1,0,0:0:0:70:LR_Kick Drop Wet Fast.wav
475,192,113278,128,0,114140:0:0:0:0:
109,192,113623,1,0,0:0:0:70:LR_DS - Snare Wet High.wav
182,192,114140,128,0,114312:0:0:0:70:LR_Kick Drop Wet Fast.wav
402,192,114140,1,0,0:0:0:0:
109,192,114312,128,0,114485:0:0:0:70:LR_DS - Snare Wet High.wav
329,192,114312,1,0,0:0:0:70:LR4_SnareKKF.wav
36,192,114485,128,0,114657:0:0:0:0:
256,192,114657,1,0,0:0:0:70:LR_Kick Drop Wet Fast.wav
402,192,114657,128,0,115002:0:0:0:0:
109,192,115002,1,0,0:0:0:70:LR_DS - Snare Wet High.wav
329,192,115002,128,0,115175:0:0:0:70:LR4_SnareKKF.wav
475,192,115175,128,0,115692:0:0:0:0:
36,192,115519,1,0,0:0:0:70:LR_Kick Drop Wet Fast.wav
256,192,115692,1,0,0:0:0:70:LR_DS - Snare Wet High.wav
402,192,115692,128,0,116037:0:0:0:70:LR4_SnareKKF.wav
109,192,116037,1,0,0:0:0:70:LR_Kick Drop Wet Fast.wav
475,192,116037,128,0,116381:0:0:0:0:
256,192,116381,128,0,116554:0:0:0:70:LR_DS - Snare Wet High.wav
329,192,116381,1,0,0:0:0:70:LR4_SnareKKF.wav
36,192,116554,128,0,116899:0:0:0:0:
109,192,116899,128,0,117071:0:0:0:70:LR_Kick Drop Wet Fast.wav
402,192,116899,1,0,0:0:0:0:
182,192,117071,128,0,117243:0:0:0:70:LR_DS - Snare Wet High.wav
475,192,117071,1,0,0:0:0:70:LR4_SnareKKF.wav
256,192,117243,128,0,117416:0:0:0:0:
36,192,117416,1,0,0:0:0:70:LR_Kick Drop Wet Fast.wav
329,192,117416,128,0,117761:0:0:0:0:
182,192,117761,128,0,118106:0:0:0:70:LR_DS - Snare Wet High.wav
475,192,117761,1,0,0:0:0:70:LR4_SnareKKF.wav
36,192,117933,1,0,0:0:0:70:LR_Kick Drop Wet Fast.wav
329,192,118106,128,0,118450:0:0:0:70:LR_DS - Snare Wet High.wav
475,192,118106,1,0,0:0:0:70:LR4_SnareKKF.wav
36,192,118278,1,0,0:0:0:70:LR_Kick Drop Wet Fast.wav
109,192,118450,128,0,118795:0:0:0:0:
256,192,118795,1,0,0:0:0:70:normal-hitfinish.wav
402,192,118795,1,0,0:0:0:70:LR_Kick Drop Wet Fast.wav
475,192,118795,128,0,119485:0:0:0:0:
182,192,119140,1,0,0:0:0:70:LR_DS - Snare Wet High.wav
109,192,119657,1,0,0:0:0:70:LR_Kick Drop Wet Fast.wav
329,192,119657,128,0,119830:0:0:0:0:
36,192,119830,1,0,0:0:0:70:LR_DS - Snare Wet High.wav
256,192,119830,128,0,120002:0:0:0:70:LR4_SnareKKF.wav
402,192,120002,128,0,120175:0:0:0:0:
109,192,120175,1,0,0:0:0:70:LR_Kick Drop Wet Fast.wav
475,192,120175,128,0,120519:0:0:0:0:
182,192,120519,1,0,0:0:0:70:LR_DS - Snare Wet High.wav
329,192,120519,128,0,120864:0:0:0:70:LR4_SnareKKF.wav
36,192,120864,128,0,121209:0:0:0:0:
475,192,121037,1,0,0:0:0:70:LR_Kick Drop Wet Fast.wav
182,192,121209,128,0,121554:0:0:0:70:LR_DS - Snare Wet High.wav
402,192,121209,1,0,0:0:0:70:LR4_SnareKKF.wav
36,192,121554,1,0,0:0:0:70:normal-hitfinish.wav
329,192,121554,128,0,122416:0:0:0:70:LR_Kick Drop Wet Fast.wav
475,192,121554,1,0,0:0:0:0:
109,192,121899,1,0,0:0:0:70:LR_DS - Snare Wet High.wav
256,192,122071,1,0,0:0:0:70:LR_Kick Drop Wet Fast.wav
36,192,122416,1,0,0:0:0:70:LR_Kick Drop Wet Fast.wav
182,192,122416,128,0,122588:0:0:0:0:
402,192,122588,1,0,0:0:0:70:LR_DS - Snare Wet High.wav
475,192,122588,128,0,122761:0:0:0:70:LR4_SnareKKF.wav
109,192,122761,1,0,0:0:0:70:LR_Kick Drop Wet Fast.wav
256,192,122761,128,0,122933:0:0:0:0:
36,192,122933,128,0,124312:0:0:0:70:normal-hitfinish.wav
329,192,122933,1,0,0:0:0:70:LR_Kick Drop Wet Fast.wav
475,192,122933,1,0,0:0:0:0:
256,192,123278,1,0,0:0:0:70:LR_DS - Snare Wet High.wav
402,192,123450,1,0,0:0:0:70:LR_Kick Drop Wet Fast.wav
475,192,123450,128,0,124312:0:0:0:0:
256,192,123537,1,0,0:0:0:70:LR_Kick Drop Wet Fast.wav
109,192,123623,1,0,0:0:0:70:LR_DS - Snare Wet High.wav
182,192,124312,1,0,0:0:0:70:LR_Kick Drop Wet Fast.wav
329,192,124312,1,0,0:0:0:0:
256,192,125002,1,0,0:0:0:70:LR_DS - Snare Wet High.wav
475,192,125002,1,0,0:0:0:70:LR4_SnareKKF.wav
109,192,125175,1,0,0:0:0:0:
109,192,125347,1,0,0:0:0:0:
109,192,125519,1,0,0:0:0:0:
329,192,125692,1,0,0:0:0:70:LR_Kick Drop Wet Fast.wav
402,192,125692,1,0,0:0:0:0:
182,192,125864,1,0,0:0:0:0:
182,192,126037,1,0,0:0:0:0:
182,192,126209,1,0,0:0:0:0:
36,192,126381,1,0,0:0:0:70:LR_DS - Snare Wet High.wav
402,192,126381,1,0,0:0:0:70:LR4_SnareKKF.wav
475,192,126554,1,0,0:0:0:0:
475,192,126726,1,0,0:0:0:0:
475,192,126899,1,0,0:0:0:0:
256,192,127071,1,0,0:0:0:70:LR_Kick Drop Wet Fast.wav
329,192,127071,1,0,0:0:0:0:
36,192,127416,128,0,127761:0:0:0:0:
182,192,127761,1,0,0:0:0:70:LR_DS - Snare Wet High.wav
475,192,127761,1,0,0:0:0:70:LR4_SnareKKF.wav
402,192,128106,128,0,128450:0:0:0:0:
109,192,128450,1,0,0:0:0:70:LR_Kick Drop Wet Fast.wav
256,192,128450,1,0,0:0:0:0:
109,192,128795,1,0,0:0:0:70:LR_Kick Drop Wet Fast.wav
329,192,128795,128,0,129140:0:0:0:0:
36,192,129140,1,0,0:0:0:70:LR_DS - Snare Wet High.wav
475,192,129140,1,0,0:0:0:70:LR4_SnareKKF.wav
109,192,129312,1,0,0:0:0:0:
256,192,129485,1,0,0:0:0:0:
402,192,129485,128,0,129830:0:0:0:0:
329,192,129657,1,0,0:0:0:0:
36,192,129830,128,0,130175:0:0:0:70:LR_Kick Drop Wet Fast.wav
182,192,129830,1,0,0:0:0:0:
475,192,130175,1,0,0:0:0:0:
329,192,130347,1,0,0:0:0:0:
109,192,130519,1,0,0:0:0:70:LR_DS - Snare Wet High.wav
256,192,130519,1,0,0:0:0:70:LR4_SnareKKF.wav
402,192,130692,1,0,0:0:0:0:
402,192,130864,1,0,0:0:0:0:
402,192,131037,1,0,0:0:0:0:
182,192,131209,1,0,0:0:0:70:LR_Kick Drop Wet Fast.wav
256,192,131209,1,0,0:0:0:0:
36,192,131381,1,0,0:0:0:0:
36,192,131554,1,0,0:0:0:0:
36,192,131726,1,0,0:0:0:0:
182,192,131899,1,0,0:0:0:70:LR_DS - Snare Wet High.wav
475,192,131899,1,0,0:0:0:70:LR4_SnareKKF.wav
329,192,132071,1,0,0:0:0:0:
329,192,132243,1,0,0:0:0:0:
329,192,132416,1,0,0:0:0:0:
36,192,132588,128,0,133278:0:0:0:70:LR_Kick Drop Wet Fast.wav
109,192,132588,1,0,0:0:0:0:
402,192,133278,1,0,0:0:0:70:LR_DS - Snare Wet High.wav
475,192,133278,1,0,0:0:0:70:LR4_SnareKKF.wav
256,192,133450,1,0,0:0:0:0:
109,192,133623,1,0,0:0:0:0:
182,192,133795,128,0,134657:0:0:0:70:LR_Kick Drop Wet Fast.wav
329,192,133795,1,0,0:0:0:0:
329,192,134312,1,0,0:0:0:70:LR_Kick Drop Wet Fast.wav
36,192,134657,1,0,0:0:0:70:LR_DS - Snare Wet High.wav
475,192,134657,128,0,135347:0:0:0:70:LR4_SnareKKF.wav
109,192,135347,1,0,0:0:0:70:LR_Kick Drop Wet Fast.wav
256,192,135347,1,0,0:0:0:0:
402,192,135519,1,0,0:0:0:0:
182,192,135692,1,0,0:0:0:0:
182,192,135864,1,0,0:0:0:0:
36,192,136037,1,0,0:0:0:70:LR_DS - Snare Wet High.wav
475,192,136037,1,0,0:0:0:70:LR4_SnareKKF.wav
256,192,136209,1,0,0:0:0:0:
256,192,136381,1,0,0:0:0:0:
256,192,136554,1,0,0:0:0:0:
36,192,136726,1,0,0:0:0:70:LR_Kick Drop Wet Fast.wav
109,192,136726,1,0,0:0:0:0:
329,192,136899,1,0,0:0:0:0:
329,192,137071,1,0,0:0:0:0:
329,192,137243,1,0,0:0:0:0:
402,192,137416,1,0,0:0:0:70:LR_DS - Snare Wet High.wav
475,192,137416,1,0,0:0:0:70:LR4_SnareKKF.wav
182,192,137588,1,0,0:0:0:0:
182,192,137761,1,0,0:0:0:0:
182,192,137933,1,0,0:0:0:0:
36,192,138106,1,0,0:0:0:70:LR_Kick Drop Wet Fast.wav
329,192,138106,1,0,0:0:0:0:
109,192,138450,128,0,138795:0:0:0:0:
256,192,138795,1,0,0:0:0:70:LR_DS - Snare Wet High.wav
402,192,138795,1,0,0:0:0:70:LR4_SnareKKF.wav
475,192,139140,128,0,139485:0:0:0:0:
329,192,139312,1,0,0:0:0:70:LR_Kick Drop Wet Fast.wav
182,192,139485,128,0,140175:0:0:0:0:
402,192,139830,128,0,140175:0:0:0:0:
36,192,140175,1,0,0:0:0:70:LR_DS - Snare Wet High.wav
329,192,140175,128,0,140864:0:0:0:70:LR4_SnareKKF.wav
109,192,140519,128,0,140864:0:0:0:0:
182,192,140864,1,0,0:0:0:70:LR_Kick Drop Wet Fast.wav
402,192,140864,1,0,0:0:0:0:
36,192,141209,1,0,0:0:0:0:
182,192,141381,1,0,0:0:0:0:
329,192,141554,1,0,0:0:0:70:LR_DS - Snare Wet High.wav
475,192,141554,1,0,0:0:0:70:LR4_SnareKKF.wav
109,192,141726,1,0,0:0:0:0:
109,192,141899,1,0,0:0:0:0:
109,192,142071,1,0,0:0:0:0:
329,192,142243,1,0,0:0:0:70:LR_Kick Drop Wet Fast.wav
402,192,142243,1,0,0:0:0:0:
256,192,142416,1,0,0:0:0:0:
256,192,142588,1,0,0:0:0:0:
256,192,142761,1,0,0:0:0:0:
36,192,142933,1,0,0:0:0:70:LR_DS - Snare Wet High.wav
109,192,142933,1,0,0:0:0:70:LR4_SnareKKF.wav
475,192,143106,1,0,0:0:0:0:
475,192,143278,1,0,0:0:0:0:
475,192,143450,1,0,0:0:0:0:
182,192,143623,1,0,0:0:0:70:normal-hitfinish.wav
329,192,143623,1,0,0:0:0:70:G2H.wav
