[Metadata]
Marigold (feat. Guriri)
M2U
DE-CADE
Deemo
27
0

[TimingPoints]
2915,375,4,2,1,80,1,0
17165,526.315789473684,4,2,1,80,1,0
17428,535.714285714286,4,2,1,80,1,0
17695,750,4,2,1,80,1,0
18070,357.142857142857,4,2,1,80,1,0
19409,375,4,2,1,80,1,0


[HitObjects]
182,192,2821,5,0,0:0:0:0:
329,192,2868,1,0,0:0:0:0:
10,192,2915,1,0,0:0:0:0:
475,192,2915,1,0,0:0:0:0:
256,192,3102,1,0,0:0:0:0:
402,192,3290,1,0,0:0:0:0:
109,192,3290,1,0,0:0:0:0:
475,192,3477,1,0,0:0:0:0:
329,192,3665,1,0,0:0:0:0:
36,192,3665,1,0,0:0:0:0:
256,192,3852,1,0,0:0:0:0:
402,192,4040,1,0,0:0:0:0:
329,192,4227,1,0,0:0:0:0:
36,192,4415,1,0,0:0:0:0:
182,192,4415,1,0,0:0:0:0:
475,192,4415,1,0,0:0:0:0:
329,192,4602,1,0,0:0:0:0:
229,192,4790,1,0,0:0:0:0:
109,192,4790,1,0,0:0:0:0:
375,192,4977,1,0,0:0:0:0:
302,192,5165,1,0,0:0:0:0:
109,192,5165,1,0,0:0:0:0:
10,192,5165,1,0,0:0:0:0:
256,192,5352,1,0,0:0:0:0:
402,192,5540,1,0,0:0:0:0:
182,192,5540,1,0,0:0:0:0:
329,192,5727,1,0,0:0:0:0:
256,192,5915,1,0,0:0:0:0:
448,192,5915,1,0,0:0:0:0:
10,192,5915,1,0,0:0:0:0:
182,192,6102,1,0,0:0:0:0:
475,192,6290,1,0,0:0:0:0:
83,192,6290,1,0,0:0:0:0:
329,192,6477,1,0,0:0:0:0:
182,192,6477,1,0,0:0:0:0:
402,192,6665,1,0,0:0:0:0:
229,192,6665,1,0,0:0:0:0:
36,192,6665,1,0,0:0:0:0:
182,192,6852,1,0,0:0:0:0:
475,192,7040,1,0,0:0:0:0:
109,192,7040,1,0,0:0:0:0:
329,192,7227,1,0,0:0:0:0:
156,192,7227,1,0,0:0:0:0:
36,192,7415,1,0,0:0:0:0:
375,192,7415,1,0,0:0:0:0:
229,192,7415,1,0,0:0:0:0:
329,192,7602,1,0,0:0:0:0:
109,192,7602,1,0,0:0:0:0:
375,192,7790,1,0,0:0:0:0:
182,192,7790,1,0,0:0:0:0:
36,192,7977,1,0,0:0:0:0:
475,192,8165,1,0,0:0:0:0:
36,192,8165,1,0,0:0:0:0:
229,192,8165,1,0,0:0:0:0:
302,192,8352,1,0,0:0:0:0:
182,192,8352,1,0,0:0:0:0:
375,192,8540,1,0,0:0:0:0:
83,192,8540,1,0,0:0:0:0:
329,192,8727,1,0,0:0:0:0:
36,192,8915,1,0,0:0:0:0:
256,192,8915,1,0,0:0:0:0:
302,192,9102,1,0,0:0:0:0:
375,192,9102,1,0,0:0:0:0:
83,192,9102,1,0,0:0:0:0:
182,192,9290,1,0,0:0:0:0:
475,192,9290,128,0,9665:0:0:0:0:
229,192,9477,1,0,0:0:0:0:
329,192,9665,1,0,0:0:0:0:
83,192,9665,128,0,10040:0:0:0:0:
475,192,9852,1,0,0:0:0:0:
10,192,10040,1,0,0:0:0:0:
302,192,10040,128,0,10415:0:0:0:0:
156,192,10227,1,0,0:0:0:0:
256,192,10415,1,0,0:0:0:0:
36,192,10415,1,0,0:0:0:0:
475,192,10415,128,0,11165:0:0:0:0:
402,192,10602,1,0,0:0:0:0:
182,192,10602,1,0,0:0:0:0:
256,192,10790,1,0,0:0:0:0:
36,192,10790,1,0,0:0:0:0:
182,192,10977,1,0,0:0:0:0:
329,192,10977,1,0,0:0:0:0:
256,192,11165,1,0,0:0:0:0:
402,192,11165,1,0,0:0:0:0:
36,192,11165,1,0,0:0:0:0:
475,192,11352,1,0,0:0:0:0:
329,192,11352,1,0,0:0:0:0:
182,192,11540,1,0,0:0:0:0:
36,192,11540,1,0,0:0:0:0:
256,192,11727,1,0,0:0:0:0:
402,192,11727,1,0,0:0:0:0:
448,192,11915,128,0,12477:0:0:0:0:
36,192,11915,128,0,12477:0:0:0:0:
182,192,11915,1,0,0:0:0:0:
402,192,12102,1,0,0:0:0:0:
256,192,12102,1,0,0:0:0:0:
182,192,12290,1,0,0:0:0:0:
329,192,12290,1,0,0:0:0:0:
256,192,12477,1,0,0:0:0:0:
329,192,12665,1,0,0:0:0:0:
10,192,12665,128,0,13227:0:0:0:0:
475,192,12665,128,0,13227:0:0:0:0:
256,192,12852,1,0,0:0:0:0:
109,192,12852,1,0,0:0:0:0:
329,192,13040,1,0,0:0:0:0:
156,192,13040,1,0,0:0:0:0:
256,192,13227,1,0,0:0:0:0:
182,192,13415,128,0,13977:0:0:0:0:
36,192,13415,128,0,13977:0:0:0:0:
475,192,13415,1,0,0:0:0:0:
402,192,13602,1,0,0:0:0:0:
256,192,13602,1,0,0:0:0:0:
329,192,13790,1,0,0:0:0:0:
475,192,13790,1,0,0:0:0:0:
256,192,13977,1,0,0:0:0:0:
36,192,14165,1,0,0:0:0:0:
329,192,14165,1,0,0:0:0:0:
402,192,14165,128,0,14915:0:0:0:0:
109,192,14352,1,0,0:0:0:0:
256,192,14352,1,0,0:0:0:0:
182,192,14540,1,0,0:0:0:0:
302,192,14540,1,0,0:0:0:0:
36,192,14727,1,0,0:0:0:0:
256,192,14727,1,0,0:0:0:0:
329,192,14915,1,0,0:0:0:0:
475,192,14915,1,0,0:0:0:0:
182,192,14915,1,0,0:0:0:0:
229,192,15102,1,0,0:0:0:0:
109,192,15102,1,0,0:0:0:0:
329,192,15290,1,0,0:0:0:0:
475,192,15477,1,0,0:0:0:0:
229,192,15665,1,0,0:0:0:0:
375,192,15665,1,0,0:0:0:0:
109,192,15665,1,0,0:0:0:0:
182,192,15852,1,0,0:0:0:0:
329,192,15852,1,0,0:0:0:0:
109,192,16040,1,0,0:0:0:0:
256,192,16227,1,0,0:0:0:0:
329,192,16415,1,0,0:0:0:0:
448,192,16415,1,0,0:0:0:0:
36,192,16415,1,0,0:0:0:0:
402,192,16602,1,0,0:0:0:0:
109,192,16602,1,0,0:0:0:0:
182,192,16790,1,0,0:0:0:0:
329,192,16977,1,0,0:0:0:0:
10,192,17165,1,0,0:0:0:0:
182,192,17428,1,0,0:0:0:0:
329,192,17695,1,0,0:0:0:0:
475,192,18070,1,0,0:0:0:0:
36,192,18427,1,0,0:0:0:0:
109,192,18494,1,0,0:0:0:0:
256,192,18516,1,0,0:0:0:0:
329,192,18561,1,0,0:0:0:0:
475,192,18561,1,0,0:0:0:0:
329,192,20909,1,0,0:0:0:0:
36,192,20909,128,0,21284:0:0:0:0:
448,192,20909,128,0,21284:0:0:0:0:
182,192,20909,1,0,0:0:0:0:
256,192,21096,1,0,0:0:0:0:
256,192,21284,1,0,0:0:0:0:
329,192,21565,1,0,0:0:0:0:
402,192,21565,1,0,0:0:0:0:
329,192,21659,1,0,0:0:0:0:
402,192,21659,1,0,0:0:0:0:
36,192,21659,1,0,0:0:0:0:
109,192,21752,1,0,0:0:0:0:
182,192,21846,1,0,0:0:0:0:
256,192,21940,1,0,0:0:0:0:
475,192,22034,1,0,0:0:0:0:
402,192,22127,1,0,0:0:0:0:
329,192,22221,1,0,0:0:0:0:
256,192,22315,1,0,0:0:0:0:
475,192,22409,1,0,0:0:0:0:
36,192,22409,128,0,22784:0:0:0:0:
182,192,22409,128,0,22784:0:0:0:0:
329,192,22409,1,0,0:0:0:0:
375,192,22784,1,0,0:0:0:0:
109,192,22784,128,0,23159:0:0:0:0:
256,192,22784,128,0,23159:0:0:0:0:
475,192,23159,1,0,0:0:0:0:
329,192,23159,1,0,0:0:0:0:
36,192,23159,128,0,23534:0:0:0:0:
182,192,23159,1,0,0:0:0:0:
475,192,23440,1,0,0:0:0:0:
402,192,23440,1,0,0:0:0:0:
475,192,23534,1,0,0:0:0:0:
402,192,23534,1,0,0:0:0:0:
329,192,23627,1,0,0:0:0:0:
256,192,23721,1,0,0:0:0:0:
182,192,23815,1,0,0:0:0:0:
36,192,23909,1,0,0:0:0:0:
448,192,23909,128,0,24284:0:0:0:0:
256,192,23909,1,0,0:0:0:0:
329,192,23909,128,0,24284:0:0:0:0:
182,192,24190,1,0,0:0:0:0:
83,192,24190,1,0,0:0:0:0:
109,192,24284,1,0,0:0:0:0:
182,192,24284,1,0,0:0:0:0:
402,192,24471,1,0,0:0:0:0:
10,192,24471,1,0,0:0:0:0:
109,192,24565,1,0,0:0:0:0:
329,192,24565,1,0,0:0:0:0:
256,192,24659,1,0,0:0:0:0:
156,192,24659,1,0,0:0:0:0:
36,192,24659,128,0,24846:0:0:0:0:
448,192,24659,128,0,24846:0:0:0:0:
109,192,25034,1,0,0:0:0:0:
402,192,25034,1,0,0:0:0:0:
256,192,25034,128,0,25409:0:0:0:0:
329,192,25409,1,0,0:0:0:0:
448,192,25409,1,0,0:0:0:0:
36,192,25409,1,0,0:0:0:0:
156,192,25409,1,0,0:0:0:0:
302,192,25690,1,0,0:0:0:0:
10,192,25690,1,0,0:0:0:0:
256,192,25784,1,0,0:0:0:0:
448,192,25784,128,0,26159:0:0:0:0:
182,192,25784,128,0,26159:0:0:0:0:
36,192,26159,1,0,0:0:0:0:
375,192,26159,1,0,0:0:0:0:
109,192,26159,1,0,0:0:0:0:
329,192,26252,1,0,0:0:0:0:
229,192,26346,1,0,0:0:0:0:
182,192,26440,1,0,0:0:0:0:
475,192,26534,1,0,0:0:0:0:
36,192,26534,1,0,0:0:0:0:
109,192,26627,1,0,0:0:0:0:
256,192,26721,1,0,0:0:0:0:
329,192,26815,1,0,0:0:0:0:
182,192,26909,1,0,0:0:0:0:
36,192,26909,1,0,0:0:0:0:
448,192,26909,1,0,0:0:0:0:
402,192,26909,1,0,0:0:0:0:
256,192,27096,1,0,0:0:0:0:
402,192,27284,1,0,0:0:0:0:
36,192,27284,1,0,0:0:0:0:
109,192,27377,1,0,0:0:0:0:
256,192,27471,1,0,0:0:0:0:
475,192,27565,1,0,0:0:0:0:
329,192,27565,1,0,0:0:0:0:
475,192,27659,1,0,0:0:0:0:
329,192,27659,1,0,0:0:0:0:
109,192,27659,1,0,0:0:0:0:
36,192,27659,1,0,0:0:0:0:
182,192,27752,1,0,0:0:0:0:
402,192,27846,1,0,0:0:0:0:
109,192,27940,1,0,0:0:0:0:
475,192,28034,1,0,0:0:0:0:
329,192,28034,1,0,0:0:0:0:
10,192,28034,1,0,0:0:0:0:
182,192,28127,1,0,0:0:0:0:
402,192,28221,1,0,0:0:0:0:
256,192,28315,1,0,0:0:0:0:
402,192,28409,1,0,0:0:0:0:
329,192,28409,1,0,0:0:0:0:
109,192,28409,1,0,0:0:0:0:
475,192,28409,128,0,28784:0:0:0:0:
36,192,28502,1,0,0:0:0:0:
156,192,28596,1,0,0:0:0:0:
256,192,28690,1,0,0:0:0:0:
182,192,28784,1,0,0:0:0:0:
402,192,28784,1,0,0:0:0:0:
36,192,28784,128,0,29159:0:0:0:0:
329,192,28877,1,0,0:0:0:0:
475,192,28971,1,0,0:0:0:0:
256,192,29159,1,0,0:0:0:0:
402,192,29159,1,0,0:0:0:0:
83,192,29159,1,0,0:0:0:0:
182,192,29252,1,0,0:0:0:0:
329,192,29346,1,0,0:0:0:0:
182,192,29440,1,0,0:0:0:0:
36,192,29534,1,0,0:0:0:0:
475,192,29534,1,0,0:0:0:0:
402,192,29627,1,0,0:0:0:0:
329,192,29721,1,0,0:0:0:0:
229,192,29815,1,0,0:0:0:0:
182,192,29909,1,0,0:0:0:0:
329,192,29909,1,0,0:0:0:0:
448,192,29909,1,0,0:0:0:0:
36,192,29909,1,0,0:0:0:0:
375,192,30190,1,0,0:0:0:0:
229,192,30190,1,0,0:0:0:0:
402,192,30284,1,0,0:0:0:0:
256,192,30284,1,0,0:0:0:0:
36,192,30471,1,0,0:0:0:0:
156,192,30471,1,0,0:0:0:0:
329,192,30565,1,0,0:0:0:0:
402,192,30565,1,0,0:0:0:0:
182,192,30659,1,0,0:0:0:0:
256,192,30659,1,0,0:0:0:0:
448,192,30659,128,0,30846:0:0:0:0:
36,192,30659,128,0,30846:0:0:0:0:
375,192,31034,1,0,0:0:0:0:
448,192,31034,1,0,0:0:0:0:
256,192,31034,1,0,0:0:0:0:
109,192,31034,128,0,31409:0:0:0:0:
256,192,31315,1,0,0:0:0:0:
475,192,31409,1,0,0:0:0:0:
329,192,31409,1,0,0:0:0:0:
182,192,31409,1,0,0:0:0:0:
36,192,31409,1,0,0:0:0:0:
109,192,31596,1,0,0:0:0:0:
402,192,31596,1,0,0:0:0:0:
182,192,31690,1,0,0:0:0:0:
36,192,31784,1,0,0:0:0:0:
256,192,31784,1,0,0:0:0:0:
475,192,31877,1,0,0:0:0:0:
83,192,31971,1,0,0:0:0:0:
329,192,31971,1,0,0:0:0:0:
182,192,32065,1,0,0:0:0:0:
256,192,32159,1,0,0:0:0:0:
475,192,32159,1,0,0:0:0:0:
10,192,32159,1,0,0:0:0:0:
329,192,32252,1,0,0:0:0:0:
448,192,32346,1,0,0:0:0:0:
182,192,32346,1,0,0:0:0:0:
375,192,32440,1,0,0:0:0:0:
10,192,32534,1,0,0:0:0:0:
329,192,32534,1,0,0:0:0:0:
229,192,32627,1,0,0:0:0:0:
109,192,32721,1,0,0:0:0:0:
329,192,32721,1,0,0:0:0:0:
156,192,32815,1,0,0:0:0:0:
448,192,32909,1,0,0:0:0:0:
36,192,32909,1,0,0:0:0:0:
375,192,33002,1,0,0:0:0:0:
229,192,33096,1,0,0:0:0:0:
182,192,33096,1,0,0:0:0:0:
302,192,33190,1,0,0:0:0:0:
448,192,33284,1,0,0:0:0:0:
36,192,33284,1,0,0:0:0:0:
256,192,33377,1,0,0:0:0:0:
375,192,33471,1,0,0:0:0:0:
109,192,33471,1,0,0:0:0:0:
475,192,33565,1,0,0:0:0:0:
329,192,33659,1,0,0:0:0:0:
156,192,33659,1,0,0:0:0:0:
10,192,33659,1,0,0:0:0:0:
256,192,33752,1,0,0:0:0:0:
375,192,33846,1,0,0:0:0:0:
83,192,33846,1,0,0:0:0:0:
182,192,33940,1,0,0:0:0:0:
302,192,34034,1,0,0:0:0:0:
475,192,34034,1,0,0:0:0:0:
10,192,34034,1,0,0:0:0:0:
256,192,34127,1,0,0:0:0:0:
329,192,34221,1,0,0:0:0:0:
83,192,34221,1,0,0:0:0:0:
402,192,34315,1,0,0:0:0:0:
475,192,34409,1,0,0:0:0:0:
10,192,34409,128,0,34971:0:0:0:0:
182,192,34409,1,0,0:0:0:0:
448,192,34596,1,0,0:0:0:0:
375,192,34690,1,0,0:0:0:0:
329,192,34784,1,0,0:0:0:0:
156,192,34877,1,0,0:0:0:0:
402,192,34971,1,0,0:0:0:0:
182,192,35065,1,0,0:0:0:0:
329,192,35159,1,0,0:0:0:0:
83,192,35159,1,0,0:0:0:0:
448,192,35159,128,0,35721:0:0:0:0:
109,192,35346,1,0,0:0:0:0:
182,192,35440,1,0,0:0:0:0:
256,192,35534,1,0,0:0:0:0:
109,192,35627,1,0,0:0:0:0:
36,192,35721,1,0,0:0:0:0:
182,192,35815,1,0,0:0:0:0:
475,192,35909,1,0,0:0:0:0:
302,192,35909,128,0,38159:0:0:0:0:
109,192,36002,1,0,0:0:0:0:
182,192,36096,1,0,0:0:0:0:
256,192,36190,1,0,0:0:0:0:
475,192,36284,1,0,0:0:0:0:
36,192,36284,1,0,0:0:0:0:
182,192,36471,1,0,0:0:0:0:
10,192,36471,1,0,0:0:0:0:
402,192,36659,1,0,0:0:0:0:
83,192,36659,1,0,0:0:0:0:
475,192,36846,1,0,0:0:0:0:
156,192,36846,1,0,0:0:0:0:
36,192,37034,1,0,0:0:0:0:
229,192,37034,1,0,0:0:0:0:
10,192,37221,1,0,0:0:0:0:
448,192,37221,128,0,38159:0:0:0:0:
182,192,38534,1,0,0:0:0:0:
475,192,38909,1,0,0:0:0:0:
36,192,38909,1,0,0:0:0:0:
156,192,38909,1,0,0:0:0:0:
329,192,39284,1,0,0:0:0:0:
402,192,39659,1,0,0:0:0:0:
229,192,39659,1,0,0:0:0:0:
10,192,39659,1,0,0:0:0:0:
182,192,40034,1,0,0:0:0:0:
302,192,40409,1,0,0:0:0:0:
475,192,40409,1,0,0:0:0:0:
83,192,40409,1,0,0:0:0:0:
156,192,40409,1,0,0:0:0:0:
256,192,40784,1,0,0:0:0:0:
229,192,41159,1,0,0:0:0:0:
402,192,41159,1,0,0:0:0:0:
10,192,41159,1,0,0:0:0:0:
156,192,41159,1,0,0:0:0:0:
329,192,41534,1,0,0:0:0:0:
329,192,41909,1,0,0:0:0:0:
182,192,41909,1,0,0:0:0:0:
83,192,41909,1,0,0:0:0:0:
36,192,41909,1,0,0:0:0:0:
402,192,42284,1,0,0:0:0:0:
302,192,42659,1,0,0:0:0:0:
448,192,42659,1,0,0:0:0:0:
229,192,42659,1,0,0:0:0:0:
109,192,42659,1,0,0:0:0:0:
182,192,43034,1,0,0:0:0:0:
329,192,43409,1,0,0:0:0:0:
448,192,43409,1,0,0:0:0:0:
10,192,43409,1,0,0:0:0:0:
182,192,43409,1,0,0:0:0:0:
109,192,43596,1,0,0:0:0:0:
182,192,43784,1,0,0:0:0:0:
256,192,43971,1,0,0:0:0:0:
329,192,44159,1,0,0:0:0:0:
448,192,44159,1,0,0:0:0:0:
10,192,44159,1,0,0:0:0:0:
83,192,44159,1,0,0:0:0:0:
156,192,44346,1,0,0:0:0:0:
402,192,44534,1,0,0:0:0:0:
256,192,44721,1,0,0:0:0:0:
329,192,44909,1,0,0:0:0:0:
83,192,44909,1,0,0:0:0:0:
10,192,44909,1,0,0:0:0:0:
402,192,45096,1,0,0:0:0:0:
475,192,45284,128,0,45659:0:0:0:0:
329,192,45659,1,0,0:0:0:0:
36,192,45659,1,0,0:0:0:0:
182,192,45659,1,0,0:0:0:0:
256,192,46034,128,0,46221:0:0:0:0:
109,192,46221,128,0,46409:0:0:0:0:
402,192,46409,1,0,0:0:0:0:
448,192,46409,1,0,0:0:0:0:
10,192,46409,1,0,0:0:0:0:
256,192,46409,1,0,0:0:0:0:
256,192,46784,128,0,46877:0:0:0:0:
448,192,47159,1,0,0:0:0:0:
156,192,47159,1,0,0:0:0:0:
329,192,47159,1,0,0:0:0:0:
36,192,47159,1,0,0:0:0:0:
109,192,47346,1,0,0:0:0:0:
402,192,47534,1,0,0:0:0:0:
182,192,47721,1,0,0:0:0:0:
256,192,47909,1,0,0:0:0:0:
109,192,47909,1,0,0:0:0:0:
36,192,47909,1,0,0:0:0:0:
475,192,48284,1,0,0:0:0:0:
402,192,48377,1,0,0:0:0:0:
329,192,48471,1,0,0:0:0:0:
83,192,48471,1,0,0:0:0:0:
256,192,48565,1,0,0:0:0:0:
36,192,48659,1,0,0:0:0:0:
182,192,48659,128,0,49034:0:0:0:0:
402,192,48659,128,0,49034:0:0:0:0:
109,192,49034,1,0,0:0:0:0:
256,192,49034,128,0,49409:0:0:0:0:
475,192,49034,128,0,49409:0:0:0:0:
182,192,49409,1,0,0:0:0:0:
329,192,49409,1,0,0:0:0:0:
36,192,49409,1,0,0:0:0:0:
36,192,49596,1,0,0:0:0:0:
256,192,49784,1,0,0:0:0:0:
402,192,49971,1,0,0:0:0:0:
448,192,50159,1,0,0:0:0:0:
156,192,50159,1,0,0:0:0:0:
109,192,50346,1,0,0:0:0:0:
329,192,50534,1,0,0:0:0:0:
402,192,50721,1,0,0:0:0:0:
83,192,50909,1,0,0:0:0:0:
475,192,50909,128,0,51659:0:0:0:0:
36,192,51096,1,0,0:0:0:0:
256,192,51284,1,0,0:0:0:0:
375,192,51471,1,0,0:0:0:0:
302,192,51659,1,0,0:0:0:0:
182,192,51659,1,0,0:0:0:0:
10,192,51659,128,0,52409:0:0:0:0:
256,192,51846,1,0,0:0:0:0:
475,192,52034,1,0,0:0:0:0:
375,192,52221,1,0,0:0:0:0:
302,192,52409,1,0,0:0:0:0:
229,192,52409,1,0,0:0:0:0:
83,192,52596,1,0,0:0:0:0:
256,192,52784,1,0,0:0:0:0:
475,192,52971,1,0,0:0:0:0:
329,192,53159,1,0,0:0:0:0:
475,192,53159,1,0,0:0:0:0:
36,192,53159,128,0,53534:0:0:0:0:
256,192,53346,1,0,0:0:0:0:
182,192,53534,128,0,53909:0:0:0:0:
402,192,53534,1,0,0:0:0:0:
329,192,53721,1,0,0:0:0:0:
36,192,53909,1,0,0:0:0:0:
256,192,53909,1,0,0:0:0:0:
402,192,53909,1,0,0:0:0:0:
109,192,54096,1,0,0:0:0:0:
329,192,54284,1,0,0:0:0:0:
375,192,54471,1,0,0:0:0:0:
182,192,54659,1,0,0:0:0:0:
475,192,54659,1,0,0:0:0:0:
10,192,54659,128,0,55034:0:0:0:0:
475,192,54940,1,0,0:0:0:0:
256,192,55034,1,0,0:0:0:0:
329,192,55034,1,0,0:0:0:0:
109,192,55034,128,0,55409:0:0:0:0:
302,192,55409,1,0,0:0:0:0:
448,192,55409,1,0,0:0:0:0:
36,192,55409,1,0,0:0:0:0:
182,192,55409,128,0,56159:0:0:0:0:
402,192,55596,1,0,0:0:0:0:
256,192,55784,1,0,0:0:0:0:
83,192,55971,1,0,0:0:0:0:
448,192,56159,1,0,0:0:0:0:
10,192,56159,1,0,0:0:0:0:
402,192,56346,1,0,0:0:0:0:
256,192,56534,1,0,0:0:0:0:
109,192,56534,1,0,0:0:0:0:
156,192,56721,1,0,0:0:0:0:
375,192,56909,1,0,0:0:0:0:
36,192,56909,1,0,0:0:0:0:
329,192,57096,1,0,0:0:0:0:
109,192,57284,1,0,0:0:0:0:
475,192,57284,128,0,57659:0:0:0:0:
229,192,57471,1,0,0:0:0:0:
36,192,57659,1,0,0:0:0:0:
402,192,57659,128,0,58034:0:0:0:0:
182,192,57846,1,0,0:0:0:0:
182,192,58034,1,0,0:0:0:0:
329,192,58034,1,0,0:0:0:0:
256,192,58221,1,0,0:0:0:0:
256,192,58409,1,0,0:0:0:0:
448,192,58409,1,0,0:0:0:0:
182,192,58409,1,0,0:0:0:0:
36,192,58409,1,0,0:0:0:0:
402,192,58596,1,0,0:0:0:0:
109,192,58596,1,0,0:0:0:0:
256,192,58690,1,0,0:0:0:0:
109,192,58784,1,0,0:0:0:0:
402,192,58784,1,0,0:0:0:0:
256,192,58877,1,0,0:0:0:0:
475,192,58971,1,0,0:0:0:0:
182,192,58971,1,0,0:0:0:0:
329,192,59065,1,0,0:0:0:0:
256,192,59159,1,0,0:0:0:0:
182,192,59159,1,0,0:0:0:0:
402,192,59159,1,0,0:0:0:0:
36,192,59159,1,0,0:0:0:0:
302,192,59534,1,0,0:0:0:0:
475,192,59534,1,0,0:0:0:0:
229,192,59534,1,0,0:0:0:0:
109,192,59534,1,0,0:0:0:0:
375,192,59721,1,0,0:0:0:0:
10,192,59721,1,0,0:0:0:0:
329,192,59815,1,0,0:0:0:0:
83,192,59815,1,0,0:0:0:0:
182,192,59909,1,0,0:0:0:0:
475,192,59909,1,0,0:0:0:0:
36,192,59909,1,0,0:0:0:0:
229,192,59909,1,0,0:0:0:0:
109,192,60284,1,0,0:0:0:0:
475,192,60284,1,0,0:0:0:0:
402,192,60377,1,0,0:0:0:0:
329,192,60471,1,0,0:0:0:0:
256,192,60565,1,0,0:0:0:0:
329,192,60659,1,0,0:0:0:0:
448,192,60659,1,0,0:0:0:0:
156,192,60659,1,0,0:0:0:0:
10,192,60659,128,0,61409:0:0:0:0:
402,192,60846,1,0,0:0:0:0:
402,192,61034,1,0,0:0:0:0:
329,192,61221,1,0,0:0:0:0:
302,192,61409,1,0,0:0:0:0:
448,192,61409,1,0,0:0:0:0:
229,192,61409,1,0,0:0:0:0:
109,192,61409,1,0,0:0:0:0:
375,192,61596,1,0,0:0:0:0:
182,192,61596,1,0,0:0:0:0:
329,192,61690,1,0,0:0:0:0:
256,192,61784,1,0,0:0:0:0:
10,192,61784,1,0,0:0:0:0:
109,192,61877,1,0,0:0:0:0:
302,192,61971,1,0,0:0:0:0:
182,192,61971,1,0,0:0:0:0:
375,192,62065,1,0,0:0:0:0:
448,192,62159,1,0,0:0:0:0:
36,192,62159,1,0,0:0:0:0:
256,192,62159,1,0,0:0:0:0:
109,192,62252,1,0,0:0:0:0:
329,192,62346,1,0,0:0:0:0:
182,192,62440,1,0,0:0:0:0:
402,192,62534,1,0,0:0:0:0:
256,192,62627,1,0,0:0:0:0:
36,192,62721,1,0,0:0:0:0:
156,192,62721,1,0,0:0:0:0:
302,192,62909,1,0,0:0:0:0:
475,192,62909,1,0,0:0:0:0:
36,192,62909,1,0,0:0:0:0:
156,192,62909,1,0,0:0:0:0:
256,192,63096,1,0,0:0:0:0:
402,192,63190,1,0,0:0:0:0:
109,192,63284,1,0,0:0:0:0:
256,192,63284,1,0,0:0:0:0:
475,192,63377,1,0,0:0:0:0:
329,192,63471,1,0,0:0:0:0:
182,192,63471,1,0,0:0:0:0:
402,192,63565,1,0,0:0:0:0:
475,192,63659,1,0,0:0:0:0:
36,192,63659,1,0,0:0:0:0:
256,192,63752,1,0,0:0:0:0:
83,192,63846,1,0,0:0:0:0:
302,192,63940,1,0,0:0:0:0:
156,192,64034,1,0,0:0:0:0:
402,192,64127,1,0,0:0:0:0:
36,192,64221,1,0,0:0:0:0:
256,192,64221,1,0,0:0:0:0:
475,192,64315,1,0,0:0:0:0:
329,192,64409,1,0,0:0:0:0:
36,192,64409,1,0,0:0:0:0:
156,192,64409,1,0,0:0:0:0:
108,192,64409,1,0,0:0:0:0:
402,192,64502,1,0,0:0:0:0:
182,192,64596,1,0,0:0:0:0:
329,192,64690,1,0,0:0:0:0:
402,192,64784,1,0,0:0:0:0:
256,192,64877,1,0,0:0:0:0:
329,192,64971,1,0,0:0:0:0:
475,192,65065,1,0,0:0:0:0:
329,192,65159,1,0,0:0:0:0:
36,192,65159,1,0,0:0:0:0:
83,192,65159,1,0,0:0:0:0:
156,192,65159,1,0,0:0:0:0:
256,192,65346,1,0,0:0:0:0:
182,192,65440,1,0,0:0:0:0:
83,192,65534,1,0,0:0:0:0:
256,192,65627,1,0,0:0:0:0:
156,192,65721,1,0,0:0:0:0:
302,192,65815,1,0,0:0:0:0:
375,192,65909,1,0,0:0:0:0:
448,192,65909,1,0,0:0:0:0:
36,192,65909,1,0,0:0:0:0:
256,192,65909,1,0,0:0:0:0:
182,192,66096,1,0,0:0:0:0:
329,192,66190,1,0,0:0:0:0:
375,192,66284,1,0,0:0:0:0:
109,192,66377,1,0,0:0:0:0:
182,192,66471,1,0,0:0:0:0:
329,192,66565,1,0,0:0:0:0:
375,192,66659,1,0,0:0:0:0:
448,192,66659,1,0,0:0:0:0:
83,192,66659,1,0,0:0:0:0:
36,192,66659,1,0,0:0:0:0:
182,192,66752,1,0,0:0:0:0:
256,192,66846,1,0,0:0:0:0:
182,192,66940,1,0,0:0:0:0:
109,192,67034,1,0,0:0:0:0:
402,192,67127,1,0,0:0:0:0:
329,192,67221,1,0,0:0:0:0:
256,192,67315,1,0,0:0:0:0:
182,192,67409,1,0,0:0:0:0:
448,192,67409,1,0,0:0:0:0:
10,192,67409,1,0,0:0:0:0:
83,192,67409,1,0,0:0:0:0:
375,192,67596,1,0,0:0:0:0:
229,192,67596,1,0,0:0:0:0:
109,192,67690,1,0,0:0:0:0:
302,192,67784,1,0,0:0:0:0:
475,192,67784,1,0,0:0:0:0:
182,192,67877,1,0,0:0:0:0:
375,192,67971,1,0,0:0:0:0:
109,192,67971,1,0,0:0:0:0:
229,192,68065,1,0,0:0:0:0:
302,192,68159,1,0,0:0:0:0:
10,192,68159,1,0,0:0:0:0:
475,192,68159,1,0,0:0:0:0:
83,192,68252,1,0,0:0:0:0:
182,192,68346,1,0,0:0:0:0:
256,192,68440,1,0,0:0:0:0:
375,192,68534,1,0,0:0:0:0:
182,192,68627,1,0,0:0:0:0:
109,192,68721,1,0,0:0:0:0:
302,192,68721,1,0,0:0:0:0:
182,192,68815,1,0,0:0:0:0:
375,192,68909,1,0,0:0:0:0:
448,192,68909,1,0,0:0:0:0:
229,192,68909,1,0,0:0:0:0:
36,192,68909,1,0,0:0:0:0:
302,192,69096,1,0,0:0:0:0:
182,192,69096,1,0,0:0:0:0:
375,192,69190,1,0,0:0:0:0:
329,192,69284,1,0,0:0:0:0:
83,192,69284,1,0,0:0:0:0:
182,192,69377,1,0,0:0:0:0:
229,192,69471,1,0,0:0:0:0:
402,192,69471,1,0,0:0:0:0:
109,192,69565,1,0,0:0:0:0:
36,192,69659,1,0,0:0:0:0:
448,192,69659,1,0,0:0:0:0:
329,192,69659,1,0,0:0:0:0:
182,192,69659,1,0,0:0:0:0:
302,192,69846,1,0,0:0:0:0:
109,192,69846,1,0,0:0:0:0:
448,192,70034,1,0,0:0:0:0:
109,192,70034,1,0,0:0:0:0:
302,192,70221,1,0,0:0:0:0:
10,192,70221,1,0,0:0:0:0:
448,192,70409,1,0,0:0:0:0:
229,192,70409,1,0,0:0:0:0:
109,192,70409,1,0,0:0:0:0:
329,192,70502,1,0,0:0:0:0:
375,192,70596,1,0,0:0:0:0:
36,192,70596,1,0,0:0:0:0:
109,192,70690,1,0,0:0:0:0:
448,192,70784,1,0,0:0:0:0:
256,192,70784,1,0,0:0:0:0:
156,192,70877,1,0,0:0:0:0:
329,192,70971,1,0,0:0:0:0:
256,192,71065,1,0,0:0:0:0:
36,192,71159,1,0,0:0:0:0:
375,192,71159,1,0,0:0:0:0:
182,192,71159,1,0,0:0:0:0:
329,192,71252,1,0,0:0:0:0:
475,192,71346,1,0,0:0:0:0:
109,192,71346,1,0,0:0:0:0:
182,192,71440,1,0,0:0:0:0:
36,192,71534,1,0,0:0:0:0:
256,192,71627,1,0,0:0:0:0:
182,192,71721,1,0,0:0:0:0:
302,192,71815,1,0,0:0:0:0:
256,192,71909,1,0,0:0:0:0:
375,192,71909,1,0,0:0:0:0:
10,192,71909,1,0,0:0:0:0:
83,192,71909,1,0,0:0:0:0:
182,192,72002,1,0,0:0:0:0:
256,192,72096,1,0,0:0:0:0:
475,192,72096,1,0,0:0:0:0:
10,192,72190,1,0,0:0:0:0:
375,192,72284,1,0,0:0:0:0:
182,192,72284,1,0,0:0:0:0:
256,192,72377,1,0,0:0:0:0:
36,192,72471,1,0,0:0:0:0:
329,192,72471,1,0,0:0:0:0:
402,192,72565,1,0,0:0:0:0:
256,192,72659,1,0,0:0:0:0:
475,192,72659,1,0,0:0:0:0:
329,192,72659,1,0,0:0:0:0:
83,192,72659,1,0,0:0:0:0:
182,192,72846,1,0,0:0:0:0:
402,192,72846,1,0,0:0:0:0:
256,192,72846,1,0,0:0:0:0:
36,192,73034,1,0,0:0:0:0:
329,192,73034,1,0,0:0:0:0:
83,192,73034,1,0,0:0:0:0:
475,192,73034,1,0,0:0:0:0:
256,192,73221,1,0,0:0:0:0:
182,192,73221,1,0,0:0:0:0:
475,192,73409,1,0,0:0:0:0:
329,192,73409,1,0,0:0:0:0:
36,192,73409,1,0,0:0:0:0:
302,192,73596,1,0,0:0:0:0:
109,192,73596,1,0,0:0:0:0:
256,192,73784,1,0,0:0:0:0:
10,192,73784,1,0,0:0:0:0:
475,192,73971,1,0,0:0:0:0:
109,192,74159,1,0,0:0:0:0:
375,192,74159,1,0,0:0:0:0:
229,192,74159,1,0,0:0:0:0:
329,192,74346,1,0,0:0:0:0:
182,192,74346,1,0,0:0:0:0:
256,192,74534,1,0,0:0:0:0:
36,192,74534,1,0,0:0:0:0:
329,192,74721,1,0,0:0:0:0:
36,192,74909,1,0,0:0:0:0:
448,192,74909,1,0,0:0:0:0:
229,192,74909,1,0,0:0:0:0:
402,192,75096,1,0,0:0:0:0:
83,192,75096,1,0,0:0:0:0:
256,192,75284,1,0,0:0:0:0:
329,192,75284,1,0,0:0:0:0:
10,192,75471,1,0,0:0:0:0:
402,192,75659,1,0,0:0:0:0:
182,192,75659,1,0,0:0:0:0:
475,192,75846,1,0,0:0:0:0:
329,192,76034,1,0,0:0:0:0:
156,192,76221,1,0,0:0:0:0:
329,192,76409,128,0,76971:0:0:0:0:
448,192,76409,128,0,76971:0:0:0:0:
10,192,76409,1,0,0:0:0:0:
256,192,76409,1,0,0:0:0:0:
109,192,76596,1,0,0:0:0:0:
182,192,76784,1,0,0:0:0:0:
256,192,76971,1,0,0:0:0:0:
448,192,77159,1,0,0:0:0:0:
182,192,77159,128,0,77534:0:0:0:0:
36,192,77159,128,0,77534:0:0:0:0:
329,192,77159,1,0,0:0:0:0:
402,192,77346,1,0,0:0:0:0:
329,192,77534,1,0,0:0:0:0:
256,192,77721,1,0,0:0:0:0:
475,192,77909,1,0,0:0:0:0:
36,192,77909,1,0,0:0:0:0:
329,192,77909,1,0,0:0:0:0:
182,192,77909,1,0,0:0:0:0:
109,192,78096,1,0,0:0:0:0:
402,192,78096,1,0,0:0:0:0:
182,192,78190,1,0,0:0:0:0:
329,192,78190,1,0,0:0:0:0:
36,192,78284,1,0,0:0:0:0:
256,192,78284,1,0,0:0:0:0:
475,192,78284,1,0,0:0:0:0:
109,192,78377,1,0,0:0:0:0:
329,192,78377,1,0,0:0:0:0:
402,192,78471,1,0,0:0:0:0:
182,192,78471,1,0,0:0:0:0:
256,192,78565,1,0,0:0:0:0:
329,192,78659,1,0,0:0:0:0:
182,192,78659,1,0,0:0:0:0:
475,192,78659,1,0,0:0:0:0:
36,192,78659,1,0,0:0:0:0:
256,192,79034,1,0,0:0:0:0:
375,192,79034,1,0,0:0:0:0:
448,192,79034,1,0,0:0:0:0:
109,192,79034,1,0,0:0:0:0:
36,192,79034,1,0,0:0:0:0:
256,192,79409,1,0,0:0:0:0:
448,192,79409,1,0,0:0:0:0:
182,192,79409,1,0,0:0:0:0:
36,192,79409,1,0,0:0:0:0:
329,192,79596,1,0,0:0:0:0:
402,192,79596,1,0,0:0:0:0:
182,192,79690,1,0,0:0:0:0:
109,192,79690,1,0,0:0:0:0:
329,192,79784,1,0,0:0:0:0:
402,192,79784,1,0,0:0:0:0:
182,192,79877,1,0,0:0:0:0:
109,192,79877,1,0,0:0:0:0:
402,192,79971,1,0,0:0:0:0:
329,192,79971,1,0,0:0:0:0:
182,192,80159,1,0,0:0:0:0:
36,192,80159,1,0,0:0:0:0:
402,192,80252,1,0,0:0:0:0:
256,192,80252,1,0,0:0:0:0:
36,192,80346,1,0,0:0:0:0:
182,192,80346,1,0,0:0:0:0:
256,192,80440,1,0,0:0:0:0:
402,192,80440,1,0,0:0:0:0:
36,192,80534,1,0,0:0:0:0:
182,192,80534,1,0,0:0:0:0:
475,192,80721,1,0,0:0:0:0:
329,192,80721,1,0,0:0:0:0:
182,192,80815,1,0,0:0:0:0:
36,192,80815,1,0,0:0:0:0:
329,192,80909,1,0,0:0:0:0:
475,192,80909,1,0,0:0:0:0:
182,192,81002,1,0,0:0:0:0:
36,192,81002,1,0,0:0:0:0:
475,192,81096,1,0,0:0:0:0:
329,192,81096,1,0,0:0:0:0:
402,192,81284,1,0,0:0:0:0:
36,192,81284,1,0,0:0:0:0:
182,192,81377,1,0,0:0:0:0:
329,192,81377,1,0,0:0:0:0:
109,192,81471,1,0,0:0:0:0:
475,192,81471,1,0,0:0:0:0:
182,192,81518,1,0,0:0:0:0:
256,192,81565,1,0,0:0:0:0:
329,192,81612,1,0,0:0:0:0:
36,192,81659,1,0,0:0:0:0:
402,192,81659,1,0,0:0:0:0:
109,192,81659,1,0,0:0:0:0:
475,192,81659,1,0,0:0:0:0:
182,192,81846,1,0,0:0:0:0:
329,192,81846,1,0,0:0:0:0:
475,192,81846,1,0,0:0:0:0:
36,192,81846,1,0,0:0:0:0:
256,192,81940,1,0,0:0:0:0:
109,192,82034,1,0,0:0:0:0:
256,192,82127,1,0,0:0:0:0:
36,192,82221,1,0,0:0:0:0:
475,192,82221,1,0,0:0:0:0:
329,192,82221,1,0,0:0:0:0:
182,192,82221,1,0,0:0:0:0:
109,192,82409,1,0,0:0:0:0:
256,192,82409,1,0,0:0:0:0:
329,192,82409,1,0,0:0:0:0:
475,192,82409,1,0,0:0:0:0:
36,192,82596,1,0,0:0:0:0:
182,192,82596,1,0,0:0:0:0:
329,192,82690,1,0,0:0:0:0:
475,192,82690,1,0,0:0:0:0:
36,192,82784,1,0,0:0:0:0:
182,192,82784,1,0,0:0:0:0:
475,192,82877,1,0,0:0:0:0:
329,192,82877,1,0,0:0:0:0:
256,192,82971,1,0,0:0:0:0:
109,192,82971,1,0,0:0:0:0:
329,192,83159,1,0,0:0:0:0:
10,192,83159,1,0,0:0:0:0:
182,192,83252,1,0,0:0:0:0:
475,192,83252,1,0,0:0:0:0:
36,192,83346,1,0,0:0:0:0:
329,192,83346,1,0,0:0:0:0:
182,192,83440,1,0,0:0:0:0:
475,192,83440,1,0,0:0:0:0:
402,192,83534,1,0,0:0:0:0:
256,192,83534,1,0,0:0:0:0:
36,192,83721,1,0,0:0:0:0:
475,192,83721,1,0,0:0:0:0:
109,192,83721,1,0,0:0:0:0:
182,192,83815,1,0,0:0:0:0:
329,192,83815,1,0,0:0:0:0:
402,192,83909,1,0,0:0:0:0:
36,192,83909,1,0,0:0:0:0:
256,192,84002,1,0,0:0:0:0:
109,192,84002,1,0,0:0:0:0:
402,192,84096,1,0,0:0:0:0:
182,192,84096,1,0,0:0:0:0:
256,192,84190,1,0,0:0:0:0:
109,192,84190,1,0,0:0:0:0:
475,192,84284,1,0,0:0:0:0:
36,192,84284,1,0,0:0:0:0:
329,192,84284,1,0,0:0:0:0:
109,192,84377,1,0,0:0:0:0:
402,192,84377,1,0,0:0:0:0:
329,192,84471,1,0,0:0:0:0:
182,192,84471,1,0,0:0:0:0:
402,192,84565,1,0,0:0:0:0:
256,192,84565,1,0,0:0:0:0:
475,192,84659,1,0,0:0:0:0:
182,192,84659,1,0,0:0:0:0:
329,192,84659,1,0,0:0:0:0:
36,192,84659,1,0,0:0:0:0:
375,192,84846,1,0,0:0:0:0:
109,192,84846,1,0,0:0:0:0:
256,192,84846,1,0,0:0:0:0:
182,192,84940,1,0,0:0:0:0:
475,192,85034,1,0,0:0:0:0:
109,192,85034,1,0,0:0:0:0:
256,192,85034,1,0,0:0:0:0:
36,192,85034,1,0,0:0:0:0:
375,192,85221,1,0,0:0:0:0:
182,192,85221,1,0,0:0:0:0:
329,192,85221,1,0,0:0:0:0:
229,192,85409,1,0,0:0:0:0:
475,192,85409,1,0,0:0:0:0:
109,192,85409,1,0,0:0:0:0:
375,192,85596,1,0,0:0:0:0:
36,192,85596,1,0,0:0:0:0:
329,192,85690,1,0,0:0:0:0:
182,192,85690,1,0,0:0:0:0:
402,192,85784,1,0,0:0:0:0:
36,192,85784,1,0,0:0:0:0:
329,192,85877,1,0,0:0:0:0:
182,192,85877,1,0,0:0:0:0:
109,192,85971,1,0,0:0:0:0:
402,192,85971,1,0,0:0:0:0:
475,192,86159,1,0,0:0:0:0:
36,192,86159,1,0,0:0:0:0:
182,192,86159,1,0,0:0:0:0:
256,192,86159,1,0,0:0:0:0:
329,192,86252,1,0,0:0:0:0:
402,192,86346,1,0,0:0:0:0:
448,192,86440,1,0,0:0:0:0:
36,192,86534,1,0,0:0:0:0:
329,192,86534,1,0,0:0:0:0:
256,192,86627,1,0,0:0:0:0:
182,192,86721,1,0,0:0:0:0:
109,192,86815,1,0,0:0:0:0:
402,192,86909,1,0,0:0:0:0:
182,192,86909,1,0,0:0:0:0:
36,192,86909,1,0,0:0:0:0:
448,192,87096,1,0,0:0:0:0:
109,192,87096,1,0,0:0:0:0:
329,192,87190,1,0,0:0:0:0:
156,192,87190,1,0,0:0:0:0:
475,192,87284,1,0,0:0:0:0:
109,192,87284,1,0,0:0:0:0:
182,192,87377,1,0,0:0:0:0:
302,192,87377,1,0,0:0:0:0:
475,192,87471,1,0,0:0:0:0:
36,192,87471,1,0,0:0:0:0:
109,192,87659,1,0,0:0:0:0:
256,192,87659,1,0,0:0:0:0:
402,192,87659,1,0,0:0:0:0:
155,192,87659,1,0,0:0:0:0:
448,192,87846,1,0,0:0:0:0:
329,192,87846,1,0,0:0:0:0:
182,192,87940,1,0,0:0:0:0:
36,192,87940,1,0,0:0:0:0:
329,192,88034,1,0,0:0:0:0:
475,192,88034,1,0,0:0:0:0:
36,192,88127,1,0,0:0:0:0:
182,192,88127,1,0,0:0:0:0:
329,192,88221,1,0,0:0:0:0:
256,192,88221,1,0,0:0:0:0:
475,192,88221,1,0,0:0:0:0:
402,192,88409,1,0,0:0:0:0:
182,192,88409,1,0,0:0:0:0:
109,192,88409,1,0,0:0:0:0:
475,192,88596,1,0,0:0:0:0:
36,192,88596,1,0,0:0:0:0:
329,192,88690,1,0,0:0:0:0:
182,192,88690,1,0,0:0:0:0:
475,192,88784,1,0,0:0:0:0:
36,192,88784,1,0,0:0:0:0:
329,192,88877,1,0,0:0:0:0:
182,192,88877,1,0,0:0:0:0:
402,192,88971,1,0,0:0:0:0:
109,192,88971,1,0,0:0:0:0:
36,192,89159,1,0,0:0:0:0:
475,192,89159,1,0,0:0:0:0:
256,192,89159,1,0,0:0:0:0:
329,192,89159,1,0,0:0:0:0:
402,192,89252,1,0,0:0:0:0:
156,192,89252,1,0,0:0:0:0:
329,192,89346,1,0,0:0:0:0:
109,192,89346,1,0,0:0:0:0:
402,192,89440,1,0,0:0:0:0:
36,192,89440,1,0,0:0:0:0:
475,192,89534,1,0,0:0:0:0:
182,192,89534,1,0,0:0:0:0:
329,192,89627,1,0,0:0:0:0:
256,192,89721,1,0,0:0:0:0:
109,192,89815,1,0,0:0:0:0:
448,192,89909,1,0,0:0:0:0:
302,192,89909,1,0,0:0:0:0:
156,192,89909,1,0,0:0:0:0:
36,192,89909,1,0,0:0:0:0:
229,192,90096,1,0,0:0:0:0:
402,192,90096,1,0,0:0:0:0:
109,192,90096,1,0,0:0:0:0:
329,192,90190,1,0,0:0:0:0:
182,192,90190,1,0,0:0:0:0:
475,192,90284,1,0,0:0:0:0:
402,192,90284,1,0,0:0:0:0:
256,192,90284,1,0,0:0:0:0:
329,192,90377,1,0,0:0:0:0:
156,192,90377,1,0,0:0:0:0:
256,192,90471,1,0,0:0:0:0:
36,192,90471,1,0,0:0:0:0:
109,192,90471,1,0,0:0:0:0:
329,192,90565,1,0,0:0:0:0:
182,192,90565,1,0,0:0:0:0:
402,192,90659,1,0,0:0:0:0:
448,192,90659,1,0,0:0:0:0:
256,192,90659,1,0,0:0:0:0:
36,192,90659,1,0,0:0:0:0:
329,192,90752,1,0,0:0:0:0:
83,192,90752,1,0,0:0:0:0:
36,192,90846,1,0,0:0:0:0:
475,192,90846,1,0,0:0:0:0:
256,192,90846,1,0,0:0:0:0:
402,192,90940,1,0,0:0:0:0:
109,192,90940,1,0,0:0:0:0:
182,192,91034,1,0,0:0:0:0:
448,192,91034,1,0,0:0:0:0:
329,192,91034,1,0,0:0:0:0:
36,192,91034,1,0,0:0:0:0:
375,192,91409,1,0,0:0:0:0:
448,192,91409,1,0,0:0:0:0:
256,192,91409,1,0,0:0:0:0:
10,192,91409,1,0,0:0:0:0:
83,192,91409,1,0,0:0:0:0:
329,192,91596,1,0,0:0:0:0:
182,192,91784,1,0,0:0:0:0:
302,192,91846,1,0,0:0:0:0:
475,192,91909,1,0,0:0:0:0:
109,192,91971,1,0,0:0:0:0:
256,192,92034,1,0,0:0:0:0:
402,192,92096,1,0,0:0:0:0:
10,192,92159,1,0,0:0:0:0:
182,192,92221,1,0,0:0:0:0:
329,192,92284,1,0,0:0:0:0:
109,192,92346,1,0,0:0:0:0:
256,192,92409,1,0,0:0:0:0:
402,192,92471,1,0,0:0:0:0:
182,192,92534,1,0,0:0:0:0:
329,192,92596,1,0,0:0:0:0:
475,192,92659,1,0,0:0:0:0:
109,192,92721,1,0,0:0:0:0:
256,192,92784,1,0,0:0:0:0:
402,192,92846,1,0,0:0:0:0:
36,192,92909,1,0,0:0:0:0:
182,192,92971,1,0,0:0:0:0:
329,192,93034,1,0,0:0:0:0:
109,192,93096,1,0,0:0:0:0:
256,192,93159,1,0,0:0:0:0:
402,192,93221,1,0,0:0:0:0:
329,192,93284,1,0,0:0:0:0:
182,192,93346,1,0,0:0:0:0:
36,192,93409,1,0,0:0:0:0:
402,192,93471,1,0,0:0:0:0:
329,192,93534,1,0,0:0:0:0:
256,192,93596,1,0,0:0:0:0:
36,192,93659,1,0,0:0:0:0:
182,192,93659,1,0,0:0:0:0:
475,192,93659,1,0,0:0:0:0:
182,192,93846,1,0,0:0:0:0:
36,192,93846,1,0,0:0:0:0:
448,192,93846,1,0,0:0:0:0:
329,192,93846,1,0,0:0:0:0:
375,192,93940,1,0,0:0:0:0:
256,192,93940,1,0,0:0:0:0:
302,192,94034,1,0,0:0:0:0:
182,192,94034,1,0,0:0:0:0:
109,192,94127,1,0,0:0:0:0:
229,192,94127,1,0,0:0:0:0:
329,192,94221,1,0,0:0:0:0:
10,192,94221,1,0,0:0:0:0:
475,192,94221,1,0,0:0:0:0:
302,192,94409,1,0,0:0:0:0:
448,192,94409,1,0,0:0:0:0:
36,192,94409,1,0,0:0:0:0:
182,192,94409,1,0,0:0:0:0:
256,192,94596,1,0,0:0:0:0:
182,192,94784,1,0,0:0:0:0:
329,192,94846,1,0,0:0:0:0:
475,192,94909,1,0,0:0:0:0:
109,192,94971,1,0,0:0:0:0:
256,192,95034,1,0,0:0:0:0:
402,192,95096,1,0,0:0:0:0:
36,192,95159,1,0,0:0:0:0:
182,192,95221,1,0,0:0:0:0:
329,192,95284,1,0,0:0:0:0:
109,192,95346,1,0,0:0:0:0:
256,192,95409,1,0,0:0:0:0:
402,192,95471,1,0,0:0:0:0:
329,192,95534,1,0,0:0:0:0:
182,192,95596,1,0,0:0:0:0:
36,192,95659,1,0,0:0:0:0:
402,192,95721,1,0,0:0:0:0:
256,192,95784,1,0,0:0:0:0:
109,192,95846,1,0,0:0:0:0:
475,192,95909,1,0,0:0:0:0:
329,192,95971,1,0,0:0:0:0:
182,192,96034,1,0,0:0:0:0:
402,192,96096,1,0,0:0:0:0:
256,192,96159,1,0,0:0:0:0:
109,192,96221,1,0,0:0:0:0:
475,192,96284,1,0,0:0:0:0:
36,192,96284,1,0,0:0:0:0:
329,192,96346,1,0,0:0:0:0:
182,192,96409,1,0,0:0:0:0:
402,192,96471,1,0,0:0:0:0:
256,192,96534,1,0,0:0:0:0:
109,192,96596,1,0,0:0:0:0:
36,192,96659,1,0,0:0:0:0:
475,192,96659,1,0,0:0:0:0:
182,192,96659,1,0,0:0:0:0:
329,192,96659,1,0,0:0:0:0:
402,192,96846,1,0,0:0:0:0:
475,192,96846,1,0,0:0:0:0:
256,192,96846,1,0,0:0:0:0:
36,192,96846,1,0,0:0:0:0:
329,192,96940,1,0,0:0:0:0:
109,192,96940,1,0,0:0:0:0:
182,192,97034,1,0,0:0:0:0:
475,192,97034,1,0,0:0:0:0:
402,192,97034,1,0,0:0:0:0:
256,192,97034,1,0,0:0:0:0:
36,192,97127,1,0,0:0:0:0:
109,192,97127,1,0,0:0:0:0:
329,192,97127,1,0,0:0:0:0:
256,192,97221,1,0,0:0:0:0:
475,192,97221,1,0,0:0:0:0:
182,192,97221,1,0,0:0:0:0:
36,192,97315,1,0,0:0:0:0:
329,192,97315,1,0,0:0:0:0:
402,192,97315,1,0,0:0:0:0:
256,192,97409,1,0,0:0:0:0:
475,192,97409,1,0,0:0:0:0:
109,192,97409,1,0,0:0:0:0:
182,192,97409,1,0,0:0:0:0:
36,192,97596,1,0,0:0:0:0:
402,192,97596,1,0,0:0:0:0:
329,192,97784,1,0,0:0:0:0:
475,192,97784,1,0,0:0:0:0:
109,192,97784,1,0,0:0:0:0:
256,192,97971,1,0,0:0:0:0:
36,192,97971,1,0,0:0:0:0:
402,192,97971,1,0,0:0:0:0:
182,192,98034,1,0,0:0:0:0:
109,192,98096,1,0,0:0:0:0:
329,192,98159,1,0,0:0:0:0:
256,192,98221,1,0,0:0:0:0:
182,192,98284,1,0,0:0:0:0:
109,192,98346,1,0,0:0:0:0:
475,192,98346,1,0,0:0:0:0:
182,192,98534,1,0,0:0:0:0:
402,192,98534,1,0,0:0:0:0:
36,192,98534,1,0,0:0:0:0:
256,192,98596,1,0,0:0:0:0:
329,192,98659,1,0,0:0:0:0:
109,192,98721,1,0,0:0:0:0:
182,192,98784,1,0,0:0:0:0:
256,192,98846,1,0,0:0:0:0:
36,192,98909,1,0,0:0:0:0:
475,192,98909,1,0,0:0:0:0:
329,192,98909,1,0,0:0:0:0:
256,192,99096,1,0,0:0:0:0:
402,192,99096,1,0,0:0:0:0:
182,192,99284,1,0,0:0:0:0:
448,192,99284,1,0,0:0:0:0:
36,192,99284,1,0,0:0:0:0:
302,192,99471,1,0,0:0:0:0:
36,192,99471,128,0,99846:0:0:0:0:
182,192,99471,128,0,99846:0:0:0:0:
402,192,99471,1,0,0:0:0:0:
475,192,99659,1,0,0:0:0:0:
229,192,99846,1,0,0:0:0:0:
402,192,99846,1,0,0:0:0:0:
182,192,100034,1,0,0:0:0:0:
475,192,100034,1,0,0:0:0:0:
36,192,100034,1,0,0:0:0:0:
109,192,100221,1,0,0:0:0:0:
329,192,100221,1,0,0:0:0:0:
256,192,100409,1,0,0:0:0:0:
36,192,100409,1,0,0:0:0:0:
402,192,100409,1,0,0:0:0:0:
448,192,100596,1,0,0:0:0:0:
182,192,100596,1,0,0:0:0:0:
329,192,100784,1,0,0:0:0:0:
109,192,100784,1,0,0:0:0:0:
182,192,100971,1,0,0:0:0:0:
256,192,100971,1,0,0:0:0:0:
402,192,100971,1,0,0:0:0:0:
36,192,100971,1,0,0:0:0:0:
475,192,101159,1,0,0:0:0:0:
329,192,101221,1,0,0:0:0:0:
182,192,101284,1,0,0:0:0:0:
402,192,101346,1,0,0:0:0:0:
256,192,101409,1,0,0:0:0:0:
109,192,101471,1,0,0:0:0:0:
36,192,101534,1,0,0:0:0:0:
475,192,101534,1,0,0:0:0:0:
329,192,101534,1,0,0:0:0:0:
182,192,101596,1,0,0:0:0:0:
109,192,101659,1,0,0:0:0:0:
402,192,101721,1,0,0:0:0:0:
256,192,101784,1,0,0:0:0:0:
182,192,101846,1,0,0:0:0:0:
36,192,101909,1,0,0:0:0:0:
329,192,101909,1,0,0:0:0:0:
475,192,101909,1,0,0:0:0:0:
402,192,102096,1,0,0:0:0:0:
156,192,102096,1,0,0:0:0:0:
83,192,102096,1,0,0:0:0:0:
475,192,102284,1,0,0:0:0:0:
229,192,102284,1,0,0:0:0:0:
10,192,102284,1,0,0:0:0:0:
109,192,102471,1,0,0:0:0:0:
402,192,102471,1,0,0:0:0:0:
329,192,102471,1,0,0:0:0:0:
36,192,102471,1,0,0:0:0:0:
475,192,102659,1,0,0:0:0:0:
256,192,102659,1,0,0:0:0:0:
182,192,102659,1,0,0:0:0:0:
402,192,102752,1,0,0:0:0:0:
256,192,102846,1,0,0:0:0:0:
36,192,102846,1,0,0:0:0:0:
109,192,102846,1,0,0:0:0:0:
402,192,102940,1,0,0:0:0:0:
182,192,103034,1,0,0:0:0:0:
448,192,103034,1,0,0:0:0:0:
36,192,103034,1,0,0:0:0:0:
329,192,103034,1,0,0:0:0:0:
256,192,103221,1,0,0:0:0:0:
402,192,103221,1,0,0:0:0:0:
182,192,103221,1,0,0:0:0:0:
36,192,103221,1,0,0:0:0:0:
329,192,103409,1,0,0:0:0:0:
475,192,103409,1,0,0:0:0:0:
182,192,103409,1,0,0:0:0:0:
36,192,103409,1,0,0:0:0:0:
109,192,103596,1,0,0:0:0:0:
256,192,103784,1,0,0:0:0:0:
402,192,103971,1,0,0:0:0:0:
475,192,104159,1,0,0:0:0:0:
329,192,104346,1,0,0:0:0:0:
182,192,104534,1,0,0:0:0:0:
10,192,104721,1,0,0:0:0:0:
109,192,104815,1,0,0:0:0:0:
182,192,104862,1,0,0:0:0:0:
302,192,104909,1,0,0:0:0:0:
475,192,104909,1,0,0:0:0:0:
402,192,104909,1,0,0:0:0:0:
229,192,105284,1,0,0:0:0:0:
109,192,105307,1,0,0:0:0:0:
402,192,105612,1,0,0:0:0:0:
256,192,105659,1,0,0:0:0:0:
109,192,105659,1,0,0:0:0:0:
36,192,105659,1,0,0:0:0:0:
329,192,106034,1,0,0:0:0:0:
182,192,106057,1,0,0:0:0:0:
448,192,106362,1,0,0:0:0:0:
302,192,106409,1,0,0:0:0:0:
156,192,106409,1,0,0:0:0:0:
83,192,106409,1,0,0:0:0:0:
229,192,106784,1,0,0:0:0:0:
109,192,106807,1,0,0:0:0:0:
36,192,107112,1,0,0:0:0:0:
448,192,107159,1,0,0:0:0:0:
302,192,107159,1,0,0:0:0:0:
156,192,107159,1,0,0:0:0:0:
256,192,107534,1,0,0:0:0:0:
182,192,107909,1,0,0:0:0:0:
36,192,107909,1,0,0:0:0:0:
402,192,107909,128,0,108659:0:0:0:0:
109,192,108284,128,0,108330:0:0:0:0:
156,192,108612,1,0,0:0:0:0:
448,192,108659,1,0,0:0:0:0:
302,192,108659,1,0,0:0:0:0:
36,192,108659,128,0,109409:0:0:0:0:
229,192,109034,128,0,109080:0:0:0:0:
329,192,109362,1,0,0:0:0:0:
182,192,109409,1,0,0:0:0:0:
109,192,109409,1,0,0:0:0:0:
448,192,109409,128,0,109784:0:0:0:0:
229,192,109784,128,0,110159:0:0:0:0:
36,192,110159,128,0,111659:0:0:0:0:
156,192,110159,128,0,111659:0:0:0:0:
402,192,110159,128,0,110909:0:0:0:0:
448,192,110909,128,0,111284:0:0:0:0:
329,192,111284,128,0,111659:0:0:0:0:
402,192,111659,128,0,112034:0:0:0:0:
83,192,112034,128,0,112409:0:0:0:0:
36,192,112409,1,0,0:0:0:0:
475,192,112409,128,0,112784:0:0:0:0:
182,192,112784,128,0,113159:0:0:0:0:
375,192,113159,1,0,0:0:0:0:
256,192,113159,128,0,113909:0:0:0:0:
156,192,113909,1,0,0:0:0:0:
375,192,113909,1,0,0:0:0:0:
36,192,113909,1,0,0:0:0:0:
109,192,114096,1,0,0:0:0:0:
229,192,114284,1,0,0:0:0:0:
302,192,114471,1,0,0:0:0:0:
375,192,114659,1,0,0:0:0:0:
10,192,114659,1,0,0:0:0:0:
156,192,114846,1,0,0:0:0:0:
329,192,115034,1,0,0:0:0:0:
402,192,115221,1,0,0:0:0:0:
36,192,115409,1,0,0:0:0:0:
256,192,115409,1,0,0:0:0:0:
475,192,115596,1,0,0:0:0:0:
329,192,115784,1,0,0:0:0:0:
402,192,115971,1,0,0:0:0:0:
448,192,116159,1,0,0:0:0:0:
36,192,116159,1,0,0:0:0:0:
182,192,116159,1,0,0:0:0:0:
329,192,116346,1,0,0:0:0:0:
109,192,116534,1,0,0:0:0:0:
256,192,116721,1,0,0:0:0:0:
36,192,116909,1,0,0:0:0:0:
182,192,116909,1,0,0:0:0:0:
448,192,116909,128,0,117659:0:0:0:0:
329,192,117096,1,0,0:0:0:0:
109,192,117284,1,0,0:0:0:0:
182,192,117471,1,0,0:0:0:0:
109,192,117659,1,0,0:0:0:0:
229,192,117659,1,0,0:0:0:0:
302,192,117659,128,0,118409:0:0:0:0:
10,192,117846,1,0,0:0:0:0:
182,192,118034,1,0,0:0:0:0:
256,192,118221,1,0,0:0:0:0:
475,192,118409,1,0,0:0:0:0:
36,192,118409,1,0,0:0:0:0:
182,192,118409,1,0,0:0:0:0:
109,192,118596,1,0,0:0:0:0:
256,192,118784,1,0,0:0:0:0:
302,192,118971,1,0,0:0:0:0:
10,192,119159,128,0,119346:0:0:0:0:
448,192,119159,128,0,119346:0:0:0:0:
402,192,119159,128,0,119346:0:0:0:0:
83,192,119159,128,0,119346:0:0:0:0:
156,192,119534,128,0,119909:0:0:0:0:
302,192,119534,128,0,119909:0:0:0:0:
448,192,119909,1,0,0:0:0:0:
229,192,119909,1,0,0:0:0:0:
10,192,119909,1,0,0:0:0:0:
109,192,120096,1,0,0:0:0:0:
256,192,120284,1,0,0:0:0:0:
375,192,120471,1,0,0:0:0:0:
448,192,120659,1,0,0:0:0:0:
83,192,120659,1,0,0:0:0:0:
182,192,120846,1,0,0:0:0:0:
329,192,121034,1,0,0:0:0:0:
402,192,121221,1,0,0:0:0:0:
475,192,121409,1,0,0:0:0:0:
36,192,121409,1,0,0:0:0:0:
329,192,121596,1,0,0:0:0:0:
182,192,121784,1,0,0:0:0:0:
229,192,121971,1,0,0:0:0:0:
182,192,122159,1,0,0:0:0:0:
475,192,122159,1,0,0:0:0:0:
36,192,122159,1,0,0:0:0:0:
402,192,122346,1,0,0:0:0:0:
329,192,122534,1,0,0:0:0:0:
109,192,122627,1,0,0:0:0:0:
182,192,122721,1,0,0:0:0:0:
256,192,122815,1,0,0:0:0:0:
36,192,122909,1,0,0:0:0:0:
402,192,122909,1,0,0:0:0:0:
329,192,122909,1,0,0:0:0:0:
475,192,123096,1,0,0:0:0:0:
402,192,123190,1,0,0:0:0:0:
329,192,123284,1,0,0:0:0:0:
36,192,123284,1,0,0:0:0:0:
109,192,123377,1,0,0:0:0:0:
475,192,123377,1,0,0:0:0:0:
182,192,123471,1,0,0:0:0:0:
402,192,123471,1,0,0:0:0:0:
109,192,123565,1,0,0:0:0:0:
329,192,123565,1,0,0:0:0:0:
256,192,123659,1,0,0:0:0:0:
475,192,123659,1,0,0:0:0:0:
402,192,123659,1,0,0:0:0:0:
36,192,123659,1,0,0:0:0:0:
329,192,124034,1,0,0:0:0:0:
448,192,124034,1,0,0:0:0:0:
229,192,124034,1,0,0:0:0:0:
10,192,124034,1,0,0:0:0:0:
156,192,124034,1,0,0:0:0:0:
375,192,124221,1,0,0:0:0:0:
83,192,124221,1,0,0:0:0:0:
302,192,124315,1,0,0:0:0:0:
182,192,124315,1,0,0:0:0:0:
109,192,124409,1,0,0:0:0:0:
375,192,124409,1,0,0:0:0:0:
448,192,124409,1,0,0:0:0:0:
36,192,124409,1,0,0:0:0:0:
229,192,124409,1,0,0:0:0:0:
182,192,124784,1,0,0:0:0:0:
256,192,124877,1,0,0:0:0:0:
329,192,124971,1,0,0:0:0:0:
402,192,125065,1,0,0:0:0:0:
475,192,125159,1,0,0:0:0:0:
109,192,125159,128,0,125909:0:0:0:0:
256,192,125159,128,0,125721:0:0:0:0:
375,192,125721,1,0,0:0:0:0:
302,192,125909,1,0,0:0:0:0:
448,192,125909,1,0,0:0:0:0:
182,192,125909,1,0,0:0:0:0:
36,192,125909,1,0,0:0:0:0:
109,192,126096,1,0,0:0:0:0:
182,192,126190,1,0,0:0:0:0:
256,192,126284,1,0,0:0:0:0:
302,192,126377,1,0,0:0:0:0:
229,192,126471,1,0,0:0:0:0:
156,192,126565,1,0,0:0:0:0:
448,192,126659,1,0,0:0:0:0:
36,192,126659,1,0,0:0:0:0:
402,192,126752,1,0,0:0:0:0:
329,192,126846,1,0,0:0:0:0:
256,192,126940,1,0,0:0:0:0:
36,192,127034,1,0,0:0:0:0:
182,192,127034,1,0,0:0:0:0:
402,192,127127,1,0,0:0:0:0:
329,192,127221,1,0,0:0:0:0:
109,192,127221,1,0,0:0:0:0:
475,192,127409,1,0,0:0:0:0:
375,192,127409,1,0,0:0:0:0:
36,192,127409,1,0,0:0:0:0:
156,192,127409,1,0,0:0:0:0:
229,192,127409,1,0,0:0:0:0:
83,192,127596,1,0,0:0:0:0:
302,192,127690,1,0,0:0:0:0:
448,192,127784,1,0,0:0:0:0:
156,192,127784,1,0,0:0:0:0:
10,192,127877,1,0,0:0:0:0:
256,192,127971,1,0,0:0:0:0:
83,192,128065,1,0,0:0:0:0:
36,192,128159,1,0,0:0:0:0:
475,192,128159,1,0,0:0:0:0:
402,192,128252,1,0,0:0:0:0:
256,192,128346,1,0,0:0:0:0:
109,192,128440,1,0,0:0:0:0:
475,192,128534,1,0,0:0:0:0:
329,192,128627,1,0,0:0:0:0:
182,192,128721,1,0,0:0:0:0:
36,192,128815,1,0,0:0:0:0:
375,192,128909,1,0,0:0:0:0:
448,192,128909,1,0,0:0:0:0:
229,192,128909,1,0,0:0:0:0:
109,192,128909,1,0,0:0:0:0:
182,192,129002,1,0,0:0:0:0:
302,192,129096,1,0,0:0:0:0:
10,192,129190,1,0,0:0:0:0:
375,192,129284,1,0,0:0:0:0:
156,192,129377,1,0,0:0:0:0:
229,192,129471,1,0,0:0:0:0:
448,192,129565,1,0,0:0:0:0:
36,192,129659,1,0,0:0:0:0:
182,192,129659,1,0,0:0:0:0:
329,192,129659,1,0,0:0:0:0:
109,192,129659,1,0,0:0:0:0:
402,192,129846,1,0,0:0:0:0:
256,192,129940,1,0,0:0:0:0:
109,192,130034,1,0,0:0:0:0:
182,192,130127,1,0,0:0:0:0:
302,192,130221,1,0,0:0:0:0:
229,192,130315,1,0,0:0:0:0:
36,192,130409,1,0,0:0:0:0:
375,192,130409,1,0,0:0:0:0:
448,192,130409,1,0,0:0:0:0:
156,192,130409,1,0,0:0:0:0:
109,192,130596,1,0,0:0:0:0:
256,192,130690,1,0,0:0:0:0:
329,192,130784,1,0,0:0:0:0:
475,192,130877,1,0,0:0:0:0:
256,192,130971,1,0,0:0:0:0:
182,192,131065,1,0,0:0:0:0:
36,192,131159,1,0,0:0:0:0:
402,192,131159,1,0,0:0:0:0:
448,192,131159,1,0,0:0:0:0:
109,192,131159,1,0,0:0:0:0:
329,192,131252,1,0,0:0:0:0:
256,192,131346,1,0,0:0:0:0:
182,192,131440,1,0,0:0:0:0:
475,192,131534,1,0,0:0:0:0:
402,192,131627,1,0,0:0:0:0:
329,192,131721,1,0,0:0:0:0:
256,192,131815,1,0,0:0:0:0:
329,192,131909,1,0,0:0:0:0:
475,192,131909,1,0,0:0:0:0:
182,192,131909,1,0,0:0:0:0:
36,192,131909,1,0,0:0:0:0:
109,192,132096,1,0,0:0:0:0:
402,192,132190,1,0,0:0:0:0:
256,192,132284,1,0,0:0:0:0:
10,192,132284,1,0,0:0:0:0:
475,192,132377,1,0,0:0:0:0:
402,192,132471,1,0,0:0:0:0:
83,192,132471,1,0,0:0:0:0:
329,192,132565,1,0,0:0:0:0:
256,192,132659,1,0,0:0:0:0:
10,192,132659,1,0,0:0:0:0:
329,192,132752,1,0,0:0:0:0:
109,192,132846,1,0,0:0:0:0:
375,192,132940,1,0,0:0:0:0:
182,192,133034,1,0,0:0:0:0:
229,192,133127,1,0,0:0:0:0:
402,192,133221,1,0,0:0:0:0:
302,192,133315,1,0,0:0:0:0:
109,192,133409,1,0,0:0:0:0:
448,192,133409,1,0,0:0:0:0:
229,192,133409,1,0,0:0:0:0:
36,192,133409,1,0,0:0:0:0:
302,192,133596,1,0,0:0:0:0:
156,192,133690,1,0,0:0:0:0:
448,192,133784,1,0,0:0:0:0:
83,192,133784,1,0,0:0:0:0:
375,192,133877,1,0,0:0:0:0:
229,192,133971,1,0,0:0:0:0:
10,192,133971,1,0,0:0:0:0:
182,192,134065,1,0,0:0:0:0:
329,192,134159,1,0,0:0:0:0:
448,192,134159,1,0,0:0:0:0:
83,192,134159,1,0,0:0:0:0:
36,192,134159,1,0,0:0:0:0:
229,192,134252,1,0,0:0:0:0:
402,192,134346,1,0,0:0:0:0:
182,192,134346,1,0,0:0:0:0:
329,192,134440,1,0,0:0:0:0:
448,192,134534,1,0,0:0:0:0:
229,192,134534,1,0,0:0:0:0:
36,192,134534,1,0,0:0:0:0:
182,192,134627,1,0,0:0:0:0:
402,192,134721,1,0,0:0:0:0:
83,192,134721,1,0,0:0:0:0:
329,192,134815,1,0,0:0:0:0:
448,192,134909,1,0,0:0:0:0:
229,192,134909,1,0,0:0:0:0:
36,192,134909,1,0,0:0:0:0:
109,192,135002,1,0,0:0:0:0:
329,192,135096,1,0,0:0:0:0:
182,192,135190,1,0,0:0:0:0:
448,192,135284,1,0,0:0:0:0:
229,192,135284,1,0,0:0:0:0:
10,192,135377,1,0,0:0:0:0:
302,192,135471,1,0,0:0:0:0:
83,192,135565,1,0,0:0:0:0:
448,192,135659,1,0,0:0:0:0:
36,192,135659,1,0,0:0:0:0:
256,192,135659,1,0,0:0:0:0:
182,192,135752,1,0,0:0:0:0:
402,192,135846,1,0,0:0:0:0:
256,192,135940,1,0,0:0:0:0:
109,192,136034,1,0,0:0:0:0:
448,192,136127,1,0,0:0:0:0:
329,192,136221,1,0,0:0:0:0:
182,192,136315,1,0,0:0:0:0:
256,192,136409,1,0,0:0:0:0:
375,192,136409,1,0,0:0:0:0:
10,192,136409,1,0,0:0:0:0:
109,192,136409,1,0,0:0:0:0:
329,192,136502,1,0,0:0:0:0:
475,192,136596,1,0,0:0:0:0:
36,192,136690,1,0,0:0:0:0:
375,192,136784,1,0,0:0:0:0:
109,192,136784,1,0,0:0:0:0:
256,192,136877,1,0,0:0:0:0:
329,192,136971,1,0,0:0:0:0:
475,192,137065,1,0,0:0:0:0:
36,192,137159,1,0,0:0:0:0:
109,192,137159,1,0,0:0:0:0:
256,192,137159,1,0,0:0:0:0:
402,192,137159,1,0,0:0:0:0:
329,192,137346,1,0,0:0:0:0:
10,192,137346,1,0,0:0:0:0:
229,192,137534,1,0,0:0:0:0:
375,192,137534,1,0,0:0:0:0:
182,192,137534,1,0,0:0:0:0:
109,192,137534,1,0,0:0:0:0:
302,192,137721,1,0,0:0:0:0:
475,192,137721,1,0,0:0:0:0:
448,192,137909,1,0,0:0:0:0:
36,192,137909,1,0,0:0:0:0:
156,192,137909,1,0,0:0:0:0:
229,192,138096,1,0,0:0:0:0:
83,192,138096,1,0,0:0:0:0:
302,192,138284,1,0,0:0:0:0:
10,192,138284,1,0,0:0:0:0:
402,192,138471,1,0,0:0:0:0:
448,192,138659,1,0,0:0:0:0:
36,192,138659,1,0,0:0:0:0:
182,192,138659,1,0,0:0:0:0:
256,192,138846,1,0,0:0:0:0:
109,192,138846,1,0,0:0:0:0:
329,192,139034,1,0,0:0:0:0:
156,192,139034,1,0,0:0:0:0:
402,192,139221,1,0,0:0:0:0:
36,192,139409,1,0,0:0:0:0:
448,192,139409,1,0,0:0:0:0:
229,192,139409,1,0,0:0:0:0:
375,192,139596,1,0,0:0:0:0:
156,192,139596,1,0,0:0:0:0:
302,192,139784,1,0,0:0:0:0:
83,192,139784,1,0,0:0:0:0:
10,192,139971,1,0,0:0:0:0:
402,192,140159,1,0,0:0:0:0:
182,192,140159,1,0,0:0:0:0:
329,192,140346,1,0,0:0:0:0:
256,192,140534,1,0,0:0:0:0:
475,192,140721,1,0,0:0:0:0:
329,192,140721,1,0,0:0:0:0:
36,192,140909,1,0,0:0:0:0:
448,192,140909,1,0,0:0:0:0:
182,192,140909,1,0,0:0:0:0:
109,192,141096,1,0,0:0:0:0:
256,192,141096,1,0,0:0:0:0:
329,192,141284,1,0,0:0:0:0:
402,192,141471,1,0,0:0:0:0:
229,192,141659,1,0,0:0:0:0:
475,192,141659,1,0,0:0:0:0:
36,192,141659,1,0,0:0:0:0:
302,192,141846,1,0,0:0:0:0:
83,192,141846,1,0,0:0:0:0:
402,192,142034,1,0,0:0:0:0:
156,192,142034,1,0,0:0:0:0:
475,192,142221,1,0,0:0:0:0:
109,192,142409,1,0,0:0:0:0:
256,192,142409,1,0,0:0:0:0:
36,192,142409,1,0,0:0:0:0:
329,192,142596,1,0,0:0:0:0:
156,192,142596,1,0,0:0:0:0:
375,192,142784,1,0,0:0:0:0:
256,192,142784,1,0,0:0:0:0:
475,192,142971,1,0,0:0:0:0:
83,192,143159,1,0,0:0:0:0:
402,192,143346,1,0,0:0:0:0:
182,192,143534,1,0,0:0:0:0:
329,192,143721,1,0,0:0:0:0:
109,192,143909,1,0,0:0:0:0:
182,192,144096,1,0,0:0:0:0:
302,192,144284,1,0,0:0:0:0:
256,192,144471,1,0,0:0:0:0:
402,192,144659,1,0,0:0:0:0:
448,192,144846,1,0,0:0:0:0:
329,192,145034,1,0,0:0:0:0:
256,192,145221,1,0,0:0:0:0:
475,192,145409,1,0,0:0:0:0:
10,192,145409,1,0,0:0:0:0:
