[Metadata]
Listen!!
K-ON
Alices
houkago tea time
75
1.633

[TimingPoints]
0,342.857142857143,4,2,2,100,1,0
7371,171.428571428571,4,2,2,100,1,0
7457,342.857142857143,4,2,2,100,1,0
7543,685.714285714286,4,2,2,100,1,0
7714,342.857142857143,4,2,2,100,1,0
12857,171.428571428571,4,2,2,100,1,0
12943,342.857142857143,4,2,2,100,1,0
13029,685.714285714286,4,2,2,100,1,0
13200,342.857142857143,4,2,2,100,1,0
18343,171.428571428571,4,2,2,100,1,0
18429,342.857142857143,4,2,2,100,1,0
18514,685.714285714286,4,2,2,100,1,0
18686,342.857142857143,4,2,2,100,1,0
23829,171.428571428571,4,2,2,100,1,0
23914,342.857142857143,4,2,2,100,1,0
24000,685.714285714286,4,2,2,100,1,0
24171,342.857142857143,4,2,2,100,1,0
29314,171.428571428571,4,2,2,100,1,0
29400,342.857142857143,4,2,2,100,1,0
29486,685.714285714286,4,2,2,100,1,0
29657,342.857142857143,4,2,2,100,1,0
36343,171.428571428571,4,2,2,100,1,0
36429,342.857142857143,4,2,2,100,1,0
36514,685.714285714286,4,2,2,100,1,0
36686,342.857142857143,4,2,2,100,1,0
37371,171.428571428571,4,2,2,100,1,0
37457,342.857142857143,4,2,2,100,1,0
37543,685.714285714286,4,2,2,100,1,0
37714,342.857142857143,4,2,2,100,1,0
40286,171.428571428571,4,2,2,100,1,0
40371,342.857142857143,4,2,2,100,1,0
40457,685.714285714286,4,2,2,100,1,0
40629,342.857142857143,4,2,2,100,1,0
41829,171.428571428571,4,2,2,100,1,0
41914,342.857142857143,4,2,2,100,1,0
42000,685.714285714286,4,2,2,100,1,0
42171,342.857142857143,4,2,2,100,1,0
42857,171.428571428571,4,2,2,100,1,0
42943,342.857142857143,4,2,2,100,1,0
43029,685.714285714286,4,2,2,100,1,0
43200,342.857142857143,4,2,2,100,1,0
45086,171.428571428571,4,2,2,100,1,0
45171,342.857142857143,4,2,2,100,1,0
45257,685.714285714286,4,2,2,100,1,0
45429,171.428571428571,4,2,2,100,1,0
45514,342.857142857143,4,2,2,100,1,0
45600,685.714285714286,4,2,2,100,1,0
45771,342.857142857143,4,2,2,100,1,0
66171,685.714285714286,4,2,2,100,1,0
66343,342.857142857143,4,2,2,100,1,0
66429,171.428571428571,4,2,2,100,1,0
66514,342.857142857143,4,2,2,100,1,0
66686,685.714285714286,4,2,2,100,1,0
66857,342.857142857143,4,2,2,100,1,0
66943,171.428571428571,4,2,2,100,1,0
67029,342.857142857143,4,2,2,100,1,0
68229,171.428571428571,4,2,2,100,1,0
68314,342.857142857143,4,2,2,100,1,0
68400,685.714285714286,4,2,2,100,1,0
68571,342.857142857143,4,2,2,100,1,0
106971,0.91552734375,4,2,2,100,1,0
106974,342.857142857143,4,2,2,100,1,0
107146,685.714285714286,4,2,2,100,1,0
107317,1367.52136752137,4,2,2,100,1,0
107659,342.857142857143,4,2,2,100,1,0
127202,685.714285714286,4,2,2,100,1,0
127373,342.857142857143,4,2,2,100,1,0
127459,171.428571428571,4,2,2,100,1,0
127545,342.857142857143,4,2,2,100,1,0
127716,685.714285714286,4,2,2,100,1,0
127887,342.857142857143,4,2,2,100,1,0
127973,171.428571428571,4,2,2,100,1,0
128059,342.857142857143,4,2,2,100,1,0
129259,171.428571428571,4,2,2,100,1,0
129345,342.857142857143,4,2,2,100,1,0
129430,685.714285714286,4,2,2,100,1,0
129602,342.857142857143,4,2,2,100,1,0
143830,171.428571428571,4,2,2,100,1,0
143916,342.857142857143,4,2,2,100,1,0
144002,685.714285714286,4,2,2,100,1,0
144173,342.857142857143,4,2,2,100,1,0
150516,685.714285714286,4,2,2,100,1,0
150687,342.857142857143,4,2,2,100,1,0
150773,171.428571428571,4,2,2,100,1,0
150859,342.857142857143,4,2,2,100,1,0


[HitObjects]
182,192,2057,1,0,0:0:0:0:
256,192,2057,1,0,0:0:0:0:
329,192,2057,1,0,0:0:0:0:
36,192,2228,5,0,0:0:0:0:
475,192,2228,1,0,0:0:0:0:
109,192,2314,1,0,0:0:0:0:
402,192,2314,1,0,0:0:0:0:
36,192,2400,1,0,0:0:0:0:
475,192,2400,1,0,0:0:0:0:
109,192,2485,1,0,0:0:0:0:
402,192,2485,1,0,0:0:0:0:
36,192,2571,1,0,0:0:0:0:
475,192,2571,1,0,0:0:0:0:
109,192,2657,1,0,0:0:0:0:
402,192,2657,1,0,0:0:0:0:
36,192,2742,1,0,0:0:0:0:
182,0,2742,128,0,3342:0:0:0:0:
329,0,2742,128,0,3000:0:0:0:0:
475,0,2742,128,0,3000:0:0:0:0:
109,192,2914,1,0,0:0:0:0:
36,192,3085,1,0,0:0:0:0:
256,192,3085,1,0,0:0:0:0:
329,0,3085,128,0,3342:0:0:0:0:
402,192,3085,1,0,0:0:0:0:
475,0,3085,128,0,3342:0:0:0:0:
109,192,3257,1,0,0:0:0:0:
109,0,3428,128,0,4028:0:0:0:0:
256,0,3428,128,0,3685:0:0:0:0:
402,0,3428,128,0,3685:0:0:0:0:
475,192,3428,1,0,0:0:0:0:
36,192,3600,1,0,0:0:0:0:
182,192,3771,1,0,0:0:0:0:
256,0,3771,128,0,4028:0:0:0:0:
329,192,3771,1,0,0:0:0:0:
402,0,3771,128,0,4028:0:0:0:0:
475,192,3771,1,0,0:0:0:0:
36,192,3942,1,0,0:0:0:0:
36,0,4114,128,0,4542:0:0:0:0:
182,0,4114,128,0,4200:0:0:0:0:
329,0,4114,128,0,4200:0:0:0:0:
475,192,4114,1,0,0:0:0:0:
182,0,4285,128,0,4542:0:0:0:0:
329,0,4285,128,0,4542:0:0:0:0:
402,192,4285,1,0,0:0:0:0:
109,192,4457,1,0,0:0:0:0:
256,192,4457,1,0,0:0:0:0:
475,192,4457,1,0,0:0:0:0:
36,0,4628,128,0,4885:0:0:0:0:
182,0,4628,128,0,4885:0:0:0:0:
329,0,4628,128,0,4885:0:0:0:0:
402,192,4628,1,0,0:0:0:0:
475,192,4800,1,0,0:0:0:0:
109,0,4971,128,0,5400:0:0:0:0:
256,0,4971,128,0,5400:0:0:0:0:
329,192,4971,1,0,0:0:0:0:
402,0,4971,128,0,5400:0:0:0:0:
36,192,5142,1,0,0:0:0:0:
182,192,5142,1,0,0:0:0:0:
475,192,5142,1,0,0:0:0:0:
329,192,5314,1,0,0:0:0:0:
36,0,5485,128,0,5742:0:0:0:0:
182,0,5485,128,0,5742:0:0:0:0:
329,0,5485,128,0,6085:0:0:0:0:
475,192,5485,1,0,0:0:0:0:
402,192,5657,1,0,0:0:0:0:
36,0,5828,128,0,6085:0:0:0:0:
109,192,5828,1,0,0:0:0:0:
182,0,5828,128,0,6085:0:0:0:0:
256,192,5828,1,0,0:0:0:0:
475,192,5828,1,0,0:0:0:0:
402,192,6000,1,0,0:0:0:0:
36,192,6171,1,0,0:0:0:0:
109,0,6171,128,0,6428:0:0:0:0:
256,0,6171,128,0,6428:0:0:0:0:
402,0,6171,128,0,6771:0:0:0:0:
475,192,6342,1,0,0:0:0:0:
36,192,6514,1,0,0:0:0:0:
109,0,6514,128,0,6771:0:0:0:0:
182,192,6514,1,0,0:0:0:0:
256,0,6514,128,0,6771:0:0:0:0:
329,192,6514,1,0,0:0:0:0:
475,192,6685,1,0,0:0:0:0:
36,192,6857,1,0,0:0:0:0:
182,0,6857,128,0,6942:0:0:0:0:
329,0,6857,128,0,6942:0:0:0:0:
475,0,6857,128,0,7285:0:0:0:0:
109,192,7028,1,0,0:0:0:0:
182,0,7028,128,0,7285:0:0:0:0:
329,0,7028,128,0,7285:0:0:0:0:
36,192,7200,1,0,0:0:0:0:
256,192,7200,1,0,0:0:0:0:
402,192,7200,1,0,0:0:0:0:
36,192,7371,1,0,0:0:0:0:
109,192,7371,1,0,0:0:0:0:
182,0,7371,128,0,7543:0:0:0:0:
329,0,7371,128,0,7543:0:0:0:0:
475,0,7371,128,0,7543:0:0:0:0:
36,192,7714,1,0,0:0:0:0:
109,0,7714,128,0,8142:0:0:0:0:
256,0,7714,128,0,8142:0:0:0:0:
402,0,7714,128,0,8142:0:0:0:0:
475,192,7714,1,0,0:0:0:0:
182,192,7885,1,0,0:0:0:0:
329,192,7885,1,0,0:0:0:0:
36,192,8056,1,0,0:0:0:0:
36,192,8228,1,0,0:0:0:0:
182,0,8228,128,0,8828:0:0:0:0:
329,0,8228,128,0,8485:0:0:0:0:
475,0,8228,128,0,8485:0:0:0:0:
109,192,8399,1,0,0:0:0:0:
36,192,8571,1,0,0:0:0:0:
256,192,8571,1,0,0:0:0:0:
329,0,8571,128,0,8828:0:0:0:0:
402,192,8571,1,0,0:0:0:0:
475,0,8571,128,0,8828:0:0:0:0:
109,192,8742,1,0,0:0:0:0:
109,0,8914,128,0,9514:0:0:0:0:
256,0,8914,128,0,9171:0:0:0:0:
402,0,8914,128,0,9171:0:0:0:0:
475,192,8914,1,0,0:0:0:0:
36,192,9085,1,0,0:0:0:0:
182,192,9256,1,0,0:0:0:0:
256,0,9256,128,0,9514:0:0:0:0:
329,192,9256,1,0,0:0:0:0:
402,0,9256,128,0,9514:0:0:0:0:
475,192,9256,1,0,0:0:0:0:
36,192,9428,1,0,0:0:0:0:
36,0,9599,128,0,10028:0:0:0:0:
182,0,9599,128,0,9685:0:0:0:0:
329,0,9599,128,0,9685:0:0:0:0:
475,192,9599,1,0,0:0:0:0:
182,0,9771,128,0,10028:0:0:0:0:
329,0,9771,128,0,10028:0:0:0:0:
402,192,9771,1,0,0:0:0:0:
109,192,9942,1,0,0:0:0:0:
256,192,9942,1,0,0:0:0:0:
475,192,9942,1,0,0:0:0:0:
36,0,10114,128,0,10371:0:0:0:0:
182,0,10114,128,0,10371:0:0:0:0:
329,0,10114,128,0,10371:0:0:0:0:
402,192,10114,1,0,0:0:0:0:
475,192,10285,1,0,0:0:0:0:
109,0,10456,128,0,10885:0:0:0:0:
256,0,10456,128,0,10885:0:0:0:0:
329,192,10456,1,0,0:0:0:0:
402,0,10456,128,0,10885:0:0:0:0:
36,192,10628,1,0,0:0:0:0:
182,192,10628,1,0,0:0:0:0:
475,192,10628,1,0,0:0:0:0:
329,192,10799,1,0,0:0:0:0:
36,0,10971,128,0,11228:0:0:0:0:
182,0,10971,128,0,11228:0:0:0:0:
329,0,10971,128,0,11571:0:0:0:0:
475,192,10971,1,0,0:0:0:0:
402,192,11142,1,0,0:0:0:0:
36,0,11314,128,0,11571:0:0:0:0:
109,192,11314,1,0,0:0:0:0:
182,0,11314,128,0,11571:0:0:0:0:
256,192,11314,1,0,0:0:0:0:
475,192,11314,1,0,0:0:0:0:
402,192,11485,1,0,0:0:0:0:
36,192,11656,1,0,0:0:0:0:
109,0,11656,128,0,11914:0:0:0:0:
256,0,11656,128,0,11914:0:0:0:0:
402,0,11656,128,0,12256:0:0:0:0:
475,192,11828,1,0,0:0:0:0:
36,192,11999,1,0,0:0:0:0:
109,0,11999,128,0,12256:0:0:0:0:
182,192,11999,1,0,0:0:0:0:
256,0,11999,128,0,12256:0:0:0:0:
329,192,11999,1,0,0:0:0:0:
475,192,12171,1,0,0:0:0:0:
36,192,12342,1,0,0:0:0:0:
182,0,12342,128,0,12428:0:0:0:0:
329,0,12342,128,0,12428:0:0:0:0:
475,0,12342,128,0,12771:0:0:0:0:
109,192,12514,1,0,0:0:0:0:
182,0,12514,128,0,12771:0:0:0:0:
329,0,12514,128,0,12771:0:0:0:0:
36,192,12685,1,0,0:0:0:0:
256,192,12685,1,0,0:0:0:0:
402,192,12685,1,0,0:0:0:0:
36,192,12857,1,0,0:0:0:0:
109,192,12857,1,0,0:0:0:0:
182,0,12857,128,0,13029:0:0:0:0:
329,0,12857,128,0,13029:0:0:0:0:
475,0,12857,128,0,13029:0:0:0:0:
36,192,13200,1,0,0:0:0:0:
109,0,13200,128,0,13628:0:0:0:0:
256,0,13200,128,0,13628:0:0:0:0:
402,0,13200,128,0,13628:0:0:0:0:
475,192,13200,1,0,0:0:0:0:
182,192,13371,1,0,0:0:0:0:
329,192,13371,1,0,0:0:0:0:
36,192,13542,1,0,0:0:0:0:
36,0,13714,128,0,14314:0:0:0:0:
182,192,13714,1,0,0:0:0:0:
475,0,13714,128,0,13800:0:0:0:0:
256,192,13885,1,0,0:0:0:0:
402,0,13885,128,0,13971:0:0:0:0:
109,192,14057,1,0,0:0:0:0:
182,192,14057,1,0,0:0:0:0:
329,0,14057,128,0,14142:0:0:0:0:
475,192,14057,1,0,0:0:0:0:
256,0,14228,128,0,14314:0:0:0:0:
402,192,14228,1,0,0:0:0:0:
36,0,14400,128,0,14485:0:0:0:0:
329,192,14400,1,0,0:0:0:0:
475,0,14400,128,0,15000:0:0:0:0:
109,0,14571,128,0,14657:0:0:0:0:
256,192,14571,1,0,0:0:0:0:
36,192,14742,1,0,0:0:0:0:
182,0,14742,128,0,14828:0:0:0:0:
329,192,14742,1,0,0:0:0:0:
402,192,14742,1,0,0:0:0:0:
109,192,14914,1,0,0:0:0:0:
256,0,14914,128,0,15000:0:0:0:0:
36,0,15085,128,0,15514:0:0:0:0:
182,192,15085,1,0,0:0:0:0:
475,0,15085,128,0,15171:0:0:0:0:
256,192,15257,1,0,0:0:0:0:
402,0,15257,128,0,15342:0:0:0:0:
109,192,15428,1,0,0:0:0:0:
182,192,15428,1,0,0:0:0:0:
329,0,15428,128,0,15514:0:0:0:0:
475,192,15428,1,0,0:0:0:0:
256,0,15600,128,0,15685:0:0:0:0:
402,192,15600,1,0,0:0:0:0:
475,0,15600,128,0,15857:0:0:0:0:
36,0,15771,128,0,15857:0:0:0:0:
329,192,15771,1,0,0:0:0:0:
36,0,15942,128,0,16371:0:0:0:0:
109,0,15942,128,0,16028:0:0:0:0:
256,192,15942,1,0,0:0:0:0:
182,0,16114,128,0,16200:0:0:0:0:
329,192,16114,1,0,0:0:0:0:
402,192,16114,1,0,0:0:0:0:
475,192,16114,1,0,0:0:0:0:
109,192,16285,1,0,0:0:0:0:
256,0,16285,128,0,16371:0:0:0:0:
36,192,16457,1,0,0:0:0:0:
402,0,16457,128,0,17057:0:0:0:0:
475,0,16457,128,0,16542:0:0:0:0:
182,192,16628,1,0,0:0:0:0:
329,0,16628,128,0,16714:0:0:0:0:
36,192,16800,1,0,0:0:0:0:
109,192,16800,1,0,0:0:0:0:
256,0,16800,128,0,16885:0:0:0:0:
475,192,16800,1,0,0:0:0:0:
182,0,16971,128,0,17057:0:0:0:0:
329,192,16971,1,0,0:0:0:0:
36,0,17142,128,0,17228:0:0:0:0:
109,0,17142,128,0,17742:0:0:0:0:
475,192,17142,1,0,0:0:0:0:
182,0,17314,128,0,17400:0:0:0:0:
329,192,17314,1,0,0:0:0:0:
36,192,17485,1,0,0:0:0:0:
256,0,17485,128,0,17571:0:0:0:0:
402,192,17485,1,0,0:0:0:0:
475,192,17485,1,0,0:0:0:0:
182,192,17657,1,0,0:0:0:0:
329,0,17657,128,0,17742:0:0:0:0:
36,192,17828,1,0,0:0:0:0:
402,0,17828,128,0,18257:0:0:0:0:
475,0,17828,128,0,17914:0:0:0:0:
182,192,18000,1,0,0:0:0:0:
329,0,18000,128,0,18085:0:0:0:0:
36,192,18171,1,0,0:0:0:0:
109,192,18171,1,0,0:0:0:0:
256,0,18171,128,0,18257:0:0:0:0:
475,192,18171,1,0,0:0:0:0:
109,192,18343,1,0,0:0:0:0:
182,0,18343,128,0,18514:0:0:0:0:
256,0,18343,128,0,18514:0:0:0:0:
329,0,18343,128,0,18514:0:0:0:0:
402,192,18343,1,0,0:0:0:0:
36,0,18686,128,0,19114:0:0:0:0:
182,192,18686,1,0,0:0:0:0:
256,0,18686,128,0,19114:0:0:0:0:
329,192,18686,1,0,0:0:0:0:
475,0,18686,128,0,19114:0:0:0:0:
109,192,18857,1,0,0:0:0:0:
402,192,18857,1,0,0:0:0:0:
329,192,19028,1,0,0:0:0:0:
36,192,19200,1,0,0:0:0:0:
182,0,19200,128,0,19800:0:0:0:0:
475,0,19200,128,0,19286:0:0:0:0:
256,192,19371,1,0,0:0:0:0:
402,0,19371,128,0,19457:0:0:0:0:
36,192,19543,1,0,0:0:0:0:
109,192,19543,1,0,0:0:0:0:
329,0,19543,128,0,19628:0:0:0:0:
475,192,19543,1,0,0:0:0:0:
256,0,19714,128,0,19800:0:0:0:0:
402,192,19714,1,0,0:0:0:0:
36,0,19886,128,0,19971:0:0:0:0:
329,0,19886,128,0,20486:0:0:0:0:
475,192,19886,1,0,0:0:0:0:
109,0,20057,128,0,20143:0:0:0:0:
256,192,20057,1,0,0:0:0:0:
36,192,20228,1,0,0:0:0:0:
182,0,20228,128,0,20314:0:0:0:0:
402,192,20228,1,0,0:0:0:0:
475,192,20228,1,0,0:0:0:0:
109,192,20400,1,0,0:0:0:0:
256,0,20400,128,0,20486:0:0:0:0:
36,192,20571,1,0,0:0:0:0:
182,0,20571,128,0,21000:0:0:0:0:
475,0,20571,128,0,20657:0:0:0:0:
256,192,20743,1,0,0:0:0:0:
402,0,20743,128,0,20828:0:0:0:0:
36,192,20914,1,0,0:0:0:0:
109,192,20914,1,0,0:0:0:0:
329,0,20914,128,0,21000:0:0:0:0:
475,192,20914,1,0,0:0:0:0:
256,0,21086,128,0,21171:0:0:0:0:
329,0,21086,128,0,21343:0:0:0:0:
402,192,21086,1,0,0:0:0:0:
36,0,21257,128,0,21343:0:0:0:0:
475,192,21257,1,0,0:0:0:0:
109,0,21428,128,0,21514:0:0:0:0:
182,0,21428,128,0,21857:0:0:0:0:
329,192,21428,1,0,0:0:0:0:
36,192,21600,1,0,0:0:0:0:
256,0,21600,128,0,21686:0:0:0:0:
402,192,21600,1,0,0:0:0:0:
475,192,21600,1,0,0:0:0:0:
109,192,21771,1,0,0:0:0:0:
329,0,21771,128,0,21857:0:0:0:0:
256,192,21943,1,0,0:0:0:0:
402,0,21943,128,0,22028:0:0:0:0:
475,0,21943,128,0,22543:0:0:0:0:
182,192,22114,1,0,0:0:0:0:
329,0,22114,128,0,22200:0:0:0:0:
36,192,22286,1,0,0:0:0:0:
109,192,22286,1,0,0:0:0:0:
256,0,22286,128,0,22371:0:0:0:0:
402,192,22286,1,0,0:0:0:0:
182,0,22457,128,0,22543:0:0:0:0:
329,192,22457,1,0,0:0:0:0:
36,0,22628,128,0,23228:0:0:0:0:
109,0,22628,128,0,22714:0:0:0:0:
256,192,22628,1,0,0:0:0:0:
182,0,22800,128,0,22886:0:0:0:0:
329,192,22800,1,0,0:0:0:0:
109,192,22971,1,0,0:0:0:0:
256,0,22971,128,0,23057:0:0:0:0:
402,192,22971,1,0,0:0:0:0:
475,192,22971,1,0,0:0:0:0:
182,192,23143,1,0,0:0:0:0:
329,0,23143,128,0,23228:0:0:0:0:
256,192,23314,1,0,0:0:0:0:
475,0,23314,128,0,23743:0:0:0:0:
109,0,23486,128,0,23571:0:0:0:0:
182,0,23486,128,0,23571:0:0:0:0:
329,0,23486,128,0,23571:0:0:0:0:
402,0,23486,128,0,23571:0:0:0:0:
109,0,23657,128,0,23743:0:0:0:0:
182,0,23657,128,0,23743:0:0:0:0:
329,0,23657,128,0,23743:0:0:0:0:
402,0,23657,128,0,23743:0:0:0:0:
36,0,23829,128,0,24000:0:0:0:0:
182,0,23829,128,0,24000:0:0:0:0:
256,192,23829,1,0,0:0:0:0:
329,0,23829,128,0,24000:0:0:0:0:
475,0,23829,128,0,24000:0:0:0:0:
109,0,24171,128,0,24599:0:0:0:0:
182,0,24171,128,0,24599:0:0:0:0:
256,192,24171,1,0,0:0:0:0:
329,0,24171,128,0,24599:0:0:0:0:
402,0,24171,128,0,24599:0:0:0:0:
36,192,24342,1,0,0:0:0:0:
475,192,24342,1,0,0:0:0:0:
256,192,24513,1,0,0:0:0:0:
36,0,24685,128,0,24942:0:0:0:0:
109,192,24685,1,0,0:0:0:0:
402,192,24685,1,0,0:0:0:0:
475,0,24685,128,0,25285:0:0:0:0:
256,192,24856,1,0,0:0:0:0:
36,192,25028,1,0,0:0:0:0:
109,0,25028,128,0,25285:0:0:0:0:
182,192,25028,1,0,0:0:0:0:
329,192,25028,1,0,0:0:0:0:
402,192,25028,1,0,0:0:0:0:
256,192,25199,1,0,0:0:0:0:
36,0,25371,128,0,25971:0:0:0:0:
182,192,25371,1,0,0:0:0:0:
329,192,25371,1,0,0:0:0:0:
475,0,25371,128,0,25456:0:0:0:0:
256,192,25542,1,0,0:0:0:0:
402,0,25542,128,0,25628:0:0:0:0:
109,192,25713,1,0,0:0:0:0:
182,192,25713,1,0,0:0:0:0:
329,192,25713,1,0,0:0:0:0:
402,192,25713,1,0,0:0:0:0:
475,0,25713,128,0,25799:0:0:0:0:
256,192,25885,1,0,0:0:0:0:
402,0,25885,128,0,25971:0:0:0:0:
36,0,26056,128,0,26142:0:0:0:0:
182,192,26056,1,0,0:0:0:0:
329,192,26056,1,0,0:0:0:0:
475,0,26056,128,0,26485:0:0:0:0:
109,0,26228,128,0,26485:0:0:0:0:
256,192,26228,1,0,0:0:0:0:
36,192,26399,1,0,0:0:0:0:
182,192,26399,1,0,0:0:0:0:
329,192,26399,1,0,0:0:0:0:
402,192,26399,1,0,0:0:0:0:
36,0,26571,128,0,26828:0:0:0:0:
256,192,26571,1,0,0:0:0:0:
402,0,26571,128,0,27171:0:0:0:0:
109,192,26742,1,0,0:0:0:0:
329,192,26742,1,0,0:0:0:0:
256,192,26913,1,0,0:0:0:0:
475,0,26913,128,0,27342:0:0:0:0:
36,192,27085,1,0,0:0:0:0:
109,192,27085,1,0,0:0:0:0:
182,192,27085,1,0,0:0:0:0:
329,192,27085,1,0,0:0:0:0:
256,192,27256,1,0,0:0:0:0:
329,0,27256,128,0,27342:0:0:0:0:
36,0,27428,128,0,27513:0:0:0:0:
109,0,27428,128,0,28028:0:0:0:0:
402,192,27428,1,0,0:0:0:0:
475,192,27428,1,0,0:0:0:0:
182,0,27599,128,0,27685:0:0:0:0:
256,192,27599,1,0,0:0:0:0:
36,0,27771,128,0,27856:0:0:0:0:
182,192,27771,1,0,0:0:0:0:
329,192,27771,1,0,0:0:0:0:
402,192,27771,1,0,0:0:0:0:
475,192,27771,1,0,0:0:0:0:
182,0,27942,128,0,28028:0:0:0:0:
256,192,27942,1,0,0:0:0:0:
109,192,28113,1,0,0:0:0:0:
329,0,28113,128,0,28371:0:0:0:0:
402,0,28113,128,0,28713:0:0:0:0:
475,192,28113,1,0,0:0:0:0:
256,192,28285,1,0,0:0:0:0:
36,192,28456,1,0,0:0:0:0:
109,192,28456,1,0,0:0:0:0:
182,192,28456,1,0,0:0:0:0:
329,192,28456,1,0,0:0:0:0:
475,0,28456,128,0,28542:0:0:0:0:
256,192,28628,1,0,0:0:0:0:
329,0,28628,128,0,28713:0:0:0:0:
36,0,28799,128,0,28885:0:0:0:0:
109,0,28799,128,0,29228:0:0:0:0:
402,192,28799,1,0,0:0:0:0:
475,192,28799,1,0,0:0:0:0:
182,0,28971,128,0,29228:0:0:0:0:
256,192,28971,1,0,0:0:0:0:
36,192,29142,1,0,0:0:0:0:
329,192,29142,1,0,0:0:0:0:
402,192,29142,1,0,0:0:0:0:
475,192,29142,1,0,0:0:0:0:
109,0,29314,128,0,29486:0:0:0:0:
182,192,29314,1,0,0:0:0:0:
256,0,29314,128,0,29486:0:0:0:0:
329,192,29314,1,0,0:0:0:0:
402,0,29314,128,0,29486:0:0:0:0:
475,0,29314,128,0,29914:0:0:0:0:
36,0,29657,128,0,30085:0:0:0:0:
182,0,29657,128,0,30085:0:0:0:0:
256,192,29657,1,0,0:0:0:0:
329,0,29657,128,0,30085:0:0:0:0:
109,192,29828,1,0,0:0:0:0:
402,192,29828,1,0,0:0:0:0:
256,192,29999,1,0,0:0:0:0:
475,0,29999,128,0,30085:0:0:0:0:
36,0,30171,128,0,30428:0:0:0:0:
109,192,30171,1,0,0:0:0:0:
182,0,30171,128,0,30771:0:0:0:0:
329,192,30171,1,0,0:0:0:0:
256,192,30342,1,0,0:0:0:0:
36,192,30514,1,0,0:0:0:0:
109,0,30514,128,0,30771:0:0:0:0:
329,192,30514,1,0,0:0:0:0:
402,192,30514,1,0,0:0:0:0:
475,192,30514,1,0,0:0:0:0:
256,192,30685,1,0,0:0:0:0:
109,192,30857,1,0,0:0:0:0:
182,192,30857,1,0,0:0:0:0:
329,0,30857,128,0,31457:0:0:0:0:
475,0,30857,128,0,30942:0:0:0:0:
256,192,31028,1,0,0:0:0:0:
402,0,31028,128,0,31114:0:0:0:0:
36,192,31199,1,0,0:0:0:0:
109,192,31199,1,0,0:0:0:0:
182,192,31199,1,0,0:0:0:0:
402,192,31199,1,0,0:0:0:0:
475,0,31199,128,0,31285:0:0:0:0:
256,192,31371,1,0,0:0:0:0:
402,0,31371,128,0,31457:0:0:0:0:
36,0,31542,128,0,31628:0:0:0:0:
182,0,31542,128,0,31971:0:0:0:0:
329,192,31542,1,0,0:0:0:0:
475,192,31542,1,0,0:0:0:0:
109,0,31714,128,0,31971:0:0:0:0:
256,192,31714,1,0,0:0:0:0:
36,192,31885,1,0,0:0:0:0:
329,192,31885,1,0,0:0:0:0:
402,192,31885,1,0,0:0:0:0:
475,192,31885,1,0,0:0:0:0:
256,192,32057,1,0,0:0:0:0:
329,0,32057,128,0,32314:0:0:0:0:
475,0,32057,128,0,32314:0:0:0:0:
36,192,32228,1,0,0:0:0:0:
109,192,32228,1,0,0:0:0:0:
182,0,32399,128,0,32828:0:0:0:0:
256,192,32399,1,0,0:0:0:0:
402,0,32399,128,0,32485:0:0:0:0:
36,192,32571,1,0,0:0:0:0:
109,192,32571,1,0,0:0:0:0:
329,192,32571,1,0,0:0:0:0:
402,192,32571,1,0,0:0:0:0:
475,0,32571,128,0,32657:0:0:0:0:
256,192,32742,1,0,0:0:0:0:
402,0,32742,128,0,32828:0:0:0:0:
36,0,32914,128,0,33171:0:0:0:0:
182,192,32914,1,0,0:0:0:0:
329,192,32914,1,0,0:0:0:0:
475,0,32914,128,0,33514:0:0:0:0:
109,192,33085,1,0,0:0:0:0:
36,192,33257,1,0,0:0:0:0:
182,192,33257,1,0,0:0:0:0:
256,0,33257,128,0,34199:0:0:0:0:
329,192,33257,1,0,0:0:0:0:
402,192,33257,1,0,0:0:0:0:
109,192,33428,1,0,0:0:0:0:
36,0,33599,128,0,34199:0:0:0:0:
329,192,33599,1,0,0:0:0:0:
475,192,33599,1,0,0:0:0:0:
402,192,33771,1,0,0:0:0:0:
109,192,33942,1,0,0:0:0:0:
182,192,33942,1,0,0:0:0:0:
329,192,33942,1,0,0:0:0:0:
475,192,33942,1,0,0:0:0:0:
402,192,34114,1,0,0:0:0:0:
36,0,34285,128,0,34542:0:0:0:0:
182,192,34285,1,0,0:0:0:0:
329,192,34285,1,0,0:0:0:0:
475,0,34285,128,0,34542:0:0:0:0:
109,0,34457,128,0,34542:0:0:0:0:
256,192,34457,1,0,0:0:0:0:
402,0,34457,128,0,34542:0:0:0:0:
109,0,34628,128,0,34885:0:0:0:0:
182,192,34628,1,0,0:0:0:0:
329,192,34628,1,0,0:0:0:0:
402,0,34628,128,0,34885:0:0:0:0:
36,0,34799,128,0,34885:0:0:0:0:
256,192,34799,1,0,0:0:0:0:
475,0,34799,128,0,34885:0:0:0:0:
36,0,34971,128,0,35571:0:0:0:0:
109,0,34971,128,0,35571:0:0:0:0:
182,192,34971,1,0,0:0:0:0:
329,192,34971,1,0,0:0:0:0:
402,0,34971,128,0,35571:0:0:0:0:
475,0,34971,128,0,35571:0:0:0:0:
182,192,35142,1,0,0:0:0:0:
329,192,35142,1,0,0:0:0:0:
256,192,35228,1,0,0:0:0:0:
182,0,35314,128,0,35571:0:0:0:0:
329,0,35314,128,0,35571:0:0:0:0:
36,192,35657,1,0,0:0:0:0:
109,192,35657,1,0,0:0:0:0:
182,192,35657,1,0,0:0:0:0:
256,192,35657,1,0,0:0:0:0:
475,0,35657,128,0,36343:0:0:0:0:
182,192,35828,1,0,0:0:0:0:
256,192,35828,1,0,0:0:0:0:
329,192,35828,1,0,0:0:0:0:
402,192,35828,1,0,0:0:0:0:
36,192,35999,1,0,0:0:0:0:
109,192,35999,1,0,0:0:0:0:
182,192,35999,1,0,0:0:0:0:
256,192,35999,1,0,0:0:0:0:
182,192,36171,1,0,0:0:0:0:
256,192,36171,1,0,0:0:0:0:
329,192,36171,1,0,0:0:0:0:
402,192,36171,1,0,0:0:0:0:
109,192,36343,1,0,0:0:0:0:
182,192,36343,1,0,0:0:0:0:
256,192,36343,1,0,0:0:0:0:
36,0,36343,128,0,37028:0:0:0:0:
256,192,36686,1,0,0:0:0:0:
329,192,36686,1,0,0:0:0:0:
402,192,36686,1,0,0:0:0:0:
475,192,36686,1,0,0:0:0:0:
109,192,36857,1,0,0:0:0:0:
182,192,36857,1,0,0:0:0:0:
256,192,36857,1,0,0:0:0:0:
329,192,36857,1,0,0:0:0:0:
256,192,37028,1,0,0:0:0:0:
329,192,37028,1,0,0:0:0:0:
402,192,37028,1,0,0:0:0:0:
475,192,37028,1,0,0:0:0:0:
109,192,37200,1,0,0:0:0:0:
182,192,37200,1,0,0:0:0:0:
256,192,37200,1,0,0:0:0:0:
329,192,37200,1,0,0:0:0:0:
256,192,37371,1,0,0:0:0:0:
329,192,37371,1,0,0:0:0:0:
402,192,37371,1,0,0:0:0:0:
475,0,37371,128,0,37714:0:0:0:0:
36,192,37714,1,0,0:0:0:0:
109,192,37714,1,0,0:0:0:0:
182,192,37714,1,0,0:0:0:0:
256,192,37714,1,0,0:0:0:0:
109,192,37885,1,0,0:0:0:0:
182,192,37885,1,0,0:0:0:0:
256,192,37885,1,0,0:0:0:0:
329,192,37885,1,0,0:0:0:0:
182,192,38056,1,0,0:0:0:0:
256,192,38056,1,0,0:0:0:0:
329,192,38056,1,0,0:0:0:0:
402,192,38056,1,0,0:0:0:0:
256,192,38228,1,0,0:0:0:0:
329,192,38228,1,0,0:0:0:0:
402,192,38228,1,0,0:0:0:0:
475,192,38228,1,0,0:0:0:0:
36,0,38399,128,0,38571:0:0:0:0:
109,0,38399,128,0,38742:0:0:0:0:
329,192,38399,1,0,0:0:0:0:
475,0,38399,128,0,38571:0:0:0:0:
256,192,38571,1,0,0:0:0:0:
182,192,38742,1,0,0:0:0:0:
329,192,38742,1,0,0:0:0:0:
402,0,38742,128,0,39085:0:0:0:0:
36,0,38742,128,0,39771:0:0:0:0:
475,0,38742,128,0,39771:0:0:0:0:
256,192,38914,1,0,0:0:0:0:
109,0,39085,128,0,39428:0:0:0:0:
182,192,39085,1,0,0:0:0:0:
256,192,39256,1,0,0:0:0:0:
182,192,39428,1,0,0:0:0:0:
329,192,39428,1,0,0:0:0:0:
402,0,39428,128,0,39771:0:0:0:0:
256,192,39599,1,0,0:0:0:0:
109,192,39771,1,0,0:0:0:0:
182,0,39771,128,0,39856:0:0:0:0:
329,0,39771,128,0,39856:0:0:0:0:
182,0,39942,128,0,40199:0:0:0:0:
256,192,39942,1,0,0:0:0:0:
329,0,39942,128,0,40199:0:0:0:0:
109,192,40114,1,0,0:0:0:0:
402,192,40114,1,0,0:0:0:0:
36,0,40286,128,0,40457:0:0:0:0:
182,192,40286,1,0,0:0:0:0:
256,192,40286,1,0,0:0:0:0:
329,192,40286,1,0,0:0:0:0:
475,0,40286,128,0,40457:0:0:0:0:
36,192,40629,1,0,0:0:0:0:
109,0,40629,128,0,41057:0:0:0:0:
256,192,40629,1,0,0:0:0:0:
402,0,40629,128,0,41057:0:0:0:0:
475,192,40629,1,0,0:0:0:0:
182,192,40800,1,0,0:0:0:0:
329,192,40800,1,0,0:0:0:0:
256,192,40971,1,0,0:0:0:0:
256,192,41143,1,0,0:0:0:0:
329,192,41143,1,0,0:0:0:0:
402,192,41143,1,0,0:0:0:0:
475,192,41143,1,0,0:0:0:0:
109,192,41314,1,0,0:0:0:0:
182,192,41314,1,0,0:0:0:0:
256,192,41314,1,0,0:0:0:0:
329,192,41314,1,0,0:0:0:0:
256,192,41486,1,0,0:0:0:0:
329,192,41486,1,0,0:0:0:0:
402,192,41486,1,0,0:0:0:0:
475,192,41486,1,0,0:0:0:0:
109,192,41657,1,0,0:0:0:0:
182,192,41657,1,0,0:0:0:0:
256,192,41657,1,0,0:0:0:0:
329,192,41657,1,0,0:0:0:0:
182,192,41829,1,0,0:0:0:0:
256,192,41829,1,0,0:0:0:0:
329,192,41829,1,0,0:0:0:0:
402,192,41829,1,0,0:0:0:0:
475,0,41829,128,0,42513:0:0:0:0:
36,192,42171,1,0,0:0:0:0:
109,192,42171,1,0,0:0:0:0:
182,192,42171,1,0,0:0:0:0:
256,192,42171,1,0,0:0:0:0:
182,192,42342,1,0,0:0:0:0:
256,192,42342,1,0,0:0:0:0:
329,192,42342,1,0,0:0:0:0:
402,192,42342,1,0,0:0:0:0:
36,192,42513,1,0,0:0:0:0:
109,192,42513,1,0,0:0:0:0:
182,192,42513,1,0,0:0:0:0:
256,192,42513,1,0,0:0:0:0:
182,192,42685,1,0,0:0:0:0:
256,192,42685,1,0,0:0:0:0:
329,192,42685,1,0,0:0:0:0:
402,192,42685,1,0,0:0:0:0:
36,0,42857,128,0,43200:0:0:0:0:
109,192,42857,1,0,0:0:0:0:
182,192,42857,1,0,0:0:0:0:
256,192,42857,1,0,0:0:0:0:
256,192,43200,1,0,0:0:0:0:
329,192,43200,1,0,0:0:0:0:
402,192,43200,1,0,0:0:0:0:
475,192,43200,1,0,0:0:0:0:
182,192,43371,1,0,0:0:0:0:
256,192,43371,1,0,0:0:0:0:
329,192,43371,1,0,0:0:0:0:
402,192,43371,1,0,0:0:0:0:
109,192,43542,1,0,0:0:0:0:
182,192,43542,1,0,0:0:0:0:
256,192,43542,1,0,0:0:0:0:
329,192,43542,1,0,0:0:0:0:
36,192,43714,1,0,0:0:0:0:
109,192,43714,1,0,0:0:0:0:
182,192,43714,1,0,0:0:0:0:
256,192,43714,1,0,0:0:0:0:
36,0,43885,128,0,44400:0:0:0:0:
109,192,43885,1,0,0:0:0:0:
256,0,43885,128,0,44657:0:0:0:0:
402,192,43885,1,0,0:0:0:0:
475,0,43885,128,0,44400:0:0:0:0:
182,192,44057,1,0,0:0:0:0:
109,192,44228,1,0,0:0:0:0:
329,192,44228,1,0,0:0:0:0:
402,192,44228,1,0,0:0:0:0:
182,192,44400,1,0,0:0:0:0:
109,192,44571,1,0,0:0:0:0:
402,192,44571,1,0,0:0:0:0:
256,0,44742,128,0,44828:0:0:0:0:
329,192,44742,1,0,0:0:0:0:
36,192,44914,1,0,0:0:0:0:
109,192,44914,1,0,0:0:0:0:
256,0,44914,128,0,45000:0:0:0:0:
402,192,44914,1,0,0:0:0:0:
475,192,44914,1,0,0:0:0:0:
36,192,45086,1,0,0:0:0:0:
256,192,45086,1,0,0:0:0:0:
475,192,45086,1,0,0:0:0:0:
109,0,45086,128,0,45600:0:0:0:0:
182,0,45086,128,0,45257:0:0:0:0:
329,0,45086,128,0,45257:0:0:0:0:
402,0,45086,128,0,45600:0:0:0:0:
36,192,45429,1,0,0:0:0:0:
182,0,45429,128,0,45600:0:0:0:0:
256,192,45429,1,0,0:0:0:0:
329,0,45429,128,0,45600:0:0:0:0:
475,192,45429,1,0,0:0:0:0:
36,0,45771,128,0,45856:0:0:0:0:
182,0,45771,128,0,46542:0:0:0:0:
256,192,45771,1,0,0:0:0:0:
329,0,45771,128,0,46542:0:0:0:0:
402,192,45771,1,0,0:0:0:0:
475,192,45771,1,0,0:0:0:0:
109,0,45856,128,0,45942:0:0:0:0:
36,0,45942,128,0,46113:0:0:0:0:
256,0,45942,128,0,46028:0:0:0:0:
109,0,46028,128,0,46199:0:0:0:0:
402,0,46028,128,0,46113:0:0:0:0:
256,0,46113,128,0,46285:0:0:0:0:
475,0,46113,128,0,46199:0:0:0:0:
36,0,46199,128,0,46285:0:0:0:0:
402,0,46199,128,0,46371:0:0:0:0:
109,0,46285,128,0,46371:0:0:0:0:
475,0,46285,128,0,46456:0:0:0:0:
256,0,46371,128,0,46456:0:0:0:0:
402,0,46456,128,0,46542:0:0:0:0:
475,0,46542,128,0,46628:0:0:0:0:
36,0,46628,128,0,46971:0:0:0:0:
109,0,46628,128,0,46713:0:0:0:0:
329,0,46628,128,0,46713:0:0:0:0:
182,0,46713,128,0,46799:0:0:0:0:
402,0,46713,128,0,46799:0:0:0:0:
256,0,46799,128,0,46885:0:0:0:0:
475,0,46799,128,0,46885:0:0:0:0:
182,0,46885,128,0,46971:0:0:0:0:
329,0,46885,128,0,46971:0:0:0:0:
109,0,46971,128,0,47142:0:0:0:0:
256,0,46971,128,0,47056:0:0:0:0:
402,0,46971,128,0,47056:0:0:0:0:
329,0,47056,128,0,47142:0:0:0:0:
475,0,47056,128,0,47142:0:0:0:0:
36,0,47142,128,0,47485:0:0:0:0:
256,0,47142,128,0,47228:0:0:0:0:
402,0,47142,128,0,47228:0:0:0:0:
182,0,47228,128,0,47313:0:0:0:0:
329,0,47228,128,0,47313:0:0:0:0:
109,0,47313,128,0,47399:0:0:0:0:
256,0,47313,128,0,47399:0:0:0:0:
329,0,47399,128,0,47485:0:0:0:0:
475,0,47399,128,0,47485:0:0:0:0:
182,0,47485,128,0,47828:0:0:0:0:
256,0,47485,128,0,47571:0:0:0:0:
402,0,47485,128,0,47571:0:0:0:0:
109,0,47571,128,0,47656:0:0:0:0:
329,0,47571,128,0,47656:0:0:0:0:
36,0,47656,128,0,47742:0:0:0:0:
256,0,47656,128,0,47742:0:0:0:0:
329,0,47742,128,0,47828:0:0:0:0:
475,0,47742,128,0,47828:0:0:0:0:
36,0,47828,128,0,47913:0:0:0:0:
402,0,47828,128,0,47913:0:0:0:0:
109,0,47828,128,0,48171:0:0:0:0:
182,0,47913,128,0,47999:0:0:0:0:
475,0,47913,128,0,47999:0:0:0:0:
256,0,47999,128,0,48085:0:0:0:0:
402,0,47999,128,0,48085:0:0:0:0:
36,0,48085,128,0,48171:0:0:0:0:
329,0,48085,128,0,48171:0:0:0:0:
182,0,48171,128,0,48256:0:0:0:0:
256,0,48171,128,0,48513:0:0:0:0:
402,0,48171,128,0,48256:0:0:0:0:
109,0,48256,128,0,48342:0:0:0:0:
475,0,48256,128,0,48342:0:0:0:0:
36,0,48342,128,0,48428:0:0:0:0:
402,0,48342,128,0,48428:0:0:0:0:
182,0,48428,128,0,48513:0:0:0:0:
329,0,48428,128,0,48513:0:0:0:0:
36,0,48513,128,0,48599:0:0:0:0:
402,0,48513,128,0,48599:0:0:0:0:
109,0,48513,128,0,49371:0:0:0:0:
256,0,48599,128,0,48685:0:0:0:0:
475,0,48599,128,0,48685:0:0:0:0:
182,0,48685,128,0,48771:0:0:0:0:
329,0,48685,128,0,48771:0:0:0:0:
36,0,48771,128,0,48856:0:0:0:0:
256,0,48771,128,0,48856:0:0:0:0:
182,0,48856,128,0,48942:0:0:0:0:
402,0,48856,128,0,48942:0:0:0:0:
256,0,48942,128,0,49028:0:0:0:0:
475,0,48942,128,0,49028:0:0:0:0:
36,0,49028,128,0,49113:0:0:0:0:
329,0,49028,128,0,49113:0:0:0:0:
182,0,49113,128,0,49199:0:0:0:0:
402,0,49113,128,0,49199:0:0:0:0:
256,0,49199,128,0,49285:0:0:0:0:
475,0,49199,128,0,49285:0:0:0:0:
182,0,49285,128,0,49371:0:0:0:0:
329,0,49285,128,0,49371:0:0:0:0:
36,0,49371,128,0,49456:0:0:0:0:
402,0,49371,128,0,49456:0:0:0:0:
475,0,49371,128,0,49456:0:0:0:0:
109,0,49456,128,0,49542:0:0:0:0:
256,0,49456,128,0,49542:0:0:0:0:
182,0,49542,128,0,49628:0:0:0:0:
329,0,49542,128,0,49628:0:0:0:0:
475,0,49542,128,0,49713:0:0:0:0:
109,0,49628,128,0,49713:0:0:0:0:
256,0,49628,128,0,49713:0:0:0:0:
36,0,49713,128,0,49799:0:0:0:0:
182,0,49713,128,0,49799:0:0:0:0:
402,0,49713,128,0,49885:0:0:0:0:
109,0,49799,128,0,49885:0:0:0:0:
329,0,49799,128,0,49885:0:0:0:0:
36,0,49885,128,0,49971:0:0:0:0:
256,0,49885,128,0,49971:0:0:0:0:
475,0,49885,128,0,50228:0:0:0:0:
182,0,49971,128,0,50056:0:0:0:0:
329,0,49971,128,0,50056:0:0:0:0:
109,0,50056,128,0,50142:0:0:0:0:
402,0,50056,128,0,50142:0:0:0:0:
36,0,50142,128,0,50228:0:0:0:0:
182,0,50142,128,0,50228:0:0:0:0:
109,0,50228,128,0,50313:0:0:0:0:
256,0,50228,128,0,50313:0:0:0:0:
329,0,50228,128,0,50571:0:0:0:0:
182,0,50313,128,0,50399:0:0:0:0:
402,0,50313,128,0,50399:0:0:0:0:
256,0,50399,128,0,50485:0:0:0:0:
475,0,50399,128,0,50485:0:0:0:0:
36,0,50485,128,0,50571:0:0:0:0:
182,0,50485,128,0,50571:0:0:0:0:
109,0,50571,128,0,50656:0:0:0:0:
256,0,50571,128,0,50656:0:0:0:0:
402,0,50571,128,0,50913:0:0:0:0:
182,0,50656,128,0,50742:0:0:0:0:
329,0,50656,128,0,50742:0:0:0:0:
256,0,50742,128,0,50828:0:0:0:0:
475,0,50742,128,0,50828:0:0:0:0:
36,0,50828,128,0,50913:0:0:0:0:
182,0,50828,128,0,50913:0:0:0:0:
109,0,50913,128,0,50999:0:0:0:0:
256,0,50913,128,0,51171:0:0:0:0:
329,0,50913,128,0,50999:0:0:0:0:
182,0,50999,128,0,51085:0:0:0:0:
402,0,50999,128,0,51085:0:0:0:0:
36,0,51085,128,0,51171:0:0:0:0:
475,0,51085,128,0,51171:0:0:0:0:
109,0,51171,128,0,51256:0:0:0:0:
329,0,51171,128,0,51256:0:0:0:0:
182,0,51256,128,0,51342:0:0:0:0:
402,0,51256,128,0,51342:0:0:0:0:
256,0,51256,128,0,52113:0:0:0:0:
36,0,51342,128,0,51428:0:0:0:0:
329,0,51342,128,0,51428:0:0:0:0:
182,0,51428,128,0,51513:0:0:0:0:
475,0,51428,128,0,51513:0:0:0:0:
109,0,51513,128,0,51599:0:0:0:0:
402,0,51513,128,0,51599:0:0:0:0:
36,0,51599,128,0,51685:0:0:0:0:
329,0,51599,128,0,51685:0:0:0:0:
109,0,51685,128,0,51771:0:0:0:0:
402,0,51685,128,0,51771:0:0:0:0:
182,0,51771,128,0,51856:0:0:0:0:
475,0,51771,128,0,51856:0:0:0:0:
36,0,51856,128,0,51942:0:0:0:0:
329,0,51856,128,0,51942:0:0:0:0:
109,0,51942,128,0,52028:0:0:0:0:
402,0,51942,128,0,52028:0:0:0:0:
182,0,52028,128,0,52113:0:0:0:0:
329,0,52028,128,0,52113:0:0:0:0:
36,0,52113,128,0,52456:0:0:0:0:
109,0,52113,128,0,52199:0:0:0:0:
475,0,52113,128,0,52199:0:0:0:0:
256,0,52199,128,0,52285:0:0:0:0:
402,0,52199,128,0,52285:0:0:0:0:
182,0,52285,128,0,52371:0:0:0:0:
329,0,52285,128,0,52371:0:0:0:0:
256,0,52371,128,0,52456:0:0:0:0:
402,0,52371,128,0,52456:0:0:0:0:
109,0,52456,128,0,52628:0:0:0:0:
329,0,52456,128,0,52542:0:0:0:0:
475,0,52456,128,0,52542:0:0:0:0:
36,0,52542,128,0,52628:0:0:0:0:
402,0,52542,128,0,52628:0:0:0:0:
182,0,52628,128,0,52971:0:0:0:0:
329,0,52628,128,0,52713:0:0:0:0:
475,0,52628,128,0,52713:0:0:0:0:
256,0,52713,128,0,52799:0:0:0:0:
402,0,52713,128,0,52799:0:0:0:0:
109,0,52799,128,0,52885:0:0:0:0:
36,0,52885,128,0,52971:0:0:0:0:
329,0,52885,128,0,52971:0:0:0:0:
475,0,52885,128,0,52971:0:0:0:0:
109,0,52971,128,0,53313:0:0:0:0:
256,0,52971,128,0,53056:0:0:0:0:
402,0,52971,128,0,53056:0:0:0:0:
182,0,53056,128,0,53142:0:0:0:0:
329,0,53056,128,0,53142:0:0:0:0:
36,0,53142,128,0,53228:0:0:0:0:
475,0,53142,128,0,53228:0:0:0:0:
256,0,53228,128,0,53313:0:0:0:0:
402,0,53228,128,0,53313:0:0:0:0:
182,0,53313,128,0,53399:0:0:0:0:
329,0,53313,128,0,53399:0:0:0:0:
475,0,53313,128,0,53656:0:0:0:0:
109,0,53399,128,0,53485:0:0:0:0:
402,0,53399,128,0,53485:0:0:0:0:
36,0,53485,128,0,53571:0:0:0:0:
256,0,53485,128,0,53571:0:0:0:0:
109,0,53571,128,0,53656:0:0:0:0:
329,0,53571,128,0,53656:0:0:0:0:
36,0,53656,128,0,53742:0:0:0:0:
182,0,53656,128,0,53742:0:0:0:0:
402,0,53656,128,0,53999:0:0:0:0:
256,0,53742,128,0,53828:0:0:0:0:
475,0,53742,128,0,53828:0:0:0:0:
182,0,53828,128,0,53913:0:0:0:0:
329,0,53828,128,0,53913:0:0:0:0:
36,0,53913,128,0,53999:0:0:0:0:
256,0,53913,128,0,53999:0:0:0:0:
109,0,53999,128,0,54085:0:0:0:0:
329,0,53999,128,0,54085:0:0:0:0:
475,0,53999,128,0,54856:0:0:0:0:
256,0,54085,128,0,54171:0:0:0:0:
402,0,54085,128,0,54171:0:0:0:0:
36,0,54171,128,0,54256:0:0:0:0:
182,0,54171,128,0,54256:0:0:0:0:
109,0,54256,128,0,54342:0:0:0:0:
256,0,54256,128,0,54342:0:0:0:0:
182,0,54342,128,0,54428:0:0:0:0:
329,0,54342,128,0,54428:0:0:0:0:
109,0,54428,128,0,54513:0:0:0:0:
402,0,54428,128,0,54513:0:0:0:0:
36,0,54513,128,0,54599:0:0:0:0:
329,0,54513,128,0,54599:0:0:0:0:
109,0,54599,128,0,54685:0:0:0:0:
256,0,54599,128,0,54685:0:0:0:0:
182,0,54685,128,0,54771:0:0:0:0:
402,0,54685,128,0,54771:0:0:0:0:
109,0,54771,128,0,54856:0:0:0:0:
329,0,54771,128,0,54856:0:0:0:0:
36,0,54856,128,0,54942:0:0:0:0:
256,0,54856,128,0,54942:0:0:0:0:
402,0,54856,128,0,54942:0:0:0:0:
182,0,54942,128,0,55028:0:0:0:0:
475,0,54942,128,0,55028:0:0:0:0:
36,0,55028,128,0,55199:0:0:0:0:
109,0,55028,128,0,55113:0:0:0:0:
402,0,55028,128,0,55113:0:0:0:0:
182,0,55113,128,0,55199:0:0:0:0:
329,0,55113,128,0,55199:0:0:0:0:
109,0,55199,128,0,55371:0:0:0:0:
256,0,55199,128,0,55285:0:0:0:0:
475,0,55199,128,0,55285:0:0:0:0:
182,0,55285,128,0,55371:0:0:0:0:
402,0,55285,128,0,55371:0:0:0:0:
36,0,55371,128,0,55713:0:0:0:0:
329,0,55371,128,0,55456:0:0:0:0:
475,0,55371,128,0,55456:0:0:0:0:
256,0,55456,128,0,55542:0:0:0:0:
402,0,55456,128,0,55542:0:0:0:0:
182,0,55542,128,0,55628:0:0:0:0:
329,0,55542,128,0,55628:0:0:0:0:
109,0,55628,128,0,55713:0:0:0:0:
256,0,55628,128,0,55713:0:0:0:0:
182,0,55713,128,0,55885:0:0:0:0:
329,0,55713,128,0,55799:0:0:0:0:
475,0,55713,128,0,55799:0:0:0:0:
36,0,55799,128,0,55885:0:0:0:0:
402,0,55799,128,0,55885:0:0:0:0:
109,0,55885,128,0,56056:0:0:0:0:
256,0,55885,128,0,55971:0:0:0:0:
475,0,55885,128,0,55971:0:0:0:0:
36,0,55971,128,0,56056:0:0:0:0:
329,0,55971,128,0,56056:0:0:0:0:
256,0,56056,128,0,56142:0:0:0:0:
402,0,56056,128,0,56142:0:0:0:0:
182,0,56056,128,0,56399:0:0:0:0:
329,0,56142,128,0,56228:0:0:0:0:
475,0,56142,128,0,56228:0:0:0:0:
109,0,56228,128,0,56313:0:0:0:0:
402,0,56228,128,0,56313:0:0:0:0:
36,0,56313,128,0,56399:0:0:0:0:
256,0,56313,128,0,56399:0:0:0:0:
109,0,56399,128,0,56485:0:0:0:0:
329,0,56399,128,0,56742:0:0:0:0:
475,0,56399,128,0,56485:0:0:0:0:
182,0,56485,128,0,56571:0:0:0:0:
402,0,56485,128,0,56571:0:0:0:0:
36,0,56571,128,0,56656:0:0:0:0:
256,0,56571,128,0,56656:0:0:0:0:
109,0,56656,128,0,56742:0:0:0:0:
402,0,56656,128,0,56742:0:0:0:0:
182,0,56742,128,0,56828:0:0:0:0:
256,0,56742,128,0,56999:0:0:0:0:
475,0,56742,128,0,56828:0:0:0:0:
36,0,56828,128,0,56913:0:0:0:0:
402,0,56828,128,0,56913:0:0:0:0:
109,192,56913,1,0,0:0:0:0:
329,0,56913,128,0,56999:0:0:0:0:
475,0,56913,128,0,57085:0:0:0:0:
36,192,56999,1,0,0:0:0:0:
182,0,56999,128,0,57085:0:0:0:0:
402,0,56999,128,0,57171:0:0:0:0:
109,0,57085,128,0,57171:0:0:0:0:
256,0,57085,128,0,57171:0:0:0:0:
329,0,57085,128,0,57256:0:0:0:0:
36,0,57171,128,0,57256:0:0:0:0:
182,0,57171,128,0,57342:0:0:0:0:
475,0,57171,128,0,57256:0:0:0:0:
109,0,57256,128,0,57428:0:0:0:0:
256,0,57256,128,0,57342:0:0:0:0:
402,0,57256,128,0,57342:0:0:0:0:
36,0,57342,128,0,57513:0:0:0:0:
329,0,57342,128,0,57428:0:0:0:0:
475,192,57342,1,0,0:0:0:0:
182,0,57428,128,0,57513:0:0:0:0:
256,0,57428,128,0,57513:0:0:0:0:
402,192,57428,1,0,0:0:0:0:
329,192,57513,1,0,0:0:0:0:
109,0,57513,128,0,57599:0:0:0:0:
36,0,57599,128,0,57685:0:0:0:0:
182,0,57599,128,0,57685:0:0:0:0:
475,0,57599,128,0,57685:0:0:0:0:
109,0,57685,128,0,57771:0:0:0:0:
256,0,57685,128,0,57771:0:0:0:0:
182,0,57771,128,0,57856:0:0:0:0:
329,0,57771,128,0,57856:0:0:0:0:
475,0,57771,128,0,57942:0:0:0:0:
109,0,57856,128,0,57942:0:0:0:0:
256,0,57856,128,0,57942:0:0:0:0:
36,0,57942,128,0,58028:0:0:0:0:
182,0,57942,128,0,58028:0:0:0:0:
402,0,57942,128,0,58113:0:0:0:0:
109,0,58028,128,0,58113:0:0:0:0:
329,0,58028,128,0,58113:0:0:0:0:
36,0,58113,128,0,58199:0:0:0:0:
256,0,58113,128,0,58199:0:0:0:0:
475,0,58113,128,0,58456:0:0:0:0:
182,0,58199,128,0,58285:0:0:0:0:
329,0,58199,128,0,58285:0:0:0:0:
256,0,58285,128,0,58371:0:0:0:0:
402,0,58285,128,0,58371:0:0:0:0:
36,0,58371,128,0,58456:0:0:0:0:
182,0,58371,128,0,58456:0:0:0:0:
109,0,58456,128,0,58542:0:0:0:0:
256,0,58456,128,0,58542:0:0:0:0:
329,0,58456,128,0,58799:0:0:0:0:
182,0,58542,128,0,58628:0:0:0:0:
402,0,58542,128,0,58628:0:0:0:0:
256,0,58628,128,0,58713:0:0:0:0:
475,0,58628,128,0,58713:0:0:0:0:
36,0,58713,128,0,58799:0:0:0:0:
182,0,58713,128,0,58799:0:0:0:0:
109,0,58799,128,0,58885:0:0:0:0:
475,0,58799,128,0,58885:0:0:0:0:
402,0,58799,128,0,59142:0:0:0:0:
182,0,58885,128,0,58971:0:0:0:0:
329,0,58885,128,0,58971:0:0:0:0:
109,0,58971,128,0,59056:0:0:0:0:
256,0,58971,128,0,59056:0:0:0:0:
36,0,59056,128,0,59142:0:0:0:0:
182,0,59056,128,0,59142:0:0:0:0:
256,0,59142,128,0,59485:0:0:0:0:
329,0,59142,128,0,59228:0:0:0:0:
475,0,59142,128,0,59228:0:0:0:0:
109,0,59228,128,0,59313:0:0:0:0:
402,0,59228,128,0,59313:0:0:0:0:
182,0,59313,128,0,59399:0:0:0:0:
329,0,59313,128,0,59399:0:0:0:0:
36,0,59399,128,0,59485:0:0:0:0:
475,0,59399,128,0,59485:0:0:0:0:
109,0,59485,128,0,59571:0:0:0:0:
329,0,59485,128,0,59571:0:0:0:0:
402,0,59485,128,0,60342:0:0:0:0:
36,0,59571,128,0,59656:0:0:0:0:
182,0,59571,128,0,59656:0:0:0:0:
109,0,59656,128,0,59742:0:0:0:0:
256,0,59656,128,0,59742:0:0:0:0:
182,0,59742,128,0,59828:0:0:0:0:
475,0,59742,128,0,59828:0:0:0:0:
109,0,59828,128,0,59913:0:0:0:0:
329,0,59828,128,0,59913:0:0:0:0:
36,0,59913,128,0,59999:0:0:0:0:
256,0,59913,128,0,59999:0:0:0:0:
182,0,59999,128,0,60085:0:0:0:0:
329,0,59999,128,0,60085:0:0:0:0:
256,0,60085,128,0,60171:0:0:0:0:
475,0,60085,128,0,60171:0:0:0:0:
36,0,60171,128,0,60256:0:0:0:0:
182,0,60171,128,0,60256:0:0:0:0:
109,0,60256,128,0,60342:0:0:0:0:
256,0,60256,128,0,60342:0:0:0:0:
36,0,60342,128,0,60428:0:0:0:0:
182,0,60342,128,0,60428:0:0:0:0:
329,0,60342,128,0,60428:0:0:0:0:
256,0,60428,128,0,60513:0:0:0:0:
475,0,60428,128,0,60513:0:0:0:0:
36,0,60513,128,0,60685:0:0:0:0:
109,0,60513,128,0,60599:0:0:0:0:
329,0,60513,128,0,60599:0:0:0:0:
182,0,60599,128,0,60685:0:0:0:0:
402,0,60599,128,0,60685:0:0:0:0:
109,0,60685,128,0,60856:0:0:0:0:
256,0,60685,128,0,60771:0:0:0:0:
475,0,60685,128,0,60771:0:0:0:0:
182,0,60771,128,0,60856:0:0:0:0:
329,0,60771,128,0,60856:0:0:0:0:
36,0,60856,128,0,61199:0:0:0:0:
256,0,60856,128,0,60942:0:0:0:0:
402,0,60856,128,0,60942:0:0:0:0:
109,0,60942,128,0,61028:0:0:0:0:
475,0,60942,128,0,61028:0:0:0:0:
182,0,61028,128,0,61113:0:0:0:0:
329,0,61028,128,0,61113:0:0:0:0:
256,0,61113,128,0,61199:0:0:0:0:
402,0,61113,128,0,61199:0:0:0:0:
109,0,61199,128,0,61285:0:0:0:0:
182,0,61199,128,0,61542:0:0:0:0:
475,0,61199,128,0,61285:0:0:0:0:
36,0,61285,128,0,61371:0:0:0:0:
329,0,61285,128,0,61371:0:0:0:0:
109,0,61371,128,0,61456:0:0:0:0:
402,0,61371,128,0,61456:0:0:0:0:
256,0,61456,128,0,61542:0:0:0:0:
475,0,61456,128,0,61542:0:0:0:0:
36,0,61542,128,0,61628:0:0:0:0:
329,0,61542,128,0,61628:0:0:0:0:
109,0,61542,128,0,61885:0:0:0:0:
256,0,61628,128,0,61713:0:0:0:0:
402,0,61628,128,0,61713:0:0:0:0:
182,0,61713,128,0,61799:0:0:0:0:
329,0,61713,128,0,61799:0:0:0:0:
36,0,61799,128,0,61885:0:0:0:0:
475,0,61799,128,0,61885:0:0:0:0:
182,0,61885,128,0,61971:0:0:0:0:
256,0,61885,128,0,62142:0:0:0:0:
402,0,61885,128,0,61971:0:0:0:0:
329,0,61971,128,0,62056:0:0:0:0:
475,0,61971,128,0,62056:0:0:0:0:
109,0,62056,128,0,62142:0:0:0:0:
402,0,62056,128,0,62142:0:0:0:0:
36,0,62142,128,0,62228:0:0:0:0:
182,0,62142,128,0,62228:0:0:0:0:
256,0,62228,128,0,62742:0:0:0:0:
329,0,62228,128,0,62313:0:0:0:0:
475,0,62228,128,0,62313:0:0:0:0:
182,0,62313,128,0,62399:0:0:0:0:
402,0,62313,128,0,62399:0:0:0:0:
109,0,62399,128,0,62485:0:0:0:0:
475,0,62399,128,0,62485:0:0:0:0:
36,0,62485,128,0,62571:0:0:0:0:
329,0,62485,128,0,62571:0:0:0:0:
109,0,62571,128,0,62656:0:0:0:0:
475,0,62571,128,0,62656:0:0:0:0:
36,0,62656,128,0,62742:0:0:0:0:
182,0,62656,128,0,62742:0:0:0:0:
109,0,62742,128,0,62828:0:0:0:0:
329,0,62742,128,0,62913:0:0:0:0:
402,0,62742,128,0,62828:0:0:0:0:
256,0,62828,128,0,62913:0:0:0:0:
475,0,62828,128,0,62913:0:0:0:0:
36,0,62913,128,0,62999:0:0:0:0:
182,0,62913,128,0,62999:0:0:0:0:
402,0,62913,128,0,63085:0:0:0:0:
109,0,62999,128,0,63085:0:0:0:0:
329,0,62999,128,0,63085:0:0:0:0:
36,0,63085,128,0,63171:0:0:0:0:
256,0,63085,128,0,63171:0:0:0:0:
475,0,63085,128,0,63942:0:0:0:0:
182,0,63171,128,0,63256:0:0:0:0:
402,0,63171,128,0,63256:0:0:0:0:
109,0,63256,128,0,63342:0:0:0:0:
329,0,63256,128,0,63342:0:0:0:0:
36,0,63342,128,0,63428:0:0:0:0:
256,0,63342,128,0,63428:0:0:0:0:
182,0,63428,128,0,63513:0:0:0:0:
329,0,63428,128,0,63513:0:0:0:0:
109,0,63513,128,0,63599:0:0:0:0:
402,0,63513,128,0,63599:0:0:0:0:
36,0,63599,128,0,63685:0:0:0:0:
256,0,63599,128,0,63685:0:0:0:0:
182,0,63685,128,0,63771:0:0:0:0:
329,0,63685,128,0,63771:0:0:0:0:
36,0,63771,128,0,63856:0:0:0:0:
402,0,63771,128,0,63856:0:0:0:0:
109,0,63856,128,0,63942:0:0:0:0:
256,0,63856,128,0,63942:0:0:0:0:
182,0,63942,128,0,64028:0:0:0:0:
329,0,63942,128,0,64028:0:0:0:0:
402,0,63942,128,0,64113:0:0:0:0:
36,0,64028,128,0,64113:0:0:0:0:
475,0,64028,128,0,64113:0:0:0:0:
109,0,64113,128,0,64199:0:0:0:0:
256,0,64113,128,0,64199:0:0:0:0:
329,0,64113,128,0,64285:0:0:0:0:
36,0,64199,128,0,64285:0:0:0:0:
182,0,64199,128,0,64285:0:0:0:0:
109,0,64285,128,0,64371:0:0:0:0:
402,0,64285,128,0,64371:0:0:0:0:
256,0,64285,128,0,64971:0:0:0:0:
329,0,64371,128,0,64456:0:0:0:0:
475,0,64371,128,0,64456:0:0:0:0:
36,0,64456,128,0,64542:0:0:0:0:
182,0,64456,128,0,64542:0:0:0:0:
109,0,64542,128,0,64628:0:0:0:0:
402,0,64542,128,0,64628:0:0:0:0:
182,0,64628,128,0,64713:0:0:0:0:
329,0,64628,128,0,64713:0:0:0:0:
36,0,64713,128,0,64799:0:0:0:0:
475,0,64713,128,0,64799:0:0:0:0:
109,0,64799,128,0,64885:0:0:0:0:
402,0,64799,128,0,64885:0:0:0:0:
329,0,64885,128,0,64971:0:0:0:0:
475,0,64885,128,0,64971:0:0:0:0:
36,0,64971,128,0,65313:0:0:0:0:
182,0,64971,128,0,65056:0:0:0:0:
402,0,64971,128,0,65056:0:0:0:0:
109,0,65056,128,0,65142:0:0:0:0:
329,0,65056,128,0,65142:0:0:0:0:
256,0,65142,128,0,65228:0:0:0:0:
475,0,65142,128,0,65228:0:0:0:0:
182,0,65228,128,0,65313:0:0:0:0:
402,0,65228,128,0,65313:0:0:0:0:
109,0,65313,128,0,65485:0:0:0:0:
329,0,65313,128,0,65399:0:0:0:0:
475,0,65313,128,0,65399:0:0:0:0:
256,0,65399,128,0,65485:0:0:0:0:
402,0,65399,128,0,65485:0:0:0:0:
36,0,65485,128,0,65571:0:0:0:0:
182,0,65485,128,0,65656:0:0:0:0:
329,0,65485,128,0,65571:0:0:0:0:
256,0,65571,128,0,65656:0:0:0:0:
475,0,65571,128,0,65656:0:0:0:0:
36,0,65656,128,0,65742:0:0:0:0:
402,0,65656,128,0,65742:0:0:0:0:
109,0,65656,128,0,65828:0:0:0:0:
329,0,65742,128,0,65828:0:0:0:0:
475,0,65742,128,0,65828:0:0:0:0:
256,192,65828,1,0,0:0:0:0:
36,192,65999,1,0,0:0:0:0:
182,192,65999,1,0,0:0:0:0:
256,192,65999,1,0,0:0:0:0:
329,192,65999,1,0,0:0:0:0:
402,192,65999,1,0,0:0:0:0:
36,192,66171,1,0,0:0:0:0:
109,192,66171,1,0,0:0:0:0:
182,192,66171,1,0,0:0:0:0:
256,192,66171,1,0,0:0:0:0:
402,192,66171,1,0,0:0:0:0:
109,192,66514,1,0,0:0:0:0:
256,192,66514,1,0,0:0:0:0:
329,192,66514,1,0,0:0:0:0:
402,192,66514,1,0,0:0:0:0:
475,192,66514,1,0,0:0:0:0:
109,192,66686,1,0,0:0:0:0:
182,192,66686,1,0,0:0:0:0:
256,192,66686,1,0,0:0:0:0:
329,192,66686,1,0,0:0:0:0:
475,192,66686,1,0,0:0:0:0:
182,192,67029,1,0,0:0:0:0:
256,192,67029,1,0,0:0:0:0:
329,192,67029,1,0,0:0:0:0:
36,0,67029,128,0,68229:0:0:0:0:
475,0,67029,128,0,68229:0:0:0:0:
109,192,68229,1,0,0:0:0:0:
402,192,68229,1,0,0:0:0:0:
36,0,68571,128,0,68913:0:0:0:0:
109,192,68571,1,0,0:0:0:0:
329,192,68571,1,0,0:0:0:0:
256,192,68742,1,0,0:0:0:0:
109,0,68913,128,0,69256:0:0:0:0:
182,192,68913,1,0,0:0:0:0:
402,192,68913,1,0,0:0:0:0:
329,192,69085,1,0,0:0:0:0:
182,0,69256,128,0,69599:0:0:0:0:
256,192,69256,1,0,0:0:0:0:
475,192,69256,1,0,0:0:0:0:
402,192,69428,1,0,0:0:0:0:
36,192,69599,1,0,0:0:0:0:
329,192,69599,1,0,0:0:0:0:
256,0,69599,128,0,69942:0:0:0:0:
475,192,69771,1,0,0:0:0:0:
182,192,69942,1,0,0:0:0:0:
402,192,69942,1,0,0:0:0:0:
475,0,69942,128,0,70285:0:0:0:0:
256,192,70113,1,0,0:0:0:0:
109,192,70285,1,0,0:0:0:0:
329,192,70285,1,0,0:0:0:0:
402,0,70285,128,0,70371:0:0:0:0:
182,192,70456,1,0,0:0:0:0:
402,192,70456,1,0,0:0:0:0:
402,0,70542,128,0,70713:0:0:0:0:
36,192,70628,1,0,0:0:0:0:
256,192,70628,1,0,0:0:0:0:
329,0,70628,128,0,70713:0:0:0:0:
109,192,70799,1,0,0:0:0:0:
329,192,70799,1,0,0:0:0:0:
329,0,70885,128,0,71056:0:0:0:0:
182,192,70971,1,0,0:0:0:0:
256,0,70971,128,0,71056:0:0:0:0:
475,192,70971,1,0,0:0:0:0:
36,192,71142,1,0,0:0:0:0:
256,192,71142,1,0,0:0:0:0:
256,0,71228,128,0,71313:0:0:0:0:
36,0,71313,128,0,71656:0:0:0:0:
109,192,71313,1,0,0:0:0:0:
329,192,71313,1,0,0:0:0:0:
256,192,71485,1,0,0:0:0:0:
109,0,71656,128,0,71999:0:0:0:0:
182,192,71656,1,0,0:0:0:0:
402,192,71656,1,0,0:0:0:0:
329,192,71828,1,0,0:0:0:0:
182,0,71999,128,0,72342:0:0:0:0:
256,192,71999,1,0,0:0:0:0:
475,192,71999,1,0,0:0:0:0:
402,192,72171,1,0,0:0:0:0:
36,192,72342,1,0,0:0:0:0:
329,192,72342,1,0,0:0:0:0:
109,0,72342,128,0,72685:0:0:0:0:
256,0,72342,128,0,72685:0:0:0:0:
475,192,72513,1,0,0:0:0:0:
182,192,72685,1,0,0:0:0:0:
402,192,72685,1,0,0:0:0:0:
475,0,72685,128,0,73028:0:0:0:0:
256,192,72856,1,0,0:0:0:0:
109,192,73028,1,0,0:0:0:0:
329,192,73028,1,0,0:0:0:0:
402,0,73028,128,0,73371:0:0:0:0:
182,192,73199,1,0,0:0:0:0:
36,192,73371,1,0,0:0:0:0:
256,192,73371,1,0,0:0:0:0:
329,0,73371,128,0,73713:0:0:0:0:
109,192,73542,1,0,0:0:0:0:
182,192,73713,1,0,0:0:0:0:
402,192,73713,1,0,0:0:0:0:
475,192,73713,1,0,0:0:0:0:
256,0,73713,128,0,74056:0:0:0:0:
329,192,73799,1,0,0:0:0:0:
36,192,73885,1,0,0:0:0:0:
402,0,73885,128,0,74056:0:0:0:0:
109,0,74056,128,0,74313:0:0:0:0:
182,0,74056,128,0,74313:0:0:0:0:
475,192,74056,1,0,0:0:0:0:
402,192,74228,1,0,0:0:0:0:
109,192,74399,1,0,0:0:0:0:
182,192,74399,1,0,0:0:0:0:
475,192,74399,1,0,0:0:0:0:
109,192,74571,1,0,0:0:0:0:
182,192,74571,1,0,0:0:0:0:
329,192,74571,1,0,0:0:0:0:
109,0,74742,128,0,74999:0:0:0:0:
182,0,74742,128,0,74999:0:0:0:0:
475,192,74742,1,0,0:0:0:0:
402,192,74913,1,0,0:0:0:0:
109,192,75085,1,0,0:0:0:0:
182,192,75085,1,0,0:0:0:0:
475,192,75085,1,0,0:0:0:0:
109,192,75256,1,0,0:0:0:0:
182,192,75256,1,0,0:0:0:0:
329,192,75256,1,0,0:0:0:0:
109,0,75428,128,0,75685:0:0:0:0:
182,0,75428,128,0,75685:0:0:0:0:
475,192,75428,1,0,0:0:0:0:
402,192,75599,1,0,0:0:0:0:
109,192,75771,1,0,0:0:0:0:
182,192,75771,1,0,0:0:0:0:
475,192,75771,1,0,0:0:0:0:
109,192,75942,1,0,0:0:0:0:
182,192,75942,1,0,0:0:0:0:
329,192,75942,1,0,0:0:0:0:
109,0,76113,128,0,76371:0:0:0:0:
182,0,76113,128,0,76371:0:0:0:0:
475,192,76113,1,0,0:0:0:0:
402,192,76285,1,0,0:0:0:0:
36,0,76456,128,0,76628:0:0:0:0:
109,192,76456,1,0,0:0:0:0:
182,192,76456,1,0,0:0:0:0:
256,0,76456,128,0,76628:0:0:0:0:
475,192,76456,1,0,0:0:0:0:
109,192,76628,1,0,0:0:0:0:
182,192,76628,1,0,0:0:0:0:
329,192,76628,1,0,0:0:0:0:
36,192,76799,1,0,0:0:0:0:
329,0,76799,128,0,77056:0:0:0:0:
402,0,76799,128,0,77056:0:0:0:0:
109,192,76971,1,0,0:0:0:0:
36,192,77142,1,0,0:0:0:0:
329,192,77142,1,0,0:0:0:0:
402,192,77142,1,0,0:0:0:0:
182,192,77313,1,0,0:0:0:0:
329,192,77313,1,0,0:0:0:0:
402,192,77313,1,0,0:0:0:0:
36,192,77485,1,0,0:0:0:0:
329,0,77485,128,0,77742:0:0:0:0:
402,0,77485,128,0,77742:0:0:0:0:
109,192,77656,1,0,0:0:0:0:
36,192,77828,1,0,0:0:0:0:
329,192,77828,1,0,0:0:0:0:
402,192,77828,1,0,0:0:0:0:
182,192,77999,1,0,0:0:0:0:
329,192,77999,1,0,0:0:0:0:
402,192,77999,1,0,0:0:0:0:
36,192,78171,1,0,0:0:0:0:
329,0,78171,128,0,78428:0:0:0:0:
402,0,78171,128,0,78428:0:0:0:0:
475,192,78171,1,0,0:0:0:0:
256,192,78256,1,0,0:0:0:0:
109,192,78342,1,0,0:0:0:0:
475,0,78342,128,0,78513:0:0:0:0:
36,192,78513,1,0,0:0:0:0:
329,192,78513,1,0,0:0:0:0:
402,192,78513,1,0,0:0:0:0:
182,192,78685,1,0,0:0:0:0:
329,192,78685,1,0,0:0:0:0:
402,192,78685,1,0,0:0:0:0:
36,0,78856,128,0,79113:0:0:0:0:
329,0,78856,128,0,79113:0:0:0:0:
402,0,78856,128,0,79113:0:0:0:0:
475,192,78856,1,0,0:0:0:0:
109,0,78942,128,0,79199:0:0:0:0:
182,0,79028,128,0,79285:0:0:0:0:
475,192,79028,1,0,0:0:0:0:
256,0,79113,128,0,79371:0:0:0:0:
36,0,79199,128,0,79285:0:0:0:0:
329,192,79199,1,0,0:0:0:0:
402,192,79199,1,0,0:0:0:0:
475,192,79199,1,0,0:0:0:0:
109,0,79285,128,0,79371:0:0:0:0:
182,0,79371,128,0,79456:0:0:0:0:
329,192,79371,1,0,0:0:0:0:
402,192,79371,1,0,0:0:0:0:
475,192,79371,1,0,0:0:0:0:
256,0,79456,128,0,79542:0:0:0:0:
36,0,79542,128,0,80571:0:0:0:0:
109,192,79542,1,0,0:0:0:0:
182,192,79542,1,0,0:0:0:0:
329,192,79542,1,0,0:0:0:0:
402,192,79542,1,0,0:0:0:0:
475,0,79542,128,0,80571:0:0:0:0:
109,192,79885,1,0,0:0:0:0:
182,192,79885,1,0,0:0:0:0:
256,192,79885,1,0,0:0:0:0:
329,192,79885,1,0,0:0:0:0:
402,192,79885,1,0,0:0:0:0:
109,192,80228,1,0,0:0:0:0:
182,192,80228,1,0,0:0:0:0:
256,192,80228,1,0,0:0:0:0:
329,192,80228,1,0,0:0:0:0:
402,192,80228,1,0,0:0:0:0:
109,192,80571,1,0,0:0:0:0:
182,192,80571,1,0,0:0:0:0:
256,192,80571,1,0,0:0:0:0:
329,192,80571,1,0,0:0:0:0:
402,0,80571,128,0,80913:0:0:0:0:
329,0,80656,128,0,80913:0:0:0:0:
256,0,80742,128,0,80913:0:0:0:0:
182,0,80828,128,0,80913:0:0:0:0:
36,0,80913,128,0,81256:0:0:0:0:
109,192,80913,1,0,0:0:0:0:
475,192,80913,1,0,0:0:0:0:
109,0,80999,128,0,81256:0:0:0:0:
182,0,81085,128,0,81256:0:0:0:0:
256,0,81171,128,0,81256:0:0:0:0:
329,192,81256,1,0,0:0:0:0:
402,192,81256,1,0,0:0:0:0:
475,0,81256,128,0,81599:0:0:0:0:
402,0,81342,128,0,81599:0:0:0:0:
329,0,81428,128,0,81599:0:0:0:0:
256,0,81513,128,0,81599:0:0:0:0:
36,0,81599,128,0,81942:0:0:0:0:
109,192,81599,1,0,0:0:0:0:
182,192,81599,1,0,0:0:0:0:
109,0,81685,128,0,81942:0:0:0:0:
182,0,81771,128,0,81942:0:0:0:0:
256,0,81856,128,0,81942:0:0:0:0:
329,192,81942,1,0,0:0:0:0:
402,192,81942,1,0,0:0:0:0:
475,0,81942,128,0,82285:0:0:0:0:
402,0,82028,128,0,82285:0:0:0:0:
329,0,82113,128,0,82285:0:0:0:0:
256,0,82199,128,0,82285:0:0:0:0:
36,0,82285,128,0,82628:0:0:0:0:
109,192,82285,1,0,0:0:0:0:
182,192,82285,1,0,0:0:0:0:
109,0,82371,128,0,82628:0:0:0:0:
182,0,82456,128,0,82628:0:0:0:0:
256,0,82542,128,0,82628:0:0:0:0:
329,192,82628,1,0,0:0:0:0:
402,192,82628,1,0,0:0:0:0:
475,0,82628,128,0,82799:0:0:0:0:
402,0,82799,128,0,82971:0:0:0:0:
36,0,82971,128,0,83142:0:0:0:0:
182,192,82971,1,0,0:0:0:0:
256,192,82971,1,0,0:0:0:0:
329,192,82971,1,0,0:0:0:0:
475,0,82971,128,0,83142:0:0:0:0:
109,0,83056,128,0,83228:0:0:0:0:
182,0,83142,128,0,83313:0:0:0:0:
36,0,83228,128,0,83485:0:0:0:0:
256,0,83228,128,0,83399:0:0:0:0:
109,0,83313,128,0,83571:0:0:0:0:
329,0,83313,128,0,83485:0:0:0:0:
402,192,83313,1,0,0:0:0:0:
475,0,83313,128,0,83656:0:0:0:0:
402,0,83399,128,0,83571:0:0:0:0:
182,0,83399,128,0,83656:0:0:0:0:
256,0,83485,128,0,83742:0:0:0:0:
36,0,83571,128,0,83742:0:0:0:0:
329,0,83571,128,0,83828:0:0:0:0:
109,0,83656,128,0,83828:0:0:0:0:
402,0,83656,128,0,83913:0:0:0:0:
182,0,83742,128,0,83913:0:0:0:0:
475,0,83742,128,0,83999:0:0:0:0:
36,0,83828,128,0,84085:0:0:0:0:
256,0,83828,128,0,83999:0:0:0:0:
109,0,83913,128,0,84171:0:0:0:0:
329,0,83913,128,0,84085:0:0:0:0:
182,0,83999,128,0,84256:0:0:0:0:
402,0,83999,128,0,84171:0:0:0:0:
256,0,84085,128,0,84342:0:0:0:0:
475,0,84085,128,0,84256:0:0:0:0:
36,0,84171,128,0,84342:0:0:0:0:
329,0,84171,128,0,84428:0:0:0:0:
109,0,84256,128,0,84428:0:0:0:0:
402,0,84256,128,0,84513:0:0:0:0:
182,0,84342,128,0,84513:0:0:0:0:
475,0,84342,128,0,84599:0:0:0:0:
36,0,84428,128,0,84513:0:0:0:0:
256,0,84428,128,0,84599:0:0:0:0:
109,0,84513,128,0,84599:0:0:0:0:
329,0,84513,128,0,84685:0:0:0:0:
36,192,84599,1,0,0:0:0:0:
182,0,84599,128,0,84685:0:0:0:0:
402,0,84599,128,0,84771:0:0:0:0:
109,192,84685,1,0,0:0:0:0:
256,0,84685,128,0,84771:0:0:0:0:
475,0,84685,128,0,84856:0:0:0:0:
182,192,84771,1,0,0:0:0:0:
329,0,84771,128,0,84856:0:0:0:0:
256,192,84856,1,0,0:0:0:0:
402,0,84856,128,0,84942:0:0:0:0:
329,192,84942,1,0,0:0:0:0:
475,0,84942,128,0,85028:0:0:0:0:
36,0,85028,128,0,86228:0:0:0:0:
256,192,85028,1,0,0:0:0:0:
402,192,85028,1,0,0:0:0:0:
182,192,85113,1,0,0:0:0:0:
475,192,85113,1,0,0:0:0:0:
109,192,85199,1,0,0:0:0:0:
402,192,85199,1,0,0:0:0:0:
182,192,85285,1,0,0:0:0:0:
329,192,85285,1,0,0:0:0:0:
256,192,85371,1,0,0:0:0:0:
402,192,85371,1,0,0:0:0:0:
182,192,85456,1,0,0:0:0:0:
475,192,85456,1,0,0:0:0:0:
109,192,85542,1,0,0:0:0:0:
402,192,85542,1,0,0:0:0:0:
182,192,85628,1,0,0:0:0:0:
329,192,85628,1,0,0:0:0:0:
256,192,85713,1,0,0:0:0:0:
402,192,85713,1,0,0:0:0:0:
182,192,85799,1,0,0:0:0:0:
475,192,85799,1,0,0:0:0:0:
109,192,85885,1,0,0:0:0:0:
402,192,85885,1,0,0:0:0:0:
182,192,85971,1,0,0:0:0:0:
329,192,85971,1,0,0:0:0:0:
256,192,86056,1,0,0:0:0:0:
402,192,86056,1,0,0:0:0:0:
182,192,86142,1,0,0:0:0:0:
475,192,86142,1,0,0:0:0:0:
109,192,86228,1,0,0:0:0:0:
402,192,86228,1,0,0:0:0:0:
475,0,86228,128,0,87085:0:0:0:0:
36,192,86313,1,0,0:0:0:0:
329,192,86313,1,0,0:0:0:0:
109,192,86399,1,0,0:0:0:0:
256,192,86399,1,0,0:0:0:0:
182,192,86485,1,0,0:0:0:0:
329,192,86485,1,0,0:0:0:0:
109,192,86571,1,0,0:0:0:0:
402,192,86571,1,0,0:0:0:0:
36,192,86656,1,0,0:0:0:0:
329,192,86656,1,0,0:0:0:0:
109,192,86742,1,0,0:0:0:0:
256,192,86742,1,0,0:0:0:0:
182,192,86828,1,0,0:0:0:0:
329,192,86828,1,0,0:0:0:0:
109,192,86913,1,0,0:0:0:0:
402,192,86913,1,0,0:0:0:0:
36,192,86999,1,0,0:0:0:0:
329,192,86999,1,0,0:0:0:0:
109,192,87085,1,0,0:0:0:0:
256,192,87085,1,0,0:0:0:0:
402,0,87085,128,0,87428:0:0:0:0:
182,192,87171,1,0,0:0:0:0:
329,192,87171,1,0,0:0:0:0:
256,192,87256,1,0,0:0:0:0:
475,192,87256,1,0,0:0:0:0:
182,192,87342,1,0,0:0:0:0:
329,192,87342,1,0,0:0:0:0:
36,192,87428,1,0,0:0:0:0:
109,0,87428,128,0,87599:0:0:0:0:
256,192,87428,1,0,0:0:0:0:
182,192,87513,1,0,0:0:0:0:
329,192,87513,1,0,0:0:0:0:
256,192,87599,1,0,0:0:0:0:
402,192,87599,1,0,0:0:0:0:
182,0,87599,128,0,87771:0:0:0:0:
329,192,87685,1,0,0:0:0:0:
475,192,87685,1,0,0:0:0:0:
36,0,87771,128,0,87856:0:0:0:0:
402,0,87771,128,0,87856:0:0:0:0:
109,0,87813,128,0,87899:0:0:0:0:
182,0,87856,128,0,87942:0:0:0:0:
475,0,87856,128,0,87942:0:0:0:0:
256,0,87899,128,0,87985:0:0:0:0:
329,0,87942,128,0,88028:0:0:0:0:
402,0,87942,128,0,88028:0:0:0:0:
182,0,87985,128,0,88071:0:0:0:0:
109,0,88028,128,0,88113:0:0:0:0:
256,0,88028,128,0,88113:0:0:0:0:
36,0,88071,128,0,88156:0:0:0:0:
182,0,88113,128,0,88199:0:0:0:0:
475,0,88113,128,0,88199:0:0:0:0:
402,0,88156,128,0,88242:0:0:0:0:
109,0,88199,128,0,88285:0:0:0:0:
329,0,88199,128,0,88285:0:0:0:0:
256,0,88242,128,0,88328:0:0:0:0:
36,0,88285,128,0,88371:0:0:0:0:
182,0,88285,128,0,88371:0:0:0:0:
329,0,88328,128,0,88413:0:0:0:0:
256,0,88371,128,0,88456:0:0:0:0:
402,0,88371,128,0,88456:0:0:0:0:
475,0,88413,128,0,88499:0:0:0:0:
36,0,88456,128,0,88542:0:0:0:0:
109,0,88456,128,0,88542:0:0:0:0:
182,0,88499,128,0,88585:0:0:0:0:
256,0,88542,128,0,88628:0:0:0:0:
475,0,88542,128,0,88628:0:0:0:0:
329,0,88585,128,0,88671:0:0:0:0:
36,0,88628,128,0,88713:0:0:0:0:
402,0,88628,128,0,88713:0:0:0:0:
256,0,88671,128,0,88756:0:0:0:0:
182,0,88713,128,0,88799:0:0:0:0:
329,0,88713,128,0,88799:0:0:0:0:
109,0,88756,128,0,88842:0:0:0:0:
36,0,88799,128,0,88885:0:0:0:0:
256,0,88799,128,0,88885:0:0:0:0:
475,0,88842,128,0,88928:0:0:0:0:
109,0,88885,128,0,88971:0:0:0:0:
402,0,88885,128,0,88971:0:0:0:0:
329,0,88928,128,0,89013:0:0:0:0:
36,0,88971,128,0,89056:0:0:0:0:
256,0,88971,128,0,89056:0:0:0:0:
182,0,89013,128,0,89099:0:0:0:0:
109,0,89056,128,0,89142:0:0:0:0:
402,0,89056,128,0,89142:0:0:0:0:
36,0,89099,128,0,89185:0:0:0:0:
182,192,89142,1,0,0:0:0:0:
329,192,89142,1,0,0:0:0:0:
475,0,89142,128,0,89571:0:0:0:0:
109,192,89228,1,0,0:0:0:0:
402,192,89228,1,0,0:0:0:0:
36,192,89313,1,0,0:0:0:0:
329,192,89313,1,0,0:0:0:0:
109,192,89399,1,0,0:0:0:0:
256,192,89399,1,0,0:0:0:0:
182,192,89485,1,0,0:0:0:0:
329,192,89485,1,0,0:0:0:0:
109,192,89571,1,0,0:0:0:0:
402,192,89571,1,0,0:0:0:0:
36,192,89656,1,0,0:0:0:0:
329,192,89656,1,0,0:0:0:0:
475,0,89656,128,0,90513:0:0:0:0:
109,192,89742,1,0,0:0:0:0:
256,192,89742,1,0,0:0:0:0:
182,192,89828,1,0,0:0:0:0:
329,192,89828,1,0,0:0:0:0:
109,192,89913,1,0,0:0:0:0:
402,192,89913,1,0,0:0:0:0:
36,192,89999,1,0,0:0:0:0:
329,192,89999,1,0,0:0:0:0:
109,192,90085,1,0,0:0:0:0:
256,192,90085,1,0,0:0:0:0:
182,192,90171,1,0,0:0:0:0:
329,192,90171,1,0,0:0:0:0:
109,192,90256,1,0,0:0:0:0:
402,192,90256,1,0,0:0:0:0:
36,192,90342,1,0,0:0:0:0:
329,192,90342,1,0,0:0:0:0:
109,192,90428,1,0,0:0:0:0:
256,192,90428,1,0,0:0:0:0:
36,0,90513,128,0,90856:0:0:0:0:
182,192,90513,1,0,0:0:0:0:
329,192,90513,1,0,0:0:0:0:
402,192,90513,1,0,0:0:0:0:
182,192,90599,1,0,0:0:0:0:
182,192,90685,1,0,0:0:0:0:
182,192,90771,1,0,0:0:0:0:
182,0,90856,128,0,91199:0:0:0:0:
329,192,90856,1,0,0:0:0:0:
402,192,90856,1,0,0:0:0:0:
475,192,90856,1,0,0:0:0:0:
329,192,90942,1,0,0:0:0:0:
329,192,91028,1,0,0:0:0:0:
329,192,91113,1,0,0:0:0:0:
36,192,91199,1,0,0:0:0:0:
109,192,91199,1,0,0:0:0:0:
329,0,91199,128,0,91542:0:0:0:0:
475,192,91199,1,0,0:0:0:0:
475,192,91285,1,0,0:0:0:0:
475,192,91371,1,0,0:0:0:0:
475,192,91456,1,0,0:0:0:0:
109,192,91542,1,0,0:0:0:0:
182,192,91542,1,0,0:0:0:0:
256,192,91542,1,0,0:0:0:0:
475,0,91542,128,0,91885:0:0:0:0:
109,192,91628,1,0,0:0:0:0:
109,192,91713,1,0,0:0:0:0:
109,192,91799,1,0,0:0:0:0:
109,0,91885,128,0,92228:0:0:0:0:
182,192,91885,1,0,0:0:0:0:
256,192,91885,1,0,0:0:0:0:
329,192,91885,1,0,0:0:0:0:
256,192,91971,1,0,0:0:0:0:
256,192,92056,1,0,0:0:0:0:
256,192,92142,1,0,0:0:0:0:
36,192,92228,1,0,0:0:0:0:
256,0,92228,128,0,92571:0:0:0:0:
402,192,92228,1,0,0:0:0:0:
475,192,92228,1,0,0:0:0:0:
402,192,92313,1,0,0:0:0:0:
402,192,92399,1,0,0:0:0:0:
402,192,92485,1,0,0:0:0:0:
36,192,92571,1,0,0:0:0:0:
109,192,92571,1,0,0:0:0:0:
182,192,92571,1,0,0:0:0:0:
402,0,92571,128,0,92913:0:0:0:0:
36,192,92656,1,0,0:0:0:0:
36,192,92742,1,0,0:0:0:0:
36,192,92828,1,0,0:0:0:0:
256,192,92913,1,0,0:0:0:0:
329,192,92913,1,0,0:0:0:0:
475,192,92913,1,0,0:0:0:0:
36,0,92913,128,0,93256:0:0:0:0:
475,192,92999,1,0,0:0:0:0:
475,192,93085,1,0,0:0:0:0:
475,192,93171,1,0,0:0:0:0:
109,192,93256,1,0,0:0:0:0:
329,192,93256,1,0,0:0:0:0:
475,0,93256,128,0,93342:0:0:0:0:
182,192,93342,1,0,0:0:0:0:
402,192,93342,1,0,0:0:0:0:
109,192,93428,1,0,0:0:0:0:
329,192,93428,1,0,0:0:0:0:
475,0,93428,128,0,93771:0:0:0:0:
36,192,93513,1,0,0:0:0:0:
256,192,93513,1,0,0:0:0:0:
109,192,93599,1,0,0:0:0:0:
329,192,93599,1,0,0:0:0:0:
182,192,93685,1,0,0:0:0:0:
402,192,93685,1,0,0:0:0:0:
109,192,93771,1,0,0:0:0:0:
256,0,93771,128,0,94285:0:0:0:0:
329,192,93771,1,0,0:0:0:0:
36,192,93856,1,0,0:0:0:0:
402,192,93856,1,0,0:0:0:0:
109,192,93942,1,0,0:0:0:0:
475,192,93942,1,0,0:0:0:0:
182,192,94028,1,0,0:0:0:0:
402,192,94028,1,0,0:0:0:0:
109,192,94113,1,0,0:0:0:0:
329,192,94113,1,0,0:0:0:0:
36,192,94199,1,0,0:0:0:0:
402,192,94199,1,0,0:0:0:0:
36,0,94285,128,0,94456:0:0:0:0:
109,192,94285,1,0,0:0:0:0:
475,192,94285,1,0,0:0:0:0:
182,192,94371,1,0,0:0:0:0:
402,192,94371,1,0,0:0:0:0:
109,0,94456,128,0,94542:0:0:0:0:
256,192,94456,1,0,0:0:0:0:
329,192,94456,1,0,0:0:0:0:
402,192,94542,1,0,0:0:0:0:
182,0,94542,128,0,94628:0:0:0:0:
36,0,94628,128,0,94713:0:0:0:0:
475,0,94628,128,0,94713:0:0:0:0:
402,0,94671,128,0,94756:0:0:0:0:
182,0,94713,128,0,94799:0:0:0:0:
329,0,94713,128,0,94799:0:0:0:0:
256,0,94756,128,0,94842:0:0:0:0:
36,0,94799,128,0,94885:0:0:0:0:
475,0,94799,128,0,94885:0:0:0:0:
109,0,94842,128,0,94928:0:0:0:0:
182,0,94885,128,0,94971:0:0:0:0:
402,0,94885,128,0,94971:0:0:0:0:
256,0,94928,128,0,95013:0:0:0:0:
36,0,94971,128,0,95056:0:0:0:0:
329,0,94971,128,0,95056:0:0:0:0:
402,0,95013,128,0,95099:0:0:0:0:
109,0,95056,128,0,95142:0:0:0:0:
475,0,95056,128,0,95142:0:0:0:0:
329,0,95099,128,0,95185:0:0:0:0:
36,0,95142,128,0,95228:0:0:0:0:
256,0,95142,128,0,95228:0:0:0:0:
182,0,95185,128,0,95271:0:0:0:0:
109,0,95228,128,0,95313:0:0:0:0:
402,0,95228,128,0,95313:0:0:0:0:
36,0,95271,128,0,95356:0:0:0:0:
182,0,95313,128,0,95399:0:0:0:0:
475,0,95313,128,0,95399:0:0:0:0:
256,0,95356,128,0,95442:0:0:0:0:
109,0,95399,128,0,95485:0:0:0:0:
329,0,95399,128,0,95485:0:0:0:0:
402,0,95442,128,0,95528:0:0:0:0:
36,0,95485,128,0,95571:0:0:0:0:
475,0,95485,128,0,95571:0:0:0:0:
256,0,95528,128,0,95613:0:0:0:0:
182,0,95571,128,0,95656:0:0:0:0:
402,0,95571,128,0,95656:0:0:0:0:
109,0,95613,128,0,95699:0:0:0:0:
36,0,95656,128,0,95742:0:0:0:0:
329,192,95656,1,0,0:0:0:0:
256,192,95699,1,0,0:0:0:0:
475,0,95699,128,0,95742:0:0:0:0:
182,192,95742,1,0,0:0:0:0:
402,0,95742,128,0,95785:0:0:0:0:
109,192,95785,1,0,0:0:0:0:
329,0,95785,128,0,95828:0:0:0:0:
36,192,95828,1,0,0:0:0:0:
256,0,95828,128,0,95871:0:0:0:0:
182,0,95871,128,0,95913:0:0:0:0:
475,192,95871,1,0,0:0:0:0:
109,0,95913,128,0,95956:0:0:0:0:
402,192,95913,1,0,0:0:0:0:
329,192,95956,1,0,0:0:0:0:
36,0,95956,128,0,95999:0:0:0:0:
109,192,95999,1,0,0:0:0:0:
182,192,95999,1,0,0:0:0:0:
256,192,95999,1,0,0:0:0:0:
402,192,95999,1,0,0:0:0:0:
475,192,95999,1,0,0:0:0:0:
36,192,96171,1,0,0:0:0:0:
109,192,96171,1,0,0:0:0:0:
182,192,96171,1,0,0:0:0:0:
329,192,96171,1,0,0:0:0:0:
402,192,96171,1,0,0:0:0:0:
36,192,96342,1,0,0:0:0:0:
109,192,96342,1,0,0:0:0:0:
256,192,96342,1,0,0:0:0:0:
329,192,96342,1,0,0:0:0:0:
475,192,96342,1,0,0:0:0:0:
36,192,96513,1,0,0:0:0:0:
182,192,96513,1,0,0:0:0:0:
256,192,96513,1,0,0:0:0:0:
402,192,96513,1,0,0:0:0:0:
475,192,96513,1,0,0:0:0:0:
109,192,96685,1,0,0:0:0:0:
182,192,96685,1,0,0:0:0:0:
256,192,96685,1,0,0:0:0:0:
329,192,96685,1,0,0:0:0:0:
402,192,96685,1,0,0:0:0:0:
36,192,96856,1,0,0:0:0:0:
109,192,96856,1,0,0:0:0:0:
182,192,96856,1,0,0:0:0:0:
329,192,96856,1,0,0:0:0:0:
475,192,96856,1,0,0:0:0:0:
36,192,97028,1,0,0:0:0:0:
109,192,97028,1,0,0:0:0:0:
256,192,97028,1,0,0:0:0:0:
402,192,97028,1,0,0:0:0:0:
475,192,97028,1,0,0:0:0:0:
36,192,97199,1,0,0:0:0:0:
182,192,97199,1,0,0:0:0:0:
256,192,97199,1,0,0:0:0:0:
329,192,97199,1,0,0:0:0:0:
475,192,97199,1,0,0:0:0:0:
109,192,97371,1,0,0:0:0:0:
182,192,97371,1,0,0:0:0:0:
329,192,97371,1,0,0:0:0:0:
402,192,97371,1,0,0:0:0:0:
475,192,97371,1,0,0:0:0:0:
36,192,97542,1,0,0:0:0:0:
109,192,97542,1,0,0:0:0:0:
256,192,97542,1,0,0:0:0:0:
329,192,97542,1,0,0:0:0:0:
402,192,97542,1,0,0:0:0:0:
36,192,97713,1,0,0:0:0:0:
182,192,97713,1,0,0:0:0:0:
256,192,97713,1,0,0:0:0:0:
402,192,97713,1,0,0:0:0:0:
475,192,97713,1,0,0:0:0:0:
36,192,97885,1,0,0:0:0:0:
109,192,97885,1,0,0:0:0:0:
256,192,97885,1,0,0:0:0:0:
329,192,97885,1,0,0:0:0:0:
475,192,97885,1,0,0:0:0:0:
36,192,98056,1,0,0:0:0:0:
109,192,98056,1,0,0:0:0:0:
182,192,98056,1,0,0:0:0:0:
402,192,98056,1,0,0:0:0:0:
475,192,98056,1,0,0:0:0:0:
109,192,98228,1,0,0:0:0:0:
182,192,98228,1,0,0:0:0:0:
256,192,98228,1,0,0:0:0:0:
329,192,98228,1,0,0:0:0:0:
402,192,98228,1,0,0:0:0:0:
36,192,98399,1,0,0:0:0:0:
256,192,98399,1,0,0:0:0:0:
329,192,98399,1,0,0:0:0:0:
402,192,98399,1,0,0:0:0:0:
475,192,98399,1,0,0:0:0:0:
36,192,98571,1,0,0:0:0:0:
109,192,98571,1,0,0:0:0:0:
182,192,98571,1,0,0:0:0:0:
256,192,98571,1,0,0:0:0:0:
475,192,98571,1,0,0:0:0:0:
109,192,98742,1,0,0:0:0:0:
182,192,98742,1,0,0:0:0:0:
256,192,98742,1,0,0:0:0:0:
329,192,98742,1,0,0:0:0:0:
475,192,98742,1,0,0:0:0:0:
36,192,98913,1,0,0:0:0:0:
182,192,98913,1,0,0:0:0:0:
256,192,98913,1,0,0:0:0:0:
329,192,98913,1,0,0:0:0:0:
402,192,98913,1,0,0:0:0:0:
109,192,99085,1,0,0:0:0:0:
182,192,99085,1,0,0:0:0:0:
329,192,99085,1,0,0:0:0:0:
402,192,99085,1,0,0:0:0:0:
475,192,99085,1,0,0:0:0:0:
36,192,99256,1,0,0:0:0:0:
109,192,99256,1,0,0:0:0:0:
256,192,99256,1,0,0:0:0:0:
329,192,99256,1,0,0:0:0:0:
402,192,99256,1,0,0:0:0:0:
36,192,99428,1,0,0:0:0:0:
182,192,99428,1,0,0:0:0:0:
256,192,99428,1,0,0:0:0:0:
402,192,99428,1,0,0:0:0:0:
475,192,99428,1,0,0:0:0:0:
36,192,99599,1,0,0:0:0:0:
109,192,99599,1,0,0:0:0:0:
182,192,99599,1,0,0:0:0:0:
329,192,99599,1,0,0:0:0:0:
475,192,99599,1,0,0:0:0:0:
36,192,99771,1,0,0:0:0:0:
109,192,99771,1,0,0:0:0:0:
256,192,99771,1,0,0:0:0:0:
329,192,99771,1,0,0:0:0:0:
402,192,99771,1,0,0:0:0:0:
182,192,99942,1,0,0:0:0:0:
256,192,99942,1,0,0:0:0:0:
329,192,99942,1,0,0:0:0:0:
402,192,99942,1,0,0:0:0:0:
475,192,99942,1,0,0:0:0:0:
36,192,100113,1,0,0:0:0:0:
109,192,100113,1,0,0:0:0:0:
182,192,100113,1,0,0:0:0:0:
256,192,100113,1,0,0:0:0:0:
329,192,100113,1,0,0:0:0:0:
36,192,100285,1,0,0:0:0:0:
182,192,100285,1,0,0:0:0:0:
256,192,100285,1,0,0:0:0:0:
402,192,100285,1,0,0:0:0:0:
475,192,100285,1,0,0:0:0:0:
36,192,100456,1,0,0:0:0:0:
109,192,100456,1,0,0:0:0:0:
256,192,100456,1,0,0:0:0:0:
329,192,100456,1,0,0:0:0:0:
402,192,100456,1,0,0:0:0:0:
36,192,100628,1,0,0:0:0:0:
182,192,100628,1,0,0:0:0:0:
256,192,100628,1,0,0:0:0:0:
329,192,100628,1,0,0:0:0:0:
475,192,100628,1,0,0:0:0:0:
36,192,100799,1,0,0:0:0:0:
109,192,100799,1,0,0:0:0:0:
182,192,100799,1,0,0:0:0:0:
402,192,100799,1,0,0:0:0:0:
475,192,100799,1,0,0:0:0:0:
36,192,100971,1,0,0:0:0:0:
109,192,100971,1,0,0:0:0:0:
256,192,100971,1,0,0:0:0:0:
329,192,100971,1,0,0:0:0:0:
475,192,100971,1,0,0:0:0:0:
109,192,101142,1,0,0:0:0:0:
182,192,101142,1,0,0:0:0:0:
256,192,101142,1,0,0:0:0:0:
329,192,101142,1,0,0:0:0:0:
402,192,101142,1,0,0:0:0:0:
36,192,101313,1,0,0:0:0:0:
109,192,101313,1,0,0:0:0:0:
256,192,101313,1,0,0:0:0:0:
402,192,101313,1,0,0:0:0:0:
475,192,101313,1,0,0:0:0:0:
36,192,101485,1,0,0:0:0:0:
109,192,101485,1,0,0:0:0:0:
182,192,101485,1,0,0:0:0:0:
329,192,101485,1,0,0:0:0:0:
402,192,101485,1,0,0:0:0:0:
109,192,101656,1,0,0:0:0:0:
182,192,101656,1,0,0:0:0:0:
256,192,101656,1,0,0:0:0:0:
329,192,101656,1,0,0:0:0:0:
475,192,101656,1,0,0:0:0:0:
36,192,101828,1,0,0:0:0:0:
109,192,101828,1,0,0:0:0:0:
329,192,101828,1,0,0:0:0:0:
402,192,101828,1,0,0:0:0:0:
475,192,101828,1,0,0:0:0:0:
109,192,101999,1,0,0:0:0:0:
182,192,101999,1,0,0:0:0:0:
256,192,101999,1,0,0:0:0:0:
329,192,101999,1,0,0:0:0:0:
475,192,101999,1,0,0:0:0:0:
36,192,102171,1,0,0:0:0:0:
182,192,102171,1,0,0:0:0:0:
256,192,102171,1,0,0:0:0:0:
402,192,102171,1,0,0:0:0:0:
475,192,102171,1,0,0:0:0:0:
36,192,102342,1,0,0:0:0:0:
109,192,102342,1,0,0:0:0:0:
256,192,102342,1,0,0:0:0:0:
329,192,102342,1,0,0:0:0:0:
475,192,102342,1,0,0:0:0:0:
109,192,102513,1,0,0:0:0:0:
182,192,102513,1,0,0:0:0:0:
256,192,102513,1,0,0:0:0:0:
329,192,102513,1,0,0:0:0:0:
402,192,102513,1,0,0:0:0:0:
36,192,102685,1,0,0:0:0:0:
109,192,102685,1,0,0:0:0:0:
256,192,102685,1,0,0:0:0:0:
402,192,102685,1,0,0:0:0:0:
475,192,102685,1,0,0:0:0:0:
36,192,102856,1,0,0:0:0:0:
109,192,102856,1,0,0:0:0:0:
182,192,102856,1,0,0:0:0:0:
256,192,102856,1,0,0:0:0:0:
475,192,102856,1,0,0:0:0:0:
36,192,103028,1,0,0:0:0:0:
182,192,103028,1,0,0:0:0:0:
329,192,103028,1,0,0:0:0:0:
402,192,103028,1,0,0:0:0:0:
475,192,103028,1,0,0:0:0:0:
36,192,103199,1,0,0:0:0:0:
109,192,103199,1,0,0:0:0:0:
256,192,103199,1,0,0:0:0:0:
402,192,103199,1,0,0:0:0:0:
475,192,103199,1,0,0:0:0:0:
36,192,103371,1,0,0:0:0:0:
109,192,103371,1,0,0:0:0:0:
182,192,103371,1,0,0:0:0:0:
329,192,103371,1,0,0:0:0:0:
475,192,103371,1,0,0:0:0:0:
36,192,103542,1,0,0:0:0:0:
256,192,103542,1,0,0:0:0:0:
329,192,103542,1,0,0:0:0:0:
402,192,103542,1,0,0:0:0:0:
475,192,103542,1,0,0:0:0:0:
36,0,103713,128,0,103799:0:0:0:0:
109,0,103713,128,0,103799:0:0:0:0:
182,0,103713,128,0,103799:0:0:0:0:
256,0,103713,128,0,103799:0:0:0:0:
329,0,103713,128,0,103799:0:0:0:0:
402,0,103713,128,0,103799:0:0:0:0:
475,0,103713,128,0,103799:0:0:0:0:
109,192,103885,1,0,0:0:0:0:
256,192,103885,1,0,0:0:0:0:
402,192,103885,1,0,0:0:0:0:
36,0,103885,128,0,104228:0:0:0:0:
182,0,103885,128,0,104228:0:0:0:0:
329,0,103885,128,0,104571:0:0:0:0:
475,0,103885,128,0,104571:0:0:0:0:
109,192,104056,1,0,0:0:0:0:
256,192,104056,1,0,0:0:0:0:
402,192,104056,1,0,0:0:0:0:
109,0,104228,128,0,104399:0:0:0:0:
256,0,104228,128,0,104399:0:0:0:0:
402,0,104228,128,0,104399:0:0:0:0:
36,0,104399,128,0,104913:0:0:0:0:
182,0,104399,128,0,104913:0:0:0:0:
109,192,104571,1,0,0:0:0:0:
256,0,104571,128,0,104742:0:0:0:0:
402,0,104571,128,0,104742:0:0:0:0:
109,192,104742,1,0,0:0:0:0:
329,0,104742,128,0,105256:0:0:0:0:
475,0,104742,128,0,105256:0:0:0:0:
109,0,104913,128,0,105085:0:0:0:0:
256,0,104913,128,0,105085:0:0:0:0:
402,192,104913,1,0,0:0:0:0:
402,192,105085,1,0,0:0:0:0:
36,0,105085,128,0,105599:0:0:0:0:
182,0,105085,128,0,105599:0:0:0:0:
109,192,105256,1,0,0:0:0:0:
256,0,105256,128,0,105428:0:0:0:0:
402,0,105256,128,0,105428:0:0:0:0:
109,192,105428,1,0,0:0:0:0:
329,0,105428,128,0,105599:0:0:0:0:
475,0,105428,128,0,105599:0:0:0:0:
109,0,105599,128,0,106885:0:0:0:0:
256,0,105599,128,0,106885:0:0:0:0:
402,0,105599,128,0,106885:0:0:0:0:
36,192,105642,1,0,0:0:0:0:
182,192,105685,1,0,0:0:0:0:
329,192,105728,1,0,0:0:0:0:
475,192,105771,1,0,0:0:0:0:
329,192,105813,1,0,0:0:0:0:
182,192,105856,1,0,0:0:0:0:
36,192,105899,1,0,0:0:0:0:
182,192,105942,1,0,0:0:0:0:
329,192,105985,1,0,0:0:0:0:
475,192,106028,1,0,0:0:0:0:
329,192,106071,1,0,0:0:0:0:
182,192,106113,1,0,0:0:0:0:
36,192,106156,1,0,0:0:0:0:
182,192,106199,1,0,0:0:0:0:
329,192,106242,1,0,0:0:0:0:
475,192,106285,1,0,0:0:0:0:
329,192,106328,1,0,0:0:0:0:
182,192,106371,1,0,0:0:0:0:
36,192,106413,1,0,0:0:0:0:
182,192,106456,1,0,0:0:0:0:
329,192,106499,1,0,0:0:0:0:
475,192,106542,1,0,0:0:0:0:
329,192,106585,1,0,0:0:0:0:
182,192,106628,1,0,0:0:0:0:
36,192,106671,1,0,0:0:0:0:
182,192,106713,1,0,0:0:0:0:
329,192,106756,1,0,0:0:0:0:
475,192,106799,1,0,0:0:0:0:
329,192,106842,1,0,0:0:0:0:
36,192,106885,1,0,0:0:0:0:
182,192,106885,1,0,0:0:0:0:
36,192,107659,1,0,0:0:0:0:
475,192,107659,1,0,0:0:0:0:
109,0,107659,128,0,110401:0:0:0:0:
402,0,107659,128,0,110401:0:0:0:0:
182,0,107659,128,0,113144:0:0:0:0:
329,0,107659,128,0,113144:0:0:0:0:
256,0,107659,128,0,115887:0:0:0:0:
36,192,107830,1,0,0:0:0:0:
36,192,108001,1,0,0:0:0:0:
475,192,108001,1,0,0:0:0:0:
475,192,108173,1,0,0:0:0:0:
36,192,108344,1,0,0:0:0:0:
475,192,108516,1,0,0:0:0:0:
36,192,108687,1,0,0:0:0:0:
475,192,108687,1,0,0:0:0:0:
36,192,108859,1,0,0:0:0:0:
475,192,109030,1,0,0:0:0:0:
36,192,109201,1,0,0:0:0:0:
36,192,109373,1,0,0:0:0:0:
475,192,109373,1,0,0:0:0:0:
475,192,109544,1,0,0:0:0:0:
36,192,109716,1,0,0:0:0:0:
475,192,109887,1,0,0:0:0:0:
36,192,110059,1,0,0:0:0:0:
475,192,110059,1,0,0:0:0:0:
36,192,110230,1,0,0:0:0:0:
475,192,110401,1,0,0:0:0:0:
36,192,110573,1,0,0:0:0:0:
109,192,110744,1,0,0:0:0:0:
402,192,110744,1,0,0:0:0:0:
475,192,110744,1,0,0:0:0:0:
36,192,110916,1,0,0:0:0:0:
109,192,111087,1,0,0:0:0:0:
402,192,111259,1,0,0:0:0:0:
36,192,111430,1,0,0:0:0:0:
109,192,111430,1,0,0:0:0:0:
475,192,111430,1,0,0:0:0:0:
402,192,111601,1,0,0:0:0:0:
36,192,111773,1,0,0:0:0:0:
475,192,111944,1,0,0:0:0:0:
36,192,112116,1,0,0:0:0:0:
109,192,112116,1,0,0:0:0:0:
402,192,112116,1,0,0:0:0:0:
475,192,112287,1,0,0:0:0:0:
402,192,112459,1,0,0:0:0:0:
109,192,112630,1,0,0:0:0:0:
36,192,112801,1,0,0:0:0:0:
402,192,112801,1,0,0:0:0:0:
475,192,112801,1,0,0:0:0:0:
109,192,112973,1,0,0:0:0:0:
36,192,113144,1,0,0:0:0:0:
475,192,113144,1,0,0:0:0:0:
109,192,113316,1,0,0:0:0:0:
402,192,113316,1,0,0:0:0:0:
36,192,113487,1,0,0:0:0:0:
182,192,113487,1,0,0:0:0:0:
329,192,113487,1,0,0:0:0:0:
475,192,113487,1,0,0:0:0:0:
109,192,113659,1,0,0:0:0:0:
402,192,113659,1,0,0:0:0:0:
36,192,113830,1,0,0:0:0:0:
475,192,113830,1,0,0:0:0:0:
182,192,114001,1,0,0:0:0:0:
329,192,114001,1,0,0:0:0:0:
36,192,114173,1,0,0:0:0:0:
109,192,114173,1,0,0:0:0:0:
402,192,114173,1,0,0:0:0:0:
475,192,114173,1,0,0:0:0:0:
182,192,114344,1,0,0:0:0:0:
329,192,114344,1,0,0:0:0:0:
109,192,114516,1,0,0:0:0:0:
402,192,114516,1,0,0:0:0:0:
36,192,114687,1,0,0:0:0:0:
475,192,114687,1,0,0:0:0:0:
109,192,114859,1,0,0:0:0:0:
182,192,114859,1,0,0:0:0:0:
329,192,114859,1,0,0:0:0:0:
402,192,114859,1,0,0:0:0:0:
36,192,115030,1,0,0:0:0:0:
475,192,115030,1,0,0:0:0:0:
182,192,115201,1,0,0:0:0:0:
329,192,115201,1,0,0:0:0:0:
109,192,115373,1,0,0:0:0:0:
402,192,115373,1,0,0:0:0:0:
36,192,115544,1,0,0:0:0:0:
182,192,115544,1,0,0:0:0:0:
329,192,115544,1,0,0:0:0:0:
475,192,115544,1,0,0:0:0:0:
109,192,115716,1,0,0:0:0:0:
402,192,115716,1,0,0:0:0:0:
36,192,115887,1,0,0:0:0:0:
182,192,115887,1,0,0:0:0:0:
329,192,115887,1,0,0:0:0:0:
109,192,116059,1,0,0:0:0:0:
256,192,116059,1,0,0:0:0:0:
36,192,116230,1,0,0:0:0:0:
182,192,116230,1,0,0:0:0:0:
329,192,116230,1,0,0:0:0:0:
402,192,116230,1,0,0:0:0:0:
475,192,116230,1,0,0:0:0:0:
109,192,116401,1,0,0:0:0:0:
256,192,116401,1,0,0:0:0:0:
182,192,116573,1,0,0:0:0:0:
329,192,116573,1,0,0:0:0:0:
475,192,116573,1,0,0:0:0:0:
256,192,116744,1,0,0:0:0:0:
402,192,116744,1,0,0:0:0:0:
36,192,116916,1,0,0:0:0:0:
109,192,116916,1,0,0:0:0:0:
182,192,116916,1,0,0:0:0:0:
329,192,116916,1,0,0:0:0:0:
475,192,116916,1,0,0:0:0:0:
256,192,117087,1,0,0:0:0:0:
402,192,117087,1,0,0:0:0:0:
36,192,117259,1,0,0:0:0:0:
182,192,117259,1,0,0:0:0:0:
329,192,117259,1,0,0:0:0:0:
475,192,117259,1,0,0:0:0:0:
109,192,117430,1,0,0:0:0:0:
256,192,117430,1,0,0:0:0:0:
402,192,117430,1,0,0:0:0:0:
36,192,117601,1,0,0:0:0:0:
109,192,117601,1,0,0:0:0:0:
182,192,117601,1,0,0:0:0:0:
329,192,117601,1,0,0:0:0:0:
402,192,117601,1,0,0:0:0:0:
475,192,117601,1,0,0:0:0:0:
36,192,117773,1,0,0:0:0:0:
256,192,117773,1,0,0:0:0:0:
475,192,117773,1,0,0:0:0:0:
36,0,117944,128,0,118201:0:0:0:0:
182,192,117944,1,0,0:0:0:0:
329,192,117944,1,0,0:0:0:0:
475,0,117944,128,0,118201:0:0:0:0:
109,0,118030,128,0,118201:0:0:0:0:
256,192,118030,1,0,0:0:0:0:
402,0,118030,128,0,118201:0:0:0:0:
182,0,118116,128,0,118201:0:0:0:0:
329,0,118116,128,0,118201:0:0:0:0:
256,0,118201,128,0,118287:0:0:0:0:
36,0,118287,128,0,118544:0:0:0:0:
109,0,118287,128,0,118459:0:0:0:0:
182,0,118287,128,0,118373:0:0:0:0:
329,0,118287,128,0,118373:0:0:0:0:
402,0,118287,128,0,118459:0:0:0:0:
475,0,118287,128,0,118544:0:0:0:0:
256,192,118373,1,0,0:0:0:0:
182,192,118459,1,0,0:0:0:0:
329,192,118459,1,0,0:0:0:0:
109,192,118544,1,0,0:0:0:0:
256,192,118544,1,0,0:0:0:0:
402,192,118544,1,0,0:0:0:0:
109,192,118630,1,0,0:0:0:0:
256,0,118630,128,0,119916:0:0:0:0:
329,0,118630,128,0,118716:0:0:0:0:
475,192,118630,1,0,0:0:0:0:
36,192,118716,1,0,0:0:0:0:
182,0,118716,128,0,119144:0:0:0:0:
402,192,118716,1,0,0:0:0:0:
109,0,118801,128,0,119059:0:0:0:0:
329,0,118801,128,0,119059:0:0:0:0:
475,192,118801,1,0,0:0:0:0:
36,0,118887,128,0,118973:0:0:0:0:
402,0,118887,128,0,118973:0:0:0:0:
475,192,118973,1,0,0:0:0:0:
36,192,119059,1,0,0:0:0:0:
402,192,119059,1,0,0:0:0:0:
109,192,119144,1,0,0:0:0:0:
329,0,119144,128,0,119573:0:0:0:0:
475,192,119144,1,0,0:0:0:0:
36,192,119230,1,0,0:0:0:0:
182,0,119230,128,0,119487:0:0:0:0:
402,0,119230,128,0,119487:0:0:0:0:
109,0,119316,128,0,119401:0:0:0:0:
475,0,119316,128,0,119401:0:0:0:0:
36,192,119401,1,0,0:0:0:0:
109,192,119487,1,0,0:0:0:0:
475,192,119487,1,0,0:0:0:0:
36,192,119573,1,0,0:0:0:0:
182,0,119573,128,0,119659:0:0:0:0:
402,192,119573,1,0,0:0:0:0:
109,192,119659,1,0,0:0:0:0:
329,0,119659,128,0,119916:0:0:0:0:
475,192,119659,1,0,0:0:0:0:
36,192,119744,1,0,0:0:0:0:
402,0,119744,128,0,119830:0:0:0:0:
182,0,119744,128,0,120001:0:0:0:0:
109,0,119830,128,0,119916:0:0:0:0:
475,192,119830,1,0,0:0:0:0:
36,192,119916,1,0,0:0:0:0:
402,192,119916,1,0,0:0:0:0:
109,192,120001,1,0,0:0:0:0:
256,0,120001,128,0,121287:0:0:0:0:
329,0,120001,128,0,120087:0:0:0:0:
475,192,120001,1,0,0:0:0:0:
36,192,120087,1,0,0:0:0:0:
182,0,120087,128,0,120516:0:0:0:0:
402,192,120087,1,0,0:0:0:0:
109,0,120173,128,0,120430:0:0:0:0:
329,0,120173,128,0,120430:0:0:0:0:
475,192,120173,1,0,0:0:0:0:
36,0,120259,128,0,120344:0:0:0:0:
402,0,120259,128,0,120344:0:0:0:0:
475,192,120344,1,0,0:0:0:0:
36,192,120430,1,0,0:0:0:0:
402,192,120430,1,0,0:0:0:0:
109,192,120516,1,0,0:0:0:0:
329,0,120516,128,0,120944:0:0:0:0:
475,192,120516,1,0,0:0:0:0:
36,192,120601,1,0,0:0:0:0:
182,0,120601,128,0,120859:0:0:0:0:
402,0,120601,128,0,120859:0:0:0:0:
109,0,120687,128,0,120773:0:0:0:0:
475,0,120687,128,0,120773:0:0:0:0:
36,192,120773,1,0,0:0:0:0:
109,192,120859,1,0,0:0:0:0:
475,192,120859,1,0,0:0:0:0:
36,192,120944,1,0,0:0:0:0:
182,0,120944,128,0,121030:0:0:0:0:
402,192,120944,1,0,0:0:0:0:
109,192,121030,1,0,0:0:0:0:
329,0,121030,128,0,121287:0:0:0:0:
475,192,121030,1,0,0:0:0:0:
36,192,121116,1,0,0:0:0:0:
402,0,121116,128,0,121201:0:0:0:0:
182,0,121116,128,0,121373:0:0:0:0:
109,0,121201,128,0,121287:0:0:0:0:
475,192,121201,1,0,0:0:0:0:
36,192,121287,1,0,0:0:0:0:
402,192,121287,1,0,0:0:0:0:
109,192,121373,1,0,0:0:0:0:
256,0,121373,128,0,122659:0:0:0:0:
329,192,121373,1,0,0:0:0:0:
475,0,121373,128,0,121801:0:0:0:0:
36,0,121459,128,0,121544:0:0:0:0:
182,192,121459,1,0,0:0:0:0:
402,0,121459,128,0,121716:0:0:0:0:
109,192,121544,1,0,0:0:0:0:
329,0,121544,128,0,121630:0:0:0:0:
36,0,121630,128,0,121887:0:0:0:0:
182,192,121630,1,0,0:0:0:0:
109,0,121716,128,0,121801:0:0:0:0:
329,192,121716,1,0,0:0:0:0:
182,192,121801,1,0,0:0:0:0:
402,192,121801,1,0,0:0:0:0:
109,192,121887,1,0,0:0:0:0:
329,192,121887,1,0,0:0:0:0:
475,0,121887,128,0,122144:0:0:0:0:
36,0,121973,128,0,122401:0:0:0:0:
182,192,121973,1,0,0:0:0:0:
402,0,121973,128,0,122059:0:0:0:0:
109,0,122059,128,0,122316:0:0:0:0:
329,192,122059,1,0,0:0:0:0:
182,0,122144,128,0,122230:0:0:0:0:
402,192,122144,1,0,0:0:0:0:
329,192,122230,1,0,0:0:0:0:
475,0,122230,128,0,122316:0:0:0:0:
182,192,122316,1,0,0:0:0:0:
402,192,122316,1,0,0:0:0:0:
109,192,122401,1,0,0:0:0:0:
329,192,122401,1,0,0:0:0:0:
475,0,122401,128,0,122659:0:0:0:0:
182,192,122487,1,0,0:0:0:0:
402,0,122487,128,0,122573:0:0:0:0:
36,0,122487,128,0,122744:0:0:0:0:
109,0,122573,128,0,122659:0:0:0:0:
329,192,122573,1,0,0:0:0:0:
182,192,122659,1,0,0:0:0:0:
402,192,122659,1,0,0:0:0:0:
109,192,122744,1,0,0:0:0:0:
256,0,122744,128,0,124030:0:0:0:0:
329,192,122744,1,0,0:0:0:0:
475,0,122744,128,0,123173:0:0:0:0:
36,0,122830,128,0,122916:0:0:0:0:
182,192,122830,1,0,0:0:0:0:
402,0,122830,128,0,123087:0:0:0:0:
109,192,122916,1,0,0:0:0:0:
329,0,122916,128,0,123001:0:0:0:0:
36,0,123001,128,0,123259:0:0:0:0:
182,192,123001,1,0,0:0:0:0:
109,0,123087,128,0,123173:0:0:0:0:
329,192,123087,1,0,0:0:0:0:
182,192,123173,1,0,0:0:0:0:
402,192,123173,1,0,0:0:0:0:
109,192,123259,1,0,0:0:0:0:
329,192,123259,1,0,0:0:0:0:
475,0,123259,128,0,123516:0:0:0:0:
36,0,123344,128,0,123773:0:0:0:0:
182,192,123344,1,0,0:0:0:0:
402,0,123344,128,0,123430:0:0:0:0:
109,0,123430,128,0,123687:0:0:0:0:
329,192,123430,1,0,0:0:0:0:
182,0,123516,128,0,123601:0:0:0:0:
402,192,123516,1,0,0:0:0:0:
329,192,123601,1,0,0:0:0:0:
475,0,123601,128,0,123687:0:0:0:0:
182,192,123687,1,0,0:0:0:0:
402,192,123687,1,0,0:0:0:0:
109,192,123773,1,0,0:0:0:0:
329,192,123773,1,0,0:0:0:0:
475,0,123773,128,0,124030:0:0:0:0:
182,192,123859,1,0,0:0:0:0:
402,0,123859,128,0,123944:0:0:0:0:
36,0,123859,128,0,124116:0:0:0:0:
109,0,123944,128,0,124030:0:0:0:0:
329,192,123944,1,0,0:0:0:0:
182,192,124030,1,0,0:0:0:0:
109,192,124116,1,0,0:0:0:0:
256,192,124116,1,0,0:0:0:0:
402,192,124116,1,0,0:0:0:0:
475,0,124116,128,0,124973:0:0:0:0:
182,192,124201,1,0,0:0:0:0:
329,192,124201,1,0,0:0:0:0:
109,192,124287,1,0,0:0:0:0:
256,192,124287,1,0,0:0:0:0:
36,192,124373,1,0,0:0:0:0:
182,192,124373,1,0,0:0:0:0:
109,192,124459,1,0,0:0:0:0:
256,192,124459,1,0,0:0:0:0:
329,192,124459,1,0,0:0:0:0:
182,192,124544,1,0,0:0:0:0:
402,192,124544,1,0,0:0:0:0:
36,192,124630,1,0,0:0:0:0:
256,192,124630,1,0,0:0:0:0:
109,192,124716,1,0,0:0:0:0:
329,192,124716,1,0,0:0:0:0:
182,192,124801,1,0,0:0:0:0:
256,192,124801,1,0,0:0:0:0:
402,192,124801,1,0,0:0:0:0:
109,192,124887,1,0,0:0:0:0:
329,192,124887,1,0,0:0:0:0:
36,192,124973,1,0,0:0:0:0:
182,192,124973,1,0,0:0:0:0:
402,0,124973,128,0,125144:0:0:0:0:
109,192,125059,1,0,0:0:0:0:
256,192,125059,1,0,0:0:0:0:
36,192,125144,1,0,0:0:0:0:
182,192,125144,1,0,0:0:0:0:
329,0,125144,128,0,125316:0:0:0:0:
475,192,125144,1,0,0:0:0:0:
109,192,125230,1,0,0:0:0:0:
402,192,125230,1,0,0:0:0:0:
36,192,125316,1,0,0:0:0:0:
475,192,125316,1,0,0:0:0:0:
256,0,125316,128,0,126001:0:0:0:0:
109,192,125401,1,0,0:0:0:0:
402,192,125401,1,0,0:0:0:0:
182,192,125487,1,0,0:0:0:0:
329,192,125487,1,0,0:0:0:0:
475,192,125487,1,0,0:0:0:0:
109,192,125573,1,0,0:0:0:0:
402,192,125573,1,0,0:0:0:0:
36,192,125659,1,0,0:0:0:0:
329,192,125659,1,0,0:0:0:0:
182,192,125744,1,0,0:0:0:0:
36,192,125830,1,0,0:0:0:0:
109,192,125830,1,0,0:0:0:0:
329,192,125830,1,0,0:0:0:0:
182,192,125916,1,0,0:0:0:0:
402,192,125916,1,0,0:0:0:0:
36,0,126001,128,0,126344:0:0:0:0:
329,192,126001,1,0,0:0:0:0:
475,192,126001,1,0,0:0:0:0:
109,192,126087,1,0,0:0:0:0:
256,192,126087,1,0,0:0:0:0:
182,192,126173,1,0,0:0:0:0:
329,192,126173,1,0,0:0:0:0:
475,192,126173,1,0,0:0:0:0:
256,192,126259,1,0,0:0:0:0:
402,192,126259,1,0,0:0:0:0:
109,0,126344,128,0,126516:0:0:0:0:
329,192,126344,1,0,0:0:0:0:
475,192,126344,1,0,0:0:0:0:
36,192,126430,1,0,0:0:0:0:
402,192,126430,1,0,0:0:0:0:
182,0,126516,128,0,126687:0:0:0:0:
256,192,126516,1,0,0:0:0:0:
329,192,126516,1,0,0:0:0:0:
475,192,126516,1,0,0:0:0:0:
36,192,126601,1,0,0:0:0:0:
402,192,126601,1,0,0:0:0:0:
256,192,126687,1,0,0:0:0:0:
475,192,126687,1,0,0:0:0:0:
109,0,126687,128,0,126859:0:0:0:0:
182,192,126773,1,0,0:0:0:0:
329,192,126773,1,0,0:0:0:0:
36,192,126859,1,0,0:0:0:0:
475,192,126859,1,0,0:0:0:0:
109,192,127030,1,0,0:0:0:0:
182,192,127030,1,0,0:0:0:0:
256,192,127030,1,0,0:0:0:0:
329,192,127030,1,0,0:0:0:0:
402,192,127030,1,0,0:0:0:0:
109,192,127202,1,0,0:0:0:0:
182,192,127202,1,0,0:0:0:0:
256,192,127202,1,0,0:0:0:0:
329,192,127202,1,0,0:0:0:0:
402,192,127202,1,0,0:0:0:0:
36,192,127545,1,0,0:0:0:0:
182,192,127545,1,0,0:0:0:0:
256,192,127545,1,0,0:0:0:0:
329,192,127545,1,0,0:0:0:0:
475,192,127545,1,0,0:0:0:0:
36,192,127716,1,0,0:0:0:0:
182,192,127716,1,0,0:0:0:0:
256,192,127716,1,0,0:0:0:0:
329,192,127716,1,0,0:0:0:0:
475,192,127716,1,0,0:0:0:0:
36,0,128059,128,0,129259:0:0:0:0:
109,0,128059,128,0,129259:0:0:0:0:
256,0,128059,128,0,129259:0:0:0:0:
402,0,128059,128,0,129259:0:0:0:0:
475,0,128059,128,0,129259:0:0:0:0:
182,192,129259,1,0,0:0:0:0:
329,192,129259,1,0,0:0:0:0:
36,0,129602,128,0,129944:0:0:0:0:
109,192,129602,1,0,0:0:0:0:
182,192,129602,1,0,0:0:0:0:
256,192,129602,1,0,0:0:0:0:
329,192,129602,1,0,0:0:0:0:
402,192,129602,1,0,0:0:0:0:
475,0,129602,128,0,129773:0:0:0:0:
109,0,129944,128,0,130287:0:0:0:0:
182,192,129944,1,0,0:0:0:0:
256,192,129944,1,0,0:0:0:0:
329,192,129944,1,0,0:0:0:0:
402,192,129944,1,0,0:0:0:0:
475,0,129944,128,0,132002:0:0:0:0:
36,192,130287,1,0,0:0:0:0:
182,0,130287,128,0,130630:0:0:0:0:
256,192,130287,1,0,0:0:0:0:
329,192,130287,1,0,0:0:0:0:
402,192,130287,1,0,0:0:0:0:
36,192,130630,1,0,0:0:0:0:
109,192,130630,1,0,0:0:0:0:
329,192,130630,1,0,0:0:0:0:
402,192,130630,1,0,0:0:0:0:
256,0,130630,128,0,130973:0:0:0:0:
36,192,130973,1,0,0:0:0:0:
109,192,130973,1,0,0:0:0:0:
329,192,130973,1,0,0:0:0:0:
402,0,130973,128,0,131316:0:0:0:0:
182,0,130973,128,0,132344:0:0:0:0:
36,192,131316,1,0,0:0:0:0:
109,192,131316,1,0,0:0:0:0:
256,192,131316,1,0,0:0:0:0:
329,0,131316,128,0,131659:0:0:0:0:
36,192,131659,1,0,0:0:0:0:
109,192,131659,1,0,0:0:0:0:
256,0,131659,128,0,132002:0:0:0:0:
402,192,131659,1,0,0:0:0:0:
36,192,132002,1,0,0:0:0:0:
329,192,132002,1,0,0:0:0:0:
402,192,132002,1,0,0:0:0:0:
109,0,132002,128,0,132344:0:0:0:0:
475,0,132173,128,0,132344:0:0:0:0:
36,0,132344,128,0,132516:0:0:0:0:
256,0,132344,128,0,132687:0:0:0:0:
329,192,132344,1,0,0:0:0:0:
402,192,132344,1,0,0:0:0:0:
109,0,132516,128,0,132687:0:0:0:0:
402,0,132516,128,0,132687:0:0:0:0:
182,192,132687,1,0,0:0:0:0:
329,0,132687,128,0,133030:0:0:0:0:
475,192,132687,1,0,0:0:0:0:
36,0,132687,128,0,134744:0:0:0:0:
475,0,132859,128,0,133030:0:0:0:0:
109,192,133030,1,0,0:0:0:0:
182,192,133030,1,0,0:0:0:0:
256,192,133030,1,0,0:0:0:0:
402,0,133030,128,0,133373:0:0:0:0:
109,0,133202,128,0,133373:0:0:0:0:
182,192,133373,1,0,0:0:0:0:
256,192,133373,1,0,0:0:0:0:
329,192,133373,1,0,0:0:0:0:
475,0,133373,128,0,133716:0:0:0:0:
256,0,133544,128,0,133716:0:0:0:0:
109,192,133716,1,0,0:0:0:0:
182,192,133716,1,0,0:0:0:0:
329,0,133716,128,0,134059:0:0:0:0:
402,192,133716,1,0,0:0:0:0:
182,0,133887,128,0,134059:0:0:0:0:
109,192,134059,1,0,0:0:0:0:
256,0,134059,128,0,134402:0:0:0:0:
402,192,134059,1,0,0:0:0:0:
475,192,134059,1,0,0:0:0:0:
109,0,134230,128,0,134402:0:0:0:0:
182,0,134402,128,0,134744:0:0:0:0:
329,192,134402,1,0,0:0:0:0:
402,192,134402,1,0,0:0:0:0:
475,192,134402,1,0,0:0:0:0:
475,0,134573,128,0,134744:0:0:0:0:
256,192,134744,1,0,0:0:0:0:
329,192,134744,1,0,0:0:0:0:
402,192,134744,1,0,0:0:0:0:
109,0,134744,128,0,135087:0:0:0:0:
36,0,134916,128,0,135087:0:0:0:0:
256,0,134916,128,0,135087:0:0:0:0:
182,0,135087,128,0,135430:0:0:0:0:
329,0,135087,128,0,135773:0:0:0:0:
402,192,135087,1,0,0:0:0:0:
475,0,135087,128,0,135259:0:0:0:0:
402,0,135259,128,0,135430:0:0:0:0:
36,192,135430,1,0,0:0:0:0:
109,192,135430,1,0,0:0:0:0:
256,0,135430,128,0,135773:0:0:0:0:
475,0,135430,128,0,137144:0:0:0:0:
109,192,135773,1,0,0:0:0:0:
182,0,135773,128,0,136116:0:0:0:0:
402,192,135773,1,0,0:0:0:0:
36,0,135773,128,0,136459:0:0:0:0:
256,192,136116,1,0,0:0:0:0:
329,192,136116,1,0,0:0:0:0:
402,192,136116,1,0,0:0:0:0:
109,0,136116,128,0,136459:0:0:0:0:
182,0,136459,128,0,136802:0:0:0:0:
256,192,136459,1,0,0:0:0:0:
329,192,136459,1,0,0:0:0:0:
402,0,136459,128,0,137144:0:0:0:0:
36,192,136802,1,0,0:0:0:0:
109,192,136802,1,0,0:0:0:0:
256,0,136802,128,0,137144:0:0:0:0:
329,192,136802,1,0,0:0:0:0:
182,192,137144,1,0,0:0:0:0:
329,0,137144,128,0,137487:0:0:0:0:
36,0,137144,128,0,137830:0:0:0:0:
109,0,137144,128,0,137830:0:0:0:0:
182,192,137487,1,0,0:0:0:0:
256,192,137487,1,0,0:0:0:0:
475,192,137487,1,0,0:0:0:0:
402,0,137487,128,0,137830:0:0:0:0:
182,192,137830,1,0,0:0:0:0:
329,192,137830,1,0,0:0:0:0:
256,0,137830,128,0,139202:0:0:0:0:
475,0,137830,128,0,139202:0:0:0:0:
109,192,137916,1,0,0:0:0:0:
36,192,138002,1,0,0:0:0:0:
109,192,138087,1,0,0:0:0:0:
182,192,138173,1,0,0:0:0:0:
329,192,138173,1,0,0:0:0:0:
402,192,138173,1,0,0:0:0:0:
109,192,138259,1,0,0:0:0:0:
36,192,138344,1,0,0:0:0:0:
109,192,138430,1,0,0:0:0:0:
182,192,138516,1,0,0:0:0:0:
329,192,138516,1,0,0:0:0:0:
402,192,138516,1,0,0:0:0:0:
109,192,138602,1,0,0:0:0:0:
36,192,138687,1,0,0:0:0:0:
109,192,138773,1,0,0:0:0:0:
182,192,138859,1,0,0:0:0:0:
329,192,138859,1,0,0:0:0:0:
402,192,138859,1,0,0:0:0:0:
109,192,138944,1,0,0:0:0:0:
36,192,139030,1,0,0:0:0:0:
109,192,139116,1,0,0:0:0:0:
36,0,139202,128,0,139459:0:0:0:0:
182,0,139202,128,0,139459:0:0:0:0:
329,192,139202,1,0,0:0:0:0:
402,192,139202,1,0,0:0:0:0:
36,0,139544,128,0,139802:0:0:0:0:
182,0,139544,128,0,139802:0:0:0:0:
36,0,139887,128,0,140144:0:0:0:0:
182,0,139887,128,0,140144:0:0:0:0:
36,0,140230,128,0,140487:0:0:0:0:
182,0,140230,128,0,140487:0:0:0:0:
36,0,140573,128,0,140659:0:0:0:0:
109,0,140573,128,0,141859:0:0:0:0:
182,0,140573,128,0,140659:0:0:0:0:
475,192,140573,1,0,0:0:0:0:
402,192,140616,1,0,0:0:0:0:
329,192,140659,1,0,0:0:0:0:
256,192,140702,1,0,0:0:0:0:
36,0,140744,128,0,141002:0:0:0:0:
182,0,140744,128,0,141002:0:0:0:0:
475,192,140744,1,0,0:0:0:0:
402,192,140787,1,0,0:0:0:0:
329,192,140830,1,0,0:0:0:0:
256,192,140873,1,0,0:0:0:0:
36,0,141087,128,0,141344:0:0:0:0:
182,0,141087,128,0,141344:0:0:0:0:
475,192,141087,1,0,0:0:0:0:
402,192,141130,1,0,0:0:0:0:
329,192,141173,1,0,0:0:0:0:
256,192,141216,1,0,0:0:0:0:
475,192,141259,1,0,0:0:0:0:
402,192,141302,1,0,0:0:0:0:
329,192,141344,1,0,0:0:0:0:
256,192,141387,1,0,0:0:0:0:
36,0,141430,128,0,141859:0:0:0:0:
182,0,141430,128,0,141859:0:0:0:0:
329,192,141602,1,0,0:0:0:0:
475,192,141602,1,0,0:0:0:0:
329,192,141687,1,0,0:0:0:0:
475,192,141687,1,0,0:0:0:0:
329,192,141773,1,0,0:0:0:0:
475,192,141773,1,0,0:0:0:0:
329,192,141859,1,0,0:0:0:0:
475,192,141859,1,0,0:0:0:0:
36,0,141944,128,0,142202:0:0:0:0:
182,0,141944,128,0,142202:0:0:0:0:
329,0,141944,128,0,142544:0:0:0:0:
475,192,141944,1,0,0:0:0:0:
402,192,142116,1,0,0:0:0:0:
36,0,142287,128,0,142544:0:0:0:0:
109,192,142287,1,0,0:0:0:0:
182,0,142287,128,0,142544:0:0:0:0:
256,192,142287,1,0,0:0:0:0:
475,192,142287,1,0,0:0:0:0:
402,192,142459,1,0,0:0:0:0:
36,192,142630,1,0,0:0:0:0:
109,0,142630,128,0,142887:0:0:0:0:
256,0,142630,128,0,142887:0:0:0:0:
402,0,142630,128,0,143230:0:0:0:0:
475,192,142802,1,0,0:0:0:0:
36,192,142973,1,0,0:0:0:0:
109,0,142973,128,0,143230:0:0:0:0:
182,192,142973,1,0,0:0:0:0:
256,0,142973,128,0,143230:0:0:0:0:
329,192,142973,1,0,0:0:0:0:
475,192,143144,1,0,0:0:0:0:
36,192,143316,1,0,0:0:0:0:
182,0,143316,128,0,143402:0:0:0:0:
329,0,143316,128,0,143402:0:0:0:0:
475,0,143316,128,0,143744:0:0:0:0:
109,192,143487,1,0,0:0:0:0:
182,0,143487,128,0,143744:0:0:0:0:
329,0,143487,128,0,143744:0:0:0:0:
36,192,143659,1,0,0:0:0:0:
256,192,143659,1,0,0:0:0:0:
402,192,143659,1,0,0:0:0:0:
36,192,143830,1,0,0:0:0:0:
109,192,143830,1,0,0:0:0:0:
182,0,143830,128,0,144002:0:0:0:0:
329,0,143830,128,0,144002:0:0:0:0:
475,0,143830,128,0,144002:0:0:0:0:
36,192,144173,1,0,0:0:0:0:
109,0,144173,128,0,144601:0:0:0:0:
256,0,144173,128,0,144601:0:0:0:0:
402,0,144173,128,0,144601:0:0:0:0:
475,192,144173,1,0,0:0:0:0:
182,192,144344,1,0,0:0:0:0:
329,192,144344,1,0,0:0:0:0:
36,192,144515,1,0,0:0:0:0:
36,192,144687,1,0,0:0:0:0:
182,0,144687,128,0,145287:0:0:0:0:
329,0,144687,128,0,144944:0:0:0:0:
475,0,144687,128,0,144944:0:0:0:0:
109,192,144858,1,0,0:0:0:0:
36,192,145030,1,0,0:0:0:0:
256,192,145030,1,0,0:0:0:0:
329,0,145030,128,0,145287:0:0:0:0:
402,192,145030,1,0,0:0:0:0:
475,0,145030,128,0,145287:0:0:0:0:
109,192,145201,1,0,0:0:0:0:
109,0,145373,128,0,145973:0:0:0:0:
256,0,145373,128,0,145630:0:0:0:0:
402,0,145373,128,0,145630:0:0:0:0:
475,192,145373,1,0,0:0:0:0:
36,192,145544,1,0,0:0:0:0:
182,192,145715,1,0,0:0:0:0:
256,0,145715,128,0,145973:0:0:0:0:
329,192,145715,1,0,0:0:0:0:
402,0,145715,128,0,145973:0:0:0:0:
475,192,145715,1,0,0:0:0:0:
36,192,145887,1,0,0:0:0:0:
36,0,146058,128,0,146487:0:0:0:0:
182,0,146058,128,0,146144:0:0:0:0:
329,0,146058,128,0,146144:0:0:0:0:
475,192,146058,1,0,0:0:0:0:
182,0,146230,128,0,146487:0:0:0:0:
329,0,146230,128,0,146487:0:0:0:0:
402,192,146230,1,0,0:0:0:0:
109,192,146401,1,0,0:0:0:0:
256,192,146401,1,0,0:0:0:0:
475,192,146401,1,0,0:0:0:0:
36,0,146573,128,0,146830:0:0:0:0:
182,0,146573,128,0,146830:0:0:0:0:
329,0,146573,128,0,146830:0:0:0:0:
402,192,146573,1,0,0:0:0:0:
475,192,146744,1,0,0:0:0:0:
109,0,146915,128,0,147344:0:0:0:0:
256,0,146915,128,0,147344:0:0:0:0:
329,192,146915,1,0,0:0:0:0:
402,0,146915,128,0,147344:0:0:0:0:
36,192,147087,1,0,0:0:0:0:
182,192,147087,1,0,0:0:0:0:
475,192,147087,1,0,0:0:0:0:
329,192,147258,1,0,0:0:0:0:
36,0,147430,128,0,147687:0:0:0:0:
182,0,147430,128,0,147687:0:0:0:0:
329,0,147430,128,0,148030:0:0:0:0:
475,192,147430,1,0,0:0:0:0:
402,192,147601,1,0,0:0:0:0:
36,0,147773,128,0,148030:0:0:0:0:
109,192,147773,1,0,0:0:0:0:
182,0,147773,128,0,148030:0:0:0:0:
256,192,147773,1,0,0:0:0:0:
475,192,147773,1,0,0:0:0:0:
402,192,147944,1,0,0:0:0:0:
36,192,148115,1,0,0:0:0:0:
109,0,148115,128,0,148373:0:0:0:0:
256,0,148115,128,0,148373:0:0:0:0:
402,0,148115,128,0,148715:0:0:0:0:
475,192,148287,1,0,0:0:0:0:
36,192,148458,1,0,0:0:0:0:
109,0,148458,128,0,148715:0:0:0:0:
182,192,148458,1,0,0:0:0:0:
256,0,148458,128,0,148715:0:0:0:0:
329,192,148458,1,0,0:0:0:0:
475,192,148630,1,0,0:0:0:0:
36,192,148801,1,0,0:0:0:0:
182,0,148801,128,0,148887:0:0:0:0:
329,0,148801,128,0,148887:0:0:0:0:
475,0,148801,128,0,149230:0:0:0:0:
109,192,148844,1,0,0:0:0:0:
256,192,148887,1,0,0:0:0:0:
402,192,148930,1,0,0:0:0:0:
36,192,148973,1,0,0:0:0:0:
182,0,148973,128,0,149230:0:0:0:0:
329,0,148973,128,0,149230:0:0:0:0:
109,192,149015,1,0,0:0:0:0:
256,192,149058,1,0,0:0:0:0:
402,192,149101,1,0,0:0:0:0:
36,192,149144,1,0,0:0:0:0:
109,192,149144,1,0,0:0:0:0:
256,192,149144,1,0,0:0:0:0:
36,192,149315,1,0,0:0:0:0:
182,0,149315,128,0,149573:0:0:0:0:
329,0,149315,128,0,149573:0:0:0:0:
475,0,149315,128,0,149573:0:0:0:0:
109,192,149358,1,0,0:0:0:0:
256,192,149401,1,0,0:0:0:0:
402,192,149444,1,0,0:0:0:0:
36,192,149487,1,0,0:0:0:0:
109,192,149530,1,0,0:0:0:0:
256,192,149573,1,0,0:0:0:0:
402,192,149615,1,0,0:0:0:0:
36,192,149658,1,0,0:0:0:0:
109,0,149658,128,0,150087:0:0:0:0:
182,192,149658,1,0,0:0:0:0:
256,0,149658,128,0,150087:0:0:0:0:
329,192,149658,1,0,0:0:0:0:
402,0,149658,128,0,150087:0:0:0:0:
475,192,149658,1,0,0:0:0:0:
36,192,149830,1,0,0:0:0:0:
475,192,149830,1,0,0:0:0:0:
182,192,150001,1,0,0:0:0:0:
329,192,150001,1,0,0:0:0:0:
36,192,150173,1,0,0:0:0:0:
109,192,150173,1,0,0:0:0:0:
182,0,150173,128,0,150901:0:0:0:0:
256,192,150173,1,0,0:0:0:0:
329,0,150173,128,0,150987:0:0:0:0:
402,192,150173,1,0,0:0:0:0:
475,192,150173,1,0,0:0:0:0:
36,192,150859,1,0,0:0:0:0:
109,192,150901,1,0,0:0:0:0:
36,0,150944,128,0,150987:0:0:0:0:
182,192,150944,1,0,0:0:0:0:
109,0,150987,128,0,151030:0:0:0:0:
256,192,150987,1,0,0:0:0:0:
182,0,151030,128,0,151073:0:0:0:0:
329,192,151030,1,0,0:0:0:0:
256,0,151073,128,0,151116:0:0:0:0:
402,192,151073,1,0,0:0:0:0:
329,0,151116,128,0,151159:0:0:0:0:
475,192,151116,1,0,0:0:0:0:
402,0,151159,128,0,151201:0:0:0:0:
475,192,151201,1,0,0:0:0:0:
475,192,151287,1,0,0:0:0:0:
475,192,151373,1,0,0:0:0:0:
475,192,151459,1,0,0:0:0:0:
475,0,151544,128,0,151887:0:0:0:0:
