[Metadata]
ファイナルレター
かねこちはる
inava
Sound Voltex Final Letter kaneko chiharu
47
0


[TimingPoints]
567,292.682926829268,4,1,0,0,1,0
39201,146.341463414634,4,1,0,0,1,0
39274,292.682926829268,4,1,0,0,1,0
39347,585.365853658537,4,1,0,0,1,0
39566,292.682926829268,4,1,0,0,1,0
39675,195.121951219512,4,1,0,0,1,0
39785,292.682926829268,4,1,0,0,1,0
84419,146.341463414634,4,1,0,0,1,0
84492,292.682926829268,4,1,0,0,1,0
84565,585.365853658537,4,1,0,0,1,0
84711,292.682926829268,4,1,0,0,1,0
84784,195.121951219512,4,1,0,0,1,0
84858,292.682926829268,4,1,0,0,1,0


[HitObjects]
256,192,567,5,0,0:0:0:0:
402,192,567,1,0,0:0:0:0:
182,192,567,128,0,1079:0:0:0:0:
36,192,567,128,0,1079:0:0:0:0:
329,192,1006,1,0,0:0:0:0:
36,192,1152,1,0,0:0:0:0:
182,192,1152,1,0,0:0:0:0:
475,192,1152,1,0,0:0:0:0:
256,192,1152,1,0,0:0:0:0:
109,192,1298,1,0,0:0:0:0:
329,192,1298,1,0,0:0:0:0:
182,192,1518,1,0,0:0:0:0:
402,192,1518,1,0,0:0:0:0:
36,192,1737,1,0,0:0:0:0:
475,192,1737,1,0,0:0:0:0:
256,192,1737,128,0,2249:0:0:0:0:
329,192,1737,128,0,2249:0:0:0:0:
182,192,1884,1,0,0:0:0:0:
109,192,2176,1,0,0:0:0:0:
182,192,2249,1,0,0:0:0:0:
36,192,2323,1,0,0:0:0:0:
329,192,2323,1,0,0:0:0:0:
475,192,2323,1,0,0:0:0:0:
256,192,2323,1,0,0:0:0:0:
36,192,2469,1,0,0:0:0:0:
256,192,2469,1,0,0:0:0:0:
402,192,2469,1,0,0:0:0:0:
36,192,2615,1,0,0:0:0:0:
182,192,2615,1,0,0:0:0:0:
329,192,2615,1,0,0:0:0:0:
109,192,2615,1,0,0:0:0:0:
256,192,2762,1,0,0:0:0:0:
402,192,2762,1,0,0:0:0:0:
109,192,2762,1,0,0:0:0:0:
36,192,2762,1,0,0:0:0:0:
329,192,2835,1,0,0:0:0:0:
402,192,2908,1,0,0:0:0:0:
475,192,2908,1,0,0:0:0:0:
182,192,2908,1,0,0:0:0:0:
109,192,3054,1,0,0:0:0:0:
329,192,3054,1,0,0:0:0:0:
402,192,3054,1,0,0:0:0:0:
36,192,3201,1,0,0:0:0:0:
256,192,3201,1,0,0:0:0:0:
402,192,3201,1,0,0:0:0:0:
329,192,3347,1,0,0:0:0:0:
109,192,3347,1,0,0:0:0:0:
402,192,3420,1,0,0:0:0:0:
182,192,3420,1,0,0:0:0:0:
475,192,3493,1,0,0:0:0:0:
256,192,3493,1,0,0:0:0:0:
329,192,3493,1,0,0:0:0:0:
36,192,3493,1,0,0:0:0:0:
182,192,3640,1,0,0:0:0:0:
402,192,3640,1,0,0:0:0:0:
36,192,3640,1,0,0:0:0:0:
109,192,3786,1,0,0:0:0:0:
329,192,3786,1,0,0:0:0:0:
475,192,3786,1,0,0:0:0:0:
109,192,3932,1,0,0:0:0:0:
256,192,3932,1,0,0:0:0:0:
402,192,3932,1,0,0:0:0:0:
182,192,4079,128,0,4274:0:0:0:0:
256,192,4079,1,0,0:0:0:0:
475,192,4079,1,0,0:0:0:0:
36,192,4079,1,0,0:0:0:0:
329,192,4225,1,0,0:0:0:0:
475,192,4225,1,0,0:0:0:0:
36,192,4274,1,0,0:0:0:0:
109,192,4274,1,0,0:0:0:0:
182,192,4323,1,0,0:0:0:0:
256,192,4371,1,0,0:0:0:0:
402,192,4371,1,0,0:0:0:0:
329,192,4445,1,0,0:0:0:0:
475,192,4445,1,0,0:0:0:0:
36,192,4518,1,0,0:0:0:0:
109,192,4518,1,0,0:0:0:0:
256,192,4591,1,0,0:0:0:0:
182,192,4664,128,0,4737:0:0:0:0:
402,192,4664,1,0,0:0:0:0:
475,192,4664,1,0,0:0:0:0:
36,192,4664,1,0,0:0:0:0:
256,192,4810,128,0,4884:0:0:0:0:
109,192,4810,1,0,0:0:0:0:
329,192,4957,128,0,5030:0:0:0:0:
475,192,4957,1,0,0:0:0:0:
182,192,4957,1,0,0:0:0:0:
402,192,5103,128,0,5176:0:0:0:0:
256,192,5103,1,0,0:0:0:0:
329,192,5249,1,0,0:0:0:0:
475,192,5249,1,0,0:0:0:0:
109,192,5249,128,0,5762:0:0:0:0:
36,192,5249,128,0,5762:0:0:0:0:
182,192,5396,1,0,0:0:0:0:
329,192,5688,1,0,0:0:0:0:
36,192,5835,1,0,0:0:0:0:
109,192,5835,1,0,0:0:0:0:
256,192,5835,1,0,0:0:0:0:
475,192,5835,1,0,0:0:0:0:
329,192,5981,1,0,0:0:0:0:
182,192,5981,1,0,0:0:0:0:
475,192,5981,1,0,0:0:0:0:
256,192,6201,1,0,0:0:0:0:
402,192,6201,1,0,0:0:0:0:
109,192,6201,1,0,0:0:0:0:
36,192,6420,1,0,0:0:0:0:
256,192,6420,1,0,0:0:0:0:
329,192,6420,128,0,6932:0:0:0:0:
475,192,6420,128,0,6932:0:0:0:0:
109,192,6566,1,0,0:0:0:0:
36,192,6859,1,0,0:0:0:0:
182,192,6859,1,0,0:0:0:0:
256,192,6932,1,0,0:0:0:0:
36,192,7006,1,0,0:0:0:0:
329,192,7006,1,0,0:0:0:0:
475,192,7006,1,0,0:0:0:0:
182,192,7054,1,0,0:0:0:0:
402,192,7103,1,0,0:0:0:0:
256,192,7152,1,0,0:0:0:0:
109,192,7201,1,0,0:0:0:0:
329,192,7249,1,0,0:0:0:0:
475,192,7298,1,0,0:0:0:0:
256,192,7298,1,0,0:0:0:0:
36,192,7347,1,0,0:0:0:0:
182,192,7396,1,0,0:0:0:0:
256,192,7445,1,0,0:0:0:0:
329,192,7493,1,0,0:0:0:0:
475,192,7542,1,0,0:0:0:0:
402,192,7591,1,0,0:0:0:0:
256,192,7591,1,0,0:0:0:0:
109,192,7591,1,0,0:0:0:0:
36,192,7591,1,0,0:0:0:0:
182,192,7786,1,0,0:0:0:0:
329,192,7786,1,0,0:0:0:0:
36,192,7786,1,0,0:0:0:0:
475,192,7981,1,0,0:0:0:0:
329,192,7981,1,0,0:0:0:0:
36,192,7981,1,0,0:0:0:0:
36,192,8176,1,0,0:0:0:0:
109,192,8176,1,0,0:0:0:0:
256,192,8176,1,0,0:0:0:0:
475,192,8176,1,0,0:0:0:0:
182,192,8371,1,0,0:0:0:0:
402,192,8371,1,0,0:0:0:0:
36,192,8469,1,0,0:0:0:0:
109,192,8566,1,0,0:0:0:0:
329,192,8566,1,0,0:0:0:0:
256,192,8762,128,0,8908:0:0:0:0:
475,192,8762,1,0,0:0:0:0:
36,192,8762,1,0,0:0:0:0:
329,192,8835,128,0,8981:0:0:0:0:
109,192,8835,1,0,0:0:0:0:
402,192,8908,128,0,9054:0:0:0:0:
182,192,8908,1,0,0:0:0:0:
475,192,8981,128,0,9127:0:0:0:0:
256,192,8981,1,0,0:0:0:0:
182,192,9054,128,0,9127:0:0:0:0:
329,192,9054,1,0,0:0:0:0:
36,192,9127,128,0,9201:0:0:0:0:
402,192,9127,1,0,0:0:0:0:
182,192,9201,128,0,9274:0:0:0:0:
475,192,9201,1,0,0:0:0:0:
36,192,9274,128,0,9347:0:0:0:0:
475,192,9347,1,0,0:0:0:0:
256,192,9347,128,0,9493:0:0:0:0:
402,192,9420,1,0,0:0:0:0:
182,192,9420,128,0,9566:0:0:0:0:
109,192,9493,128,0,9640:0:0:0:0:
329,192,9493,1,0,0:0:0:0:
256,192,9566,1,0,0:0:0:0:
36,192,9566,128,0,9713:0:0:0:0:
329,192,9640,128,0,9713:0:0:0:0:
182,192,9640,1,0,0:0:0:0:
109,192,9713,1,0,0:0:0:0:
475,192,9713,128,0,9786:0:0:0:0:
36,192,9786,1,0,0:0:0:0:
329,192,9786,128,0,9859:0:0:0:0:
475,192,9859,128,0,9932:0:0:0:0:
36,192,9932,1,0,0:0:0:0:
109,192,9932,1,0,0:0:0:0:
402,192,9932,1,0,0:0:0:0:
256,192,9932,1,0,0:0:0:0:
329,192,10079,128,0,10225:0:0:0:0:
182,192,10079,1,0,0:0:0:0:
36,192,10225,1,0,0:0:0:0:
109,192,10225,1,0,0:0:0:0:
256,192,10225,1,0,0:0:0:0:
475,192,10225,1,0,0:0:0:0:
329,192,10371,128,0,10518:0:0:0:0:
182,192,10371,1,0,0:0:0:0:
36,192,10518,1,0,0:0:0:0:
256,192,10518,1,0,0:0:0:0:
475,192,10518,1,0,0:0:0:0:
402,192,10518,1,0,0:0:0:0:
182,192,10664,1,0,0:0:0:0:
329,192,10664,128,0,10810:0:0:0:0:
36,192,10810,1,0,0:0:0:0:
109,192,10810,1,0,0:0:0:0:
256,192,10810,1,0,0:0:0:0:
475,192,10810,1,0,0:0:0:0:
402,192,10957,1,0,0:0:0:0:
109,192,10957,1,0,0:0:0:0:
329,192,10957,128,0,11103:0:0:0:0:
182,192,11030,1,0,0:0:0:0:
36,192,11103,1,0,0:0:0:0:
256,192,11103,1,0,0:0:0:0:
475,192,11103,1,0,0:0:0:0:
329,192,11176,1,0,0:0:0:0:
402,192,11249,1,0,0:0:0:0:
109,192,11249,1,0,0:0:0:0:
182,192,11323,1,0,0:0:0:0:
475,192,11396,1,0,0:0:0:0:
36,192,11396,1,0,0:0:0:0:
256,192,11396,1,0,0:0:0:0:
402,192,11469,1,0,0:0:0:0:
109,192,11542,1,0,0:0:0:0:
329,192,11542,1,0,0:0:0:0:
256,192,11615,1,0,0:0:0:0:
36,192,11688,1,0,0:0:0:0:
475,192,11688,1,0,0:0:0:0:
182,192,11688,1,0,0:0:0:0:
402,192,11762,1,0,0:0:0:0:
329,192,11835,1,0,0:0:0:0:
182,192,11835,1,0,0:0:0:0:
109,192,11908,1,0,0:0:0:0:
36,192,11981,1,0,0:0:0:0:
256,192,11981,1,0,0:0:0:0:
475,192,11981,1,0,0:0:0:0:
109,192,12054,1,0,0:0:0:0:
182,192,12127,1,0,0:0:0:0:
329,192,12127,1,0,0:0:0:0:
402,192,12201,1,0,0:0:0:0:
36,192,12274,1,0,0:0:0:0:
256,192,12274,1,0,0:0:0:0:
475,192,12274,1,0,0:0:0:0:
109,192,12323,1,0,0:0:0:0:
182,192,12371,1,0,0:0:0:0:
256,192,12420,1,0,0:0:0:0:
109,192,12469,1,0,0:0:0:0:
329,192,12469,1,0,0:0:0:0:
182,192,12518,1,0,0:0:0:0:
36,192,12566,1,0,0:0:0:0:
256,192,12566,1,0,0:0:0:0:
475,192,12566,1,0,0:0:0:0:
329,192,12615,1,0,0:0:0:0:
182,192,12664,1,0,0:0:0:0:
402,192,12664,1,0,0:0:0:0:
256,192,12713,1,0,0:0:0:0:
329,192,12762,1,0,0:0:0:0:
402,192,12810,1,0,0:0:0:0:
256,192,12859,1,0,0:0:0:0:
36,192,12859,1,0,0:0:0:0:
475,192,12859,1,0,0:0:0:0:
402,192,12932,1,0,0:0:0:0:
109,192,13006,1,0,0:0:0:0:
329,192,13006,1,0,0:0:0:0:
182,192,13079,1,0,0:0:0:0:
475,192,13152,1,0,0:0:0:0:
256,192,13152,1,0,0:0:0:0:
36,192,13152,1,0,0:0:0:0:
329,192,13225,1,0,0:0:0:0:
182,192,13298,1,0,0:0:0:0:
402,192,13298,1,0,0:0:0:0:
109,192,13371,1,0,0:0:0:0:
36,192,13445,1,0,0:0:0:0:
256,192,13445,1,0,0:0:0:0:
475,192,13445,1,0,0:0:0:0:
402,192,13493,1,0,0:0:0:0:
182,192,13542,1,0,0:0:0:0:
329,192,13542,1,0,0:0:0:0:
109,192,13591,1,0,0:0:0:0:
36,192,13640,1,0,0:0:0:0:
475,192,13640,1,0,0:0:0:0:
402,192,13688,1,0,0:0:0:0:
329,192,13737,1,0,0:0:0:0:
182,192,13737,1,0,0:0:0:0:
109,192,13786,1,0,0:0:0:0:
475,192,13835,1,0,0:0:0:0:
36,192,13835,1,0,0:0:0:0:
402,192,13884,1,0,0:0:0:0:
329,192,13932,1,0,0:0:0:0:
182,192,13932,1,0,0:0:0:0:
109,192,13981,1,0,0:0:0:0:
256,192,14030,1,0,0:0:0:0:
36,192,14030,1,0,0:0:0:0:
475,192,14030,1,0,0:0:0:0:
109,192,14615,1,0,0:0:0:0:
256,192,14615,1,0,0:0:0:0:
402,192,14615,1,0,0:0:0:0:
475,192,14615,1,0,0:0:0:0:
36,192,14762,1,0,0:0:0:0:
182,192,14762,1,0,0:0:0:0:
402,192,14762,1,0,0:0:0:0:
182,192,14908,1,0,0:0:0:0:
329,192,14908,1,0,0:0:0:0:
475,192,14908,1,0,0:0:0:0:
109,192,14908,1,0,0:0:0:0:
36,192,15054,1,0,0:0:0:0:
182,192,15054,1,0,0:0:0:0:
329,192,15054,1,0,0:0:0:0:
256,192,15201,1,0,0:0:0:0:
109,192,15201,1,0,0:0:0:0:
402,192,15201,1,0,0:0:0:0:
36,192,15201,1,0,0:0:0:0:
475,192,15347,1,0,0:0:0:0:
329,192,15347,1,0,0:0:0:0:
109,192,15347,1,0,0:0:0:0:
182,192,15493,1,0,0:0:0:0:
402,192,15493,1,0,0:0:0:0:
329,192,15493,1,0,0:0:0:0:
36,192,15493,1,0,0:0:0:0:
475,192,15640,1,0,0:0:0:0:
329,192,15640,1,0,0:0:0:0:
182,192,15640,1,0,0:0:0:0:
36,192,15786,1,0,0:0:0:0:
256,192,15786,1,0,0:0:0:0:
109,192,15786,1,0,0:0:0:0:
475,192,15786,1,0,0:0:0:0:
402,192,15932,1,0,0:0:0:0:
329,192,15932,1,0,0:0:0:0:
182,192,15932,1,0,0:0:0:0:
182,192,16006,1,0,0:0:0:0:
256,192,16079,1,0,0:0:0:0:
36,192,16079,1,0,0:0:0:0:
329,192,16079,1,0,0:0:0:0:
475,192,16079,1,0,0:0:0:0:
109,192,16225,1,0,0:0:0:0:
256,192,16225,1,0,0:0:0:0:
475,192,16225,1,0,0:0:0:0:
402,192,16225,1,0,0:0:0:0:
36,192,16371,1,0,0:0:0:0:
109,192,16371,1,0,0:0:0:0:
256,192,16371,1,0,0:0:0:0:
329,192,16371,1,0,0:0:0:0:
182,192,16518,1,0,0:0:0:0:
256,192,16518,1,0,0:0:0:0:
402,192,16518,1,0,0:0:0:0:
475,192,16518,1,0,0:0:0:0:
256,192,16664,128,0,16810:0:0:0:0:
329,192,16810,128,0,16957:0:0:0:0:
36,192,16957,1,0,0:0:0:0:
475,192,16957,1,0,0:0:0:0:
109,192,16957,1,0,0:0:0:0:
402,192,16957,1,0,0:0:0:0:
182,192,17030,1,0,0:0:0:0:
256,192,17103,1,0,0:0:0:0:
329,192,17103,1,0,0:0:0:0:
182,192,17176,1,0,0:0:0:0:
36,192,17249,1,0,0:0:0:0:
109,192,17249,1,0,0:0:0:0:
402,192,17249,1,0,0:0:0:0:
475,192,17249,1,0,0:0:0:0:
329,192,17323,1,0,0:0:0:0:
182,192,17396,1,0,0:0:0:0:
256,192,17396,1,0,0:0:0:0:
329,192,17469,1,0,0:0:0:0:
402,192,17542,1,0,0:0:0:0:
475,192,17542,1,0,0:0:0:0:
36,192,17542,1,0,0:0:0:0:
109,192,17542,1,0,0:0:0:0:
182,192,17615,1,0,0:0:0:0:
329,192,17688,1,0,0:0:0:0:
256,192,17688,1,0,0:0:0:0:
182,192,17762,1,0,0:0:0:0:
36,192,17835,1,0,0:0:0:0:
109,192,17835,1,0,0:0:0:0:
402,192,17835,1,0,0:0:0:0:
475,192,17835,1,0,0:0:0:0:
329,192,17908,1,0,0:0:0:0:
182,192,17981,1,0,0:0:0:0:
256,192,17981,1,0,0:0:0:0:
329,192,18054,1,0,0:0:0:0:
402,192,18127,1,0,0:0:0:0:
475,192,18127,1,0,0:0:0:0:
36,192,18127,1,0,0:0:0:0:
109,192,18127,1,0,0:0:0:0:
256,192,18274,1,0,0:0:0:0:
36,192,18347,1,0,0:0:0:0:
182,192,18347,1,0,0:0:0:0:
329,192,18420,1,0,0:0:0:0:
36,192,18493,1,0,0:0:0:0:
182,192,18493,1,0,0:0:0:0:
402,192,18566,1,0,0:0:0:0:
36,192,18640,1,0,0:0:0:0:
182,192,18640,1,0,0:0:0:0:
475,192,18713,1,0,0:0:0:0:
36,192,18786,1,0,0:0:0:0:
182,192,18786,1,0,0:0:0:0:
256,192,18859,1,0,0:0:0:0:
329,192,18859,1,0,0:0:0:0:
402,192,18859,1,0,0:0:0:0:
36,192,19006,128,0,19225:0:0:0:0:
182,192,19006,128,0,19225:0:0:0:0:
329,192,19006,128,0,19225:0:0:0:0:
475,192,19006,128,0,19225:0:0:0:0:
36,192,19298,1,0,0:0:0:0:
182,192,19298,1,0,0:0:0:0:
256,192,19298,1,0,0:0:0:0:
329,192,19298,1,0,0:0:0:0:
475,192,19298,1,0,0:0:0:0:
256,192,19591,1,0,0:0:0:0:
402,192,19591,1,0,0:0:0:0:
109,192,19737,1,0,0:0:0:0:
182,192,19737,1,0,0:0:0:0:
256,192,19884,1,0,0:0:0:0:
329,192,20030,1,0,0:0:0:0:
475,192,20030,1,0,0:0:0:0:
256,192,20176,1,0,0:0:0:0:
36,192,20176,1,0,0:0:0:0:
109,192,20201,1,0,0:0:0:0:
402,192,20469,1,0,0:0:0:0:
402,192,20762,1,0,0:0:0:0:
182,192,21054,1,0,0:0:0:0:
36,192,21054,1,0,0:0:0:0:
256,192,21054,1,0,0:0:0:0:
329,192,21201,1,0,0:0:0:0:
256,192,21201,1,0,0:0:0:0:
36,192,21347,1,0,0:0:0:0:
402,192,21347,1,0,0:0:0:0:
475,192,21347,1,0,0:0:0:0:
256,192,21493,1,0,0:0:0:0:
109,192,21493,1,0,0:0:0:0:
329,192,21640,1,0,0:0:0:0:
36,192,21640,1,0,0:0:0:0:
475,192,21664,1,0,0:0:0:0:
36,192,21932,1,0,0:0:0:0:
182,192,21932,1,0,0:0:0:0:
329,192,22079,128,0,22445:0:0:0:0:
402,192,22079,128,0,22445:0:0:0:0:
256,192,22079,1,0,0:0:0:0:
36,192,22225,1,0,0:0:0:0:
182,192,22371,1,0,0:0:0:0:
475,192,22518,1,0,0:0:0:0:
329,192,22518,1,0,0:0:0:0:
36,192,22518,1,0,0:0:0:0:
402,192,22810,1,0,0:0:0:0:
402,192,23103,1,0,0:0:0:0:
402,192,23396,1,0,0:0:0:0:
182,192,23396,1,0,0:0:0:0:
256,192,23542,1,0,0:0:0:0:
329,192,23688,1,0,0:0:0:0:
475,192,23688,1,0,0:0:0:0:
36,192,23835,1,0,0:0:0:0:
182,192,23835,1,0,0:0:0:0:
256,192,23981,1,0,0:0:0:0:
475,192,23981,1,0,0:0:0:0:
329,192,24006,1,0,0:0:0:0:
256,192,24274,1,0,0:0:0:0:
402,192,24274,1,0,0:0:0:0:
36,192,24420,1,0,0:0:0:0:
182,192,24420,1,0,0:0:0:0:
256,192,24566,1,0,0:0:0:0:
402,192,24713,1,0,0:0:0:0:
475,192,24713,1,0,0:0:0:0:
182,192,24859,1,0,0:0:0:0:
109,192,24877,1,0,0:0:0:0:
329,192,25152,1,0,0:0:0:0:
36,192,25152,1,0,0:0:0:0:
402,192,25152,1,0,0:0:0:0:
256,192,25152,1,0,0:0:0:0:
36,192,25445,1,0,0:0:0:0:
182,192,25737,1,0,0:0:0:0:
36,192,25737,1,0,0:0:0:0:
256,192,25884,1,0,0:0:0:0:
329,192,26030,1,0,0:0:0:0:
475,192,26030,1,0,0:0:0:0:
36,192,26176,1,0,0:0:0:0:
182,192,26176,1,0,0:0:0:0:
256,192,26323,1,0,0:0:0:0:
402,192,26323,1,0,0:0:0:0:
109,192,26323,1,0,0:0:0:0:
475,192,26323,1,0,0:0:0:0:
182,192,26469,1,0,0:0:0:0:
402,192,26469,1,0,0:0:0:0:
36,192,26615,1,0,0:0:0:0:
256,192,26615,1,0,0:0:0:0:
109,192,26615,1,0,0:0:0:0:
329,192,26762,128,0,27127:0:0:0:0:
475,192,26762,128,0,27127:0:0:0:0:
182,192,26762,1,0,0:0:0:0:
109,192,26908,1,0,0:0:0:0:
182,192,27054,1,0,0:0:0:0:
109,192,27201,1,0,0:0:0:0:
329,192,27201,1,0,0:0:0:0:
475,192,27201,1,0,0:0:0:0:
182,192,27274,128,0,27420:0:0:0:0:
256,192,27420,1,0,0:0:0:0:
36,192,27493,128,0,28591:0:0:0:0:
475,192,27493,128,0,28591:0:0:0:0:
329,192,27493,1,0,0:0:0:0:
256,192,28079,1,0,0:0:0:0:
109,192,28079,128,0,28591:0:0:0:0:
402,192,28079,128,0,28591:0:0:0:0:
36,192,28664,1,0,0:0:0:0:
182,192,28664,1,0,0:0:0:0:
256,192,28664,1,0,0:0:0:0:
402,192,28664,1,0,0:0:0:0:
475,192,28664,1,0,0:0:0:0:
182,192,28810,1,0,0:0:0:0:
402,192,28810,1,0,0:0:0:0:
36,192,28957,1,0,0:0:0:0:
109,192,28957,1,0,0:0:0:0:
329,192,28957,1,0,0:0:0:0:
182,192,29103,1,0,0:0:0:0:
402,192,29103,1,0,0:0:0:0:
475,192,29103,1,0,0:0:0:0:
36,192,29249,1,0,0:0:0:0:
256,192,29249,1,0,0:0:0:0:
182,192,29396,1,0,0:0:0:0:
402,192,29396,1,0,0:0:0:0:
475,192,29396,1,0,0:0:0:0:
36,192,29542,1,0,0:0:0:0:
109,192,29542,1,0,0:0:0:0:
329,192,29542,1,0,0:0:0:0:
182,192,29688,1,0,0:0:0:0:
329,192,29688,1,0,0:0:0:0:
36,192,29835,1,0,0:0:0:0:
256,192,29835,1,0,0:0:0:0:
475,192,29835,1,0,0:0:0:0:
402,192,29908,1,0,0:0:0:0:
109,192,29981,1,0,0:0:0:0:
329,192,29981,1,0,0:0:0:0:
36,192,30127,1,0,0:0:0:0:
402,192,30127,1,0,0:0:0:0:
256,192,30127,1,0,0:0:0:0:
475,192,30127,1,0,0:0:0:0:
109,192,30274,1,0,0:0:0:0:
329,192,30274,1,0,0:0:0:0:
36,192,30420,1,0,0:0:0:0:
182,192,30420,1,0,0:0:0:0:
475,192,30420,1,0,0:0:0:0:
256,192,30420,1,0,0:0:0:0:
36,192,30566,1,0,0:0:0:0:
109,192,30566,1,0,0:0:0:0:
402,192,30566,1,0,0:0:0:0:
36,192,30713,1,0,0:0:0:0:
182,192,30713,1,0,0:0:0:0:
329,192,30713,1,0,0:0:0:0:
475,192,30713,1,0,0:0:0:0:
36,192,30859,1,0,0:0:0:0:
109,192,30859,1,0,0:0:0:0:
256,192,30859,1,0,0:0:0:0:
256,192,31006,1,0,0:0:0:0:
475,192,31006,1,0,0:0:0:0:
182,192,31006,1,0,0:0:0:0:
36,192,31006,1,0,0:0:0:0:
402,192,31006,1,0,0:0:0:0:
402,192,31152,1,0,0:0:0:0:
182,192,31152,1,0,0:0:0:0:
109,192,31298,1,0,0:0:0:0:
36,192,31298,1,0,0:0:0:0:
329,192,31298,1,0,0:0:0:0:
182,192,31445,1,0,0:0:0:0:
402,192,31445,1,0,0:0:0:0:
475,192,31445,1,0,0:0:0:0:
256,192,31518,1,0,0:0:0:0:
329,192,31591,1,0,0:0:0:0:
36,192,31591,1,0,0:0:0:0:
475,192,31591,1,0,0:0:0:0:
182,192,31737,1,0,0:0:0:0:
475,192,31737,1,0,0:0:0:0:
402,192,31737,1,0,0:0:0:0:
109,192,31884,1,0,0:0:0:0:
36,192,31884,1,0,0:0:0:0:
329,192,31884,1,0,0:0:0:0:
256,192,31957,1,0,0:0:0:0:
402,192,32030,1,0,0:0:0:0:
182,192,32030,1,0,0:0:0:0:
475,192,32030,1,0,0:0:0:0:
36,192,32176,1,0,0:0:0:0:
329,192,32176,1,0,0:0:0:0:
256,192,32176,1,0,0:0:0:0:
402,192,32249,1,0,0:0:0:0:
109,192,32323,1,0,0:0:0:0:
329,192,32323,1,0,0:0:0:0:
402,192,32396,1,0,0:0:0:0:
36,192,32469,1,0,0:0:0:0:
182,192,32469,1,0,0:0:0:0:
475,192,32469,1,0,0:0:0:0:
256,192,32469,1,0,0:0:0:0:
109,192,32615,1,0,0:0:0:0:
329,192,32615,1,0,0:0:0:0:
329,192,32688,1,0,0:0:0:0:
36,192,32762,1,0,0:0:0:0:
256,192,32762,1,0,0:0:0:0:
402,192,32762,1,0,0:0:0:0:
475,192,32762,1,0,0:0:0:0:
109,192,32908,1,0,0:0:0:0:
329,192,32908,1,0,0:0:0:0:
475,192,32908,1,0,0:0:0:0:
36,192,33054,1,0,0:0:0:0:
329,192,33054,1,0,0:0:0:0:
402,192,33054,1,0,0:0:0:0:
182,192,33054,1,0,0:0:0:0:
109,192,33201,1,0,0:0:0:0:
329,192,33201,1,0,0:0:0:0:
475,192,33201,1,0,0:0:0:0:
182,192,33201,1,0,0:0:0:0:
36,192,33347,1,0,0:0:0:0:
182,192,33347,1,0,0:0:0:0:
256,192,33347,1,0,0:0:0:0:
402,192,33347,1,0,0:0:0:0:
329,192,33493,1,0,0:0:0:0:
402,192,33493,1,0,0:0:0:0:
475,192,33493,1,0,0:0:0:0:
182,192,33493,1,0,0:0:0:0:
36,192,33640,1,0,0:0:0:0:
109,192,33640,1,0,0:0:0:0:
256,192,33640,1,0,0:0:0:0:
182,192,33640,1,0,0:0:0:0:
329,192,33786,128,0,34152:0:0:0:0:
402,192,33786,128,0,34152:0:0:0:0:
475,192,33786,128,0,34152:0:0:0:0:
36,192,34225,128,0,34445:0:0:0:0:
109,192,34225,128,0,34445:0:0:0:0:
182,192,34225,1,0,0:0:0:0:
402,192,34225,1,0,0:0:0:0:
256,192,34234,1,0,0:0:0:0:
329,192,34243,1,0,0:0:0:0:
256,192,34371,1,0,0:0:0:0:
36,192,34518,1,0,0:0:0:0:
256,192,34518,1,0,0:0:0:0:
109,192,34518,1,0,0:0:0:0:
475,192,34518,1,0,0:0:0:0:
402,192,34518,1,0,0:0:0:0:
402,192,34664,1,0,0:0:0:0:
109,192,34664,1,0,0:0:0:0:
256,192,34664,1,0,0:0:0:0:
329,192,34810,1,0,0:0:0:0:
475,192,34810,1,0,0:0:0:0:
36,192,34810,1,0,0:0:0:0:
182,192,34810,1,0,0:0:0:0:
256,192,34810,1,0,0:0:0:0:
109,192,34957,1,0,0:0:0:0:
402,192,34957,1,0,0:0:0:0:
182,192,35030,1,0,0:0:0:0:
329,192,35030,1,0,0:0:0:0:
36,192,35103,1,0,0:0:0:0:
256,192,35103,1,0,0:0:0:0:
475,192,35103,1,0,0:0:0:0:
182,192,35176,1,0,0:0:0:0:
329,192,35176,1,0,0:0:0:0:
36,192,35249,1,0,0:0:0:0:
475,192,35249,1,0,0:0:0:0:
182,192,35323,1,0,0:0:0:0:
329,192,35323,1,0,0:0:0:0:
36,192,35396,1,0,0:0:0:0:
475,192,35396,1,0,0:0:0:0:
109,192,35432,1,0,0:0:0:0:
402,192,35432,1,0,0:0:0:0:
182,192,35469,1,0,0:0:0:0:
329,192,35469,1,0,0:0:0:0:
256,192,35506,1,0,0:0:0:0:
475,192,35542,1,0,0:0:0:0:
36,192,35542,1,0,0:0:0:0:
402,192,35579,1,0,0:0:0:0:
109,192,35579,1,0,0:0:0:0:
329,192,35615,1,0,0:0:0:0:
182,192,35615,1,0,0:0:0:0:
256,192,35652,1,0,0:0:0:0:
36,192,35688,128,0,39127:0:0:0:0:
475,192,35688,128,0,37957:0:0:0:0:
182,192,35981,1,0,0:0:0:0:
329,192,35981,1,0,0:0:0:0:
329,192,36127,1,0,0:0:0:0:
402,192,36127,1,0,0:0:0:0:
256,192,36420,1,0,0:0:0:0:
182,192,36420,128,0,36786:0:0:0:0:
329,192,36420,128,0,36786:0:0:0:0:
402,192,36859,1,0,0:0:0:0:
329,192,36859,1,0,0:0:0:0:
182,192,37152,1,0,0:0:0:0:
329,192,37152,1,0,0:0:0:0:
182,192,37298,1,0,0:0:0:0:
109,192,37298,1,0,0:0:0:0:
256,192,37591,128,0,37957:0:0:0:0:
109,192,37591,1,0,0:0:0:0:
182,192,37737,1,0,0:0:0:0:
402,192,37884,1,0,0:0:0:0:
182,192,37981,1,0,0:0:0:0:
329,192,38030,1,0,0:0:0:0:
109,192,38030,128,0,39127:0:0:0:0:
475,192,38030,1,0,0:0:0:0:
329,192,38323,1,0,0:0:0:0:
475,192,38323,1,0,0:0:0:0:
256,192,38469,1,0,0:0:0:0:
329,192,38469,1,0,0:0:0:0:
182,192,38762,128,0,39127:0:0:0:0:
256,192,38762,128,0,39127:0:0:0:0:
402,192,38908,1,0,0:0:0:0:
475,192,39054,1,0,0:0:0:0:
329,192,39201,1,0,0:0:0:0:
36,192,39201,1,0,0:0:0:0:
109,192,39201,1,0,0:0:0:0:
182,192,39201,1,0,0:0:0:0:
256,192,39201,1,0,0:0:0:0:
36,192,39786,128,0,40298:0:0:0:0:
109,192,39786,128,0,40006:0:0:0:0:
182,192,39786,128,0,39932:0:0:0:0:
329,192,39786,128,0,40298:0:0:0:0:
402,192,39786,128,0,40006:0:0:0:0:
475,192,39786,128,0,39932:0:0:0:0:
36,192,40371,1,0,0:0:0:0:
109,192,40371,1,0,0:0:0:0:
256,192,40371,1,0,0:0:0:0:
402,192,40371,1,0,0:0:0:0:
475,192,40371,1,0,0:0:0:0:
182,192,40664,1,0,0:0:0:0:
329,192,40664,1,0,0:0:0:0:
36,192,40664,1,0,0:0:0:0:
329,192,40810,1,0,0:0:0:0:
402,192,40810,1,0,0:0:0:0:
109,192,40810,1,0,0:0:0:0:
36,192,40957,1,0,0:0:0:0:
256,192,40957,1,0,0:0:0:0:
475,192,40957,1,0,0:0:0:0:
329,192,41103,128,0,41396:0:0:0:0:
182,192,41103,1,0,0:0:0:0:
402,192,41396,1,0,0:0:0:0:
329,192,41542,1,0,0:0:0:0:
475,192,41542,1,0,0:0:0:0:
256,192,41542,1,0,0:0:0:0:
182,192,41542,1,0,0:0:0:0:
36,192,41542,1,0,0:0:0:0:
109,192,41688,1,0,0:0:0:0:
402,192,41688,1,0,0:0:0:0:
182,192,41737,1,0,0:0:0:0:
109,192,41786,1,0,0:0:0:0:
36,192,41835,1,0,0:0:0:0:
256,192,41835,1,0,0:0:0:0:
475,192,41835,1,0,0:0:0:0:
256,192,41981,1,0,0:0:0:0:
329,192,41981,1,0,0:0:0:0:
36,192,42127,1,0,0:0:0:0:
182,192,42127,1,0,0:0:0:0:
109,192,42127,1,0,0:0:0:0:
402,192,42127,1,0,0:0:0:0:
475,192,42127,1,0,0:0:0:0:
402,192,42274,128,0,42566:0:0:0:0:
329,192,42274,1,0,0:0:0:0:
256,192,42420,1,0,0:0:0:0:
256,192,42566,1,0,0:0:0:0:
36,192,42713,1,0,0:0:0:0:
329,192,42713,1,0,0:0:0:0:
475,192,42713,1,0,0:0:0:0:
109,192,42713,1,0,0:0:0:0:
36,192,42859,1,0,0:0:0:0:
256,192,42859,1,0,0:0:0:0:
402,192,42859,1,0,0:0:0:0:
36,192,43006,1,0,0:0:0:0:
182,192,43006,1,0,0:0:0:0:
329,192,43006,1,0,0:0:0:0:
36,192,43152,1,0,0:0:0:0:
109,192,43152,1,0,0:0:0:0:
256,192,43152,1,0,0:0:0:0:
329,192,43225,1,0,0:0:0:0:
402,192,43298,1,0,0:0:0:0:
475,192,43298,1,0,0:0:0:0:
182,192,43298,1,0,0:0:0:0:
475,192,43445,1,0,0:0:0:0:
109,192,43445,1,0,0:0:0:0:
329,192,43445,1,0,0:0:0:0:
36,192,43591,1,0,0:0:0:0:
256,192,43591,1,0,0:0:0:0:
475,192,43591,1,0,0:0:0:0:
402,192,43737,1,0,0:0:0:0:
182,192,43737,1,0,0:0:0:0:
475,192,43737,1,0,0:0:0:0:
36,192,43884,1,0,0:0:0:0:
109,192,43884,1,0,0:0:0:0:
329,192,43884,1,0,0:0:0:0:
256,192,43884,1,0,0:0:0:0:
182,192,44030,1,0,0:0:0:0:
402,192,44030,1,0,0:0:0:0:
36,192,44103,1,0,0:0:0:0:
109,192,44103,1,0,0:0:0:0:
256,192,44103,1,0,0:0:0:0:
329,192,44176,1,0,0:0:0:0:
475,192,44176,1,0,0:0:0:0:
256,192,44323,1,0,0:0:0:0:
182,192,44396,1,0,0:0:0:0:
329,192,44396,1,0,0:0:0:0:
109,192,44469,1,0,0:0:0:0:
402,192,44469,1,0,0:0:0:0:
36,192,44469,1,0,0:0:0:0:
475,192,44469,1,0,0:0:0:0:
256,192,44615,1,0,0:0:0:0:
475,192,44615,128,0,44957:0:0:0:0:
36,192,44615,128,0,44957:0:0:0:0:
109,192,44762,1,0,0:0:0:0:
402,192,44810,1,0,0:0:0:0:
182,192,44810,1,0,0:0:0:0:
329,192,44859,1,0,0:0:0:0:
109,192,44908,1,0,0:0:0:0:
182,192,44957,1,0,0:0:0:0:
402,192,44957,1,0,0:0:0:0:
329,192,45006,1,0,0:0:0:0:
256,192,45054,1,0,0:0:0:0:
475,192,45054,1,0,0:0:0:0:
36,192,45054,1,0,0:0:0:0:
109,192,45054,1,0,0:0:0:0:
402,192,45201,1,0,0:0:0:0:
256,192,45201,1,0,0:0:0:0:
36,192,45347,1,0,0:0:0:0:
109,192,45347,1,0,0:0:0:0:
329,192,45347,1,0,0:0:0:0:
36,192,45493,1,0,0:0:0:0:
109,192,45493,1,0,0:0:0:0:
329,192,45493,1,0,0:0:0:0:
36,192,45640,1,0,0:0:0:0:
182,192,45640,1,0,0:0:0:0:
402,192,45640,1,0,0:0:0:0:
475,192,45640,1,0,0:0:0:0:
329,192,45786,1,0,0:0:0:0:
256,192,45786,128,0,46079:0:0:0:0:
182,192,46079,1,0,0:0:0:0:
36,192,46225,1,0,0:0:0:0:
256,192,46225,1,0,0:0:0:0:
402,192,46225,1,0,0:0:0:0:
475,192,46225,1,0,0:0:0:0:
182,192,46371,1,0,0:0:0:0:
109,192,46420,1,0,0:0:0:0:
182,192,46469,1,0,0:0:0:0:
256,192,46518,1,0,0:0:0:0:
36,192,46518,1,0,0:0:0:0:
475,192,46518,1,0,0:0:0:0:
329,192,46664,1,0,0:0:0:0:
256,192,46664,1,0,0:0:0:0:
475,192,46810,1,0,0:0:0:0:
109,192,46810,1,0,0:0:0:0:
182,192,46810,1,0,0:0:0:0:
36,192,46810,1,0,0:0:0:0:
329,192,46957,1,0,0:0:0:0:
109,192,47103,1,0,0:0:0:0:
256,192,47103,1,0,0:0:0:0:
402,192,47103,1,0,0:0:0:0:
109,192,47249,1,0,0:0:0:0:
329,192,47249,1,0,0:0:0:0:
475,192,47249,1,0,0:0:0:0:
36,192,47396,1,0,0:0:0:0:
256,192,47396,1,0,0:0:0:0:
402,192,47396,1,0,0:0:0:0:
475,192,47396,1,0,0:0:0:0:
182,192,47542,1,0,0:0:0:0:
36,192,47688,1,0,0:0:0:0:
256,192,47688,1,0,0:0:0:0:
402,192,47688,1,0,0:0:0:0:
36,192,47835,1,0,0:0:0:0:
329,192,47835,1,0,0:0:0:0:
475,192,47835,1,0,0:0:0:0:
182,192,47981,1,0,0:0:0:0:
109,192,47981,1,0,0:0:0:0:
256,192,47981,1,0,0:0:0:0:
329,192,48127,128,0,48347:0:0:0:0:
475,192,48127,128,0,48347:0:0:0:0:
182,192,48274,128,0,48493:0:0:0:0:
109,192,48347,128,0,48493:0:0:0:0:
329,192,48420,1,0,0:0:0:0:
475,192,48420,1,0,0:0:0:0:
36,192,48420,128,0,48493:0:0:0:0:
36,192,48566,1,0,0:0:0:0:
109,192,48566,1,0,0:0:0:0:
256,192,48566,1,0,0:0:0:0:
402,192,48566,1,0,0:0:0:0:
475,192,48566,1,0,0:0:0:0:
36,192,48713,1,0,0:0:0:0:
256,192,48713,1,0,0:0:0:0:
475,192,48786,1,0,0:0:0:0:
329,192,48786,1,0,0:0:0:0:
182,192,48859,1,0,0:0:0:0:
36,192,48859,1,0,0:0:0:0:
329,192,48932,1,0,0:0:0:0:
475,192,48932,1,0,0:0:0:0:
36,192,49006,1,0,0:0:0:0:
182,192,49006,1,0,0:0:0:0:
256,192,49079,1,0,0:0:0:0:
475,192,49079,1,0,0:0:0:0:
109,192,49152,128,0,49225:0:0:0:0:
329,192,49152,128,0,49225:0:0:0:0:
402,192,49152,128,0,49225:0:0:0:0:
182,192,49152,128,0,49225:0:0:0:0:
109,192,49298,128,0,49371:0:0:0:0:
329,192,49298,128,0,49371:0:0:0:0:
402,192,49298,128,0,49371:0:0:0:0:
182,192,49298,128,0,49371:0:0:0:0:
36,192,49445,128,0,49518:0:0:0:0:
475,192,49445,128,0,49518:0:0:0:0:
256,192,49445,128,0,49518:0:0:0:0:
36,192,49591,128,0,49664:0:0:0:0:
475,192,49591,128,0,49664:0:0:0:0:
256,192,49591,128,0,49664:0:0:0:0:
36,192,49737,1,0,0:0:0:0:
182,192,49737,1,0,0:0:0:0:
329,192,49737,1,0,0:0:0:0:
402,192,49737,1,0,0:0:0:0:
475,192,49737,1,0,0:0:0:0:
109,192,49737,1,0,0:0:0:0:
182,192,49884,1,0,0:0:0:0:
256,192,49884,1,0,0:0:0:0:
109,192,49884,1,0,0:0:0:0:
329,192,50030,1,0,0:0:0:0:
402,192,50030,1,0,0:0:0:0:
475,192,50030,1,0,0:0:0:0:
36,192,50176,1,0,0:0:0:0:
109,192,50176,1,0,0:0:0:0:
182,192,50176,1,0,0:0:0:0:
256,192,50323,1,0,0:0:0:0:
329,192,50323,1,0,0:0:0:0:
402,192,50323,1,0,0:0:0:0:
475,192,50323,1,0,0:0:0:0:
109,192,50469,1,0,0:0:0:0:
182,192,50469,1,0,0:0:0:0:
256,192,50469,1,0,0:0:0:0:
329,192,50615,1,0,0:0:0:0:
402,192,50615,1,0,0:0:0:0:
475,192,50615,1,0,0:0:0:0:
36,192,50762,1,0,0:0:0:0:
109,192,50762,1,0,0:0:0:0:
182,192,50762,1,0,0:0:0:0:
109,192,50908,1,0,0:0:0:0:
256,192,50908,1,0,0:0:0:0:
182,192,50908,1,0,0:0:0:0:
329,192,51054,1,0,0:0:0:0:
402,192,51054,1,0,0:0:0:0:
256,192,51054,1,0,0:0:0:0:
475,192,51103,1,0,0:0:0:0:
402,192,51152,1,0,0:0:0:0:
36,192,51201,1,0,0:0:0:0:
109,192,51201,1,0,0:0:0:0:
182,192,51201,1,0,0:0:0:0:
402,192,51347,1,0,0:0:0:0:
475,192,51347,1,0,0:0:0:0:
329,192,51347,1,0,0:0:0:0:
182,192,51493,1,0,0:0:0:0:
256,192,51493,1,0,0:0:0:0:
329,192,51493,1,0,0:0:0:0:
109,192,51493,1,0,0:0:0:0:
329,192,51640,1,0,0:0:0:0:
402,192,51640,1,0,0:0:0:0:
475,192,51640,1,0,0:0:0:0:
36,192,51786,1,0,0:0:0:0:
109,192,51786,1,0,0:0:0:0:
182,192,51786,1,0,0:0:0:0:
329,192,51932,1,0,0:0:0:0:
402,192,51932,1,0,0:0:0:0:
475,192,51932,1,0,0:0:0:0:
256,192,51951,1,0,0:0:0:0:
36,192,52079,1,0,0:0:0:0:
109,192,52079,1,0,0:0:0:0:
182,192,52079,1,0,0:0:0:0:
256,192,52079,1,0,0:0:0:0:
329,192,52225,1,0,0:0:0:0:
402,192,52225,1,0,0:0:0:0:
475,192,52225,1,0,0:0:0:0:
256,192,52371,1,0,0:0:0:0:
329,192,52371,1,0,0:0:0:0:
402,192,52371,1,0,0:0:0:0:
182,192,52518,1,0,0:0:0:0:
256,192,52518,1,0,0:0:0:0:
329,192,52518,1,0,0:0:0:0:
109,192,52664,1,0,0:0:0:0:
182,192,52664,1,0,0:0:0:0:
256,192,52664,1,0,0:0:0:0:
36,192,52810,1,0,0:0:0:0:
109,192,52810,1,0,0:0:0:0:
182,192,52810,1,0,0:0:0:0:
329,192,52957,1,0,0:0:0:0:
402,192,52957,1,0,0:0:0:0:
475,192,52957,1,0,0:0:0:0:
109,192,53103,1,0,0:0:0:0:
182,192,53103,1,0,0:0:0:0:
256,192,53103,1,0,0:0:0:0:
36,192,53103,1,0,0:0:0:0:
256,192,53249,1,0,0:0:0:0:
329,192,53249,1,0,0:0:0:0:
402,192,53249,1,0,0:0:0:0:
475,192,53249,1,0,0:0:0:0:
36,192,53396,1,0,0:0:0:0:
109,192,53396,1,0,0:0:0:0:
182,192,53396,1,0,0:0:0:0:
329,192,53542,1,0,0:0:0:0:
402,192,53542,1,0,0:0:0:0:
475,192,53542,1,0,0:0:0:0:
256,192,53542,1,0,0:0:0:0:
109,192,53688,1,0,0:0:0:0:
182,192,53688,1,0,0:0:0:0:
256,192,53688,1,0,0:0:0:0:
329,192,53835,1,0,0:0:0:0:
475,192,53835,1,0,0:0:0:0:
402,192,53835,1,0,0:0:0:0:
182,192,53981,1,0,0:0:0:0:
256,192,53981,1,0,0:0:0:0:
329,192,53981,1,0,0:0:0:0:
36,192,54127,1,0,0:0:0:0:
182,192,54127,1,0,0:0:0:0:
109,192,54127,1,0,0:0:0:0:
329,192,54274,1,0,0:0:0:0:
256,192,54274,1,0,0:0:0:0:
402,192,54274,1,0,0:0:0:0:
475,192,54420,128,0,54932:0:0:0:0:
182,192,54420,128,0,55079:0:0:0:0:
329,192,54420,128,0,54932:0:0:0:0:
36,192,54420,128,0,54493:0:0:0:0:
36,192,54566,128,0,55079:0:0:0:0:
402,192,54713,128,0,55225:0:0:0:0:
109,192,54859,128,0,55225:0:0:0:0:
329,192,55006,128,0,55225:0:0:0:0:
475,192,55006,128,0,55225:0:0:0:0:
182,192,55152,128,0,55225:0:0:0:0:
36,192,55152,128,0,55225:0:0:0:0:
36,192,55298,1,0,0:0:0:0:
182,192,55298,1,0,0:0:0:0:
256,192,55298,1,0,0:0:0:0:
329,192,55298,1,0,0:0:0:0:
475,192,55298,1,0,0:0:0:0:
36,192,55591,1,0,0:0:0:0:
109,192,55591,1,0,0:0:0:0:
256,192,55591,1,0,0:0:0:0:
475,192,55591,1,0,0:0:0:0:
329,192,55737,1,0,0:0:0:0:
402,192,55786,1,0,0:0:0:0:
329,192,55835,1,0,0:0:0:0:
36,192,55884,1,0,0:0:0:0:
475,192,55884,1,0,0:0:0:0:
256,192,55884,1,0,0:0:0:0:
109,192,56030,1,0,0:0:0:0:
256,192,56030,1,0,0:0:0:0:
36,192,56176,1,0,0:0:0:0:
182,192,56176,1,0,0:0:0:0:
475,192,56176,1,0,0:0:0:0:
109,192,56323,1,0,0:0:0:0:
256,192,56323,1,0,0:0:0:0:
475,192,56323,1,0,0:0:0:0:
182,192,56469,1,0,0:0:0:0:
329,192,56469,1,0,0:0:0:0:
36,192,56469,1,0,0:0:0:0:
36,192,56615,1,0,0:0:0:0:
402,192,56615,1,0,0:0:0:0:
256,192,56615,1,0,0:0:0:0:
402,192,56762,1,0,0:0:0:0:
475,192,56762,1,0,0:0:0:0:
36,192,56762,1,0,0:0:0:0:
109,192,56762,1,0,0:0:0:0:
329,192,56835,1,0,0:0:0:0:
182,192,56908,1,0,0:0:0:0:
256,192,56908,1,0,0:0:0:0:
329,192,56981,1,0,0:0:0:0:
402,192,57054,1,0,0:0:0:0:
475,192,57054,1,0,0:0:0:0:
36,192,57054,1,0,0:0:0:0:
109,192,57054,1,0,0:0:0:0:
182,192,57127,1,0,0:0:0:0:
256,192,57201,1,0,0:0:0:0:
329,192,57201,1,0,0:0:0:0:
182,192,57274,1,0,0:0:0:0:
329,192,57347,1,0,0:0:0:0:
36,192,57347,1,0,0:0:0:0:
475,192,57347,1,0,0:0:0:0:
109,192,57347,1,0,0:0:0:0:
256,192,57420,1,0,0:0:0:0:
402,192,57493,1,0,0:0:0:0:
182,192,57493,1,0,0:0:0:0:
329,192,57566,1,0,0:0:0:0:
182,192,57640,1,0,0:0:0:0:
475,192,57640,1,0,0:0:0:0:
36,192,57640,1,0,0:0:0:0:
256,192,57713,1,0,0:0:0:0:
329,192,57786,1,0,0:0:0:0:
109,192,57786,1,0,0:0:0:0:
182,192,57859,1,0,0:0:0:0:
36,192,57932,1,0,0:0:0:0:
329,192,57932,1,0,0:0:0:0:
475,192,57932,1,0,0:0:0:0:
256,192,57981,1,0,0:0:0:0:
182,192,58030,1,0,0:0:0:0:
109,192,58079,1,0,0:0:0:0:
402,192,58127,1,0,0:0:0:0:
36,192,58127,1,0,0:0:0:0:
329,192,58176,1,0,0:0:0:0:
256,192,58225,1,0,0:0:0:0:
182,192,58274,1,0,0:0:0:0:
109,192,58323,1,0,0:0:0:0:
475,192,58323,1,0,0:0:0:0:
402,192,58371,1,0,0:0:0:0:
329,192,58420,1,0,0:0:0:0:
256,192,58469,1,0,0:0:0:0:
182,192,58518,1,0,0:0:0:0:
36,192,58518,1,0,0:0:0:0:
256,192,58566,1,0,0:0:0:0:
329,192,58615,1,0,0:0:0:0:
402,192,58664,1,0,0:0:0:0:
475,192,58713,1,0,0:0:0:0:
109,192,58713,1,0,0:0:0:0:
182,192,58762,1,0,0:0:0:0:
256,192,58810,1,0,0:0:0:0:
329,192,58859,1,0,0:0:0:0:
402,192,58908,1,0,0:0:0:0:
36,192,58908,1,0,0:0:0:0:
109,192,58957,1,0,0:0:0:0:
182,192,59006,1,0,0:0:0:0:
256,192,59054,1,0,0:0:0:0:
329,192,59103,1,0,0:0:0:0:
475,192,59103,1,0,0:0:0:0:
36,192,59103,1,0,0:0:0:0:
256,192,59298,1,0,0:0:0:0:
402,192,59298,1,0,0:0:0:0:
182,192,59493,1,0,0:0:0:0:
329,192,59493,1,0,0:0:0:0:
36,192,59688,1,0,0:0:0:0:
182,192,59688,1,0,0:0:0:0:
402,192,59688,1,0,0:0:0:0:
109,192,59884,1,0,0:0:0:0:
256,192,59884,1,0,0:0:0:0:
182,192,60079,1,0,0:0:0:0:
329,192,60079,1,0,0:0:0:0:
329,192,60274,1,0,0:0:0:0:
402,192,60274,1,0,0:0:0:0:
109,192,60274,1,0,0:0:0:0:
256,192,60469,1,0,0:0:0:0:
475,192,60469,1,0,0:0:0:0:
182,192,60664,1,0,0:0:0:0:
36,192,60664,1,0,0:0:0:0:
329,192,60762,1,0,0:0:0:0:
256,192,60810,1,0,0:0:0:0:
475,192,60859,1,0,0:0:0:0:
402,192,60859,1,0,0:0:0:0:
182,192,60859,1,0,0:0:0:0:
109,192,61298,1,0,0:0:0:0:
329,192,61298,1,0,0:0:0:0:
182,192,61371,1,0,0:0:0:0:
402,192,61371,1,0,0:0:0:0:
256,192,61445,1,0,0:0:0:0:
475,192,61445,1,0,0:0:0:0:
36,192,61445,128,0,61640:0:0:0:0:
109,192,61445,128,0,61640:0:0:0:0:
182,192,61640,1,0,0:0:0:0:
402,192,61640,1,0,0:0:0:0:
109,192,61835,1,0,0:0:0:0:
329,192,61835,1,0,0:0:0:0:
36,192,62030,1,0,0:0:0:0:
475,192,62030,128,0,62225:0:0:0:0:
182,192,62030,128,0,62225:0:0:0:0:
256,192,62030,1,0,0:0:0:0:
109,192,62225,1,0,0:0:0:0:
329,192,62225,1,0,0:0:0:0:
182,192,62420,1,0,0:0:0:0:
402,192,62420,1,0,0:0:0:0:
475,192,62615,1,0,0:0:0:0:
329,192,62615,128,0,62810:0:0:0:0:
36,192,62615,128,0,62810:0:0:0:0:
256,192,62615,1,0,0:0:0:0:
109,192,62615,128,0,62810:0:0:0:0:
402,192,62810,1,0,0:0:0:0:
182,192,62810,1,0,0:0:0:0:
475,192,63006,1,0,0:0:0:0:
256,192,63006,1,0,0:0:0:0:
402,192,63201,1,0,0:0:0:0:
182,192,63201,1,0,0:0:0:0:
329,192,63274,1,0,0:0:0:0:
109,192,63274,1,0,0:0:0:0:
256,192,63347,1,0,0:0:0:0:
36,192,63347,1,0,0:0:0:0:
256,192,63493,1,0,0:0:0:0:
475,192,63493,1,0,0:0:0:0:
36,192,63640,128,0,64006:0:0:0:0:
329,192,63640,1,0,0:0:0:0:
402,192,63640,1,0,0:0:0:0:
109,192,63640,128,0,64006:0:0:0:0:
182,192,63640,128,0,64006:0:0:0:0:
256,192,63932,1,0,0:0:0:0:
475,192,63932,1,0,0:0:0:0:
182,192,64079,1,0,0:0:0:0:
402,192,64079,1,0,0:0:0:0:
109,192,64225,1,0,0:0:0:0:
329,192,64225,1,0,0:0:0:0:
475,192,64371,1,0,0:0:0:0:
256,192,64371,1,0,0:0:0:0:
36,192,64371,1,0,0:0:0:0:
402,192,64445,1,0,0:0:0:0:
109,192,64445,1,0,0:0:0:0:
329,192,64518,1,0,0:0:0:0:
182,192,64518,1,0,0:0:0:0:
402,192,64591,1,0,0:0:0:0:
109,192,64591,1,0,0:0:0:0:
475,192,64664,1,0,0:0:0:0:
36,192,64664,1,0,0:0:0:0:
182,192,64713,1,0,0:0:0:0:
256,192,64762,1,0,0:0:0:0:
329,192,64810,1,0,0:0:0:0:
475,192,64859,1,0,0:0:0:0:
182,192,64859,1,0,0:0:0:0:
402,192,64908,1,0,0:0:0:0:
109,192,64908,1,0,0:0:0:0:
329,192,64957,128,0,65103:0:0:0:0:
36,192,64957,128,0,65103:0:0:0:0:
475,192,65103,128,0,65176:0:0:0:0:
182,192,65103,128,0,65176:0:0:0:0:
36,192,65176,1,0,0:0:0:0:
329,192,65176,1,0,0:0:0:0:
475,192,65249,128,0,65469:0:0:0:0:
182,192,65249,128,0,65469:0:0:0:0:
402,192,65323,128,0,65542:0:0:0:0:
109,192,65323,128,0,65542:0:0:0:0:
36,192,65396,128,0,65615:0:0:0:0:
329,192,65396,128,0,65615:0:0:0:0:
182,192,65542,1,0,0:0:0:0:
475,192,65542,1,0,0:0:0:0:
109,192,65615,1,0,0:0:0:0:
402,192,65615,1,0,0:0:0:0:
329,192,65688,1,0,0:0:0:0:
36,192,65688,1,0,0:0:0:0:
182,192,65737,1,0,0:0:0:0:
256,192,65786,1,0,0:0:0:0:
36,192,65835,1,0,0:0:0:0:
329,192,65835,1,0,0:0:0:0:
475,192,65835,1,0,0:0:0:0:
109,192,65884,1,0,0:0:0:0:
182,192,65932,1,0,0:0:0:0:
256,192,65981,1,0,0:0:0:0:
329,192,66030,1,0,0:0:0:0:
402,192,66079,1,0,0:0:0:0:
475,192,66127,1,0,0:0:0:0:
36,192,66127,1,0,0:0:0:0:
109,192,66127,1,0,0:0:0:0:
182,192,66127,1,0,0:0:0:0:
182,192,66274,1,0,0:0:0:0:
329,192,66274,1,0,0:0:0:0:
36,192,66420,1,0,0:0:0:0:
475,192,66420,1,0,0:0:0:0:
402,192,66420,1,0,0:0:0:0:
256,192,66420,1,0,0:0:0:0:
109,192,66420,1,0,0:0:0:0:
182,192,66566,1,0,0:0:0:0:
329,192,66566,128,0,66786:0:0:0:0:
402,192,66566,128,0,66786:0:0:0:0:
475,192,66713,1,0,0:0:0:0:
36,192,66713,1,0,0:0:0:0:
256,192,66713,1,0,0:0:0:0:
182,192,66859,1,0,0:0:0:0:
402,192,66859,1,0,0:0:0:0:
329,192,66859,1,0,0:0:0:0:
109,192,67006,128,0,67225:0:0:0:0:
182,192,67006,128,0,67225:0:0:0:0:
36,192,67006,1,0,0:0:0:0:
475,192,67006,1,0,0:0:0:0:
256,192,67006,1,0,0:0:0:0:
402,192,67024,1,0,0:0:0:0:
329,192,67152,1,0,0:0:0:0:
475,192,67298,1,0,0:0:0:0:
36,192,67298,1,0,0:0:0:0:
256,192,67298,1,0,0:0:0:0:
109,192,67298,1,0,0:0:0:0:
182,192,67396,1,0,0:0:0:0:
256,192,67445,1,0,0:0:0:0:
475,192,67445,1,0,0:0:0:0:
329,192,67493,1,0,0:0:0:0:
256,192,67591,1,0,0:0:0:0:
475,192,67591,1,0,0:0:0:0:
36,192,67591,1,0,0:0:0:0:
402,192,67591,1,0,0:0:0:0:
329,192,67688,1,0,0:0:0:0:
402,192,67737,1,0,0:0:0:0:
182,192,67737,1,0,0:0:0:0:
475,192,67786,1,0,0:0:0:0:
402,192,67884,1,0,0:0:0:0:
109,192,67884,1,0,0:0:0:0:
36,192,67884,1,0,0:0:0:0:
256,192,67884,1,0,0:0:0:0:
329,192,68030,1,0,0:0:0:0:
475,192,68030,1,0,0:0:0:0:
182,192,68030,1,0,0:0:0:0:
36,192,68176,1,0,0:0:0:0:
402,192,68176,1,0,0:0:0:0:
109,192,68176,1,0,0:0:0:0:
256,192,68176,1,0,0:0:0:0:
475,192,68323,1,0,0:0:0:0:
329,192,68323,1,0,0:0:0:0:
36,192,68323,1,0,0:0:0:0:
256,192,68469,1,0,0:0:0:0:
36,192,68469,1,0,0:0:0:0:
109,192,68469,1,0,0:0:0:0:
182,192,68469,1,0,0:0:0:0:
182,192,68615,1,0,0:0:0:0:
329,192,68615,1,0,0:0:0:0:
402,192,68762,1,0,0:0:0:0:
475,192,68762,1,0,0:0:0:0:
36,192,68762,1,0,0:0:0:0:
256,192,68762,1,0,0:0:0:0:
109,192,68762,1,0,0:0:0:0:
182,192,68908,1,0,0:0:0:0:
402,192,68908,128,0,69127:0:0:0:0:
329,192,68908,128,0,69127:0:0:0:0:
36,192,69054,1,0,0:0:0:0:
475,192,69054,1,0,0:0:0:0:
256,192,69054,1,0,0:0:0:0:
182,192,69201,1,0,0:0:0:0:
329,192,69201,1,0,0:0:0:0:
402,192,69201,1,0,0:0:0:0:
475,192,69347,1,0,0:0:0:0:
402,192,69347,1,0,0:0:0:0:
109,192,69347,128,0,69566:0:0:0:0:
36,192,69347,128,0,69566:0:0:0:0:
256,192,69365,1,0,0:0:0:0:
329,192,69493,1,0,0:0:0:0:
182,192,69493,1,0,0:0:0:0:
256,192,69640,1,0,0:0:0:0:
36,192,69640,1,0,0:0:0:0:
475,192,69640,1,0,0:0:0:0:
109,192,69640,1,0,0:0:0:0:
402,192,69737,1,0,0:0:0:0:
329,192,69786,1,0,0:0:0:0:
109,192,69786,1,0,0:0:0:0:
256,192,69835,1,0,0:0:0:0:
36,192,69932,1,0,0:0:0:0:
182,192,69932,1,0,0:0:0:0:
475,192,69932,1,0,0:0:0:0:
329,192,69932,1,0,0:0:0:0:
256,192,70030,1,0,0:0:0:0:
182,192,70079,1,0,0:0:0:0:
402,192,70079,1,0,0:0:0:0:
109,192,70127,1,0,0:0:0:0:
475,192,70225,1,0,0:0:0:0:
256,192,70225,1,0,0:0:0:0:
402,192,70225,1,0,0:0:0:0:
36,192,70225,1,0,0:0:0:0:
402,192,70371,1,0,0:0:0:0:
329,192,70371,1,0,0:0:0:0:
109,192,70371,1,0,0:0:0:0:
36,192,70518,1,0,0:0:0:0:
256,192,70518,1,0,0:0:0:0:
109,192,70518,1,0,0:0:0:0:
475,192,70518,1,0,0:0:0:0:
475,192,70664,1,0,0:0:0:0:
182,192,70664,1,0,0:0:0:0:
109,192,70664,1,0,0:0:0:0:
329,192,70664,1,0,0:0:0:0:
36,192,70810,1,0,0:0:0:0:
109,192,70810,1,0,0:0:0:0:
182,192,70810,1,0,0:0:0:0:
256,192,70810,1,0,0:0:0:0:
402,192,70810,1,0,0:0:0:0:
402,192,70957,1,0,0:0:0:0:
256,192,70957,1,0,0:0:0:0:
329,192,70957,1,0,0:0:0:0:
475,192,71006,1,0,0:0:0:0:
256,192,71103,1,0,0:0:0:0:
329,192,71103,1,0,0:0:0:0:
36,192,71103,1,0,0:0:0:0:
182,192,71103,1,0,0:0:0:0:
402,192,71121,1,0,0:0:0:0:
182,192,71249,1,0,0:0:0:0:
109,192,71249,1,0,0:0:0:0:
256,192,71249,1,0,0:0:0:0:
329,192,71266,1,0,0:0:0:0:
36,192,71396,1,0,0:0:0:0:
256,192,71396,1,0,0:0:0:0:
182,192,71420,1,0,0:0:0:0:
109,192,71445,1,0,0:0:0:0:
256,192,71542,1,0,0:0:0:0:
402,192,71542,1,0,0:0:0:0:
475,192,71542,1,0,0:0:0:0:
329,192,71560,1,0,0:0:0:0:
182,192,71688,1,0,0:0:0:0:
36,192,71688,1,0,0:0:0:0:
402,192,71688,1,0,0:0:0:0:
109,192,71688,1,0,0:0:0:0:
329,192,71835,1,0,0:0:0:0:
475,192,71835,1,0,0:0:0:0:
256,192,71835,1,0,0:0:0:0:
36,192,71981,1,0,0:0:0:0:
109,192,71981,1,0,0:0:0:0:
256,192,71981,1,0,0:0:0:0:
329,192,72127,1,0,0:0:0:0:
475,192,72127,1,0,0:0:0:0:
182,192,72144,1,0,0:0:0:0:
109,192,72274,1,0,0:0:0:0:
256,192,72274,1,0,0:0:0:0:
402,192,72274,1,0,0:0:0:0:
475,192,72274,1,0,0:0:0:0:
36,192,72420,1,0,0:0:0:0:
329,192,72420,1,0,0:0:0:0:
182,192,72420,128,0,72640:0:0:0:0:
256,192,72566,1,0,0:0:0:0:
475,192,72566,1,0,0:0:0:0:
109,192,72713,1,0,0:0:0:0:
329,192,72713,128,0,72932:0:0:0:0:
182,192,72713,1,0,0:0:0:0:
256,192,72859,1,0,0:0:0:0:
36,192,72859,1,0,0:0:0:0:
475,192,72859,1,0,0:0:0:0:
402,192,72859,1,0,0:0:0:0:
329,192,73006,1,0,0:0:0:0:
182,192,73006,1,0,0:0:0:0:
36,192,73152,1,0,0:0:0:0:
475,192,73152,1,0,0:0:0:0:
256,192,73152,1,0,0:0:0:0:
109,192,73152,1,0,0:0:0:0:
329,192,73298,1,0,0:0:0:0:
402,192,73307,1,0,0:0:0:0:
182,192,73314,1,0,0:0:0:0:
475,192,73335,1,0,0:0:0:0:
256,192,73347,1,0,0:0:0:0:
182,192,73445,1,0,0:0:0:0:
402,192,73445,1,0,0:0:0:0:
329,192,73445,1,0,0:0:0:0:
256,192,73454,1,0,0:0:0:0:
109,192,73457,1,0,0:0:0:0:
109,192,73591,1,0,0:0:0:0:
329,192,73591,1,0,0:0:0:0:
256,192,73600,1,0,0:0:0:0:
36,192,73607,1,0,0:0:0:0:
182,192,73609,1,0,0:0:0:0:
36,192,73737,1,0,0:0:0:0:
402,192,73737,1,0,0:0:0:0:
182,192,73737,1,0,0:0:0:0:
329,192,73756,1,0,0:0:0:0:
256,192,73774,1,0,0:0:0:0:
475,192,73792,1,0,0:0:0:0:
109,192,73810,1,0,0:0:0:0:
329,192,73884,1,0,0:0:0:0:
402,192,73884,1,0,0:0:0:0:
256,192,73893,1,0,0:0:0:0:
475,192,73900,1,0,0:0:0:0:
182,192,73902,1,0,0:0:0:0:
182,192,74030,1,0,0:0:0:0:
36,192,74030,1,0,0:0:0:0:
109,192,74039,1,0,0:0:0:0:
256,192,74042,1,0,0:0:0:0:
329,192,74048,1,0,0:0:0:0:
402,192,74176,1,0,0:0:0:0:
182,192,74176,1,0,0:0:0:0:
475,192,74185,1,0,0:0:0:0:
329,192,74193,1,0,0:0:0:0:
109,192,74201,1,0,0:0:0:0:
256,192,74225,1,0,0:0:0:0:
36,192,74323,1,0,0:0:0:0:
475,192,74323,1,0,0:0:0:0:
402,192,74341,1,0,0:0:0:0:
109,192,74341,1,0,0:0:0:0:
256,192,74355,1,0,0:0:0:0:
182,192,74377,1,0,0:0:0:0:
109,192,74469,1,0,0:0:0:0:
329,192,74469,1,0,0:0:0:0:
182,192,74542,1,0,0:0:0:0:
402,192,74542,1,0,0:0:0:0:
329,192,74615,1,0,0:0:0:0:
475,192,74615,1,0,0:0:0:0:
36,192,74615,1,0,0:0:0:0:
256,192,74615,1,0,0:0:0:0:
182,192,74762,1,0,0:0:0:0:
402,192,74762,1,0,0:0:0:0:
329,192,74835,1,0,0:0:0:0:
109,192,74835,1,0,0:0:0:0:
475,192,74908,1,0,0:0:0:0:
182,192,74908,1,0,0:0:0:0:
36,192,74908,1,0,0:0:0:0:
256,192,74908,1,0,0:0:0:0:
182,192,75054,1,0,0:0:0:0:
329,192,75054,1,0,0:0:0:0:
109,192,75054,128,0,75274:0:0:0:0:
402,192,75054,128,0,75274:0:0:0:0:
36,192,75201,1,0,0:0:0:0:
256,192,75201,1,0,0:0:0:0:
475,192,75201,1,0,0:0:0:0:
109,192,75347,1,0,0:0:0:0:
182,192,75347,1,0,0:0:0:0:
329,192,75347,1,0,0:0:0:0:
402,192,75347,1,0,0:0:0:0:
36,192,75493,1,0,0:0:0:0:
256,192,75493,1,0,0:0:0:0:
109,192,75493,1,0,0:0:0:0:
402,192,75493,128,0,75713:0:0:0:0:
475,192,75493,128,0,75713:0:0:0:0:
182,192,75640,1,0,0:0:0:0:
402,192,75786,1,0,0:0:0:0:
475,192,75786,1,0,0:0:0:0:
36,192,75786,1,0,0:0:0:0:
256,192,75786,1,0,0:0:0:0:
109,192,75786,1,0,0:0:0:0:
182,192,75932,1,0,0:0:0:0:
256,192,75932,128,0,76152:0:0:0:0:
329,192,75932,128,0,76152:0:0:0:0:
36,192,76079,1,0,0:0:0:0:
402,192,76079,1,0,0:0:0:0:
475,192,76079,1,0,0:0:0:0:
329,192,76225,1,0,0:0:0:0:
256,192,76225,1,0,0:0:0:0:
182,192,76274,1,0,0:0:0:0:
109,192,76323,1,0,0:0:0:0:
256,192,76371,1,0,0:0:0:0:
36,192,76371,1,0,0:0:0:0:
402,192,76371,128,0,76591:0:0:0:0:
475,192,76371,128,0,76591:0:0:0:0:
182,192,76518,1,0,0:0:0:0:
329,192,76518,1,0,0:0:0:0:
402,192,76664,1,0,0:0:0:0:
36,192,76664,1,0,0:0:0:0:
475,192,76664,1,0,0:0:0:0:
256,192,76664,1,0,0:0:0:0:
182,192,76810,128,0,77030:0:0:0:0:
329,192,76810,128,0,77030:0:0:0:0:
475,192,76957,1,0,0:0:0:0:
36,192,76957,1,0,0:0:0:0:
109,192,76957,1,0,0:0:0:0:
256,192,76957,1,0,0:0:0:0:
402,192,76957,1,0,0:0:0:0:
329,192,77103,1,0,0:0:0:0:
182,192,77103,1,0,0:0:0:0:
256,192,77249,1,0,0:0:0:0:
36,192,77249,1,0,0:0:0:0:
475,192,77249,1,0,0:0:0:0:
182,192,77323,1,0,0:0:0:0:
402,192,77323,1,0,0:0:0:0:
329,192,77396,1,0,0:0:0:0:
109,192,77396,1,0,0:0:0:0:
402,192,77542,1,0,0:0:0:0:
475,192,77542,1,0,0:0:0:0:
182,192,77542,1,0,0:0:0:0:
329,192,77615,1,0,0:0:0:0:
109,192,77615,1,0,0:0:0:0:
36,192,77688,1,0,0:0:0:0:
256,192,77688,1,0,0:0:0:0:
182,192,77835,1,0,0:0:0:0:
402,192,77835,1,0,0:0:0:0:
475,192,77835,1,0,0:0:0:0:
329,192,77853,1,0,0:0:0:0:
36,192,77981,1,0,0:0:0:0:
182,192,77981,1,0,0:0:0:0:
109,192,78127,1,0,0:0:0:0:
256,192,78127,1,0,0:0:0:0:
329,192,78127,1,0,0:0:0:0:
475,192,78127,1,0,0:0:0:0:
182,192,78274,1,0,0:0:0:0:
329,192,78274,1,0,0:0:0:0:
475,192,78420,1,0,0:0:0:0:
256,192,78420,1,0,0:0:0:0:
36,192,78420,1,0,0:0:0:0:
402,192,78493,1,0,0:0:0:0:
109,192,78493,1,0,0:0:0:0:
329,192,78566,1,0,0:0:0:0:
182,192,78566,1,0,0:0:0:0:
256,192,78640,1,0,0:0:0:0:
36,192,78713,1,0,0:0:0:0:
475,192,78713,1,0,0:0:0:0:
109,192,78786,1,0,0:0:0:0:
402,192,78786,1,0,0:0:0:0:
182,192,78859,1,0,0:0:0:0:
329,192,78859,1,0,0:0:0:0:
109,192,78932,1,0,0:0:0:0:
402,192,78932,1,0,0:0:0:0:
475,192,79006,1,0,0:0:0:0:
36,192,79006,1,0,0:0:0:0:
256,192,79006,1,0,0:0:0:0:
182,192,79079,1,0,0:0:0:0:
402,192,79079,1,0,0:0:0:0:
109,192,79152,1,0,0:0:0:0:
329,192,79152,1,0,0:0:0:0:
36,192,79225,1,0,0:0:0:0:
256,192,79225,1,0,0:0:0:0:
182,192,79298,1,0,0:0:0:0:
402,192,79298,1,0,0:0:0:0:
475,192,79298,1,0,0:0:0:0:
329,192,79445,128,0,79737:0:0:0:0:
256,192,79445,128,0,79737:0:0:0:0:
182,192,79445,128,0,79737:0:0:0:0:
36,192,79445,128,0,80103:0:0:0:0:
109,192,79445,1,0,0:0:0:0:
402,192,79737,1,0,0:0:0:0:
475,192,79737,1,0,0:0:0:0:
109,192,79884,128,0,80103:0:0:0:0:
329,192,79884,1,0,0:0:0:0:
182,192,79884,128,0,80103:0:0:0:0:
256,192,79884,128,0,80103:0:0:0:0:
402,192,80030,1,0,0:0:0:0:
475,192,80030,1,0,0:0:0:0:
36,192,80176,1,0,0:0:0:0:
109,192,80176,1,0,0:0:0:0:
182,192,80176,1,0,0:0:0:0:
256,192,80176,1,0,0:0:0:0:
329,192,80176,1,0,0:0:0:0:
182,192,80323,1,0,0:0:0:0:
329,192,80420,1,0,0:0:0:0:
36,192,80469,1,0,0:0:0:0:
402,192,80469,1,0,0:0:0:0:
475,192,80469,1,0,0:0:0:0:
109,192,80469,1,0,0:0:0:0:
256,192,80469,1,0,0:0:0:0:
182,192,80615,1,0,0:0:0:0:
329,192,80615,128,0,80835:0:0:0:0:
402,192,80615,128,0,80835:0:0:0:0:
36,192,80762,1,0,0:0:0:0:
256,192,80762,1,0,0:0:0:0:
109,192,80908,128,0,81127:0:0:0:0:
182,192,80908,128,0,81127:0:0:0:0:
329,192,80908,1,0,0:0:0:0:
402,192,80908,1,0,0:0:0:0:
36,192,81054,1,0,0:0:0:0:
256,192,81054,1,0,0:0:0:0:
402,192,81054,1,0,0:0:0:0:
475,192,81054,1,0,0:0:0:0:
182,192,81201,1,0,0:0:0:0:
109,192,81201,1,0,0:0:0:0:
329,192,81201,1,0,0:0:0:0:
36,192,81347,1,0,0:0:0:0:
256,192,81347,1,0,0:0:0:0:
402,192,81347,1,0,0:0:0:0:
475,192,81347,1,0,0:0:0:0:
109,192,81347,1,0,0:0:0:0:
329,192,81493,1,0,0:0:0:0:
182,192,81591,1,0,0:0:0:0:
475,192,81640,1,0,0:0:0:0:
402,192,81640,1,0,0:0:0:0:
36,192,81640,1,0,0:0:0:0:
329,192,81640,1,0,0:0:0:0:
256,192,81640,1,0,0:0:0:0:
329,192,81786,1,0,0:0:0:0:
109,192,81786,128,0,82006:0:0:0:0:
36,192,81786,128,0,82006:0:0:0:0:
475,192,81932,1,0,0:0:0:0:
256,192,81932,1,0,0:0:0:0:
475,192,82079,128,0,82298:0:0:0:0:
402,192,82079,128,0,82298:0:0:0:0:
109,192,82079,1,0,0:0:0:0:
36,192,82079,1,0,0:0:0:0:
256,192,82225,1,0,0:0:0:0:
182,192,82225,1,0,0:0:0:0:
36,192,82225,1,0,0:0:0:0:
329,192,82225,1,0,0:0:0:0:
402,192,82371,1,0,0:0:0:0:
475,192,82371,1,0,0:0:0:0:
109,192,82371,1,0,0:0:0:0:
256,192,82518,128,0,83006:0:0:0:0:
36,192,82518,1,0,0:0:0:0:
475,192,82518,1,0,0:0:0:0:
109,192,82615,1,0,0:0:0:0:
329,192,82615,1,0,0:0:0:0:
182,192,82713,1,0,0:0:0:0:
402,192,82713,1,0,0:0:0:0:
475,192,82810,1,0,0:0:0:0:
36,192,82810,1,0,0:0:0:0:
109,192,82908,1,0,0:0:0:0:
329,192,82908,1,0,0:0:0:0:
182,192,83006,1,0,0:0:0:0:
402,192,83006,1,0,0:0:0:0:
256,192,83103,1,0,0:0:0:0:
36,192,83103,1,0,0:0:0:0:
475,192,83103,1,0,0:0:0:0:
109,192,83176,1,0,0:0:0:0:
329,192,83176,1,0,0:0:0:0:
182,192,83249,1,0,0:0:0:0:
402,192,83249,1,0,0:0:0:0:
256,192,83323,1,0,0:0:0:0:
475,192,83323,1,0,0:0:0:0:
36,192,83396,1,0,0:0:0:0:
182,192,83396,1,0,0:0:0:0:
109,192,83469,1,0,0:0:0:0:
256,192,83469,1,0,0:0:0:0:
182,192,83542,1,0,0:0:0:0:
329,192,83542,1,0,0:0:0:0:
256,192,83615,1,0,0:0:0:0:
402,192,83615,1,0,0:0:0:0:
329,192,83688,1,0,0:0:0:0:
36,192,83688,128,0,83884:0:0:0:0:
475,192,83688,1,0,0:0:0:0:
109,192,83737,128,0,83932:0:0:0:0:
182,192,83786,128,0,83981:0:0:0:0:
256,192,83835,128,0,84030:0:0:0:0:
329,192,83884,128,0,84079:0:0:0:0:
402,192,83932,128,0,84127:0:0:0:0:
36,192,83981,1,0,0:0:0:0:
475,192,83981,128,0,84176:0:0:0:0:
109,192,84030,1,0,0:0:0:0:
182,192,84079,1,0,0:0:0:0:
256,192,84127,1,0,0:0:0:0:
329,192,84176,1,0,0:0:0:0:
402,192,84225,1,0,0:0:0:0:
182,192,84274,1,0,0:0:0:0:
475,192,84274,1,0,0:0:0:0:
36,192,84274,1,0,0:0:0:0:
109,192,84274,1,0,0:0:0:0:
475,192,84420,1,0,0:0:0:0:
402,192,84420,1,0,0:0:0:0:
109,192,84420,1,0,0:0:0:0:
182,192,84420,1,0,0:0:0:0:
256,192,84420,1,0,0:0:0:0:
402,192,84859,128,0,85079:0:0:0:0:
475,192,84859,128,0,85079:0:0:0:0:
256,192,84859,128,0,85079:0:0:0:0:
329,192,84859,128,0,85079:0:0:0:0:
36,192,84859,1,0,0:0:0:0:
109,192,84859,1,0,0:0:0:0:
182,192,85006,1,0,0:0:0:0:
256,192,85152,1,0,0:0:0:0:
329,192,85152,1,0,0:0:0:0:
475,192,85152,1,0,0:0:0:0:
402,192,85152,1,0,0:0:0:0:
36,192,85298,128,0,85518:0:0:0:0:
109,192,85298,128,0,85518:0:0:0:0:
182,192,85445,128,0,85518:0:0:0:0:
256,192,85445,128,0,85518:0:0:0:0:
475,192,85591,1,0,0:0:0:0:
329,192,85591,1,0,0:0:0:0:
402,192,85591,1,0,0:0:0:0:
256,192,85664,1,0,0:0:0:0:
109,192,85664,1,0,0:0:0:0:
182,192,85664,1,0,0:0:0:0:
36,192,85664,1,0,0:0:0:0:
475,192,85737,128,0,85957:0:0:0:0:
402,192,85737,128,0,85957:0:0:0:0:
329,192,85737,128,0,85957:0:0:0:0:
182,192,85884,1,0,0:0:0:0:
36,192,85884,1,0,0:0:0:0:
329,192,86030,1,0,0:0:0:0:
475,192,86030,1,0,0:0:0:0:
402,192,86030,1,0,0:0:0:0:
182,192,86176,128,0,86396:0:0:0:0:
109,192,86176,128,0,86396:0:0:0:0:
256,192,86176,128,0,86396:0:0:0:0:
402,192,86323,1,0,0:0:0:0:
36,192,86469,1,0,0:0:0:0:
182,192,86469,1,0,0:0:0:0:
256,192,86469,1,0,0:0:0:0:
329,192,86469,1,0,0:0:0:0:
475,192,86469,1,0,0:0:0:0:
475,192,86615,1,0,0:0:0:0:
36,192,86615,1,0,0:0:0:0:
109,192,86615,1,0,0:0:0:0:
402,192,86615,1,0,0:0:0:0:
256,192,86688,1,0,0:0:0:0:
329,192,86688,1,0,0:0:0:0:
182,192,86688,1,0,0:0:0:0:
36,192,86762,1,0,0:0:0:0:
109,192,86762,1,0,0:0:0:0:
402,192,86762,1,0,0:0:0:0:
475,192,86762,1,0,0:0:0:0:
329,192,86835,1,0,0:0:0:0:
256,192,86908,1,0,0:0:0:0:
36,192,86908,1,0,0:0:0:0:
329,192,86957,1,0,0:0:0:0:
109,192,86957,1,0,0:0:0:0:
402,192,87006,1,0,0:0:0:0:
182,192,87006,1,0,0:0:0:0:
475,192,87054,1,0,0:0:0:0:
256,192,87054,1,0,0:0:0:0:
182,192,87127,1,0,0:0:0:0:
36,192,87201,1,0,0:0:0:0:
109,192,87201,1,0,0:0:0:0:
256,192,87201,1,0,0:0:0:0:
329,192,87237,128,0,87457:0:0:0:0:
475,192,87237,128,0,87457:0:0:0:0:
182,192,87347,1,0,0:0:0:0:
36,192,87493,1,0,0:0:0:0:
109,192,87493,1,0,0:0:0:0:
256,192,87493,1,0,0:0:0:0:
402,192,87493,1,0,0:0:0:0:
182,192,87640,1,0,0:0:0:0:
329,192,87640,1,0,0:0:0:0:
109,192,87713,1,0,0:0:0:0:
256,192,87786,1,0,0:0:0:0:
36,192,87786,1,0,0:0:0:0:
402,192,87786,128,0,87859:0:0:0:0:
475,192,87786,128,0,87859:0:0:0:0:
329,192,87859,1,0,0:0:0:0:
182,192,87932,1,0,0:0:0:0:
402,192,87932,1,0,0:0:0:0:
475,192,87932,1,0,0:0:0:0:
329,192,88006,1,0,0:0:0:0:
109,192,88006,1,0,0:0:0:0:
36,192,88079,1,0,0:0:0:0:
256,192,88079,1,0,0:0:0:0:
475,192,88079,1,0,0:0:0:0:
402,192,88152,1,0,0:0:0:0:
182,192,88225,1,0,0:0:0:0:
329,192,88225,1,0,0:0:0:0:
109,192,88298,1,0,0:0:0:0:
36,192,88371,1,0,0:0:0:0:
256,192,88371,1,0,0:0:0:0:
402,192,88371,1,0,0:0:0:0:
475,192,88445,1,0,0:0:0:0:
36,192,88518,1,0,0:0:0:0:
182,192,88518,1,0,0:0:0:0:
329,192,88518,1,0,0:0:0:0:
402,192,88591,1,0,0:0:0:0:
36,192,88664,1,0,0:0:0:0:
109,192,88664,1,0,0:0:0:0:
256,192,88664,1,0,0:0:0:0:
329,192,88737,1,0,0:0:0:0:
402,192,88810,128,0,89030:0:0:0:0:
36,192,88810,128,0,89176:0:0:0:0:
475,192,88810,128,0,89030:0:0:0:0:
182,192,88810,128,0,89030:0:0:0:0:
402,192,89103,1,0,0:0:0:0:
182,192,89103,1,0,0:0:0:0:
109,192,89103,128,0,89176:0:0:0:0:
475,192,89103,1,0,0:0:0:0:
36,192,89249,1,0,0:0:0:0:
256,192,89249,1,0,0:0:0:0:
109,192,89249,1,0,0:0:0:0:
329,192,89249,128,0,89469:0:0:0:0:
402,192,89249,128,0,89469:0:0:0:0:
182,192,89396,1,0,0:0:0:0:
36,192,89542,1,0,0:0:0:0:
256,192,89542,1,0,0:0:0:0:
475,192,89542,1,0,0:0:0:0:
109,192,89542,1,0,0:0:0:0:
36,192,89688,1,0,0:0:0:0:
109,192,89688,1,0,0:0:0:0:
329,192,89688,1,0,0:0:0:0:
36,192,89835,1,0,0:0:0:0:
109,192,89835,1,0,0:0:0:0:
256,192,89835,1,0,0:0:0:0:
475,192,89835,1,0,0:0:0:0:
402,192,89853,1,0,0:0:0:0:
36,192,89981,1,0,0:0:0:0:
182,192,89981,1,0,0:0:0:0:
329,192,89981,1,0,0:0:0:0:
36,192,90127,1,0,0:0:0:0:
109,192,90127,1,0,0:0:0:0:
256,192,90127,1,0,0:0:0:0:
475,192,90127,1,0,0:0:0:0:
36,192,90274,1,0,0:0:0:0:
182,192,90274,1,0,0:0:0:0:
329,192,90274,128,0,90493:0:0:0:0:
402,192,90274,128,0,90493:0:0:0:0:
475,192,90274,128,0,90493:0:0:0:0:
36,192,90420,1,0,0:0:0:0:
109,192,90420,1,0,0:0:0:0:
36,192,90566,1,0,0:0:0:0:
182,192,90566,1,0,0:0:0:0:
402,192,90566,1,0,0:0:0:0:
475,192,90566,1,0,0:0:0:0:
256,192,90566,1,0,0:0:0:0:
36,192,90713,1,0,0:0:0:0:
109,192,90713,1,0,0:0:0:0:
329,192,90713,1,0,0:0:0:0:
475,192,90713,1,0,0:0:0:0:
182,192,90786,1,0,0:0:0:0:
329,192,90859,1,0,0:0:0:0:
475,192,90859,1,0,0:0:0:0:
256,192,90932,1,0,0:0:0:0:
36,192,91006,1,0,0:0:0:0:
182,192,91006,1,0,0:0:0:0:
402,192,91006,1,0,0:0:0:0:
475,192,91006,1,0,0:0:0:0:
329,192,91079,1,0,0:0:0:0:
182,192,91152,1,0,0:0:0:0:
36,192,91152,1,0,0:0:0:0:
256,192,91225,1,0,0:0:0:0:
329,192,91298,1,0,0:0:0:0:
475,192,91298,1,0,0:0:0:0:
36,192,91298,1,0,0:0:0:0:
109,192,91335,1,0,0:0:0:0:
182,192,91371,1,0,0:0:0:0:
256,192,91408,1,0,0:0:0:0:
402,192,91445,1,0,0:0:0:0:
109,192,91445,1,0,0:0:0:0:
256,192,91481,1,0,0:0:0:0:
329,192,91518,1,0,0:0:0:0:
402,192,91554,1,0,0:0:0:0:
475,192,91591,1,0,0:0:0:0:
182,192,91591,1,0,0:0:0:0:
36,192,91591,1,0,0:0:0:0:
109,192,91591,1,0,0:0:0:0:
36,192,91884,128,0,93420:0:0:0:0:
182,192,92030,128,0,92542:0:0:0:0:
329,192,92176,128,0,92396:0:0:0:0:
475,192,92323,128,0,92981:0:0:0:0:
329,192,92469,128,0,92688:0:0:0:0:
182,192,92615,128,0,92835:0:0:0:0:
402,192,92762,128,0,93274:0:0:0:0:
329,192,92762,1,0,0:0:0:0:
109,192,92908,128,0,93420:0:0:0:0:
182,192,92908,1,0,0:0:0:0:
475,192,93054,128,0,93274:0:0:0:0:
329,192,93201,128,0,93713:0:0:0:0:
475,192,93347,1,0,0:0:0:0:
402,192,93347,1,0,0:0:0:0:
256,192,93347,128,0,93566:0:0:0:0:
109,192,93493,1,0,0:0:0:0:
36,192,93493,1,0,0:0:0:0:
182,192,93493,128,0,94006:0:0:0:0:
256,192,93640,1,0,0:0:0:0:
36,192,93786,128,0,94006:0:0:0:0:
475,192,93786,1,0,0:0:0:0:
329,192,93786,1,0,0:0:0:0:
402,192,93786,1,0,0:0:0:0:
256,192,93932,1,0,0:0:0:0:
182,192,94079,1,0,0:0:0:0:
36,192,94079,1,0,0:0:0:0:
109,192,94079,1,0,0:0:0:0:
329,192,94225,1,0,0:0:0:0:
475,192,94225,1,0,0:0:0:0:
36,192,94371,1,0,0:0:0:0:
256,192,94371,1,0,0:0:0:0:
109,192,94518,1,0,0:0:0:0:
329,192,94518,1,0,0:0:0:0:
182,192,94664,1,0,0:0:0:0:
402,192,94664,1,0,0:0:0:0:
36,192,94810,128,0,95908:0:0:0:0:
475,192,94810,128,0,95908:0:0:0:0:
256,192,94810,1,0,0:0:0:0:
329,192,94957,1,0,0:0:0:0:
182,192,95103,1,0,0:0:0:0:
329,192,95249,1,0,0:0:0:0:
109,192,95396,128,0,95615:0:0:0:0:
256,192,95396,1,0,0:0:0:0:
182,192,95542,128,0,95615:0:0:0:0:
329,192,95542,1,0,0:0:0:0:
402,192,95688,128,0,95908:0:0:0:0:
256,192,95688,1,0,0:0:0:0:
182,192,95835,1,0,0:0:0:0:
329,192,95835,128,0,95908:0:0:0:0:
36,192,95981,1,0,0:0:0:0:
256,192,95981,1,0,0:0:0:0:
402,192,95981,1,0,0:0:0:0:
475,192,95981,1,0,0:0:0:0:
109,192,95981,1,0,0:0:0:0:
109,192,96493,1,0,0:0:0:0:
182,192,96530,1,0,0:0:0:0:
256,192,96566,1,0,0:0:0:0:
329,192,96566,1,0,0:0:0:0:
36,192,97006,1,0,0:0:0:0:
109,192,97006,1,0,0:0:0:0:
402,192,97006,1,0,0:0:0:0:
109,192,97298,1,0,0:0:0:0:
182,192,97298,1,0,0:0:0:0:
402,192,97298,1,0,0:0:0:0:
182,192,97518,1,0,0:0:0:0:
256,192,97518,1,0,0:0:0:0:
402,192,97518,1,0,0:0:0:0:
36,192,97737,1,0,0:0:0:0:
256,192,97737,1,0,0:0:0:0:
109,192,97737,1,0,0:0:0:0:
475,192,97737,1,0,0:0:0:0:
329,192,97737,128,0,98103:0:0:0:0:
402,192,97737,128,0,98103:0:0:0:0:
182,192,97884,1,0,0:0:0:0:
109,192,97884,1,0,0:0:0:0:
36,192,98030,1,0,0:0:0:0:
475,192,98030,1,0,0:0:0:0:
256,192,98030,1,0,0:0:0:0:
109,192,98030,1,0,0:0:0:0:
329,192,98176,1,0,0:0:0:0:
109,192,98176,1,0,0:0:0:0:
402,192,98176,1,0,0:0:0:0:
182,192,98249,1,0,0:0:0:0:
36,192,98323,1,0,0:0:0:0:
475,192,98323,1,0,0:0:0:0:
256,192,98323,1,0,0:0:0:0:
329,192,98323,1,0,0:0:0:0:
402,192,98469,1,0,0:0:0:0:
182,192,98469,1,0,0:0:0:0:
329,192,98469,1,0,0:0:0:0:
109,192,98469,1,0,0:0:0:0:
402,192,98615,1,0,0:0:0:0:
36,192,98615,1,0,0:0:0:0:
475,192,98615,1,0,0:0:0:0:
109,192,98615,1,0,0:0:0:0:
256,192,98615,1,0,0:0:0:0:
182,192,98762,1,0,0:0:0:0:
256,192,98762,1,0,0:0:0:0:
329,192,98835,1,0,0:0:0:0:
256,192,98908,1,0,0:0:0:0:
36,192,98908,1,0,0:0:0:0:
475,192,98908,1,0,0:0:0:0:
109,192,98908,1,0,0:0:0:0:
402,192,98908,1,0,0:0:0:0:
182,192,99054,1,0,0:0:0:0:
329,192,99054,1,0,0:0:0:0:
402,192,99054,1,0,0:0:0:0:
109,192,99201,1,0,0:0:0:0:
256,192,99201,1,0,0:0:0:0:
329,192,99201,1,0,0:0:0:0:
36,192,99201,1,0,0:0:0:0:
475,192,99201,1,0,0:0:0:0:
109,192,99347,1,0,0:0:0:0:
329,192,99347,1,0,0:0:0:0:
182,192,99420,1,0,0:0:0:0:
402,192,99420,1,0,0:0:0:0:
256,192,99493,1,0,0:0:0:0:
36,192,99493,1,0,0:0:0:0:
109,192,99493,1,0,0:0:0:0:
475,192,99493,1,0,0:0:0:0:
329,192,99640,1,0,0:0:0:0:
256,192,99640,1,0,0:0:0:0:
109,192,99640,1,0,0:0:0:0:
402,192,99658,1,0,0:0:0:0:
182,192,99786,1,0,0:0:0:0:
36,192,99786,1,0,0:0:0:0:
256,192,99786,1,0,0:0:0:0:
475,192,99786,1,0,0:0:0:0:
329,192,99804,1,0,0:0:0:0:
182,192,99932,1,0,0:0:0:0:
109,192,99932,1,0,0:0:0:0:
475,192,99932,1,0,0:0:0:0:
256,192,99951,1,0,0:0:0:0:
36,192,100079,1,0,0:0:0:0:
109,192,100079,1,0,0:0:0:0:
329,192,100079,1,0,0:0:0:0:
475,192,100079,1,0,0:0:0:0:
256,192,100225,1,0,0:0:0:0:
36,192,100225,1,0,0:0:0:0:
329,192,100274,1,0,0:0:0:0:
109,192,100274,1,0,0:0:0:0:
402,192,100323,1,0,0:0:0:0:
182,192,100323,1,0,0:0:0:0:
475,192,100371,1,0,0:0:0:0:
256,192,100371,1,0,0:0:0:0:
36,192,100371,1,0,0:0:0:0:
109,192,100518,1,0,0:0:0:0:
402,192,100518,1,0,0:0:0:0:
329,192,100591,1,0,0:0:0:0:
182,192,100591,1,0,0:0:0:0:
256,192,100664,1,0,0:0:0:0:
475,192,100664,1,0,0:0:0:0:
36,192,100664,1,0,0:0:0:0:
109,192,100737,1,0,0:0:0:0:
402,192,100737,1,0,0:0:0:0:
182,192,100810,1,0,0:0:0:0:
329,192,100810,1,0,0:0:0:0:
109,192,100884,1,0,0:0:0:0:
402,192,100884,1,0,0:0:0:0:
256,192,100957,1,0,0:0:0:0:
475,192,100957,1,0,0:0:0:0:
36,192,100957,1,0,0:0:0:0:
329,192,101030,1,0,0:0:0:0:
109,192,101030,1,0,0:0:0:0:
402,192,101103,1,0,0:0:0:0:
182,192,101103,1,0,0:0:0:0:
256,192,101176,1,0,0:0:0:0:
475,192,101176,1,0,0:0:0:0:
36,192,101249,1,0,0:0:0:0:
329,192,101249,1,0,0:0:0:0:
182,192,101249,128,0,101615:0:0:0:0:
109,192,101249,128,0,101615:0:0:0:0:
475,192,101396,1,0,0:0:0:0:
329,192,101396,1,0,0:0:0:0:
36,192,101542,1,0,0:0:0:0:
329,192,101542,1,0,0:0:0:0:
256,192,101542,1,0,0:0:0:0:
402,192,101542,1,0,0:0:0:0:
475,192,101688,1,0,0:0:0:0:
182,192,101688,1,0,0:0:0:0:
402,192,101688,1,0,0:0:0:0:
109,192,101688,1,0,0:0:0:0:
256,192,101762,1,0,0:0:0:0:
36,192,101835,1,0,0:0:0:0:
109,192,101835,1,0,0:0:0:0:
329,192,101835,1,0,0:0:0:0:
475,192,101981,1,0,0:0:0:0:
256,192,101981,1,0,0:0:0:0:
329,192,101981,1,0,0:0:0:0:
109,192,101981,1,0,0:0:0:0:
36,192,102127,1,0,0:0:0:0:
182,192,102127,1,0,0:0:0:0:
256,192,102127,1,0,0:0:0:0:
329,192,102201,1,0,0:0:0:0:
475,192,102201,1,0,0:0:0:0:
402,192,102201,1,0,0:0:0:0:
182,192,102274,1,0,0:0:0:0:
109,192,102274,1,0,0:0:0:0:
36,192,102420,1,0,0:0:0:0:
182,192,102420,1,0,0:0:0:0:
329,192,102420,1,0,0:0:0:0:
475,192,102420,128,0,102786:0:0:0:0:
402,192,102420,128,0,102786:0:0:0:0:
256,192,102566,1,0,0:0:0:0:
182,192,102566,1,0,0:0:0:0:
36,192,102713,1,0,0:0:0:0:
109,192,102713,1,0,0:0:0:0:
256,192,102713,1,0,0:0:0:0:
329,192,102786,1,0,0:0:0:0:
402,192,102859,1,0,0:0:0:0:
182,192,102859,1,0,0:0:0:0:
475,192,102859,1,0,0:0:0:0:
182,192,102932,1,0,0:0:0:0:
36,192,103006,1,0,0:0:0:0:
475,192,103006,1,0,0:0:0:0:
256,192,103006,1,0,0:0:0:0:
109,192,103054,1,0,0:0:0:0:
182,192,103103,1,0,0:0:0:0:
475,192,103152,1,0,0:0:0:0:
256,192,103152,1,0,0:0:0:0:
402,192,103201,1,0,0:0:0:0:
329,192,103249,1,0,0:0:0:0:
36,192,103298,1,0,0:0:0:0:
475,192,103298,1,0,0:0:0:0:
256,192,103298,1,0,0:0:0:0:
109,192,103298,1,0,0:0:0:0:
475,192,103445,1,0,0:0:0:0:
256,192,103445,1,0,0:0:0:0:
402,192,103445,1,0,0:0:0:0:
182,192,103493,1,0,0:0:0:0:
109,192,103542,1,0,0:0:0:0:
36,192,103591,1,0,0:0:0:0:
475,192,103591,1,0,0:0:0:0:
402,192,103591,1,0,0:0:0:0:
256,192,103591,1,0,0:0:0:0:
329,192,103664,1,0,0:0:0:0:
182,192,103737,1,0,0:0:0:0:
402,192,103737,1,0,0:0:0:0:
109,192,103737,1,0,0:0:0:0:
329,192,103810,1,0,0:0:0:0:
256,192,103884,1,0,0:0:0:0:
36,192,103884,1,0,0:0:0:0:
182,192,103884,1,0,0:0:0:0:
475,192,103884,1,0,0:0:0:0:
402,192,103981,1,0,0:0:0:0:
109,192,103981,1,0,0:0:0:0:
329,192,103981,1,0,0:0:0:0:
329,192,104079,1,0,0:0:0:0:
182,192,104176,128,0,104323:0:0:0:0:
109,192,104176,128,0,104323:0:0:0:0:
256,192,104176,1,0,0:0:0:0:
329,192,104323,1,0,0:0:0:0:
402,192,104323,1,0,0:0:0:0:
475,192,104323,1,0,0:0:0:0:
36,192,104396,1,0,0:0:0:0:
109,192,104396,1,0,0:0:0:0:
256,192,104469,1,0,0:0:0:0:
475,192,104469,1,0,0:0:0:0:
402,192,104566,1,0,0:0:0:0:
109,192,104566,1,0,0:0:0:0:
182,192,104566,1,0,0:0:0:0:
182,192,104664,1,0,0:0:0:0:
36,192,104762,128,0,104908:0:0:0:0:
475,192,104762,128,0,105786:0:0:0:0:
329,192,104762,128,0,105201:0:0:0:0:
109,192,104835,128,0,104981:0:0:0:0:
182,192,104908,128,0,105054:0:0:0:0:
256,192,104981,128,0,105127:0:0:0:0:
109,192,105054,128,0,105201:0:0:0:0:
182,192,105127,128,0,105274:0:0:0:0:
256,192,105201,128,0,105347:0:0:0:0:
329,192,105274,128,0,105420:0:0:0:0:
182,192,105347,128,0,105493:0:0:0:0:
36,192,105347,128,0,105420:0:0:0:0:
109,192,105347,128,0,105420:0:0:0:0:
256,192,105420,128,0,105566:0:0:0:0:
329,192,105493,128,0,105640:0:0:0:0:
36,192,105493,128,0,105566:0:0:0:0:
109,192,105493,128,0,105566:0:0:0:0:
402,192,105566,128,0,105713:0:0:0:0:
256,192,105640,128,0,105786:0:0:0:0:
36,192,105640,128,0,105859:0:0:0:0:
109,192,105640,128,0,105859:0:0:0:0:
182,192,105640,1,0,0:0:0:0:
329,192,105713,128,0,105859:0:0:0:0:
402,192,105786,128,0,105859:0:0:0:0:
475,192,105859,1,0,0:0:0:0:
256,192,105859,1,0,0:0:0:0:
36,192,105932,1,0,0:0:0:0:
109,192,105932,1,0,0:0:0:0:
182,192,105932,1,0,0:0:0:0:
402,192,105932,1,0,0:0:0:0:
329,192,105932,1,0,0:0:0:0:
256,192,106006,1,0,0:0:0:0:
402,192,106079,1,0,0:0:0:0:
329,192,106079,1,0,0:0:0:0:
475,192,106079,1,0,0:0:0:0:
109,192,106079,1,0,0:0:0:0:
182,192,106152,1,0,0:0:0:0:
256,192,106225,1,0,0:0:0:0:
475,192,106225,1,0,0:0:0:0:
36,192,106225,128,0,106420:0:0:0:0:
109,192,106274,128,0,106469:0:0:0:0:
182,192,106323,128,0,106518:0:0:0:0:
256,192,106371,128,0,106566:0:0:0:0:
329,192,106420,128,0,106615:0:0:0:0:
402,192,106469,128,0,106664:0:0:0:0:
36,192,106518,1,0,0:0:0:0:
475,192,106518,128,0,106713:0:0:0:0:
109,192,106566,1,0,0:0:0:0:
182,192,106615,1,0,0:0:0:0:
256,192,106664,1,0,0:0:0:0:
329,192,106713,1,0,0:0:0:0:
402,192,106762,1,0,0:0:0:0:
475,192,106810,1,0,0:0:0:0:
36,192,106810,1,0,0:0:0:0:
256,192,106810,1,0,0:0:0:0:
402,192,106884,1,0,0:0:0:0:
182,192,106884,1,0,0:0:0:0:
329,192,106957,1,0,0:0:0:0:
109,192,106957,1,0,0:0:0:0:
256,192,107030,1,0,0:0:0:0:
475,192,107103,1,0,0:0:0:0:
329,192,107103,1,0,0:0:0:0:
36,192,107103,1,0,0:0:0:0:
109,192,107103,1,0,0:0:0:0:
182,192,107176,1,0,0:0:0:0:
256,192,107176,1,0,0:0:0:0:
329,192,107249,1,0,0:0:0:0:
402,192,107249,1,0,0:0:0:0:
182,192,107323,1,0,0:0:0:0:
256,192,107323,1,0,0:0:0:0:
109,192,107396,1,0,0:0:0:0:
36,192,107396,1,0,0:0:0:0:
329,192,107396,1,0,0:0:0:0:
475,192,107396,1,0,0:0:0:0:
329,192,107542,1,0,0:0:0:0:
402,192,107542,1,0,0:0:0:0:
475,192,107542,1,0,0:0:0:0:
256,192,107542,1,0,0:0:0:0:
182,192,107542,1,0,0:0:0:0:
109,192,107688,128,0,107762:0:0:0:0:
36,192,107688,128,0,107762:0:0:0:0:
475,192,107688,1,0,0:0:0:0:
329,192,107688,1,0,0:0:0:0:
182,192,107762,1,0,0:0:0:0:
36,192,107835,128,0,107908:0:0:0:0:
109,192,107835,128,0,107908:0:0:0:0:
475,192,107835,1,0,0:0:0:0:
329,192,107835,1,0,0:0:0:0:
182,192,107908,1,0,0:0:0:0:
475,192,107981,1,0,0:0:0:0:
402,192,107981,1,0,0:0:0:0:
256,192,107981,1,0,0:0:0:0:
329,192,107981,1,0,0:0:0:0:
36,192,107981,1,0,0:0:0:0:
109,192,108127,1,0,0:0:0:0:
182,192,108127,1,0,0:0:0:0:
36,192,108127,1,0,0:0:0:0:
329,192,108127,1,0,0:0:0:0:
256,192,108127,1,0,0:0:0:0:
36,192,108274,1,0,0:0:0:0:
256,192,108274,1,0,0:0:0:0:
402,192,108274,1,0,0:0:0:0:
475,192,108274,1,0,0:0:0:0:
109,192,108347,1,0,0:0:0:0:
329,192,108347,1,0,0:0:0:0:
182,192,108420,1,0,0:0:0:0:
402,192,108420,1,0,0:0:0:0:
475,192,108493,1,0,0:0:0:0:
256,192,108493,1,0,0:0:0:0:
36,192,108566,1,0,0:0:0:0:
182,192,108566,1,0,0:0:0:0:
109,192,108566,1,0,0:0:0:0:
329,192,108566,1,0,0:0:0:0:
475,192,108713,1,0,0:0:0:0:
256,192,108713,1,0,0:0:0:0:
109,192,108713,1,0,0:0:0:0:
329,192,108713,1,0,0:0:0:0:
36,192,108859,1,0,0:0:0:0:
256,192,108859,1,0,0:0:0:0:
329,192,108859,128,0,109079:0:0:0:0:
402,192,108859,128,0,109079:0:0:0:0:
475,192,108859,128,0,109079:0:0:0:0:
182,192,108859,1,0,0:0:0:0:
182,192,109006,1,0,0:0:0:0:
109,192,109006,1,0,0:0:0:0:
475,192,109152,1,0,0:0:0:0:
402,192,109152,1,0,0:0:0:0:
109,192,109152,1,0,0:0:0:0:
36,192,109152,1,0,0:0:0:0:
329,192,109225,1,0,0:0:0:0:
182,192,109225,1,0,0:0:0:0:
256,192,109298,1,0,0:0:0:0:
36,192,109298,1,0,0:0:0:0:
475,192,109298,1,0,0:0:0:0:
182,192,109371,1,0,0:0:0:0:
329,192,109371,1,0,0:0:0:0:
36,192,109445,1,0,0:0:0:0:
475,192,109445,1,0,0:0:0:0:
402,192,109445,1,0,0:0:0:0:
109,192,109445,1,0,0:0:0:0:
182,192,109518,1,0,0:0:0:0:
329,192,109518,1,0,0:0:0:0:
36,192,109591,1,0,0:0:0:0:
256,192,109591,1,0,0:0:0:0:
329,192,109640,1,0,0:0:0:0:
109,192,109640,1,0,0:0:0:0:
402,192,109688,1,0,0:0:0:0:
182,192,109688,1,0,0:0:0:0:
475,192,109737,1,0,0:0:0:0:
256,192,109737,1,0,0:0:0:0:
182,192,109810,1,0,0:0:0:0:
36,192,109810,1,0,0:0:0:0:
329,192,109884,1,0,0:0:0:0:
475,192,109884,1,0,0:0:0:0:
256,192,109957,1,0,0:0:0:0:
36,192,110030,128,0,110542:0:0:0:0:
475,192,110030,128,0,110542:0:0:0:0:
109,192,110030,1,0,0:0:0:0:
402,192,110030,1,0,0:0:0:0:
329,192,110103,1,0,0:0:0:0:
182,192,110103,1,0,0:0:0:0:
256,192,110176,1,0,0:0:0:0:
402,192,110249,1,0,0:0:0:0:
109,192,110249,1,0,0:0:0:0:
182,192,110323,1,0,0:0:0:0:
329,192,110323,1,0,0:0:0:0:
256,192,110396,1,0,0:0:0:0:
109,192,110469,1,0,0:0:0:0:
402,192,110469,1,0,0:0:0:0:
329,192,110542,1,0,0:0:0:0:
182,192,110542,1,0,0:0:0:0:
36,192,110615,1,0,0:0:0:0:
256,192,110615,1,0,0:0:0:0:
475,192,110615,1,0,0:0:0:0:
109,192,110688,1,0,0:0:0:0:
329,192,110688,1,0,0:0:0:0:
182,192,110762,1,0,0:0:0:0:
402,192,110762,1,0,0:0:0:0:
256,192,110835,1,0,0:0:0:0:
475,192,110835,1,0,0:0:0:0:
36,192,110908,1,0,0:0:0:0:
109,192,110908,1,0,0:0:0:0:
329,192,110908,1,0,0:0:0:0:
256,192,110981,1,0,0:0:0:0:
402,192,110981,1,0,0:0:0:0:
182,192,111054,1,0,0:0:0:0:
475,192,111054,1,0,0:0:0:0:
256,192,111127,1,0,0:0:0:0:
402,192,111127,1,0,0:0:0:0:
36,192,111201,1,0,0:0:0:0:
109,192,111201,1,0,0:0:0:0:
329,192,111201,1,0,0:0:0:0:
402,192,111274,1,0,0:0:0:0:
475,192,111274,1,0,0:0:0:0:
329,192,111347,1,0,0:0:0:0:
256,192,111347,1,0,0:0:0:0:
182,192,111420,1,0,0:0:0:0:
109,192,111420,1,0,0:0:0:0:
36,192,111493,1,0,0:0:0:0:
256,192,111493,1,0,0:0:0:0:
475,192,111493,1,0,0:0:0:0:
402,192,111566,1,0,0:0:0:0:
182,192,111566,1,0,0:0:0:0:
329,192,111640,1,0,0:0:0:0:
109,192,111640,1,0,0:0:0:0:
256,192,111713,1,0,0:0:0:0:
475,192,111713,1,0,0:0:0:0:
329,192,111786,1,0,0:0:0:0:
402,192,111786,1,0,0:0:0:0:
182,192,111786,1,0,0:0:0:0:
36,192,111786,1,0,0:0:0:0:
256,192,111859,1,0,0:0:0:0:
109,192,111859,1,0,0:0:0:0:
329,192,111932,1,0,0:0:0:0:
182,192,111932,1,0,0:0:0:0:
402,192,112006,1,0,0:0:0:0:
256,192,112006,1,0,0:0:0:0:
329,192,112079,1,0,0:0:0:0:
475,192,112079,1,0,0:0:0:0:
109,192,112079,1,0,0:0:0:0:
36,192,112152,1,0,0:0:0:0:
182,192,112152,1,0,0:0:0:0:
256,192,112225,128,0,112371:0:0:0:0:
475,192,112225,128,0,112371:0:0:0:0:
402,192,112225,128,0,112371:0:0:0:0:
182,192,112298,1,0,0:0:0:0:
329,192,112371,1,0,0:0:0:0:
36,192,112371,1,0,0:0:0:0:
256,192,112445,1,0,0:0:0:0:
475,192,112445,1,0,0:0:0:0:
182,192,112518,1,0,0:0:0:0:
402,192,112518,1,0,0:0:0:0:
109,192,112591,1,0,0:0:0:0:
329,192,112591,1,0,0:0:0:0:
475,192,112664,128,0,112737:0:0:0:0:
36,192,112664,1,0,0:0:0:0:
182,192,112664,128,0,112737:0:0:0:0:
256,192,112664,1,0,0:0:0:0:
402,192,112664,128,0,112737:0:0:0:0:
36,192,112810,128,0,112884:0:0:0:0:
109,192,112810,128,0,112884:0:0:0:0:
329,192,112810,128,0,112884:0:0:0:0:
475,192,112810,1,0,0:0:0:0:
256,192,112810,1,0,0:0:0:0:
36,192,112957,1,0,0:0:0:0:
182,192,112957,1,0,0:0:0:0:
475,192,112957,1,0,0:0:0:0:
256,192,112957,1,0,0:0:0:0:
329,192,113030,1,0,0:0:0:0:
109,192,113030,1,0,0:0:0:0:
182,192,113103,1,0,0:0:0:0:
402,192,113103,1,0,0:0:0:0:
256,192,113176,1,0,0:0:0:0:
475,192,113176,1,0,0:0:0:0:
36,192,113249,1,0,0:0:0:0:
329,192,113249,1,0,0:0:0:0:
109,192,113249,1,0,0:0:0:0:
182,192,113323,1,0,0:0:0:0:
256,192,113323,1,0,0:0:0:0:
329,192,113396,1,0,0:0:0:0:
402,192,113396,1,0,0:0:0:0:
475,192,113396,1,0,0:0:0:0:
109,192,113469,1,0,0:0:0:0:
182,192,113469,1,0,0:0:0:0:
402,192,113542,1,0,0:0:0:0:
475,192,113542,1,0,0:0:0:0:
36,192,113542,1,0,0:0:0:0:
256,192,113615,1,0,0:0:0:0:
329,192,113615,1,0,0:0:0:0:
182,192,113688,1,0,0:0:0:0:
109,192,113688,1,0,0:0:0:0:
36,192,113688,1,0,0:0:0:0:
329,192,113762,1,0,0:0:0:0:
402,192,113762,1,0,0:0:0:0:
36,192,113835,1,0,0:0:0:0:
256,192,113835,1,0,0:0:0:0:
475,192,113835,1,0,0:0:0:0:
182,192,113908,1,0,0:0:0:0:
402,192,113908,1,0,0:0:0:0:
36,192,113981,1,0,0:0:0:0:
329,192,113981,1,0,0:0:0:0:
182,192,114054,1,0,0:0:0:0:
402,192,114054,1,0,0:0:0:0:
36,192,114127,1,0,0:0:0:0:
256,192,114127,1,0,0:0:0:0:
475,192,114127,1,0,0:0:0:0:
109,192,114176,1,0,0:0:0:0:
182,192,114225,1,0,0:0:0:0:
475,192,114274,1,0,0:0:0:0:
256,192,114274,1,0,0:0:0:0:
402,192,114323,1,0,0:0:0:0:
329,192,114371,1,0,0:0:0:0:
256,192,114420,1,0,0:0:0:0:
36,192,114420,1,0,0:0:0:0:
109,192,114469,1,0,0:0:0:0:
182,192,114518,1,0,0:0:0:0:
256,192,114566,1,0,0:0:0:0:
475,192,114566,1,0,0:0:0:0:
402,192,114615,1,0,0:0:0:0:
329,192,114664,1,0,0:0:0:0:
256,192,114713,1,0,0:0:0:0:
182,192,114762,1,0,0:0:0:0:
109,192,114810,1,0,0:0:0:0:
36,192,114859,1,0,0:0:0:0:
256,192,114859,1,0,0:0:0:0:
329,192,114908,1,0,0:0:0:0:
402,192,114957,1,0,0:0:0:0:
475,192,115006,1,0,0:0:0:0:
256,192,115006,1,0,0:0:0:0:
182,192,115054,1,0,0:0:0:0:
109,192,115103,1,0,0:0:0:0:
256,192,115152,1,0,0:0:0:0:
36,192,115152,1,0,0:0:0:0:
329,192,115201,1,0,0:0:0:0:
402,192,115249,1,0,0:0:0:0:
256,192,115298,1,0,0:0:0:0:
36,192,115298,1,0,0:0:0:0:
475,192,115298,1,0,0:0:0:0:
109,192,115298,1,0,0:0:0:0:
182,192,115298,1,0,0:0:0:0:
109,192,115591,1,0,0:0:0:0:
329,192,115591,1,0,0:0:0:0:
182,192,115688,1,0,0:0:0:0:
402,192,115688,1,0,0:0:0:0:
256,192,115786,1,0,0:0:0:0:
475,192,115786,1,0,0:0:0:0:
109,192,115884,1,0,0:0:0:0:
36,192,115884,1,0,0:0:0:0:
182,192,115981,1,0,0:0:0:0:
256,192,115981,1,0,0:0:0:0:
329,192,116079,1,0,0:0:0:0:
475,192,116079,1,0,0:0:0:0:
256,192,116176,1,0,0:0:0:0:
109,192,116176,1,0,0:0:0:0:
475,192,116274,1,0,0:0:0:0:
402,192,116274,1,0,0:0:0:0:
36,192,116371,1,0,0:0:0:0:
256,192,116371,1,0,0:0:0:0:
109,192,116469,1,0,0:0:0:0:
329,192,116469,1,0,0:0:0:0:
182,192,116566,1,0,0:0:0:0:
402,192,116567,1,0,0:0:0:0:
475,192,116664,1,0,0:0:0:0:
256,192,116664,1,0,0:0:0:0:
329,192,116664,1,0,0:0:0:0:
256,192,116762,1,0,0:0:0:0:
329,192,116762,1,0,0:0:0:0:
475,192,116771,1,0,0:0:0:0:
256,192,116908,1,0,0:0:0:0:
182,192,116957,1,0,0:0:0:0:
109,192,117006,1,0,0:0:0:0:
36,192,117054,1,0,0:0:0:0:
329,192,117054,1,0,0:0:0:0:
475,192,117054,1,0,0:0:0:0:
256,192,117201,1,0,0:0:0:0:
402,192,117201,1,0,0:0:0:0:
109,192,117201,1,0,0:0:0:0:
36,192,117345,128,0,118955:0:0:0:0:
475,192,117345,128,0,119175:0:0:0:0:
329,192,117347,1,0,0:0:0:0:
182,192,117347,1,0,0:0:0:0:
109,192,118809,128,0,119833:0:0:0:0:
256,192,118882,128,0,119687:0:0:0:0:
402,192,118955,128,0,119540:0:0:0:0:
36,192,119028,128,0,119394:0:0:0:0:
182,192,119101,128,0,119321:0:0:0:0:
329,192,119175,128,0,119248:0:0:0:0:
475,192,119248,128,0,119467:0:0:0:0:
329,192,119321,128,0,119614:0:0:0:0:
182,192,119394,128,0,119760:0:0:0:0:
36,192,119467,128,0,119906:0:0:0:0:
475,192,119540,128,0,119979:0:0:0:0:
402,192,119614,128,0,119979:0:0:0:0:
329,192,119687,128,0,119979:0:0:0:0:
256,192,119760,128,0,119979:0:0:0:0:
182,192,119833,128,0,119979:0:0:0:0:
109,192,119906,128,0,119979:0:0:0:0:
36,192,119979,1,0,0:0:0:0:
