[Metadata]
oniyuri
penoreri
inava
Sound voltex konami
63
0


[TimingPoints]
776,392.156862745098,4,2,0,0,1,0
114109,196.078431372549,4,2,0,0,1,0
114207,392.156862745098,4,2,0,0,1,0
114305,784.313725490196,4,2,0,0,1,0
114501,392.156862745098,4,2,0,0,1,0


[HitObjects]
256,192,776,5,0,0:0:0:0:
36,192,776,1,0,0:0:0:0:
475,192,776,1,0,0:0:0:0:
182,192,947,1,0,0:0:0:0:
109,192,947,1,0,0:0:0:0:
475,192,972,1,0,0:0:0:0:
329,192,972,1,0,0:0:0:0:
256,192,1021,1,0,0:0:0:0:
36,192,1021,1,0,0:0:0:0:
329,192,1070,1,0,0:0:0:0:
109,192,1070,1,0,0:0:0:0:
402,192,1119,128,0,1266:0:0:0:0:
182,192,1119,128,0,1266:0:0:0:0:
475,192,1119,128,0,1266:0:0:0:0:
329,192,1217,1,0,0:0:0:0:
36,192,1266,1,0,0:0:0:0:
256,192,1266,1,0,0:0:0:0:
402,192,1364,1,0,0:0:0:0:
182,192,1364,1,0,0:0:0:0:
475,192,1364,1,0,0:0:0:0:
329,192,1413,1,0,0:0:0:0:
109,192,1413,1,0,0:0:0:0:
256,192,1462,1,0,0:0:0:0:
36,192,1462,1,0,0:0:0:0:
36,192,1560,128,0,1756:0:0:0:0:
109,192,1560,128,0,1756:0:0:0:0:
402,192,1560,128,0,1756:0:0:0:0:
475,192,1560,128,0,1756:0:0:0:0:
182,192,1560,128,0,1658:0:0:0:0:
329,192,1658,128,0,1854:0:0:0:0:
182,192,1756,1,0,0:0:0:0:
36,192,1854,1,0,0:0:0:0:
256,192,1854,1,0,0:0:0:0:
475,192,1854,1,0,0:0:0:0:
402,192,1854,1,0,0:0:0:0:
109,192,1854,1,0,0:0:0:0:
109,192,2148,1,0,0:0:0:0:
182,192,2148,1,0,0:0:0:0:
329,192,2344,1,0,0:0:0:0:
475,192,2344,1,0,0:0:0:0:
109,192,2442,1,0,0:0:0:0:
182,192,2442,1,0,0:0:0:0:
329,192,2540,1,0,0:0:0:0:
109,192,2638,1,0,0:0:0:0:
182,192,2638,1,0,0:0:0:0:
109,192,2834,1,0,0:0:0:0:
182,192,2834,1,0,0:0:0:0:
329,192,2932,1,0,0:0:0:0:
109,192,3030,1,0,0:0:0:0:
182,192,3030,1,0,0:0:0:0:
329,192,3128,1,0,0:0:0:0:
402,192,3128,1,0,0:0:0:0:
329,192,3325,1,0,0:0:0:0:
402,192,3325,1,0,0:0:0:0:
182,192,3325,1,0,0:0:0:0:
329,192,3521,1,0,0:0:0:0:
402,192,3521,1,0,0:0:0:0:
109,192,3619,1,0,0:0:0:0:
182,192,3619,1,0,0:0:0:0:
182,192,3717,1,0,0:0:0:0:
475,192,3815,1,0,0:0:0:0:
329,192,3815,1,0,0:0:0:0:
182,192,3913,1,0,0:0:0:0:
36,192,3913,1,0,0:0:0:0:
36,192,4109,128,0,4305:0:0:0:0:
182,192,4109,128,0,4305:0:0:0:0:
329,192,4109,128,0,4305:0:0:0:0:
475,192,4109,128,0,4305:0:0:0:0:
256,192,4109,128,0,4305:0:0:0:0:
36,192,4403,1,0,0:0:0:0:
256,192,4403,1,0,0:0:0:0:
329,192,4403,1,0,0:0:0:0:
475,192,4403,1,0,0:0:0:0:
182,192,4403,1,0,0:0:0:0:
329,192,4697,128,0,4795:0:0:0:0:
109,192,4697,128,0,4893:0:0:0:0:
475,192,4697,128,0,4893:0:0:0:0:
36,192,4697,128,0,4893:0:0:0:0:
402,192,4697,128,0,4893:0:0:0:0:
182,192,4795,128,0,4991:0:0:0:0:
329,192,4893,1,0,0:0:0:0:
256,192,4991,1,0,0:0:0:0:
109,192,4991,1,0,0:0:0:0:
402,192,4991,1,0,0:0:0:0:
36,192,4991,1,0,0:0:0:0:
475,192,4991,1,0,0:0:0:0:
36,192,5285,128,0,7442:0:0:0:0:
182,192,5285,1,0,0:0:0:0:
329,192,5285,1,0,0:0:0:0:
475,192,5285,128,0,7442:0:0:0:0:
182,192,5481,128,0,5808:0:0:0:0:
329,192,5481,128,0,5808:0:0:0:0:
109,192,5481,1,0,0:0:0:0:
256,192,5547,1,0,0:0:0:0:
402,192,5612,1,0,0:0:0:0:
109,192,5677,1,0,0:0:0:0:
256,192,5743,1,0,0:0:0:0:
402,192,5808,1,0,0:0:0:0:
182,192,5874,1,0,0:0:0:0:
329,192,5874,1,0,0:0:0:0:
329,192,6070,1,0,0:0:0:0:
109,192,6070,1,0,0:0:0:0:
256,192,6119,1,0,0:0:0:0:
182,192,6168,128,0,6723:0:0:0:0:
329,192,6364,1,0,0:0:0:0:
402,192,6364,1,0,0:0:0:0:
109,192,6462,1,0,0:0:0:0:
256,192,6527,1,0,0:0:0:0:
402,192,6592,128,0,6854:0:0:0:0:
329,192,6658,1,0,0:0:0:0:
256,192,6723,128,0,6985:0:0:0:0:
182,192,6789,1,0,0:0:0:0:
109,192,6854,128,0,7115:0:0:0:0:
402,192,6919,1,0,0:0:0:0:
329,192,6985,1,0,0:0:0:0:
256,192,7050,1,0,0:0:0:0:
182,192,7115,1,0,0:0:0:0:
109,192,7181,1,0,0:0:0:0:
182,192,7246,128,0,7442:0:0:0:0:
329,192,7246,128,0,7442:0:0:0:0:
256,192,7246,128,0,7442:0:0:0:0:
36,192,7540,1,0,0:0:0:0:
109,192,7540,1,0,0:0:0:0:
402,192,7540,1,0,0:0:0:0:
256,192,7540,1,0,0:0:0:0:
475,192,7540,1,0,0:0:0:0:
402,192,7834,128,0,8030:0:0:0:0:
36,192,7834,128,0,8030:0:0:0:0:
109,192,7834,128,0,8030:0:0:0:0:
182,192,7834,128,0,7932:0:0:0:0:
475,192,7834,128,0,8030:0:0:0:0:
329,192,7932,128,0,8128:0:0:0:0:
182,192,8030,1,0,0:0:0:0:
256,192,8128,1,0,0:0:0:0:
402,192,8128,1,0,0:0:0:0:
109,192,8128,1,0,0:0:0:0:
475,192,8128,1,0,0:0:0:0:
36,192,8128,1,0,0:0:0:0:
475,192,8374,128,0,8521:0:0:0:0:
402,192,8374,128,0,8521:0:0:0:0:
36,192,8423,1,0,0:0:0:0:
256,192,8423,1,0,0:0:0:0:
109,192,8521,1,0,0:0:0:0:
329,192,8521,1,0,0:0:0:0:
182,192,8619,1,0,0:0:0:0:
475,192,8619,1,0,0:0:0:0:
402,192,8619,1,0,0:0:0:0:
36,192,8717,1,0,0:0:0:0:
329,192,8717,1,0,0:0:0:0:
109,192,8815,1,0,0:0:0:0:
256,192,8815,1,0,0:0:0:0:
475,192,8815,1,0,0:0:0:0:
182,192,8913,1,0,0:0:0:0:
402,192,8913,1,0,0:0:0:0:
256,192,9011,1,0,0:0:0:0:
36,192,9011,1,0,0:0:0:0:
475,192,9011,1,0,0:0:0:0:
329,192,9076,1,0,0:0:0:0:
109,192,9076,1,0,0:0:0:0:
402,192,9142,1,0,0:0:0:0:
182,192,9142,1,0,0:0:0:0:
475,192,9207,1,0,0:0:0:0:
256,192,9207,1,0,0:0:0:0:
182,192,9305,1,0,0:0:0:0:
329,192,9305,128,0,9501:0:0:0:0:
109,192,9305,1,0,0:0:0:0:
402,192,9305,128,0,9501:0:0:0:0:
475,192,9403,1,0,0:0:0:0:
256,192,9403,1,0,0:0:0:0:
36,192,9599,1,0,0:0:0:0:
109,192,9599,1,0,0:0:0:0:
329,192,9599,1,0,0:0:0:0:
256,192,9599,1,0,0:0:0:0:
182,192,9599,1,0,0:0:0:0:
109,192,9893,1,0,0:0:0:0:
402,192,9893,1,0,0:0:0:0:
475,192,9893,1,0,0:0:0:0:
329,192,9893,1,0,0:0:0:0:
256,192,9893,1,0,0:0:0:0:
182,192,9991,1,0,0:0:0:0:
36,192,9991,128,0,10089:0:0:0:0:
36,192,10187,1,0,0:0:0:0:
109,192,10187,1,0,0:0:0:0:
182,192,10187,1,0,0:0:0:0:
329,192,10187,1,0,0:0:0:0:
402,192,10187,1,0,0:0:0:0:
109,192,10383,1,0,0:0:0:0:
36,192,10383,1,0,0:0:0:0:
256,192,10383,1,0,0:0:0:0:
475,192,10383,1,0,0:0:0:0:
402,192,10383,1,0,0:0:0:0:
329,192,10481,128,0,10677:0:0:0:0:
36,192,10481,128,0,10874:0:0:0:0:
475,192,10579,128,0,10874:0:0:0:0:
182,192,10579,128,0,10776:0:0:0:0:
256,192,10677,1,0,0:0:0:0:
329,192,10776,1,0,0:0:0:0:
402,192,10776,1,0,0:0:0:0:
182,192,10874,1,0,0:0:0:0:
475,192,10972,128,0,11298:0:0:0:0:
109,192,10972,128,0,11462:0:0:0:0:
36,192,10972,128,0,11560:0:0:0:0:
256,192,10972,1,0,0:0:0:0:
329,192,10972,128,0,11168:0:0:0:0:
182,192,11168,1,0,0:0:0:0:
256,192,11168,1,0,0:0:0:0:
329,192,11233,1,0,0:0:0:0:
402,192,11298,1,0,0:0:0:0:
475,192,11364,1,0,0:0:0:0:
256,192,11364,128,0,11658:0:0:0:0:
402,192,11462,1,0,0:0:0:0:
182,192,11462,128,0,11658:0:0:0:0:
109,192,11560,128,0,11658:0:0:0:0:
329,192,11560,1,0,0:0:0:0:
36,192,11658,1,0,0:0:0:0:
402,192,11658,1,0,0:0:0:0:
109,192,11756,1,0,0:0:0:0:
256,192,11756,1,0,0:0:0:0:
475,192,11756,1,0,0:0:0:0:
329,192,11756,1,0,0:0:0:0:
36,192,11854,1,0,0:0:0:0:
182,192,11854,1,0,0:0:0:0:
329,192,11952,1,0,0:0:0:0:
475,192,11952,1,0,0:0:0:0:
36,192,12050,1,0,0:0:0:0:
256,192,12050,1,0,0:0:0:0:
402,192,12050,1,0,0:0:0:0:
109,192,12050,1,0,0:0:0:0:
36,192,12148,1,0,0:0:0:0:
182,192,12148,1,0,0:0:0:0:
329,192,12213,1,0,0:0:0:0:
475,192,12213,1,0,0:0:0:0:
36,192,12279,1,0,0:0:0:0:
256,192,12279,1,0,0:0:0:0:
109,192,12344,1,0,0:0:0:0:
329,192,12344,1,0,0:0:0:0:
182,192,12409,1,0,0:0:0:0:
402,192,12409,1,0,0:0:0:0:
256,192,12475,1,0,0:0:0:0:
475,192,12475,1,0,0:0:0:0:
109,192,12540,128,0,12736:0:0:0:0:
402,192,12540,128,0,12736:0:0:0:0:
36,192,12540,128,0,12736:0:0:0:0:
329,192,12540,128,0,12638:0:0:0:0:
182,192,12638,128,0,12736:0:0:0:0:
329,192,12736,1,0,0:0:0:0:
256,192,12834,1,0,0:0:0:0:
402,192,12834,1,0,0:0:0:0:
475,192,12834,1,0,0:0:0:0:
182,192,12834,1,0,0:0:0:0:
109,192,12834,1,0,0:0:0:0:
36,192,12834,1,0,0:0:0:0:
36,192,13128,1,0,0:0:0:0:
182,192,13128,128,0,13521:0:0:0:0:
402,192,13128,128,0,13423:0:0:0:0:
475,192,13128,1,0,0:0:0:0:
256,192,13325,1,0,0:0:0:0:
329,192,13325,1,0,0:0:0:0:
256,192,13423,1,0,0:0:0:0:
109,192,13521,1,0,0:0:0:0:
475,192,13521,1,0,0:0:0:0:
36,192,13521,1,0,0:0:0:0:
402,192,13521,1,0,0:0:0:0:
329,192,13521,1,0,0:0:0:0:
182,192,13717,128,0,13815:0:0:0:0:
36,192,13717,128,0,13913:0:0:0:0:
402,192,13717,128,0,13913:0:0:0:0:
475,192,13717,128,0,13913:0:0:0:0:
329,192,13815,128,0,13913:0:0:0:0:
182,192,13913,1,0,0:0:0:0:
109,192,14011,1,0,0:0:0:0:
329,192,14011,1,0,0:0:0:0:
256,192,14011,1,0,0:0:0:0:
36,192,14011,1,0,0:0:0:0:
402,192,14011,1,0,0:0:0:0:
475,192,14011,1,0,0:0:0:0:
109,192,14305,128,0,14599:0:0:0:0:
329,192,14305,128,0,14697:0:0:0:0:
475,192,14305,1,0,0:0:0:0:
36,192,14305,1,0,0:0:0:0:
256,192,14501,1,0,0:0:0:0:
182,192,14501,1,0,0:0:0:0:
182,192,14599,1,0,0:0:0:0:
402,192,14697,1,0,0:0:0:0:
475,192,14697,1,0,0:0:0:0:
109,192,14697,1,0,0:0:0:0:
36,192,14697,1,0,0:0:0:0:
256,192,14697,1,0,0:0:0:0:
182,192,14893,128,0,15089:0:0:0:0:
329,192,14893,128,0,15089:0:0:0:0:
402,192,14893,128,0,15089:0:0:0:0:
109,192,14893,128,0,15089:0:0:0:0:
109,192,15285,128,0,15579:0:0:0:0:
182,192,15285,128,0,15579:0:0:0:0:
329,192,15285,128,0,15579:0:0:0:0:
402,192,15285,128,0,15579:0:0:0:0:
402,192,15677,128,0,15874:0:0:0:0:
109,192,15677,128,0,15874:0:0:0:0:
475,192,15677,128,0,15874:0:0:0:0:
36,192,15677,128,0,15874:0:0:0:0:
256,192,15677,128,0,15776:0:0:0:0:
182,192,15776,128,0,15972:0:0:0:0:
256,192,15874,1,0,0:0:0:0:
36,192,15972,1,0,0:0:0:0:
402,192,15972,1,0,0:0:0:0:
109,192,15972,1,0,0:0:0:0:
329,192,15972,1,0,0:0:0:0:
475,192,15972,1,0,0:0:0:0:
36,192,16331,1,0,0:0:0:0:
256,192,16331,1,0,0:0:0:0:
475,192,16462,1,0,0:0:0:0:
109,192,16462,1,0,0:0:0:0:
329,192,16462,1,0,0:0:0:0:
182,192,16592,1,0,0:0:0:0:
402,192,16592,1,0,0:0:0:0:
329,192,16723,1,0,0:0:0:0:
109,192,16723,1,0,0:0:0:0:
402,192,16854,128,0,17050:0:0:0:0:
475,192,16854,128,0,17050:0:0:0:0:
36,192,16854,1,0,0:0:0:0:
256,192,16854,1,0,0:0:0:0:
329,192,16854,128,0,17050:0:0:0:0:
109,192,16985,1,0,0:0:0:0:
182,192,17115,1,0,0:0:0:0:
402,192,17148,1,0,0:0:0:0:
475,192,17148,1,0,0:0:0:0:
329,192,17148,1,0,0:0:0:0:
256,192,17246,1,0,0:0:0:0:
36,192,17246,1,0,0:0:0:0:
109,192,17377,1,0,0:0:0:0:
329,192,17377,1,0,0:0:0:0:
182,192,17508,1,0,0:0:0:0:
402,192,17508,1,0,0:0:0:0:
256,192,17638,1,0,0:0:0:0:
475,192,17638,1,0,0:0:0:0:
36,192,17638,1,0,0:0:0:0:
329,192,17638,1,0,0:0:0:0:
109,192,17769,1,0,0:0:0:0:
402,192,17769,1,0,0:0:0:0:
182,192,17900,1,0,0:0:0:0:
329,192,17900,1,0,0:0:0:0:
109,192,18030,128,0,18668:0:0:0:0:
402,192,18030,128,0,18717:0:0:0:0:
36,192,18030,1,0,0:0:0:0:
256,192,18030,1,0,0:0:0:0:
182,192,18161,1,0,0:0:0:0:
475,192,18161,1,0,0:0:0:0:
36,192,18357,1,0,0:0:0:0:
329,192,18357,1,0,0:0:0:0:
256,192,18423,128,0,18570:0:0:0:0:
475,192,18423,128,0,18717:0:0:0:0:
182,192,18423,128,0,18619:0:0:0:0:
329,192,18619,1,0,0:0:0:0:
256,192,18668,1,0,0:0:0:0:
182,192,18717,1,0,0:0:0:0:
109,192,18766,1,0,0:0:0:0:
475,192,18815,128,0,19011:0:0:0:0:
256,192,18815,128,0,19011:0:0:0:0:
329,192,18815,128,0,18913:0:0:0:0:
36,192,18815,1,0,0:0:0:0:
36,192,18913,128,0,19011:0:0:0:0:
182,192,18913,128,0,19011:0:0:0:0:
329,192,19011,1,0,0:0:0:0:
475,192,19109,1,0,0:0:0:0:
109,192,19109,1,0,0:0:0:0:
36,192,19109,1,0,0:0:0:0:
182,192,19109,1,0,0:0:0:0:
402,192,19109,1,0,0:0:0:0:
256,192,19109,1,0,0:0:0:0:
36,192,19305,1,0,0:0:0:0:
109,192,19305,1,0,0:0:0:0:
329,192,19403,1,0,0:0:0:0:
109,192,19403,128,0,19795:0:0:0:0:
182,192,19403,128,0,19795:0:0:0:0:
256,192,19599,1,0,0:0:0:0:
402,192,19599,1,0,0:0:0:0:
329,192,19697,128,0,20187:0:0:0:0:
475,192,19697,128,0,20187:0:0:0:0:
109,192,19893,1,0,0:0:0:0:
182,192,19893,1,0,0:0:0:0:
36,192,19991,128,0,20383:0:0:0:0:
256,192,19991,128,0,20187:0:0:0:0:
182,192,19991,128,0,20187:0:0:0:0:
475,192,20285,128,0,20481:0:0:0:0:
329,192,20285,1,0,0:0:0:0:
182,192,20285,128,0,20579:0:0:0:0:
402,192,20285,128,0,20481:0:0:0:0:
256,192,20383,128,0,20481:0:0:0:0:
109,192,20514,1,0,0:0:0:0:
36,192,20514,1,0,0:0:0:0:
256,192,20579,1,0,0:0:0:0:
329,192,20579,128,0,20874:0:0:0:0:
475,192,20645,1,0,0:0:0:0:
402,192,20645,1,0,0:0:0:0:
36,192,20776,1,0,0:0:0:0:
182,192,20776,1,0,0:0:0:0:
109,192,20874,128,0,21037:0:0:0:0:
475,192,20874,128,0,21168:0:0:0:0:
256,192,20874,128,0,21037:0:0:0:0:
402,192,20874,1,0,0:0:0:0:
182,192,21037,1,0,0:0:0:0:
36,192,21168,128,0,21462:0:0:0:0:
329,192,21168,1,0,0:0:0:0:
256,192,21168,128,0,21462:0:0:0:0:
109,192,21266,128,0,21462:0:0:0:0:
402,192,21364,1,0,0:0:0:0:
182,192,21364,128,0,21462:0:0:0:0:
329,192,21462,1,0,0:0:0:0:
402,192,21511,1,0,0:0:0:0:
475,192,21560,1,0,0:0:0:0:
36,192,21560,1,0,0:0:0:0:
109,192,21560,1,0,0:0:0:0:
256,192,21560,1,0,0:0:0:0:
182,192,21560,1,0,0:0:0:0:
329,192,21756,1,0,0:0:0:0:
182,192,21756,1,0,0:0:0:0:
329,192,21854,1,0,0:0:0:0:
36,192,21952,128,0,23128:0:0:0:0:
256,192,21952,1,0,0:0:0:0:
475,192,21952,128,0,22834:0:0:0:0:
402,192,22344,128,0,22540:0:0:0:0:
182,192,22344,128,0,22540:0:0:0:0:
329,192,22442,128,0,22638:0:0:0:0:
109,192,22442,128,0,22638:0:0:0:0:
256,192,22540,1,0,0:0:0:0:
256,192,22638,1,0,0:0:0:0:
182,192,22736,128,0,22932:0:0:0:0:
402,192,22736,128,0,22932:0:0:0:0:
109,192,22834,128,0,23030:0:0:0:0:
329,192,22834,128,0,23030:0:0:0:0:
256,192,22932,1,0,0:0:0:0:
256,192,23030,1,0,0:0:0:0:
475,192,23030,128,0,23226:0:0:0:0:
182,192,23128,128,0,23325:0:0:0:0:
402,192,23128,128,0,23325:0:0:0:0:
109,192,23226,128,0,23423:0:0:0:0:
329,192,23226,128,0,23423:0:0:0:0:
256,192,23325,1,0,0:0:0:0:
36,192,23325,128,0,23521:0:0:0:0:
256,192,23423,1,0,0:0:0:0:
182,192,23521,128,0,23717:0:0:0:0:
402,192,23521,128,0,23717:0:0:0:0:
475,192,23521,128,0,23717:0:0:0:0:
329,192,23521,1,0,0:0:0:0:
256,192,23619,128,0,24011:0:0:0:0:
36,192,23815,128,0,24011:0:0:0:0:
109,192,23815,128,0,24011:0:0:0:0:
329,192,23815,128,0,24011:0:0:0:0:
475,192,23815,1,0,0:0:0:0:
182,192,23815,1,0,0:0:0:0:
182,192,24109,128,0,24207:0:0:0:0:
36,192,24109,128,0,24207:0:0:0:0:
402,192,24109,128,0,24403:0:0:0:0:
256,192,24109,128,0,24207:0:0:0:0:
475,192,24109,128,0,24403:0:0:0:0:
329,192,24305,1,0,0:0:0:0:
256,192,24354,1,0,0:0:0:0:
182,192,24403,1,0,0:0:0:0:
109,192,24452,1,0,0:0:0:0:
36,192,24501,1,0,0:0:0:0:
329,192,24501,128,0,24893:0:0:0:0:
402,192,24501,1,0,0:0:0:0:
475,192,24501,1,0,0:0:0:0:
109,192,24893,1,0,0:0:0:0:
256,192,24893,1,0,0:0:0:0:
329,192,24991,1,0,0:0:0:0:
475,192,24991,1,0,0:0:0:0:
36,192,25089,1,0,0:0:0:0:
256,192,25089,1,0,0:0:0:0:
109,192,25155,1,0,0:0:0:0:
329,192,25220,1,0,0:0:0:0:
182,192,25220,1,0,0:0:0:0:
402,192,25285,1,0,0:0:0:0:
256,192,25351,1,0,0:0:0:0:
475,192,25351,1,0,0:0:0:0:
36,192,25351,1,0,0:0:0:0:
329,192,25416,1,0,0:0:0:0:
402,192,25481,1,0,0:0:0:0:
182,192,25481,1,0,0:0:0:0:
475,192,25547,1,0,0:0:0:0:
36,192,25547,1,0,0:0:0:0:
329,192,25612,1,0,0:0:0:0:
109,192,25612,1,0,0:0:0:0:
402,192,25677,1,0,0:0:0:0:
182,192,25677,1,0,0:0:0:0:
475,192,25776,1,0,0:0:0:0:
256,192,25776,1,0,0:0:0:0:
109,192,25874,1,0,0:0:0:0:
402,192,25874,1,0,0:0:0:0:
36,192,25972,1,0,0:0:0:0:
329,192,25972,1,0,0:0:0:0:
182,192,26070,128,0,26560:0:0:0:0:
475,192,26070,128,0,26560:0:0:0:0:
36,192,26462,128,0,26560:0:0:0:0:
329,192,26462,128,0,26560:0:0:0:0:
256,192,26658,128,0,26854:0:0:0:0:
402,192,26854,128,0,26919:0:0:0:0:
109,192,26985,128,0,28030:0:0:0:0:
329,192,28030,1,0,0:0:0:0:
256,192,28079,1,0,0:0:0:0:
182,192,28128,1,0,0:0:0:0:
109,192,28177,1,0,0:0:0:0:
36,192,28226,128,0,28488:0:0:0:0:
182,192,28488,1,0,0:0:0:0:
329,192,28570,128,0,29207:0:0:0:0:
475,192,29207,1,0,0:0:0:0:
402,192,29272,1,0,0:0:0:0:
329,192,29338,1,0,0:0:0:0:
256,192,29403,1,0,0:0:0:0:
182,192,29468,1,0,0:0:0:0:
109,192,29534,1,0,0:0:0:0:
36,192,29599,1,0,0:0:0:0:
475,192,29697,128,0,29893:0:0:0:0:
329,192,29697,128,0,29893:0:0:0:0:
182,192,29893,1,0,0:0:0:0:
109,192,29893,1,0,0:0:0:0:
256,192,29991,128,0,31494:0:0:0:0:
329,192,29991,128,0,30874:0:0:0:0:
475,192,29991,1,0,0:0:0:0:
36,192,29991,1,0,0:0:0:0:
329,192,30972,1,0,0:0:0:0:
475,192,30972,1,0,0:0:0:0:
36,192,31168,1,0,0:0:0:0:
109,192,31217,1,0,0:0:0:0:
182,192,31266,128,0,31494:0:0:0:0:
329,192,31494,1,0,0:0:0:0:
256,192,31658,1,0,0:0:0:0:
475,192,31658,1,0,0:0:0:0:
182,192,31756,1,0,0:0:0:0:
402,192,31756,1,0,0:0:0:0:
109,192,31854,1,0,0:0:0:0:
329,192,31854,1,0,0:0:0:0:
36,192,31952,1,0,0:0:0:0:
256,192,31952,1,0,0:0:0:0:
329,192,32050,128,0,32344:0:0:0:0:
402,192,32050,128,0,32344:0:0:0:0:
182,192,32344,1,0,0:0:0:0:
256,192,32344,1,0,0:0:0:0:
475,192,32442,128,0,32540:0:0:0:0:
329,192,32442,128,0,32540:0:0:0:0:
182,192,32540,1,0,0:0:0:0:
109,192,32540,1,0,0:0:0:0:
402,192,32638,128,0,32736:0:0:0:0:
256,192,32638,128,0,32736:0:0:0:0:
109,192,32736,1,0,0:0:0:0:
36,192,32736,1,0,0:0:0:0:
329,192,32834,128,0,32932:0:0:0:0:
182,192,32834,128,0,32932:0:0:0:0:
36,192,32932,128,0,34305:0:0:0:0:
475,192,32932,128,0,34207:0:0:0:0:
256,192,32932,128,0,33423:0:0:0:0:
402,192,33226,128,0,33521:0:0:0:0:
109,192,33521,1,0,0:0:0:0:
256,192,33521,1,0,0:0:0:0:
256,192,33717,128,0,34207:0:0:0:0:
182,192,34011,128,0,34305:0:0:0:0:
256,192,34305,1,0,0:0:0:0:
475,192,34305,1,0,0:0:0:0:
329,192,34501,1,0,0:0:0:0:
475,192,34501,1,0,0:0:0:0:
36,192,34501,1,0,0:0:0:0:
182,192,34501,1,0,0:0:0:0:
109,192,34632,1,0,0:0:0:0:
256,192,34632,1,0,0:0:0:0:
329,192,34697,1,0,0:0:0:0:
402,192,34697,1,0,0:0:0:0:
475,192,34697,1,0,0:0:0:0:
36,192,34795,1,0,0:0:0:0:
182,192,34795,1,0,0:0:0:0:
182,192,34893,1,0,0:0:0:0:
256,192,34991,1,0,0:0:0:0:
475,192,34991,1,0,0:0:0:0:
36,192,34991,1,0,0:0:0:0:
402,192,35089,1,0,0:0:0:0:
109,192,35155,1,0,0:0:0:0:
329,192,35155,1,0,0:0:0:0:
256,192,35220,1,0,0:0:0:0:
182,192,35285,1,0,0:0:0:0:
402,192,35285,1,0,0:0:0:0:
109,192,35351,1,0,0:0:0:0:
475,192,35383,1,0,0:0:0:0:
36,192,35416,1,0,0:0:0:0:
256,192,35481,1,0,0:0:0:0:
329,192,35547,1,0,0:0:0:0:
475,192,35579,1,0,0:0:0:0:
182,192,35612,1,0,0:0:0:0:
402,192,35677,1,0,0:0:0:0:
36,192,35677,1,0,0:0:0:0:
329,192,35743,1,0,0:0:0:0:
256,192,35808,1,0,0:0:0:0:
475,192,35874,1,0,0:0:0:0:
182,192,35874,1,0,0:0:0:0:
109,192,35939,1,0,0:0:0:0:
329,192,35972,1,0,0:0:0:0:
36,192,36070,128,0,36364:0:0:0:0:
109,192,36070,128,0,36364:0:0:0:0:
475,192,36070,1,0,0:0:0:0:
256,192,36070,1,0,0:0:0:0:
256,192,36266,1,0,0:0:0:0:
36,192,36462,1,0,0:0:0:0:
109,192,36462,1,0,0:0:0:0:
329,192,36462,1,0,0:0:0:0:
475,192,36462,1,0,0:0:0:0:
475,192,36854,128,0,37148:0:0:0:0:
402,192,36854,128,0,37148:0:0:0:0:
36,192,36854,1,0,0:0:0:0:
109,192,36854,1,0,0:0:0:0:
256,192,36854,1,0,0:0:0:0:
329,192,36952,128,0,37246:0:0:0:0:
36,192,37148,1,0,0:0:0:0:
182,192,37148,1,0,0:0:0:0:
402,192,37246,1,0,0:0:0:0:
475,192,37246,1,0,0:0:0:0:
256,192,37246,1,0,0:0:0:0:
329,192,37442,1,0,0:0:0:0:
256,192,37442,128,0,37638:0:0:0:0:
109,192,37442,128,0,37638:0:0:0:0:
36,192,37638,1,0,0:0:0:0:
475,192,37638,1,0,0:0:0:0:
402,192,37638,1,0,0:0:0:0:
36,192,38030,1,0,0:0:0:0:
109,192,38030,1,0,0:0:0:0:
182,192,38030,1,0,0:0:0:0:
256,192,38030,1,0,0:0:0:0:
402,192,38030,1,0,0:0:0:0:
329,192,38226,128,0,38325:0:0:0:0:
475,192,38226,1,0,0:0:0:0:
402,192,38423,1,0,0:0:0:0:
36,192,38423,128,0,38717:0:0:0:0:
109,192,38423,128,0,38717:0:0:0:0:
475,192,38423,1,0,0:0:0:0:
256,192,38423,1,0,0:0:0:0:
182,192,38521,128,0,38815:0:0:0:0:
475,192,38717,1,0,0:0:0:0:
329,192,38717,1,0,0:0:0:0:
36,192,38815,1,0,0:0:0:0:
256,192,38815,1,0,0:0:0:0:
109,192,38815,1,0,0:0:0:0:
256,192,38945,1,0,0:0:0:0:
329,192,39011,1,0,0:0:0:0:
402,192,39076,1,0,0:0:0:0:
475,192,39142,1,0,0:0:0:0:
329,192,39207,1,0,0:0:0:0:
36,192,39207,1,0,0:0:0:0:
109,192,39207,1,0,0:0:0:0:
256,192,39272,1,0,0:0:0:0:
182,192,39338,1,0,0:0:0:0:
109,192,39403,1,0,0:0:0:0:
256,192,39468,1,0,0:0:0:0:
329,192,39534,1,0,0:0:0:0:
36,192,39599,1,0,0:0:0:0:
182,192,39599,1,0,0:0:0:0:
402,192,39599,1,0,0:0:0:0:
475,192,39697,1,0,0:0:0:0:
256,192,39697,1,0,0:0:0:0:
402,192,39795,1,0,0:0:0:0:
36,192,39795,1,0,0:0:0:0:
109,192,39795,1,0,0:0:0:0:
256,192,39893,1,0,0:0:0:0:
109,192,39991,1,0,0:0:0:0:
329,192,39991,1,0,0:0:0:0:
475,192,39991,1,0,0:0:0:0:
182,192,40089,1,0,0:0:0:0:
256,192,40187,1,0,0:0:0:0:
475,192,40187,1,0,0:0:0:0:
402,192,40253,1,0,0:0:0:0:
36,192,40285,1,0,0:0:0:0:
109,192,40285,1,0,0:0:0:0:
329,192,40318,1,0,0:0:0:0:
256,192,40383,1,0,0:0:0:0:
182,192,40449,1,0,0:0:0:0:
109,192,40514,1,0,0:0:0:0:
36,192,40579,1,0,0:0:0:0:
402,192,40579,128,0,40776:0:0:0:0:
475,192,40579,128,0,40776:0:0:0:0:
329,192,40579,1,0,0:0:0:0:
256,192,40645,1,0,0:0:0:0:
182,192,40710,1,0,0:0:0:0:
36,192,40776,1,0,0:0:0:0:
109,192,40776,1,0,0:0:0:0:
256,192,40841,1,0,0:0:0:0:
402,192,40906,1,0,0:0:0:0:
182,192,40972,1,0,0:0:0:0:
36,192,40972,1,0,0:0:0:0:
329,192,41037,1,0,0:0:0:0:
475,192,41102,1,0,0:0:0:0:
109,192,41102,1,0,0:0:0:0:
256,192,41168,1,0,0:0:0:0:
402,192,41233,1,0,0:0:0:0:
36,192,41233,1,0,0:0:0:0:
182,192,41298,1,0,0:0:0:0:
329,192,41364,1,0,0:0:0:0:
475,192,41364,1,0,0:0:0:0:
182,192,41429,1,0,0:0:0:0:
36,192,41494,1,0,0:0:0:0:
475,192,41560,1,0,0:0:0:0:
329,192,41560,128,0,41854:0:0:0:0:
402,192,41560,128,0,41854:0:0:0:0:
256,192,41625,1,0,0:0:0:0:
109,192,41691,1,0,0:0:0:0:
36,192,41854,1,0,0:0:0:0:
182,192,41854,1,0,0:0:0:0:
109,192,41952,128,0,42246:0:0:0:0:
256,192,41952,128,0,42246:0:0:0:0:
475,192,41952,128,0,42246:0:0:0:0:
329,192,41952,128,0,42246:0:0:0:0:
36,192,42344,1,0,0:0:0:0:
182,192,42344,1,0,0:0:0:0:
402,192,42344,1,0,0:0:0:0:
475,192,42344,1,0,0:0:0:0:
256,192,42344,1,0,0:0:0:0:
256,192,42540,128,0,42736:0:0:0:0:
402,192,42540,128,0,42736:0:0:0:0:
109,192,42540,1,0,0:0:0:0:
182,192,42736,1,0,0:0:0:0:
36,192,42736,1,0,0:0:0:0:
402,192,42834,1,0,0:0:0:0:
256,192,42834,1,0,0:0:0:0:
109,192,42932,1,0,0:0:0:0:
36,192,43128,128,0,43325:0:0:0:0:
182,192,43128,128,0,43325:0:0:0:0:
256,192,43128,1,0,0:0:0:0:
475,192,43128,1,0,0:0:0:0:
329,192,43325,1,0,0:0:0:0:
109,192,43423,128,0,43619:0:0:0:0:
182,192,43423,128,0,43619:0:0:0:0:
256,192,43423,1,0,0:0:0:0:
402,192,43521,1,0,0:0:0:0:
475,192,43521,1,0,0:0:0:0:
36,192,43521,1,0,0:0:0:0:
182,192,43717,128,0,43913:0:0:0:0:
256,192,43717,128,0,43913:0:0:0:0:
329,192,43717,1,0,0:0:0:0:
36,192,43913,1,0,0:0:0:0:
329,192,43913,128,0,44109:0:0:0:0:
475,192,43913,128,0,44109:0:0:0:0:
109,192,43913,1,0,0:0:0:0:
256,192,44109,1,0,0:0:0:0:
329,192,44207,128,0,44403:0:0:0:0:
402,192,44207,128,0,44403:0:0:0:0:
182,192,44207,1,0,0:0:0:0:
109,192,44305,1,0,0:0:0:0:
36,192,44305,1,0,0:0:0:0:
475,192,44305,1,0,0:0:0:0:
402,192,44501,128,0,44697:0:0:0:0:
475,192,44501,128,0,44697:0:0:0:0:
182,192,44501,1,0,0:0:0:0:
109,192,44697,128,0,45187:0:0:0:0:
256,192,44697,128,0,44991:0:0:0:0:
329,192,44697,1,0,0:0:0:0:
36,192,44697,128,0,45187:0:0:0:0:
329,192,44959,1,0,0:0:0:0:
402,192,44991,1,0,0:0:0:0:
475,192,45024,1,0,0:0:0:0:
182,192,45089,1,0,0:0:0:0:
256,192,45089,1,0,0:0:0:0:
329,192,45187,1,0,0:0:0:0:
475,192,45187,1,0,0:0:0:0:
182,192,45285,1,0,0:0:0:0:
36,192,45285,1,0,0:0:0:0:
109,192,45285,1,0,0:0:0:0:
109,192,45481,1,0,0:0:0:0:
329,192,45481,1,0,0:0:0:0:
402,192,45481,1,0,0:0:0:0:
475,192,45481,1,0,0:0:0:0:
256,192,45481,1,0,0:0:0:0:
36,192,45677,1,0,0:0:0:0:
256,192,45677,1,0,0:0:0:0:
109,192,45776,1,0,0:0:0:0:
329,192,45776,1,0,0:0:0:0:
182,192,45874,1,0,0:0:0:0:
402,192,45874,1,0,0:0:0:0:
256,192,45972,1,0,0:0:0:0:
475,192,45972,1,0,0:0:0:0:
109,192,46070,1,0,0:0:0:0:
329,192,46070,1,0,0:0:0:0:
182,192,46168,1,0,0:0:0:0:
402,192,46168,1,0,0:0:0:0:
256,192,46266,1,0,0:0:0:0:
36,192,46266,1,0,0:0:0:0:
475,192,46266,1,0,0:0:0:0:
182,192,46396,1,0,0:0:0:0:
402,192,46396,1,0,0:0:0:0:
109,192,46396,1,0,0:0:0:0:
256,192,46462,1,0,0:0:0:0:
329,192,46560,1,0,0:0:0:0:
475,192,46560,1,0,0:0:0:0:
182,192,46592,1,0,0:0:0:0:
36,192,46658,1,0,0:0:0:0:
109,192,46658,1,0,0:0:0:0:
402,192,46658,1,0,0:0:0:0:
256,192,46658,128,0,46854:0:0:0:0:
109,192,46854,1,0,0:0:0:0:
329,192,46854,1,0,0:0:0:0:
475,192,46854,1,0,0:0:0:0:
36,192,47050,128,0,47246:0:0:0:0:
182,192,47050,128,0,47246:0:0:0:0:
402,192,47050,1,0,0:0:0:0:
109,192,47050,128,0,47246:0:0:0:0:
329,192,47246,1,0,0:0:0:0:
36,192,47344,1,0,0:0:0:0:
182,192,47344,1,0,0:0:0:0:
109,192,47344,1,0,0:0:0:0:
256,192,47442,1,0,0:0:0:0:
329,192,47442,1,0,0:0:0:0:
475,192,47442,1,0,0:0:0:0:
109,192,47638,128,0,48030:0:0:0:0:
402,192,47638,128,0,48030:0:0:0:0:
182,192,48030,1,0,0:0:0:0:
329,192,48030,1,0,0:0:0:0:
475,192,48226,128,0,48521:0:0:0:0:
36,192,48226,128,0,48521:0:0:0:0:
256,192,48226,1,0,0:0:0:0:
109,192,48325,128,0,48521:0:0:0:0:
402,192,48325,128,0,48521:0:0:0:0:
329,192,48423,128,0,48521:0:0:0:0:
182,192,48423,128,0,48521:0:0:0:0:
182,192,48619,1,0,0:0:0:0:
256,192,48619,128,0,49795:0:0:0:0:
36,192,48619,1,0,0:0:0:0:
329,192,48619,1,0,0:0:0:0:
475,192,48619,1,0,0:0:0:0:
475,192,48913,1,0,0:0:0:0:
402,192,49011,1,0,0:0:0:0:
182,192,49011,1,0,0:0:0:0:
329,192,49109,1,0,0:0:0:0:
109,192,49109,1,0,0:0:0:0:
36,192,49207,1,0,0:0:0:0:
109,192,49305,1,0,0:0:0:0:
329,192,49305,1,0,0:0:0:0:
475,192,49403,1,0,0:0:0:0:
402,192,49403,1,0,0:0:0:0:
182,192,49403,1,0,0:0:0:0:
109,192,49501,1,0,0:0:0:0:
36,192,49599,1,0,0:0:0:0:
402,192,49599,1,0,0:0:0:0:
475,192,49599,1,0,0:0:0:0:
329,192,49697,1,0,0:0:0:0:
182,192,49795,1,0,0:0:0:0:
402,192,49795,1,0,0:0:0:0:
475,192,49795,1,0,0:0:0:0:
256,192,49893,1,0,0:0:0:0:
36,192,49893,1,0,0:0:0:0:
109,192,49991,1,0,0:0:0:0:
329,192,49991,1,0,0:0:0:0:
182,192,50089,1,0,0:0:0:0:
402,192,50089,1,0,0:0:0:0:
256,192,50187,1,0,0:0:0:0:
475,192,50187,1,0,0:0:0:0:
36,192,50187,1,0,0:0:0:0:
329,192,50318,1,0,0:0:0:0:
182,192,50416,1,0,0:0:0:0:
329,192,50514,1,0,0:0:0:0:
475,192,50579,1,0,0:0:0:0:
109,192,50579,1,0,0:0:0:0:
256,192,50710,1,0,0:0:0:0:
402,192,50841,1,0,0:0:0:0:
182,192,50906,1,0,0:0:0:0:
475,192,50972,1,0,0:0:0:0:
329,192,50972,1,0,0:0:0:0:
256,192,51102,1,0,0:0:0:0:
36,192,51102,1,0,0:0:0:0:
329,192,51168,1,0,0:0:0:0:
402,192,51168,1,0,0:0:0:0:
182,192,51298,1,0,0:0:0:0:
109,192,51298,1,0,0:0:0:0:
256,192,51364,1,0,0:0:0:0:
475,192,51364,1,0,0:0:0:0:
36,192,51494,1,0,0:0:0:0:
182,192,51494,1,0,0:0:0:0:
329,192,51560,1,0,0:0:0:0:
402,192,51560,1,0,0:0:0:0:
109,192,51658,1,0,0:0:0:0:
256,192,51658,1,0,0:0:0:0:
402,192,51756,128,0,51952:0:0:0:0:
475,192,51756,128,0,51952:0:0:0:0:
36,192,51952,1,0,0:0:0:0:
256,192,51952,1,0,0:0:0:0:
329,192,52017,1,0,0:0:0:0:
109,192,52017,1,0,0:0:0:0:
402,192,52083,1,0,0:0:0:0:
182,192,52083,1,0,0:0:0:0:
256,192,52148,1,0,0:0:0:0:
475,192,52148,1,0,0:0:0:0:
36,192,52148,1,0,0:0:0:0:
182,192,52246,1,0,0:0:0:0:
109,192,52344,1,0,0:0:0:0:
329,192,52344,1,0,0:0:0:0:
256,192,52442,1,0,0:0:0:0:
182,192,52540,1,0,0:0:0:0:
36,192,52540,1,0,0:0:0:0:
402,192,52540,1,0,0:0:0:0:
475,192,52540,1,0,0:0:0:0:
329,192,52638,1,0,0:0:0:0:
256,192,52736,1,0,0:0:0:0:
182,192,52834,1,0,0:0:0:0:
329,192,52932,1,0,0:0:0:0:
256,192,53030,1,0,0:0:0:0:
182,192,53128,1,0,0:0:0:0:
109,192,53226,1,0,0:0:0:0:
329,192,53226,1,0,0:0:0:0:
475,192,53226,1,0,0:0:0:0:
256,192,53423,1,0,0:0:0:0:
329,192,53423,1,0,0:0:0:0:
329,192,53521,128,0,53717:0:0:0:0:
475,192,53521,128,0,53717:0:0:0:0:
182,192,53717,1,0,0:0:0:0:
256,192,53717,1,0,0:0:0:0:
256,192,53815,128,0,54011:0:0:0:0:
402,192,53815,128,0,54011:0:0:0:0:
475,192,53815,1,0,0:0:0:0:
182,192,54011,1,0,0:0:0:0:
109,192,54011,1,0,0:0:0:0:
329,192,54109,128,0,54305:0:0:0:0:
182,192,54109,128,0,54305:0:0:0:0:
402,192,54109,1,0,0:0:0:0:
36,192,54305,1,0,0:0:0:0:
109,192,54305,1,0,0:0:0:0:
109,192,54403,128,0,54599:0:0:0:0:
256,192,54403,128,0,54599:0:0:0:0:
329,192,54403,1,0,0:0:0:0:
475,192,54501,1,0,0:0:0:0:
402,192,54599,1,0,0:0:0:0:
36,192,54697,1,0,0:0:0:0:
182,192,54697,1,0,0:0:0:0:
329,192,54697,1,0,0:0:0:0:
256,192,54795,1,0,0:0:0:0:
402,192,54795,1,0,0:0:0:0:
329,192,54893,1,0,0:0:0:0:
475,192,54893,1,0,0:0:0:0:
109,192,54893,128,0,55089:0:0:0:0:
36,192,55089,1,0,0:0:0:0:
182,192,55155,1,0,0:0:0:0:
256,192,55220,1,0,0:0:0:0:
329,192,55285,128,0,55579:0:0:0:0:
109,192,55285,1,0,0:0:0:0:
475,192,55416,128,0,55579:0:0:0:0:
36,192,55579,1,0,0:0:0:0:
182,192,55579,1,0,0:0:0:0:
256,192,55579,1,0,0:0:0:0:
329,192,55677,1,0,0:0:0:0:
475,192,55677,1,0,0:0:0:0:
182,192,55775,128,0,55972:0:0:0:0:
109,192,55775,128,0,55972:0:0:0:0:
402,192,55972,1,0,0:0:0:0:
475,192,55972,1,0,0:0:0:0:
256,192,55972,1,0,0:0:0:0:
36,192,56070,1,0,0:0:0:0:
182,192,56070,1,0,0:0:0:0:
109,192,56200,1,0,0:0:0:0:
256,192,56200,1,0,0:0:0:0:
402,192,56266,128,0,56364:0:0:0:0:
329,192,56266,128,0,56364:0:0:0:0:
475,192,56266,128,0,56364:0:0:0:0:
256,192,56462,128,0,57148:0:0:0:0:
36,192,56462,1,0,0:0:0:0:
182,192,56462,1,0,0:0:0:0:
402,192,56658,1,0,0:0:0:0:
329,192,56658,1,0,0:0:0:0:
475,192,56658,1,0,0:0:0:0:
36,192,56854,1,0,0:0:0:0:
182,192,56854,1,0,0:0:0:0:
402,192,56952,1,0,0:0:0:0:
329,192,56952,1,0,0:0:0:0:
475,192,56952,1,0,0:0:0:0:
36,192,57050,1,0,0:0:0:0:
182,192,57050,1,0,0:0:0:0:
329,192,57148,1,0,0:0:0:0:
475,192,57148,1,0,0:0:0:0:
402,192,57246,1,0,0:0:0:0:
256,192,57246,1,0,0:0:0:0:
36,192,57246,128,0,57442:0:0:0:0:
109,192,57246,128,0,57442:0:0:0:0:
329,192,57344,1,0,0:0:0:0:
182,192,57344,1,0,0:0:0:0:
256,192,57442,1,0,0:0:0:0:
402,192,57540,1,0,0:0:0:0:
475,192,57540,1,0,0:0:0:0:
182,192,57540,128,0,57736:0:0:0:0:
109,192,57540,128,0,57736:0:0:0:0:
256,192,57638,1,0,0:0:0:0:
329,192,57736,1,0,0:0:0:0:
475,192,57736,1,0,0:0:0:0:
402,192,57834,1,0,0:0:0:0:
36,192,57834,128,0,57932:0:0:0:0:
182,192,57834,128,0,57932:0:0:0:0:
475,192,57834,1,0,0:0:0:0:
329,192,57932,1,0,0:0:0:0:
475,192,58030,128,0,58226:0:0:0:0:
402,192,58030,128,0,58226:0:0:0:0:
182,192,58030,1,0,0:0:0:0:
36,192,58030,1,0,0:0:0:0:
256,192,58030,1,0,0:0:0:0:
109,192,58128,1,0,0:0:0:0:
329,192,58128,1,0,0:0:0:0:
182,192,58226,1,0,0:0:0:0:
402,192,58325,128,0,58521:0:0:0:0:
329,192,58325,128,0,58521:0:0:0:0:
36,192,58325,1,0,0:0:0:0:
256,192,58325,1,0,0:0:0:0:
109,192,58423,1,0,0:0:0:0:
256,192,58521,1,0,0:0:0:0:
182,192,58521,1,0,0:0:0:0:
329,192,58619,128,0,58717:0:0:0:0:
36,192,58619,1,0,0:0:0:0:
109,192,58619,1,0,0:0:0:0:
475,192,58619,128,0,58717:0:0:0:0:
256,192,58717,1,0,0:0:0:0:
402,192,58815,1,0,0:0:0:0:
475,192,58815,1,0,0:0:0:0:
36,192,58815,1,0,0:0:0:0:
182,192,58815,1,0,0:0:0:0:
329,192,58913,1,0,0:0:0:0:
182,192,58913,1,0,0:0:0:0:
109,192,59011,1,0,0:0:0:0:
256,192,59011,1,0,0:0:0:0:
329,192,59109,1,0,0:0:0:0:
475,192,59109,1,0,0:0:0:0:
36,192,59207,1,0,0:0:0:0:
256,192,59207,1,0,0:0:0:0:
402,192,59207,1,0,0:0:0:0:
109,192,59305,1,0,0:0:0:0:
329,192,59403,1,0,0:0:0:0:
475,192,59403,1,0,0:0:0:0:
182,192,59403,1,0,0:0:0:0:
329,192,59501,1,0,0:0:0:0:
109,192,59501,1,0,0:0:0:0:
36,192,59599,1,0,0:0:0:0:
256,192,59599,1,0,0:0:0:0:
402,192,59599,1,0,0:0:0:0:
475,192,59599,1,0,0:0:0:0:
182,192,59599,1,0,0:0:0:0:
36,192,59991,1,0,0:0:0:0:
475,192,59991,1,0,0:0:0:0:
109,192,60089,1,0,0:0:0:0:
402,192,60089,1,0,0:0:0:0:
182,192,60187,1,0,0:0:0:0:
329,192,60187,1,0,0:0:0:0:
256,192,60285,1,0,0:0:0:0:
475,192,60285,1,0,0:0:0:0:
36,192,60285,1,0,0:0:0:0:
109,192,60481,1,0,0:0:0:0:
402,192,60481,1,0,0:0:0:0:
182,192,60677,1,0,0:0:0:0:
329,192,60677,1,0,0:0:0:0:
109,192,60874,1,0,0:0:0:0:
256,192,60874,1,0,0:0:0:0:
402,192,60874,1,0,0:0:0:0:
36,192,61070,1,0,0:0:0:0:
329,192,61070,1,0,0:0:0:0:
182,192,61168,128,0,61364:0:0:0:0:
475,192,61168,128,0,61364:0:0:0:0:
256,192,61168,128,0,62246:0:0:0:0:
109,192,61462,128,0,61658:0:0:0:0:
402,192,61462,128,0,61658:0:0:0:0:
182,192,61462,1,0,0:0:0:0:
475,192,61462,1,0,0:0:0:0:
36,192,61756,128,0,62246:0:0:0:0:
329,192,61756,128,0,62246:0:0:0:0:
109,192,61756,1,0,0:0:0:0:
402,192,61756,1,0,0:0:0:0:
182,192,62050,128,0,62442:0:0:0:0:
475,192,62050,128,0,62442:0:0:0:0:
36,192,62344,128,0,62442:0:0:0:0:
329,192,62344,128,0,62442:0:0:0:0:
256,192,62344,128,0,62442:0:0:0:0:
36,192,62540,1,0,0:0:0:0:
109,192,62540,1,0,0:0:0:0:
402,192,62540,1,0,0:0:0:0:
475,192,62540,1,0,0:0:0:0:
182,192,62638,1,0,0:0:0:0:
256,192,62638,1,0,0:0:0:0:
329,192,62638,1,0,0:0:0:0:
36,192,62736,128,0,62932:0:0:0:0:
109,192,62736,128,0,62932:0:0:0:0:
402,192,62736,128,0,62932:0:0:0:0:
475,192,62736,128,0,62932:0:0:0:0:
182,192,62932,1,0,0:0:0:0:
329,192,62932,1,0,0:0:0:0:
36,192,63030,1,0,0:0:0:0:
109,192,63030,1,0,0:0:0:0:
402,192,63030,1,0,0:0:0:0:
475,192,63030,1,0,0:0:0:0:
256,192,63128,1,0,0:0:0:0:
329,192,63226,1,0,0:0:0:0:
109,192,63226,1,0,0:0:0:0:
402,192,63325,1,0,0:0:0:0:
182,192,63325,1,0,0:0:0:0:
475,192,63423,1,0,0:0:0:0:
256,192,63423,1,0,0:0:0:0:
329,192,63521,1,0,0:0:0:0:
36,192,63521,1,0,0:0:0:0:
109,192,63619,1,0,0:0:0:0:
475,192,63619,1,0,0:0:0:0:
182,192,63717,1,0,0:0:0:0:
402,192,63717,1,0,0:0:0:0:
36,192,63815,1,0,0:0:0:0:
329,192,63815,1,0,0:0:0:0:
109,192,63913,1,0,0:0:0:0:
402,192,63913,1,0,0:0:0:0:
256,192,63913,1,0,0:0:0:0:
475,192,64011,1,0,0:0:0:0:
329,192,64011,1,0,0:0:0:0:
182,192,64011,1,0,0:0:0:0:
36,192,64109,1,0,0:0:0:0:
109,192,64109,1,0,0:0:0:0:
256,192,64109,1,0,0:0:0:0:
329,192,64207,1,0,0:0:0:0:
475,192,64207,1,0,0:0:0:0:
182,192,64305,1,0,0:0:0:0:
36,192,64305,1,0,0:0:0:0:
256,192,64305,1,0,0:0:0:0:
402,192,64305,1,0,0:0:0:0:
36,192,64599,1,0,0:0:0:0:
329,192,64599,1,0,0:0:0:0:
109,192,64632,1,0,0:0:0:0:
402,192,64632,1,0,0:0:0:0:
475,192,64664,128,0,64893:0:0:0:0:
182,192,64664,128,0,64893:0:0:0:0:
329,192,64828,128,0,64959:0:0:0:0:
36,192,64828,128,0,64959:0:0:0:0:
475,192,64959,1,0,0:0:0:0:
182,192,64959,1,0,0:0:0:0:
256,192,64959,1,0,0:0:0:0:
36,192,65089,1,0,0:0:0:0:
329,192,65089,1,0,0:0:0:0:
109,192,65138,1,0,0:0:0:0:
182,192,65187,1,0,0:0:0:0:
475,192,65187,1,0,0:0:0:0:
256,192,65236,1,0,0:0:0:0:
329,192,65285,1,0,0:0:0:0:
109,192,65334,1,0,0:0:0:0:
182,192,65383,1,0,0:0:0:0:
475,192,65383,1,0,0:0:0:0:
256,192,65432,1,0,0:0:0:0:
329,192,65481,1,0,0:0:0:0:
402,192,65530,1,0,0:0:0:0:
182,192,65579,1,0,0:0:0:0:
36,192,65579,1,0,0:0:0:0:
256,192,65628,1,0,0:0:0:0:
329,192,65677,1,0,0:0:0:0:
109,192,65677,1,0,0:0:0:0:
402,192,65726,1,0,0:0:0:0:
475,192,65776,1,0,0:0:0:0:
256,192,65776,1,0,0:0:0:0:
36,192,65874,1,0,0:0:0:0:
182,192,65874,1,0,0:0:0:0:
36,192,66070,5,0,0:0:0:0:
109,192,66070,1,0,0:0:0:0:
256,192,66070,1,0,0:0:0:0:
475,192,66070,1,0,0:0:0:0:
329,192,66168,1,0,0:0:0:0:
329,192,66266,1,0,0:0:0:0:
109,192,66364,1,0,0:0:0:0:
329,192,66364,1,0,0:0:0:0:
36,192,66364,1,0,0:0:0:0:
256,192,66462,1,0,0:0:0:0:
182,192,66462,1,0,0:0:0:0:
475,192,66462,1,0,0:0:0:0:
329,192,66560,1,0,0:0:0:0:
329,192,66658,1,0,0:0:0:0:
182,192,66658,1,0,0:0:0:0:
36,192,66658,1,0,0:0:0:0:
329,192,66756,1,0,0:0:0:0:
475,192,66854,1,0,0:0:0:0:
256,192,66854,1,0,0:0:0:0:
182,192,66854,1,0,0:0:0:0:
36,192,66952,1,0,0:0:0:0:
329,192,66952,1,0,0:0:0:0:
109,192,66952,1,0,0:0:0:0:
329,192,67050,1,0,0:0:0:0:
182,192,67050,1,0,0:0:0:0:
329,192,67148,1,0,0:0:0:0:
36,192,67148,1,0,0:0:0:0:
109,192,67148,1,0,0:0:0:0:
256,192,67246,1,0,0:0:0:0:
182,192,67246,1,0,0:0:0:0:
475,192,67246,1,0,0:0:0:0:
329,192,67344,1,0,0:0:0:0:
329,192,67442,1,0,0:0:0:0:
182,192,67442,1,0,0:0:0:0:
36,192,67442,1,0,0:0:0:0:
329,192,67540,1,0,0:0:0:0:
475,192,67638,1,0,0:0:0:0:
36,192,67638,1,0,0:0:0:0:
256,192,67638,1,0,0:0:0:0:
109,192,67638,1,0,0:0:0:0:
329,192,67736,1,0,0:0:0:0:
182,192,67834,1,0,0:0:0:0:
329,192,67834,1,0,0:0:0:0:
36,192,67834,1,0,0:0:0:0:
329,192,67932,1,0,0:0:0:0:
109,192,67932,1,0,0:0:0:0:
256,192,67932,1,0,0:0:0:0:
182,192,68030,1,0,0:0:0:0:
475,192,68030,1,0,0:0:0:0:
36,192,68030,1,0,0:0:0:0:
402,192,68030,1,0,0:0:0:0:
329,192,68128,1,0,0:0:0:0:
402,192,68226,128,0,68423:0:0:0:0:
36,192,68226,128,0,68717:0:0:0:0:
182,192,68226,128,0,68423:0:0:0:0:
256,192,68226,1,0,0:0:0:0:
475,192,68226,1,0,0:0:0:0:
329,192,68423,1,0,0:0:0:0:
109,192,68423,1,0,0:0:0:0:
256,192,68521,128,0,68717:0:0:0:0:
475,192,68521,128,0,68717:0:0:0:0:
182,192,68521,1,0,0:0:0:0:
402,192,68521,1,0,0:0:0:0:
109,192,68815,128,0,69109:0:0:0:0:
475,192,68815,128,0,69109:0:0:0:0:
402,192,68815,128,0,69109:0:0:0:0:
36,192,68815,128,0,69109:0:0:0:0:
256,192,68815,128,0,68913:0:0:0:0:
256,192,69011,1,0,0:0:0:0:
475,192,69207,5,0,0:0:0:0:
36,192,69207,1,0,0:0:0:0:
256,192,69207,1,0,0:0:0:0:
402,192,69207,1,0,0:0:0:0:
182,192,69305,1,0,0:0:0:0:
182,192,69403,1,0,0:0:0:0:
475,192,69501,1,0,0:0:0:0:
182,192,69501,1,0,0:0:0:0:
402,192,69501,1,0,0:0:0:0:
329,192,69599,1,0,0:0:0:0:
36,192,69599,1,0,0:0:0:0:
256,192,69599,1,0,0:0:0:0:
182,192,69697,1,0,0:0:0:0:
182,192,69795,1,0,0:0:0:0:
475,192,69795,1,0,0:0:0:0:
329,192,69795,1,0,0:0:0:0:
182,192,69893,1,0,0:0:0:0:
256,192,69991,1,0,0:0:0:0:
36,192,69991,1,0,0:0:0:0:
329,192,69991,1,0,0:0:0:0:
475,192,70089,1,0,0:0:0:0:
402,192,70089,1,0,0:0:0:0:
182,192,70089,1,0,0:0:0:0:
182,192,70187,1,0,0:0:0:0:
329,192,70187,1,0,0:0:0:0:
402,192,70285,1,0,0:0:0:0:
182,192,70285,1,0,0:0:0:0:
475,192,70285,1,0,0:0:0:0:
36,192,70383,1,0,0:0:0:0:
329,192,70383,1,0,0:0:0:0:
256,192,70383,1,0,0:0:0:0:
182,192,70481,1,0,0:0:0:0:
329,192,70579,1,0,0:0:0:0:
182,192,70579,1,0,0:0:0:0:
475,192,70579,1,0,0:0:0:0:
182,192,70677,1,0,0:0:0:0:
475,192,70776,1,0,0:0:0:0:
402,192,70776,1,0,0:0:0:0:
36,192,70776,1,0,0:0:0:0:
256,192,70776,1,0,0:0:0:0:
182,192,70874,1,0,0:0:0:0:
329,192,70972,1,0,0:0:0:0:
182,192,70972,1,0,0:0:0:0:
475,192,70972,1,0,0:0:0:0:
256,192,71070,1,0,0:0:0:0:
182,192,71070,1,0,0:0:0:0:
402,192,71070,1,0,0:0:0:0:
475,192,71168,1,0,0:0:0:0:
329,192,71168,1,0,0:0:0:0:
109,192,71168,1,0,0:0:0:0:
36,192,71168,1,0,0:0:0:0:
475,192,71364,128,0,71854:0:0:0:0:
329,192,71364,128,0,71560:0:0:0:0:
109,192,71364,128,0,71560:0:0:0:0:
256,192,71364,1,0,0:0:0:0:
36,192,71364,1,0,0:0:0:0:
402,192,71560,1,0,0:0:0:0:
182,192,71560,1,0,0:0:0:0:
109,192,71658,1,0,0:0:0:0:
36,192,71658,128,0,71854:0:0:0:0:
329,192,71658,1,0,0:0:0:0:
256,192,71658,128,0,71854:0:0:0:0:
36,192,71952,128,0,72246:0:0:0:0:
475,192,71952,128,0,72246:0:0:0:0:
402,192,71952,128,0,72246:0:0:0:0:
256,192,71952,128,0,72050:0:0:0:0:
109,192,71952,128,0,72246:0:0:0:0:
256,192,72148,1,0,0:0:0:0:
36,192,72344,1,0,0:0:0:0:
109,192,72344,1,0,0:0:0:0:
182,192,72344,1,0,0:0:0:0:
329,192,72344,1,0,0:0:0:0:
402,192,72344,1,0,0:0:0:0:
475,192,72344,1,0,0:0:0:0:
256,192,72540,1,0,0:0:0:0:
475,192,72540,1,0,0:0:0:0:
256,192,72638,1,0,0:0:0:0:
475,192,72638,1,0,0:0:0:0:
182,192,72736,1,0,0:0:0:0:
402,192,72736,1,0,0:0:0:0:
36,192,72736,1,0,0:0:0:0:
182,192,72834,1,0,0:0:0:0:
402,192,72834,1,0,0:0:0:0:
36,192,72932,1,0,0:0:0:0:
109,192,72932,1,0,0:0:0:0:
36,192,73030,1,0,0:0:0:0:
109,192,73030,1,0,0:0:0:0:
329,192,73128,1,0,0:0:0:0:
256,192,73128,1,0,0:0:0:0:
475,192,73128,1,0,0:0:0:0:
329,192,73226,1,0,0:0:0:0:
256,192,73226,1,0,0:0:0:0:
109,192,73325,1,0,0:0:0:0:
182,192,73325,1,0,0:0:0:0:
109,192,73423,1,0,0:0:0:0:
182,192,73423,1,0,0:0:0:0:
329,192,73521,1,0,0:0:0:0:
402,192,73521,1,0,0:0:0:0:
36,192,73521,1,0,0:0:0:0:
329,192,73619,1,0,0:0:0:0:
402,192,73619,1,0,0:0:0:0:
475,192,73717,128,0,73913:0:0:0:0:
256,192,73717,128,0,73913:0:0:0:0:
36,192,73717,1,0,0:0:0:0:
182,192,73717,1,0,0:0:0:0:
109,192,73913,1,0,0:0:0:0:
329,192,73913,1,0,0:0:0:0:
36,192,73913,1,0,0:0:0:0:
182,192,74011,128,0,74207:0:0:0:0:
402,192,74011,128,0,74207:0:0:0:0:
256,192,74207,1,0,0:0:0:0:
36,192,74207,1,0,0:0:0:0:
109,192,74305,128,0,74501:0:0:0:0:
329,192,74305,128,0,74501:0:0:0:0:
402,192,74305,1,0,0:0:0:0:
475,192,74305,1,0,0:0:0:0:
182,192,74501,1,0,0:0:0:0:
475,192,74501,1,0,0:0:0:0:
36,192,74599,128,0,74795:0:0:0:0:
256,192,74599,128,0,74795:0:0:0:0:
329,192,74697,1,0,0:0:0:0:
402,192,74697,1,0,0:0:0:0:
109,192,74795,1,0,0:0:0:0:
36,192,74893,1,0,0:0:0:0:
256,192,74893,1,0,0:0:0:0:
475,192,74893,1,0,0:0:0:0:
109,192,74991,1,0,0:0:0:0:
329,192,74991,1,0,0:0:0:0:
182,192,75089,1,0,0:0:0:0:
402,192,75089,1,0,0:0:0:0:
256,192,75187,1,0,0:0:0:0:
475,192,75187,1,0,0:0:0:0:
36,192,75285,128,0,75776:0:0:0:0:
402,192,75285,128,0,75481:0:0:0:0:
182,192,75285,128,0,75481:0:0:0:0:
256,192,75481,1,0,0:0:0:0:
329,192,75579,128,0,75972:0:0:0:0:
109,192,75579,128,0,75972:0:0:0:0:
182,192,75579,1,0,0:0:0:0:
402,192,75677,1,0,0:0:0:0:
475,192,75677,1,0,0:0:0:0:
256,192,75874,128,0,75972:0:0:0:0:
475,192,75874,128,0,75972:0:0:0:0:
36,192,75874,128,0,75972:0:0:0:0:
36,192,76070,1,0,0:0:0:0:
402,192,76070,128,0,76266:0:0:0:0:
182,192,76070,128,0,76266:0:0:0:0:
475,192,76070,1,0,0:0:0:0:
256,192,76266,1,0,0:0:0:0:
329,192,76364,128,0,76560:0:0:0:0:
36,192,76364,1,0,0:0:0:0:
182,192,76364,1,0,0:0:0:0:
402,192,76413,128,0,76560:0:0:0:0:
475,192,76462,128,0,76560:0:0:0:0:
402,192,76658,1,0,0:0:0:0:
109,192,76658,128,0,77050:0:0:0:0:
182,192,76658,128,0,77050:0:0:0:0:
475,192,76658,1,0,0:0:0:0:
36,192,76658,1,0,0:0:0:0:
329,192,76658,1,0,0:0:0:0:
329,192,76854,1,0,0:0:0:0:
36,192,77050,1,0,0:0:0:0:
256,192,77050,1,0,0:0:0:0:
475,192,77050,1,0,0:0:0:0:
109,192,77148,1,0,0:0:0:0:
329,192,77148,1,0,0:0:0:0:
475,192,77246,1,0,0:0:0:0:
182,192,77246,1,0,0:0:0:0:
402,192,77344,1,0,0:0:0:0:
36,192,77344,1,0,0:0:0:0:
256,192,77442,1,0,0:0:0:0:
109,192,77442,1,0,0:0:0:0:
329,192,77442,1,0,0:0:0:0:
402,192,77540,1,0,0:0:0:0:
182,192,77540,1,0,0:0:0:0:
256,192,77638,1,0,0:0:0:0:
475,192,77638,1,0,0:0:0:0:
402,192,77687,1,0,0:0:0:0:
182,192,77736,1,0,0:0:0:0:
329,192,77736,1,0,0:0:0:0:
109,192,77785,1,0,0:0:0:0:
36,192,77834,1,0,0:0:0:0:
256,192,77834,1,0,0:0:0:0:
182,192,77932,1,0,0:0:0:0:
256,192,77981,1,0,0:0:0:0:
329,192,78030,1,0,0:0:0:0:
109,192,78030,1,0,0:0:0:0:
402,192,78030,128,0,78325:0:0:0:0:
475,192,78030,128,0,78325:0:0:0:0:
36,192,78128,1,0,0:0:0:0:
256,192,78128,1,0,0:0:0:0:
182,192,78226,128,0,78423:0:0:0:0:
36,192,78423,1,0,0:0:0:0:
256,192,78423,1,0,0:0:0:0:
402,192,78423,1,0,0:0:0:0:
475,192,78423,1,0,0:0:0:0:
329,192,78619,5,0,0:0:0:0:
256,192,78619,1,0,0:0:0:0:
475,192,78619,1,0,0:0:0:0:
256,192,78717,1,0,0:0:0:0:
36,192,78815,5,0,0:0:0:0:
109,192,78815,1,0,0:0:0:0:
182,192,78815,1,0,0:0:0:0:
256,192,78815,1,0,0:0:0:0:
256,192,78913,1,0,0:0:0:0:
256,192,79011,1,0,0:0:0:0:
256,192,79109,1,0,0:0:0:0:
475,192,79207,1,0,0:0:0:0:
402,192,79207,1,0,0:0:0:0:
256,192,79207,1,0,0:0:0:0:
256,192,79305,1,0,0:0:0:0:
256,192,79403,1,0,0:0:0:0:
329,192,79403,1,0,0:0:0:0:
256,192,79501,1,0,0:0:0:0:
402,192,79501,1,0,0:0:0:0:
475,192,79501,1,0,0:0:0:0:
109,192,79599,1,0,0:0:0:0:
36,192,79599,1,0,0:0:0:0:
182,192,79599,1,0,0:0:0:0:
256,192,79599,1,0,0:0:0:0:
256,192,79697,1,0,0:0:0:0:
256,192,79795,1,0,0:0:0:0:
402,192,79795,1,0,0:0:0:0:
475,192,79795,1,0,0:0:0:0:
256,192,79893,1,0,0:0:0:0:
36,192,79991,1,0,0:0:0:0:
256,192,79991,1,0,0:0:0:0:
109,192,79991,1,0,0:0:0:0:
256,192,80089,1,0,0:0:0:0:
256,192,80187,1,0,0:0:0:0:
329,192,80187,1,0,0:0:0:0:
256,192,80285,1,0,0:0:0:0:
402,192,80285,1,0,0:0:0:0:
475,192,80285,1,0,0:0:0:0:
109,192,80383,1,0,0:0:0:0:
36,192,80383,1,0,0:0:0:0:
182,192,80383,1,0,0:0:0:0:
256,192,80383,1,0,0:0:0:0:
256,192,80481,1,0,0:0:0:0:
256,192,80579,1,0,0:0:0:0:
402,192,80579,1,0,0:0:0:0:
475,192,80579,1,0,0:0:0:0:
256,192,80677,1,0,0:0:0:0:
36,192,80776,128,0,81266:0:0:0:0:
256,192,80776,128,0,80972:0:0:0:0:
475,192,80776,128,0,80972:0:0:0:0:
182,192,80776,1,0,0:0:0:0:
402,192,80776,1,0,0:0:0:0:
329,192,80972,1,0,0:0:0:0:
109,192,80972,1,0,0:0:0:0:
475,192,81070,1,0,0:0:0:0:
402,192,81070,128,0,81266:0:0:0:0:
256,192,81070,1,0,0:0:0:0:
182,192,81070,128,0,81266:0:0:0:0:
475,192,81364,128,0,81658:0:0:0:0:
36,192,81364,128,0,81658:0:0:0:0:
109,192,81364,128,0,81658:0:0:0:0:
256,192,81364,128,0,81462:0:0:0:0:
402,192,81364,128,0,81658:0:0:0:0:
256,192,81560,1,0,0:0:0:0:
182,192,81756,5,0,0:0:0:0:
256,192,81756,1,0,0:0:0:0:
36,192,81756,1,0,0:0:0:0:
256,192,81854,1,0,0:0:0:0:
475,192,81952,5,0,0:0:0:0:
329,192,81952,1,0,0:0:0:0:
402,192,81952,1,0,0:0:0:0:
256,192,81952,1,0,0:0:0:0:
256,192,82050,1,0,0:0:0:0:
256,192,82148,1,0,0:0:0:0:
256,192,82246,1,0,0:0:0:0:
36,192,82344,1,0,0:0:0:0:
109,192,82344,1,0,0:0:0:0:
256,192,82344,1,0,0:0:0:0:
256,192,82442,1,0,0:0:0:0:
256,192,82540,1,0,0:0:0:0:
182,192,82540,1,0,0:0:0:0:
256,192,82638,1,0,0:0:0:0:
109,192,82638,1,0,0:0:0:0:
36,192,82638,1,0,0:0:0:0:
402,192,82736,1,0,0:0:0:0:
475,192,82736,1,0,0:0:0:0:
329,192,82736,1,0,0:0:0:0:
256,192,82736,1,0,0:0:0:0:
256,192,82834,1,0,0:0:0:0:
256,192,82932,1,0,0:0:0:0:
109,192,82932,1,0,0:0:0:0:
36,192,82932,1,0,0:0:0:0:
256,192,83030,1,0,0:0:0:0:
475,192,83128,1,0,0:0:0:0:
256,192,83128,1,0,0:0:0:0:
402,192,83128,1,0,0:0:0:0:
256,192,83226,1,0,0:0:0:0:
256,192,83325,1,0,0:0:0:0:
182,192,83325,1,0,0:0:0:0:
256,192,83423,1,0,0:0:0:0:
109,192,83423,1,0,0:0:0:0:
36,192,83423,1,0,0:0:0:0:
402,192,83521,1,0,0:0:0:0:
475,192,83521,1,0,0:0:0:0:
329,192,83521,1,0,0:0:0:0:
256,192,83521,1,0,0:0:0:0:
256,192,83619,1,0,0:0:0:0:
256,192,83717,1,0,0:0:0:0:
109,192,83717,1,0,0:0:0:0:
36,192,83717,1,0,0:0:0:0:
475,192,83913,128,0,84403:0:0:0:0:
256,192,83913,128,0,84109:0:0:0:0:
36,192,83913,128,0,84109:0:0:0:0:
329,192,83913,1,0,0:0:0:0:
109,192,83913,1,0,0:0:0:0:
182,192,84109,1,0,0:0:0:0:
402,192,84109,1,0,0:0:0:0:
36,192,84207,1,0,0:0:0:0:
109,192,84207,128,0,84403:0:0:0:0:
256,192,84207,1,0,0:0:0:0:
329,192,84207,128,0,84403:0:0:0:0:
36,192,84501,128,0,84795:0:0:0:0:
475,192,84501,128,0,84795:0:0:0:0:
402,192,84501,128,0,84795:0:0:0:0:
256,192,84501,128,0,84599:0:0:0:0:
109,192,84501,128,0,84795:0:0:0:0:
256,192,84697,1,0,0:0:0:0:
36,192,84893,1,0,0:0:0:0:
182,192,84893,1,0,0:0:0:0:
329,192,84893,1,0,0:0:0:0:
475,192,84893,1,0,0:0:0:0:
475,192,85089,128,0,85383:0:0:0:0:
329,192,85089,128,0,85383:0:0:0:0:
256,192,85089,1,0,0:0:0:0:
109,192,85089,128,0,85383:0:0:0:0:
36,192,85089,128,0,85383:0:0:0:0:
256,192,85285,1,0,0:0:0:0:
402,192,85481,128,0,85776:0:0:0:0:
256,192,85481,128,0,85776:0:0:0:0:
109,192,85481,1,0,0:0:0:0:
36,192,85481,1,0,0:0:0:0:
475,192,85481,128,0,85776:0:0:0:0:
329,192,85677,1,0,0:0:0:0:
36,192,85776,1,0,0:0:0:0:
182,192,85776,1,0,0:0:0:0:
182,192,85874,128,0,86168:0:0:0:0:
109,192,85874,128,0,86168:0:0:0:0:
329,192,85874,1,0,0:0:0:0:
475,192,85874,1,0,0:0:0:0:
256,192,85874,1,0,0:0:0:0:
329,192,86070,1,0,0:0:0:0:
402,192,86070,1,0,0:0:0:0:
329,192,86266,128,0,86560:0:0:0:0:
36,192,86266,1,0,0:0:0:0:
109,192,86266,1,0,0:0:0:0:
256,192,86266,1,0,0:0:0:0:
475,192,86315,128,0,86560:0:0:0:0:
182,192,86462,1,0,0:0:0:0:
109,192,86560,128,0,86658:0:0:0:0:
256,192,86560,1,0,0:0:0:0:
36,192,86560,128,0,86658:0:0:0:0:
329,192,86658,1,0,0:0:0:0:
475,192,86658,1,0,0:0:0:0:
402,192,86658,1,0,0:0:0:0:
329,192,86756,1,0,0:0:0:0:
256,192,86854,128,0,87148:0:0:0:0:
36,192,86854,1,0,0:0:0:0:
182,192,86854,1,0,0:0:0:0:
402,192,86903,128,0,87148:0:0:0:0:
475,192,86952,1,0,0:0:0:0:
36,192,87050,1,0,0:0:0:0:
329,192,87050,1,0,0:0:0:0:
109,192,87050,1,0,0:0:0:0:
182,192,87148,1,0,0:0:0:0:
402,192,87246,1,0,0:0:0:0:
36,192,87246,1,0,0:0:0:0:
256,192,87246,1,0,0:0:0:0:
475,192,87344,1,0,0:0:0:0:
182,192,87344,1,0,0:0:0:0:
329,192,87442,1,0,0:0:0:0:
36,192,87442,1,0,0:0:0:0:
109,192,87442,1,0,0:0:0:0:
256,192,87540,1,0,0:0:0:0:
475,192,87540,1,0,0:0:0:0:
182,192,87638,1,0,0:0:0:0:
402,192,87638,1,0,0:0:0:0:
109,192,87736,1,0,0:0:0:0:
329,192,87736,1,0,0:0:0:0:
402,192,87834,128,0,88030:0:0:0:0:
256,192,87834,128,0,88030:0:0:0:0:
36,192,87834,128,0,88521:0:0:0:0:
475,192,87932,1,0,0:0:0:0:
109,192,88030,1,0,0:0:0:0:
182,192,88030,1,0,0:0:0:0:
402,192,88128,1,0,0:0:0:0:
256,192,88128,1,0,0:0:0:0:
109,192,88226,1,0,0:0:0:0:
329,192,88226,1,0,0:0:0:0:
475,192,88226,1,0,0:0:0:0:
256,192,88423,1,0,0:0:0:0:
402,192,88423,128,0,88619:0:0:0:0:
475,192,88472,128,0,88619:0:0:0:0:
182,192,88619,128,0,88913:0:0:0:0:
36,192,88619,1,0,0:0:0:0:
329,192,88619,1,0,0:0:0:0:
402,192,88717,1,0,0:0:0:0:
256,192,88815,1,0,0:0:0:0:
36,192,88815,1,0,0:0:0:0:
475,192,88815,1,0,0:0:0:0:
329,192,88913,128,0,89207:0:0:0:0:
402,192,88962,128,0,89207:0:0:0:0:
182,192,89011,1,0,0:0:0:0:
475,192,89011,128,0,89207:0:0:0:0:
36,192,89011,1,0,0:0:0:0:
182,192,89109,1,0,0:0:0:0:
36,192,89207,1,0,0:0:0:0:
109,192,89207,1,0,0:0:0:0:
256,192,89207,1,0,0:0:0:0:
256,192,89403,128,0,89893:0:0:0:0:
475,192,89403,128,0,89893:0:0:0:0:
36,192,89403,128,0,89893:0:0:0:0:
182,192,89403,128,0,89599:0:0:0:0:
329,192,89403,128,0,89599:0:0:0:0:
329,192,89697,128,0,90187:0:0:0:0:
182,192,89697,128,0,90187:0:0:0:0:
475,192,89991,128,0,90187:0:0:0:0:
36,192,89991,128,0,90187:0:0:0:0:
256,192,89991,128,0,90187:0:0:0:0:
475,192,90383,128,0,90514:0:0:0:0:
402,192,90416,128,0,90547:0:0:0:0:
329,192,90449,128,0,90579:0:0:0:0:
256,192,90481,128,0,90612:0:0:0:0:
182,192,90514,128,0,90645:0:0:0:0:
109,192,90547,128,0,90677:0:0:0:0:
36,192,90579,128,0,90710:0:0:0:0:
475,192,90579,1,0,0:0:0:0:
402,192,90612,1,0,0:0:0:0:
329,192,90645,1,0,0:0:0:0:
256,192,90677,1,0,0:0:0:0:
182,192,90710,1,0,0:0:0:0:
109,192,90743,1,0,0:0:0:0:
36,192,90776,1,0,0:0:0:0:
256,192,90972,128,0,91168:0:0:0:0:
182,192,91168,1,0,0:0:0:0:
256,192,91266,1,0,0:0:0:0:
329,192,91364,1,0,0:0:0:0:
109,192,91462,1,0,0:0:0:0:
256,192,91560,1,0,0:0:0:0:
402,192,91658,1,0,0:0:0:0:
182,192,91756,128,0,91952:0:0:0:0:
329,192,91756,128,0,91952:0:0:0:0:
475,192,92148,128,0,92442:0:0:0:0:
402,192,92148,128,0,92442:0:0:0:0:
256,192,92148,128,0,92442:0:0:0:0:
109,192,92148,128,0,92442:0:0:0:0:
36,192,92148,128,0,92442:0:0:0:0:
182,192,92148,1,0,0:0:0:0:
329,192,92246,1,0,0:0:0:0:
182,192,92344,1,0,0:0:0:0:
329,192,92442,1,0,0:0:0:0:
402,192,92540,128,0,92736:0:0:0:0:
36,192,92540,128,0,92736:0:0:0:0:
475,192,92540,128,0,92736:0:0:0:0:
182,192,92540,128,0,92638:0:0:0:0:
329,192,92638,128,0,92736:0:0:0:0:
182,192,92736,1,0,0:0:0:0:
256,192,92834,1,0,0:0:0:0:
109,192,92834,1,0,0:0:0:0:
36,192,92834,1,0,0:0:0:0:
329,192,92834,1,0,0:0:0:0:
402,192,92834,1,0,0:0:0:0:
475,192,92834,1,0,0:0:0:0:
475,192,93128,1,0,0:0:0:0:
329,192,93128,128,0,93521:0:0:0:0:
109,192,93128,128,0,93423:0:0:0:0:
36,192,93128,1,0,0:0:0:0:
256,192,93325,1,0,0:0:0:0:
182,192,93325,1,0,0:0:0:0:
256,192,93423,1,0,0:0:0:0:
402,192,93521,1,0,0:0:0:0:
36,192,93521,1,0,0:0:0:0:
475,192,93521,1,0,0:0:0:0:
109,192,93521,1,0,0:0:0:0:
182,192,93521,1,0,0:0:0:0:
329,192,93717,128,0,93815:0:0:0:0:
475,192,93717,128,0,93913:0:0:0:0:
109,192,93717,128,0,93913:0:0:0:0:
36,192,93717,128,0,93913:0:0:0:0:
182,192,93815,128,0,93913:0:0:0:0:
329,192,93913,1,0,0:0:0:0:
402,192,94011,1,0,0:0:0:0:
182,192,94011,1,0,0:0:0:0:
256,192,94011,1,0,0:0:0:0:
475,192,94011,1,0,0:0:0:0:
109,192,94011,1,0,0:0:0:0:
36,192,94011,1,0,0:0:0:0:
402,192,94305,128,0,94599:0:0:0:0:
182,192,94305,128,0,94697:0:0:0:0:
36,192,94305,1,0,0:0:0:0:
475,192,94305,1,0,0:0:0:0:
256,192,94501,1,0,0:0:0:0:
329,192,94501,1,0,0:0:0:0:
329,192,94599,1,0,0:0:0:0:
109,192,94697,1,0,0:0:0:0:
36,192,94697,1,0,0:0:0:0:
402,192,94697,1,0,0:0:0:0:
475,192,94697,1,0,0:0:0:0:
256,192,94697,1,0,0:0:0:0:
329,192,94893,128,0,95089:0:0:0:0:
182,192,94893,128,0,95089:0:0:0:0:
109,192,94893,128,0,95089:0:0:0:0:
402,192,94893,128,0,95089:0:0:0:0:
402,192,95285,128,0,95579:0:0:0:0:
329,192,95285,128,0,95579:0:0:0:0:
182,192,95285,128,0,95579:0:0:0:0:
109,192,95285,128,0,95579:0:0:0:0:
109,192,95677,128,0,95874:0:0:0:0:
402,192,95677,128,0,95874:0:0:0:0:
36,192,95677,128,0,95874:0:0:0:0:
475,192,95677,128,0,95874:0:0:0:0:
256,192,95677,128,0,95776:0:0:0:0:
329,192,95776,128,0,95972:0:0:0:0:
256,192,95874,1,0,0:0:0:0:
475,192,95972,1,0,0:0:0:0:
109,192,95972,1,0,0:0:0:0:
402,192,95972,1,0,0:0:0:0:
182,192,95972,1,0,0:0:0:0:
36,192,95972,1,0,0:0:0:0:
402,192,96266,128,0,96756:0:0:0:0:
182,192,96266,128,0,96462:0:0:0:0:
256,192,96462,1,0,0:0:0:0:
36,192,96462,1,0,0:0:0:0:
329,192,96658,1,0,0:0:0:0:
182,192,96658,1,0,0:0:0:0:
329,192,96756,1,0,0:0:0:0:
109,192,96756,1,0,0:0:0:0:
36,192,96854,128,0,97050:0:0:0:0:
182,192,96854,128,0,97050:0:0:0:0:
256,192,96854,128,0,97050:0:0:0:0:
402,192,96854,1,0,0:0:0:0:
475,192,96854,1,0,0:0:0:0:
329,192,96952,1,0,0:0:0:0:
475,192,97050,1,0,0:0:0:0:
36,192,97148,1,0,0:0:0:0:
182,192,97148,1,0,0:0:0:0:
256,192,97148,1,0,0:0:0:0:
402,192,97148,1,0,0:0:0:0:
329,192,97246,1,0,0:0:0:0:
109,192,97246,1,0,0:0:0:0:
402,192,97344,1,0,0:0:0:0:
182,192,97344,1,0,0:0:0:0:
329,192,97442,1,0,0:0:0:0:
36,192,97442,1,0,0:0:0:0:
475,192,97442,1,0,0:0:0:0:
256,192,97508,1,0,0:0:0:0:
402,192,97508,1,0,0:0:0:0:
182,192,97573,1,0,0:0:0:0:
329,192,97573,1,0,0:0:0:0:
109,192,97638,1,0,0:0:0:0:
256,192,97638,1,0,0:0:0:0:
36,192,97704,1,0,0:0:0:0:
182,192,97704,1,0,0:0:0:0:
329,192,97769,1,0,0:0:0:0:
475,192,97769,1,0,0:0:0:0:
256,192,97834,1,0,0:0:0:0:
402,192,97834,1,0,0:0:0:0:
182,192,97900,1,0,0:0:0:0:
329,192,97900,1,0,0:0:0:0:
109,192,97965,1,0,0:0:0:0:
256,192,97965,1,0,0:0:0:0:
475,192,98030,128,0,98325:0:0:0:0:
182,192,98030,1,0,0:0:0:0:
36,192,98030,1,0,0:0:0:0:
402,192,98030,128,0,98226:0:0:0:0:
256,192,98128,128,0,98325:0:0:0:0:
36,192,98226,1,0,0:0:0:0:
329,192,98226,1,0,0:0:0:0:
109,192,98226,1,0,0:0:0:0:
402,192,98325,1,0,0:0:0:0:
182,192,98325,1,0,0:0:0:0:
109,192,98374,1,0,0:0:0:0:
329,192,98423,128,0,98717:0:0:0:0:
475,192,98423,128,0,98717:0:0:0:0:
256,192,98423,1,0,0:0:0:0:
36,192,98423,1,0,0:0:0:0:
182,192,98521,1,0,0:0:0:0:
36,192,98619,1,0,0:0:0:0:
256,192,98619,1,0,0:0:0:0:
182,192,98717,1,0,0:0:0:0:
256,192,98815,128,0,98913:0:0:0:0:
36,192,98815,128,0,99011:0:0:0:0:
475,192,98815,128,0,99011:0:0:0:0:
402,192,98815,128,0,99011:0:0:0:0:
109,192,98815,128,0,99011:0:0:0:0:
182,192,98913,128,0,99109:0:0:0:0:
256,192,99011,1,0,0:0:0:0:
109,192,99109,1,0,0:0:0:0:
36,192,99109,1,0,0:0:0:0:
475,192,99109,1,0,0:0:0:0:
402,192,99109,1,0,0:0:0:0:
329,192,99109,1,0,0:0:0:0:
329,192,99338,128,0,99403:0:0:0:0:
402,192,99338,128,0,99403:0:0:0:0:
475,192,99338,128,0,99403:0:0:0:0:
329,192,99468,128,0,99860:0:0:0:0:
475,192,99468,128,0,100710:0:0:0:0:
402,192,99468,128,0,99860:0:0:0:0:
182,192,99599,128,0,99664:0:0:0:0:
109,192,99599,128,0,99664:0:0:0:0:
36,192,99599,128,0,99664:0:0:0:0:
36,192,99730,128,0,100449:0:0:0:0:
182,192,99730,128,0,99860:0:0:0:0:
109,192,99730,128,0,99860:0:0:0:0:
182,192,99991,128,0,100155:0:0:0:0:
256,192,99991,128,0,100155:0:0:0:0:
329,192,99991,128,0,100155:0:0:0:0:
182,192,100285,1,0,0:0:0:0:
256,192,100285,1,0,0:0:0:0:
329,192,100285,1,0,0:0:0:0:
36,192,100514,128,0,100579:0:0:0:0:
329,192,100514,128,0,100579:0:0:0:0:
329,192,100645,128,0,101070:0:0:0:0:
36,192,100645,128,0,101070:0:0:0:0:
475,192,100776,128,0,100841:0:0:0:0:
182,192,100776,128,0,100841:0:0:0:0:
256,192,100776,1,0,0:0:0:0:
182,192,100906,128,0,101070:0:0:0:0:
475,192,100906,128,0,101070:0:0:0:0:
109,192,101168,128,0,101364:0:0:0:0:
402,192,101168,128,0,101364:0:0:0:0:
36,192,101168,128,0,101364:0:0:0:0:
475,192,101168,128,0,101364:0:0:0:0:
256,192,101168,128,0,101364:0:0:0:0:
329,192,101462,1,0,0:0:0:0:
256,192,101511,1,0,0:0:0:0:
402,192,101560,128,0,101854:0:0:0:0:
36,192,101560,128,0,101854:0:0:0:0:
182,192,101560,1,0,0:0:0:0:
109,192,101560,128,0,101854:0:0:0:0:
475,192,101560,128,0,101854:0:0:0:0:
329,192,101658,1,0,0:0:0:0:
182,192,101756,1,0,0:0:0:0:
329,192,101854,1,0,0:0:0:0:
36,192,101952,128,0,103128:0:0:0:0:
256,192,101952,1,0,0:0:0:0:
475,192,101952,128,0,102834:0:0:0:0:
109,192,101952,1,0,0:0:0:0:
402,192,101952,1,0,0:0:0:0:
402,192,102344,128,0,102540:0:0:0:0:
182,192,102344,128,0,102540:0:0:0:0:
329,192,102442,128,0,102638:0:0:0:0:
109,192,102442,128,0,102638:0:0:0:0:
256,192,102540,1,0,0:0:0:0:
256,192,102638,1,0,0:0:0:0:
182,192,102736,128,0,102932:0:0:0:0:
402,192,102736,128,0,102932:0:0:0:0:
109,192,102834,128,0,103030:0:0:0:0:
329,192,102834,128,0,103030:0:0:0:0:
256,192,102932,1,0,0:0:0:0:
256,192,103030,1,0,0:0:0:0:
475,192,103030,128,0,103226:0:0:0:0:
182,192,103128,128,0,103325:0:0:0:0:
402,192,103128,128,0,103325:0:0:0:0:
109,192,103226,128,0,103423:0:0:0:0:
329,192,103226,128,0,103423:0:0:0:0:
256,192,103325,1,0,0:0:0:0:
36,192,103325,128,0,103521:0:0:0:0:
256,192,103423,1,0,0:0:0:0:
182,192,103521,128,0,103717:0:0:0:0:
402,192,103521,128,0,103717:0:0:0:0:
475,192,103521,128,0,103717:0:0:0:0:
329,192,103521,1,0,0:0:0:0:
256,192,103619,128,0,104011:0:0:0:0:
36,192,103815,128,0,104011:0:0:0:0:
109,192,103815,128,0,104011:0:0:0:0:
329,192,103815,128,0,104011:0:0:0:0:
475,192,103815,1,0,0:0:0:0:
182,192,103815,1,0,0:0:0:0:
182,192,104109,128,0,104305:0:0:0:0:
36,192,104109,128,0,104305:0:0:0:0:
402,192,104109,128,0,104305:0:0:0:0:
256,192,104109,128,0,104305:0:0:0:0:
475,192,104109,128,0,104305:0:0:0:0:
36,192,104501,128,0,104632:0:0:0:0:
109,192,104534,128,0,104664:0:0:0:0:
182,192,104566,128,0,104697:0:0:0:0:
256,192,104599,128,0,104730:0:0:0:0:
329,192,104632,128,0,104762:0:0:0:0:
402,192,104664,128,0,104795:0:0:0:0:
475,192,104697,128,0,104828:0:0:0:0:
36,192,104697,1,0,0:0:0:0:
109,192,104730,1,0,0:0:0:0:
182,192,104762,1,0,0:0:0:0:
256,192,104795,1,0,0:0:0:0:
329,192,104828,1,0,0:0:0:0:
402,192,104860,1,0,0:0:0:0:
475,192,104893,1,0,0:0:0:0:
36,192,105089,1,0,0:0:0:0:
109,192,105089,1,0,0:0:0:0:
329,192,105089,128,0,105285:0:0:0:0:
182,192,105285,1,0,0:0:0:0:
36,192,105285,1,0,0:0:0:0:
475,192,105285,1,0,0:0:0:0:
402,192,105285,1,0,0:0:0:0:
329,192,105383,1,0,0:0:0:0:
182,192,105383,1,0,0:0:0:0:
256,192,105383,1,0,0:0:0:0:
182,192,105481,1,0,0:0:0:0:
182,192,105579,1,0,0:0:0:0:
182,192,105677,1,0,0:0:0:0:
36,192,105677,1,0,0:0:0:0:
402,192,105677,1,0,0:0:0:0:
475,192,105677,1,0,0:0:0:0:
182,192,105775,1,0,0:0:0:0:
182,192,105874,1,0,0:0:0:0:
329,192,105874,1,0,0:0:0:0:
182,192,105972,1,0,0:0:0:0:
182,192,106070,1,0,0:0:0:0:
36,192,106070,1,0,0:0:0:0:
402,192,106070,1,0,0:0:0:0:
475,192,106070,1,0,0:0:0:0:
182,192,106168,1,0,0:0:0:0:
182,192,106266,1,0,0:0:0:0:
329,192,106266,128,0,106462:0:0:0:0:
182,192,106364,1,0,0:0:0:0:
182,192,106462,1,0,0:0:0:0:
36,192,106462,1,0,0:0:0:0:
475,192,106462,1,0,0:0:0:0:
402,192,106462,1,0,0:0:0:0:
182,192,106560,1,0,0:0:0:0:
329,192,106560,1,0,0:0:0:0:
256,192,106560,1,0,0:0:0:0:
182,192,106658,1,0,0:0:0:0:
182,192,106756,1,0,0:0:0:0:
182,192,106854,1,0,0:0:0:0:
36,192,106854,1,0,0:0:0:0:
402,192,106854,1,0,0:0:0:0:
475,192,106854,1,0,0:0:0:0:
182,192,106952,1,0,0:0:0:0:
182,192,107050,128,0,107246:0:0:0:0:
329,192,107050,1,0,0:0:0:0:
402,192,107246,1,0,0:0:0:0:
36,192,107246,1,0,0:0:0:0:
475,192,107246,1,0,0:0:0:0:
329,192,107311,1,0,0:0:0:0:
182,192,107377,1,0,0:0:0:0:
256,192,107442,1,0,0:0:0:0:
36,192,107442,1,0,0:0:0:0:
109,192,107442,1,0,0:0:0:0:
475,192,107442,1,0,0:0:0:0:
329,192,107508,1,0,0:0:0:0:
475,192,107573,1,0,0:0:0:0:
402,192,107638,1,0,0:0:0:0:
36,192,107638,1,0,0:0:0:0:
182,192,107638,1,0,0:0:0:0:
329,192,107704,1,0,0:0:0:0:
256,192,107769,1,0,0:0:0:0:
182,192,107834,1,0,0:0:0:0:
475,192,107834,1,0,0:0:0:0:
402,192,107834,1,0,0:0:0:0:
36,192,107834,1,0,0:0:0:0:
256,192,107900,1,0,0:0:0:0:
329,192,107965,1,0,0:0:0:0:
36,192,108030,1,0,0:0:0:0:
475,192,108030,1,0,0:0:0:0:
256,192,108030,1,0,0:0:0:0:
182,192,108096,1,0,0:0:0:0:
109,192,108161,1,0,0:0:0:0:
475,192,108226,128,0,108423:0:0:0:0:
329,192,108226,128,0,108423:0:0:0:0:
36,192,108226,1,0,0:0:0:0:
256,192,108226,1,0,0:0:0:0:
109,192,108423,1,0,0:0:0:0:
182,192,108423,1,0,0:0:0:0:
329,192,108521,1,0,0:0:0:0:
475,192,108521,1,0,0:0:0:0:
36,192,108619,1,0,0:0:0:0:
256,192,108619,1,0,0:0:0:0:
109,192,108815,1,0,0:0:0:0:
402,192,108815,128,0,109305:0:0:0:0:
182,192,108815,1,0,0:0:0:0:
256,192,109011,1,0,0:0:0:0:
36,192,109011,1,0,0:0:0:0:
475,192,109011,1,0,0:0:0:0:
329,192,109207,1,0,0:0:0:0:
109,192,109207,1,0,0:0:0:0:
182,192,109207,1,0,0:0:0:0:
329,192,109305,1,0,0:0:0:0:
182,192,109403,1,0,0:0:0:0:
475,192,109403,1,0,0:0:0:0:
36,192,109403,128,0,109599:0:0:0:0:
402,192,109403,1,0,0:0:0:0:
109,192,109501,128,0,109697:0:0:0:0:
256,192,109501,1,0,0:0:0:0:
182,192,109599,128,0,109795:0:0:0:0:
329,192,109599,1,0,0:0:0:0:
256,192,109697,128,0,109893:0:0:0:0:
402,192,109697,1,0,0:0:0:0:
329,192,109795,128,0,109893:0:0:0:0:
475,192,109795,128,0,109893:0:0:0:0:
36,192,109795,1,0,0:0:0:0:
329,192,109991,128,0,110481:0:0:0:0:
475,192,109991,128,0,110285:0:0:0:0:
256,192,109991,1,0,0:0:0:0:
109,192,109991,1,0,0:0:0:0:
36,192,110187,1,0,0:0:0:0:
109,192,110187,128,0,110481:0:0:0:0:
256,192,110285,128,0,110481:0:0:0:0:
475,192,110383,1,0,0:0:0:0:
402,192,110383,128,0,110481:0:0:0:0:
402,192,110579,128,0,110775:0:0:0:0:
36,192,110579,1,0,0:0:0:0:
182,192,110579,1,0,0:0:0:0:
256,192,110645,128,0,110841:0:0:0:0:
109,192,110710,128,0,110906:0:0:0:0:
329,192,110775,1,0,0:0:0:0:
475,192,110775,1,0,0:0:0:0:
256,192,110972,1,0,0:0:0:0:
36,192,110972,1,0,0:0:0:0:
475,192,110972,1,0,0:0:0:0:
182,192,111037,1,0,0:0:0:0:
329,192,111037,1,0,0:0:0:0:
109,192,111102,1,0,0:0:0:0:
402,192,111102,1,0,0:0:0:0:
475,192,111168,1,0,0:0:0:0:
36,192,111168,1,0,0:0:0:0:
402,192,111233,1,0,0:0:0:0:
109,192,111233,1,0,0:0:0:0:
329,192,111298,1,0,0:0:0:0:
182,192,111298,1,0,0:0:0:0:
256,192,111364,1,0,0:0:0:0:
36,192,111364,128,0,111658:0:0:0:0:
475,192,111364,128,0,111658:0:0:0:0:
109,192,111462,128,0,111658:0:0:0:0:
402,192,111462,128,0,111658:0:0:0:0:
182,192,111560,128,0,111658:0:0:0:0:
329,192,111560,128,0,111658:0:0:0:0:
36,192,111756,1,0,0:0:0:0:
109,192,111756,1,0,0:0:0:0:
182,192,111756,1,0,0:0:0:0:
329,192,111756,1,0,0:0:0:0:
402,192,111756,1,0,0:0:0:0:
475,192,111756,1,0,0:0:0:0:
256,192,111854,1,0,0:0:0:0:
109,192,111854,1,0,0:0:0:0:
402,192,111854,1,0,0:0:0:0:
329,192,111952,1,0,0:0:0:0:
256,192,112017,1,0,0:0:0:0:
402,192,112017,128,0,112344:0:0:0:0:
36,192,112083,1,0,0:0:0:0:
182,192,112083,1,0,0:0:0:0:
475,192,112148,1,0,0:0:0:0:
329,192,112148,1,0,0:0:0:0:
256,192,112213,1,0,0:0:0:0:
109,192,112213,1,0,0:0:0:0:
182,192,112279,1,0,0:0:0:0:
36,192,112344,1,0,0:0:0:0:
256,192,112377,1,0,0:0:0:0:
475,192,112409,1,0,0:0:0:0:
402,192,112409,1,0,0:0:0:0:
182,192,112475,1,0,0:0:0:0:
475,192,112540,1,0,0:0:0:0:
329,192,112540,1,0,0:0:0:0:
36,192,112540,1,0,0:0:0:0:
256,192,112606,1,0,0:0:0:0:
109,192,112671,1,0,0:0:0:0:
182,192,112704,1,0,0:0:0:0:
256,192,112736,1,0,0:0:0:0:
475,192,112769,1,0,0:0:0:0:
402,192,112769,1,0,0:0:0:0:
36,192,112802,1,0,0:0:0:0:
182,192,112867,1,0,0:0:0:0:
256,192,112900,1,0,0:0:0:0:
475,192,112932,1,0,0:0:0:0:
329,192,112932,1,0,0:0:0:0:
36,192,112932,1,0,0:0:0:0:
402,192,112998,1,0,0:0:0:0:
182,192,112998,1,0,0:0:0:0:
329,192,113063,1,0,0:0:0:0:
109,192,113063,1,0,0:0:0:0:
256,192,113128,1,0,0:0:0:0:
475,192,113128,1,0,0:0:0:0:
36,192,113128,1,0,0:0:0:0:
182,192,113161,1,0,0:0:0:0:
402,192,113194,1,0,0:0:0:0:
109,192,113226,1,0,0:0:0:0:
256,192,113259,1,0,0:0:0:0:
475,192,113292,1,0,0:0:0:0:
109,192,113325,1,0,0:0:0:0:
36,192,113325,1,0,0:0:0:0:
329,192,113325,1,0,0:0:0:0:
256,192,113390,1,0,0:0:0:0:
475,192,113390,1,0,0:0:0:0:
182,192,113423,1,0,0:0:0:0:
329,192,113455,1,0,0:0:0:0:
402,192,113488,1,0,0:0:0:0:
256,192,113521,1,0,0:0:0:0:
36,192,113521,1,0,0:0:0:0:
182,192,113586,1,0,0:0:0:0:
109,192,113619,1,0,0:0:0:0:
329,192,113619,1,0,0:0:0:0:
475,192,113651,128,0,114043:0:0:0:0:
256,192,113651,1,0,0:0:0:0:
402,192,113717,128,0,114043:0:0:0:0:
182,192,113717,1,0,0:0:0:0:
36,192,113717,1,0,0:0:0:0:
329,192,113782,128,0,114043:0:0:0:0:
182,192,113847,128,0,114043:0:0:0:0:
109,192,113913,128,0,114043:0:0:0:0:
36,192,113978,128,0,114043:0:0:0:0:
36,192,114109,1,0,0:0:0:0:
182,192,114109,1,0,0:0:0:0:
256,192,114109,1,0,0:0:0:0:
475,192,114109,1,0,0:0:0:0:
329,192,114109,1,0,0:0:0:0:
36,192,114501,128,0,114795:0:0:0:0:
182,192,114501,128,0,114795:0:0:0:0:
329,192,114501,128,0,114795:0:0:0:0:
182,192,114893,1,0,0:0:0:0:
329,192,114893,1,0,0:0:0:0:
475,192,114893,1,0,0:0:0:0:
109,192,115089,128,0,115285:0:0:0:0:
329,192,115089,128,0,115285:0:0:0:0:
256,192,115089,1,0,0:0:0:0:
182,192,115481,128,0,115677:0:0:0:0:
402,192,115481,128,0,115677:0:0:0:0:
329,192,115481,1,0,0:0:0:0:
36,192,115677,1,0,0:0:0:0:
109,192,115677,1,0,0:0:0:0:
36,192,115775,1,0,0:0:0:0:
109,192,115775,1,0,0:0:0:0:
475,192,115874,128,0,116658:0:0:0:0:
256,192,115874,128,0,116854:0:0:0:0:
182,192,115874,1,0,0:0:0:0:
329,192,115874,1,0,0:0:0:0:
36,192,115874,128,0,116331:0:0:0:0:
402,192,116135,1,0,0:0:0:0:
329,192,116200,1,0,0:0:0:0:
402,192,116266,1,0,0:0:0:0:
329,192,116331,1,0,0:0:0:0:
402,192,116396,1,0,0:0:0:0:
36,192,116462,128,0,116658:0:0:0:0:
329,192,116462,1,0,0:0:0:0:
402,192,116527,1,0,0:0:0:0:
109,192,116527,128,0,116723:0:0:0:0:
329,192,116592,1,0,0:0:0:0:
182,192,116592,128,0,116789:0:0:0:0:
402,192,116658,1,0,0:0:0:0:
329,192,116723,128,0,117050:0:0:0:0:
36,192,116723,1,0,0:0:0:0:
475,192,116723,1,0,0:0:0:0:
402,192,116789,128,0,116985:0:0:0:0:
109,192,116789,1,0,0:0:0:0:
182,192,116854,1,0,0:0:0:0:
36,192,116854,128,0,117050:0:0:0:0:
475,192,116854,128,0,116919:0:0:0:0:
109,192,116919,128,0,117115:0:0:0:0:
256,192,116919,1,0,0:0:0:0:
475,192,116985,1,0,0:0:0:0:
182,192,116985,128,0,117181:0:0:0:0:
402,192,117050,1,0,0:0:0:0:
256,192,117050,128,0,117246:0:0:0:0:
475,192,117115,128,0,117442:0:0:0:0:
329,192,117115,1,0,0:0:0:0:
36,192,117115,1,0,0:0:0:0:
402,192,117181,128,0,117377:0:0:0:0:
109,192,117181,1,0,0:0:0:0:
329,192,117246,128,0,117311:0:0:0:0:
182,192,117246,1,0,0:0:0:0:
36,192,117246,128,0,117442:0:0:0:0:
256,192,117311,1,0,0:0:0:0:
109,192,117311,128,0,117508:0:0:0:0:
329,192,117377,1,0,0:0:0:0:
182,192,117377,128,0,117573:0:0:0:0:
402,192,117442,1,0,0:0:0:0:
256,192,117442,128,0,118717:0:0:0:0:
475,192,117508,1,0,0:0:0:0:
475,192,117638,128,0,117736:0:0:0:0:
329,192,117638,128,0,117736:0:0:0:0:
182,192,117736,128,0,117834:0:0:0:0:
36,192,117736,128,0,117834:0:0:0:0:
475,192,117834,128,0,117932:0:0:0:0:
329,192,117834,128,0,117932:0:0:0:0:
182,192,117932,128,0,118030:0:0:0:0:
36,192,117932,128,0,118030:0:0:0:0:
475,192,118030,128,0,118128:0:0:0:0:
329,192,118030,128,0,118128:0:0:0:0:
182,192,118128,128,0,118226:0:0:0:0:
36,192,118128,128,0,118226:0:0:0:0:
475,192,118226,128,0,118325:0:0:0:0:
329,192,118226,128,0,118325:0:0:0:0:
182,192,118325,128,0,118423:0:0:0:0:
36,192,118325,128,0,118423:0:0:0:0:
475,192,118423,128,0,118521:0:0:0:0:
329,192,118423,128,0,118521:0:0:0:0:
182,192,118521,128,0,118619:0:0:0:0:
36,192,118521,128,0,118619:0:0:0:0:
475,192,118619,128,0,118717:0:0:0:0:
329,192,118619,128,0,118717:0:0:0:0:
182,192,118717,128,0,118815:0:0:0:0:
36,192,118717,128,0,118815:0:0:0:0:
256,192,118815,1,0,0:0:0:0:
329,192,118815,1,0,0:0:0:0:
402,192,118815,1,0,0:0:0:0:
475,192,118815,1,0,0:0:0:0:
36,192,119207,128,0,119403:0:0:0:0:
109,192,119207,128,0,119403:0:0:0:0:
256,192,119207,128,0,119403:0:0:0:0:
402,192,119207,128,0,119403:0:0:0:0:
475,192,119207,128,0,119403:0:0:0:0:
36,192,119501,1,0,0:0:0:0:
109,192,119501,1,0,0:0:0:0:
256,192,119501,1,0,0:0:0:0:
402,192,119501,1,0,0:0:0:0:
475,192,119501,1,0,0:0:0:0:
