[Metadata]
天ノ弱
164P
LCH
vocaloid ama no jaku
84
0.438

[TimingPoints]
0,300,4,2,2,100,1,0
75,600,4,2,2,100,1,0
8925,300,4,2,2,100,1,0
62025,600,4,2,2,100,1,0
62325,300,4,2,2,100,1,0
62475,600,4,2,2,100,1,0
62775,300,4,2,2,100,1,0
62925,600,4,2,2,100,1,0
63225,300,4,2,2,100,1,0
63375,600,4,2,2,100,1,0
63675,300,4,2,2,100,1,0
63825,292.682926829268,4,2,2,100,1,0
64996,292.682926829268,4,2,2,100,1,0
66166,292.682926829268,4,2,2,100,1,0
80215,300,4,2,2,100,1,0
85015,292.682926829268,4,2,2,100,1,0
89698,300,4,2,2,100,1,0
94498,298.507462686567,4,2,2,100,1,0
99274,300,4,2,2,100,1,0
101674,292.682926829268,4,2,2,100,1,0
104016,300,4,2,2,100,1,0
108816,292.682926829268,4,2,2,100,1,0
111157,300,4,2,2,100,1,0
113557,297.029702970297,4,2,2,100,1,0
120686,292.682926829268,4,2,2,100,1,0
121857,585.365853658537,4,2,2,100,1,0
123027,600,4,2,2,100,1,0
131427,300,4,2,2,100,1,0
142227,292.682926829268,4,2,2,100,1,0
156276,300,4,2,2,100,1,0
161076,297.029702970297,4,2,2,100,1,0
180086,300,4,2,2,100,1,0


[HitObjects]
36,192,10425,5,0,0:0:0:0:
109,192,10425,1,0,0:0:0:0:
36,192,10575,1,0,0:0:0:0:
109,192,10575,1,0,0:0:0:0:
256,192,10725,1,0,0:0:0:0:
329,192,10725,1,0,0:0:0:0:
402,192,10725,1,0,0:0:0:0:
475,192,10725,1,0,0:0:0:0:
36,192,11025,1,0,0:0:0:0:
109,192,11025,1,0,0:0:0:0:
36,192,11175,1,0,0:0:0:0:
109,192,11175,1,0,0:0:0:0:
256,192,11325,1,0,0:0:0:0:
329,192,11325,1,0,0:0:0:0:
402,192,11325,1,0,0:0:0:0:
475,192,11325,1,0,0:0:0:0:
36,192,11625,1,0,0:0:0:0:
109,192,11625,1,0,0:0:0:0:
36,192,11775,1,0,0:0:0:0:
109,192,11775,1,0,0:0:0:0:
182,192,11925,1,0,0:0:0:0:
256,192,11925,1,0,0:0:0:0:
329,192,11925,1,0,0:0:0:0:
402,192,11925,1,0,0:0:0:0:
475,192,11925,1,0,0:0:0:0:
182,192,12075,1,0,0:0:0:0:
256,192,12075,1,0,0:0:0:0:
329,192,12075,1,0,0:0:0:0:
402,192,12075,1,0,0:0:0:0:
475,192,12075,1,0,0:0:0:0:
36,192,12225,1,0,0:0:0:0:
109,192,12225,1,0,0:0:0:0:
36,192,12375,1,0,0:0:0:0:
109,192,12375,1,0,0:0:0:0:
256,192,12525,1,0,0:0:0:0:
329,192,12525,1,0,0:0:0:0:
402,192,12525,1,0,0:0:0:0:
475,192,12525,1,0,0:0:0:0:
402,192,12825,1,0,0:0:0:0:
475,192,12825,1,0,0:0:0:0:
402,192,12975,1,0,0:0:0:0:
475,192,12975,1,0,0:0:0:0:
36,192,13125,1,0,0:0:0:0:
109,192,13125,1,0,0:0:0:0:
182,192,13125,1,0,0:0:0:0:
256,192,13125,1,0,0:0:0:0:
402,192,13425,1,0,0:0:0:0:
475,192,13425,1,0,0:0:0:0:
402,192,13575,1,0,0:0:0:0:
475,192,13575,1,0,0:0:0:0:
36,192,13725,1,0,0:0:0:0:
109,192,13725,1,0,0:0:0:0:
182,192,13725,1,0,0:0:0:0:
256,192,13725,1,0,0:0:0:0:
402,192,14025,1,0,0:0:0:0:
475,192,14025,1,0,0:0:0:0:
402,192,14175,1,0,0:0:0:0:
475,192,14175,1,0,0:0:0:0:
36,192,14325,1,0,0:0:0:0:
109,192,14325,1,0,0:0:0:0:
182,192,14325,1,0,0:0:0:0:
256,192,14325,1,0,0:0:0:0:
329,192,14325,1,0,0:0:0:0:
36,192,14475,1,0,0:0:0:0:
109,192,14475,1,0,0:0:0:0:
182,192,14475,1,0,0:0:0:0:
256,192,14475,1,0,0:0:0:0:
329,192,14475,1,0,0:0:0:0:
402,192,14625,1,0,0:0:0:0:
475,192,14625,1,0,0:0:0:0:
402,192,14775,1,0,0:0:0:0:
475,192,14775,1,0,0:0:0:0:
36,192,14925,1,0,0:0:0:0:
109,192,14925,1,0,0:0:0:0:
182,192,14925,1,0,0:0:0:0:
256,192,14925,1,0,0:0:0:0:
36,192,15075,1,0,0:0:0:0:
109,192,15075,1,0,0:0:0:0:
182,192,15075,1,0,0:0:0:0:
256,192,15075,1,0,0:0:0:0:
329,192,15225,1,0,0:0:0:0:
475,192,15225,1,0,0:0:0:0:
329,192,15375,1,0,0:0:0:0:
475,192,15375,1,0,0:0:0:0:
36,192,15525,1,0,0:0:0:0:
109,192,15525,1,0,0:0:0:0:
182,192,15525,1,0,0:0:0:0:
256,192,15525,1,0,0:0:0:0:
329,192,15825,1,0,0:0:0:0:
475,192,15825,1,0,0:0:0:0:
329,192,15975,1,0,0:0:0:0:
475,192,15975,1,0,0:0:0:0:
36,192,16125,1,0,0:0:0:0:
109,192,16125,1,0,0:0:0:0:
182,192,16125,1,0,0:0:0:0:
256,192,16125,1,0,0:0:0:0:
329,192,16425,1,0,0:0:0:0:
475,192,16425,1,0,0:0:0:0:
329,192,16575,1,0,0:0:0:0:
475,192,16575,1,0,0:0:0:0:
36,192,16725,1,0,0:0:0:0:
109,192,16725,1,0,0:0:0:0:
182,192,16725,1,0,0:0:0:0:
256,192,16725,1,0,0:0:0:0:
402,192,16725,1,0,0:0:0:0:
36,192,16875,1,0,0:0:0:0:
109,192,16875,1,0,0:0:0:0:
182,192,16875,1,0,0:0:0:0:
256,192,16875,1,0,0:0:0:0:
402,192,16875,1,0,0:0:0:0:
329,192,17025,1,0,0:0:0:0:
475,192,17025,1,0,0:0:0:0:
329,192,17175,1,0,0:0:0:0:
475,192,17175,1,0,0:0:0:0:
36,192,17325,1,0,0:0:0:0:
109,192,17325,1,0,0:0:0:0:
182,192,17325,1,0,0:0:0:0:
256,192,17325,1,0,0:0:0:0:
402,192,17325,1,0,0:0:0:0:
36,0,17625,128,0,17925:0:0:0:0:
402,192,17625,1,0,0:0:0:0:
475,192,17625,1,0,0:0:0:0:
402,192,17775,1,0,0:0:0:0:
475,192,17775,1,0,0:0:0:0:
109,192,17925,1,0,0:0:0:0:
182,192,17925,1,0,0:0:0:0:
256,192,17925,1,0,0:0:0:0:
329,192,17925,1,0,0:0:0:0:
109,0,18075,128,0,18375:0:0:0:0:
329,192,18225,1,0,0:0:0:0:
402,192,18225,1,0,0:0:0:0:
329,192,18375,1,0,0:0:0:0:
402,192,18375,1,0,0:0:0:0:
36,192,18525,1,0,0:0:0:0:
109,192,18525,1,0,0:0:0:0:
182,192,18525,1,0,0:0:0:0:
256,192,18525,1,0,0:0:0:0:
475,0,18525,128,0,18825:0:0:0:0:
182,192,18825,1,0,0:0:0:0:
329,192,18825,1,0,0:0:0:0:
182,192,18975,1,0,0:0:0:0:
329,192,18975,1,0,0:0:0:0:
402,0,18975,128,0,19275:0:0:0:0:
36,192,19125,1,0,0:0:0:0:
109,192,19125,1,0,0:0:0:0:
256,192,19125,1,0,0:0:0:0:
475,192,19125,1,0,0:0:0:0:
182,192,19275,1,0,0:0:0:0:
329,192,19275,1,0,0:0:0:0:
36,192,19425,1,0,0:0:0:0:
109,192,19425,1,0,0:0:0:0:
256,192,19425,1,0,0:0:0:0:
402,192,19425,1,0,0:0:0:0:
475,192,19425,1,0,0:0:0:0:
182,192,19575,1,0,0:0:0:0:
329,192,19575,1,0,0:0:0:0:
109,192,19650,1,0,0:0:0:0:
402,192,19650,1,0,0:0:0:0:
36,192,19725,1,0,0:0:0:0:
475,192,19725,1,0,0:0:0:0:
182,192,19800,1,0,0:0:0:0:
329,192,19800,1,0,0:0:0:0:
36,192,19875,1,0,0:0:0:0:
475,192,19875,1,0,0:0:0:0:
182,192,19950,1,0,0:0:0:0:
329,192,19950,1,0,0:0:0:0:
36,0,20025,128,0,20100:0:0:0:0:
109,192,20025,1,0,0:0:0:0:
256,192,20025,1,0,0:0:0:0:
402,0,20025,128,0,20250:0:0:0:0:
475,0,20025,128,0,20250:0:0:0:0:
182,192,20100,1,0,0:0:0:0:
36,192,20175,1,0,0:0:0:0:
109,0,20175,128,0,20850:0:0:0:0:
256,0,20175,128,0,20850:0:0:0:0:
329,0,20175,128,0,20250:0:0:0:0:
36,192,20325,1,0,0:0:0:0:
182,192,20325,1,0,0:0:0:0:
329,192,20325,1,0,0:0:0:0:
402,192,20325,1,0,0:0:0:0:
475,192,20325,1,0,0:0:0:0:
36,0,20475,128,0,20625:0:0:0:0:
182,192,20625,1,0,0:0:0:0:
329,0,20625,128,0,20925:0:0:0:0:
475,192,20625,1,0,0:0:0:0:
36,192,20700,1,0,0:0:0:0:
402,0,20700,128,0,20925:0:0:0:0:
182,192,20775,1,0,0:0:0:0:
475,0,20775,128,0,20925:0:0:0:0:
36,192,20850,1,0,0:0:0:0:
109,192,20925,1,0,0:0:0:0:
182,192,20925,1,0,0:0:0:0:
256,192,20925,1,0,0:0:0:0:
475,192,21075,1,0,0:0:0:0:
36,0,21075,128,0,21525:0:0:0:0:
109,0,21075,128,0,21375:0:0:0:0:
402,192,21150,1,0,0:0:0:0:
329,0,21225,128,0,21262:0:0:0:0:
475,0,21225,128,0,21300:0:0:0:0:
256,0,21300,128,0,21337:0:0:0:0:
402,0,21300,128,0,21375:0:0:0:0:
182,0,21375,128,0,21412:0:0:0:0:
329,0,21375,128,0,21450:0:0:0:0:
109,0,21450,128,0,21487:0:0:0:0:
256,0,21450,128,0,21525:0:0:0:0:
182,0,21525,128,0,21712:0:0:0:0:
329,192,21525,1,0,0:0:0:0:
402,0,21525,128,0,21825:0:0:0:0:
109,0,21600,128,0,21675:0:0:0:0:
475,0,21600,128,0,21637:0:0:0:0:
36,0,21675,128,0,21712:0:0:0:0:
256,0,21675,128,0,21787:0:0:0:0:
109,0,21750,128,0,21787:0:0:0:0:
329,0,21750,128,0,21862:0:0:0:0:
36,192,21825,1,0,0:0:0:0:
182,0,21825,128,0,22012:0:0:0:0:
475,0,21825,128,0,22125:0:0:0:0:
256,0,21900,128,0,21975:0:0:0:0:
402,0,21900,128,0,21937:0:0:0:0:
109,0,21975,128,0,22087:0:0:0:0:
329,0,21975,128,0,22012:0:0:0:0:
36,0,22050,128,0,22162:0:0:0:0:
256,0,22050,128,0,22087:0:0:0:0:
182,0,22125,128,0,22162:0:0:0:0:
329,192,22125,1,0,0:0:0:0:
402,0,22125,128,0,22425:0:0:0:0:
109,0,22200,128,0,22237:0:0:0:0:
475,0,22200,128,0,22237:0:0:0:0:
36,0,22275,128,0,22312:0:0:0:0:
256,192,22275,1,0,0:0:0:0:
109,0,22350,128,0,22387:0:0:0:0:
329,192,22350,1,0,0:0:0:0:
36,192,22425,1,0,0:0:0:0:
182,192,22425,1,0,0:0:0:0:
256,192,22425,1,0,0:0:0:0:
475,192,22425,1,0,0:0:0:0:
36,0,22575,128,0,23250:0:0:0:0:
182,0,22575,128,0,22875:0:0:0:0:
329,192,22575,1,0,0:0:0:0:
402,192,22575,1,0,0:0:0:0:
475,0,22650,128,0,22950:0:0:0:0:
109,192,22725,1,0,0:0:0:0:
256,192,22725,1,0,0:0:0:0:
329,192,22725,1,0,0:0:0:0:
402,0,22800,128,0,22950:0:0:0:0:
256,0,22875,128,0,23025:0:0:0:0:
329,0,22875,128,0,23025:0:0:0:0:
109,0,23025,128,0,23100:0:0:0:0:
182,0,23025,128,0,23100:0:0:0:0:
402,192,23025,1,0,0:0:0:0:
475,192,23025,1,0,0:0:0:0:
329,192,23100,1,0,0:0:0:0:
109,0,23175,128,0,23325:0:0:0:0:
182,0,23175,128,0,23325:0:0:0:0:
256,192,23175,1,0,0:0:0:0:
329,192,23250,1,0,0:0:0:0:
36,192,23325,1,0,0:0:0:0:
256,192,23325,1,0,0:0:0:0:
402,192,23325,1,0,0:0:0:0:
475,192,23325,1,0,0:0:0:0:
36,0,23475,128,0,24000:0:0:0:0:
109,0,23475,128,0,23850:0:0:0:0:
182,0,23475,128,0,23700:0:0:0:0:
256,0,23475,128,0,23700:0:0:0:0:
329,0,23475,128,0,23700:0:0:0:0:
402,0,23475,128,0,23700:0:0:0:0:
475,0,23475,128,0,24300:0:0:0:0:
182,0,23775,128,0,23850:0:0:0:0:
256,0,23775,128,0,23850:0:0:0:0:
329,0,23775,128,0,23850:0:0:0:0:
402,0,23775,128,0,24150:0:0:0:0:
109,0,23925,128,0,24000:0:0:0:0:
182,0,23925,128,0,24000:0:0:0:0:
256,0,23925,128,0,24000:0:0:0:0:
329,0,23925,128,0,24150:0:0:0:0:
36,0,24075,128,0,24450:0:0:0:0:
109,0,24075,128,0,24450:0:0:0:0:
182,0,24075,128,0,24225:0:0:0:0:
256,0,24075,128,0,24150:0:0:0:0:
256,192,24225,1,0,0:0:0:0:
329,192,24225,1,0,0:0:0:0:
402,192,24225,1,0,0:0:0:0:
182,0,24300,128,0,24375:0:0:0:0:
329,192,24375,1,0,0:0:0:0:
402,192,24375,1,0,0:0:0:0:
475,192,24375,1,0,0:0:0:0:
256,0,24450,128,0,24525:0:0:0:0:
36,192,24525,1,0,0:0:0:0:
109,192,24525,1,0,0:0:0:0:
182,192,24525,1,0,0:0:0:0:
329,192,24525,1,0,0:0:0:0:
402,0,24525,128,0,24750:0:0:0:0:
475,0,24525,128,0,24750:0:0:0:0:
36,192,24825,1,0,0:0:0:0:
182,192,24825,1,0,0:0:0:0:
256,0,24825,128,0,25050:0:0:0:0:
329,0,24825,128,0,25050:0:0:0:0:
402,0,24825,128,0,24900:0:0:0:0:
109,192,24900,1,0,0:0:0:0:
36,0,24975,128,0,25650:0:0:0:0:
182,0,24975,128,0,25650:0:0:0:0:
402,192,24975,1,0,0:0:0:0:
475,0,24975,128,0,25050:0:0:0:0:
109,192,25125,1,0,0:0:0:0:
256,192,25125,1,0,0:0:0:0:
329,192,25125,1,0,0:0:0:0:
402,192,25125,1,0,0:0:0:0:
475,192,25125,1,0,0:0:0:0:
256,0,25275,128,0,25425:0:0:0:0:
109,192,25425,1,0,0:0:0:0:
329,192,25425,1,0,0:0:0:0:
475,0,25425,128,0,25725:0:0:0:0:
256,192,25500,1,0,0:0:0:0:
402,0,25500,128,0,25725:0:0:0:0:
109,192,25575,1,0,0:0:0:0:
329,0,25575,128,0,25725:0:0:0:0:
256,192,25650,1,0,0:0:0:0:
36,192,25725,1,0,0:0:0:0:
109,192,25725,1,0,0:0:0:0:
182,192,25725,1,0,0:0:0:0:
329,192,25875,1,0,0:0:0:0:
36,0,25875,128,0,27150:0:0:0:0:
109,0,25875,128,0,26325:0:0:0:0:
475,0,25875,128,0,26025:0:0:0:0:
256,192,25950,1,0,0:0:0:0:
182,192,26025,1,0,0:0:0:0:
402,0,26025,128,0,26100:0:0:0:0:
329,0,26100,128,0,26175:0:0:0:0:
256,0,26175,128,0,26250:0:0:0:0:
475,0,26175,128,0,26250:0:0:0:0:
182,0,26250,128,0,26325:0:0:0:0:
329,192,26325,1,0,0:0:0:0:
402,0,26325,128,0,26400:0:0:0:0:
475,0,26325,128,0,26625:0:0:0:0:
109,0,26400,128,0,26475:0:0:0:0:
182,192,26475,1,0,0:0:0:0:
256,0,26475,128,0,26512:0:0:0:0:
329,0,26475,128,0,26625:0:0:0:0:
402,0,26550,128,0,26700:0:0:0:0:
109,0,26625,128,0,26925:0:0:0:0:
182,0,26625,128,0,26700:0:0:0:0:
256,192,26625,1,0,0:0:0:0:
475,0,26700,128,0,26775:0:0:0:0:
256,0,26775,128,0,26925:0:0:0:0:
329,0,26775,128,0,26812:0:0:0:0:
402,192,26775,1,0,0:0:0:0:
182,0,26850,128,0,27000:0:0:0:0:
329,192,26925,1,0,0:0:0:0:
402,0,26925,128,0,27000:0:0:0:0:
475,0,26925,128,0,27225:0:0:0:0:
109,0,27000,128,0,27075:0:0:0:0:
182,192,27075,1,0,0:0:0:0:
256,0,27075,128,0,27112:0:0:0:0:
329,0,27075,128,0,27225:0:0:0:0:
402,0,27150,128,0,27225:0:0:0:0:
36,192,27225,1,0,0:0:0:0:
109,0,27225,128,0,27375:0:0:0:0:
182,0,27225,128,0,27300:0:0:0:0:
256,192,27225,1,0,0:0:0:0:
182,192,27375,1,0,0:0:0:0:
329,0,27375,128,0,27450:0:0:0:0:
402,192,27375,1,0,0:0:0:0:
475,0,27375,128,0,27675:0:0:0:0:
36,192,27525,1,0,0:0:0:0:
182,0,27525,128,0,27600:0:0:0:0:
256,192,27525,1,0,0:0:0:0:
109,0,27675,128,0,27825:0:0:0:0:
182,192,27675,1,0,0:0:0:0:
329,0,27675,128,0,27750:0:0:0:0:
402,192,27675,1,0,0:0:0:0:
36,192,27825,1,0,0:0:0:0:
182,0,27825,128,0,27900:0:0:0:0:
256,192,27825,1,0,0:0:0:0:
475,0,27825,128,0,28125:0:0:0:0:
182,192,27975,1,0,0:0:0:0:
329,0,27975,128,0,28050:0:0:0:0:
402,192,27975,1,0,0:0:0:0:
36,192,28125,1,0,0:0:0:0:
182,0,28125,128,0,28200:0:0:0:0:
256,192,28125,1,0,0:0:0:0:
402,0,28125,128,0,28275:0:0:0:0:
256,192,28275,1,0,0:0:0:0:
329,0,28275,128,0,28350:0:0:0:0:
475,192,28275,1,0,0:0:0:0:
36,0,28275,128,0,28575:0:0:0:0:
109,192,28425,1,0,0:0:0:0:
182,0,28425,128,0,28500:0:0:0:0:
329,192,28425,1,0,0:0:0:0:
256,192,28575,1,0,0:0:0:0:
329,0,28575,128,0,28650:0:0:0:0:
402,0,28575,128,0,28725:0:0:0:0:
475,192,28575,1,0,0:0:0:0:
36,0,28725,128,0,29025:0:0:0:0:
109,192,28725,1,0,0:0:0:0:
182,0,28725,128,0,28800:0:0:0:0:
329,192,28725,1,0,0:0:0:0:
256,192,28875,1,0,0:0:0:0:
329,0,28875,128,0,28950:0:0:0:0:
475,192,28875,1,0,0:0:0:0:
109,192,29025,1,0,0:0:0:0:
182,192,29025,1,0,0:0:0:0:
256,192,29025,1,0,0:0:0:0:
329,192,29025,1,0,0:0:0:0:
402,192,29025,1,0,0:0:0:0:
475,192,29025,1,0,0:0:0:0:
182,192,29175,1,0,0:0:0:0:
256,192,29175,1,0,0:0:0:0:
329,192,29250,1,0,0:0:0:0:
475,192,29250,1,0,0:0:0:0:
109,192,29325,1,0,0:0:0:0:
182,192,29325,1,0,0:0:0:0:
256,192,29400,1,0,0:0:0:0:
402,192,29400,1,0,0:0:0:0:
36,192,29475,1,0,0:0:0:0:
109,192,29475,1,0,0:0:0:0:
182,192,29550,1,0,0:0:0:0:
329,192,29550,1,0,0:0:0:0:
36,0,29625,128,0,29850:0:0:0:0:
109,0,29625,128,0,29850:0:0:0:0:
256,192,29625,1,0,0:0:0:0:
402,192,29625,1,0,0:0:0:0:
475,0,29625,128,0,29700:0:0:0:0:
329,192,29700,1,0,0:0:0:0:
182,0,29775,128,0,29850:0:0:0:0:
256,0,29775,128,0,30450:0:0:0:0:
402,0,29775,128,0,30450:0:0:0:0:
475,192,29775,1,0,0:0:0:0:
36,192,29925,1,0,0:0:0:0:
109,192,29925,1,0,0:0:0:0:
182,192,29925,1,0,0:0:0:0:
329,192,29925,1,0,0:0:0:0:
475,192,29925,1,0,0:0:0:0:
475,0,30075,128,0,30225:0:0:0:0:
36,192,30225,1,0,0:0:0:0:
182,0,30225,128,0,30525:0:0:0:0:
329,192,30225,1,0,0:0:0:0:
109,0,30300,128,0,30525:0:0:0:0:
475,192,30300,1,0,0:0:0:0:
36,0,30375,128,0,30525:0:0:0:0:
329,192,30375,1,0,0:0:0:0:
475,192,30450,1,0,0:0:0:0:
256,192,30525,1,0,0:0:0:0:
329,192,30525,1,0,0:0:0:0:
402,192,30525,1,0,0:0:0:0:
36,192,30675,1,0,0:0:0:0:
402,0,30675,128,0,30975:0:0:0:0:
475,0,30675,128,0,31125:0:0:0:0:
109,192,30750,1,0,0:0:0:0:
36,0,30825,128,0,30900:0:0:0:0:
182,0,30825,128,0,30862:0:0:0:0:
109,0,30900,128,0,30975:0:0:0:0:
256,0,30900,128,0,30937:0:0:0:0:
182,0,30975,128,0,31050:0:0:0:0:
329,0,30975,128,0,31012:0:0:0:0:
256,0,31050,128,0,31125:0:0:0:0:
402,0,31050,128,0,31087:0:0:0:0:
109,0,31125,128,0,31425:0:0:0:0:
182,192,31125,1,0,0:0:0:0:
329,0,31125,128,0,31312:0:0:0:0:
36,0,31200,128,0,31237:0:0:0:0:
402,0,31200,128,0,31275:0:0:0:0:
256,0,31275,128,0,31387:0:0:0:0:
475,0,31275,128,0,31312:0:0:0:0:
182,0,31350,128,0,31462:0:0:0:0:
402,0,31350,128,0,31387:0:0:0:0:
36,0,31425,128,0,31725:0:0:0:0:
329,0,31425,128,0,31612:0:0:0:0:
475,192,31425,1,0,0:0:0:0:
109,0,31500,128,0,31537:0:0:0:0:
256,0,31500,128,0,31575:0:0:0:0:
182,0,31575,128,0,31612:0:0:0:0:
402,0,31575,128,0,31687:0:0:0:0:
256,0,31650,128,0,31687:0:0:0:0:
475,0,31650,128,0,31762:0:0:0:0:
182,192,31725,1,0,0:0:0:0:
329,0,31725,128,0,31762:0:0:0:0:
109,0,31725,128,0,32025:0:0:0:0:
36,0,31800,128,0,31837:0:0:0:0:
402,0,31800,128,0,31837:0:0:0:0:
256,192,31875,1,0,0:0:0:0:
475,0,31875,128,0,31912:0:0:0:0:
182,192,31950,1,0,0:0:0:0:
402,0,31950,128,0,31987:0:0:0:0:
36,192,32025,1,0,0:0:0:0:
256,192,32025,1,0,0:0:0:0:
329,192,32025,1,0,0:0:0:0:
475,192,32025,1,0,0:0:0:0:
109,192,32175,1,0,0:0:0:0:
182,192,32175,1,0,0:0:0:0:
329,0,32175,128,0,32475:0:0:0:0:
475,0,32175,128,0,32850:0:0:0:0:
36,0,32250,128,0,32550:0:0:0:0:
182,192,32325,1,0,0:0:0:0:
256,192,32325,1,0,0:0:0:0:
402,192,32325,1,0,0:0:0:0:
109,0,32400,128,0,32550:0:0:0:0:
182,0,32475,128,0,32625:0:0:0:0:
256,0,32475,128,0,32625:0:0:0:0:
36,192,32625,1,0,0:0:0:0:
109,192,32625,1,0,0:0:0:0:
329,0,32625,128,0,32700:0:0:0:0:
402,0,32625,128,0,32700:0:0:0:0:
182,192,32700,1,0,0:0:0:0:
256,192,32775,1,0,0:0:0:0:
329,0,32775,128,0,32925:0:0:0:0:
402,0,32775,128,0,32925:0:0:0:0:
182,192,32850,1,0,0:0:0:0:
36,192,32925,1,0,0:0:0:0:
109,192,32925,1,0,0:0:0:0:
256,192,32925,1,0,0:0:0:0:
475,192,32925,1,0,0:0:0:0:
36,0,33075,128,0,33900:0:0:0:0:
109,0,33075,128,0,33300:0:0:0:0:
182,0,33075,128,0,33300:0:0:0:0:
256,0,33075,128,0,33300:0:0:0:0:
329,0,33075,128,0,33300:0:0:0:0:
402,0,33075,128,0,33450:0:0:0:0:
475,0,33075,128,0,33600:0:0:0:0:
109,0,33375,128,0,33750:0:0:0:0:
182,0,33375,128,0,33450:0:0:0:0:
256,0,33375,128,0,33450:0:0:0:0:
329,0,33375,128,0,33450:0:0:0:0:
182,0,33525,128,0,33750:0:0:0:0:
256,0,33525,128,0,33600:0:0:0:0:
329,0,33525,128,0,33600:0:0:0:0:
402,0,33525,128,0,33600:0:0:0:0:
256,0,33675,128,0,33750:0:0:0:0:
329,0,33675,128,0,33825:0:0:0:0:
402,0,33675,128,0,34050:0:0:0:0:
475,0,33675,128,0,34050:0:0:0:0:
109,192,33825,1,0,0:0:0:0:
182,192,33825,1,0,0:0:0:0:
256,192,33825,1,0,0:0:0:0:
329,0,33900,128,0,33975:0:0:0:0:
36,192,33975,1,0,0:0:0:0:
109,192,33975,1,0,0:0:0:0:
182,192,33975,1,0,0:0:0:0:
256,0,34050,128,0,34125:0:0:0:0:
36,0,34125,128,0,34350:0:0:0:0:
109,0,34125,128,0,34350:0:0:0:0:
182,192,34125,1,0,0:0:0:0:
329,192,34125,1,0,0:0:0:0:
402,192,34125,1,0,0:0:0:0:
475,192,34125,1,0,0:0:0:0:
109,0,34425,128,0,34500:0:0:0:0:
182,0,34425,128,0,34650:0:0:0:0:
256,0,34425,128,0,34650:0:0:0:0:
329,192,34425,1,0,0:0:0:0:
475,192,34425,1,0,0:0:0:0:
402,192,34500,1,0,0:0:0:0:
36,0,34575,128,0,34650:0:0:0:0:
109,192,34575,1,0,0:0:0:0:
329,0,34575,128,0,35250:0:0:0:0:
475,0,34575,128,0,35250:0:0:0:0:
36,192,34725,1,0,0:0:0:0:
109,192,34725,1,0,0:0:0:0:
182,192,34725,1,0,0:0:0:0:
256,192,34725,1,0,0:0:0:0:
402,192,34725,1,0,0:0:0:0:
256,0,34875,128,0,35025:0:0:0:0:
36,0,35025,128,0,35325:0:0:0:0:
182,192,35025,1,0,0:0:0:0:
402,192,35025,1,0,0:0:0:0:
109,0,35100,128,0,35325:0:0:0:0:
256,192,35100,1,0,0:0:0:0:
182,0,35175,128,0,35325:0:0:0:0:
402,192,35175,1,0,0:0:0:0:
256,192,35250,1,0,0:0:0:0:
329,192,35325,1,0,0:0:0:0:
402,192,35325,1,0,0:0:0:0:
475,192,35325,1,0,0:0:0:0:
182,192,35475,1,0,0:0:0:0:
36,0,35475,128,0,35625:0:0:0:0:
402,0,35475,128,0,35925:0:0:0:0:
475,0,35475,128,0,36525:0:0:0:0:
256,192,35550,1,0,0:0:0:0:
109,0,35625,128,0,35700:0:0:0:0:
329,192,35625,1,0,0:0:0:0:
182,0,35700,128,0,35775:0:0:0:0:
36,0,35775,128,0,35850:0:0:0:0:
256,0,35775,128,0,35850:0:0:0:0:
329,0,35850,128,0,35925:0:0:0:0:
36,0,35925,128,0,36225:0:0:0:0:
109,0,35925,128,0,36000:0:0:0:0:
182,192,35925,1,0,0:0:0:0:
402,0,36000,128,0,36075:0:0:0:0:
182,0,36075,128,0,36225:0:0:0:0:
256,0,36075,128,0,36112:0:0:0:0:
329,192,36075,1,0,0:0:0:0:
109,0,36150,128,0,36225:0:0:0:0:
256,192,36225,1,0,0:0:0:0:
329,192,36225,1,0,0:0:0:0:
402,0,36225,128,0,36525:0:0:0:0:
109,192,36375,1,0,0:0:0:0:
182,192,36375,1,0,0:0:0:0:
256,192,36375,1,0,0:0:0:0:
329,192,36375,1,0,0:0:0:0:
109,192,36525,1,0,0:0:0:0:
182,192,36525,1,0,0:0:0:0:
256,192,36525,1,0,0:0:0:0:
329,192,36525,1,0,0:0:0:0:
36,0,36525,128,0,36825:0:0:0:0:
109,192,36675,1,0,0:0:0:0:
182,192,36675,1,0,0:0:0:0:
256,192,36675,1,0,0:0:0:0:
329,192,36675,1,0,0:0:0:0:
402,192,36675,1,0,0:0:0:0:
475,192,36675,1,0,0:0:0:0:
256,192,36825,1,0,0:0:0:0:
329,192,36825,1,0,0:0:0:0:
475,0,36825,128,0,37050:0:0:0:0:
256,192,36975,1,0,0:0:0:0:
402,0,36975,128,0,37200:0:0:0:0:
36,192,37125,1,0,0:0:0:0:
182,192,37125,1,0,0:0:0:0:
475,0,37125,128,0,37350:0:0:0:0:
109,192,37275,1,0,0:0:0:0:
402,0,37275,128,0,37500:0:0:0:0:
256,192,37425,1,0,0:0:0:0:
329,192,37425,1,0,0:0:0:0:
475,0,37425,128,0,37650:0:0:0:0:
329,192,37575,1,0,0:0:0:0:
402,0,37575,128,0,37800:0:0:0:0:
36,192,37725,1,0,0:0:0:0:
256,192,37725,1,0,0:0:0:0:
475,0,37725,128,0,39150:0:0:0:0:
182,192,37875,1,0,0:0:0:0:
109,0,37875,128,0,38100:0:0:0:0:
36,0,38025,128,0,38250:0:0:0:0:
402,192,38025,1,0,0:0:0:0:
109,0,38175,128,0,38400:0:0:0:0:
329,192,38175,1,0,0:0:0:0:
256,192,38250,1,0,0:0:0:0:
36,0,38325,128,0,38550:0:0:0:0:
182,192,38325,1,0,0:0:0:0:
109,0,38475,128,0,38700:0:0:0:0:
256,192,38475,1,0,0:0:0:0:
329,192,38475,1,0,0:0:0:0:
402,192,38475,1,0,0:0:0:0:
182,192,38625,1,0,0:0:0:0:
329,192,38625,1,0,0:0:0:0:
402,192,38625,1,0,0:0:0:0:
36,0,38625,128,0,39225:0:0:0:0:
256,0,38625,128,0,39225:0:0:0:0:
109,192,38775,1,0,0:0:0:0:
109,192,38925,1,0,0:0:0:0:
109,192,39225,1,0,0:0:0:0:
182,192,39225,1,0,0:0:0:0:
329,192,39225,1,0,0:0:0:0:
402,192,39225,1,0,0:0:0:0:
475,192,39225,1,0,0:0:0:0:
402,192,39375,1,0,0:0:0:0:
475,192,39375,1,0,0:0:0:0:
256,192,39525,1,0,0:0:0:0:
402,192,39525,1,0,0:0:0:0:
475,192,39525,1,0,0:0:0:0:
402,192,39675,1,0,0:0:0:0:
475,192,39675,1,0,0:0:0:0:
36,192,39825,1,0,0:0:0:0:
109,192,39825,1,0,0:0:0:0:
182,192,39825,1,0,0:0:0:0:
256,192,40125,1,0,0:0:0:0:
256,192,40275,1,0,0:0:0:0:
329,192,40275,1,0,0:0:0:0:
182,192,40425,1,0,0:0:0:0:
402,192,40575,1,0,0:0:0:0:
475,192,40725,1,0,0:0:0:0:
256,192,40875,1,0,0:0:0:0:
36,192,41025,1,0,0:0:0:0:
109,192,41025,1,0,0:0:0:0:
475,192,41025,1,0,0:0:0:0:
329,192,41175,1,0,0:0:0:0:
182,192,41325,1,0,0:0:0:0:
256,192,41325,1,0,0:0:0:0:
36,192,41475,1,0,0:0:0:0:
109,192,41550,1,0,0:0:0:0:
182,192,41625,1,0,0:0:0:0:
256,192,41625,1,0,0:0:0:0:
475,192,41625,1,0,0:0:0:0:
329,192,41775,1,0,0:0:0:0:
402,192,41850,1,0,0:0:0:0:
36,192,41925,1,0,0:0:0:0:
475,192,41925,1,0,0:0:0:0:
329,192,42075,1,0,0:0:0:0:
36,192,42225,1,0,0:0:0:0:
109,192,42225,1,0,0:0:0:0:
182,192,42225,1,0,0:0:0:0:
256,192,42525,1,0,0:0:0:0:
182,192,42675,1,0,0:0:0:0:
256,192,42675,1,0,0:0:0:0:
36,192,42825,1,0,0:0:0:0:
329,192,42975,1,0,0:0:0:0:
475,192,43125,1,0,0:0:0:0:
402,192,43275,1,0,0:0:0:0:
36,192,43425,1,0,0:0:0:0:
109,192,43425,1,0,0:0:0:0:
182,192,43425,1,0,0:0:0:0:
256,192,43425,1,0,0:0:0:0:
256,192,43575,1,0,0:0:0:0:
329,0,43725,128,0,44025:0:0:0:0:
402,0,43725,128,0,44025:0:0:0:0:
475,0,43725,128,0,44025:0:0:0:0:
256,192,43875,1,0,0:0:0:0:
36,192,44025,1,0,0:0:0:0:
109,192,44025,1,0,0:0:0:0:
182,192,44025,1,0,0:0:0:0:
36,192,44175,1,0,0:0:0:0:
109,192,44175,1,0,0:0:0:0:
36,192,44325,1,0,0:0:0:0:
109,192,44325,1,0,0:0:0:0:
256,192,44325,1,0,0:0:0:0:
36,192,44475,1,0,0:0:0:0:
109,192,44475,1,0,0:0:0:0:
329,192,44625,1,0,0:0:0:0:
402,192,44625,1,0,0:0:0:0:
475,192,44625,1,0,0:0:0:0:
256,192,44925,1,0,0:0:0:0:
182,192,45075,1,0,0:0:0:0:
256,192,45075,1,0,0:0:0:0:
329,192,45225,1,0,0:0:0:0:
109,192,45375,1,0,0:0:0:0:
36,192,45525,1,0,0:0:0:0:
256,192,45675,1,0,0:0:0:0:
36,192,45825,1,0,0:0:0:0:
402,192,45825,1,0,0:0:0:0:
475,192,45825,1,0,0:0:0:0:
182,192,45975,1,0,0:0:0:0:
256,192,46125,1,0,0:0:0:0:
329,192,46125,1,0,0:0:0:0:
475,192,46275,1,0,0:0:0:0:
402,192,46350,1,0,0:0:0:0:
36,192,46425,1,0,0:0:0:0:
256,192,46425,1,0,0:0:0:0:
329,192,46425,1,0,0:0:0:0:
182,192,46575,1,0,0:0:0:0:
109,192,46650,1,0,0:0:0:0:
36,192,46725,1,0,0:0:0:0:
475,192,46725,1,0,0:0:0:0:
182,192,46875,1,0,0:0:0:0:
329,192,47025,1,0,0:0:0:0:
402,192,47025,1,0,0:0:0:0:
475,192,47025,1,0,0:0:0:0:
256,192,47325,1,0,0:0:0:0:
256,192,47475,1,0,0:0:0:0:
182,192,47625,1,0,0:0:0:0:
475,192,47625,1,0,0:0:0:0:
36,192,47775,1,0,0:0:0:0:
109,192,47925,1,0,0:0:0:0:
182,192,47925,1,0,0:0:0:0:
36,192,48075,1,0,0:0:0:0:
256,192,48225,1,0,0:0:0:0:
329,192,48225,1,0,0:0:0:0:
402,192,48225,1,0,0:0:0:0:
475,192,48225,1,0,0:0:0:0:
256,192,48375,1,0,0:0:0:0:
109,0,48525,128,0,53175:0:0:0:0:
329,192,48675,1,0,0:0:0:0:
256,192,48825,1,0,0:0:0:0:
475,0,48825,128,0,49125:0:0:0:0:
182,192,48975,1,0,0:0:0:0:
36,192,49125,1,0,0:0:0:0:
402,0,49125,128,0,53175:0:0:0:0:
256,192,49275,1,0,0:0:0:0:
182,192,49425,1,0,0:0:0:0:
329,192,49425,1,0,0:0:0:0:
475,192,49425,1,0,0:0:0:0:
256,192,49725,1,0,0:0:0:0:
256,192,49875,1,0,0:0:0:0:
36,192,50025,1,0,0:0:0:0:
475,192,50025,1,0,0:0:0:0:
256,192,50175,1,0,0:0:0:0:
182,192,50325,1,0,0:0:0:0:
329,192,50325,1,0,0:0:0:0:
256,192,50475,1,0,0:0:0:0:
36,192,50625,1,0,0:0:0:0:
182,192,50625,1,0,0:0:0:0:
475,192,50625,1,0,0:0:0:0:
256,192,50775,1,0,0:0:0:0:
329,192,50925,1,0,0:0:0:0:
475,192,50925,1,0,0:0:0:0:
36,192,51075,1,0,0:0:0:0:
182,192,51150,1,0,0:0:0:0:
256,192,51225,1,0,0:0:0:0:
329,192,51225,1,0,0:0:0:0:
475,192,51225,1,0,0:0:0:0:
182,192,51375,1,0,0:0:0:0:
329,192,51450,1,0,0:0:0:0:
36,192,51525,1,0,0:0:0:0:
475,192,51525,1,0,0:0:0:0:
36,192,51825,1,0,0:0:0:0:
182,192,51825,1,0,0:0:0:0:
329,192,51825,1,0,0:0:0:0:
475,192,51825,1,0,0:0:0:0:
256,192,52125,1,0,0:0:0:0:
256,192,52275,1,0,0:0:0:0:
36,192,52425,1,0,0:0:0:0:
329,192,52425,1,0,0:0:0:0:
256,192,52575,1,0,0:0:0:0:
182,192,52725,1,0,0:0:0:0:
475,192,52725,1,0,0:0:0:0:
256,192,52875,1,0,0:0:0:0:
36,192,53025,1,0,0:0:0:0:
329,192,53025,1,0,0:0:0:0:
36,0,53325,128,0,53550:0:0:0:0:
256,0,53325,128,0,53550:0:0:0:0:
475,0,53325,128,0,53550:0:0:0:0:
182,0,53625,128,0,53850:0:0:0:0:
256,192,53625,1,0,0:0:0:0:
329,0,53625,128,0,53850:0:0:0:0:
36,192,53775,1,0,0:0:0:0:
182,192,53925,1,0,0:0:0:0:
329,192,53925,1,0,0:0:0:0:
182,192,54075,1,0,0:0:0:0:
329,192,54075,1,0,0:0:0:0:
109,192,54225,1,0,0:0:0:0:
402,192,54225,1,0,0:0:0:0:
475,192,54225,1,0,0:0:0:0:
182,192,54375,1,0,0:0:0:0:
256,192,54525,1,0,0:0:0:0:
256,192,54675,1,0,0:0:0:0:
402,192,54675,1,0,0:0:0:0:
475,192,54825,1,0,0:0:0:0:
256,192,54975,1,0,0:0:0:0:
109,192,55125,1,0,0:0:0:0:
182,192,55125,1,0,0:0:0:0:
329,192,55125,1,0,0:0:0:0:
256,192,55275,1,0,0:0:0:0:
36,192,55425,1,0,0:0:0:0:
182,192,55425,1,0,0:0:0:0:
402,192,55425,1,0,0:0:0:0:
475,192,55425,1,0,0:0:0:0:
329,192,55575,1,0,0:0:0:0:
256,192,55725,1,0,0:0:0:0:
256,192,55875,1,0,0:0:0:0:
182,192,55950,1,0,0:0:0:0:
36,192,56025,1,0,0:0:0:0:
109,192,56025,1,0,0:0:0:0:
475,192,56025,1,0,0:0:0:0:
256,192,56175,1,0,0:0:0:0:
329,192,56250,1,0,0:0:0:0:
182,192,56325,1,0,0:0:0:0:
402,192,56325,1,0,0:0:0:0:
182,192,56475,1,0,0:0:0:0:
36,192,56625,1,0,0:0:0:0:
109,192,56625,1,0,0:0:0:0:
256,192,56625,1,0,0:0:0:0:
329,192,56625,1,0,0:0:0:0:
475,192,56625,1,0,0:0:0:0:
182,0,56775,128,0,57150:0:0:0:0:
256,192,56925,1,0,0:0:0:0:
36,192,57075,1,0,0:0:0:0:
109,192,57150,1,0,0:0:0:0:
36,0,57225,128,0,57425:0:0:0:0:
182,192,57225,1,0,0:0:0:0:
256,192,57225,1,0,0:0:0:0:
329,192,57225,1,0,0:0:0:0:
402,192,57225,1,0,0:0:0:0:
475,192,57225,1,0,0:0:0:0:
109,192,57425,1,0,0:0:0:0:
182,0,57425,128,0,57625:0:0:0:0:
256,192,57425,1,0,0:0:0:0:
329,192,57425,1,0,0:0:0:0:
402,192,57425,1,0,0:0:0:0:
475,192,57425,1,0,0:0:0:0:
36,192,57625,1,0,0:0:0:0:
109,192,57625,1,0,0:0:0:0:
256,192,57625,1,0,0:0:0:0:
329,192,57625,1,0,0:0:0:0:
402,0,57625,128,0,57825:0:0:0:0:
475,192,57625,1,0,0:0:0:0:
36,192,57825,1,0,0:0:0:0:
109,192,57825,1,0,0:0:0:0:
182,192,57825,1,0,0:0:0:0:
256,192,57825,1,0,0:0:0:0:
329,192,57825,1,0,0:0:0:0:
475,0,57825,128,0,58025:0:0:0:0:
36,192,58025,1,0,0:0:0:0:
109,192,58025,1,0,0:0:0:0:
182,192,58025,1,0,0:0:0:0:
256,192,58025,1,0,0:0:0:0:
329,0,58025,128,0,58225:0:0:0:0:
402,192,58025,1,0,0:0:0:0:
36,192,58225,1,0,0:0:0:0:
182,192,58225,1,0,0:0:0:0:
256,192,58225,1,0,0:0:0:0:
402,192,58225,1,0,0:0:0:0:
475,192,58225,1,0,0:0:0:0:
109,0,58225,128,0,58425:0:0:0:0:
475,192,58425,1,0,0:0:0:0:
475,192,58725,1,0,0:0:0:0:
475,192,59025,1,0,0:0:0:0:
182,192,59225,1,0,0:0:0:0:
329,192,59225,1,0,0:0:0:0:
36,192,59325,1,0,0:0:0:0:
36,192,59625,1,0,0:0:0:0:
109,192,59825,1,0,0:0:0:0:
36,192,59925,1,0,0:0:0:0:
475,192,60225,1,0,0:0:0:0:
475,192,60525,1,0,0:0:0:0:
329,192,60725,1,0,0:0:0:0:
475,192,60825,1,0,0:0:0:0:
256,192,61025,1,0,0:0:0:0:
36,192,61125,1,0,0:0:0:0:
182,192,61125,1,0,0:0:0:0:
329,192,61125,1,0,0:0:0:0:
402,192,61125,1,0,0:0:0:0:
109,0,61125,128,0,62025:0:0:0:0:
329,192,61425,1,0,0:0:0:0:
36,0,61425,128,0,62025:0:0:0:0:
182,0,61425,128,0,62025:0:0:0:0:
329,192,61625,1,0,0:0:0:0:
475,192,61725,1,0,0:0:0:0:
475,192,61925,1,0,0:0:0:0:
256,0,62025,128,0,62325:0:0:0:0:
329,0,62025,128,0,62325:0:0:0:0:
402,0,62025,128,0,62325:0:0:0:0:
475,0,62025,128,0,62325:0:0:0:0:
109,0,62475,128,0,62775:0:0:0:0:
182,0,62475,128,0,62775:0:0:0:0:
402,0,62475,128,0,62925:0:0:0:0:
475,0,62475,128,0,62925:0:0:0:0:
36,0,62925,128,0,63225:0:0:0:0:
109,0,62925,128,0,63225:0:0:0:0:
182,0,62925,128,0,63225:0:0:0:0:
256,0,62925,128,0,63225:0:0:0:0:
329,0,63375,128,0,63675:0:0:0:0:
402,0,63375,128,0,63675:0:0:0:0:
36,0,63375,128,0,63825:0:0:0:0:
109,0,63375,128,0,63825:0:0:0:0:
182,192,63825,1,0,0:0:0:0:
256,192,63825,1,0,0:0:0:0:
329,192,63825,1,0,0:0:0:0:
402,192,63825,1,0,0:0:0:0:
475,0,63825,128,0,64117:0:0:0:0:
402,192,64020,1,0,0:0:0:0:
36,0,64117,128,0,64410:0:0:0:0:
109,192,64117,1,0,0:0:0:0:
182,192,64117,1,0,0:0:0:0:
256,192,64117,1,0,0:0:0:0:
329,192,64117,1,0,0:0:0:0:
329,192,64410,1,0,0:0:0:0:
402,192,64410,1,0,0:0:0:0:
475,192,64410,1,0,0:0:0:0:
109,192,64483,1,0,0:0:0:0:
182,192,64483,1,0,0:0:0:0:
256,192,64483,1,0,0:0:0:0:
329,192,64556,1,0,0:0:0:0:
402,192,64556,1,0,0:0:0:0:
475,192,64556,1,0,0:0:0:0:
109,192,64703,1,0,0:0:0:0:
182,192,64703,1,0,0:0:0:0:
256,192,64703,1,0,0:0:0:0:
36,0,64703,128,0,64996:0:0:0:0:
182,192,64996,1,0,0:0:0:0:
256,192,64996,1,0,0:0:0:0:
402,192,64996,1,0,0:0:0:0:
475,0,64996,128,0,65288:0:0:0:0:
109,192,65093,1,0,0:0:0:0:
329,192,65093,1,0,0:0:0:0:
36,192,65191,1,0,0:0:0:0:
256,192,65191,1,0,0:0:0:0:
109,192,65288,1,0,0:0:0:0:
329,192,65288,1,0,0:0:0:0:
182,192,65361,1,0,0:0:0:0:
402,192,65361,1,0,0:0:0:0:
256,192,65435,1,0,0:0:0:0:
475,192,65435,1,0,0:0:0:0:
36,192,65508,1,0,0:0:0:0:
329,192,65508,1,0,0:0:0:0:
109,192,65581,1,0,0:0:0:0:
402,192,65581,1,0,0:0:0:0:
182,192,65654,1,0,0:0:0:0:
475,192,65654,1,0,0:0:0:0:
109,192,65727,1,0,0:0:0:0:
402,192,65727,1,0,0:0:0:0:
36,192,65800,1,0,0:0:0:0:
329,192,65800,1,0,0:0:0:0:
256,192,65874,1,0,0:0:0:0:
475,192,65874,1,0,0:0:0:0:
182,192,65947,1,0,0:0:0:0:
402,192,65947,1,0,0:0:0:0:
109,192,66020,1,0,0:0:0:0:
329,192,66020,1,0,0:0:0:0:
36,192,66093,1,0,0:0:0:0:
256,192,66093,1,0,0:0:0:0:
109,0,66166,128,0,66239:0:0:0:0:
329,0,66166,128,0,66239:0:0:0:0:
402,192,66166,1,0,0:0:0:0:
475,0,66166,128,0,66605:0:0:0:0:
36,0,66239,128,0,66312:0:0:0:0:
256,0,66239,128,0,66312:0:0:0:0:
109,0,66312,128,0,66385:0:0:0:0:
182,0,66312,128,0,66385:0:0:0:0:
402,0,66312,128,0,66458:0:0:0:0:
36,0,66385,128,0,66458:0:0:0:0:
256,0,66385,128,0,66458:0:0:0:0:
109,0,66458,128,0,66605:0:0:0:0:
329,0,66458,128,0,66531:0:0:0:0:
402,0,66531,128,0,66605:0:0:0:0:
182,0,66605,128,0,67044:0:0:0:0:
256,192,66605,1,0,0:0:0:0:
329,0,66605,128,0,66678:0:0:0:0:
402,0,66678,128,0,66751:0:0:0:0:
36,0,66751,128,0,66824:0:0:0:0:
256,0,66751,128,0,66897:0:0:0:0:
475,0,66751,128,0,66824:0:0:0:0:
109,0,66824,128,0,66897:0:0:0:0:
402,0,66824,128,0,66897:0:0:0:0:
36,0,66897,128,0,66970:0:0:0:0:
329,0,66897,128,0,66970:0:0:0:0:
109,0,66970,128,0,67044:0:0:0:0:
256,0,66970,128,0,67044:0:0:0:0:
36,0,67044,128,0,67190:0:0:0:0:
329,192,67044,1,0,0:0:0:0:
402,192,67044,1,0,0:0:0:0:
475,0,67044,128,0,67336:0:0:0:0:
256,192,67117,1,0,0:0:0:0:
109,192,67190,1,0,0:0:0:0:
182,192,67190,1,0,0:0:0:0:
36,0,67336,128,0,67922:0:0:0:0:
109,0,67336,128,0,67556:0:0:0:0:
256,192,67336,1,0,0:0:0:0:
402,192,67336,1,0,0:0:0:0:
182,0,67409,128,0,67629:0:0:0:0:
329,192,67409,1,0,0:0:0:0:
256,0,67483,128,0,67556:0:0:0:0:
402,192,67483,1,0,0:0:0:0:
329,0,67556,128,0,67775:0:0:0:0:
475,192,67556,1,0,0:0:0:0:
109,192,67629,1,0,0:0:0:0:
256,192,67629,1,0,0:0:0:0:
402,0,67629,128,0,67848:0:0:0:0:
182,192,67702,1,0,0:0:0:0:
475,0,67702,128,0,67922:0:0:0:0:
109,192,67775,1,0,0:0:0:0:
256,0,67775,128,0,67848:0:0:0:0:
182,0,67848,128,0,68068:0:0:0:0:
329,192,67848,1,0,0:0:0:0:
109,0,67922,128,0,68141:0:0:0:0:
256,192,67922,1,0,0:0:0:0:
402,192,67922,1,0,0:0:0:0:
36,0,67995,128,0,68214:0:0:0:0:
475,192,67995,1,0,0:0:0:0:
256,192,68068,1,0,0:0:0:0:
402,0,68068,128,0,68141:0:0:0:0:
182,192,68141,1,0,0:0:0:0:
329,0,68141,128,0,68214:0:0:0:0:
109,192,68214,1,0,0:0:0:0:
402,192,68214,1,0,0:0:0:0:
475,192,68214,1,0,0:0:0:0:
256,0,68214,128,0,68507:0:0:0:0:
36,192,68361,1,0,0:0:0:0:
329,0,68361,128,0,68507:0:0:0:0:
36,0,68507,128,0,68946:0:0:0:0:
109,192,68507,1,0,0:0:0:0:
182,0,68507,128,0,68580:0:0:0:0:
402,0,68507,128,0,68580:0:0:0:0:
256,0,68580,128,0,68653:0:0:0:0:
475,0,68580,128,0,68653:0:0:0:0:
109,0,68653,128,0,68800:0:0:0:0:
329,0,68653,128,0,68726:0:0:0:0:
402,0,68653,128,0,68726:0:0:0:0:
256,0,68726,128,0,68800:0:0:0:0:
475,0,68726,128,0,68800:0:0:0:0:
182,0,68800,128,0,68873:0:0:0:0:
402,0,68800,128,0,68946:0:0:0:0:
109,0,68873,128,0,68946:0:0:0:0:
182,0,68946,128,0,69019:0:0:0:0:
256,192,68946,1,0,0:0:0:0:
329,0,68946,128,0,69385:0:0:0:0:
109,0,69019,128,0,69092:0:0:0:0:
36,0,69092,128,0,69166:0:0:0:0:
256,0,69092,128,0,69239:0:0:0:0:
475,0,69092,128,0,69166:0:0:0:0:
109,0,69166,128,0,69239:0:0:0:0:
402,0,69166,128,0,69239:0:0:0:0:
182,0,69239,128,0,69312:0:0:0:0:
475,0,69239,128,0,69312:0:0:0:0:
256,0,69312,128,0,69385:0:0:0:0:
402,0,69312,128,0,69385:0:0:0:0:
109,192,69385,1,0,0:0:0:0:
182,192,69385,1,0,0:0:0:0:
475,0,69385,128,0,69531:0:0:0:0:
36,0,69385,128,0,69678:0:0:0:0:
256,192,69458,1,0,0:0:0:0:
329,192,69531,1,0,0:0:0:0:
402,192,69531,1,0,0:0:0:0:
109,192,69678,1,0,0:0:0:0:
256,192,69678,1,0,0:0:0:0:
402,0,69678,128,0,69897:0:0:0:0:
475,0,69678,128,0,70190:0:0:0:0:
182,192,69751,1,0,0:0:0:0:
329,0,69751,128,0,69970:0:0:0:0:
109,192,69824,1,0,0:0:0:0:
256,0,69824,128,0,69897:0:0:0:0:
36,192,69897,1,0,0:0:0:0:
182,0,69897,128,0,70117:0:0:0:0:
109,0,69970,128,0,70190:0:0:0:0:
256,192,69970,1,0,0:0:0:0:
402,192,69970,1,0,0:0:0:0:
36,0,70044,128,0,70263:0:0:0:0:
329,192,70044,1,0,0:0:0:0:
256,0,70117,128,0,70190:0:0:0:0:
402,192,70117,1,0,0:0:0:0:
182,192,70190,1,0,0:0:0:0:
329,0,70190,128,0,70263:0:0:0:0:
109,0,70263,128,0,70336:0:0:0:0:
256,0,70263,128,0,70336:0:0:0:0:
402,0,70263,128,0,70336:0:0:0:0:
475,0,70263,128,0,70336:0:0:0:0:
36,0,70409,128,0,70483:0:0:0:0:
182,0,70409,128,0,70483:0:0:0:0:
329,0,70409,128,0,70483:0:0:0:0:
475,0,70409,128,0,70483:0:0:0:0:
36,0,70556,128,0,70629:0:0:0:0:
109,0,70556,128,0,70629:0:0:0:0:
182,192,70556,1,0,0:0:0:0:
256,0,70556,128,0,70629:0:0:0:0:
402,0,70556,128,0,70629:0:0:0:0:
182,0,70702,128,0,70775:0:0:0:0:
329,0,70702,128,0,70775:0:0:0:0:
475,0,70702,128,0,70775:0:0:0:0:
36,0,70848,128,0,71434:0:0:0:0:
109,0,70848,128,0,71068:0:0:0:0:
256,0,70848,128,0,70922:0:0:0:0:
182,0,70922,128,0,71141:0:0:0:0:
329,0,70922,128,0,70995:0:0:0:0:
256,0,70995,128,0,71214:0:0:0:0:
402,0,70995,128,0,71068:0:0:0:0:
329,0,71068,128,0,71287:0:0:0:0:
475,0,71068,128,0,71141:0:0:0:0:
109,0,71141,128,0,71507:0:0:0:0:
402,0,71141,128,0,71214:0:0:0:0:
182,0,71214,128,0,71434:0:0:0:0:
475,0,71214,128,0,71287:0:0:0:0:
256,0,71287,128,0,71361:0:0:0:0:
402,0,71287,128,0,71361:0:0:0:0:
329,0,71361,128,0,71434:0:0:0:0:
475,0,71361,128,0,71653:0:0:0:0:
256,0,71434,128,0,71507:0:0:0:0:
402,192,71434,1,0,0:0:0:0:
182,0,71507,128,0,71580:0:0:0:0:
329,192,71507,1,0,0:0:0:0:
109,0,71580,128,0,71653:0:0:0:0:
256,192,71580,1,0,0:0:0:0:
36,0,71653,128,0,71726:0:0:0:0:
182,192,71653,1,0,0:0:0:0:
109,192,71726,1,0,0:0:0:0:
329,0,71726,128,0,71873:0:0:0:0:
402,0,71726,128,0,71946:0:0:0:0:
475,0,71726,128,0,71946:0:0:0:0:
182,192,71800,1,0,0:0:0:0:
256,192,71873,1,0,0:0:0:0:
36,0,71873,128,0,72166:0:0:0:0:
329,192,71946,1,0,0:0:0:0:
256,0,72019,128,0,72092:0:0:0:0:
402,0,72019,128,0,72239:0:0:0:0:
475,0,72019,128,0,72605:0:0:0:0:
182,0,72092,128,0,72166:0:0:0:0:
329,0,72092,128,0,72312:0:0:0:0:
109,0,72166,128,0,72239:0:0:0:0:
256,0,72166,128,0,72385:0:0:0:0:
36,0,72239,128,0,72312:0:0:0:0:
182,0,72239,128,0,72458:0:0:0:0:
109,0,72312,128,0,72385:0:0:0:0:
402,0,72312,128,0,72678:0:0:0:0:
36,0,72385,128,0,72458:0:0:0:0:
329,0,72385,128,0,72605:0:0:0:0:
109,0,72458,128,0,72531:0:0:0:0:
256,0,72458,128,0,72531:0:0:0:0:
36,0,72531,128,0,72824:0:0:0:0:
182,0,72531,128,0,72605:0:0:0:0:
109,192,72605,1,0,0:0:0:0:
256,0,72605,128,0,72678:0:0:0:0:
182,192,72678,1,0,0:0:0:0:
329,0,72678,128,0,72751:0:0:0:0:
256,192,72751,1,0,0:0:0:0:
402,0,72751,128,0,72824:0:0:0:0:
329,192,72824,1,0,0:0:0:0:
475,0,72824,128,0,72897:0:0:0:0:
36,192,72897,1,0,0:0:0:0:
109,192,72897,1,0,0:0:0:0:
182,192,72897,1,0,0:0:0:0:
402,192,72897,1,0,0:0:0:0:
329,192,72970,1,0,0:0:0:0:
256,192,73044,1,0,0:0:0:0:
475,192,73044,1,0,0:0:0:0:
182,192,73117,1,0,0:0:0:0:
36,0,73190,128,0,73556:0:0:0:0:
109,0,73190,128,0,73409:0:0:0:0:
256,192,73190,1,0,0:0:0:0:
402,192,73190,1,0,0:0:0:0:
182,0,73263,128,0,73336:0:0:0:0:
329,192,73263,1,0,0:0:0:0:
256,0,73336,128,0,73409:0:0:0:0:
402,192,73336,1,0,0:0:0:0:
475,192,73336,1,0,0:0:0:0:
329,0,73409,128,0,73483:0:0:0:0:
109,192,73483,1,0,0:0:0:0:
256,192,73483,1,0,0:0:0:0:
402,0,73483,128,0,73702:0:0:0:0:
475,0,73483,128,0,73848:0:0:0:0:
182,192,73556,1,0,0:0:0:0:
329,0,73556,128,0,73629:0:0:0:0:
36,192,73629,1,0,0:0:0:0:
109,192,73629,1,0,0:0:0:0:
256,0,73629,128,0,73702:0:0:0:0:
182,0,73702,128,0,73775:0:0:0:0:
36,0,73775,128,0,74141:0:0:0:0:
109,0,73775,128,0,73995:0:0:0:0:
256,192,73775,1,0,0:0:0:0:
402,192,73775,1,0,0:0:0:0:
182,0,73848,128,0,73922:0:0:0:0:
329,192,73848,1,0,0:0:0:0:
256,0,73922,128,0,73995:0:0:0:0:
402,192,73922,1,0,0:0:0:0:
475,192,73922,1,0,0:0:0:0:
329,0,73995,128,0,74068:0:0:0:0:
109,192,74068,1,0,0:0:0:0:
256,192,74068,1,0,0:0:0:0:
402,0,74068,128,0,74287:0:0:0:0:
475,0,74068,128,0,74434:0:0:0:0:
182,192,74141,1,0,0:0:0:0:
329,0,74141,128,0,74214:0:0:0:0:
36,192,74214,1,0,0:0:0:0:
109,192,74214,1,0,0:0:0:0:
256,0,74214,128,0,74287:0:0:0:0:
182,0,74287,128,0,74361:0:0:0:0:
36,0,74361,128,0,74434:0:0:0:0:
109,0,74361,128,0,74434:0:0:0:0:
256,0,74361,128,0,74726:0:0:0:0:
329,0,74361,128,0,74434:0:0:0:0:
402,0,74361,128,0,74434:0:0:0:0:
36,0,74507,128,0,74580:0:0:0:0:
109,0,74507,128,0,74580:0:0:0:0:
329,0,74507,128,0,74580:0:0:0:0:
402,0,74507,128,0,74580:0:0:0:0:
109,0,74653,128,0,74726:0:0:0:0:
182,0,74653,128,0,74726:0:0:0:0:
402,0,74653,128,0,74726:0:0:0:0:
475,0,74653,128,0,74726:0:0:0:0:
109,0,74800,128,0,74873:0:0:0:0:
182,0,74800,128,0,74873:0:0:0:0:
402,0,74800,128,0,74873:0:0:0:0:
475,0,74800,128,0,74873:0:0:0:0:
36,0,74946,128,0,75019:0:0:0:0:
182,0,74946,128,0,75165:0:0:0:0:
256,0,74946,128,0,75019:0:0:0:0:
329,0,74946,128,0,75019:0:0:0:0:
475,0,74946,128,0,75019:0:0:0:0:
36,0,75092,128,0,75165:0:0:0:0:
256,0,75092,128,0,75165:0:0:0:0:
329,0,75092,128,0,75165:0:0:0:0:
475,0,75092,128,0,75165:0:0:0:0:
36,192,75239,1,0,0:0:0:0:
182,192,75239,1,0,0:0:0:0:
256,192,75239,1,0,0:0:0:0:
329,0,75239,128,0,75458:0:0:0:0:
475,192,75239,1,0,0:0:0:0:
36,192,75385,1,0,0:0:0:0:
182,192,75385,1,0,0:0:0:0:
256,192,75385,1,0,0:0:0:0:
475,192,75385,1,0,0:0:0:0:
36,0,75531,128,0,76117:0:0:0:0:
182,0,75531,128,0,75568:0:0:0:0:
329,0,75531,128,0,75751:0:0:0:0:
402,192,75531,1,0,0:0:0:0:
475,192,75531,1,0,0:0:0:0:
109,0,75605,128,0,75787:0:0:0:0:
256,0,75605,128,0,75641:0:0:0:0:
182,0,75678,128,0,75714:0:0:0:0:
256,0,75751,128,0,75934:0:0:0:0:
402,0,75751,128,0,75787:0:0:0:0:
182,0,75824,128,0,75897:0:0:0:0:
329,0,75824,128,0,75861:0:0:0:0:
475,0,75824,128,0,75861:0:0:0:0:
109,0,75897,128,0,75970:0:0:0:0:
402,0,75897,128,0,75934:0:0:0:0:
182,0,75970,128,0,76190:0:0:0:0:
329,0,75970,128,0,76007:0:0:0:0:
475,0,75970,128,0,76556:0:0:0:0:
256,0,76044,128,0,76080:0:0:0:0:
402,0,76044,128,0,76226:0:0:0:0:
329,0,76117,128,0,76153:0:0:0:0:
109,0,76190,128,0,76226:0:0:0:0:
256,0,76190,128,0,76373:0:0:0:0:
36,0,76263,128,0,76300:0:0:0:0:
182,0,76263,128,0,76300:0:0:0:0:
329,0,76263,128,0,76336:0:0:0:0:
109,0,76336,128,0,76373:0:0:0:0:
402,0,76336,128,0,76409:0:0:0:0:
182,192,76409,1,0,0:0:0:0:
329,192,76409,1,0,0:0:0:0:
36,0,76409,128,0,76702:0:0:0:0:
256,192,76483,1,0,0:0:0:0:
109,192,76556,1,0,0:0:0:0:
402,192,76556,1,0,0:0:0:0:
109,0,76702,128,0,76848:0:0:0:0:
329,0,76702,128,0,76848:0:0:0:0:
475,0,76702,128,0,76995:0:0:0:0:
36,0,76775,128,0,76922:0:0:0:0:
256,0,76775,128,0,76995:0:0:0:0:
182,0,76848,128,0,76922:0:0:0:0:
402,0,76848,128,0,76922:0:0:0:0:
109,0,76922,128,0,77068:0:0:0:0:
329,0,76922,128,0,77068:0:0:0:0:
36,0,76995,128,0,77287:0:0:0:0:
182,0,76995,128,0,77141:0:0:0:0:
402,0,76995,128,0,77141:0:0:0:0:
256,0,77068,128,0,77287:0:0:0:0:
475,0,77068,128,0,77214:0:0:0:0:
109,0,77141,128,0,77214:0:0:0:0:
329,0,77141,128,0,77214:0:0:0:0:
182,0,77214,128,0,77361:0:0:0:0:
402,0,77214,128,0,77361:0:0:0:0:
109,0,77287,128,0,77434:0:0:0:0:
329,0,77287,128,0,77434:0:0:0:0:
475,0,77287,128,0,77580:0:0:0:0:
36,0,77361,128,0,77507:0:0:0:0:
256,0,77361,128,0,77580:0:0:0:0:
182,0,77434,128,0,77507:0:0:0:0:
402,0,77434,128,0,77507:0:0:0:0:
109,0,77507,128,0,77580:0:0:0:0:
329,0,77507,128,0,77653:0:0:0:0:
36,0,77580,128,0,77653:0:0:0:0:
182,192,77580,1,0,0:0:0:0:
402,0,77580,128,0,77726:0:0:0:0:
256,192,77653,1,0,0:0:0:0:
475,0,77653,128,0,77800:0:0:0:0:
109,0,77726,128,0,77800:0:0:0:0:
329,192,77726,1,0,0:0:0:0:
402,192,77800,1,0,0:0:0:0:
36,0,77873,128,0,77909:0:0:0:0:
182,0,77873,128,0,78312:0:0:0:0:
256,192,77873,1,0,0:0:0:0:
475,0,77873,128,0,77946:0:0:0:0:
109,0,77946,128,0,77983:0:0:0:0:
402,0,77946,128,0,78165:0:0:0:0:
36,0,78019,128,0,78056:0:0:0:0:
329,0,78019,128,0,78092:0:0:0:0:
109,0,78092,128,0,78239:0:0:0:0:
256,0,78092,128,0,78239:0:0:0:0:
36,0,78165,128,0,78202:0:0:0:0:
329,0,78165,128,0,78312:0:0:0:0:
475,192,78165,1,0,0:0:0:0:
402,0,78239,128,0,78385:0:0:0:0:
36,0,78312,128,0,78751:0:0:0:0:
109,0,78312,128,0,78348:0:0:0:0:
256,0,78312,128,0,78385:0:0:0:0:
182,0,78385,128,0,78422:0:0:0:0:
329,0,78385,128,0,78605:0:0:0:0:
109,0,78458,128,0,78495:0:0:0:0:
256,192,78458,1,0,0:0:0:0:
402,0,78458,128,0,78531:0:0:0:0:
182,0,78531,128,0,78678:0:0:0:0:
475,0,78531,128,0,78605:0:0:0:0:
109,0,78605,128,0,78641:0:0:0:0:
402,0,78605,128,0,78678:0:0:0:0:
329,0,78678,128,0,78751:0:0:0:0:
109,0,78751,128,0,78787:0:0:0:0:
182,0,78751,128,0,78787:0:0:0:0:
256,0,78751,128,0,78787:0:0:0:0:
475,0,78751,128,0,79263:0:0:0:0:
256,0,78897,128,0,78934:0:0:0:0:
329,0,78897,128,0,78934:0:0:0:0:
402,0,78897,128,0,78934:0:0:0:0:
36,0,79044,128,0,79117:0:0:0:0:
109,0,79044,128,0,79117:0:0:0:0:
182,0,79044,128,0,79409:0:0:0:0:
402,0,79044,128,0,79263:0:0:0:0:
36,0,79190,128,0,79556:0:0:0:0:
109,0,79190,128,0,79263:0:0:0:0:
256,0,79190,128,0,79409:0:0:0:0:
329,0,79190,128,0,79263:0:0:0:0:
109,0,79336,128,0,79848:0:0:0:0:
329,0,79336,128,0,79556:0:0:0:0:
402,0,79336,128,0,79409:0:0:0:0:
475,0,79336,128,0,79409:0:0:0:0:
182,0,79483,128,0,79848:0:0:0:0:
256,0,79483,128,0,79848:0:0:0:0:
402,0,79483,128,0,79848:0:0:0:0:
475,0,79483,128,0,79848:0:0:0:0:
36,0,79629,128,0,79702:0:0:0:0:
329,0,79629,128,0,79702:0:0:0:0:
36,0,79775,128,0,80068:0:0:0:0:
329,0,79775,128,0,80068:0:0:0:0:
109,192,79922,1,0,0:0:0:0:
182,192,79922,1,0,0:0:0:0:
256,192,79922,1,0,0:0:0:0:
402,192,79922,1,0,0:0:0:0:
475,192,79922,1,0,0:0:0:0:
109,192,80068,1,0,0:0:0:0:
182,192,80068,1,0,0:0:0:0:
256,192,80068,1,0,0:0:0:0:
402,192,80068,1,0,0:0:0:0:
475,192,80068,1,0,0:0:0:0:
36,0,80215,128,0,80252:0:0:0:0:
109,0,80215,128,0,80252:0:0:0:0:
182,0,80215,128,0,80252:0:0:0:0:
256,0,80215,128,0,81115:0:0:0:0:
402,192,80215,1,0,0:0:0:0:
36,192,80365,1,0,0:0:0:0:
109,192,80365,1,0,0:0:0:0:
182,192,80365,1,0,0:0:0:0:
402,192,80365,1,0,0:0:0:0:
109,192,80665,1,0,0:0:0:0:
329,0,80665,128,0,80702:0:0:0:0:
402,0,80665,128,0,80702:0:0:0:0:
475,0,80665,128,0,80702:0:0:0:0:
109,192,80815,1,0,0:0:0:0:
329,192,80815,1,0,0:0:0:0:
402,192,80815,1,0,0:0:0:0:
475,192,80815,1,0,0:0:0:0:
36,0,81115,128,0,81152:0:0:0:0:
109,0,81115,128,0,81152:0:0:0:0:
182,0,81115,128,0,81152:0:0:0:0:
402,192,81115,1,0,0:0:0:0:
36,192,81265,1,0,0:0:0:0:
109,192,81265,1,0,0:0:0:0:
182,192,81265,1,0,0:0:0:0:
402,192,81265,1,0,0:0:0:0:
109,192,81565,1,0,0:0:0:0:
329,0,81565,128,0,81602:0:0:0:0:
402,0,81565,128,0,81602:0:0:0:0:
475,0,81565,128,0,81602:0:0:0:0:
109,192,81715,1,0,0:0:0:0:
329,192,81715,1,0,0:0:0:0:
402,192,81715,1,0,0:0:0:0:
475,192,81715,1,0,0:0:0:0:
36,0,82015,128,0,82315:0:0:0:0:
109,0,82015,128,0,82315:0:0:0:0:
182,0,82015,128,0,82165:0:0:0:0:
256,0,82015,128,0,82165:0:0:0:0:
475,0,82015,128,0,82615:0:0:0:0:
402,192,82315,1,0,0:0:0:0:
329,0,82465,128,0,82615:0:0:0:0:
36,0,82615,128,0,82652:0:0:0:0:
109,0,82615,128,0,82652:0:0:0:0:
182,0,82615,128,0,82915:0:0:0:0:
256,0,82615,128,0,82652:0:0:0:0:
402,0,82615,128,0,82652:0:0:0:0:
36,0,82765,128,0,82915:0:0:0:0:
109,0,82765,128,0,82915:0:0:0:0:
256,0,82765,128,0,82915:0:0:0:0:
402,0,82765,128,0,82915:0:0:0:0:
36,0,83065,128,0,83515:0:0:0:0:
109,0,83065,128,0,83102:0:0:0:0:
256,0,83065,128,0,83102:0:0:0:0:
402,0,83065,128,0,83102:0:0:0:0:
475,0,83065,128,0,83102:0:0:0:0:
109,0,83215,128,0,83365:0:0:0:0:
256,0,83215,128,0,83365:0:0:0:0:
402,0,83215,128,0,83365:0:0:0:0:
475,0,83215,128,0,83365:0:0:0:0:
109,192,83515,1,0,0:0:0:0:
182,192,83515,1,0,0:0:0:0:
256,192,83515,1,0,0:0:0:0:
402,192,83515,1,0,0:0:0:0:
475,192,83515,1,0,0:0:0:0:
329,0,83515,128,0,83815:0:0:0:0:
109,192,83665,1,0,0:0:0:0:
182,192,83665,1,0,0:0:0:0:
256,192,83665,1,0,0:0:0:0:
402,192,83665,1,0,0:0:0:0:
475,192,83665,1,0,0:0:0:0:
36,192,83815,1,0,0:0:0:0:
109,192,83815,1,0,0:0:0:0:
182,192,83815,1,0,0:0:0:0:
475,0,83815,128,0,84340:0:0:0:0:
36,192,83965,1,0,0:0:0:0:
109,192,83965,1,0,0:0:0:0:
182,192,83965,1,0,0:0:0:0:
182,192,84115,1,0,0:0:0:0:
256,192,84115,1,0,0:0:0:0:
329,192,84115,1,0,0:0:0:0:
402,192,84115,1,0,0:0:0:0:
36,192,84265,1,0,0:0:0:0:
109,192,84265,1,0,0:0:0:0:
329,192,84265,1,0,0:0:0:0:
402,192,84265,1,0,0:0:0:0:
36,192,84340,1,0,0:0:0:0:
109,192,84415,1,0,0:0:0:0:
182,192,84415,1,0,0:0:0:0:
256,192,84415,1,0,0:0:0:0:
329,192,84415,1,0,0:0:0:0:
402,192,84415,1,0,0:0:0:0:
475,192,84415,1,0,0:0:0:0:
182,0,84565,128,0,84715:0:0:0:0:
475,0,84565,128,0,84715:0:0:0:0:
109,0,84715,128,0,84865:0:0:0:0:
402,0,84715,128,0,84865:0:0:0:0:
36,0,84865,128,0,85015:0:0:0:0:
329,0,84865,128,0,85015:0:0:0:0:
109,192,85015,1,0,0:0:0:0:
182,192,85015,1,0,0:0:0:0:
256,192,85015,1,0,0:0:0:0:
402,0,85015,128,0,85234:0:0:0:0:
475,0,85015,128,0,85234:0:0:0:0:
329,192,85307,1,0,0:0:0:0:
402,192,85307,1,0,0:0:0:0:
475,192,85307,1,0,0:0:0:0:
402,192,85454,1,0,0:0:0:0:
475,192,85454,1,0,0:0:0:0:
36,192,85600,1,0,0:0:0:0:
109,192,85600,1,0,0:0:0:0:
182,192,85600,1,0,0:0:0:0:
256,192,85893,1,0,0:0:0:0:
256,192,86039,1,0,0:0:0:0:
329,192,86039,1,0,0:0:0:0:
182,192,86185,1,0,0:0:0:0:
402,192,86332,1,0,0:0:0:0:
475,192,86478,1,0,0:0:0:0:
256,192,86624,1,0,0:0:0:0:
36,192,86771,1,0,0:0:0:0:
109,192,86771,1,0,0:0:0:0:
475,192,86771,1,0,0:0:0:0:
329,192,86917,1,0,0:0:0:0:
182,192,87063,1,0,0:0:0:0:
256,192,87063,1,0,0:0:0:0:
36,192,87210,1,0,0:0:0:0:
109,192,87283,1,0,0:0:0:0:
182,192,87356,1,0,0:0:0:0:
256,192,87356,1,0,0:0:0:0:
475,192,87356,1,0,0:0:0:0:
329,192,87502,1,0,0:0:0:0:
402,192,87575,1,0,0:0:0:0:
36,192,87649,1,0,0:0:0:0:
475,192,87649,1,0,0:0:0:0:
329,192,87795,1,0,0:0:0:0:
36,192,87941,1,0,0:0:0:0:
109,192,87941,1,0,0:0:0:0:
182,192,87941,1,0,0:0:0:0:
256,192,88234,1,0,0:0:0:0:
182,192,88380,1,0,0:0:0:0:
256,192,88380,1,0,0:0:0:0:
36,192,88527,1,0,0:0:0:0:
329,192,88673,1,0,0:0:0:0:
475,192,88819,1,0,0:0:0:0:
402,192,88966,1,0,0:0:0:0:
36,192,89112,1,0,0:0:0:0:
109,192,89112,1,0,0:0:0:0:
182,192,89112,1,0,0:0:0:0:
256,192,89112,1,0,0:0:0:0:
256,192,89258,1,0,0:0:0:0:
402,0,89405,128,0,90148:0:0:0:0:
475,0,89405,128,0,90148:0:0:0:0:
256,192,89551,1,0,0:0:0:0:
36,0,89698,128,0,89923:0:0:0:0:
109,0,89698,128,0,89923:0:0:0:0:
182,192,89698,1,0,0:0:0:0:
36,192,89998,1,0,0:0:0:0:
109,192,89998,1,0,0:0:0:0:
256,192,89998,1,0,0:0:0:0:
36,192,90148,1,0,0:0:0:0:
109,192,90148,1,0,0:0:0:0:
329,192,90298,1,0,0:0:0:0:
402,192,90298,1,0,0:0:0:0:
475,192,90298,1,0,0:0:0:0:
256,192,90598,1,0,0:0:0:0:
182,192,90748,1,0,0:0:0:0:
256,192,90748,1,0,0:0:0:0:
329,192,90898,1,0,0:0:0:0:
109,192,91048,1,0,0:0:0:0:
36,192,91198,1,0,0:0:0:0:
256,192,91348,1,0,0:0:0:0:
36,192,91498,1,0,0:0:0:0:
402,192,91498,1,0,0:0:0:0:
475,192,91498,1,0,0:0:0:0:
182,192,91648,1,0,0:0:0:0:
256,192,91798,1,0,0:0:0:0:
329,192,91798,1,0,0:0:0:0:
475,192,91948,1,0,0:0:0:0:
402,192,92023,1,0,0:0:0:0:
36,192,92098,1,0,0:0:0:0:
256,192,92098,1,0,0:0:0:0:
329,192,92098,1,0,0:0:0:0:
182,192,92248,1,0,0:0:0:0:
109,192,92323,1,0,0:0:0:0:
36,192,92398,1,0,0:0:0:0:
475,192,92398,1,0,0:0:0:0:
182,192,92548,1,0,0:0:0:0:
329,192,92698,1,0,0:0:0:0:
402,192,92698,1,0,0:0:0:0:
475,192,92698,1,0,0:0:0:0:
256,192,92998,1,0,0:0:0:0:
256,192,93148,1,0,0:0:0:0:
182,192,93298,1,0,0:0:0:0:
475,192,93298,1,0,0:0:0:0:
36,192,93448,1,0,0:0:0:0:
109,192,93598,1,0,0:0:0:0:
182,192,93598,1,0,0:0:0:0:
36,192,93748,1,0,0:0:0:0:
256,192,93898,1,0,0:0:0:0:
329,192,93898,1,0,0:0:0:0:
402,192,93898,1,0,0:0:0:0:
475,192,93898,1,0,0:0:0:0:
256,192,94048,1,0,0:0:0:0:
402,192,94198,1,0,0:0:0:0:
36,0,94198,128,0,98900:0:0:0:0:
182,192,94348,1,0,0:0:0:0:
109,192,94498,1,0,0:0:0:0:
182,192,94498,1,0,0:0:0:0:
402,0,94498,128,0,94796:0:0:0:0:
475,0,94498,128,0,98900:0:0:0:0:
109,192,94796,1,0,0:0:0:0:
182,192,94796,1,0,0:0:0:0:
256,192,94796,1,0,0:0:0:0:
329,0,94796,128,0,95095:0:0:0:0:
109,192,94945,1,0,0:0:0:0:
182,192,94945,1,0,0:0:0:0:
256,0,95095,128,0,98900:0:0:0:0:
109,192,95244,1,0,0:0:0:0:
182,192,95244,1,0,0:0:0:0:
329,192,95244,1,0,0:0:0:0:
109,192,95393,1,0,0:0:0:0:
402,192,95393,1,0,0:0:0:0:
182,192,95542,1,0,0:0:0:0:
329,192,95542,1,0,0:0:0:0:
402,192,95542,1,0,0:0:0:0:
109,192,95692,1,0,0:0:0:0:
182,0,95692,128,0,95915:0:0:0:0:
329,192,95692,1,0,0:0:0:0:
402,192,95692,1,0,0:0:0:0:
109,192,95841,1,0,0:0:0:0:
109,192,95990,1,0,0:0:0:0:
182,192,95990,1,0,0:0:0:0:
329,0,95990,128,0,96139:0:0:0:0:
402,192,95990,1,0,0:0:0:0:
109,192,96886,1,0,0:0:0:0:
182,192,96886,1,0,0:0:0:0:
402,192,96886,1,0,0:0:0:0:
329,192,96960,1,0,0:0:0:0:
182,192,97035,1,0,0:0:0:0:
109,192,97109,1,0,0:0:0:0:
329,192,97184,1,0,0:0:0:0:
402,192,97184,1,0,0:0:0:0:
109,192,97333,1,0,0:0:0:0:
182,192,97333,1,0,0:0:0:0:
109,192,97483,1,0,0:0:0:0:
329,192,97483,1,0,0:0:0:0:
402,192,97483,1,0,0:0:0:0:
182,192,97632,1,0,0:0:0:0:
109,192,97781,1,0,0:0:0:0:
329,192,97781,1,0,0:0:0:0:
109,192,97930,1,0,0:0:0:0:
182,192,98080,1,0,0:0:0:0:
329,192,98080,1,0,0:0:0:0:
402,192,98229,1,0,0:0:0:0:
109,192,98378,1,0,0:0:0:0:
182,192,98378,1,0,0:0:0:0:
402,192,98527,1,0,0:0:0:0:
109,192,98677,1,0,0:0:0:0:
182,192,98677,1,0,0:0:0:0:
329,192,98677,1,0,0:0:0:0:
329,192,98826,1,0,0:0:0:0:
402,192,98826,1,0,0:0:0:0:
36,192,98975,1,0,0:0:0:0:
256,192,98975,1,0,0:0:0:0:
475,192,98975,1,0,0:0:0:0:
109,0,98975,128,0,99724:0:0:0:0:
182,0,98975,128,0,99724:0:0:0:0:
402,192,99124,1,0,0:0:0:0:
329,192,99199,1,0,0:0:0:0:
36,192,99274,1,0,0:0:0:0:
256,192,99274,1,0,0:0:0:0:
402,0,99274,128,0,99499:0:0:0:0:
475,0,99274,128,0,99499:0:0:0:0:
329,192,99424,1,0,0:0:0:0:
402,192,99574,1,0,0:0:0:0:
475,192,99574,1,0,0:0:0:0:
402,192,99724,1,0,0:0:0:0:
475,192,99724,1,0,0:0:0:0:
36,192,99874,1,0,0:0:0:0:
109,192,99874,1,0,0:0:0:0:
182,192,99874,1,0,0:0:0:0:
256,192,99874,1,0,0:0:0:0:
329,192,99874,1,0,0:0:0:0:
402,192,100024,1,0,0:0:0:0:
475,192,100174,1,0,0:0:0:0:
329,192,100324,1,0,0:0:0:0:
475,192,100324,1,0,0:0:0:0:
256,192,100624,1,0,0:0:0:0:
182,192,100774,1,0,0:0:0:0:
256,192,100924,1,0,0:0:0:0:
36,0,100924,128,0,101674:0:0:0:0:
329,192,101074,1,0,0:0:0:0:
402,192,101074,1,0,0:0:0:0:
475,192,101074,1,0,0:0:0:0:
256,192,101224,1,0,0:0:0:0:
109,0,101224,128,0,102186:0:0:0:0:
182,0,101224,128,0,102625:0:0:0:0:
256,192,101374,1,0,0:0:0:0:
329,192,101374,1,0,0:0:0:0:
402,192,101374,1,0,0:0:0:0:
475,192,101374,1,0,0:0:0:0:
329,192,101524,1,0,0:0:0:0:
402,192,101524,1,0,0:0:0:0:
475,192,101524,1,0,0:0:0:0:
256,0,101674,128,0,102771:0:0:0:0:
475,0,101674,128,0,102186:0:0:0:0:
329,0,101674,128,0,103064:0:0:0:0:
402,0,101674,128,0,103064:0:0:0:0:
36,192,101966,1,0,0:0:0:0:
36,0,102259,128,0,102625:0:0:0:0:
109,0,102259,128,0,102771:0:0:0:0:
475,192,102552,1,0,0:0:0:0:
36,192,102698,1,0,0:0:0:0:
182,192,102698,1,0,0:0:0:0:
36,0,102844,128,0,102917:0:0:0:0:
109,0,102844,128,0,102917:0:0:0:0:
182,0,102844,128,0,102917:0:0:0:0:
256,0,102844,128,0,102917:0:0:0:0:
475,0,102844,128,0,102917:0:0:0:0:
36,0,102991,128,0,103064:0:0:0:0:
109,0,102991,128,0,103064:0:0:0:0:
182,0,102991,128,0,103064:0:0:0:0:
256,0,102991,128,0,103064:0:0:0:0:
475,0,102991,128,0,103064:0:0:0:0:
182,0,103137,128,0,103210:0:0:0:0:
256,0,103137,128,0,103210:0:0:0:0:
329,0,103137,128,0,103210:0:0:0:0:
402,0,103137,128,0,103210:0:0:0:0:
475,0,103137,128,0,103210:0:0:0:0:
182,0,103283,128,0,103356:0:0:0:0:
256,0,103283,128,0,103356:0:0:0:0:
329,0,103283,128,0,103356:0:0:0:0:
402,0,103283,128,0,103356:0:0:0:0:
475,0,103283,128,0,103356:0:0:0:0:
36,192,103430,1,0,0:0:0:0:
109,192,103430,1,0,0:0:0:0:
182,192,103430,1,0,0:0:0:0:
256,192,103430,1,0,0:0:0:0:
329,0,103430,128,0,103503:0:0:0:0:
402,0,103430,128,0,103503:0:0:0:0:
475,192,103430,1,0,0:0:0:0:
36,192,103576,1,0,0:0:0:0:
109,192,103576,1,0,0:0:0:0:
182,192,103576,1,0,0:0:0:0:
256,192,103576,1,0,0:0:0:0:
329,0,103576,128,0,103649:0:0:0:0:
402,0,103576,128,0,103649:0:0:0:0:
475,192,103576,1,0,0:0:0:0:
329,0,103722,128,0,103795:0:0:0:0:
402,0,103722,128,0,103795:0:0:0:0:
36,0,103722,128,0,104016:0:0:0:0:
109,0,103722,128,0,104016:0:0:0:0:
182,0,103722,128,0,104016:0:0:0:0:
256,192,104016,1,0,0:0:0:0:
329,192,104016,1,0,0:0:0:0:
402,0,104016,128,0,104466:0:0:0:0:
475,0,104016,128,0,104916:0:0:0:0:
36,192,104316,1,0,0:0:0:0:
329,0,104466,128,0,104916:0:0:0:0:
256,192,104616,1,0,0:0:0:0:
36,192,104766,1,0,0:0:0:0:
109,192,104841,1,0,0:0:0:0:
182,192,104916,1,0,0:0:0:0:
256,192,104916,1,0,0:0:0:0:
36,0,104916,128,0,105366:0:0:0:0:
402,0,104916,128,0,105366:0:0:0:0:
182,0,105366,128,0,106116:0:0:0:0:
329,192,105366,1,0,0:0:0:0:
475,192,105366,1,0,0:0:0:0:
402,192,105516,1,0,0:0:0:0:
402,192,105666,1,0,0:0:0:0:
109,192,105816,1,0,0:0:0:0:
256,192,105816,1,0,0:0:0:0:
36,192,105966,1,0,0:0:0:0:
475,192,106116,1,0,0:0:0:0:
36,0,106416,128,0,107316:0:0:0:0:
109,0,106416,128,0,106866:0:0:0:0:
182,192,106416,1,0,0:0:0:0:
256,192,106416,1,0,0:0:0:0:
475,192,106716,1,0,0:0:0:0:
182,0,106866,128,0,107316:0:0:0:0:
256,192,107016,1,0,0:0:0:0:
475,192,107166,1,0,0:0:0:0:
402,192,107241,1,0,0:0:0:0:
256,192,107316,1,0,0:0:0:0:
329,192,107316,1,0,0:0:0:0:
109,0,107316,128,0,107766:0:0:0:0:
475,0,107316,128,0,107766:0:0:0:0:
36,192,107766,1,0,0:0:0:0:
182,192,107766,1,0,0:0:0:0:
329,0,107766,128,0,108216:0:0:0:0:
109,192,107916,1,0,0:0:0:0:
109,192,108066,1,0,0:0:0:0:
256,192,108216,1,0,0:0:0:0:
402,192,108216,1,0,0:0:0:0:
36,0,108216,128,0,108816:0:0:0:0:
182,0,108216,128,0,108816:0:0:0:0:
475,192,108366,1,0,0:0:0:0:
109,192,108516,1,0,0:0:0:0:
329,0,108816,128,0,108889:0:0:0:0:
402,0,108816,128,0,109328:0:0:0:0:
475,0,108816,128,0,109181:0:0:0:0:
182,0,108962,128,0,109035:0:0:0:0:
256,0,108962,128,0,109181:0:0:0:0:
329,0,108962,128,0,109181:0:0:0:0:
36,0,109108,128,0,109620:0:0:0:0:
109,0,109108,128,0,109474:0:0:0:0:
182,0,109108,128,0,109328:0:0:0:0:
256,0,109255,128,0,109328:0:0:0:0:
329,0,109255,128,0,109474:0:0:0:0:
475,0,109255,128,0,109328:0:0:0:0:
182,0,109401,128,0,109474:0:0:0:0:
256,0,109401,128,0,109620:0:0:0:0:
402,0,109401,128,0,109474:0:0:0:0:
109,0,109547,128,0,109620:0:0:0:0:
182,0,109547,128,0,109620:0:0:0:0:
329,0,109547,128,0,109620:0:0:0:0:
36,192,109694,1,0,0:0:0:0:
109,192,109694,1,0,0:0:0:0:
182,192,109694,1,0,0:0:0:0:
256,192,109694,1,0,0:0:0:0:
329,192,109694,1,0,0:0:0:0:
402,192,109694,1,0,0:0:0:0:
475,192,109694,1,0,0:0:0:0:
36,192,110133,1,0,0:0:0:0:
182,192,110133,1,0,0:0:0:0:
329,192,110133,1,0,0:0:0:0:
256,192,110279,1,0,0:0:0:0:
256,192,110425,1,0,0:0:0:0:
182,192,110572,1,0,0:0:0:0:
329,192,110572,1,0,0:0:0:0:
402,192,110572,1,0,0:0:0:0:
475,192,110572,1,0,0:0:0:0:
402,192,110669,1,0,0:0:0:0:
402,192,110767,1,0,0:0:0:0:
182,192,110864,1,0,0:0:0:0:
109,192,110962,1,0,0:0:0:0:
36,192,111059,1,0,0:0:0:0:
329,0,111157,128,0,111269:0:0:0:0:
475,0,111157,128,0,111269:0:0:0:0:
256,0,111307,128,0,111419:0:0:0:0:
402,0,111307,128,0,111419:0:0:0:0:
182,0,111457,128,0,111569:0:0:0:0:
329,0,111457,128,0,111569:0:0:0:0:
109,0,111607,128,0,111719:0:0:0:0:
256,0,111607,128,0,111719:0:0:0:0:
36,0,111757,128,0,111869:0:0:0:0:
475,0,111757,128,0,111869:0:0:0:0:
109,0,111907,128,0,112019:0:0:0:0:
402,0,111907,128,0,112019:0:0:0:0:
182,0,112057,128,0,112169:0:0:0:0:
329,0,112057,128,0,112169:0:0:0:0:
36,0,112207,128,0,112319:0:0:0:0:
475,0,112207,128,0,112319:0:0:0:0:
109,0,112357,128,0,112469:0:0:0:0:
182,0,112357,128,0,112469:0:0:0:0:
329,0,112357,128,0,112619:0:0:0:0:
402,0,112357,128,0,112619:0:0:0:0:
475,192,112357,1,0,0:0:0:0:
36,0,112507,128,0,112619:0:0:0:0:
109,192,112507,1,0,0:0:0:0:
182,0,112507,128,0,112619:0:0:0:0:
256,0,112507,128,0,112619:0:0:0:0:
256,192,112657,1,0,0:0:0:0:
329,0,112657,128,0,112769:0:0:0:0:
402,0,112657,128,0,112769:0:0:0:0:
475,0,112657,128,0,113407:0:0:0:0:
36,0,112807,128,0,112919:0:0:0:0:
109,0,112807,128,0,112919:0:0:0:0:
182,0,112807,128,0,112919:0:0:0:0:
402,192,112807,1,0,0:0:0:0:
329,192,112882,1,0,0:0:0:0:
36,0,112957,128,0,113407:0:0:0:0:
109,0,112957,128,0,113407:0:0:0:0:
182,192,112957,1,0,0:0:0:0:
256,192,112957,1,0,0:0:0:0:
402,0,112957,128,0,113407:0:0:0:0:
256,192,113107,1,0,0:0:0:0:
329,192,113107,1,0,0:0:0:0:
182,192,113257,1,0,0:0:0:0:
256,192,113257,1,0,0:0:0:0:
329,192,113257,1,0,0:0:0:0:
256,192,113407,1,0,0:0:0:0:
36,192,113557,1,0,0:0:0:0:
109,192,113557,1,0,0:0:0:0:
329,192,113557,1,0,0:0:0:0:
475,192,113557,1,0,0:0:0:0:
256,192,113631,1,0,0:0:0:0:
36,192,113705,1,0,0:0:0:0:
182,192,113705,1,0,0:0:0:0:
402,192,113705,1,0,0:0:0:0:
256,192,113779,1,0,0:0:0:0:
36,192,113854,1,0,0:0:0:0:
109,192,113854,1,0,0:0:0:0:
329,192,113854,1,0,0:0:0:0:
402,192,113854,1,0,0:0:0:0:
475,192,113854,1,0,0:0:0:0:
182,192,113928,1,0,0:0:0:0:
256,192,114002,1,0,0:0:0:0:
402,192,114002,1,0,0:0:0:0:
475,192,114002,1,0,0:0:0:0:
329,192,114076,1,0,0:0:0:0:
36,192,114151,1,0,0:0:0:0:
109,192,114151,1,0,0:0:0:0:
182,192,114151,1,0,0:0:0:0:
402,192,114151,1,0,0:0:0:0:
329,192,114225,1,0,0:0:0:0:
109,192,114299,1,0,0:0:0:0:
256,192,114299,1,0,0:0:0:0:
475,192,114299,1,0,0:0:0:0:
329,192,114373,1,0,0:0:0:0:
36,192,114448,1,0,0:0:0:0:
109,192,114448,1,0,0:0:0:0:
182,192,114448,1,0,0:0:0:0:
402,192,114448,1,0,0:0:0:0:
475,192,114448,1,0,0:0:0:0:
256,192,114522,1,0,0:0:0:0:
36,192,114596,1,0,0:0:0:0:
329,192,114596,1,0,0:0:0:0:
475,192,114596,1,0,0:0:0:0:
402,192,114670,1,0,0:0:0:0:
36,192,114745,1,0,0:0:0:0:
256,192,114745,1,0,0:0:0:0:
475,192,114745,1,0,0:0:0:0:
182,192,114819,1,0,0:0:0:0:
402,192,114819,1,0,0:0:0:0:
109,192,114893,1,0,0:0:0:0:
329,192,114893,1,0,0:0:0:0:
36,192,114967,1,0,0:0:0:0:
256,192,114967,1,0,0:0:0:0:
109,192,115042,1,0,0:0:0:0:
182,192,115042,1,0,0:0:0:0:
402,192,115042,1,0,0:0:0:0:
475,192,115042,1,0,0:0:0:0:
36,192,115116,1,0,0:0:0:0:
256,192,115116,1,0,0:0:0:0:
109,192,115190,1,0,0:0:0:0:
329,192,115190,1,0,0:0:0:0:
182,192,115264,1,0,0:0:0:0:
402,192,115264,1,0,0:0:0:0:
36,192,115339,1,0,0:0:0:0:
256,192,115339,1,0,0:0:0:0:
475,192,115339,1,0,0:0:0:0:
109,192,115413,1,0,0:0:0:0:
329,192,115413,1,0,0:0:0:0:
182,192,115487,1,0,0:0:0:0:
402,192,115487,1,0,0:0:0:0:
256,192,115561,1,0,0:0:0:0:
475,192,115561,1,0,0:0:0:0:
36,192,115636,1,0,0:0:0:0:
109,192,115636,1,0,0:0:0:0:
329,192,115636,1,0,0:0:0:0:
402,192,115636,1,0,0:0:0:0:
256,192,115710,1,0,0:0:0:0:
475,192,115710,1,0,0:0:0:0:
182,192,115784,1,0,0:0:0:0:
402,192,115784,1,0,0:0:0:0:
109,192,115858,1,0,0:0:0:0:
329,192,115858,1,0,0:0:0:0:
36,192,115933,1,0,0:0:0:0:
182,192,115933,1,0,0:0:0:0:
402,192,115933,1,0,0:0:0:0:
475,192,115933,1,0,0:0:0:0:
256,192,116007,1,0,0:0:0:0:
109,192,116081,1,0,0:0:0:0:
329,192,116081,1,0,0:0:0:0:
475,192,116081,1,0,0:0:0:0:
256,192,116156,1,0,0:0:0:0:
36,192,116230,1,0,0:0:0:0:
109,192,116230,1,0,0:0:0:0:
182,192,116230,1,0,0:0:0:0:
402,192,116230,1,0,0:0:0:0:
475,192,116230,1,0,0:0:0:0:
329,192,116304,1,0,0:0:0:0:
36,192,116378,1,0,0:0:0:0:
109,192,116378,1,0,0:0:0:0:
256,192,116378,1,0,0:0:0:0:
182,192,116453,1,0,0:0:0:0:
109,192,116527,1,0,0:0:0:0:
329,192,116527,1,0,0:0:0:0:
402,192,116527,1,0,0:0:0:0:
475,192,116527,1,0,0:0:0:0:
182,192,116601,1,0,0:0:0:0:
36,192,116675,1,0,0:0:0:0:
256,192,116675,1,0,0:0:0:0:
402,192,116675,1,0,0:0:0:0:
182,192,116750,1,0,0:0:0:0:
36,192,116824,1,0,0:0:0:0:
109,192,116824,1,0,0:0:0:0:
329,192,116824,1,0,0:0:0:0:
402,192,116824,1,0,0:0:0:0:
475,192,116824,1,0,0:0:0:0:
256,192,116898,1,0,0:0:0:0:
36,192,116972,1,0,0:0:0:0:
182,192,116972,1,0,0:0:0:0:
475,192,116972,1,0,0:0:0:0:
109,192,117047,1,0,0:0:0:0:
36,192,117121,1,0,0:0:0:0:
256,192,117121,1,0,0:0:0:0:
475,192,117121,1,0,0:0:0:0:
182,192,117195,1,0,0:0:0:0:
402,192,117195,1,0,0:0:0:0:
109,192,117269,1,0,0:0:0:0:
329,192,117269,1,0,0:0:0:0:
36,192,117344,1,0,0:0:0:0:
256,192,117344,1,0,0:0:0:0:
109,192,117418,1,0,0:0:0:0:
182,192,117418,1,0,0:0:0:0:
402,192,117418,1,0,0:0:0:0:
475,192,117418,1,0,0:0:0:0:
109,192,117566,1,0,0:0:0:0:
182,192,117566,1,0,0:0:0:0:
402,192,117566,1,0,0:0:0:0:
475,192,117566,1,0,0:0:0:0:
256,192,117715,1,0,0:0:0:0:
36,192,117863,1,0,0:0:0:0:
109,192,117863,1,0,0:0:0:0:
182,192,117863,1,0,0:0:0:0:
329,192,117863,1,0,0:0:0:0:
402,192,117863,1,0,0:0:0:0:
475,192,117863,1,0,0:0:0:0:
36,192,118012,1,0,0:0:0:0:
109,192,118012,1,0,0:0:0:0:
182,192,118012,1,0,0:0:0:0:
329,192,118012,1,0,0:0:0:0:
402,192,118012,1,0,0:0:0:0:
475,192,118012,1,0,0:0:0:0:
36,192,118160,1,0,0:0:0:0:
109,192,118160,1,0,0:0:0:0:
182,192,118160,1,0,0:0:0:0:
329,192,118160,1,0,0:0:0:0:
402,192,118160,1,0,0:0:0:0:
475,192,118160,1,0,0:0:0:0:
109,0,118309,128,0,118532:0:0:0:0:
402,0,118309,128,0,118532:0:0:0:0:
109,192,118606,1,0,0:0:0:0:
256,192,118606,1,0,0:0:0:0:
402,192,118606,1,0,0:0:0:0:
109,192,118755,1,0,0:0:0:0:
402,192,118755,1,0,0:0:0:0:
109,0,118903,128,0,119126:0:0:0:0:
402,0,118903,128,0,119126:0:0:0:0:
109,192,119200,1,0,0:0:0:0:
256,192,119200,1,0,0:0:0:0:
402,192,119200,1,0,0:0:0:0:
109,192,119349,1,0,0:0:0:0:
402,192,119349,1,0,0:0:0:0:
182,192,119497,1,0,0:0:0:0:
329,192,119497,1,0,0:0:0:0:
36,0,119646,128,0,119794:0:0:0:0:
475,0,119646,128,0,119794:0:0:0:0:
182,192,119794,1,0,0:0:0:0:
329,192,119794,1,0,0:0:0:0:
182,192,119943,1,0,0:0:0:0:
329,192,119943,1,0,0:0:0:0:
36,0,120091,128,0,120314:0:0:0:0:
475,0,120091,128,0,120314:0:0:0:0:
36,192,120388,1,0,0:0:0:0:
475,192,120388,1,0,0:0:0:0:
36,192,120537,1,0,0:0:0:0:
475,192,120537,1,0,0:0:0:0:
182,192,120686,1,0,0:0:0:0:
402,192,120686,1,0,0:0:0:0:
256,0,120686,128,0,121857:0:0:0:0:
182,192,120832,1,0,0:0:0:0:
402,192,120832,1,0,0:0:0:0:
109,192,120905,1,0,0:0:0:0:
36,192,120978,1,0,0:0:0:0:
329,192,120978,1,0,0:0:0:0:
182,192,121125,1,0,0:0:0:0:
329,192,121125,1,0,0:0:0:0:
475,192,121125,1,0,0:0:0:0:
36,192,121271,1,0,0:0:0:0:
109,192,121271,1,0,0:0:0:0:
182,192,121271,1,0,0:0:0:0:
402,192,121271,1,0,0:0:0:0:
475,192,121271,1,0,0:0:0:0:
329,192,121417,1,0,0:0:0:0:
402,192,121417,1,0,0:0:0:0:
182,192,121564,1,0,0:0:0:0:
329,192,121564,1,0,0:0:0:0:
109,192,121710,1,0,0:0:0:0:
182,192,121710,1,0,0:0:0:0:
36,0,121857,128,0,122296:0:0:0:0:
109,192,121857,1,0,0:0:0:0:
329,192,121857,1,0,0:0:0:0:
402,0,121857,128,0,122296:0:0:0:0:
256,192,122003,1,0,0:0:0:0:
109,0,122442,128,0,123027:0:0:0:0:
475,0,122442,128,0,123027:0:0:0:0:
182,0,123027,128,0,123327:0:0:0:0:
256,0,123027,128,0,123327:0:0:0:0:
329,0,123477,128,0,123927:0:0:0:0:
475,0,123477,128,0,123927:0:0:0:0:
109,0,123927,128,0,124227:0:0:0:0:
256,0,123927,128,0,124227:0:0:0:0:
402,0,124227,128,0,124527:0:0:0:0:
475,0,124227,128,0,124527:0:0:0:0:
182,0,124827,128,0,125127:0:0:0:0:
475,0,124827,128,0,125127:0:0:0:0:
109,0,125127,128,0,125427:0:0:0:0:
402,0,125127,128,0,125427:0:0:0:0:
36,0,125427,128,0,125877:0:0:0:0:
329,0,125427,128,0,125877:0:0:0:0:
182,0,125877,128,0,126177:0:0:0:0:
402,0,125877,128,0,126177:0:0:0:0:
109,0,126177,128,0,126327:0:0:0:0:
329,0,126177,128,0,126327:0:0:0:0:
36,0,126327,128,0,126627:0:0:0:0:
256,0,126327,128,0,126627:0:0:0:0:
109,0,126627,128,0,126927:0:0:0:0:
475,0,126627,128,0,126927:0:0:0:0:
256,0,127227,128,0,127377:0:0:0:0:
475,0,127227,128,0,127377:0:0:0:0:
182,0,127377,128,0,127527:0:0:0:0:
402,0,127377,128,0,127527:0:0:0:0:
109,0,127527,128,0,127677:0:0:0:0:
329,0,127527,128,0,127677:0:0:0:0:
36,0,127677,128,0,127827:0:0:0:0:
256,0,127677,128,0,127827:0:0:0:0:
182,0,127827,128,0,128052:0:0:0:0:
475,0,127827,128,0,128052:0:0:0:0:
36,0,128127,128,0,128427:0:0:0:0:
329,0,128127,128,0,128427:0:0:0:0:
36,0,128727,128,0,129027:0:0:0:0:
182,0,128727,128,0,129027:0:0:0:0:
109,0,129027,128,0,129327:0:0:0:0:
256,0,129027,128,0,129327:0:0:0:0:
329,0,129327,128,0,129627:0:0:0:0:
475,0,129327,128,0,129627:0:0:0:0:
36,0,129927,128,0,130227:0:0:0:0:
109,0,129927,128,0,130227:0:0:0:0:
182,0,130227,128,0,130527:0:0:0:0:
256,0,130227,128,0,130527:0:0:0:0:
402,0,130527,128,0,130827:0:0:0:0:
475,0,130527,128,0,130827:0:0:0:0:
109,0,130827,128,0,131127:0:0:0:0:
256,0,130827,128,0,131127:0:0:0:0:
402,0,131127,128,0,131427:0:0:0:0:
475,0,131127,128,0,131427:0:0:0:0:
36,0,131427,128,0,131727:0:0:0:0:
182,0,131427,128,0,131727:0:0:0:0:
36,0,132027,128,0,132327:0:0:0:0:
109,0,132027,128,0,132327:0:0:0:0:
182,0,132327,128,0,132627:0:0:0:0:
475,0,132327,128,0,132627:0:0:0:0:
109,0,132627,128,0,133077:0:0:0:0:
256,192,132627,1,0,0:0:0:0:
256,192,132777,1,0,0:0:0:0:
256,192,132927,1,0,0:0:0:0:
329,192,132927,1,0,0:0:0:0:
475,192,132927,1,0,0:0:0:0:
402,0,133077,128,0,133527:0:0:0:0:
256,192,133227,1,0,0:0:0:0:
256,192,133377,1,0,0:0:0:0:
36,192,133527,1,0,0:0:0:0:
182,192,133527,1,0,0:0:0:0:
256,192,133527,1,0,0:0:0:0:
109,0,133527,128,0,133827:0:0:0:0:
36,192,133827,1,0,0:0:0:0:
475,0,133827,128,0,134127:0:0:0:0:
36,192,133977,1,0,0:0:0:0:
36,192,134127,1,0,0:0:0:0:
329,192,134127,1,0,0:0:0:0:
402,192,134127,1,0,0:0:0:0:
36,192,134427,1,0,0:0:0:0:
475,0,134427,128,0,134727:0:0:0:0:
36,192,134577,1,0,0:0:0:0:
36,192,134727,1,0,0:0:0:0:
109,192,134727,1,0,0:0:0:0:
182,192,134727,1,0,0:0:0:0:
402,0,134727,128,0,135027:0:0:0:0:
182,192,135027,1,0,0:0:0:0:
329,0,135027,128,0,135252:0:0:0:0:
182,192,135177,1,0,0:0:0:0:
182,192,135327,1,0,0:0:0:0:
329,192,135327,1,0,0:0:0:0:
402,192,135327,1,0,0:0:0:0:
475,192,135327,1,0,0:0:0:0:
36,0,135477,128,0,135777:0:0:0:0:
182,192,135627,1,0,0:0:0:0:
109,0,135777,128,0,135927:0:0:0:0:
182,192,135777,1,0,0:0:0:0:
182,192,135927,1,0,0:0:0:0:
256,192,135927,1,0,0:0:0:0:
329,192,135927,1,0,0:0:0:0:
402,0,135927,128,0,136077:0:0:0:0:
475,0,136077,128,0,136227:0:0:0:0:
256,192,136227,1,0,0:0:0:0:
329,0,136227,128,0,136677:0:0:0:0:
256,192,136377,1,0,0:0:0:0:
36,192,136527,1,0,0:0:0:0:
109,192,136527,1,0,0:0:0:0:
256,192,136527,1,0,0:0:0:0:
182,0,136827,128,0,137127:0:0:0:0:
256,192,136827,1,0,0:0:0:0:
256,192,136977,1,0,0:0:0:0:
256,192,137127,1,0,0:0:0:0:
402,192,137127,1,0,0:0:0:0:
475,192,137127,1,0,0:0:0:0:
109,0,137127,128,0,137427:0:0:0:0:
36,0,137427,128,0,138327:0:0:0:0:
329,192,137427,1,0,0:0:0:0:
329,192,137577,1,0,0:0:0:0:
109,192,137727,1,0,0:0:0:0:
182,192,137727,1,0,0:0:0:0:
329,192,137727,1,0,0:0:0:0:
329,192,138027,1,0,0:0:0:0:
329,192,138177,1,0,0:0:0:0:
329,192,138327,1,0,0:0:0:0:
402,192,138327,1,0,0:0:0:0:
475,192,138327,1,0,0:0:0:0:
475,192,138627,1,0,0:0:0:0:
475,192,138777,1,0,0:0:0:0:
36,192,138927,1,0,0:0:0:0:
182,192,138927,1,0,0:0:0:0:
475,192,138927,1,0,0:0:0:0:
475,192,139227,1,0,0:0:0:0:
36,0,139377,128,0,139677:0:0:0:0:
475,192,139377,1,0,0:0:0:0:
329,192,139527,1,0,0:0:0:0:
475,192,139527,1,0,0:0:0:0:
402,192,139677,1,0,0:0:0:0:
256,0,139677,128,0,139977:0:0:0:0:
36,192,139827,1,0,0:0:0:0:
182,192,139827,1,0,0:0:0:0:
329,192,139827,1,0,0:0:0:0:
475,192,139827,1,0,0:0:0:0:
109,0,139977,128,0,140277:0:0:0:0:
329,0,140277,128,0,140577:0:0:0:0:
475,0,140577,128,0,140877:0:0:0:0:
402,0,140877,128,0,141027:0:0:0:0:
36,192,141027,1,0,0:0:0:0:
109,192,141027,1,0,0:0:0:0:
182,192,141027,1,0,0:0:0:0:
256,192,141027,1,0,0:0:0:0:
329,192,141027,1,0,0:0:0:0:
475,192,141027,1,0,0:0:0:0:
402,192,141177,1,0,0:0:0:0:
109,192,141252,1,0,0:0:0:0:
182,192,141327,1,0,0:0:0:0:
256,192,141327,1,0,0:0:0:0:
402,192,141402,1,0,0:0:0:0:
475,192,141402,1,0,0:0:0:0:
109,192,141477,1,0,0:0:0:0:
182,192,141477,1,0,0:0:0:0:
329,192,141552,1,0,0:0:0:0:
402,192,141552,1,0,0:0:0:0:
36,192,141627,1,0,0:0:0:0:
109,192,141627,1,0,0:0:0:0:
256,192,141702,1,0,0:0:0:0:
329,192,141702,1,0,0:0:0:0:
109,192,141777,1,0,0:0:0:0:
182,192,141777,1,0,0:0:0:0:
329,192,141852,1,0,0:0:0:0:
402,192,141852,1,0,0:0:0:0:
182,192,141927,1,0,0:0:0:0:
256,192,141927,1,0,0:0:0:0:
402,192,142002,1,0,0:0:0:0:
475,192,142002,1,0,0:0:0:0:
109,192,142077,1,0,0:0:0:0:
182,192,142077,1,0,0:0:0:0:
329,192,142152,1,0,0:0:0:0:
402,192,142152,1,0,0:0:0:0:
36,0,142227,128,0,142300:0:0:0:0:
109,0,142227,128,0,142666:0:0:0:0:
256,0,142227,128,0,142373:0:0:0:0:
475,0,142227,128,0,142739:0:0:0:0:
329,0,142300,128,0,142373:0:0:0:0:
402,0,142300,128,0,142446:0:0:0:0:
36,0,142373,128,0,142446:0:0:0:0:
182,0,142373,128,0,142519:0:0:0:0:
256,0,142446,128,0,142519:0:0:0:0:
329,0,142446,128,0,142592:0:0:0:0:
36,0,142519,128,0,142592:0:0:0:0:
402,0,142519,128,0,142666:0:0:0:0:
182,0,142592,128,0,142666:0:0:0:0:
256,0,142592,128,0,142812:0:0:0:0:
36,0,142666,128,0,143031:0:0:0:0:
329,0,142666,128,0,142739:0:0:0:0:
109,0,142739,128,0,142885:0:0:0:0:
182,0,142739,128,0,142812:0:0:0:0:
402,0,142739,128,0,143105:0:0:0:0:
329,0,142812,128,0,142958:0:0:0:0:
475,0,142812,128,0,142885:0:0:0:0:
182,0,142885,128,0,143031:0:0:0:0:
256,0,142885,128,0,142958:0:0:0:0:
109,0,142958,128,0,143031:0:0:0:0:
475,0,142958,128,0,143031:0:0:0:0:
256,0,143031,128,0,143105:0:0:0:0:
329,0,143031,128,0,143105:0:0:0:0:
36,192,143105,1,0,0:0:0:0:
109,192,143105,1,0,0:0:0:0:
182,192,143105,1,0,0:0:0:0:
475,192,143105,1,0,0:0:0:0:
402,192,143178,1,0,0:0:0:0:
329,192,143251,1,0,0:0:0:0:
256,192,143324,1,0,0:0:0:0:
182,192,143397,1,0,0:0:0:0:
329,0,143397,128,0,143617:0:0:0:0:
402,192,143397,1,0,0:0:0:0:
475,192,143397,1,0,0:0:0:0:
109,192,143470,1,0,0:0:0:0:
256,0,143470,128,0,143690:0:0:0:0:
36,192,143544,1,0,0:0:0:0:
182,0,143544,128,0,143763:0:0:0:0:
109,0,143617,128,0,143983:0:0:0:0:
36,0,143690,128,0,144056:0:0:0:0:
329,192,143690,1,0,0:0:0:0:
475,0,143690,128,0,143763:0:0:0:0:
256,192,143763,1,0,0:0:0:0:
402,0,143763,128,0,143836:0:0:0:0:
182,192,143836,1,0,0:0:0:0:
329,0,143836,128,0,143909:0:0:0:0:
256,0,143909,128,0,143983:0:0:0:0:
182,0,143983,128,0,144056:0:0:0:0:
329,0,143983,128,0,144202:0:0:0:0:
402,192,143983,1,0,0:0:0:0:
475,192,143983,1,0,0:0:0:0:
109,0,144056,128,0,144129:0:0:0:0:
36,0,144129,128,0,144202:0:0:0:0:
256,0,144129,128,0,144202:0:0:0:0:
109,0,144202,128,0,144275:0:0:0:0:
182,0,144275,128,0,144348:0:0:0:0:
402,192,144275,1,0,0:0:0:0:
475,192,144275,1,0,0:0:0:0:
329,0,144275,128,0,144568:0:0:0:0:
109,0,144348,128,0,144422:0:0:0:0:
36,0,144422,128,0,144495:0:0:0:0:
256,0,144422,128,0,144495:0:0:0:0:
109,0,144495,128,0,144568:0:0:0:0:
36,0,144568,128,0,145080:0:0:0:0:
256,0,144568,128,0,144714:0:0:0:0:
402,0,144568,128,0,145007:0:0:0:0:
475,0,144568,128,0,144641:0:0:0:0:
109,0,144641,128,0,144787:0:0:0:0:
182,0,144641,128,0,144714:0:0:0:0:
329,0,144714,128,0,144861:0:0:0:0:
475,0,144714,128,0,144787:0:0:0:0:
182,0,144787,128,0,144934:0:0:0:0:
256,0,144787,128,0,144861:0:0:0:0:
109,0,144861,128,0,145007:0:0:0:0:
475,0,144861,128,0,144934:0:0:0:0:
256,0,144934,128,0,145153:0:0:0:0:
329,0,144934,128,0,145007:0:0:0:0:
182,0,145007,128,0,145080:0:0:0:0:
475,0,145007,128,0,145373:0:0:0:0:
109,0,145080,128,0,145446:0:0:0:0:
329,0,145080,128,0,145153:0:0:0:0:
402,0,145080,128,0,145227:0:0:0:0:
36,0,145153,128,0,145227:0:0:0:0:
182,0,145153,128,0,145300:0:0:0:0:
256,0,145227,128,0,145300:0:0:0:0:
329,0,145227,128,0,145373:0:0:0:0:
36,0,145300,128,0,145373:0:0:0:0:
402,0,145300,128,0,145373:0:0:0:0:
182,0,145373,128,0,145446:0:0:0:0:
256,0,145373,128,0,145446:0:0:0:0:
36,192,145446,1,0,0:0:0:0:
329,0,145446,128,0,145739:0:0:0:0:
402,0,145446,128,0,145958:0:0:0:0:
475,0,145446,128,0,145958:0:0:0:0:
109,192,145519,1,0,0:0:0:0:
182,192,145519,1,0,0:0:0:0:
256,192,145519,1,0,0:0:0:0:
36,0,145739,128,0,145958:0:0:0:0:
109,0,145739,128,0,145958:0:0:0:0:
182,192,145739,1,0,0:0:0:0:
256,192,145739,1,0,0:0:0:0:
329,0,145812,128,0,145848:0:0:0:0:
182,192,145885,1,0,0:0:0:0:
256,192,145885,1,0,0:0:0:0:
329,0,145958,128,0,145995:0:0:0:0:
36,192,146031,1,0,0:0:0:0:
109,192,146031,1,0,0:0:0:0:
182,0,146031,128,0,146544:0:0:0:0:
402,192,146031,1,0,0:0:0:0:
475,192,146031,1,0,0:0:0:0:
256,0,146105,128,0,146178:0:0:0:0:
36,192,146178,1,0,0:0:0:0:
109,192,146178,1,0,0:0:0:0:
329,0,146178,128,0,146251:0:0:0:0:
256,0,146251,128,0,146397:0:0:0:0:
329,192,146324,1,0,0:0:0:0:
402,192,146324,1,0,0:0:0:0:
475,192,146324,1,0,0:0:0:0:
36,0,146397,128,0,146470:0:0:0:0:
109,0,146397,128,0,146470:0:0:0:0:
256,192,146470,1,0,0:0:0:0:
329,192,146470,1,0,0:0:0:0:
402,192,146470,1,0,0:0:0:0:
36,0,146544,128,0,146617:0:0:0:0:
109,0,146544,128,0,146617:0:0:0:0:
182,192,146617,1,0,0:0:0:0:
256,192,146617,1,0,0:0:0:0:
329,192,146617,1,0,0:0:0:0:
475,0,146617,128,0,146763:0:0:0:0:
36,192,146690,1,0,0:0:0:0:
109,192,146763,1,0,0:0:0:0:
182,192,146763,1,0,0:0:0:0:
256,192,146763,1,0,0:0:0:0:
402,0,146763,128,0,146909:0:0:0:0:
36,192,146836,1,0,0:0:0:0:
109,0,146909,128,0,147202:0:0:0:0:
256,0,146909,128,0,146983:0:0:0:0:
329,0,146909,128,0,146946:0:0:0:0:
475,0,146909,128,0,147495:0:0:0:0:
36,0,146983,128,0,147056:0:0:0:0:
402,0,146983,128,0,147019:0:0:0:0:
256,192,147056,1,0,0:0:0:0:
329,0,147056,128,0,147202:0:0:0:0:
402,0,147129,128,0,147385:0:0:0:0:
36,0,147202,128,0,147787:0:0:0:0:
182,0,147202,128,0,147275:0:0:0:0:
256,0,147202,128,0,147239:0:0:0:0:
109,0,147275,128,0,147348:0:0:0:0:
329,0,147275,128,0,147312:0:0:0:0:
182,192,147348,1,0,0:0:0:0:
256,0,147348,128,0,147495:0:0:0:0:
329,0,147422,128,0,147678:0:0:0:0:
109,0,147495,128,0,147568:0:0:0:0:
182,0,147495,128,0,147531:0:0:0:0:
402,0,147495,128,0,147787:0:0:0:0:
256,0,147568,128,0,147605:0:0:0:0:
475,0,147568,128,0,147641:0:0:0:0:
109,192,147641,1,0,0:0:0:0:
182,0,147641,128,0,147787:0:0:0:0:
256,0,147714,128,0,147861:0:0:0:0:
109,192,147787,1,0,0:0:0:0:
329,0,147787,128,0,147934:0:0:0:0:
475,0,147787,128,0,148080:0:0:0:0:
182,192,147861,1,0,0:0:0:0:
402,0,147861,128,0,148007:0:0:0:0:
36,0,147934,128,0,148007:0:0:0:0:
256,192,147934,1,0,0:0:0:0:
329,192,148007,1,0,0:0:0:0:
109,0,148007,128,0,148080:0:0:0:0:
36,0,148080,128,0,148666:0:0:0:0:
182,0,148080,128,0,148117:0:0:0:0:
256,0,148080,128,0,148153:0:0:0:0:
402,0,148080,128,0,148373:0:0:0:0:
109,0,148153,128,0,148190:0:0:0:0:
475,0,148153,128,0,148227:0:0:0:0:
182,0,148227,128,0,148373:0:0:0:0:
256,192,148227,1,0,0:0:0:0:
109,0,148300,128,0,148556:0:0:0:0:
256,0,148373,128,0,148409:0:0:0:0:
329,0,148373,128,0,148446:0:0:0:0:
475,0,148373,128,0,148958:0:0:0:0:
182,0,148446,128,0,148483:0:0:0:0:
402,0,148446,128,0,148519:0:0:0:0:
256,0,148519,128,0,148666:0:0:0:0:
329,192,148519,1,0,0:0:0:0:
182,0,148592,128,0,148848:0:0:0:0:
109,0,148666,128,0,148958:0:0:0:0:
329,0,148666,128,0,148702:0:0:0:0:
402,0,148666,128,0,148739:0:0:0:0:
36,0,148739,128,0,148812:0:0:0:0:
256,0,148739,128,0,148775:0:0:0:0:
329,0,148812,128,0,148958:0:0:0:0:
402,192,148812,1,0,0:0:0:0:
256,0,148885,128,0,149031:0:0:0:0:
182,0,148958,128,0,149105:0:0:0:0:
402,192,148958,1,0,0:0:0:0:
36,0,148958,128,0,149251:0:0:0:0:
109,0,149031,128,0,149178:0:0:0:0:
329,192,149031,1,0,0:0:0:0:
256,192,149105,1,0,0:0:0:0:
475,0,149105,128,0,149178:0:0:0:0:
182,192,149178,1,0,0:0:0:0:
402,0,149178,128,0,149251:0:0:0:0:
109,0,149251,128,0,149287:0:0:0:0:
256,0,149251,128,0,149470:0:0:0:0:
329,0,149251,128,0,149397:0:0:0:0:
36,0,149324,128,0,149361:0:0:0:0:
182,0,149324,128,0,149397:0:0:0:0:
109,0,149397,128,0,149617:0:0:0:0:
402,192,149397,1,0,0:0:0:0:
475,0,149397,128,0,149544:0:0:0:0:
36,0,149470,128,0,149544:0:0:0:0:
329,0,149470,128,0,149507:0:0:0:0:
182,0,149544,128,0,149690:0:0:0:0:
256,0,149544,128,0,149763:0:0:0:0:
402,0,149544,128,0,149580:0:0:0:0:
329,0,149617,128,0,149690:0:0:0:0:
475,0,149617,128,0,149653:0:0:0:0:
36,0,149690,128,0,149836:0:0:0:0:
109,192,149690,1,0,0:0:0:0:
402,0,149690,128,0,149909:0:0:0:0:
182,0,149763,128,0,149800:0:0:0:0:
475,0,149763,128,0,149836:0:0:0:0:
109,0,149836,128,0,149873:0:0:0:0:
256,0,149836,128,0,150056:0:0:0:0:
329,0,149836,128,0,149983:0:0:0:0:
36,0,149909,128,0,149946:0:0:0:0:
182,0,149909,128,0,149983:0:0:0:0:
109,0,149983,128,0,150202:0:0:0:0:
402,192,149983,1,0,0:0:0:0:
475,0,149983,128,0,150129:0:0:0:0:
36,0,150056,128,0,150129:0:0:0:0:
329,0,150056,128,0,150092:0:0:0:0:
182,0,150129,128,0,150275:0:0:0:0:
256,0,150129,128,0,150348:0:0:0:0:
402,0,150129,128,0,150166:0:0:0:0:
329,0,150202,128,0,150275:0:0:0:0:
475,0,150202,128,0,150239:0:0:0:0:
109,192,150275,1,0,0:0:0:0:
36,0,150275,128,0,150422:0:0:0:0:
402,0,150275,128,0,150495:0:0:0:0:
182,0,150348,128,0,150385:0:0:0:0:
475,0,150348,128,0,150422:0:0:0:0:
109,0,150422,128,0,150495:0:0:0:0:
256,0,150422,128,0,150787:0:0:0:0:
329,0,150422,128,0,150495:0:0:0:0:
36,0,150495,128,0,150568:0:0:0:0:
109,0,150568,128,0,150641:0:0:0:0:
329,0,150568,128,0,150641:0:0:0:0:
36,0,150641,128,0,150714:0:0:0:0:
109,0,150714,128,0,150787:0:0:0:0:
182,0,150714,128,0,150787:0:0:0:0:
329,0,150714,128,0,150787:0:0:0:0:
402,0,150714,128,0,150787:0:0:0:0:
182,0,150861,128,0,150934:0:0:0:0:
256,0,150861,128,0,150934:0:0:0:0:
402,0,150861,128,0,150934:0:0:0:0:
475,0,150861,128,0,150934:0:0:0:0:
36,0,151007,128,0,151080:0:0:0:0:
256,0,151007,128,0,151080:0:0:0:0:
475,0,151007,128,0,151080:0:0:0:0:
109,0,151080,128,0,151153:0:0:0:0:
402,0,151080,128,0,151153:0:0:0:0:
36,0,151153,128,0,151227:0:0:0:0:
256,0,151153,128,0,151227:0:0:0:0:
475,0,151153,128,0,151227:0:0:0:0:
182,0,151227,128,0,151300:0:0:0:0:
329,0,151227,128,0,151300:0:0:0:0:
36,192,151300,1,0,0:0:0:0:
109,0,151300,128,0,151373:0:0:0:0:
256,192,151300,1,0,0:0:0:0:
402,0,151300,128,0,151373:0:0:0:0:
475,192,151300,1,0,0:0:0:0:
36,192,151446,1,0,0:0:0:0:
109,0,151446,128,0,151519:0:0:0:0:
256,192,151446,1,0,0:0:0:0:
402,0,151446,128,0,151519:0:0:0:0:
475,192,151446,1,0,0:0:0:0:
36,0,151592,128,0,152397:0:0:0:0:
329,0,151592,128,0,151629:0:0:0:0:
475,0,151592,128,0,151958:0:0:0:0:
256,0,151666,128,0,151702:0:0:0:0:
402,0,151666,128,0,151739:0:0:0:0:
182,0,151739,128,0,151775:0:0:0:0:
329,0,151739,128,0,151812:0:0:0:0:
109,0,151812,128,0,151848:0:0:0:0:
256,0,151812,128,0,151885:0:0:0:0:
402,192,151812,1,0,0:0:0:0:
182,0,151885,128,0,152105:0:0:0:0:
329,192,151885,1,0,0:0:0:0:
109,0,151958,128,0,152178:0:0:0:0:
256,192,151958,1,0,0:0:0:0:
329,0,152031,128,0,152068:0:0:0:0:
475,0,152031,128,0,152397:0:0:0:0:
256,0,152105,128,0,152141:0:0:0:0:
402,0,152105,128,0,152178:0:0:0:0:
182,0,152178,128,0,152214:0:0:0:0:
329,0,152178,128,0,152251:0:0:0:0:
109,0,152251,128,0,152287:0:0:0:0:
256,0,152251,128,0,152324:0:0:0:0:
402,192,152251,1,0,0:0:0:0:
182,0,152324,128,0,152397:0:0:0:0:
329,192,152324,1,0,0:0:0:0:
109,0,152397,128,0,152470:0:0:0:0:
256,192,152397,1,0,0:0:0:0:
36,0,152470,128,0,152544:0:0:0:0:
182,192,152470,1,0,0:0:0:0:
329,192,152470,1,0,0:0:0:0:
402,192,152470,1,0,0:0:0:0:
475,0,152470,128,0,152544:0:0:0:0:
109,192,152544,1,0,0:0:0:0:
36,192,152617,1,0,0:0:0:0:
475,192,152617,1,0,0:0:0:0:
402,192,152690,1,0,0:0:0:0:
36,0,152763,128,0,152983:0:0:0:0:
109,0,152763,128,0,152800:0:0:0:0:
329,192,152763,1,0,0:0:0:0:
475,0,152763,128,0,153275:0:0:0:0:
256,192,152836,1,0,0:0:0:0:
402,0,152836,128,0,153056:0:0:0:0:
182,192,152909,1,0,0:0:0:0:
329,0,152909,128,0,153422:0:0:0:0:
109,192,152983,1,0,0:0:0:0:
256,0,152983,128,0,153129:0:0:0:0:
36,192,153056,1,0,0:0:0:0:
182,0,153056,128,0,153861:0:0:0:0:
109,0,153129,128,0,153202:0:0:0:0:
402,192,153129,1,0,0:0:0:0:
36,0,153202,128,0,153275:0:0:0:0:
256,192,153202,1,0,0:0:0:0:
109,192,153275,1,0,0:0:0:0:
36,192,153348,1,0,0:0:0:0:
256,0,153348,128,0,153568:0:0:0:0:
475,0,153348,128,0,153422:0:0:0:0:
109,192,153422,1,0,0:0:0:0:
402,0,153422,128,0,153495:0:0:0:0:
36,192,153495,1,0,0:0:0:0:
329,0,153495,128,0,153568:0:0:0:0:
402,0,153568,128,0,153641:0:0:0:0:
36,192,153641,1,0,0:0:0:0:
256,0,153641,128,0,153861:0:0:0:0:
475,0,153641,128,0,153714:0:0:0:0:
109,192,153714,1,0,0:0:0:0:
402,0,153714,128,0,153787:0:0:0:0:
36,192,153787,1,0,0:0:0:0:
329,0,153787,128,0,153861:0:0:0:0:
402,0,153861,128,0,153934:0:0:0:0:
36,0,153934,128,0,154300:0:0:0:0:
182,0,153934,128,0,153970:0:0:0:0:
475,0,153934,128,0,154739:0:0:0:0:
109,0,154007,128,0,154080:0:0:0:0:
256,0,154007,128,0,154044:0:0:0:0:
182,0,154080,128,0,154153:0:0:0:0:
329,0,154080,128,0,154117:0:0:0:0:
109,192,154153,1,0,0:0:0:0:
256,0,154153,128,0,154227:0:0:0:0:
402,0,154153,128,0,154190:0:0:0:0:
182,192,154227,1,0,0:0:0:0:
329,0,154227,128,0,154446:0:0:0:0:
256,192,154300,1,0,0:0:0:0:
402,0,154300,128,0,154519:0:0:0:0:
36,0,154373,128,0,154739:0:0:0:0:
182,0,154373,128,0,154409:0:0:0:0:
109,0,154446,128,0,154519:0:0:0:0:
256,0,154446,128,0,154483:0:0:0:0:
182,0,154519,128,0,154592:0:0:0:0:
329,0,154519,128,0,154556:0:0:0:0:
109,192,154592,1,0,0:0:0:0:
256,0,154592,128,0,154666:0:0:0:0:
402,0,154592,128,0,154629:0:0:0:0:
182,192,154666,1,0,0:0:0:0:
329,0,154666,128,0,154739:0:0:0:0:
256,192,154739,1,0,0:0:0:0:
402,0,154739,128,0,154812:0:0:0:0:
36,0,154812,128,0,154885:0:0:0:0:
109,192,154812,1,0,0:0:0:0:
182,192,154812,1,0,0:0:0:0:
329,192,154812,1,0,0:0:0:0:
475,0,154812,128,0,154885:0:0:0:0:
402,192,154885,1,0,0:0:0:0:
36,192,154958,1,0,0:0:0:0:
109,192,154958,1,0,0:0:0:0:
256,192,154958,1,0,0:0:0:0:
475,192,154958,1,0,0:0:0:0:
36,192,155105,1,0,0:0:0:0:
109,192,155105,1,0,0:0:0:0:
329,0,155105,128,0,155178:0:0:0:0:
402,192,155105,1,0,0:0:0:0:
475,192,155105,1,0,0:0:0:0:
256,0,155178,128,0,155251:0:0:0:0:
36,192,155251,1,0,0:0:0:0:
109,192,155251,1,0,0:0:0:0:
182,0,155251,128,0,155324:0:0:0:0:
402,192,155251,1,0,0:0:0:0:
475,192,155251,1,0,0:0:0:0:
256,0,155324,128,0,155397:0:0:0:0:
36,192,155397,1,0,0:0:0:0:
109,192,155397,1,0,0:0:0:0:
329,0,155397,128,0,155470:0:0:0:0:
402,192,155397,1,0,0:0:0:0:
475,192,155397,1,0,0:0:0:0:
256,0,155470,128,0,155544:0:0:0:0:
36,192,155544,1,0,0:0:0:0:
109,192,155544,1,0,0:0:0:0:
182,0,155544,128,0,155617:0:0:0:0:
402,192,155544,1,0,0:0:0:0:
475,192,155544,1,0,0:0:0:0:
256,0,155617,128,0,155690:0:0:0:0:
36,192,155690,1,0,0:0:0:0:
109,192,155690,1,0,0:0:0:0:
182,192,155690,1,0,0:0:0:0:
329,0,155690,128,0,155909:0:0:0:0:
36,192,155836,1,0,0:0:0:0:
109,192,155836,1,0,0:0:0:0:
182,192,155836,1,0,0:0:0:0:
36,192,155983,1,0,0:0:0:0:
109,192,155983,1,0,0:0:0:0:
182,192,155983,1,0,0:0:0:0:
329,192,155983,1,0,0:0:0:0:
402,192,155983,1,0,0:0:0:0:
475,192,155983,1,0,0:0:0:0:
36,192,156129,1,0,0:0:0:0:
109,192,156129,1,0,0:0:0:0:
182,192,156129,1,0,0:0:0:0:
329,192,156129,1,0,0:0:0:0:
402,192,156129,1,0,0:0:0:0:
475,192,156129,1,0,0:0:0:0:
36,0,156276,128,0,157326:0:0:0:0:
256,192,156276,1,0,0:0:0:0:
329,0,156276,128,0,156313:0:0:0:0:
402,0,156276,128,0,156313:0:0:0:0:
475,0,156276,128,0,156313:0:0:0:0:
256,192,156426,1,0,0:0:0:0:
329,192,156426,1,0,0:0:0:0:
402,192,156426,1,0,0:0:0:0:
475,192,156426,1,0,0:0:0:0:
182,192,156726,1,0,0:0:0:0:
256,0,156726,128,0,156763:0:0:0:0:
329,0,156726,128,0,156763:0:0:0:0:
402,0,156726,128,0,156763:0:0:0:0:
182,192,156876,1,0,0:0:0:0:
256,192,156876,1,0,0:0:0:0:
329,192,156876,1,0,0:0:0:0:
402,192,156876,1,0,0:0:0:0:
109,192,157176,1,0,0:0:0:0:
182,0,157176,128,0,157213:0:0:0:0:
256,0,157176,128,0,157213:0:0:0:0:
329,0,157176,128,0,157213:0:0:0:0:
109,192,157326,1,0,0:0:0:0:
182,192,157326,1,0,0:0:0:0:
256,192,157326,1,0,0:0:0:0:
329,192,157326,1,0,0:0:0:0:
36,192,157626,1,0,0:0:0:0:
109,0,157626,128,0,157663:0:0:0:0:
182,0,157626,128,0,157663:0:0:0:0:
256,0,157626,128,0,157663:0:0:0:0:
36,192,157776,1,0,0:0:0:0:
109,192,157776,1,0,0:0:0:0:
182,192,157776,1,0,0:0:0:0:
256,192,157776,1,0,0:0:0:0:
182,192,158076,1,0,0:0:0:0:
256,0,158076,128,0,158188:0:0:0:0:
329,0,158076,128,0,158338:0:0:0:0:
402,0,158076,128,0,158488:0:0:0:0:
475,0,158076,128,0,158676:0:0:0:0:
256,192,158226,1,0,0:0:0:0:
329,192,158376,1,0,0:0:0:0:
402,192,158526,1,0,0:0:0:0:
36,0,158676,128,0,158713:0:0:0:0:
109,0,158676,128,0,159126:0:0:0:0:
182,0,158676,128,0,158713:0:0:0:0:
256,192,158676,1,0,0:0:0:0:
329,0,158676,128,0,158713:0:0:0:0:
36,192,158826,1,0,0:0:0:0:
182,192,158826,1,0,0:0:0:0:
256,192,158826,1,0,0:0:0:0:
329,192,158826,1,0,0:0:0:0:
182,0,159126,128,0,159163:0:0:0:0:
256,192,159126,1,0,0:0:0:0:
329,0,159126,128,0,159163:0:0:0:0:
475,0,159126,128,0,159163:0:0:0:0:
182,192,159276,1,0,0:0:0:0:
256,192,159276,1,0,0:0:0:0:
329,192,159276,1,0,0:0:0:0:
475,192,159276,1,0,0:0:0:0:
182,192,159576,1,0,0:0:0:0:
256,192,159576,1,0,0:0:0:0:
329,192,159576,1,0,0:0:0:0:
402,192,159576,1,0,0:0:0:0:
475,0,159576,128,0,160476:0:0:0:0:
36,192,159726,1,0,0:0:0:0:
109,192,159726,1,0,0:0:0:0:
182,192,159726,1,0,0:0:0:0:
256,192,159726,1,0,0:0:0:0:
182,0,159876,128,0,160026:0:0:0:0:
36,192,159951,1,0,0:0:0:0:
109,192,159951,1,0,0:0:0:0:
256,0,160026,128,0,160176:0:0:0:0:
109,192,160101,1,0,0:0:0:0:
182,192,160101,1,0,0:0:0:0:
329,0,160176,128,0,160326:0:0:0:0:
182,192,160251,1,0,0:0:0:0:
256,192,160251,1,0,0:0:0:0:
402,0,160326,128,0,160476:0:0:0:0:
256,192,160401,1,0,0:0:0:0:
329,192,160401,1,0,0:0:0:0:
109,192,160476,1,0,0:0:0:0:
182,192,160476,1,0,0:0:0:0:
256,192,160476,1,0,0:0:0:0:
36,0,160476,128,0,161076:0:0:0:0:
475,192,160626,1,0,0:0:0:0:
475,0,160776,128,0,161076:0:0:0:0:
109,0,161076,128,0,161187:0:0:0:0:
182,192,161076,1,0,0:0:0:0:
256,0,161076,128,0,161187:0:0:0:0:
329,192,161076,1,0,0:0:0:0:
109,192,161224,1,0,0:0:0:0:
182,192,161224,1,0,0:0:0:0:
256,192,161224,1,0,0:0:0:0:
329,0,161224,128,0,161670:0:0:0:0:
36,0,161373,128,0,161521:0:0:0:0:
182,0,161373,128,0,161521:0:0:0:0:
402,0,161373,128,0,161521:0:0:0:0:
109,192,161521,1,0,0:0:0:0:
256,192,161521,1,0,0:0:0:0:
475,192,161521,1,0,0:0:0:0:
36,0,161670,128,0,161967:0:0:0:0:
109,192,161670,1,0,0:0:0:0:
182,192,161670,1,0,0:0:0:0:
256,192,161670,1,0,0:0:0:0:
402,192,161670,1,0,0:0:0:0:
475,0,161670,128,0,162115:0:0:0:0:
109,0,161818,128,0,161967:0:0:0:0:
182,0,161818,128,0,161967:0:0:0:0:
256,192,161967,1,0,0:0:0:0:
329,192,161967,1,0,0:0:0:0:
402,192,161967,1,0,0:0:0:0:
256,0,162115,128,0,162561:0:0:0:0:
329,0,162115,128,0,162486:0:0:0:0:
109,192,162264,1,0,0:0:0:0:
182,192,162264,1,0,0:0:0:0:
475,0,162264,128,0,162338:0:0:0:0:
36,192,162412,1,0,0:0:0:0:
402,192,162412,1,0,0:0:0:0:
475,0,162412,128,0,162486:0:0:0:0:
36,192,162561,1,0,0:0:0:0:
109,192,162561,1,0,0:0:0:0:
182,0,162561,128,0,162783:0:0:0:0:
329,0,162561,128,0,162635:0:0:0:0:
402,0,162561,128,0,163006:0:0:0:0:
329,0,162709,128,0,162783:0:0:0:0:
475,192,162709,1,0,0:0:0:0:
36,0,162858,128,0,163080:0:0:0:0:
109,192,162858,1,0,0:0:0:0:
182,0,162858,128,0,162932:0:0:0:0:
256,192,162858,1,0,0:0:0:0:
329,192,162858,1,0,0:0:0:0:
475,192,162858,1,0,0:0:0:0:
182,0,163006,128,0,163080:0:0:0:0:
329,192,163006,1,0,0:0:0:0:
36,0,163155,128,0,163229:0:0:0:0:
109,192,163155,1,0,0:0:0:0:
329,192,163155,1,0,0:0:0:0:
475,0,163155,128,0,163377:0:0:0:0:
36,0,163303,128,0,163377:0:0:0:0:
182,192,163303,1,0,0:0:0:0:
109,192,163452,1,0,0:0:0:0:
329,0,163452,128,0,163526:0:0:0:0:
475,0,163452,128,0,163526:0:0:0:0:
109,192,163600,1,0,0:0:0:0:
329,0,163600,128,0,163675:0:0:0:0:
475,0,163600,128,0,163675:0:0:0:0:
36,192,163749,1,0,0:0:0:0:
182,192,163749,1,0,0:0:0:0:
329,0,163749,128,0,163823:0:0:0:0:
475,0,163749,128,0,163823:0:0:0:0:
109,192,163897,1,0,0:0:0:0:
329,0,163897,128,0,163972:0:0:0:0:
475,0,163897,128,0,163972:0:0:0:0:
36,192,164046,1,0,0:0:0:0:
109,192,164046,1,0,0:0:0:0:
182,192,164046,1,0,0:0:0:0:
329,0,164046,128,0,164566:0:0:0:0:
402,192,164046,1,0,0:0:0:0:
475,0,164046,128,0,164566:0:0:0:0:
256,192,164194,1,0,0:0:0:0:
402,0,164194,128,0,164269:0:0:0:0:
109,192,164343,1,0,0:0:0:0:
182,192,164343,1,0,0:0:0:0:
402,0,164343,128,0,164417:0:0:0:0:
256,192,164491,1,0,0:0:0:0:
402,0,164491,128,0,164566:0:0:0:0:
256,0,164640,128,0,164714:0:0:0:0:
329,0,164640,128,0,164714:0:0:0:0:
475,0,164640,128,0,164714:0:0:0:0:
36,0,164640,128,0,165828:0:0:0:0:
182,0,164788,128,0,164863:0:0:0:0:
329,0,164788,128,0,164863:0:0:0:0:
402,0,164788,128,0,164863:0:0:0:0:
109,0,164937,128,0,165011:0:0:0:0:
256,0,164937,128,0,165011:0:0:0:0:
402,0,164937,128,0,165011:0:0:0:0:
256,0,165085,128,0,165160:0:0:0:0:
329,0,165085,128,0,165160:0:0:0:0:
475,0,165085,128,0,165160:0:0:0:0:
109,0,165234,128,0,165308:0:0:0:0:
182,0,165234,128,0,165308:0:0:0:0:
475,0,165234,128,0,165828:0:0:0:0:
182,0,165382,128,0,165457:0:0:0:0:
256,0,165382,128,0,165457:0:0:0:0:
256,0,165531,128,0,165605:0:0:0:0:
329,0,165531,128,0,165605:0:0:0:0:
329,0,165679,128,0,165754:0:0:0:0:
402,0,165679,128,0,165754:0:0:0:0:
109,0,165828,128,0,165939:0:0:0:0:
182,192,165828,1,0,0:0:0:0:
256,0,165828,128,0,165939:0:0:0:0:
329,192,165828,1,0,0:0:0:0:
109,192,165976,1,0,0:0:0:0:
182,192,165976,1,0,0:0:0:0:
256,192,165976,1,0,0:0:0:0:
329,0,165976,128,0,166422:0:0:0:0:
36,0,166125,128,0,166274:0:0:0:0:
182,0,166125,128,0,166274:0:0:0:0:
402,0,166125,128,0,166274:0:0:0:0:
109,192,166274,1,0,0:0:0:0:
256,192,166274,1,0,0:0:0:0:
475,192,166274,1,0,0:0:0:0:
36,0,166422,128,0,166719:0:0:0:0:
109,192,166422,1,0,0:0:0:0:
182,192,166422,1,0,0:0:0:0:
256,192,166422,1,0,0:0:0:0:
402,192,166422,1,0,0:0:0:0:
475,0,166422,128,0,166868:0:0:0:0:
109,0,166571,128,0,166719:0:0:0:0:
182,0,166571,128,0,166719:0:0:0:0:
256,192,166719,1,0,0:0:0:0:
329,192,166719,1,0,0:0:0:0:
402,192,166719,1,0,0:0:0:0:
256,0,166868,128,0,167313:0:0:0:0:
329,0,166868,128,0,167239:0:0:0:0:
109,192,167016,1,0,0:0:0:0:
182,192,167016,1,0,0:0:0:0:
475,0,167016,128,0,167090:0:0:0:0:
36,192,167165,1,0,0:0:0:0:
402,192,167165,1,0,0:0:0:0:
475,0,167165,128,0,167239:0:0:0:0:
36,192,167313,1,0,0:0:0:0:
109,192,167313,1,0,0:0:0:0:
182,0,167313,128,0,167536:0:0:0:0:
329,0,167313,128,0,167387:0:0:0:0:
402,0,167313,128,0,167759:0:0:0:0:
329,0,167462,128,0,167536:0:0:0:0:
475,192,167462,1,0,0:0:0:0:
36,0,167610,128,0,167833:0:0:0:0:
109,192,167610,1,0,0:0:0:0:
182,0,167610,128,0,167684:0:0:0:0:
256,192,167610,1,0,0:0:0:0:
329,192,167610,1,0,0:0:0:0:
475,192,167610,1,0,0:0:0:0:
182,0,167759,128,0,167833:0:0:0:0:
329,192,167759,1,0,0:0:0:0:
36,0,167907,128,0,167981:0:0:0:0:
109,192,167907,1,0,0:0:0:0:
329,192,167907,1,0,0:0:0:0:
475,0,167907,128,0,168130:0:0:0:0:
36,0,168056,128,0,168130:0:0:0:0:
182,192,168056,1,0,0:0:0:0:
36,192,168204,1,0,0:0:0:0:
256,0,168204,128,0,168278:0:0:0:0:
329,0,168204,128,0,168278:0:0:0:0:
402,0,168204,128,0,168278:0:0:0:0:
36,192,168353,1,0,0:0:0:0:
256,0,168353,128,0,168576:0:0:0:0:
402,0,168353,128,0,168427:0:0:0:0:
475,0,168353,128,0,168427:0:0:0:0:
109,192,168501,1,0,0:0:0:0:
329,0,168501,128,0,168576:0:0:0:0:
402,0,168501,128,0,168576:0:0:0:0:
36,0,168650,128,0,168724:0:0:0:0:
182,192,168650,1,0,0:0:0:0:
402,0,168650,128,0,168724:0:0:0:0:
475,0,168650,128,0,168724:0:0:0:0:
36,0,168798,128,0,169021:0:0:0:0:
182,192,168798,1,0,0:0:0:0:
256,192,168798,1,0,0:0:0:0:
329,0,168798,128,0,168873:0:0:0:0:
402,0,168798,128,0,168873:0:0:0:0:
402,0,168947,128,0,169021:0:0:0:0:
475,0,168947,128,0,169021:0:0:0:0:
36,192,169095,1,0,0:0:0:0:
256,0,169095,128,0,169170:0:0:0:0:
329,0,169095,128,0,169170:0:0:0:0:
402,0,169095,128,0,169170:0:0:0:0:
36,192,169244,1,0,0:0:0:0:
402,0,169244,128,0,169318:0:0:0:0:
475,0,169244,128,0,169318:0:0:0:0:
256,0,169244,128,0,169467:0:0:0:0:
36,0,169392,128,0,169615:0:0:0:0:
182,0,169392,128,0,169467:0:0:0:0:
475,192,169392,1,0,0:0:0:0:
109,0,169541,128,0,169764:0:0:0:0:
182,192,169541,1,0,0:0:0:0:
256,0,169541,128,0,169615:0:0:0:0:
402,192,169541,1,0,0:0:0:0:
475,0,169541,128,0,169615:0:0:0:0:
36,0,169689,128,0,169764:0:0:0:0:
182,0,169689,128,0,169912:0:0:0:0:
329,192,169689,1,0,0:0:0:0:
475,0,169689,128,0,169912:0:0:0:0:
109,0,169838,128,0,169912:0:0:0:0:
256,0,169838,128,0,170061:0:0:0:0:
329,192,169838,1,0,0:0:0:0:
36,0,169986,128,0,170061:0:0:0:0:
182,0,169986,128,0,170209:0:0:0:0:
402,192,169986,1,0,0:0:0:0:
475,192,169986,1,0,0:0:0:0:
109,0,170135,128,0,170358:0:0:0:0:
256,0,170135,128,0,170209:0:0:0:0:
329,192,170135,1,0,0:0:0:0:
36,0,170283,128,0,170506:0:0:0:0:
182,0,170283,128,0,170358:0:0:0:0:
329,192,170283,1,0,0:0:0:0:
109,192,170432,1,0,0:0:0:0:
475,0,170432,128,0,170580:0:0:0:0:
182,192,170580,1,0,0:0:0:0:
256,0,170580,128,0,170692:0:0:0:0:
329,192,170580,1,0,0:0:0:0:
402,0,170580,128,0,170692:0:0:0:0:
182,0,170729,128,0,171175:0:0:0:0:
256,192,170729,1,0,0:0:0:0:
329,192,170729,1,0,0:0:0:0:
402,192,170729,1,0,0:0:0:0:
109,0,170877,128,0,171026:0:0:0:0:
329,0,170877,128,0,171026:0:0:0:0:
475,0,170877,128,0,171026:0:0:0:0:
36,192,171026,1,0,0:0:0:0:
256,192,171026,1,0,0:0:0:0:
402,192,171026,1,0,0:0:0:0:
36,0,171175,128,0,171620:0:0:0:0:
109,192,171175,1,0,0:0:0:0:
256,192,171175,1,0,0:0:0:0:
329,192,171175,1,0,0:0:0:0:
402,192,171175,1,0,0:0:0:0:
475,0,171175,128,0,171472:0:0:0:0:
329,0,171323,128,0,171472:0:0:0:0:
402,0,171323,128,0,171472:0:0:0:0:
109,192,171472,1,0,0:0:0:0:
182,192,171472,1,0,0:0:0:0:
256,192,171472,1,0,0:0:0:0:
182,0,171620,128,0,171991:0:0:0:0:
256,0,171620,128,0,172066:0:0:0:0:
36,0,171769,128,0,171843:0:0:0:0:
329,192,171769,1,0,0:0:0:0:
402,192,171769,1,0,0:0:0:0:
36,0,171917,128,0,171991:0:0:0:0:
109,192,171917,1,0,0:0:0:0:
475,192,171917,1,0,0:0:0:0:
109,0,172066,128,0,172511:0:0:0:0:
182,0,172066,128,0,172140:0:0:0:0:
329,0,172066,128,0,172288:0:0:0:0:
402,192,172066,1,0,0:0:0:0:
475,192,172066,1,0,0:0:0:0:
36,192,172214,1,0,0:0:0:0:
182,0,172214,128,0,172288:0:0:0:0:
36,192,172363,1,0,0:0:0:0:
182,192,172363,1,0,0:0:0:0:
256,192,172363,1,0,0:0:0:0:
329,0,172363,128,0,172437:0:0:0:0:
402,192,172363,1,0,0:0:0:0:
475,0,172363,128,0,172585:0:0:0:0:
182,192,172511,1,0,0:0:0:0:
329,0,172511,128,0,172585:0:0:0:0:
36,0,172660,128,0,172882:0:0:0:0:
182,192,172660,1,0,0:0:0:0:
402,192,172660,1,0,0:0:0:0:
475,0,172660,128,0,172734:0:0:0:0:
329,192,172808,1,0,0:0:0:0:
475,0,172808,128,0,172882:0:0:0:0:
36,0,172957,128,0,173031:0:0:0:0:
182,0,172957,128,0,173031:0:0:0:0:
402,192,172957,1,0,0:0:0:0:
36,0,173105,128,0,173179:0:0:0:0:
182,0,173105,128,0,173179:0:0:0:0:
402,192,173105,1,0,0:0:0:0:
36,0,173254,128,0,173328:0:0:0:0:
182,0,173254,128,0,173328:0:0:0:0:
329,192,173254,1,0,0:0:0:0:
475,192,173254,1,0,0:0:0:0:
36,0,173402,128,0,173476:0:0:0:0:
182,0,173402,128,0,173476:0:0:0:0:
402,192,173402,1,0,0:0:0:0:
36,0,173551,128,0,174071:0:0:0:0:
109,192,173551,1,0,0:0:0:0:
182,0,173551,128,0,174071:0:0:0:0:
329,192,173551,1,0,0:0:0:0:
402,192,173551,1,0,0:0:0:0:
475,192,173551,1,0,0:0:0:0:
109,0,173699,128,0,173774:0:0:0:0:
256,192,173699,1,0,0:0:0:0:
109,0,173848,128,0,173922:0:0:0:0:
329,192,173848,1,0,0:0:0:0:
402,192,173848,1,0,0:0:0:0:
109,0,173996,128,0,174071:0:0:0:0:
256,192,173996,1,0,0:0:0:0:
36,0,174145,128,0,174219:0:0:0:0:
182,0,174145,128,0,174219:0:0:0:0:
256,0,174145,128,0,174219:0:0:0:0:
475,0,174145,128,0,175333:0:0:0:0:
109,0,174293,128,0,174368:0:0:0:0:
182,0,174293,128,0,174368:0:0:0:0:
329,0,174293,128,0,174368:0:0:0:0:
109,0,174442,128,0,174516:0:0:0:0:
256,0,174442,128,0,174516:0:0:0:0:
402,0,174442,128,0,174516:0:0:0:0:
36,0,174590,128,0,174665:0:0:0:0:
182,0,174590,128,0,174665:0:0:0:0:
256,0,174590,128,0,174665:0:0:0:0:
329,0,174739,128,0,174813:0:0:0:0:
402,0,174739,128,0,174813:0:0:0:0:
36,0,174739,128,0,175333:0:0:0:0:
256,0,174887,128,0,174962:0:0:0:0:
329,0,174887,128,0,174962:0:0:0:0:
182,0,175036,128,0,175110:0:0:0:0:
256,0,175036,128,0,175110:0:0:0:0:
109,0,175184,128,0,175259:0:0:0:0:
182,0,175184,128,0,175259:0:0:0:0:
182,192,175333,1,0,0:0:0:0:
256,0,175333,128,0,175444:0:0:0:0:
329,192,175333,1,0,0:0:0:0:
402,0,175333,128,0,175444:0:0:0:0:
182,0,175481,128,0,175927:0:0:0:0:
256,192,175481,1,0,0:0:0:0:
329,192,175481,1,0,0:0:0:0:
402,192,175481,1,0,0:0:0:0:
109,0,175630,128,0,175778:0:0:0:0:
329,0,175630,128,0,175778:0:0:0:0:
475,0,175630,128,0,175778:0:0:0:0:
36,192,175778,1,0,0:0:0:0:
256,192,175778,1,0,0:0:0:0:
402,192,175778,1,0,0:0:0:0:
36,0,175927,128,0,176373:0:0:0:0:
109,192,175927,1,0,0:0:0:0:
256,192,175927,1,0,0:0:0:0:
329,192,175927,1,0,0:0:0:0:
402,192,175927,1,0,0:0:0:0:
475,0,175927,128,0,176224:0:0:0:0:
329,0,176076,128,0,176224:0:0:0:0:
402,0,176076,128,0,176224:0:0:0:0:
109,192,176224,1,0,0:0:0:0:
182,192,176224,1,0,0:0:0:0:
256,192,176224,1,0,0:0:0:0:
182,0,176373,128,0,176744:0:0:0:0:
256,0,176373,128,0,176818:0:0:0:0:
36,0,176521,128,0,176595:0:0:0:0:
329,192,176521,1,0,0:0:0:0:
402,192,176521,1,0,0:0:0:0:
36,0,176670,128,0,176744:0:0:0:0:
109,192,176670,1,0,0:0:0:0:
475,192,176670,1,0,0:0:0:0:
109,0,176818,128,0,177264:0:0:0:0:
182,0,176818,128,0,176892:0:0:0:0:
329,0,176818,128,0,177041:0:0:0:0:
402,192,176818,1,0,0:0:0:0:
475,192,176818,1,0,0:0:0:0:
36,192,176967,1,0,0:0:0:0:
182,0,176967,128,0,177041:0:0:0:0:
36,192,177115,1,0,0:0:0:0:
182,192,177115,1,0,0:0:0:0:
256,192,177115,1,0,0:0:0:0:
329,0,177115,128,0,177189:0:0:0:0:
402,192,177115,1,0,0:0:0:0:
475,0,177115,128,0,177338:0:0:0:0:
182,192,177264,1,0,0:0:0:0:
329,0,177264,128,0,177338:0:0:0:0:
36,0,177412,128,0,177635:0:0:0:0:
182,192,177412,1,0,0:0:0:0:
402,192,177412,1,0,0:0:0:0:
475,0,177412,128,0,177486:0:0:0:0:
329,192,177561,1,0,0:0:0:0:
475,0,177561,128,0,177635:0:0:0:0:
109,0,177709,128,0,177783:0:0:0:0:
182,0,177709,128,0,177783:0:0:0:0:
256,0,177709,128,0,177783:0:0:0:0:
475,192,177709,1,0,0:0:0:0:
36,0,177858,128,0,177932:0:0:0:0:
109,0,177858,128,0,177932:0:0:0:0:
256,0,177858,128,0,178080:0:0:0:0:
475,192,177858,1,0,0:0:0:0:
109,0,178006,128,0,178080:0:0:0:0:
182,0,178006,128,0,178080:0:0:0:0:
402,192,178006,1,0,0:0:0:0:
36,0,178155,128,0,178229:0:0:0:0:
109,0,178155,128,0,178229:0:0:0:0:
329,192,178155,1,0,0:0:0:0:
475,0,178155,128,0,178229:0:0:0:0:
109,0,178303,128,0,178377:0:0:0:0:
182,0,178303,128,0,178377:0:0:0:0:
256,192,178303,1,0,0:0:0:0:
329,192,178303,1,0,0:0:0:0:
475,0,178303,128,0,178526:0:0:0:0:
36,0,178452,128,0,178526:0:0:0:0:
109,0,178452,128,0,178526:0:0:0:0:
109,0,178600,128,0,178675:0:0:0:0:
182,0,178600,128,0,178675:0:0:0:0:
256,0,178600,128,0,178675:0:0:0:0:
475,192,178600,1,0,0:0:0:0:
36,0,178749,128,0,178823:0:0:0:0:
109,0,178749,128,0,178823:0:0:0:0:
475,192,178749,1,0,0:0:0:0:
256,0,178749,128,0,178972:0:0:0:0:
329,0,178897,128,0,178972:0:0:0:0:
402,0,178897,128,0,178972:0:0:0:0:
475,0,178897,128,0,180086:0:0:0:0:
36,192,179046,1,0,0:0:0:0:
182,0,179046,128,0,179120:0:0:0:0:
256,0,179046,128,0,179120:0:0:0:0:
109,192,179120,1,0,0:0:0:0:
182,0,179194,128,0,179417:0:0:0:0:
256,0,179194,128,0,179269:0:0:0:0:
329,192,179194,1,0,0:0:0:0:
402,192,179194,1,0,0:0:0:0:
256,0,179343,128,0,179417:0:0:0:0:
329,192,179343,1,0,0:0:0:0:
402,192,179343,1,0,0:0:0:0:
109,192,179491,1,0,0:0:0:0:
256,0,179491,128,0,179566:0:0:0:0:
329,192,179491,1,0,0:0:0:0:
402,192,179491,1,0,0:0:0:0:
36,0,179491,128,0,180086:0:0:0:0:
109,192,179640,1,0,0:0:0:0:
256,0,179640,128,0,179714:0:0:0:0:
329,192,179640,1,0,0:0:0:0:
402,192,179640,1,0,0:0:0:0:
109,192,179788,1,0,0:0:0:0:
256,0,179788,128,0,179863:0:0:0:0:
329,192,179788,1,0,0:0:0:0:
402,192,179788,1,0,0:0:0:0:
109,192,179937,1,0,0:0:0:0:
182,192,179937,1,0,0:0:0:0:
256,0,179937,128,0,180011:0:0:0:0:
329,192,179937,1,0,0:0:0:0:
402,192,179937,1,0,0:0:0:0:
182,192,180086,1,0,0:0:0:0:
182,192,180236,1,0,0:0:0:0:
475,0,180386,128,0,180536:0:0:0:0:
182,192,180536,1,0,0:0:0:0:
402,0,180686,128,0,180986:0:0:0:0:
256,192,180986,1,0,0:0:0:0:
182,0,181136,128,0,181436:0:0:0:0:
36,192,181436,1,0,0:0:0:0:
256,0,181586,128,0,181736:0:0:0:0:
36,192,181736,1,0,0:0:0:0:
475,0,181886,128,0,182036:0:0:0:0:
36,192,182036,1,0,0:0:0:0:
329,192,182186,1,0,0:0:0:0:
402,192,182186,1,0,0:0:0:0:
329,0,182336,128,0,182486:0:0:0:0:
402,0,182336,128,0,182486:0:0:0:0:
