[Metadata]
恋詠桜
Loos
SUWAKO
オモイヨシノ Koi Yomi Zakura
19
0


[TimingPoints]
732,357.142857142857,4,2,2,100,1,0
11446,178.571428571429,4,2,2,100,1,0
11535,357.142857142857,4,2,2,100,1,0
11624,714.285714285714,4,2,2,100,1,0
11803,357.142857142857,4,2,2,100,1,0
17874,714.285714285714,4,2,2,100,1,0
18142,357.142857142857,4,2,2,100,1,0
18276,178.571428571429,4,2,2,100,1,0
18410,357.142857142857,4,2,2,100,1,0
19303,714.285714285714,4,2,2,100,1,0
19392,357.142857142857,4,2,2,100,1,0
19437,178.571428571429,4,2,2,100,1,0
19482,714.285714285714,4,2,2,100,1,0
19660,357.142857142857,4,2,2,100,1,0
19749,178.571428571429,4,2,2,100,1,0
19839,357.142857142857,4,2,2,100,1,0
32160,714.285714285714,4,2,2,100,1,0
32339,357.142857142857,4,2,2,100,1,0
32428,178.571428571429,4,2,2,100,1,0
32517,357.142857142857,4,2,2,100,1,0
32874,714.285714285714,4,2,2,100,1,0
33053,357.142857142857,4,2,2,100,1,0
33142,178.571428571429,4,2,2,100,1,0
33232,357.142857142857,4,2,2,100,1,0
33410,714.285714285714,4,2,2,100,1,0
33589,357.142857142857,4,2,2,100,1,0
33678,178.571428571429,4,2,2,100,1,0
33767,714.285714285714,4,2,2,100,1,0
33946,357.142857142857,4,2,2,100,1,0
34035,178.571428571429,4,2,2,100,1,0
34124,714.285714285714,4,2,2,100,1,0
34303,357.142857142857,4,2,2,100,1,0
34392,178.571428571429,4,2,2,100,1,0
34482,357.142857142857,4,2,2,100,1,0
79482,714.285714285714,4,2,2,100,1,0
79660,357.142857142857,4,2,2,100,1,0
79749,178.571428571429,4,2,2,100,1,0
79839,714.285714285714,4,2,2,100,1,0
80017,357.142857142857,4,2,2,100,1,0
80107,178.571428571429,4,2,2,100,1,0
80196,357.142857142857,4,2,2,100,1,0


[HitObjects]
36,192,732,1,0,0:0:0:0:
109,192,910,1,0,0:0:0:0:
182,192,1089,1,0,0:0:0:0:
109,192,1267,1,0,0:0:0:0:
182,192,1446,1,0,0:0:0:0:
109,192,1624,1,0,0:0:0:0:
182,192,1803,1,0,0:0:0:0:
256,192,1981,1,0,0:0:0:0:
329,192,2160,1,0,0:0:0:0:
256,192,2339,1,0,0:0:0:0:
329,192,2517,1,0,0:0:0:0:
402,192,2696,1,0,0:0:0:0:
475,192,2874,1,0,0:0:0:0:
256,192,3053,1,0,0:0:0:0:
402,192,3231,1,0,0:0:0:0:
329,192,3410,1,0,0:0:0:0:
402,192,3589,1,0,0:0:0:0:
109,192,3589,1,0,0:0:0:0:
329,192,3946,1,0,0:0:0:0:
182,192,3946,1,0,0:0:0:0:
256,192,4303,1,0,0:0:0:0:
182,192,4660,1,0,0:0:0:0:
329,192,4660,1,0,0:0:0:0:
256,192,5017,1,0,0:0:0:0:
36,192,5017,1,0,0:0:0:0:
475,192,5017,1,0,0:0:0:0:
109,192,6446,1,0,0:0:0:70:bassdrum.wav
402,192,6446,1,0,0:0:0:70:cymbol01.wav
109,192,7160,1,0,0:0:0:70:bassdrum.wav
402,192,7160,1,0,0:0:0:0:
109,192,7874,1,0,0:0:0:70:bassdrum.wav
402,192,7874,1,0,0:0:0:0:
402,192,8231,1,0,0:0:0:70:bassdrum.wav
109,192,8231,1,0,0:0:0:0:
109,192,8589,1,0,0:0:0:70:bassdrum.wav
402,192,8589,1,0,0:0:0:0:
109,192,9303,1,0,0:0:0:70:bassdrum.wav
402,192,9303,1,0,0:0:0:0:
109,192,9660,1,0,0:0:0:70:bassdrum.wav
402,192,9660,1,0,0:0:0:0:
109,192,10017,1,0,0:0:0:70:bassdrum.wav
402,192,10017,1,0,0:0:0:0:
109,192,10196,1,0,0:0:0:70:bassdrum.wav
402,192,10196,1,0,0:0:0:70:whistle.wav
329,192,10553,1,0,0:0:0:70:bassdrum.wav
182,192,10731,1,0,0:0:0:70:bassdrum.wav
329,192,10910,1,0,0:0:0:70:bassdrum.wav
109,192,11089,1,0,0:0:0:0:
402,192,11267,1,0,0:0:0:70:bassdrum.wav
36,192,11446,1,0,0:0:0:70:soft-hitclap.wav
182,192,11446,1,0,0:0:0:0:
329,192,11446,1,0,0:0:0:0:
475,192,11446,1,0,0:0:0:0:
109,192,12160,1,0,0:0:0:70:cymbol01.wav
256,192,12160,1,0,0:0:0:70:bassdrum.wav
36,192,12160,128,0,13589:0:0:0:0:
402,192,12160,1,0,0:0:0:0:
182,192,12339,1,0,0:0:0:70:whistle.wav
256,192,12428,1,0,0:0:0:0:
329,192,12517,1,0,0:0:0:70:bassdrum.wav
475,192,12517,1,0,0:0:0:0:
182,192,12696,1,0,0:0:0:70:whistle.wav
402,192,12874,1,0,0:0:0:70:bassdrum.wav
109,192,13053,1,0,0:0:0:70:whistle.wav
329,192,13231,1,0,0:0:0:70:bassdrum.wav
475,192,13410,1,0,0:0:0:70:whistle.wav
256,192,13589,128,0,15017:0:0:0:70:bassdrum.wav
182,192,13589,1,0,0:0:0:0:
402,192,13589,1,0,0:0:0:0:
109,192,13767,1,0,0:0:0:70:whistle.wav
182,192,13856,1,0,0:0:0:0:
329,192,13946,1,0,0:0:0:70:bassdrum.wav
475,192,13946,1,0,0:0:0:0:
36,192,14124,1,0,0:0:0:70:whistle.wav
402,192,14303,1,0,0:0:0:70:bassdrum.wav
109,192,14481,1,0,0:0:0:70:whistle.wav
329,192,14660,1,0,0:0:0:70:bassdrum.wav
475,192,14839,1,0,0:0:0:70:whistle.wav
109,192,15017,128,0,16446:0:0:0:70:bassdrum.wav
36,192,15017,1,0,0:0:0:0:
182,192,15017,1,0,0:0:0:0:
402,192,15196,1,0,0:0:0:70:whistle.wav
329,192,15285,1,0,0:0:0:0:
36,192,15374,1,0,0:0:0:70:bassdrum.wav
256,192,15374,1,0,0:0:0:0:
475,192,15553,1,0,0:0:0:70:whistle.wav
182,192,15731,1,0,0:0:0:70:bassdrum.wav
402,192,15910,1,0,0:0:0:70:whistle.wav
36,192,16089,1,0,0:0:0:70:bassdrum.wav
256,192,16267,1,0,0:0:0:70:whistle.wav
329,192,16446,128,0,17874:0:0:0:70:bassdrum.wav
36,192,16446,1,0,0:0:0:0:
475,192,16446,1,0,0:0:0:0:
182,192,16624,1,0,0:0:0:70:bassdrum.wav
36,192,16803,1,0,0:0:0:0:
475,192,16803,1,0,0:0:0:0:
182,192,16981,1,0,0:0:0:70:bassdrum.wav
109,192,17160,1,0,0:0:0:70:bassdrum.wav
402,192,17160,1,0,0:0:0:0:
256,192,17339,1,0,0:0:0:0:
36,192,17517,1,0,0:0:0:70:bassdrum.wav
475,192,17517,1,0,0:0:0:0:
256,192,17696,1,0,0:0:0:0:
109,192,17874,1,0,0:0:0:30:cymbol01.wav
402,192,17874,1,0,0:0:0:70:bassdrum.wav
329,192,18410,128,0,18946:0:0:0:30:cymbol01.wav
475,192,18410,128,0,18946:0:0:0:70:bassdrum.wav
36,192,18410,1,0,0:0:0:0:
182,192,18410,1,0,0:0:0:0:
402,192,18767,1,0,0:0:0:35:normal-hitclap.wav
109,192,18767,1,0,0:0:0:70:whistle01.wav
109,192,18946,1,0,0:0:0:35:normal-hitclap.wav
182,192,19303,1,0,0:0:0:30:cymbol01.wav
329,192,19303,1,0,0:0:0:70:bassdrum.wav
475,192,19303,1,0,0:0:0:0:
36,192,19481,1,0,0:0:0:30:cymbol01.wav
256,192,19660,1,0,0:0:0:0:
182,192,19839,128,0,20374:0:0:0:30:cymbol01.wav
329,192,19839,128,0,20374:0:0:0:70:bassdrum.wav
109,192,19839,128,0,20374:0:0:0:0:
402,192,19839,128,0,20374:0:0:0:0:
475,192,19839,1,0,0:0:0:0:
256,192,20196,1,0,0:0:0:35:normal-hitclap.wav
256,192,20374,1,0,0:0:0:35:normal-hitclap.wav
36,192,20731,1,0,0:0:0:40:cymbol01.wav
182,192,20731,1,0,0:0:0:70:bassdrum.wav
329,192,20731,1,0,0:0:0:0:
475,192,20910,1,0,0:0:0:0:
256,192,21089,1,0,0:0:0:70:soft-hitclap.wav
402,192,21267,1,0,0:0:0:40:cymbol01.wav
36,192,21267,1,0,0:0:0:70:bassdrum.wav
182,192,21446,1,0,0:0:0:0:
329,192,21624,1,0,0:0:0:70:soft-hitclap.wav
109,192,21803,1,0,0:0:0:40:cymbol01.wav
36,192,21803,1,0,0:0:0:70:bassdrum.wav
256,192,21981,1,0,0:0:0:70:soft-hitclap.wav
36,192,22160,1,0,0:0:0:40:cymbol01.wav
329,192,22160,1,0,0:0:0:70:bassdrum.wav
109,192,22339,1,0,0:0:0:0:
256,192,22517,1,0,0:0:0:0:
329,192,22696,1,0,0:0:0:0:
256,192,22874,1,0,0:0:0:0:
109,192,23053,1,0,0:0:0:70:bassdrum.wav
402,192,23053,1,0,0:0:0:70:do1.wav
182,192,23142,1,0,0:0:0:70:do1.wav
329,192,23142,1,0,0:0:0:0:
109,192,23231,1,0,0:0:0:70:do1.wav
402,192,23231,1,0,0:0:0:0:
109,192,23410,1,0,0:0:0:70:do1.wav
329,192,23410,1,0,0:0:0:0:
36,192,23589,1,0,0:0:0:70:cymbol01.wav
182,192,23589,1,0,0:0:0:70:bassdrum.wav
402,192,23589,1,0,0:0:0:0:
329,192,23767,1,0,0:0:0:70:whistle.wav
109,192,23946,1,0,0:0:0:70:bassdrum.wav
256,192,24124,1,0,0:0:0:70:whistle.wav
182,192,24303,1,0,0:0:0:70:bassdrum.wav
402,192,24481,1,0,0:0:0:70:whistle.wav
109,192,24660,1,0,0:0:0:70:bassdrum.wav
329,192,24839,1,0,0:0:0:70:whistle.wav
182,192,25017,1,0,0:0:0:70:bassdrum.wav
36,192,25196,1,0,0:0:0:70:whistle.wav
256,192,25374,1,0,0:0:0:70:bassdrum.wav
402,192,25553,1,0,0:0:0:70:whistle.wav
182,192,25731,1,0,0:0:0:70:bassdrum.wav
36,192,25910,1,0,0:0:0:70:whistle.wav
329,192,26089,1,0,0:0:0:70:bassdrum.wav
475,192,26267,1,0,0:0:0:70:whistle.wav
182,192,26446,1,0,0:0:0:70:bassdrum.wav
402,192,26624,1,0,0:0:0:70:whistle.wav
109,192,26803,1,0,0:0:0:70:bassdrum.wav
329,192,26981,1,0,0:0:0:70:whistle.wav
182,192,27160,1,0,0:0:0:70:bassdrum.wav
402,192,27339,1,0,0:0:0:70:whistle.wav
109,192,27517,1,0,0:0:0:70:bassdrum.wav
329,192,27696,1,0,0:0:0:70:whistle.wav
182,192,27874,1,0,0:0:0:70:bassdrum.wav
36,192,28053,1,0,0:0:0:70:whistle.wav
329,192,28231,1,0,0:0:0:70:bassdrum.wav
475,192,28410,1,0,0:0:0:70:whistle.wav
256,192,28589,1,0,0:0:0:70:bassdrum.wav
109,192,28767,1,0,0:0:0:70:whistle.wav
329,192,28946,1,0,0:0:0:70:bassdrum.wav
475,192,29124,1,0,0:0:0:70:whistle.wav
36,192,29303,1,0,0:0:0:70:bassdrum.wav
109,192,29481,1,0,0:0:0:70:whistle.wav
329,192,29660,1,0,0:0:0:70:bassdrum.wav
256,192,29839,1,0,0:0:0:70:whistle.wav
182,192,30017,1,0,0:0:0:70:bassdrum.wav
329,192,30196,1,0,0:0:0:70:whistle.wav
475,192,30374,1,0,0:0:0:70:bassdrum.wav
402,192,30553,1,0,0:0:0:70:whistle.wav
182,192,30731,1,0,0:0:0:70:bassdrum.wav
329,192,30910,1,0,0:0:0:70:whistle.wav
109,192,31089,1,0,0:0:0:70:bassdrum.wav
256,192,31267,1,0,0:0:0:70:whistle.wav
402,192,31446,1,0,0:0:0:70:bassdrum.wav
329,192,31624,1,0,0:0:0:70:whistle.wav
36,192,31803,1,0,0:0:0:70:bassdrum.wav
475,192,31803,1,0,0:0:0:0:
475,192,31981,1,0,0:0:0:0:
182,192,31981,1,0,0:0:0:0:
109,192,32160,1,0,0:0:0:70:bassdrum.wav
402,192,32160,1,0,0:0:0:0:
475,192,32160,1,0,0:0:0:0:
36,192,32517,1,0,0:0:0:70:soft-hitclap.wav
256,192,32517,1,0,0:0:0:70:whistle01.wav
402,192,32517,1,0,0:0:0:0:
36,192,33231,1,0,0:0:0:70:soft-hitclap.wav
256,192,33231,1,0,0:0:0:70:whistle01.wav
402,192,33231,1,0,0:0:0:0:
36,192,33767,1,0,0:0:0:70:soft-hitclap.wav
256,192,33767,1,0,0:0:0:70:whistle01.wav
402,192,33767,1,0,0:0:0:0:
36,192,34124,1,0,0:0:0:70:soft-hitclap.wav
256,192,34124,1,0,0:0:0:70:whistle01.wav
402,192,34124,1,0,0:0:0:0:
36,192,34481,1,0,0:0:0:70:soft-hitclap.wav
182,192,34481,1,0,0:0:0:70:whistle01.wav
402,192,34481,1,0,0:0:0:0:
36,192,34660,1,0,0:0:0:70:soft-hitclap.wav
182,192,34660,1,0,0:0:0:70:whistle01.wav
402,192,34660,1,0,0:0:0:0:
36,192,35017,1,0,0:0:0:70:cymbol01.wav
109,192,35017,1,0,0:0:0:70:bassdrum.wav
256,192,35017,1,0,0:0:0:0:
475,192,35017,1,0,0:0:0:0:
329,192,35196,1,0,0:0:0:70:whistle.wav
182,192,35285,1,0,0:0:0:0:
256,192,35374,1,0,0:0:0:30:normal-hitclap.wav
475,192,35374,1,0,0:0:0:70:bassdrum.wav
36,192,35553,1,0,0:0:0:70:whistle.wav
109,192,35731,1,0,0:0:0:70:bassdrum.wav
256,192,35731,1,0,0:0:0:0:
329,192,35910,1,0,0:0:0:70:whistle.wav
182,192,35999,1,0,0:0:0:0:
256,192,36089,1,0,0:0:0:30:normal-hitclap.wav
475,192,36089,1,0,0:0:0:70:bassdrum.wav
36,192,36267,1,0,0:0:0:70:whistle.wav
109,192,36446,1,0,0:0:0:70:bassdrum.wav
256,192,36446,1,0,0:0:0:0:
475,192,36446,1,0,0:0:0:0:
329,192,36624,1,0,0:0:0:70:whistle.wav
182,192,36803,1,0,0:0:0:30:normal-hitclap.wav
329,192,36981,1,0,0:0:0:70:whistle.wav
109,192,37160,1,0,0:0:0:70:bassdrum.wav
402,192,37339,1,0,0:0:0:70:whistle.wav
182,192,37517,1,0,0:0:0:30:normal-hitclap.wav
329,192,37696,1,0,0:0:0:70:whistle.wav
36,192,37874,1,0,0:0:0:70:bassdrum.wav
182,192,37874,1,0,0:0:0:0:
256,192,37874,1,0,0:0:0:0:
402,192,38053,1,0,0:0:0:70:whistle.wav
256,192,38142,1,0,0:0:0:0:
329,192,38231,1,0,0:0:0:30:normal-hitclap.wav
475,192,38231,1,0,0:0:0:70:bassdrum.wav
36,192,38410,1,0,0:0:0:70:whistle.wav
109,192,38589,1,0,0:0:0:70:bassdrum.wav
256,192,38589,1,0,0:0:0:0:
182,192,38767,1,0,0:0:0:70:whistle.wav
36,192,38856,1,0,0:0:0:0:
329,192,38946,1,0,0:0:0:30:normal-hitclap.wav
475,192,38946,1,0,0:0:0:70:bassdrum.wav
109,192,39124,1,0,0:0:0:70:whistle.wav
256,192,39124,1,0,0:0:0:0:
36,192,39303,1,0,0:0:0:70:bassdrum.wav
329,192,39303,1,0,0:0:0:0:
475,192,39303,1,0,0:0:0:0:
182,192,39481,1,0,0:0:0:70:whistle.wav
402,192,39660,1,0,0:0:0:30:normal-hitclap.wav
109,192,39839,1,0,0:0:0:70:whistle.wav
329,192,40017,1,0,0:0:0:70:bassdrum.wav
475,192,40196,1,0,0:0:0:70:whistle.wav
256,192,40374,1,0,0:0:0:30:normal-hitclap.wav
402,192,40553,1,0,0:0:0:70:whistle.wav
36,192,40731,1,0,0:0:0:70:bassdrum.wav
109,192,40731,1,0,0:0:0:0:
329,192,40731,1,0,0:0:0:0:
256,192,40910,1,0,0:0:0:70:whistle.wav
109,192,40999,1,0,0:0:0:0:
329,192,41089,1,0,0:0:0:30:normal-hitclap.wav
475,192,41089,1,0,0:0:0:70:bassdrum.wav
36,192,41267,1,0,0:0:0:70:whistle.wav
109,192,41446,1,0,0:0:0:70:bassdrum.wav
329,192,41446,1,0,0:0:0:0:
402,192,41624,1,0,0:0:0:70:whistle.wav
256,192,41714,1,0,0:0:0:0:
329,192,41803,1,0,0:0:0:30:normal-hitclap.wav
475,192,41803,1,0,0:0:0:70:bassdrum.wav
36,192,41981,1,0,0:0:0:70:whistle.wav
182,192,41981,1,0,0:0:0:0:
109,192,42160,1,0,0:0:0:70:bassdrum.wav
256,192,42160,1,0,0:0:0:0:
475,192,42160,1,0,0:0:0:0:
329,192,42339,1,0,0:0:0:70:whistle.wav
182,192,42517,1,0,0:0:0:35:normal-hitclap.wav
329,192,42696,1,0,0:0:0:70:whistle.wav
36,192,42874,1,0,0:0:0:70:bassdrum.wav
182,192,43053,1,0,0:0:0:70:whistle.wav
475,192,43231,1,0,0:0:0:35:normal-hitclap.wav
36,192,43231,1,0,0:0:0:70:bassdrum.wav
109,192,43231,1,0,0:0:0:0:
402,192,43410,1,0,0:0:0:70:bassdrum.wav
36,192,43410,1,0,0:0:0:0:
182,192,43410,1,0,0:0:0:0:
36,192,43589,1,0,0:0:0:70:bassdrum.wav
256,192,43589,1,0,0:0:0:0:
36,192,43767,1,0,0:0:0:70:bassdrum.wav
182,192,43946,1,0,0:0:0:70:soft-hitclap.wav
329,192,43946,1,0,0:0:0:40:cymbol01.wav
475,192,43946,1,0,0:0:0:0:
36,192,44303,1,0,0:0:0:70:bassdrum.wav
402,192,44303,1,0,0:0:0:0:
36,192,44481,1,0,0:0:0:70:bassdrum.wav
109,192,44660,1,0,0:0:0:70:soft-hitclap.wav
256,192,44660,1,0,0:0:0:40:cymbol01.wav
475,192,44660,1,0,0:0:0:0:
36,192,45017,1,0,0:0:0:40:cymbol01.wav
329,192,45017,1,0,0:0:0:70:bassdrum.wav
36,192,45196,1,0,0:0:0:70:bassdrum.wav
182,192,45196,1,0,0:0:0:0:
402,192,45374,1,0,0:0:0:0:
256,192,45553,1,0,0:0:0:70:soft-hitclap.wav
36,192,45553,1,0,0:0:0:40:cymbol01.wav
475,192,45731,1,0,0:0:0:0:
182,192,45910,1,0,0:0:0:70:bassdrum.wav
36,192,45910,1,0,0:0:0:0:
475,192,46089,1,0,0:0:0:70:soft-hitclap.wav
329,192,46089,1,0,0:0:0:0:
109,192,46089,1,0,0:0:0:0:
256,192,46267,1,0,0:0:0:0:
36,192,46446,1,0,0:0:0:70:cymbol01.wav
182,192,46446,1,0,0:0:0:70:bassdrum.wav
402,192,46446,1,0,0:0:0:0:
329,192,46624,1,0,0:0:0:70:whistle.wav
402,192,46714,1,0,0:0:0:0:
475,192,46803,1,0,0:0:0:35:normal-hitclap.wav
256,192,46803,1,0,0:0:0:70:bassdrum.wav
329,192,47160,1,0,0:0:0:70:bassdrum.wav
182,192,47339,1,0,0:0:0:70:whistle.wav
329,192,47517,1,0,0:0:0:35:normal-hitclap.wav
475,192,47517,1,0,0:0:0:70:bassdrum.wav
109,192,47696,1,0,0:0:0:70:whistle.wav
256,192,47696,1,0,0:0:0:0:
329,192,48053,1,0,0:0:0:70:whistle.wav
256,192,48142,1,0,0:0:0:0:
182,192,48231,1,0,0:0:0:35:normal-hitclap.wav
36,192,48231,1,0,0:0:0:70:bassdrum.wav
329,192,48410,1,0,0:0:0:70:whistle.wav
475,192,48410,1,0,0:0:0:0:
36,192,48589,1,0,0:0:0:70:bassdrum.wav
256,192,48589,1,0,0:0:0:0:
402,192,48589,1,0,0:0:0:0:
329,192,48767,1,0,0:0:0:35:normal-hitclap.wav
182,192,48767,1,0,0:0:0:0:
329,192,48946,1,0,0:0:0:35:normal-hitclap.wav
182,192,48946,1,0,0:0:0:70:bassdrum.wav
182,192,49303,128,0,50017:0:0:0:70:bassdrum.wav
36,192,49303,1,0,0:0:0:0:
402,192,49303,1,0,0:0:0:0:
329,192,49481,1,0,0:0:0:70:whistle.wav
402,192,49571,1,0,0:0:0:0:
475,192,49660,1,0,0:0:0:35:normal-hitclap.wav
256,192,49839,1,0,0:0:0:70:whistle.wav
109,192,50017,128,0,50553:0:0:0:70:bassdrum.wav
36,192,50017,1,0,0:0:0:0:
329,192,50017,1,0,0:0:0:0:
402,192,50196,1,0,0:0:0:70:whistle.wav
329,192,50285,1,0,0:0:0:0:
256,192,50374,1,0,0:0:0:35:normal-hitclap.wav
475,192,50553,128,0,50910:0:0:0:70:whistle.wav
36,192,50553,1,0,0:0:0:0:
329,192,50553,1,0,0:0:0:0:
182,192,50731,1,0,0:0:0:70:bassdrum.wav
109,192,50910,1,0,0:0:0:70:whistle.wav
402,192,51089,1,0,0:0:0:35:normal-hitclap.wav
256,192,51089,1,0,0:0:0:70:bassdrum.wav
109,192,51267,1,0,0:0:0:70:whistle.wav
329,192,51446,1,0,0:0:0:70:bassdrum.wav
475,192,51446,1,0,0:0:0:0:
36,192,51446,1,0,0:0:0:0:
256,192,51624,1,0,0:0:0:35:normal-hitclap.wav
402,192,51624,1,0,0:0:0:0:
256,192,51803,1,0,0:0:0:35:normal-hitclap.wav
402,192,51803,1,0,0:0:0:70:bassdrum.wav
109,192,51981,1,0,0:0:0:70:whistle.wav
36,192,52160,1,0,0:0:0:70:cymbol01.wav
182,192,52160,1,0,0:0:0:70:bassdrum.wav
475,192,52160,1,0,0:0:0:0:
329,192,52339,1,0,0:0:0:70:whistle.wav
402,192,52428,1,0,0:0:0:0:
475,192,52517,1,0,0:0:0:35:normal-hitclap.wav
109,192,52517,1,0,0:0:0:70:bassdrum.wav
256,192,52696,1,0,0:0:0:70:whistle.wav
36,192,52874,1,0,0:0:0:70:bassdrum.wav
182,192,52874,1,0,0:0:0:0:
402,192,52874,1,0,0:0:0:0:
256,192,53053,1,0,0:0:0:70:whistle.wav
182,192,53142,1,0,0:0:0:0:
109,192,53231,1,0,0:0:0:35:normal-hitclap.wav
475,192,53231,1,0,0:0:0:70:bassdrum.wav
402,192,53410,1,0,0:0:0:70:whistle.wav
256,192,53410,1,0,0:0:0:0:
36,192,53589,1,0,0:0:0:70:bassdrum.wav
182,192,53767,1,0,0:0:0:70:whistle.wav
256,192,53856,1,0,0:0:0:0:
329,192,53946,1,0,0:0:0:30:normal-hitclap.wav
109,192,54124,1,0,0:0:0:0:
182,192,54303,128,0,54660:0:0:0:30:normal-hitclap.wav
256,192,54303,128,0,54660:0:0:0:70:bassdrum.wav
329,192,54303,128,0,54660:0:0:0:0:
36,192,54303,1,0,0:0:0:0:
475,192,54303,1,0,0:0:0:0:
109,192,54660,1,0,0:0:0:30:normal-hitclap.wav
402,192,54660,1,0,0:0:0:70:bassdrum.wav
36,192,55017,1,0,0:0:0:70:cymbol01.wav
182,192,55017,1,0,0:0:0:70:bassdrum.wav
329,192,55196,1,0,0:0:0:0:
475,192,55196,1,0,0:0:0:0:
109,192,55374,1,0,0:0:0:30:normal-hitclap.wav
402,192,55553,1,0,0:0:0:0:
36,192,55731,1,0,0:0:0:30:normal-hitclap.wav
182,192,55731,1,0,0:0:0:70:bassdrum.wav
329,192,55910,1,0,0:0:0:0:
475,192,55910,1,0,0:0:0:0:
109,192,56089,1,0,0:0:0:30:normal-hitclap.wav
402,192,56267,1,0,0:0:0:70:bassdrum.wav
402,192,56446,1,0,0:0:0:70:bassdrum.wav
475,192,56446,1,0,0:0:0:0:
109,192,56446,1,0,0:0:0:0:
36,192,56446,1,0,0:0:0:0:
182,192,56446,1,0,0:0:0:0:
256,192,57339,1,0,0:0:0:70:do1.wav
402,192,57428,1,0,0:0:0:70:do1.wav
109,192,57428,1,0,0:0:0:0:
256,192,57517,1,0,0:0:0:70:do1.wav
329,192,57696,1,0,0:0:0:70:do1.wav
182,192,57696,1,0,0:0:0:0:
475,192,57874,128,0,59303:0:0:0:70:cymbol01.wav
36,192,57874,1,0,0:0:0:70:bassdrum.wav
109,192,57874,1,0,0:0:0:0:
256,192,59303,128,0,60731:0:0:0:0:
182,192,60731,128,0,63589:0:0:0:0:
36,192,63589,128,0,65017:0:0:0:0:
329,192,65017,128,0,66446:0:0:0:0:
402,192,66446,128,0,67874:0:0:0:0:
109,192,67874,128,0,69303:0:0:0:0:
402,192,68589,128,0,69303:0:0:0:0:
475,192,69303,128,0,70731:0:0:0:30:bassdrum.wav
329,192,69303,1,0,0:0:0:0:
182,192,69481,1,0,0:0:0:30:bassdrum.wav
329,192,69660,1,0,0:0:0:30:bassdrum.wav
182,192,69839,1,0,0:0:0:30:bassdrum.wav
329,192,70017,1,0,0:0:0:30:bassdrum.wav
182,192,70196,1,0,0:0:0:30:bassdrum.wav
329,192,70374,1,0,0:0:0:30:bassdrum.wav
182,192,70553,1,0,0:0:0:30:bassdrum.wav
182,192,70731,128,0,72160:0:0:0:30:bassdrum.wav
402,192,70731,1,0,0:0:0:0:
109,192,70910,1,0,0:0:0:30:bassdrum.wav
402,192,71089,1,0,0:0:0:30:bassdrum.wav
109,192,71267,1,0,0:0:0:30:bassdrum.wav
402,192,71446,1,0,0:0:0:30:bassdrum.wav
109,192,71624,1,0,0:0:0:30:bassdrum.wav
402,192,71803,1,0,0:0:0:30:bassdrum.wav
109,192,71981,1,0,0:0:0:30:bassdrum.wav
109,192,72160,128,0,75017:0:0:0:30:bassdrum.wav
329,192,72160,1,0,0:0:0:0:
475,192,72339,1,0,0:0:0:30:bassdrum.wav
329,192,72517,1,0,0:0:0:30:bassdrum.wav
475,192,72696,1,0,0:0:0:30:bassdrum.wav
329,192,72874,1,0,0:0:0:30:bassdrum.wav
475,192,73053,1,0,0:0:0:30:bassdrum.wav
329,192,73231,1,0,0:0:0:30:bassdrum.wav
475,192,73410,1,0,0:0:0:30:bassdrum.wav
36,192,73589,1,0,0:0:0:30:bassdrum.wav
182,192,73767,1,0,0:0:0:30:bassdrum.wav
402,192,73946,1,0,0:0:0:30:bassdrum.wav
256,192,74124,1,0,0:0:0:30:bassdrum.wav
36,192,74303,1,0,0:0:0:30:bassdrum.wav
182,192,74481,1,0,0:0:0:30:bassdrum.wav
475,192,74660,1,0,0:0:0:30:bassdrum.wav
329,192,74839,1,0,0:0:0:30:bassdrum.wav
36,192,75017,1,0,0:0:0:70:whistle01.wav
182,192,75106,1,0,0:0:0:0:
329,192,75196,1,0,0:0:0:30:bassdrum.wav
475,192,75285,1,0,0:0:0:0:
109,192,75374,1,0,0:0:0:30:bassdrum.wav
256,192,75464,1,0,0:0:0:0:
402,192,75553,1,0,0:0:0:30:bassdrum.wav
182,192,75642,1,0,0:0:0:0:
36,192,75731,1,0,0:0:0:30:bassdrum.wav
475,192,75821,1,0,0:0:0:0:
329,192,75910,1,0,0:0:0:30:bassdrum.wav
109,192,75999,1,0,0:0:0:0:
256,192,76089,1,0,0:0:0:30:bassdrum.wav
402,192,76178,1,0,0:0:0:0:
36,192,76267,1,0,0:0:0:30:bassdrum.wav
182,192,76356,1,0,0:0:0:0:
475,192,76446,1,0,0:0:0:30:bassdrum.wav
329,192,76535,1,0,0:0:0:0:
182,192,76624,1,0,0:0:0:30:bassdrum.wav
36,192,76714,1,0,0:0:0:0:
402,192,76803,1,0,0:0:0:30:bassdrum.wav
256,192,76892,1,0,0:0:0:0:
109,192,76981,1,0,0:0:0:30:bassdrum.wav
329,192,77071,1,0,0:0:0:0:
36,192,77160,1,0,0:0:0:30:bassdrum.wav
182,192,77160,1,0,0:0:0:0:
329,192,77249,1,0,0:0:0:0:
475,192,77249,1,0,0:0:0:0:
109,192,77339,1,0,0:0:0:30:bassdrum.wav
402,192,77428,1,0,0:0:0:0:
36,192,77517,1,0,0:0:0:30:bassdrum.wav
182,192,77517,1,0,0:0:0:0:
329,192,77606,1,0,0:0:0:0:
475,192,77606,1,0,0:0:0:0:
36,192,77696,1,0,0:0:0:30:bassdrum.wav
182,192,77696,1,0,0:0:0:0:
329,192,77785,1,0,0:0:0:0:
475,192,77785,1,0,0:0:0:0:
36,192,77874,1,0,0:0:0:30:cymbol01.wav
109,192,77964,1,0,0:0:0:0:
182,192,78053,1,0,0:0:0:30:bassdrum.wav
256,192,78142,1,0,0:0:0:0:
475,192,78231,1,0,0:0:0:30:bassdrum.wav
402,192,78321,1,0,0:0:0:0:
329,192,78410,1,0,0:0:0:30:bassdrum.wav
256,192,78499,1,0,0:0:0:0:
109,192,78589,1,0,0:0:0:30:cymbol01.wav
182,192,78678,1,0,0:0:0:0:
256,192,78767,1,0,0:0:0:30:bassdrum.wav
329,192,78856,1,0,0:0:0:0:
475,192,78946,1,0,0:0:0:30:bassdrum.wav
402,192,79035,1,0,0:0:0:0:
329,192,79124,1,0,0:0:0:30:bassdrum.wav
256,192,79214,1,0,0:0:0:0:
36,192,79303,1,0,0:0:0:30:normal-hitclap.wav
182,192,79303,1,0,0:0:0:70:do1.wav
402,192,79303,1,0,0:0:0:0:
475,192,79303,1,0,0:0:0:0:
475,192,79481,1,0,0:0:0:30:normal-hitclap.wav
402,192,79481,1,0,0:0:0:0:
36,192,79481,1,0,0:0:0:0:
182,192,79481,1,0,0:0:0:0:
109,192,79839,1,0,0:0:0:30:normal-hitclap.wav
256,192,79839,1,0,0:0:0:0:
402,192,79839,1,0,0:0:0:0:
475,192,79839,1,0,0:0:0:0:
36,192,80196,1,0,0:0:0:30:normal-hitclap.wav
256,192,80196,1,0,0:0:0:0:
329,192,80196,1,0,0:0:0:0:
475,192,80196,1,0,0:0:0:0:
36,192,80374,1,0,0:0:0:30:normal-hitclap.wav
182,192,80374,1,0,0:0:0:0:
256,192,80374,1,0,0:0:0:0:
475,192,80374,1,0,0:0:0:0:
256,192,80731,1,0,0:0:0:70:cymbol01.wav
475,192,80731,1,0,0:0:0:70:bassdrum.wav
109,192,80731,1,0,0:0:0:0:
109,192,81089,1,0,0:0:0:70:soft-hitclap.wav
256,192,81089,1,0,0:0:0:70:bassdrum.wav
475,192,81089,1,0,0:0:0:0:
36,192,81267,1,0,0:0:0:70:whistle.wav
182,192,81267,1,0,0:0:0:0:
402,192,81267,1,0,0:0:0:0:
36,192,81624,1,0,0:0:0:70:whistle.wav
182,192,81624,1,0,0:0:0:0:
36,192,81803,1,0,0:0:0:70:soft-hitclap.wav
182,192,81803,1,0,0:0:0:70:bassdrum.wav
256,192,81981,1,0,0:0:0:70:whistle.wav
475,192,81981,1,0,0:0:0:0:
109,192,82160,128,0,82339:0:0:0:70:bassdrum.wav
182,192,82160,1,0,0:0:0:0:
402,192,82339,128,0,82517:0:0:0:70:whistle.wav
329,192,82339,1,0,0:0:0:0:
109,192,82517,128,0,82696:0:0:0:70:soft-hitclap.wav
182,192,82517,1,0,0:0:0:70:bassdrum.wav
402,192,82696,128,0,82874:0:0:0:70:whistle.wav
329,192,82696,1,0,0:0:0:0:
475,192,82874,128,0,83231:0:0:0:70:bassdrum.wav
182,192,82874,128,0,83231:0:0:0:0:
36,192,83231,1,0,0:0:0:70:soft-hitclap.wav
256,192,83231,1,0,0:0:0:70:bassdrum.wav
329,192,83410,1,0,0:0:0:70:whistle.wav
475,192,83410,1,0,0:0:0:0:
36,192,83589,1,0,0:0:0:70:bassdrum.wav
182,192,83589,1,0,0:0:0:0:
402,192,83589,1,0,0:0:0:0:
36,192,83946,1,0,0:0:0:70:soft-hitclap.wav
182,192,83946,1,0,0:0:0:70:bassdrum.wav
402,192,83946,1,0,0:0:0:0:
109,192,84124,1,0,0:0:0:70:whistle.wav
256,192,84124,1,0,0:0:0:0:
475,192,84124,1,0,0:0:0:0:
36,192,84481,1,0,0:0:0:70:whistle.wav
182,192,84481,1,0,0:0:0:0:
36,192,84660,1,0,0:0:0:70:soft-hitclap.wav
182,192,84660,1,0,0:0:0:70:bassdrum.wav
256,192,84839,1,0,0:0:0:70:whistle.wav
402,192,84839,1,0,0:0:0:0:
109,192,85017,1,0,0:0:0:70:bassdrum.wav
329,192,85017,1,0,0:0:0:0:
475,192,85017,1,0,0:0:0:0:
36,192,85196,1,0,0:0:0:70:whistle.wav
182,192,85196,1,0,0:0:0:0:
256,192,85374,1,0,0:0:0:70:soft-hitclap.wav
402,192,85374,1,0,0:0:0:70:bassdrum.wav
109,192,85374,1,0,0:0:0:0:
329,192,85553,1,0,0:0:0:70:whistle.wav
475,192,85553,1,0,0:0:0:0:
36,192,85731,1,0,0:0:0:70:bassdrum.wav
182,192,85731,1,0,0:0:0:0:
256,192,85731,1,0,0:0:0:0:
402,192,85910,1,0,0:0:0:70:whistle.wav
109,192,85910,1,0,0:0:0:70:do1.wav
329,192,85999,1,0,0:0:0:0:
182,192,85999,1,0,0:0:0:0:
402,192,86089,1,0,0:0:0:70:soft-hitclap.wav
109,192,86089,1,0,0:0:0:70:bassdrum.wav
402,192,86267,1,0,0:0:0:70:whistle.wav
256,192,86446,1,0,0:0:0:70:bassdrum.wav
109,192,86446,1,0,0:0:0:70:cymbol01.wav
475,192,86446,1,0,0:0:0:0:
475,192,86804,1,0,0:0:0:70:soft-hitclap.wav
109,192,86804,1,0,0:0:0:70:bassdrum.wav
256,192,86804,1,0,0:0:0:0:
36,192,86982,1,0,0:0:0:70:whistle.wav
182,192,86982,1,0,0:0:0:0:
402,192,86982,1,0,0:0:0:0:
36,192,87339,1,0,0:0:0:70:whistle.wav
182,192,87339,1,0,0:0:0:0:
182,192,87518,1,0,0:0:0:70:soft-hitclap.wav
36,192,87518,1,0,0:0:0:70:bassdrum.wav
256,192,87696,1,0,0:0:0:70:whistle.wav
475,192,87696,1,0,0:0:0:0:
109,192,87875,128,0,88054:0:0:0:70:bassdrum.wav
182,192,87875,1,0,0:0:0:0:
402,192,88054,128,0,88232:0:0:0:70:whistle.wav
329,192,88054,1,0,0:0:0:0:
109,192,88232,128,0,88411:0:0:0:70:soft-hitclap.wav
182,192,88232,1,0,0:0:0:70:bassdrum.wav
329,192,88411,1,0,0:0:0:70:whistle.wav
402,192,88411,128,0,88589:0:0:0:0:
475,192,88589,128,0,88946:0:0:0:70:bassdrum.wav
182,192,88589,128,0,88946:0:0:0:0:
256,192,88946,1,0,0:0:0:70:soft-hitclap.wav
36,192,88946,1,0,0:0:0:70:bassdrum.wav
329,192,89125,1,0,0:0:0:70:whistle.wav
475,192,89125,1,0,0:0:0:0:
36,192,89304,1,0,0:0:0:70:bassdrum.wav
402,192,89304,1,0,0:0:0:70:cymbol.wav
182,192,89304,1,0,0:0:0:0:
182,192,89661,1,0,0:0:0:70:soft-hitclap.wav
402,192,89661,1,0,0:0:0:70:bassdrum.wav
36,192,89661,1,0,0:0:0:0:
475,192,89839,1,0,0:0:0:70:whistle.wav
256,192,89839,1,0,0:0:0:0:
109,192,89839,1,0,0:0:0:0:
36,192,90196,1,0,0:0:0:70:whistle.wav
182,192,90196,1,0,0:0:0:0:
182,192,90375,1,0,0:0:0:70:soft-hitclap.wav
36,192,90375,1,0,0:0:0:70:bassdrum.wav
402,192,90554,1,0,0:0:0:0:
256,192,90554,1,0,0:0:0:0:
329,192,90732,1,0,0:0:0:30:normal-hitclap.wav
475,192,90732,1,0,0:0:0:70:bassdrum.wav
109,192,90732,1,0,0:0:0:0:
182,192,90911,1,0,0:0:0:30:normal-hitclap.wav
36,192,90911,1,0,0:0:0:70:bassdrum.wav
402,192,91089,1,0,0:0:0:30:normal-hitclap.wav
256,192,91089,1,0,0:0:0:70:bassdrum.wav
109,192,91089,1,0,0:0:0:0:
182,192,91267,1,0,0:0:0:30:normal-hitclap.wav
329,192,91268,1,0,0:0:0:70:bassdrum.wav
475,192,91268,1,0,0:0:0:0:
256,192,91446,1,0,0:0:0:30:normal-hitclap.wav
36,192,91446,1,0,0:0:0:70:bassdrum.wav
402,192,91446,1,0,0:0:0:0:
109,192,91446,1,0,0:0:0:0:
182,192,91803,128,0,92160:0:0:0:70:soft-hitclap.wav
36,192,92160,1,0,0:0:0:70:cymbol01.wav
256,192,92160,1,0,0:0:0:70:cymbol.wav
402,192,92160,1,0,0:0:0:0:
329,192,92339,1,0,0:0:0:0:
402,192,92428,1,0,0:0:0:0:
475,192,92517,1,0,0:0:0:0:
109,192,92517,1,0,0:0:0:0:
329,192,92696,1,0,0:0:0:0:
36,192,92874,1,0,0:0:0:70:soft-hitnormal.wav
256,192,92874,1,0,0:0:0:70:cymbol.wav
402,192,92874,1,0,0:0:0:0:
329,192,93053,1,0,0:0:0:70:soft-hitnormal.wav
402,192,93142,1,0,0:0:0:0:
475,192,93231,1,0,0:0:0:70:soft-hitnormal.wav
109,192,93231,1,0,0:0:0:0:
329,192,93410,1,0,0:0:0:0:
36,192,93589,1,0,0:0:0:30:normal-hitclap.wav
182,192,93589,1,0,0:0:0:70:cymbol.wav
402,192,93589,1,0,0:0:0:0:
36,192,93767,1,0,0:0:0:30:normal-hitclap.wav
182,192,93767,1,0,0:0:0:70:cymbol.wav
109,192,94124,1,0,0:0:0:70:cymbol.wav
256,192,94124,1,0,0:0:0:0:
329,192,94303,1,0,0:0:0:70:soft-hitnormal.wav
475,192,94303,1,0,0:0:0:70:cymbol.wav
182,192,94481,1,0,0:0:0:70:soft-hitnormal.wav
109,192,94571,1,0,0:0:0:0:
36,192,94660,1,0,0:0:0:70:soft-hitnormal.wav
402,192,94660,1,0,0:0:0:0:
182,192,94839,1,0,0:0:0:0:
475,192,95017,128,0,95374:0:0:0:30:normal-hitclap.wav
109,192,95017,1,0,0:0:0:70:cymbol.wav
256,192,95196,1,0,0:0:0:0:
329,192,95374,128,0,95731:0:0:0:30:normal-hitclap.wav
109,192,95553,1,0,0:0:0:0:
36,192,95731,128,0,96089:0:0:0:30:normal-hitclap.wav
256,192,95731,1,0,0:0:0:70:cymbol.wav
402,192,95910,1,0,0:0:0:30:normal-hitclap.wav
182,192,96089,128,0,96446:0:0:0:0:
256,192,96089,1,0,0:0:0:0:
402,192,96267,1,0,0:0:0:30:normal-hitclap.wav
109,192,96446,1,0,0:0:0:30:normal-hitclap.wav
475,192,96446,1,0,0:0:0:70:cymbol.wav
329,192,96624,1,0,0:0:0:30:normal-hitclap.wav
36,192,96803,1,0,0:0:0:70:cymbol.wav
256,192,96981,1,0,0:0:0:70:cymbol.wav
182,192,97160,1,0,0:0:0:70:soft-hitnormal.wav
402,192,97160,1,0,0:0:0:70:cymbol.wav
475,192,97160,1,0,0:0:0:0:
109,192,97339,1,0,0:0:0:70:soft-hitnormal.wav
182,192,97428,1,0,0:0:0:70:soft-hitnormal.wav
109,192,97517,1,0,0:0:0:70:soft-hitnormal.wav
402,192,97517,1,0,0:0:0:0:
182,192,97696,1,0,0:0:0:0:
329,192,97696,1,0,0:0:0:0:
36,192,97874,1,0,0:0:0:70:cymbol.wav
256,192,97874,1,0,0:0:0:0:
475,192,98053,1,0,0:0:0:0:
402,192,98142,1,0,0:0:0:0:
329,192,98231,1,0,0:0:0:70:cymbol.wav
109,192,98231,1,0,0:0:0:0:
475,192,98410,1,0,0:0:0:0:
36,192,98589,1,0,0:0:0:70:soft-hitnormal.wav
256,192,98589,1,0,0:0:0:70:cymbol.wav
475,192,98767,1,0,0:0:0:70:soft-hitnormal.wav
402,192,98856,1,0,0:0:0:0:
329,192,98946,1,0,0:0:0:70:soft-hitnormal.wav
109,192,98946,1,0,0:0:0:0:
475,192,99124,1,0,0:0:0:0:
36,192,99303,1,0,0:0:0:30:normal-hitclap.wav
256,192,99303,1,0,0:0:0:70:cymbol.wav
36,192,99481,1,0,0:0:0:30:normal-hitclap.wav
256,192,99481,1,0,0:0:0:70:cymbol.wav
36,192,99839,1,0,0:0:0:30:normal-hitclap.wav
256,192,99839,1,0,0:0:0:70:cymbol.wav
329,192,100017,1,0,0:0:0:30:normal-hitclap.wav
475,192,100017,1,0,0:0:0:0:
109,192,100017,1,0,0:0:0:0:
182,192,100196,1,0,0:0:0:0:
109,192,100285,1,0,0:0:0:0:
36,192,100374,1,0,0:0:0:0:
402,192,100374,1,0,0:0:0:0:
182,192,100553,1,0,0:0:0:0:
256,192,100731,1,0,0:0:0:30:normal-hitclap.wav
475,192,100731,1,0,0:0:0:70:cymbol.wav
109,192,100731,1,0,0:0:0:0:
256,192,101089,1,0,0:0:0:30:normal-hitclap.wav
475,192,101089,1,0,0:0:0:70:cymbol.wav
36,192,101446,1,0,0:0:0:30:normal-hitclap.wav
182,192,101446,1,0,0:0:0:70:cymbol.wav
36,192,101624,1,0,0:0:0:30:normal-hitclap.wav
182,192,101624,1,0,0:0:0:70:cymbol.wav
402,192,101803,1,0,0:0:0:0:
109,192,101981,1,0,0:0:0:70:cymbol.wav
256,192,102160,1,0,0:0:0:70:cymbol.wav
475,192,102160,1,0,0:0:0:0:
36,192,102160,1,0,0:0:0:0:
475,192,106446,128,0,107874:0:0:0:30:cymbol01.wav
36,192,106446,1,0,0:0:0:70:bassdrum.wav
182,192,106446,1,0,0:0:0:70:cymbol.wav
402,192,106446,1,0,0:0:0:0:
109,192,106624,1,0,0:0:0:70:whistle.wav
182,192,106714,1,0,0:0:0:0:
256,192,106803,1,0,0:0:0:30:normal-hitclap.wav
402,192,106803,1,0,0:0:0:70:bassdrum.wav
329,192,106981,1,0,0:0:0:70:whistle.wav
182,192,106981,1,0,0:0:0:0:
36,192,107160,1,0,0:0:0:70:bassdrum.wav
256,192,107160,1,0,0:0:0:0:
109,192,107339,1,0,0:0:0:70:whistle.wav
256,192,107517,1,0,0:0:0:30:normal-hitclap.wav
402,192,107517,1,0,0:0:0:70:bassdrum.wav
329,192,107696,1,0,0:0:0:70:whistle.wav
182,192,107874,128,0,109303:0:0:0:70:bassdrum.wav
402,192,107874,1,0,0:0:0:0:
256,192,107874,1,0,0:0:0:0:
36,192,107874,1,0,0:0:0:0:
329,192,108053,1,0,0:0:0:70:whistle.wav
402,192,108142,1,0,0:0:0:0:
475,192,108231,1,0,0:0:0:30:normal-hitclap.wav
109,192,108231,1,0,0:0:0:70:bassdrum.wav
36,192,108410,1,0,0:0:0:70:whistle.wav
256,192,108410,1,0,0:0:0:0:
329,192,108589,1,0,0:0:0:70:bassdrum.wav
475,192,108589,1,0,0:0:0:0:
109,192,108767,1,0,0:0:0:70:whistle.wav
256,192,108946,1,0,0:0:0:30:normal-hitclap.wav
402,192,108946,1,0,0:0:0:70:bassdrum.wav
36,192,109124,1,0,0:0:0:70:whistle.wav
109,192,109303,128,0,110017:0:0:0:70:bassdrum.wav
329,192,109303,1,0,0:0:0:0:
475,192,109303,1,0,0:0:0:0:
256,192,109481,1,0,0:0:0:70:whistle.wav
36,192,109660,1,0,0:0:0:30:normal-hitclap.wav
182,192,109660,1,0,0:0:0:70:bassdrum.wav
329,192,109839,1,0,0:0:0:70:whistle.wav
256,192,110017,128,0,110731:0:0:0:70:bassdrum.wav
475,192,110017,1,0,0:0:0:0:
182,192,110017,1,0,0:0:0:0:
402,192,110196,1,0,0:0:0:70:whistle.wav
36,192,110374,1,0,0:0:0:30:normal-hitclap.wav
182,192,110374,1,0,0:0:0:70:bassdrum.wav
329,192,110553,1,0,0:0:0:70:whistle.wav
402,192,110731,128,0,112160:0:0:0:70:bassdrum.wav
109,192,110731,1,0,0:0:0:0:
475,192,110731,1,0,0:0:0:0:
182,192,110910,1,0,0:0:0:70:whistle.wav
109,192,110999,1,0,0:0:0:0:
36,192,111089,1,0,0:0:0:30:normal-hitclap.wav
329,192,111089,1,0,0:0:0:70:bassdrum.wav
182,192,111267,1,0,0:0:0:70:whistle.wav
36,192,111446,1,0,0:0:0:70:bassdrum.wav
329,192,111446,1,0,0:0:0:0:
182,192,111624,1,0,0:0:0:70:do1.wav
256,192,111714,1,0,0:0:0:0:
329,192,111803,1,0,0:0:0:30:normal-hitclap.wav
109,192,111803,1,0,0:0:0:70:bassdrum.wav
36,192,111981,1,0,0:0:0:70:do1.wav
109,192,112071,1,0,0:0:0:0:
475,192,112160,128,0,113589:0:0:0:70:cymbol01.wav
182,192,112160,1,0,0:0:0:70:bassdrum.wav
329,192,112160,1,0,0:0:0:0:
109,192,112339,1,0,0:0:0:70:whistle.wav
256,192,112517,1,0,0:0:0:30:normal-hitclap.wav
402,192,112517,1,0,0:0:0:70:bassdrum.wav
36,192,112696,1,0,0:0:0:70:whistle.wav
182,192,112874,1,0,0:0:0:70:bassdrum.wav
329,192,112874,1,0,0:0:0:0:
402,192,113053,1,0,0:0:0:70:whistle.wav
109,192,113231,1,0,0:0:0:30:normal-hitclap.wav
256,192,113231,1,0,0:0:0:70:bassdrum.wav
402,192,113410,1,0,0:0:0:70:whistle.wav
329,192,113499,1,0,0:0:0:0:
182,192,113589,128,0,115017:0:0:0:70:bassdrum.wav
256,192,113589,1,0,0:0:0:0:
36,192,113589,1,0,0:0:0:0:
402,192,113589,1,0,0:0:0:0:
329,192,113767,1,0,0:0:0:70:whistle.wav
109,192,113946,1,0,0:0:0:30:normal-hitclap.wav
256,192,114124,1,0,0:0:0:70:whistle.wav
402,192,114303,1,0,0:0:0:70:bassdrum.wav
36,192,114303,1,0,0:0:0:0:
329,192,114481,1,0,0:0:0:70:whistle.wav
109,192,114660,1,0,0:0:0:30:normal-hitclap.wav
256,192,114839,1,0,0:0:0:70:whistle.wav
329,192,114928,1,0,0:0:0:0:
109,192,115017,128,0,115731:0:0:0:70:bassdrum.wav
402,192,115017,1,0,0:0:0:0:
475,192,115017,1,0,0:0:0:0:
36,192,115017,1,0,0:0:0:0:
329,192,115196,1,0,0:0:0:70:whistle.wav
182,192,115374,1,0,0:0:0:30:normal-hitclap.wav
329,192,115553,1,0,0:0:0:70:whistle.wav
256,192,115731,128,0,116446:0:0:0:70:bassdrum.wav
36,192,115731,1,0,0:0:0:0:
182,192,115731,1,0,0:0:0:0:
329,192,115910,1,0,0:0:0:70:whistle.wav
475,192,115910,1,0,0:0:0:0:
109,192,116089,1,0,0:0:0:30:normal-hitclap.wav
329,192,116267,1,0,0:0:0:70:whistle.wav
402,192,116446,128,0,117874:0:0:0:70:bassdrum.wav
36,192,116446,1,0,0:0:0:0:
182,192,116446,1,0,0:0:0:0:
329,192,116624,1,0,0:0:0:70:whistle.wav
109,192,116803,1,0,0:0:0:30:normal-hitclap.wav
475,192,116803,1,0,0:0:0:70:bassdrum.wav
256,192,116981,1,0,0:0:0:70:whistle.wav
36,192,117160,1,0,0:0:0:70:bassdrum.wav
475,192,117160,1,0,0:0:0:0:
109,192,117249,1,0,0:0:0:70:do1.wav
182,192,117339,1,0,0:0:0:70:whistle.wav
256,192,117428,1,0,0:0:0:70:do1.wav
329,192,117517,1,0,0:0:0:30:normal-hitclap.wav
475,192,117517,1,0,0:0:0:70:bassdrum.wav
109,192,117517,1,0,0:0:0:0:
109,192,117696,1,0,0:0:0:70:whistle.wav
475,192,117696,1,0,0:0:0:70:do1.wav
256,192,117874,1,0,0:0:0:70:cymbol01.wav
36,192,117874,1,0,0:0:0:70:bassdrum.wav
475,192,117874,1,0,0:0:0:0:
329,192,117964,1,0,0:0:0:0:
402,192,118053,1,0,0:0:0:70:whistle.wav
475,192,118142,1,0,0:0:0:0:
182,192,118231,1,0,0:0:0:30:normal-hitclap.wav
36,192,118231,1,0,0:0:0:70:bassdrum.wav
256,192,118321,1,0,0:0:0:0:
329,192,118410,1,0,0:0:0:70:whistle.wav
402,192,118499,1,0,0:0:0:0:
256,192,118589,1,0,0:0:0:70:bassdrum.wav
36,192,118589,1,0,0:0:0:70:cymbol.wav
182,192,118678,1,0,0:0:0:0:
109,192,118767,1,0,0:0:0:70:whistle.wav
36,192,118856,1,0,0:0:0:0:
329,192,118946,1,0,0:0:0:30:normal-hitclap.wav
475,192,118946,1,0,0:0:0:70:bassdrum.wav
256,192,119035,1,0,0:0:0:0:
182,192,119124,1,0,0:0:0:70:whistle.wav
109,192,119214,1,0,0:0:0:0:
329,192,119303,1,0,0:0:0:70:bassdrum.wav
36,192,119303,1,0,0:0:0:70:cymbol.wav
475,192,119392,1,0,0:0:0:0:
256,192,119481,1,0,0:0:0:70:whistle.wav
402,192,119571,1,0,0:0:0:0:
182,192,119660,1,0,0:0:0:30:normal-hitclap.wav
36,192,119749,1,0,0:0:0:0:
256,192,119839,1,0,0:0:0:70:whistle.wav
109,192,119928,1,0,0:0:0:0:
329,192,120017,1,0,0:0:0:70:bassdrum.wav
475,192,120017,1,0,0:0:0:70:cymbol.wav
402,192,120106,1,0,0:0:0:0:
256,192,120106,1,0,0:0:0:0:
329,192,120196,1,0,0:0:0:70:whistle.wav
182,192,120196,1,0,0:0:0:0:
256,192,120285,1,0,0:0:0:0:
109,192,120285,1,0,0:0:0:0:
36,192,120374,128,0,120731:0:0:0:30:normal-hitclap.wav
182,192,120374,128,0,120731:0:0:0:70:bassdrum.wav
329,192,120553,128,0,120731:0:0:0:70:whistle.wav
475,192,120553,1,0,0:0:0:0:
109,192,120731,1,0,0:0:0:70:bassdrum.wav
402,192,120731,1,0,0:0:0:70:cymbol.wav
36,192,120821,1,0,0:0:0:0:
475,192,120821,1,0,0:0:0:0:
256,192,120910,1,0,0:0:0:70:whistle.wav
182,192,121089,1,0,0:0:0:30:normal-hitclap.wav
329,192,121089,1,0,0:0:0:70:bassdrum.wav
109,192,121178,1,0,0:0:0:0:
402,192,121178,1,0,0:0:0:0:
256,192,121267,1,0,0:0:0:70:whistle.wav
36,192,121446,1,0,0:0:0:70:bassdrum.wav
475,192,121446,1,0,0:0:0:70:cymbol.wav
109,192,121535,1,0,0:0:0:0:
402,192,121535,1,0,0:0:0:0:
182,192,121624,1,0,0:0:0:70:whistle.wav
329,192,121624,1,0,0:0:0:0:
109,192,121714,1,0,0:0:0:0:
402,192,121714,1,0,0:0:0:0:
36,192,121803,1,0,0:0:0:30:normal-hitclap.wav
475,192,121803,1,0,0:0:0:70:bassdrum.wav
256,192,121892,1,0,0:0:0:0:
182,192,121981,1,0,0:0:0:70:whistle.wav
329,192,121981,1,0,0:0:0:0:
109,192,122071,1,0,0:0:0:0:
402,192,122071,1,0,0:0:0:0:
36,192,122160,128,0,122339:0:0:0:70:soft-hitnormal.wav
256,192,122160,1,0,0:0:0:70:bassdrum.wav
475,192,122160,128,0,122339:0:0:0:0:
182,192,122339,128,0,122517:0:0:0:70:whistle.wav
329,192,122339,128,0,122517:0:0:0:0:
109,192,122517,128,0,122696:0:0:0:30:normal-hitclap.wav
402,192,122517,128,0,122696:0:0:0:70:bassdrum.wav
36,192,122696,1,0,0:0:0:70:whistle.wav
475,192,122696,1,0,0:0:0:0:
256,192,122696,128,0,122874:0:0:0:0:
36,192,122874,1,0,0:0:0:70:bassdrum.wav
182,192,122874,1,0,0:0:0:0:
329,192,122874,1,0,0:0:0:0:
475,192,122874,1,0,0:0:0:0:
109,192,123053,1,0,0:0:0:70:whistle.wav
402,192,123053,1,0,0:0:0:0:
182,192,123142,1,0,0:0:0:0:
329,192,123142,1,0,0:0:0:0:
256,192,123231,1,0,0:0:0:30:normal-hitclap.wav
109,192,123410,1,0,0:0:0:70:whistle.wav
402,192,123410,1,0,0:0:0:0:
36,192,123589,1,0,0:0:0:30:cymbol01.wav
182,192,123589,1,0,0:0:0:70:bassdrum.wav
475,192,123589,1,0,0:0:0:70:cymbol.wav
329,192,123767,1,0,0:0:0:70:whistle.wav
402,192,123856,1,0,0:0:0:0:
475,192,123946,1,0,0:0:0:30:normal-hitclap.wav
109,192,123946,1,0,0:0:0:70:bassdrum.wav
256,192,124124,1,0,0:0:0:70:whistle.wav
36,192,124303,1,0,0:0:0:70:bassdrum.wav
329,192,124303,1,0,0:0:0:70:cymbol.wav
475,192,124303,1,0,0:0:0:0:
182,192,124481,1,0,0:0:0:70:whistle.wav
109,192,124571,1,0,0:0:0:0:
36,192,124660,1,0,0:0:0:30:normal-hitclap.wav
402,192,124660,1,0,0:0:0:70:bassdrum.wav
256,192,124839,1,0,0:0:0:70:whistle.wav
36,192,125017,1,0,0:0:0:70:bassdrum.wav
182,192,125017,1,0,0:0:0:0:
475,192,125017,1,0,0:0:0:0:
329,192,125195,1,0,0:0:0:70:whistle.wav
402,192,125284,1,0,0:0:0:0:
475,192,125374,1,0,0:0:0:30:normal-hitclap.wav
109,192,125374,1,0,0:0:0:70:bassdrum.wav
256,192,125552,1,0,0:0:0:70:whistle.wav
329,192,125731,1,0,0:0:0:70:cymbol.wav
36,192,125731,1,0,0:0:0:0:
475,192,125731,1,0,0:0:0:0:
182,192,125909,1,0,0:0:0:0:
109,192,125999,1,0,0:0:0:70:bassdrum.wav
36,192,126088,1,0,0:0:0:30:normal-hitclap.wav
402,192,126088,1,0,0:0:0:70:bassdrum.wav
256,192,126267,1,0,0:0:0:70:whistle.wav
36,192,126446,1,0,0:0:0:70:bassdrum.wav
182,192,126446,1,0,0:0:0:0:
329,192,126624,1,0,0:0:0:30:normal-hitclap.wav
475,192,126624,1,0,0:0:0:70:bassdrum.wav
36,192,126803,1,0,0:0:0:30:normal-hitclap.wav
182,192,126803,1,0,0:0:0:70:bassdrum.wav
329,192,126981,1,0,0:0:0:30:normal-hitclap.wav
475,192,126981,1,0,0:0:0:70:bassdrum.wav
36,192,127160,1,0,0:0:0:30:normal-hitclap.wav
182,192,127160,1,0,0:0:0:70:bassdrum.wav
256,192,127249,1,0,0:0:0:0:
329,192,127339,1,0,0:0:0:30:normal-hitclap.wav
475,192,127339,1,0,0:0:0:70:bassdrum.wav
36,192,127517,1,0,0:0:0:30:normal-hitclap.wav
182,192,127517,1,0,0:0:0:70:bassdrum.wav
256,192,127606,1,0,0:0:0:70:bassdrum.wav
329,192,127696,1,0,0:0:0:30:normal-hitclap.wav
475,192,127696,1,0,0:0:0:70:bassdrum.wav
36,192,127874,1,0,0:0:0:30:normal-hitclap.wav
182,192,127874,1,0,0:0:0:70:bassdrum.wav
329,192,128053,1,0,0:0:0:30:normal-hitclap.wav
475,192,128053,1,0,0:0:0:70:bassdrum.wav
36,192,128231,1,0,0:0:0:30:normal-hitclap.wav
182,192,128231,1,0,0:0:0:70:bassdrum.wav
329,192,128410,1,0,0:0:0:30:normal-hitclap.wav
475,192,128410,1,0,0:0:0:70:bassdrum.wav
36,192,128589,1,0,0:0:0:30:normal-hitclap.wav
475,192,128589,1,0,0:0:0:70:bassdrum.wav
109,192,128678,1,0,0:0:0:70:bassdrum.wav
402,192,128678,1,0,0:0:0:0:
182,192,128767,1,0,0:0:0:30:normal-hitclap.wav
329,192,128767,1,0,0:0:0:70:bassdrum.wav
256,192,128856,1,0,0:0:0:0:
182,192,128946,1,0,0:0:0:70:bassdrum.wav
329,192,128946,1,0,0:0:0:70:do1.wav
109,192,129035,1,0,0:0:0:70:bassdrum.wav
402,192,129035,1,0,0:0:0:0:
256,192,129124,1,0,0:0:0:70:bassdrum.wav
36,192,129124,1,0,0:0:0:70:do1.wav
475,192,129124,1,0,0:0:0:0:
475,192,129303,1,0,0:0:0:30:cymbol01.wav
36,192,129303,1,0,0:0:0:70:bassdrum.wav
182,192,129303,128,0,133589:0:0:0:70:cymbol.wav
256,192,132874,1,0,0:0:0:0:
256,192,132993,1,0,0:0:0:0:
