[Metadata]
恋詠桜
Loos
SUWAKO
オモイヨシノ koi yomi zakura
36
0


[TimingPoints]
732,357.142857142857,4,2,2,100,1,0
11446,178.571428571429,4,2,2,100,1,0
11535,357.142857142857,4,2,2,100,1,0
11624,714.285714285714,4,2,2,100,1,0
11803,357.142857142857,4,2,2,100,1,0
17874,714.285714285714,4,2,2,100,1,0
18142,357.142857142857,4,2,2,100,1,0
18276,178.571428571429,4,2,2,100,1,0
18410,357.142857142857,4,2,2,100,1,0
19303,714.285714285714,4,2,2,100,1,0
19392,357.142857142857,4,2,2,100,1,0
19437,178.571428571429,4,2,2,100,1,0
19482,714.285714285714,4,2,2,100,1,0
19660,357.142857142857,4,2,2,100,1,0
19749,178.571428571429,4,2,2,100,1,0
19839,357.142857142857,4,2,2,100,1,0
32160,714.285714285714,4,2,2,100,1,0
32339,357.142857142857,4,2,2,100,1,0
32428,178.571428571429,4,2,2,100,1,0
32517,357.142857142857,4,2,2,100,1,0
32874,714.285714285714,4,2,2,100,1,0
33053,357.142857142857,4,2,2,100,1,0
33142,178.571428571429,4,2,2,100,1,0
33232,357.142857142857,4,2,2,100,1,0
33410,714.285714285714,4,2,2,100,1,0
33589,357.142857142857,4,2,2,100,1,0
33678,178.571428571429,4,2,2,100,1,0
33767,714.285714285714,4,2,2,100,1,0
33946,357.142857142857,4,2,2,100,1,0
34035,178.571428571429,4,2,2,100,1,0
34124,714.285714285714,4,2,2,100,1,0
34303,357.142857142857,4,2,2,100,1,0
34392,178.571428571429,4,2,2,100,1,0
34482,357.142857142857,4,2,2,100,1,0
79482,714.285714285714,4,2,2,100,1,0
79660,357.142857142857,4,2,2,100,1,0
79749,178.571428571429,4,2,2,100,1,0
79839,714.285714285714,4,2,2,100,1,0
80017,357.142857142857,4,2,2,100,1,0
80107,178.571428571429,4,2,2,100,1,0
80196,357.142857142857,4,2,2,100,1,0


[HitObjects]
36,192,732,1,0,0:0:0:0:
96,192,910,1,0,0:0:0:0:
182,192,1089,1,0,0:0:0:0:
96,192,1267,1,0,0:0:0:0:
182,192,1446,1,0,0:0:0:0:
109,192,1624,1,0,0:0:0:0:
160,192,1803,1,0,0:0:0:0:
288,192,1981,1,0,0:0:0:0:
352,192,2160,1,0,0:0:0:0:
288,192,2339,1,0,0:0:0:0:
352,192,2517,1,0,0:0:0:0:
416,192,2696,1,0,0:0:0:0:
480,192,2874,1,0,0:0:0:0:
288,192,3053,1,0,0:0:0:0:
416,192,3231,1,0,0:0:0:0:
352,192,3410,1,0,0:0:0:0:
402,192,3589,1,0,0:0:0:0:
352,192,3946,1,0,0:0:0:0:
256,192,4303,1,0,0:0:0:0:
416,192,4660,1,0,0:0:0:0:
256,192,5017,1,0,0:0:0:0:
160,0,5731,128,0,6446:0:0:0:0:
288,192,6446,1,0,0:0:0:70:bassdrum.wav
32,192,6446,1,0,0:0:0:70:cymbol01.wav
480,192,6624,1,0,0:0:0:0:
352,192,6624,1,0,0:0:0:0:
416,192,6714,1,0,0:0:0:0:
480,192,6803,1,0,0:0:0:0:
288,192,6803,1,0,0:0:0:0:
416,192,6981,1,0,0:0:0:70:whistle.wav
160,192,6981,1,0,0:0:0:0:
352,192,7160,1,0,0:0:0:70:bassdrum.wav
96,192,7160,1,0,0:0:0:0:
32,192,7160,1,0,0:0:0:0:
329,192,7339,1,0,0:0:0:70:whistle.wav
480,192,7339,1,0,0:0:0:0:
160,192,7339,1,0,0:0:0:0:
416,192,7428,1,0,0:0:0:0:
480,192,7517,1,0,0:0:0:0:
96,192,7517,1,0,0:0:0:0:
352,192,7696,1,0,0:0:0:70:whistle.wav
160,192,7696,1,0,0:0:0:0:
416,192,7874,1,0,0:0:0:70:bassdrum.wav
32,192,7874,1,0,0:0:0:0:
480,192,8053,1,0,0:0:0:70:whistle.wav
352,192,8053,1,0,0:0:0:0:
416,192,8142,1,0,0:0:0:0:
480,192,8231,1,0,0:0:0:70:bassdrum.wav
288,192,8231,1,0,0:0:0:0:
32,192,8231,1,0,0:0:0:0:
352,192,8410,1,0,0:0:0:70:whistle.wav
160,192,8410,1,0,0:0:0:0:
416,192,8589,1,0,0:0:0:70:bassdrum.wav
96,192,8589,1,0,0:0:0:0:
32,192,8589,1,0,0:0:0:0:
480,192,8767,1,0,0:0:0:70:whistle.wav
160,192,8767,1,0,0:0:0:0:
329,192,8856,1,0,0:0:0:0:
480,192,8946,1,0,0:0:0:0:
96,192,8946,1,0,0:0:0:0:
352,192,9124,1,0,0:0:0:70:whistle.wav
160,192,9124,1,0,0:0:0:0:
416,192,9303,1,0,0:0:0:70:bassdrum.wav
32,192,9303,1,0,0:0:0:0:
480,192,9481,1,0,0:0:0:70:whistle.wav
352,192,9481,1,0,0:0:0:0:
416,192,9571,1,0,0:0:0:0:
480,192,9660,1,0,0:0:0:70:bassdrum.wav
288,192,9660,1,0,0:0:0:0:
32,192,9660,1,0,0:0:0:0:
352,192,9839,1,0,0:0:0:70:whistle.wav
160,192,9839,1,0,0:0:0:0:
416,192,10017,1,0,0:0:0:70:bassdrum.wav
109,192,10017,1,0,0:0:0:0:
32,192,10017,1,0,0:0:0:0:
480,192,10196,1,0,0:0:0:70:bassdrum.wav
160,192,10196,1,0,0:0:0:70:whistle.wav
32,192,10196,1,0,0:0:0:0:
416,192,10285,1,0,0:0:0:0:
480,192,10374,1,0,0:0:0:0:
96,192,10374,1,0,0:0:0:0:
352,192,10553,1,0,0:0:0:70:bassdrum.wav
160,192,10553,1,0,0:0:0:70:whistle.wav
32,192,10553,1,0,0:0:0:0:
480,192,10731,1,0,0:0:0:70:bassdrum.wav
96,192,10731,1,0,0:0:0:0:
32,192,10731,1,0,0:0:0:0:
416,192,10910,1,0,0:0:0:70:bassdrum.wav
32,192,10910,1,0,0:0:0:0:
480,192,10999,1,0,0:0:0:0:
352,192,11089,1,0,0:0:0:0:
288,192,11089,1,0,0:0:0:0:
160,192,11178,1,0,0:0:0:0:
480,192,11267,1,0,0:0:0:70:bassdrum.wav
32,192,11267,1,0,0:0:0:0:
416,192,11446,1,0,0:0:0:70:soft-hitclap.wav
160,192,11446,1,0,0:0:0:0:
32,192,11446,1,0,0:0:0:0:
480,192,12160,1,0,0:0:0:70:cymbol01.wav
32,0,12160,128,0,13589:0:0:0:70:bassdrum.wav
416,192,12160,1,0,0:0:0:0:
96,192,12160,1,0,0:0:0:0:
288,192,12160,1,0,0:0:0:0:
352,192,12339,1,0,0:0:0:70:whistle.wav
160,192,12339,1,0,0:0:0:0:
96,192,12428,1,0,0:0:0:0:
416,192,12517,1,0,0:0:0:70:bassdrum.wav
480,192,12517,1,0,0:0:0:0:
288,192,12517,1,0,0:0:0:0:
352,192,12517,1,0,0:0:0:0:
288,192,12696,1,0,0:0:0:70:whistle.wav
160,192,12696,1,0,0:0:0:0:
480,192,12874,1,0,0:0:0:70:bassdrum.wav
416,192,12874,1,0,0:0:0:0:
96,192,12874,1,0,0:0:0:0:
352,192,13053,1,0,0:0:0:70:whistle.wav
288,192,13053,1,0,0:0:0:0:
96,192,13142,1,0,0:0:0:0:
416,192,13231,1,0,0:0:0:70:bassdrum.wav
480,192,13231,1,0,0:0:0:0:
160,192,13231,1,0,0:0:0:0:
288,192,13231,1,0,0:0:0:0:
352,192,13410,1,0,0:0:0:70:whistle.wav
96,192,13410,1,0,0:0:0:0:
480,192,13589,1,0,0:0:0:70:bassdrum.wav
288,0,13589,128,0,15017:0:0:0:0:
160,192,13589,1,0,0:0:0:0:
416,192,13589,1,0,0:0:0:0:
352,192,13767,1,0,0:0:0:70:whistle.wav
96,192,13767,1,0,0:0:0:0:
160,192,13856,1,0,0:0:0:0:
416,192,13946,1,0,0:0:0:70:bassdrum.wav
480,192,13946,1,0,0:0:0:0:
32,192,13946,1,0,0:0:0:0:
352,192,13946,1,0,0:0:0:0:
416,192,14124,1,0,0:0:0:70:whistle.wav
96,192,14124,1,0,0:0:0:0:
480,192,14303,1,0,0:0:0:70:bassdrum.wav
352,192,14303,1,0,0:0:0:0:
160,192,14303,1,0,0:0:0:0:
352,192,14481,1,0,0:0:0:70:whistle.wav
96,192,14481,1,0,0:0:0:0:
160,192,14571,1,0,0:0:0:0:
416,192,14660,1,0,0:0:0:70:bassdrum.wav
480,192,14660,1,0,0:0:0:0:
32,192,14660,1,0,0:0:0:0:
96,192,14660,1,0,0:0:0:0:
352,192,14839,1,0,0:0:0:70:whistle.wav
96,192,14839,1,0,0:0:0:0:
480,192,15017,1,0,0:0:0:70:bassdrum.wav
96,0,15017,128,0,16446:0:0:0:0:
32,192,15017,1,0,0:0:0:0:
160,192,15017,1,0,0:0:0:0:
352,192,15196,1,0,0:0:0:70:whistle.wav
288,192,15196,1,0,0:0:0:0:
32,192,15285,1,0,0:0:0:0:
416,192,15374,1,0,0:0:0:70:bassdrum.wav
480,192,15374,1,0,0:0:0:0:
160,192,15374,1,0,0:0:0:0:
352,192,15374,1,0,0:0:0:0:
288,192,15553,1,0,0:0:0:70:whistle.wav
32,192,15553,1,0,0:0:0:0:
480,192,15731,1,0,0:0:0:70:bassdrum.wav
352,192,15731,1,0,0:0:0:0:
160,192,15731,1,0,0:0:0:0:
288,192,15910,1,0,0:0:0:70:whistle.wav
32,192,15910,1,0,0:0:0:0:
352,192,15999,1,0,0:0:0:0:
416,192,16089,1,0,0:0:0:70:bassdrum.wav
480,192,16089,1,0,0:0:0:0:
160,192,16089,1,0,0:0:0:0:
288,192,16089,1,0,0:0:0:0:
352,192,16267,1,0,0:0:0:70:whistle.wav
288,192,16267,1,0,0:0:0:0:
480,192,16446,1,0,0:0:0:70:bassdrum.wav
352,0,16446,128,0,17874:0:0:0:0:
32,192,16446,1,0,0:0:0:0:
160,192,16446,1,0,0:0:0:0:
480,192,16624,1,0,0:0:0:70:bassdrum.wav
288,192,16624,1,0,0:0:0:0:
96,192,16624,1,0,0:0:0:0:
32,192,16714,1,0,0:0:0:0:
416,192,16803,1,0,0:0:0:0:
160,192,16803,1,0,0:0:0:0:
96,192,16803,1,0,0:0:0:0:
480,192,16981,1,0,0:0:0:70:bassdrum.wav
288,192,16981,1,0,0:0:0:0:
32,192,16981,1,0,0:0:0:0:
480,192,17160,1,0,0:0:0:70:bassdrum.wav
160,192,17160,1,0,0:0:0:0:
96,192,17160,1,0,0:0:0:0:
416,192,17249,1,0,0:0:0:0:
182,192,17339,1,0,0:0:0:0:
96,192,17339,1,0,0:0:0:0:
256,192,17428,1,0,0:0:0:70:bassdrum.wav
32,192,17428,1,0,0:0:0:0:
416,192,17517,1,0,0:0:0:70:bassdrum.wav
480,192,17517,1,0,0:0:0:0:
96,192,17517,1,0,0:0:0:0:
160,192,17517,1,0,0:0:0:0:
480,192,17696,1,0,0:0:0:0:
288,192,17696,1,0,0:0:0:0:
32,192,17696,1,0,0:0:0:0:
288,192,17874,1,0,0:0:0:30:cymbol01.wav
416,192,17874,1,0,0:0:0:70:bassdrum.wav
96,192,17874,1,0,0:0:0:0:
160,192,17874,1,0,0:0:0:0:
352,0,18410,128,0,18946:0:0:0:30:cymbol01.wav
480,0,18410,128,0,18946:0:0:0:70:bassdrum.wav
32,192,18410,1,0,0:0:0:0:
160,192,18410,1,0,0:0:0:0:
416,192,18767,1,0,0:0:0:35:normal-hitclap.wav
96,192,18767,1,0,0:0:0:70:whistle01.wav
96,192,18946,1,0,0:0:0:35:normal-hitclap.wav
352,192,19303,1,0,0:0:0:30:cymbol01.wav
480,192,19303,1,0,0:0:0:70:bassdrum.wav
96,192,19303,1,0,0:0:0:0:
160,192,19303,1,0,0:0:0:0:
32,192,19481,1,0,0:0:0:30:cymbol01.wav
288,192,19660,1,0,0:0:0:0:
416,0,19839,128,0,20374:0:0:0:30:cymbol01.wav
480,192,19839,1,0,0:0:0:70:bassdrum.wav
352,0,19839,128,0,20374:0:0:0:0:
96,0,19839,128,0,20374:0:0:0:0:
160,0,19839,128,0,20374:0:0:0:0:
256,192,20196,1,0,0:0:0:35:normal-hitclap.wav
288,192,20374,1,0,0:0:0:35:normal-hitclap.wav
96,192,20553,1,0,0:0:0:0:
352,192,20731,1,0,0:0:0:40:cymbol01.wav
288,192,20731,1,0,0:0:0:70:bassdrum.wav
32,192,20731,1,0,0:0:0:0:
480,192,20910,1,0,0:0:0:0:
288,192,21089,1,0,0:0:0:70:soft-hitclap.wav
416,192,21267,1,0,0:0:0:40:cymbol01.wav
96,192,21267,1,0,0:0:0:70:bassdrum.wav
32,192,21267,1,0,0:0:0:0:
160,192,21446,1,0,0:0:0:0:
352,192,21624,1,0,0:0:0:70:soft-hitclap.wav
480,192,21803,1,0,0:0:0:40:cymbol01.wav
96,192,21803,1,0,0:0:0:70:bassdrum.wav
32,192,21803,1,0,0:0:0:0:
288,192,21981,1,0,0:0:0:70:soft-hitclap.wav
352,192,22160,1,0,0:0:0:40:cymbol01.wav
32,192,22160,1,0,0:0:0:70:bassdrum.wav
96,192,22339,1,0,0:0:0:0:
288,192,22517,1,0,0:0:0:0:
352,192,22696,1,0,0:0:0:0:
288,192,22874,1,0,0:0:0:0:
109,192,23053,1,0,0:0:0:70:bassdrum.wav
109,192,23142,1,0,0:0:0:70:do1.wav
352,192,23231,1,0,0:0:0:70:do1.wav
96,192,23231,1,0,0:0:0:0:
109,192,23410,1,0,0:0:0:70:do1.wav
416,192,23589,1,0,0:0:0:70:cymbol01.wav
480,192,23589,1,0,0:0:0:70:bassdrum.wav
32,192,23589,1,0,0:0:0:0:
160,192,23589,1,0,0:0:0:0:
352,192,23767,1,0,0:0:0:70:whistle.wav
96,192,23946,1,0,0:0:0:70:bassdrum.wav
288,192,24124,1,0,0:0:0:70:whistle.wav
160,192,24303,1,0,0:0:0:70:bassdrum.wav
96,192,24481,1,0,0:0:0:70:whistle.wav
352,192,24660,1,0,0:0:0:70:bassdrum.wav
480,192,24839,1,0,0:0:0:70:whistle.wav
288,192,24839,1,0,0:0:0:0:
329,192,24928,1,0,0:0:0:0:
480,192,25017,1,0,0:0:0:70:bassdrum.wav
160,192,25017,1,0,0:0:0:0:
96,192,25017,1,0,0:0:0:0:
480,192,25196,1,0,0:0:0:70:whistle.wav
352,192,25196,1,0,0:0:0:0:
96,192,25374,1,0,0:0:0:70:bassdrum.wav
288,192,25553,1,0,0:0:0:70:whistle.wav
416,192,25731,1,0,0:0:0:70:bassdrum.wav
288,192,25910,1,0,0:0:0:70:whistle.wav
160,192,26089,1,0,0:0:0:70:bassdrum.wav
96,192,26267,1,0,0:0:0:70:whistle.wav
480,192,26446,1,0,0:0:0:70:bassdrum.wav
416,192,26446,1,0,0:0:0:0:
160,192,26446,1,0,0:0:0:0:
352,192,26624,1,0,0:0:0:70:whistle.wav
96,192,26803,1,0,0:0:0:70:bassdrum.wav
288,192,26981,1,0,0:0:0:70:whistle.wav
160,192,27160,1,0,0:0:0:70:bassdrum.wav
96,192,27339,1,0,0:0:0:70:whistle.wav
352,192,27517,1,0,0:0:0:70:bassdrum.wav
480,192,27696,1,0,0:0:0:70:whistle.wav
288,192,27696,1,0,0:0:0:0:
480,192,27785,1,0,0:0:0:0:
480,192,27874,1,0,0:0:0:70:bassdrum.wav
182,192,27874,1,0,0:0:0:0:
36,192,27874,1,0,0:0:0:0:
480,192,28053,1,0,0:0:0:70:whistle.wav
329,192,28053,1,0,0:0:0:0:
96,192,28231,1,0,0:0:0:70:bassdrum.wav
288,192,28410,1,0,0:0:0:70:whistle.wav
416,192,28589,1,0,0:0:0:70:bassdrum.wav
288,192,28767,1,0,0:0:0:70:whistle.wav
160,192,28946,1,0,0:0:0:70:bassdrum.wav
96,192,29124,1,0,0:0:0:70:whistle.wav
416,192,29303,1,0,0:0:0:70:bassdrum.wav
480,192,29303,1,0,0:0:0:0:
32,192,29303,1,0,0:0:0:0:
160,192,29303,1,0,0:0:0:0:
352,192,29481,1,0,0:0:0:70:whistle.wav
96,192,29660,1,0,0:0:0:70:bassdrum.wav
288,192,29839,1,0,0:0:0:70:whistle.wav
160,192,30017,1,0,0:0:0:70:bassdrum.wav
96,192,30196,1,0,0:0:0:70:whistle.wav
352,192,30374,1,0,0:0:0:70:bassdrum.wav
480,192,30553,1,0,0:0:0:70:whistle.wav
288,192,30553,1,0,0:0:0:0:
329,192,30642,1,0,0:0:0:0:
480,192,30731,1,0,0:0:0:70:bassdrum.wav
160,192,30731,1,0,0:0:0:0:
96,192,30731,1,0,0:0:0:0:
480,192,30910,1,0,0:0:0:70:whistle.wav
352,192,30910,1,0,0:0:0:0:
96,192,31089,1,0,0:0:0:70:bassdrum.wav
288,192,31267,1,0,0:0:0:70:whistle.wav
416,192,31446,1,0,0:0:0:70:bassdrum.wav
288,192,31624,1,0,0:0:0:70:whistle.wav
329,192,31714,1,0,0:0:0:70:bassdrum.wav
480,192,31803,1,0,0:0:0:70:bassdrum.wav
160,192,31803,1,0,0:0:0:0:
480,192,31981,1,0,0:0:0:0:
96,192,31981,1,0,0:0:0:0:
480,192,32160,1,0,0:0:0:70:bassdrum.wav
416,192,32160,1,0,0:0:0:0:
160,192,32160,1,0,0:0:0:0:
288,192,32517,1,0,0:0:0:70:soft-hitclap.wav
416,192,32517,1,0,0:0:0:70:whistle01.wav
32,192,32517,1,0,0:0:0:0:
96,192,32517,1,0,0:0:0:0:
288,192,33231,1,0,0:0:0:70:soft-hitclap.wav
416,192,33231,1,0,0:0:0:70:whistle01.wav
32,192,33231,1,0,0:0:0:0:
96,192,33231,1,0,0:0:0:0:
288,192,33767,1,0,0:0:0:70:soft-hitclap.wav
416,192,33767,1,0,0:0:0:70:whistle01.wav
32,192,33767,1,0,0:0:0:0:
96,192,33767,1,0,0:0:0:0:
288,192,34124,1,0,0:0:0:70:soft-hitclap.wav
416,192,34124,1,0,0:0:0:70:whistle01.wav
32,192,34124,1,0,0:0:0:0:
96,192,34124,1,0,0:0:0:0:
288,192,34481,1,0,0:0:0:70:soft-hitclap.wav
416,192,34481,1,0,0:0:0:70:whistle01.wav
32,192,34481,1,0,0:0:0:0:
160,192,34481,1,0,0:0:0:0:
288,192,34660,1,0,0:0:0:70:soft-hitclap.wav
416,192,34660,1,0,0:0:0:70:whistle01.wav
32,192,34660,1,0,0:0:0:0:
160,192,34660,1,0,0:0:0:0:
288,192,35017,1,0,0:0:0:70:cymbol01.wav
480,192,35017,1,0,0:0:0:70:bassdrum.wav
32,192,35017,1,0,0:0:0:0:
96,192,35017,1,0,0:0:0:0:
416,192,35196,1,0,0:0:0:70:whistle.wav
352,192,35196,1,0,0:0:0:0:
160,192,35196,1,0,0:0:0:0:
96,192,35285,1,0,0:0:0:0:
480,192,35374,1,0,0:0:0:30:normal-hitclap.wav
288,192,35374,1,0,0:0:0:70:bassdrum.wav
352,192,35553,1,0,0:0:0:70:whistle.wav
416,192,35553,1,0,0:0:0:0:
32,192,35553,1,0,0:0:0:0:
160,192,35553,1,0,0:0:0:0:
480,192,35731,1,0,0:0:0:70:bassdrum.wav
288,192,35731,1,0,0:0:0:0:
96,192,35731,1,0,0:0:0:0:
416,192,35910,1,0,0:0:0:70:whistle.wav
160,192,35910,1,0,0:0:0:0:
32,192,35910,1,0,0:0:0:0:
352,192,35999,1,0,0:0:0:0:
416,192,36089,1,0,0:0:0:30:normal-hitclap.wav
288,192,36089,1,0,0:0:0:70:bassdrum.wav
96,192,36089,1,0,0:0:0:0:
352,192,36267,1,0,0:0:0:70:whistle.wav
160,192,36267,1,0,0:0:0:0:
32,192,36267,1,0,0:0:0:0:
480,192,36446,1,0,0:0:0:70:bassdrum.wav
288,192,36446,1,0,0:0:0:0:
96,192,36446,1,0,0:0:0:0:
416,192,36624,1,0,0:0:0:70:whistle.wav
352,192,36624,1,0,0:0:0:0:
32,192,36624,1,0,0:0:0:0:
480,192,36714,1,0,0:0:0:0:
288,192,36803,1,0,0:0:0:30:normal-hitclap.wav
160,192,36803,1,0,0:0:0:70:bassdrum.wav
96,192,36803,1,0,0:0:0:0:
416,192,36981,1,0,0:0:0:70:whistle.wav
352,192,36981,1,0,0:0:0:0:
32,192,36981,1,0,0:0:0:0:
480,192,37160,1,0,0:0:0:70:bassdrum.wav
96,192,37160,1,0,0:0:0:0:
416,192,37339,1,0,0:0:0:70:whistle.wav
288,192,37339,1,0,0:0:0:0:
160,192,37339,1,0,0:0:0:0:
352,192,37428,1,0,0:0:0:0:
475,192,37517,1,0,0:0:0:30:normal-hitclap.wav
96,192,37517,1,0,0:0:0:70:bassdrum.wav
32,192,37517,1,0,0:0:0:0:
416,192,37696,1,0,0:0:0:70:whistle.wav
160,192,37696,1,0,0:0:0:0:
352,192,37874,1,0,0:0:0:70:bassdrum.wav
32,192,37874,1,0,0:0:0:0:
288,192,37874,1,0,0:0:0:0:
416,192,38053,1,0,0:0:0:70:whistle.wav
160,192,38053,1,0,0:0:0:0:
96,192,38053,1,0,0:0:0:0:
352,192,38142,1,0,0:0:0:0:
480,192,38231,1,0,0:0:0:30:normal-hitclap.wav
32,192,38231,1,0,0:0:0:70:bassdrum.wav
288,192,38410,1,0,0:0:0:70:whistle.wav
416,192,38410,1,0,0:0:0:0:
96,192,38410,1,0,0:0:0:0:
160,192,38410,1,0,0:0:0:0:
480,192,38589,1,0,0:0:0:70:bassdrum.wav
352,192,38589,1,0,0:0:0:0:
32,192,38589,1,0,0:0:0:0:
416,192,38767,1,0,0:0:0:70:whistle.wav
288,192,38767,1,0,0:0:0:0:
160,192,38767,1,0,0:0:0:0:
96,192,38856,1,0,0:0:0:0:
480,192,38946,1,0,0:0:0:30:normal-hitclap.wav
352,192,38946,1,0,0:0:0:70:bassdrum.wav
160,192,38946,1,0,0:0:0:0:
416,192,39124,1,0,0:0:0:70:whistle.wav
288,192,39124,1,0,0:0:0:0:
96,192,39124,1,0,0:0:0:0:
480,192,39303,1,0,0:0:0:70:bassdrum.wav
352,192,39303,1,0,0:0:0:0:
32,192,39303,1,0,0:0:0:0:
288,192,39481,1,0,0:0:0:70:whistle.wav
160,192,39481,1,0,0:0:0:0:
96,192,39481,1,0,0:0:0:0:
32,192,39571,1,0,0:0:0:0:
480,192,39660,1,0,0:0:0:30:normal-hitclap.wav
416,192,39660,1,0,0:0:0:70:bassdrum.wav
352,192,39660,1,0,0:0:0:0:
288,192,39839,1,0,0:0:0:70:whistle.wav
160,192,39839,1,0,0:0:0:0:
96,192,39839,1,0,0:0:0:0:
352,192,40017,1,0,0:0:0:70:bassdrum.wav
32,192,40017,1,0,0:0:0:0:
480,192,40196,1,0,0:0:0:70:whistle.wav
416,192,40196,1,0,0:0:0:0:
160,192,40196,1,0,0:0:0:0:
96,192,40285,1,0,0:0:0:0:
352,192,40374,1,0,0:0:0:30:normal-hitclap.wav
288,192,40374,1,0,0:0:0:70:bassdrum.wav
32,192,40374,1,0,0:0:0:0:
416,192,40553,1,0,0:0:0:70:whistle.wav
160,192,40553,1,0,0:0:0:0:
256,192,40731,1,0,0:0:0:70:bassdrum.wav
480,192,40731,1,0,0:0:0:0:
36,192,40731,1,0,0:0:0:0:
109,192,40731,1,0,0:0:0:0:
416,192,40910,1,0,0:0:0:70:whistle.wav
352,192,40910,1,0,0:0:0:0:
160,192,40910,1,0,0:0:0:0:
96,192,40999,1,0,0:0:0:0:
480,192,41089,1,0,0:0:0:30:normal-hitclap.wav
288,192,41089,1,0,0:0:0:70:bassdrum.wav
352,192,41267,1,0,0:0:0:70:whistle.wav
416,192,41267,1,0,0:0:0:0:
32,192,41267,1,0,0:0:0:0:
160,192,41267,1,0,0:0:0:0:
480,192,41446,1,0,0:0:0:70:bassdrum.wav
288,192,41446,1,0,0:0:0:0:
96,192,41446,1,0,0:0:0:0:
416,192,41624,1,0,0:0:0:70:whistle.wav
160,192,41624,1,0,0:0:0:0:
32,192,41624,1,0,0:0:0:0:
352,192,41714,1,0,0:0:0:0:
416,192,41803,1,0,0:0:0:30:normal-hitclap.wav
288,192,41803,1,0,0:0:0:70:bassdrum.wav
96,192,41803,1,0,0:0:0:0:
352,192,41981,1,0,0:0:0:70:whistle.wav
160,192,41981,1,0,0:0:0:0:
32,192,41981,1,0,0:0:0:0:
480,192,42160,1,0,0:0:0:70:bassdrum.wav
288,192,42160,1,0,0:0:0:0:
96,192,42160,1,0,0:0:0:0:
416,192,42339,1,0,0:0:0:70:whistle.wav
352,192,42339,1,0,0:0:0:0:
32,192,42339,1,0,0:0:0:0:
480,192,42428,1,0,0:0:0:0:
288,192,42517,1,0,0:0:0:35:normal-hitclap.wav
160,192,42517,1,0,0:0:0:70:bassdrum.wav
96,192,42517,1,0,0:0:0:0:
416,192,42696,1,0,0:0:0:70:whistle.wav
352,192,42696,1,0,0:0:0:0:
32,192,42696,1,0,0:0:0:0:
480,192,42874,1,0,0:0:0:70:bassdrum.wav
96,192,42874,1,0,0:0:0:0:
288,192,43053,1,0,0:0:0:70:whistle.wav
416,192,43053,1,0,0:0:0:0:
32,192,43053,1,0,0:0:0:0:
160,192,43053,1,0,0:0:0:0:
352,192,43142,1,0,0:0:0:0:
480,192,43231,1,0,0:0:0:35:normal-hitclap.wav
96,192,43231,1,0,0:0:0:70:bassdrum.wav
32,192,43231,1,0,0:0:0:0:
416,192,43410,1,0,0:0:0:70:bassdrum.wav
160,192,43410,1,0,0:0:0:0:
32,192,43410,1,0,0:0:0:0:
288,192,43589,1,0,0:0:0:70:bassdrum.wav
32,192,43589,1,0,0:0:0:0:
32,192,43767,1,0,0:0:0:70:bassdrum.wav
352,192,43946,1,0,0:0:0:70:soft-hitclap.wav
480,192,43946,1,0,0:0:0:40:cymbol01.wav
96,192,43946,1,0,0:0:0:0:
160,192,43946,1,0,0:0:0:0:
402,192,44303,1,0,0:0:0:70:bassdrum.wav
36,192,44303,1,0,0:0:0:0:
32,192,44481,1,0,0:0:0:70:bassdrum.wav
352,192,44660,1,0,0:0:0:70:soft-hitclap.wav
480,192,44660,1,0,0:0:0:40:cymbol01.wav
96,192,44660,1,0,0:0:0:0:
160,192,44660,1,0,0:0:0:0:
416,192,45017,1,0,0:0:0:40:cymbol01.wav
288,192,45017,1,0,0:0:0:70:bassdrum.wav
32,192,45017,1,0,0:0:0:0:
32,192,45196,1,0,0:0:0:70:bassdrum.wav
352,192,45374,1,0,0:0:0:0:
288,192,45553,1,0,0:0:0:70:soft-hitclap.wav
160,192,45553,1,0,0:0:0:40:cymbol01.wav
32,192,45553,1,0,0:0:0:0:
416,192,45731,1,0,0:0:0:0:
32,192,45910,1,0,0:0:0:70:bassdrum.wav
352,192,46089,1,0,0:0:0:70:soft-hitclap.wav
480,192,46089,1,0,0:0:0:0:
96,192,46089,1,0,0:0:0:0:
160,192,46089,1,0,0:0:0:0:
416,192,46446,1,0,0:0:0:70:cymbol01.wav
480,192,46446,1,0,0:0:0:70:bassdrum.wav
32,192,46446,1,0,0:0:0:0:
160,192,46446,1,0,0:0:0:0:
352,192,46624,1,0,0:0:0:70:whistle.wav
288,192,46624,1,0,0:0:0:0:
416,192,46714,1,0,0:0:0:0:
352,192,46803,1,0,0:0:0:35:normal-hitclap.wav
480,192,46803,1,0,0:0:0:70:bassdrum.wav
96,192,46803,1,0,0:0:0:0:
160,192,46803,1,0,0:0:0:0:
416,192,46981,1,0,0:0:0:70:whistle.wav
288,192,46981,1,0,0:0:0:0:
352,192,47160,1,0,0:0:0:70:bassdrum.wav
160,192,47160,1,0,0:0:0:0:
32,192,47160,1,0,0:0:0:0:
416,192,47339,1,0,0:0:0:70:whistle.wav
288,192,47339,1,0,0:0:0:0:
32,192,47339,1,0,0:0:0:0:
352,192,47428,1,0,0:0:0:0:
416,192,47517,1,0,0:0:0:35:normal-hitclap.wav
480,192,47517,1,0,0:0:0:70:bassdrum.wav
96,192,47517,1,0,0:0:0:0:
160,192,47517,1,0,0:0:0:0:
352,192,47696,1,0,0:0:0:70:whistle.wav
288,192,47696,1,0,0:0:0:0:
32,192,47696,1,0,0:0:0:0:
480,192,47874,1,0,0:0:0:70:bassdrum.wav
416,192,47874,1,0,0:0:0:0:
160,192,47874,1,0,0:0:0:0:
352,192,48053,1,0,0:0:0:70:whistle.wav
288,192,48053,1,0,0:0:0:0:
416,192,48142,1,0,0:0:0:0:
329,192,48231,1,0,0:0:0:35:normal-hitclap.wav
480,192,48231,1,0,0:0:0:70:bassdrum.wav
109,192,48231,1,0,0:0:0:0:
182,192,48231,1,0,0:0:0:0:
416,192,48410,1,0,0:0:0:70:whistle.wav
288,192,48410,1,0,0:0:0:0:
352,192,48589,1,0,0:0:0:70:bassdrum.wav
160,192,48589,1,0,0:0:0:0:
32,192,48589,1,0,0:0:0:0:
416,192,48767,1,0,0:0:0:35:normal-hitclap.wav
480,192,48767,1,0,0:0:0:0:
96,192,48767,1,0,0:0:0:0:
288,192,48767,1,0,0:0:0:0:
352,192,48856,1,0,0:0:0:0:
416,192,48946,1,0,0:0:0:35:normal-hitclap.wav
480,192,48946,1,0,0:0:0:70:bassdrum.wav
96,192,48946,1,0,0:0:0:0:
160,192,48946,1,0,0:0:0:0:
352,192,49124,1,0,0:0:0:70:whistle.wav
288,192,49124,1,0,0:0:0:0:
416,192,49303,1,0,0:0:0:70:bassdrum.wav
480,192,49303,1,0,0:0:0:0:
160,192,49303,128,0,50017:0:0:0:0:
32,192,49303,1,0,0:0:0:0:
352,192,49481,1,0,0:0:0:70:whistle.wav
288,192,49481,1,0,0:0:0:0:
416,192,49571,1,0,0:0:0:0:
480,192,49660,1,0,0:0:0:35:normal-hitclap.wav
352,192,49660,1,0,0:0:0:70:bassdrum.wav
96,192,49660,1,0,0:0:0:0:
416,192,49839,1,0,0:0:0:70:whistle.wav
288,192,49839,1,0,0:0:0:0:
96,0,50017,128,0,50553:0:0:0:70:bassdrum.wav
352,192,50017,1,0,0:0:0:0:
480,192,50017,1,0,0:0:0:0:
32,192,50017,1,0,0:0:0:0:
416,192,50196,1,0,0:0:0:70:whistle.wav
288,192,50196,1,0,0:0:0:0:
32,192,50196,1,0,0:0:0:0:
352,192,50285,1,0,0:0:0:0:
480,192,50374,1,0,0:0:0:35:normal-hitclap.wav
416,192,50374,1,0,0:0:0:70:bassdrum.wav
160,192,50374,1,0,0:0:0:0:
352,192,50553,1,0,0:0:0:70:whistle.wav
480,0,50553,128,0,50910:0:0:0:0:
32,192,50553,1,0,0:0:0:0:
288,192,50553,1,0,0:0:0:0:
416,192,50731,1,0,0:0:0:70:bassdrum.wav
160,192,50731,1,0,0:0:0:0:
96,192,50731,1,0,0:0:0:0:
352,192,50910,1,0,0:0:0:70:whistle.wav
288,192,50910,1,0,0:0:0:0:
416,192,50999,1,0,0:0:0:0:
352,192,51089,1,0,0:0:0:35:normal-hitclap.wav
480,192,51089,1,0,0:0:0:70:bassdrum.wav
96,192,51089,1,0,0:0:0:0:
160,192,51089,1,0,0:0:0:0:
416,192,51267,1,0,0:0:0:70:whistle.wav
288,192,51267,1,0,0:0:0:0:
352,192,51446,1,0,0:0:0:70:bassdrum.wav
160,192,51446,1,0,0:0:0:0:
32,192,51446,1,0,0:0:0:0:
416,192,51624,1,0,0:0:0:35:normal-hitclap.wav
480,192,51624,1,0,0:0:0:0:
96,192,51624,1,0,0:0:0:0:
288,192,51624,1,0,0:0:0:0:
352,192,51714,1,0,0:0:0:0:
416,192,51803,1,0,0:0:0:35:normal-hitclap.wav
480,192,51803,1,0,0:0:0:70:bassdrum.wav
96,192,51803,1,0,0:0:0:0:
160,192,51803,1,0,0:0:0:0:
352,192,51981,1,0,0:0:0:70:whistle.wav
288,192,51981,1,0,0:0:0:0:
480,192,52160,1,0,0:0:0:70:cymbol01.wav
182,192,52160,1,0,0:0:0:70:bassdrum.wav
32,192,52160,1,0,0:0:0:0:
352,192,52339,1,0,0:0:0:70:whistle.wav
96,192,52339,1,0,0:0:0:0:
416,192,52428,1,0,0:0:0:0:
480,192,52517,1,0,0:0:0:35:normal-hitclap.wav
288,192,52517,1,0,0:0:0:70:bassdrum.wav
160,192,52517,1,0,0:0:0:0:
416,192,52696,1,0,0:0:0:70:whistle.wav
96,192,52696,1,0,0:0:0:0:
480,192,52874,1,0,0:0:0:70:bassdrum.wav
160,192,52874,1,0,0:0:0:0:
32,192,52874,1,0,0:0:0:0:
352,192,53053,1,0,0:0:0:70:whistle.wav
96,192,53053,1,0,0:0:0:0:
32,192,53053,1,0,0:0:0:0:
416,192,53142,1,0,0:0:0:0:
480,192,53231,1,0,0:0:0:35:normal-hitclap.wav
288,192,53231,1,0,0:0:0:70:bassdrum.wav
160,192,53231,1,0,0:0:0:0:
416,192,53410,1,0,0:0:0:70:whistle.wav
96,192,53410,1,0,0:0:0:0:
32,192,53410,1,0,0:0:0:0:
480,192,53589,1,0,0:0:0:70:bassdrum.wav
160,192,53589,1,0,0:0:0:0:
352,192,53767,1,0,0:0:0:70:whistle.wav
96,192,53767,1,0,0:0:0:0:
32,192,53767,1,0,0:0:0:0:
416,192,53856,1,0,0:0:0:0:
480,192,53946,1,0,0:0:0:30:normal-hitclap.wav
288,192,53946,1,0,0:0:0:70:bassdrum.wav
160,192,53946,1,0,0:0:0:0:
416,192,54124,1,0,0:0:0:0:
96,192,54124,1,0,0:0:0:0:
32,192,54124,1,0,0:0:0:0:
352,0,54303,128,0,54660:0:0:0:30:normal-hitclap.wav
480,192,54303,1,0,0:0:0:70:bassdrum.wav
288,0,54303,128,0,54660:0:0:0:0:
96,192,54303,1,0,0:0:0:0:
160,0,54303,128,0,54660:0:0:0:0:
416,192,54660,1,0,0:0:0:30:normal-hitclap.wav
32,192,54660,1,0,0:0:0:70:bassdrum.wav
329,192,55017,1,0,0:0:0:70:cymbol01.wav
475,192,55017,1,0,0:0:0:70:bassdrum.wav
256,192,55017,1,0,0:0:0:0:
36,192,55017,1,0,0:0:0:0:
109,192,55017,1,0,0:0:0:0:
416,192,55196,1,0,0:0:0:0:
160,192,55196,1,0,0:0:0:0:
256,192,55285,1,0,0:0:0:0:
416,192,55374,1,0,0:0:0:30:normal-hitclap.wav
480,192,55374,1,0,0:0:0:70:bassdrum.wav
352,192,55374,1,0,0:0:0:0:
32,192,55374,1,0,0:0:0:0:
96,192,55374,1,0,0:0:0:0:
160,192,55553,1,0,0:0:0:0:
352,192,55553,1,0,0:0:0:0:
256,192,55642,1,0,0:0:0:0:
416,192,55731,1,0,0:0:0:70:
475,192,55731,1,0,0:0:0:70:bassdrum.wav
32,192,55731,1,0,0:0:0:0:
96,192,55731,1,0,0:0:0:0:
182,192,55731,1,0,0:0:0:0:
160,192,55910,1,0,0:0:0:0:
480,192,55910,1,0,0:0:0:0:
256,192,55999,1,0,0:0:0:0:
402,192,56089,1,0,0:0:0:30:normal-hitclap.wav
475,192,56089,1,0,0:0:0:70:bassdrum.wav
329,192,56089,1,0,0:0:0:0:
32,192,56089,1,0,0:0:0:0:
109,192,56089,1,0,0:0:0:0:
160,192,56267,1,0,0:0:0:70:bassdrum.wav
416,192,56267,1,0,0:0:0:0:
256,192,56356,1,0,0:0:0:0:
402,192,56446,1,0,0:0:0:70:bassdrum.wav
480,192,56446,1,0,0:0:0:0:
352,192,56446,1,0,0:0:0:0:
32,192,56446,1,0,0:0:0:0:
96,192,56446,1,0,0:0:0:0:
182,192,57160,1,0,0:0:0:0:
160,192,57339,1,0,0:0:0:70:do1.wav
480,192,57517,1,0,0:0:0:70:do1.wav
352,192,57517,1,0,0:0:0:0:
160,192,57517,1,0,0:0:0:0:
480,0,57874,128,0,59303:0:0:0:70:cymbol01.wav
416,192,57874,1,0,0:0:0:70:bassdrum.wav
32,192,57874,1,0,0:0:0:0:
96,192,58053,1,0,0:0:0:0:
160,192,58231,1,0,0:0:0:0:
288,192,58410,1,0,0:0:0:0:
352,192,58589,1,0,0:0:0:0:
288,192,58767,1,0,0:0:0:0:
160,192,58946,1,0,0:0:0:0:
256,192,59124,1,0,0:0:0:0:
416,192,59303,1,0,0:0:0:0:
96,0,59303,128,0,60731:0:0:0:0:
32,192,59303,1,0,0:0:0:0:
352,192,59303,1,0,0:0:0:0:
160,192,59481,1,0,0:0:0:0:
288,192,59660,1,0,0:0:0:0:
352,192,59839,1,0,0:0:0:0:
182,192,60017,1,0,0:0:0:0:
475,192,60017,1,0,0:0:0:0:
402,192,60196,1,0,0:0:0:0:
352,192,60374,1,0,0:0:0:0:
288,192,60553,1,0,0:0:0:0:
32,0,60731,128,0,63589:0:0:0:0:
480,192,60731,1,0,0:0:0:0:
182,192,60731,1,0,0:0:0:0:
288,192,60910,1,0,0:0:0:0:
352,192,61089,1,0,0:0:0:0:
416,192,61267,1,0,0:0:0:0:
480,192,61446,1,0,0:0:0:0:
416,192,61624,1,0,0:0:0:0:
352,192,61803,1,0,0:0:0:0:
288,192,61981,1,0,0:0:0:0:
96,192,62160,1,0,0:0:0:0:
475,192,62160,1,0,0:0:0:0:
160,192,62339,1,0,0:0:0:0:
288,192,62517,1,0,0:0:0:0:
416,192,62696,1,0,0:0:0:0:
480,192,62874,1,0,0:0:0:0:
416,192,63053,1,0,0:0:0:0:
329,192,63231,1,0,0:0:0:0:
256,192,63410,1,0,0:0:0:0:
160,0,63589,128,0,65017:0:0:0:0:
480,192,63589,1,0,0:0:0:0:
96,192,63589,1,0,0:0:0:0:
288,192,63767,1,0,0:0:0:0:
352,192,63946,1,0,0:0:0:0:
416,192,64124,1,0,0:0:0:0:
480,192,64303,1,0,0:0:0:0:
352,192,64481,1,0,0:0:0:0:
288,192,64660,1,0,0:0:0:0:
96,192,64839,1,0,0:0:0:0:
352,0,65017,128,0,66446:0:0:0:0:
416,192,65017,1,0,0:0:0:0:
32,192,65017,1,0,0:0:0:0:
96,192,65196,1,0,0:0:0:0:
160,192,65374,1,0,0:0:0:0:
288,192,65553,1,0,0:0:0:0:
480,192,65731,1,0,0:0:0:0:
416,192,65910,1,0,0:0:0:0:
288,192,66089,1,0,0:0:0:0:
160,192,66267,1,0,0:0:0:0:
416,0,66446,128,0,67874:0:0:0:0:
96,192,66446,1,0,0:0:0:0:
32,192,66446,1,0,0:0:0:0:
160,192,66624,1,0,0:0:0:0:
288,192,66803,1,0,0:0:0:0:
352,192,66981,1,0,0:0:0:0:
480,192,67160,1,0,0:0:0:0:
352,192,67339,1,0,0:0:0:0:
288,192,67517,1,0,0:0:0:0:
160,192,67696,1,0,0:0:0:0:
96,0,67874,128,0,69303:0:0:0:0:
352,192,67874,1,0,0:0:0:0:
32,192,67874,1,0,0:0:0:0:
160,192,68053,1,0,0:0:0:0:
288,192,68231,1,0,0:0:0:0:
352,192,68410,1,0,0:0:0:0:
402,192,68589,128,0,69303:0:0:0:0:
256,192,68946,1,0,0:0:0:0:
256,192,69124,1,0,0:0:0:0:
352,192,69303,1,0,0:0:0:30:bassdrum.wav
480,0,69303,128,0,70731:0:0:0:0:
32,192,69303,1,0,0:0:0:0:
288,192,69303,1,0,0:0:0:0:
352,192,69481,1,0,0:0:0:30:bassdrum.wav
96,192,69481,1,0,0:0:0:0:
352,192,69660,1,0,0:0:0:30:bassdrum.wav
160,192,69660,1,0,0:0:0:0:
352,192,69839,1,0,0:0:0:30:bassdrum.wav
288,192,69839,1,0,0:0:0:0:
352,192,70017,1,0,0:0:0:30:bassdrum.wav
160,192,70017,1,0,0:0:0:0:
352,192,70196,1,0,0:0:0:30:bassdrum.wav
96,192,70196,1,0,0:0:0:0:
352,192,70374,1,0,0:0:0:30:bassdrum.wav
160,192,70374,1,0,0:0:0:0:
352,192,70553,1,0,0:0:0:30:bassdrum.wav
32,192,70553,1,0,0:0:0:0:
160,0,70731,128,0,72160:0:0:0:30:bassdrum.wav
352,192,70731,1,0,0:0:0:0:
96,192,70731,1,0,0:0:0:0:
416,192,70731,1,0,0:0:0:0:
416,192,70910,1,0,0:0:0:30:bassdrum.wav
288,192,70910,1,0,0:0:0:0:
416,192,71089,1,0,0:0:0:30:bassdrum.wav
96,192,71089,1,0,0:0:0:0:
416,192,71267,1,0,0:0:0:30:bassdrum.wav
32,192,71267,1,0,0:0:0:0:
416,192,71446,1,0,0:0:0:30:bassdrum.wav
96,192,71446,1,0,0:0:0:0:
416,192,71624,1,0,0:0:0:30:bassdrum.wav
352,192,71624,1,0,0:0:0:0:
416,192,71803,1,0,0:0:0:30:bassdrum.wav
288,192,71803,1,0,0:0:0:0:
416,192,71981,1,0,0:0:0:30:bassdrum.wav
96,192,71981,1,0,0:0:0:0:
288,192,72160,1,0,0:0:0:30:bassdrum.wav
416,192,72160,1,0,0:0:0:0:
32,192,72160,1,0,0:0:0:0:
109,192,72160,128,0,75017:0:0:0:0:
352,192,72339,1,0,0:0:0:30:bassdrum.wav
288,192,72339,1,0,0:0:0:0:
416,192,72517,1,0,0:0:0:30:bassdrum.wav
288,192,72517,1,0,0:0:0:0:
352,192,72696,1,0,0:0:0:30:bassdrum.wav
288,192,72696,1,0,0:0:0:0:
288,192,72874,1,0,0:0:0:30:bassdrum.wav
160,192,72874,1,0,0:0:0:0:
480,192,73053,1,0,0:0:0:30:bassdrum.wav
288,192,73053,1,0,0:0:0:0:
416,192,73231,1,0,0:0:0:30:bassdrum.wav
288,192,73231,1,0,0:0:0:0:
480,192,73410,1,0,0:0:0:30:bassdrum.wav
288,192,73410,1,0,0:0:0:0:
288,192,73589,1,0,0:0:0:30:bassdrum.wav
352,192,73589,1,0,0:0:0:0:
160,192,73589,1,0,0:0:0:0:
352,192,73767,1,0,0:0:0:30:bassdrum.wav
32,192,73767,1,0,0:0:0:0:
352,192,73946,1,0,0:0:0:30:bassdrum.wav
160,192,73946,1,0,0:0:0:0:
352,192,74124,1,0,0:0:0:30:bassdrum.wav
32,192,74124,1,0,0:0:0:0:
480,192,74303,1,0,0:0:0:30:bassdrum.wav
416,192,74303,1,0,0:0:0:0:
352,192,74303,1,0,0:0:0:0:
352,192,74481,1,0,0:0:0:30:bassdrum.wav
160,192,74481,1,0,0:0:0:0:
416,192,74660,1,0,0:0:0:30:bassdrum.wav
352,192,74660,1,0,0:0:0:0:
288,192,74660,1,0,0:0:0:0:
352,192,74839,1,0,0:0:0:30:bassdrum.wav
32,192,74839,1,0,0:0:0:0:
182,192,75017,1,0,0:0:0:70:whistle01.wav
36,192,75017,1,0,0:0:0:30:bassdrum.wav
402,192,75017,1,0,0:0:0:0:
329,192,75106,1,0,0:0:0:0:
182,192,75196,1,0,0:0:0:30:bassdrum.wav
256,192,75196,1,0,0:0:0:0:
475,192,75196,1,0,0:0:0:0:
329,192,75285,1,0,0:0:0:0:
36,192,75374,1,0,0:0:0:30:bassdrum.wav
182,192,75374,1,0,0:0:0:0:
402,192,75374,1,0,0:0:0:0:
352,192,75464,1,0,0:0:0:0:
182,192,75553,1,0,0:0:0:30:bassdrum.wav
109,192,75553,1,0,0:0:0:0:
352,192,75642,1,0,0:0:0:0:
160,192,75731,1,0,0:0:0:30:bassdrum.wav
32,192,75731,1,0,0:0:0:0:
475,192,75731,1,0,0:0:0:0:
352,192,75821,1,0,0:0:0:0:
182,192,75910,1,0,0:0:0:30:bassdrum.wav
256,192,75910,1,0,0:0:0:0:
352,192,75999,1,0,0:0:0:0:
480,192,76089,1,0,0:0:0:30:bassdrum.wav
160,192,76089,1,0,0:0:0:0:
36,192,76089,1,0,0:0:0:0:
329,192,76178,1,0,0:0:0:0:
96,192,76267,1,0,0:0:0:30:bassdrum.wav
182,192,76267,1,0,0:0:0:0:
402,192,76267,1,0,0:0:0:0:
329,192,76356,1,0,0:0:0:0:
182,192,76446,1,0,0:0:0:30:bassdrum.wav
36,192,76446,1,0,0:0:0:0:
475,192,76446,1,0,0:0:0:0:
256,192,76446,1,0,0:0:0:70:whistle01.wav
329,192,76535,1,0,0:0:0:0:
182,192,76624,1,0,0:0:0:30:bassdrum.wav
402,192,76624,1,0,0:0:0:0:
329,192,76714,1,0,0:0:0:0:
288,192,76803,1,0,0:0:0:30:bassdrum.wav
36,192,76803,1,0,0:0:0:0:
182,192,76803,1,0,0:0:0:0:
329,192,76892,1,0,0:0:0:0:
480,192,76981,1,0,0:0:0:30:bassdrum.wav
182,192,76981,1,0,0:0:0:0:
402,192,76981,1,0,0:0:0:0:
329,192,77071,1,0,0:0:0:0:
288,192,77160,1,0,0:0:0:30:bassdrum.wav
36,192,77160,1,0,0:0:0:0:
402,192,77160,1,0,0:0:0:0:
182,192,77160,1,0,0:0:0:0:
329,192,77249,1,0,0:0:0:0:
160,192,77339,1,0,0:0:0:30:bassdrum.wav
109,192,77339,1,0,0:0:0:0:
329,192,77428,1,0,0:0:0:0:
480,192,77517,1,0,0:0:0:30:bassdrum.wav
32,192,77517,1,0,0:0:0:0:
182,192,77517,1,0,0:0:0:0:
329,192,77606,1,0,0:0:0:0:
160,192,77696,1,0,0:0:0:30:bassdrum.wav
402,192,77696,1,0,0:0:0:0:
352,192,77785,1,0,0:0:0:0:
36,192,77874,1,0,0:0:0:30:cymbol01.wav
182,192,77874,1,0,0:0:0:0:
256,192,77874,1,0,0:0:0:70:whistle01.wav
475,192,77874,1,0,0:0:0:0:
352,192,77964,1,0,0:0:0:0:
160,192,78053,1,0,0:0:0:30:bassdrum.wav
109,192,78053,1,0,0:0:0:0:
402,192,78053,1,0,0:0:0:0:
352,192,78142,1,0,0:0:0:0:
480,192,78231,1,0,0:0:0:30:bassdrum.wav
182,192,78231,1,0,0:0:0:0:
36,192,78231,1,0,0:0:0:0:
402,192,78231,1,0,0:0:0:0:
352,192,78321,1,0,0:0:0:0:
256,192,78321,1,0,0:0:0:0:
160,192,78410,1,0,0:0:0:30:bassdrum.wav
402,192,78410,1,0,0:0:0:0:
109,192,78410,1,0,0:0:0:0:
352,192,78499,1,0,0:0:0:0:
182,192,78589,1,0,0:0:0:30:cymbol01.wav
36,192,78589,1,0,0:0:0:30:bassdrum.wav
475,192,78589,1,0,0:0:0:0:
256,192,78589,1,0,0:0:0:70:whistle01.wav
329,192,78678,1,0,0:0:0:0:
109,192,78678,1,0,0:0:0:0:
402,192,78767,1,0,0:0:0:30:bassdrum.wav
182,192,78767,1,0,0:0:0:0:
36,192,78767,1,0,0:0:0:0:
329,192,78856,1,0,0:0:0:0:
288,192,78946,1,0,0:0:0:30:bassdrum.wav
402,192,78946,1,0,0:0:0:0:
109,192,78946,1,0,0:0:0:0:
329,192,79035,1,0,0:0:0:0:
32,192,79124,1,0,0:0:0:30:bassdrum.wav
475,192,79124,1,0,0:0:0:0:
402,192,79124,1,0,0:0:0:0:
182,192,79124,1,0,0:0:0:0:
109,192,79214,1,0,0:0:0:0:
329,192,79214,1,0,0:0:0:0:
416,192,79303,1,0,0:0:0:30:normal-hitclap.wav
480,192,79303,1,0,0:0:0:70:do1.wav
288,192,79303,1,0,0:0:0:0:
32,192,79303,1,0,0:0:0:0:
160,192,79303,1,0,0:0:0:0:
416,192,79481,1,0,0:0:0:30:normal-hitclap.wav
480,192,79481,1,0,0:0:0:0:
32,192,79481,1,0,0:0:0:0:
160,192,79481,1,0,0:0:0:0:
416,192,79839,1,0,0:0:0:30:normal-hitclap.wav
480,192,79839,1,0,0:0:0:0:
96,192,79839,1,0,0:0:0:0:
288,192,79839,1,0,0:0:0:0:
352,192,80196,1,0,0:0:0:30:normal-hitclap.wav
480,192,80196,1,0,0:0:0:0:
32,192,80196,1,0,0:0:0:0:
288,192,80196,1,0,0:0:0:0:
288,192,80374,1,0,0:0:0:30:normal-hitclap.wav
480,192,80374,1,0,0:0:0:0:
32,192,80374,1,0,0:0:0:0:
160,192,80374,1,0,0:0:0:0:
416,192,80731,1,0,0:0:0:70:cymbol01.wav
480,192,80731,1,0,0:0:0:70:bassdrum.wav
32,192,80731,1,0,0:0:0:0:
352,192,80731,1,0,0:0:0:0:
288,192,80821,1,0,0:0:0:0:
96,192,80910,1,0,0:0:0:70:whistle.wav
288,192,80999,1,0,0:0:0:0:
480,192,81089,1,0,0:0:0:70:soft-hitclap.wav
416,192,81089,1,0,0:0:0:70:bassdrum.wav
160,192,81089,1,0,0:0:0:0:
96,192,81178,1,0,0:0:0:0:
416,192,81267,1,0,0:0:0:70:whistle.wav
352,192,81267,1,0,0:0:0:0:
32,192,81267,1,0,0:0:0:0:
160,192,81356,1,0,0:0:0:0:
96,192,81446,1,0,0:0:0:70:bassdrum.wav
416,192,81535,1,0,0:0:0:0:
480,192,81624,1,0,0:0:0:70:whistle.wav
352,192,81624,1,0,0:0:0:0:
160,192,81624,1,0,0:0:0:0:
96,192,81714,1,0,0:0:0:0:
352,192,81803,1,0,0:0:0:70:soft-hitclap.wav
288,192,81803,1,0,0:0:0:70:bassdrum.wav
32,192,81803,1,0,0:0:0:0:
160,192,81892,1,0,0:0:0:0:
416,192,81981,1,0,0:0:0:70:whistle.wav
352,192,81981,1,0,0:0:0:0:
96,192,81981,1,0,0:0:0:0:
32,192,82071,1,0,0:0:0:0:
416,192,82160,1,0,0:0:0:70:bassdrum.wav
480,192,82160,1,0,0:0:0:0:
160,192,82160,1,0,0:0:0:0:
288,192,82160,1,0,0:0:0:0:
96,192,82249,1,0,0:0:0:0:
352,192,82339,1,0,0:0:0:70:whistle.wav
288,192,82339,1,0,0:0:0:0:
32,192,82339,1,0,0:0:0:0:
480,192,82428,1,0,0:0:0:0:
352,192,82517,1,0,0:0:0:70:soft-hitclap.wav
160,192,82517,1,0,0:0:0:70:bassdrum.wav
96,192,82517,1,0,0:0:0:0:
416,192,82606,1,0,0:0:0:0:
352,192,82696,1,0,0:0:0:70:whistle.wav
288,192,82696,1,0,0:0:0:0:
160,192,82696,1,0,0:0:0:0:
480,192,82785,1,0,0:0:0:0:
416,192,82874,1,0,0:0:0:70:bassdrum.wav
96,192,82874,1,0,0:0:0:0:
32,192,82874,1,0,0:0:0:0:
288,192,82964,1,0,0:0:0:0:
352,192,83053,1,0,0:0:0:70:whistle.wav
480,192,83142,1,0,0:0:0:0:
288,192,83231,1,0,0:0:0:70:soft-hitclap.wav
160,192,83231,1,0,0:0:0:70:bassdrum.wav
32,192,83231,1,0,0:0:0:0:
96,192,83321,1,0,0:0:0:0:
480,192,83410,1,0,0:0:0:70:whistle.wav
352,192,83410,1,0,0:0:0:0:
288,192,83410,1,0,0:0:0:0:
416,192,83499,1,0,0:0:0:0:
288,192,83589,1,0,0:0:0:70:bassdrum.wav
480,192,83589,1,0,0:0:0:0:
32,192,83589,1,0,0:0:0:0:
160,192,83589,1,0,0:0:0:0:
96,192,83678,1,0,0:0:0:0:
288,192,83767,1,0,0:0:0:70:whistle.wav
352,192,83856,1,0,0:0:0:0:
480,192,83946,1,0,0:0:0:70:soft-hitclap.wav
288,192,83946,1,0,0:0:0:70:bassdrum.wav
96,192,83946,1,0,0:0:0:0:
416,192,84035,1,0,0:0:0:0:
352,192,84124,1,0,0:0:0:70:whistle.wav
160,192,84124,1,0,0:0:0:0:
32,192,84124,1,0,0:0:0:0:
288,192,84214,1,0,0:0:0:0:
96,192,84303,1,0,0:0:0:70:bassdrum.wav
416,192,84392,1,0,0:0:0:0:
352,192,84481,1,0,0:0:0:70:whistle.wav
288,192,84481,1,0,0:0:0:0:
96,192,84481,1,0,0:0:0:0:
480,192,84571,1,0,0:0:0:0:
288,192,84660,1,0,0:0:0:70:soft-hitclap.wav
416,192,84660,1,0,0:0:0:70:bassdrum.wav
32,192,84660,1,0,0:0:0:0:
96,192,84660,1,0,0:0:0:0:
480,192,84749,1,0,0:0:0:0:
416,192,84839,1,0,0:0:0:70:whistle.wav
352,192,84839,1,0,0:0:0:0:
160,192,84839,1,0,0:0:0:0:
32,192,84928,1,0,0:0:0:0:
416,192,85017,1,0,0:0:0:70:bassdrum.wav
480,192,85017,1,0,0:0:0:0:
96,192,85017,1,0,0:0:0:0:
288,192,85017,1,0,0:0:0:0:
32,192,85106,1,0,0:0:0:0:
352,192,85196,1,0,0:0:0:70:whistle.wav
160,192,85196,1,0,0:0:0:0:
96,192,85196,1,0,0:0:0:0:
480,192,85285,1,0,0:0:0:0:
416,192,85374,1,0,0:0:0:70:soft-hitclap.wav
288,192,85374,1,0,0:0:0:70:bassdrum.wav
32,192,85374,1,0,0:0:0:0:
96,192,85464,1,0,0:0:0:0:
480,192,85553,1,0,0:0:0:70:whistle.wav
352,192,85553,1,0,0:0:0:0:
160,192,85553,1,0,0:0:0:0:
288,192,85642,1,0,0:0:0:0:
480,192,85731,1,0,0:0:0:70:bassdrum.wav
160,192,85731,1,0,0:0:0:0:
32,192,85731,1,0,0:0:0:0:
416,192,85821,1,0,0:0:0:0:
352,192,85910,1,0,0:0:0:70:whistle.wav
96,192,85910,1,0,0:0:0:70:do1.wav
416,192,85999,1,0,0:0:0:0:
480,192,86089,1,0,0:0:0:70:soft-hitclap.wav
288,192,86089,1,0,0:0:0:70:bassdrum.wav
160,192,86089,1,0,0:0:0:70:do1.wav
416,192,86178,1,0,0:0:0:0:
352,192,86267,1,0,0:0:0:70:whistle.wav
32,192,86267,1,0,0:0:0:70:do1.wav
416,192,86356,1,0,0:0:0:0:
352,192,86446,1,0,0:0:0:70:bassdrum.wav
480,192,86446,1,0,0:0:0:70:cymbol01.wav
32,192,86446,1,0,0:0:0:0:
160,192,86446,1,0,0:0:0:0:
288,192,86535,1,0,0:0:0:0:
96,192,86624,1,0,0:0:0:70:whistle.wav
288,192,86714,1,0,0:0:0:0:
480,192,86803,1,0,0:0:0:70:soft-hitclap.wav
416,192,86803,1,0,0:0:0:70:bassdrum.wav
160,192,86803,1,0,0:0:0:0:
96,192,86892,1,0,0:0:0:0:
416,192,86981,1,0,0:0:0:70:whistle.wav
352,192,86981,1,0,0:0:0:0:
32,192,86981,1,0,0:0:0:0:
160,192,87071,1,0,0:0:0:0:
96,192,87160,1,0,0:0:0:70:bassdrum.wav
416,192,87249,1,0,0:0:0:0:
480,192,87339,1,0,0:0:0:70:whistle.wav
352,192,87339,1,0,0:0:0:0:
160,192,87339,1,0,0:0:0:0:
96,192,87428,1,0,0:0:0:0:
352,192,87517,1,0,0:0:0:70:soft-hitclap.wav
288,192,87517,1,0,0:0:0:70:bassdrum.wav
32,192,87517,1,0,0:0:0:0:
160,192,87606,1,0,0:0:0:0:
416,192,87696,1,0,0:0:0:70:whistle.wav
352,192,87696,1,0,0:0:0:0:
96,192,87696,1,0,0:0:0:0:
32,192,87785,1,0,0:0:0:0:
416,192,87874,1,0,0:0:0:70:bassdrum.wav
480,192,87874,1,0,0:0:0:0:
160,192,87874,1,0,0:0:0:0:
288,192,87874,1,0,0:0:0:0:
96,192,87964,1,0,0:0:0:0:
352,192,88053,1,0,0:0:0:70:whistle.wav
288,192,88053,1,0,0:0:0:0:
32,192,88053,1,0,0:0:0:0:
480,192,88142,1,0,0:0:0:0:
352,192,88231,1,0,0:0:0:70:soft-hitclap.wav
160,192,88231,1,0,0:0:0:70:bassdrum.wav
96,192,88231,1,0,0:0:0:0:
416,192,88321,1,0,0:0:0:0:
352,192,88410,1,0,0:0:0:70:whistle.wav
288,192,88410,1,0,0:0:0:0:
160,192,88410,1,0,0:0:0:0:
480,192,88499,1,0,0:0:0:0:
416,192,88589,1,0,0:0:0:70:bassdrum.wav
96,192,88589,1,0,0:0:0:0:
32,192,88589,1,0,0:0:0:0:
288,192,88678,1,0,0:0:0:0:
352,192,88767,1,0,0:0:0:70:whistle.wav
480,192,88856,1,0,0:0:0:0:
288,192,88946,1,0,0:0:0:70:soft-hitclap.wav
160,192,88946,1,0,0:0:0:70:bassdrum.wav
32,192,88946,1,0,0:0:0:0:
96,192,89035,1,0,0:0:0:0:
480,192,89124,1,0,0:0:0:70:whistle.wav
352,192,89124,1,0,0:0:0:0:
288,192,89124,1,0,0:0:0:0:
416,192,89214,1,0,0:0:0:0:
288,192,89303,1,0,0:0:0:70:bassdrum.wav
480,192,89303,1,0,0:0:0:70:cymbol.wav
32,192,89303,1,0,0:0:0:0:
160,192,89303,1,0,0:0:0:0:
96,192,89392,1,0,0:0:0:0:
288,192,89481,1,0,0:0:0:70:whistle.wav
352,192,89571,1,0,0:0:0:0:
480,192,89660,1,0,0:0:0:70:soft-hitclap.wav
288,192,89660,1,0,0:0:0:70:bassdrum.wav
96,192,89660,1,0,0:0:0:0:
416,192,89749,1,0,0:0:0:0:
352,192,89839,1,0,0:0:0:70:whistle.wav
160,192,89839,1,0,0:0:0:0:
32,192,89839,1,0,0:0:0:0:
288,192,89928,1,0,0:0:0:0:
96,192,90017,1,0,0:0:0:70:bassdrum.wav
416,192,90106,1,0,0:0:0:0:
352,192,90196,1,0,0:0:0:70:whistle.wav
288,192,90196,1,0,0:0:0:0:
96,192,90196,1,0,0:0:0:0:
480,192,90285,1,0,0:0:0:0:
288,192,90374,1,0,0:0:0:70:soft-hitclap.wav
416,192,90374,1,0,0:0:0:70:bassdrum.wav
32,192,90374,1,0,0:0:0:0:
96,192,90374,1,0,0:0:0:0:
480,192,90464,1,0,0:0:0:0:
416,192,90553,1,0,0:0:0:70:whistle.wav
352,192,90553,1,0,0:0:0:0:
160,192,90553,1,0,0:0:0:0:
32,192,90642,1,0,0:0:0:0:
416,192,90731,1,0,0:0:0:30:normal-hitclap.wav
480,192,90731,1,0,0:0:0:70:bassdrum.wav
96,192,90731,1,0,0:0:0:0:
288,192,90731,1,0,0:0:0:0:
352,192,90910,1,0,0:0:0:30:normal-hitclap.wav
160,192,90910,1,0,0:0:0:70:bassdrum.wav
32,192,90910,1,0,0:0:0:0:
416,192,91089,1,0,0:0:0:30:normal-hitclap.wav
288,192,91089,1,0,0:0:0:70:bassdrum.wav
96,192,91089,1,0,0:0:0:0:
480,192,91267,1,0,0:0:0:30:normal-hitclap.wav
352,192,91267,1,0,0:0:0:70:bassdrum.wav
160,192,91267,1,0,0:0:0:0:
416,192,91446,1,0,0:0:0:30:normal-hitclap.wav
288,192,91446,1,0,0:0:0:70:bassdrum.wav
96,192,91446,1,0,0:0:0:0:
160,0,91803,128,0,92160:0:0:0:70:soft-hitclap.wav
480,192,91803,1,0,0:0:0:0:
32,192,91803,1,0,0:0:0:0:
416,192,92160,1,0,0:0:0:70:cymbol01.wav
480,192,92160,1,0,0:0:0:70:cymbol.wav
32,192,92160,1,0,0:0:0:0:
288,192,92160,1,0,0:0:0:0:
352,192,92339,1,0,0:0:0:0:
352,192,92428,1,0,0:0:0:0:
416,192,92517,1,0,0:0:0:0:
96,192,92517,1,0,0:0:0:0:
352,192,92696,1,0,0:0:0:0:
402,192,92874,1,0,0:0:0:70:soft-hitnormal.wav
475,192,92874,1,0,0:0:0:70:cymbol.wav
32,192,92874,1,0,0:0:0:0:
256,192,92874,1,0,0:0:0:0:
182,192,93053,1,0,0:0:0:70:soft-hitnormal.wav
182,192,93142,1,0,0:0:0:0:
416,192,93231,1,0,0:0:0:70:soft-hitnormal.wav
96,192,93231,1,0,0:0:0:0:
329,192,93410,1,0,0:0:0:0:
416,192,93589,1,0,0:0:0:30:normal-hitclap.wav
480,192,93589,1,0,0:0:0:70:cymbol.wav
32,192,93589,1,0,0:0:0:0:
288,192,93589,1,0,0:0:0:0:
480,192,93767,1,0,0:0:0:30:normal-hitclap.wav
352,192,93767,1,0,0:0:0:70:cymbol.wav
32,192,93767,1,0,0:0:0:0:
352,192,93856,1,0,0:0:0:0:
416,192,93946,1,0,0:0:0:0:
96,192,93946,1,0,0:0:0:0:
480,192,94124,1,0,0:0:0:70:cymbol.wav
352,192,94124,1,0,0:0:0:0:
32,192,94124,1,0,0:0:0:0:
416,192,94303,1,0,0:0:0:70:soft-hitnormal.wav
480,192,94303,1,0,0:0:0:70:cymbol.wav
32,192,94303,1,0,0:0:0:0:
288,192,94303,1,0,0:0:0:0:
182,192,94481,1,0,0:0:0:70:soft-hitnormal.wav
182,192,94571,1,0,0:0:0:0:
416,192,94660,1,0,0:0:0:70:soft-hitnormal.wav
96,192,94660,1,0,0:0:0:0:
329,192,94839,1,0,0:0:0:0:
416,192,95017,1,0,0:0:0:30:normal-hitclap.wav
480,192,95017,1,0,0:0:0:70:cymbol.wav
32,192,95017,1,0,0:0:0:0:
288,192,95017,1,0,0:0:0:0:
352,192,95196,1,0,0:0:0:0:
352,192,95285,1,0,0:0:0:0:
416,192,95374,1,0,0:0:0:30:normal-hitclap.wav
480,192,95374,1,0,0:0:0:70:cymbol.wav
32,192,95374,1,0,0:0:0:0:
96,192,95374,1,0,0:0:0:0:
352,192,95553,1,0,0:0:0:0:
416,192,95731,1,0,0:0:0:30:normal-hitclap.wav
480,192,95731,1,0,0:0:0:70:cymbol.wav
32,192,95731,1,0,0:0:0:0:
288,192,95731,1,0,0:0:0:0:
480,192,95910,1,0,0:0:0:30:normal-hitclap.wav
32,192,95910,1,0,0:0:0:0:
329,192,95910,1,0,0:0:0:0:
329,192,95999,1,0,0:0:0:0:
416,192,96089,1,0,0:0:0:0:
96,192,96089,1,0,0:0:0:0:
480,192,96267,1,0,0:0:0:30:normal-hitclap.wav
32,192,96267,1,0,0:0:0:70:cymbol.wav
329,192,96267,1,0,0:0:0:0:
416,192,96446,1,0,0:0:0:30:normal-hitclap.wav
480,192,96446,1,0,0:0:0:70:cymbol.wav
32,192,96446,1,0,0:0:0:0:
288,192,96446,1,0,0:0:0:0:
480,192,96624,1,0,0:0:0:30:normal-hitclap.wav
32,192,96624,1,0,0:0:0:0:
182,192,96624,1,0,0:0:0:0:
182,192,96714,1,0,0:0:0:0:
416,192,96803,1,0,0:0:0:70:cymbol.wav
96,192,96803,1,0,0:0:0:0:
352,192,96981,1,0,0:0:0:70:cymbol.wav
416,192,97160,1,0,0:0:0:70:soft-hitnormal.wav
480,192,97160,1,0,0:0:0:70:cymbol.wav
32,192,97160,1,0,0:0:0:0:
288,192,97160,1,0,0:0:0:0:
352,192,97339,1,0,0:0:0:70:soft-hitnormal.wav
96,192,97339,1,0,0:0:0:0:
352,192,97428,1,0,0:0:0:70:soft-hitnormal.wav
160,192,97428,1,0,0:0:0:0:
416,192,97517,1,0,0:0:0:70:soft-hitnormal.wav
96,192,97517,1,0,0:0:0:0:
352,192,97696,1,0,0:0:0:0:
160,192,97696,1,0,0:0:0:0:
416,192,97874,1,0,0:0:0:70:cymbol.wav
480,192,97874,1,0,0:0:0:0:
32,192,97874,1,0,0:0:0:0:
288,192,97874,1,0,0:0:0:0:
352,192,98053,1,0,0:0:0:0:
352,192,98142,1,0,0:0:0:0:
416,192,98231,1,0,0:0:0:70:cymbol.wav
96,192,98231,1,0,0:0:0:0:
352,192,98410,1,0,0:0:0:0:
416,192,98589,1,0,0:0:0:70:soft-hitnormal.wav
480,192,98589,1,0,0:0:0:70:cymbol.wav
32,192,98589,1,0,0:0:0:0:
288,192,98589,1,0,0:0:0:0:
182,192,98767,1,0,0:0:0:70:soft-hitnormal.wav
182,192,98856,1,0,0:0:0:0:
416,192,98946,1,0,0:0:0:70:soft-hitnormal.wav
96,192,98946,1,0,0:0:0:0:
352,192,99124,1,0,0:0:0:0:
416,192,99303,1,0,0:0:0:30:normal-hitclap.wav
480,192,99303,1,0,0:0:0:70:cymbol.wav
32,192,99303,1,0,0:0:0:0:
288,192,99303,1,0,0:0:0:0:
480,192,99481,1,0,0:0:0:30:normal-hitclap.wav
352,192,99481,1,0,0:0:0:70:cymbol.wav
32,192,99481,1,0,0:0:0:0:
352,192,99571,1,0,0:0:0:0:
416,192,99660,1,0,0:0:0:0:
96,192,99660,1,0,0:0:0:0:
480,192,99839,1,0,0:0:0:30:normal-hitclap.wav
352,192,99839,1,0,0:0:0:70:cymbol.wav
32,192,99839,1,0,0:0:0:0:
416,192,100017,1,0,0:0:0:30:normal-hitclap.wav
480,192,100017,1,0,0:0:0:0:
32,192,100017,1,0,0:0:0:0:
288,192,100017,1,0,0:0:0:0:
182,192,100196,1,0,0:0:0:0:
182,192,100285,1,0,0:0:0:0:
416,192,100374,1,0,0:0:0:0:
96,192,100374,1,0,0:0:0:0:
352,192,100553,1,0,0:0:0:0:
416,192,100731,1,0,0:0:0:30:normal-hitclap.wav
480,192,100731,1,0,0:0:0:70:cymbol.wav
32,192,100731,1,0,0:0:0:0:
288,192,100731,1,0,0:0:0:0:
352,192,100910,1,0,0:0:0:0:
352,192,100999,1,0,0:0:0:0:
416,192,101089,1,0,0:0:0:30:normal-hitclap.wav
480,192,101089,1,0,0:0:0:70:cymbol.wav
32,192,101089,1,0,0:0:0:0:
96,192,101089,1,0,0:0:0:0:
352,192,101267,1,0,0:0:0:0:
416,192,101446,1,0,0:0:0:30:normal-hitclap.wav
480,192,101446,1,0,0:0:0:70:cymbol.wav
32,192,101446,1,0,0:0:0:0:
288,192,101446,1,0,0:0:0:0:
480,192,101624,1,0,0:0:0:30:normal-hitclap.wav
32,192,101624,1,0,0:0:0:70:cymbol.wav
182,192,101624,1,0,0:0:0:0:
182,192,101714,1,0,0:0:0:0:
416,192,101803,1,0,0:0:0:0:
96,192,101803,1,0,0:0:0:0:
480,192,101981,1,0,0:0:0:70:cymbol.wav
352,192,101981,1,0,0:0:0:0:
32,192,101981,1,0,0:0:0:0:
416,192,102160,1,0,0:0:0:70:cymbol.wav
480,192,102160,1,0,0:0:0:0:
288,192,102160,1,0,0:0:0:0:
32,192,102160,1,0,0:0:0:0:
160,192,102160,1,0,0:0:0:0:
352,0,102874,128,0,103589:0:0:0:70:cymbol.wav
416,192,102874,1,0,0:0:0:0:
256,192,105731,128,0,106446:0:0:0:0:
416,192,106446,1,0,0:0:0:30:cymbol01.wav
480,0,106446,128,0,107874:0:0:0:70:bassdrum.wav
32,192,106446,1,0,0:0:0:70:cymbol.wav
352,192,106446,1,0,0:0:0:0:
96,192,106535,1,0,0:0:0:0:
288,192,106624,1,0,0:0:0:70:whistle.wav
160,192,106624,1,0,0:0:0:0:
352,192,106714,1,0,0:0:0:0:
96,192,106714,1,0,0:0:0:0:
416,192,106803,1,0,0:0:0:30:normal-hitclap.wav
288,192,106803,1,0,0:0:0:70:bassdrum.wav
32,192,106803,1,0,0:0:0:0:
96,192,106892,1,0,0:0:0:0:
352,192,106981,1,0,0:0:0:70:whistle.wav
160,192,106981,1,0,0:0:0:0:
96,192,107071,1,0,0:0:0:0:
288,192,107160,1,0,0:0:0:70:bassdrum.wav
32,192,107160,1,0,0:0:0:0:
96,192,107249,1,0,0:0:0:0:
352,192,107339,1,0,0:0:0:70:whistle.wav
160,192,107339,1,0,0:0:0:0:
288,192,107428,1,0,0:0:0:0:
96,192,107428,1,0,0:0:0:0:
416,192,107517,1,0,0:0:0:30:normal-hitclap.wav
352,192,107517,1,0,0:0:0:70:bassdrum.wav
32,192,107517,1,0,0:0:0:0:
96,192,107606,1,0,0:0:0:0:
288,192,107696,1,0,0:0:0:70:whistle.wav
160,192,107696,1,0,0:0:0:0:
96,192,107785,1,0,0:0:0:0:
416,192,107874,1,0,0:0:0:70:bassdrum.wav
160,0,107874,128,0,109303:0:0:0:0:
32,192,107874,1,0,0:0:0:0:
288,192,107874,1,0,0:0:0:0:
352,192,107964,1,0,0:0:0:0:
288,192,108053,1,0,0:0:0:70:whistle.wav
96,192,108053,1,0,0:0:0:0:
352,192,108142,1,0,0:0:0:0:
32,192,108142,1,0,0:0:0:0:
480,192,108231,1,0,0:0:0:30:normal-hitclap.wav
416,192,108231,1,0,0:0:0:70:bassdrum.wav
96,192,108231,1,0,0:0:0:0:
352,192,108321,1,0,0:0:0:0:
288,192,108410,1,0,0:0:0:70:whistle.wav
32,192,108410,1,0,0:0:0:0:
352,192,108499,1,0,0:0:0:0:
402,192,108589,1,0,0:0:0:70:bassdrum.wav
109,192,108589,1,0,0:0:0:0:
352,192,108678,1,0,0:0:0:0:
288,192,108767,1,0,0:0:0:70:whistle.wav
32,192,108767,1,0,0:0:0:0:
352,192,108856,1,0,0:0:0:0:
96,192,108856,1,0,0:0:0:0:
480,192,108946,1,0,0:0:0:30:normal-hitclap.wav
416,192,108946,1,0,0:0:0:70:bassdrum.wav
32,192,108946,1,0,0:0:0:0:
352,192,109035,1,0,0:0:0:0:
288,192,109124,1,0,0:0:0:70:whistle.wav
96,192,109124,1,0,0:0:0:0:
352,192,109214,1,0,0:0:0:0:
288,192,109303,1,0,0:0:0:70:bassdrum.wav
480,192,109303,1,0,0:0:0:0:
32,192,109303,1,0,0:0:0:0:
96,0,109303,128,0,110017:0:0:0:0:
416,192,109392,1,0,0:0:0:0:
352,192,109481,1,0,0:0:0:70:whistle.wav
160,192,109481,1,0,0:0:0:0:
416,192,109571,1,0,0:0:0:0:
32,192,109571,1,0,0:0:0:0:
480,192,109660,1,0,0:0:0:30:normal-hitclap.wav
288,192,109660,1,0,0:0:0:70:bassdrum.wav
160,192,109660,1,0,0:0:0:0:
416,192,109749,1,0,0:0:0:0:
352,192,109839,1,0,0:0:0:70:whistle.wav
32,192,109839,1,0,0:0:0:0:
416,192,109928,1,0,0:0:0:0:
288,0,110017,128,0,110731:0:0:0:70:bassdrum.wav
480,192,110017,1,0,0:0:0:0:
32,192,110017,1,0,0:0:0:0:
96,192,110106,1,0,0:0:0:0:
416,192,110196,1,0,0:0:0:70:whistle.wav
160,192,110196,1,0,0:0:0:0:
480,192,110285,1,0,0:0:0:0:
96,192,110285,1,0,0:0:0:0:
416,192,110374,1,0,0:0:0:30:normal-hitclap.wav
352,192,110374,1,0,0:0:0:70:bassdrum.wav
32,192,110374,1,0,0:0:0:0:
96,192,110464,1,0,0:0:0:0:
480,192,110553,1,0,0:0:0:70:whistle.wav
160,192,110553,1,0,0:0:0:0:
96,192,110642,1,0,0:0:0:0:
480,192,110731,1,0,0:0:0:70:bassdrum.wav
416,0,110731,128,0,112160:0:0:0:0:
352,192,110731,1,0,0:0:0:0:
32,192,110731,1,0,0:0:0:0:
160,192,110731,1,0,0:0:0:0:
288,192,110821,1,0,0:0:0:0:
160,192,110910,1,0,0:0:0:70:whistle.wav
96,192,110910,1,0,0:0:0:0:
480,192,110999,1,0,0:0:0:0:
288,192,110999,1,0,0:0:0:0:
352,192,111089,1,0,0:0:0:30:normal-hitclap.wav
96,192,111089,1,0,0:0:0:70:bassdrum.wav
32,192,111089,1,0,0:0:0:0:
288,192,111178,1,0,0:0:0:0:
480,192,111267,1,0,0:0:0:70:whistle.wav
160,192,111267,1,0,0:0:0:0:
288,192,111356,1,0,0:0:0:0:
352,192,111446,1,0,0:0:0:70:bassdrum.wav
96,192,111446,1,0,0:0:0:0:
288,192,111535,1,0,0:0:0:0:
480,192,111624,1,0,0:0:0:70:do1.wav
160,192,111624,1,0,0:0:0:0:
32,192,111624,1,0,0:0:0:0:
288,192,111714,1,0,0:0:0:0:
352,192,111803,1,0,0:0:0:30:normal-hitclap.wav
480,192,111803,1,0,0:0:0:70:bassdrum.wav
32,192,111803,1,0,0:0:0:70:do1.wav
160,192,111803,1,0,0:0:0:0:
288,192,111892,1,0,0:0:0:0:
480,192,111981,1,0,0:0:0:70:do1.wav
160,192,111981,1,0,0:0:0:0:
32,192,111981,1,0,0:0:0:0:
96,192,112071,1,0,0:0:0:0:
352,192,112160,1,0,0:0:0:70:cymbol01.wav
480,0,112160,128,0,113589:0:0:0:70:bassdrum.wav
160,192,112160,1,0,0:0:0:0:
288,192,112160,1,0,0:0:0:0:
96,192,112249,1,0,0:0:0:0:
288,192,112339,1,0,0:0:0:70:whistle.wav
160,192,112339,1,0,0:0:0:0:
352,192,112428,1,0,0:0:0:0:
96,192,112428,1,0,0:0:0:0:
416,192,112517,1,0,0:0:0:30:normal-hitclap.wav
288,192,112517,1,0,0:0:0:70:bassdrum.wav
32,192,112517,1,0,0:0:0:0:
96,192,112606,1,0,0:0:0:0:
352,192,112696,1,0,0:0:0:70:whistle.wav
160,192,112696,1,0,0:0:0:0:
96,192,112785,1,0,0:0:0:0:
288,192,112874,1,0,0:0:0:70:bassdrum.wav
32,192,112874,1,0,0:0:0:0:
96,192,112964,1,0,0:0:0:0:
352,192,113053,1,0,0:0:0:70:whistle.wav
160,192,113053,1,0,0:0:0:0:
288,192,113142,1,0,0:0:0:0:
96,192,113142,1,0,0:0:0:0:
416,192,113231,1,0,0:0:0:30:normal-hitclap.wav
352,192,113231,1,0,0:0:0:70:bassdrum.wav
32,192,113231,1,0,0:0:0:0:
96,192,113321,1,0,0:0:0:0:
288,192,113410,1,0,0:0:0:70:whistle.wav
160,192,113410,1,0,0:0:0:0:
96,192,113499,1,0,0:0:0:0:
416,192,113589,1,0,0:0:0:70:bassdrum.wav
160,0,113589,128,0,115017:0:0:0:0:
32,192,113589,1,0,0:0:0:0:
288,192,113589,1,0,0:0:0:0:
352,192,113678,1,0,0:0:0:0:
288,192,113767,1,0,0:0:0:70:whistle.wav
96,192,113767,1,0,0:0:0:0:
352,192,113856,1,0,0:0:0:0:
32,192,113856,1,0,0:0:0:0:
480,192,113946,1,0,0:0:0:30:normal-hitclap.wav
416,192,113946,1,0,0:0:0:70:bassdrum.wav
96,192,113946,1,0,0:0:0:0:
352,192,114035,1,0,0:0:0:0:
288,192,114124,1,0,0:0:0:70:whistle.wav
32,192,114124,1,0,0:0:0:0:
352,192,114214,1,0,0:0:0:0:
416,192,114303,1,0,0:0:0:70:bassdrum.wav
96,192,114303,1,0,0:0:0:0:
352,192,114392,1,0,0:0:0:0:
288,192,114481,1,0,0:0:0:70:whistle.wav
32,192,114481,1,0,0:0:0:0:
352,192,114571,1,0,0:0:0:0:
96,192,114571,1,0,0:0:0:0:
480,192,114660,1,0,0:0:0:30:normal-hitclap.wav
416,192,114660,1,0,0:0:0:70:bassdrum.wav
32,192,114660,1,0,0:0:0:0:
352,192,114749,1,0,0:0:0:0:
288,192,114839,1,0,0:0:0:70:whistle.wav
96,192,114839,1,0,0:0:0:0:
352,192,114928,1,0,0:0:0:0:
256,192,115017,1,0,0:0:0:70:bassdrum.wav
475,192,115017,1,0,0:0:0:0:
32,192,115017,1,0,0:0:0:0:
96,0,115017,128,0,115731:0:0:0:0:
416,192,115106,1,0,0:0:0:0:
352,192,115196,1,0,0:0:0:70:whistle.wav
160,192,115196,1,0,0:0:0:0:
416,192,115285,1,0,0:0:0:0:
32,192,115285,1,0,0:0:0:0:
480,192,115374,1,0,0:0:0:30:normal-hitclap.wav
288,192,115374,1,0,0:0:0:70:bassdrum.wav
160,192,115374,1,0,0:0:0:0:
416,192,115464,1,0,0:0:0:0:
352,192,115553,1,0,0:0:0:70:whistle.wav
32,192,115553,1,0,0:0:0:0:
416,192,115642,1,0,0:0:0:0:
288,0,115731,128,0,116446:0:0:0:70:bassdrum.wav
480,192,115731,1,0,0:0:0:0:
32,192,115731,1,0,0:0:0:0:
96,192,115821,1,0,0:0:0:0:
416,192,115910,1,0,0:0:0:70:whistle.wav
160,192,115910,1,0,0:0:0:0:
480,192,115999,1,0,0:0:0:0:
96,192,115999,1,0,0:0:0:0:
416,192,116089,1,0,0:0:0:30:normal-hitclap.wav
352,192,116089,1,0,0:0:0:70:bassdrum.wav
32,192,116089,1,0,0:0:0:0:
96,192,116178,1,0,0:0:0:0:
480,192,116267,1,0,0:0:0:70:whistle.wav
160,192,116267,1,0,0:0:0:0:
96,192,116356,1,0,0:0:0:0:
480,192,116446,1,0,0:0:0:70:bassdrum.wav
416,0,116446,128,0,117874:0:0:0:0:
352,192,116446,1,0,0:0:0:0:
32,192,116446,1,0,0:0:0:0:
160,192,116446,1,0,0:0:0:0:
288,192,116535,1,0,0:0:0:0:
160,192,116624,1,0,0:0:0:70:whistle.wav
96,192,116624,1,0,0:0:0:0:
480,192,116714,1,0,0:0:0:0:
288,192,116714,1,0,0:0:0:0:
352,192,116803,1,0,0:0:0:30:normal-hitclap.wav
96,192,116803,1,0,0:0:0:70:bassdrum.wav
32,192,116803,1,0,0:0:0:0:
288,192,116892,1,0,0:0:0:0:
480,192,116981,1,0,0:0:0:70:whistle.wav
160,192,116981,1,0,0:0:0:0:
288,192,117071,1,0,0:0:0:0:
352,192,117160,1,0,0:0:0:70:bassdrum.wav
96,192,117160,1,0,0:0:0:0:
32,192,117160,1,0,0:0:0:0:
288,192,117249,1,0,0:0:0:70:do1.wav
480,192,117339,1,0,0:0:0:70:whistle.wav
160,192,117339,1,0,0:0:0:70:do1.wav
32,192,117339,1,0,0:0:0:0:
288,192,117428,1,0,0:0:0:70:do1.wav
96,192,117428,1,0,0:0:0:0:
480,192,117517,1,0,0:0:0:30:normal-hitclap.wav
352,192,117517,1,0,0:0:0:70:bassdrum.wav
32,192,117517,1,0,0:0:0:0:
288,192,117606,1,0,0:0:0:0:
160,192,117696,1,0,0:0:0:70:whistle.wav
96,192,117696,1,0,0:0:0:70:do1.wav
32,192,117696,1,0,0:0:0:0:
288,192,117785,1,0,0:0:0:0:
352,192,117874,1,0,0:0:0:70:cymbol01.wav
480,192,117874,1,0,0:0:0:70:bassdrum.wav
32,192,117874,1,0,0:0:0:0:
160,192,117874,1,0,0:0:0:0:
288,192,117964,1,0,0:0:0:0:
352,192,118053,1,0,0:0:0:70:whistle.wav
96,192,118053,1,0,0:0:0:0:
480,192,118142,1,0,0:0:0:0:
288,192,118142,1,0,0:0:0:0:
352,192,118231,1,0,0:0:0:30:normal-hitclap.wav
416,192,118231,1,0,0:0:0:70:bassdrum.wav
32,192,118231,1,0,0:0:0:0:
160,192,118231,1,0,0:0:0:0:
288,192,118321,1,0,0:0:0:0:
416,192,118410,1,0,0:0:0:70:whistle.wav
96,192,118410,1,0,0:0:0:0:
288,192,118499,1,0,0:0:0:0:
352,192,118589,1,0,0:0:0:70:bassdrum.wav
160,192,118589,1,0,0:0:0:70:cymbol.wav
32,192,118589,1,0,0:0:0:0:
288,192,118678,1,0,0:0:0:0:
352,192,118767,1,0,0:0:0:70:whistle.wav
96,192,118767,1,0,0:0:0:0:
480,192,118856,1,0,0:0:0:0:
288,192,118856,1,0,0:0:0:0:
352,192,118946,1,0,0:0:0:30:normal-hitclap.wav
416,192,118946,1,0,0:0:0:70:bassdrum.wav
32,192,118946,1,0,0:0:0:0:
160,192,118946,1,0,0:0:0:0:
288,192,119035,1,0,0:0:0:0:
416,192,119124,1,0,0:0:0:70:whistle.wav
96,192,119124,1,0,0:0:0:0:
288,192,119214,1,0,0:0:0:0:
329,192,119303,1,0,0:0:0:70:bassdrum.wav
475,192,119303,1,0,0:0:0:70:cymbol.wav
32,192,119303,1,0,0:0:0:0:
160,192,119303,1,0,0:0:0:0:
288,192,119392,1,0,0:0:0:0:
416,192,119481,1,0,0:0:0:70:whistle.wav
32,192,119481,1,0,0:0:0:0:
352,192,119571,1,0,0:0:0:0:
160,192,119571,1,0,0:0:0:0:
288,192,119660,1,0,0:0:0:30:normal-hitclap.wav
480,192,119660,1,0,0:0:0:70:bassdrum.wav
32,192,119660,1,0,0:0:0:70:cymbol.wav
96,192,119660,1,0,0:0:0:0:
160,192,119749,1,0,0:0:0:0:
416,192,119839,1,0,0:0:0:70:whistle.wav
96,192,119839,1,0,0:0:0:0:
160,192,119928,1,0,0:0:0:0:
480,192,120017,1,0,0:0:0:70:bassdrum.wav
352,192,120017,1,0,0:0:0:70:cymbol.wav
32,192,120017,1,0,0:0:0:0:
288,192,120106,1,0,0:0:0:0:
416,192,120196,1,0,0:0:0:70:whistle.wav
96,192,120196,1,0,0:0:0:0:
352,192,120285,1,0,0:0:0:0:
160,192,120285,1,0,0:0:0:0:
288,192,120374,1,0,0:0:0:30:normal-hitclap.wav
480,192,120374,1,0,0:0:0:70:bassdrum.wav
32,192,120374,1,0,0:0:0:0:
96,192,120374,1,0,0:0:0:0:
160,192,120464,1,0,0:0:0:0:
416,192,120553,1,0,0:0:0:70:whistle.wav
96,192,120553,1,0,0:0:0:0:
160,192,120642,1,0,0:0:0:0:
480,192,120731,1,0,0:0:0:70:bassdrum.wav
288,192,120731,1,0,0:0:0:70:cymbol.wav
32,192,120731,1,0,0:0:0:0:
352,192,120821,1,0,0:0:0:0:
416,192,120910,1,0,0:0:0:70:whistle.wav
96,192,120910,1,0,0:0:0:0:
288,192,120999,1,0,0:0:0:0:
32,192,120999,1,0,0:0:0:0:
480,192,121089,1,0,0:0:0:30:normal-hitclap.wav
160,192,121089,1,0,0:0:0:70:bassdrum.wav
96,192,121089,1,0,0:0:0:0:
352,192,121178,1,0,0:0:0:0:
416,192,121267,1,0,0:0:0:70:whistle.wav
32,192,121267,1,0,0:0:0:0:
288,192,121356,1,0,0:0:0:0:
480,192,121446,1,0,0:0:0:70:bassdrum.wav
160,192,121446,1,0,0:0:0:70:cymbol.wav
96,192,121446,1,0,0:0:0:0:
352,192,121535,1,0,0:0:0:0:
480,192,121624,1,0,0:0:0:70:whistle.wav
32,192,121624,1,0,0:0:0:0:
352,192,121714,1,0,0:0:0:0:
416,192,121803,1,0,0:0:0:30:normal-hitclap.wav
160,192,121803,1,0,0:0:0:70:bassdrum.wav
96,192,121803,1,0,0:0:0:0:
288,192,121892,1,0,0:0:0:0:
32,192,121892,1,0,0:0:0:0:
480,192,121981,1,0,0:0:0:70:whistle.wav
96,192,121981,1,0,0:0:0:0:
416,192,122071,1,0,0:0:0:0:
352,192,122160,1,0,0:0:0:70:soft-hitnormal.wav
288,192,122160,1,0,0:0:0:70:bassdrum.wav
32,192,122160,1,0,0:0:0:0:
96,192,122249,1,0,0:0:0:0:
416,192,122339,1,0,0:0:0:70:whistle.wav
160,192,122339,1,0,0:0:0:0:
352,192,122428,1,0,0:0:0:0:
32,192,122428,1,0,0:0:0:0:
480,192,122517,1,0,0:0:0:30:normal-hitclap.wav
416,192,122517,1,0,0:0:0:70:bassdrum.wav
288,192,122517,1,0,0:0:0:0:
96,192,122606,1,0,0:0:0:0:
352,192,122696,1,0,0:0:0:70:whistle.wav
160,192,122696,1,0,0:0:0:0:
32,192,122785,1,0,0:0:0:0:
480,192,122874,1,0,0:0:0:70:bassdrum.wav
416,192,122874,1,0,0:0:0:0:
288,192,122874,1,0,0:0:0:0:
96,192,122964,1,0,0:0:0:0:
352,192,123053,1,0,0:0:0:70:whistle.wav
288,192,123053,1,0,0:0:0:0:
96,192,123142,1,0,0:0:0:0:
480,192,123231,1,0,0:0:0:30:normal-hitclap.wav
416,192,123231,1,0,0:0:0:70:bassdrum.wav
160,192,123231,1,0,0:0:0:0:
352,192,123321,1,0,0:0:0:0:
32,192,123321,1,0,0:0:0:0:
416,192,123410,1,0,0:0:0:70:whistle.wav
288,192,123410,1,0,0:0:0:0:
96,192,123499,1,0,0:0:0:0:
352,192,123589,1,0,0:0:0:30:cymbol01.wav
480,0,123589,128,0,123946:0:0:0:70:bassdrum.wav
288,192,123589,1,0,0:0:0:70:cymbol.wav
32,192,123589,1,0,0:0:0:0:
160,192,123589,1,0,0:0:0:0:
288,192,123767,1,0,0:0:0:70:whistle.wav
160,192,123856,1,0,0:0:0:0:
329,192,123946,1,0,0:0:0:30:normal-hitclap.wav
402,192,123946,1,0,0:0:0:70:bassdrum.wav
36,192,123946,1,0,0:0:0:0:
96,0,123946,128,0,124303:0:0:0:0:
288,192,124124,1,0,0:0:0:70:whistle.wav
416,0,124303,128,0,124660:0:0:0:70:bassdrum.wav
160,192,124303,1,0,0:0:0:70:cymbol.wav
329,192,124303,1,0,0:0:0:0:
160,192,124481,1,0,0:0:0:70:whistle.wav
96,192,124571,1,0,0:0:0:0:
480,192,124660,1,0,0:0:0:30:normal-hitclap.wav
32,0,124660,128,0,125017:0:0:0:70:bassdrum.wav
288,192,124660,1,0,0:0:0:0:
352,192,124660,1,0,0:0:0:0:
160,192,124839,1,0,0:0:0:70:whistle.wav
416,192,125017,1,0,0:0:0:70:bassdrum.wav
480,0,125017,128,0,125374:0:0:0:0:
96,192,125017,1,0,0:0:0:0:
329,192,125017,1,0,0:0:0:0:
288,192,125196,1,0,0:0:0:70:whistle.wav
160,192,125285,1,0,0:0:0:0:
329,192,125374,1,0,0:0:0:30:normal-hitclap.wav
402,192,125374,1,0,0:0:0:70:bassdrum.wav
32,192,125374,1,0,0:0:0:0:
96,0,125374,128,0,125731:0:0:0:0:
288,192,125553,1,0,0:0:0:70:whistle.wav
416,0,125731,128,0,126089:0:0:0:70:cymbol.wav
182,192,125731,1,0,0:0:0:0:
329,192,125731,1,0,0:0:0:0:
160,192,125910,1,0,0:0:0:70:whistle.wav
96,192,125999,1,0,0:0:0:70:bassdrum.wav
480,192,126089,1,0,0:0:0:30:normal-hitclap.wav
32,0,126089,128,0,126446:0:0:0:70:bassdrum.wav
288,192,126089,1,0,0:0:0:0:
352,192,126089,1,0,0:0:0:0:
160,192,126267,1,0,0:0:0:70:whistle.wav
480,192,126446,1,0,0:0:0:70:bassdrum.wav
416,192,126446,1,0,0:0:0:0:
96,192,126446,1,0,0:0:0:0:
288,192,126535,1,0,0:0:0:0:
160,192,126535,1,0,0:0:0:0:
416,192,126624,1,0,0:0:0:30:normal-hitclap.wav
352,192,126624,1,0,0:0:0:70:bassdrum.wav
96,192,126624,1,0,0:0:0:0:
288,192,126714,1,0,0:0:0:70:bassdrum.wav
480,192,126803,1,0,0:0:0:30:normal-hitclap.wav
416,192,126803,1,0,0:0:0:70:bassdrum.wav
160,192,126803,1,0,0:0:0:0:
32,192,126892,1,0,0:0:0:0:
416,192,126981,1,0,0:0:0:30:normal-hitclap.wav
352,192,126981,1,0,0:0:0:70:bassdrum.wav
96,192,126981,1,0,0:0:0:0:
32,192,127071,1,0,0:0:0:70:bassdrum.wav
480,192,127160,1,0,0:0:0:30:normal-hitclap.wav
416,192,127160,1,0,0:0:0:70:bassdrum.wav
96,192,127160,1,0,0:0:0:0:
288,192,127249,1,0,0:0:0:0:
160,192,127249,1,0,0:0:0:0:
416,192,127339,1,0,0:0:0:30:normal-hitclap.wav
352,192,127339,1,0,0:0:0:70:bassdrum.wav
96,192,127339,1,0,0:0:0:0:
288,192,127428,1,0,0:0:0:70:bassdrum.wav
480,192,127517,1,0,0:0:0:30:normal-hitclap.wav
416,192,127517,1,0,0:0:0:70:bassdrum.wav
160,192,127517,1,0,0:0:0:0:
32,192,127606,1,0,0:0:0:70:bassdrum.wav
416,192,127696,1,0,0:0:0:30:normal-hitclap.wav
352,192,127696,1,0,0:0:0:70:bassdrum.wav
96,192,127696,1,0,0:0:0:0:
32,192,127785,1,0,0:0:0:0:
480,192,127874,1,0,0:0:0:30:normal-hitclap.wav
416,192,127874,1,0,0:0:0:70:bassdrum.wav
96,192,127874,1,0,0:0:0:0:
288,192,127964,1,0,0:0:0:70:bassdrum.wav
160,192,127964,1,0,0:0:0:0:
416,192,128053,1,0,0:0:0:30:normal-hitclap.wav
352,192,128053,1,0,0:0:0:70:bassdrum.wav
96,192,128053,1,0,0:0:0:0:
288,192,128142,1,0,0:0:0:0:
480,192,128231,1,0,0:0:0:30:normal-hitclap.wav
416,192,128231,1,0,0:0:0:70:bassdrum.wav
160,192,128231,1,0,0:0:0:0:
32,192,128321,1,0,0:0:0:70:bassdrum.wav
416,192,128410,1,0,0:0:0:30:normal-hitclap.wav
352,192,128410,1,0,0:0:0:70:bassdrum.wav
96,192,128410,1,0,0:0:0:0:
32,192,128499,1,0,0:0:0:0:
480,192,128499,1,0,0:0:0:0:
288,192,128589,1,0,0:0:0:30:normal-hitclap.wav
160,0,128589,128,0,128767:0:0:0:70:bassdrum.wav
480,192,128678,1,0,0:0:0:70:bassdrum.wav
96,0,128678,128,0,128767:0:0:0:0:
416,192,128767,1,0,0:0:0:30:normal-hitclap.wav
352,192,128767,1,0,0:0:0:70:bassdrum.wav
32,0,128767,128,0,128946:0:0:0:70:do1.wav
96,0,128856,128,0,128946:0:0:0:0:
480,192,128946,1,0,0:0:0:70:bassdrum.wav
288,192,128946,1,0,0:0:0:70:do1.wav
160,0,128946,128,0,129124:0:0:0:0:
96,0,129035,128,0,129124:0:0:0:70:bassdrum.wav
480,192,129124,1,0,0:0:0:70:bassdrum.wav
32,0,129124,128,0,129303:0:0:0:70:do1.wav
352,192,129124,1,0,0:0:0:0:
416,192,129124,1,0,0:0:0:0:
96,0,129214,128,0,129303:0:0:0:0:
480,192,129303,1,0,0:0:0:30:cymbol01.wav
160,192,129303,1,0,0:0:0:70:bassdrum.wav
416,192,129481,1,0,0:0:0:0:
352,192,129660,1,0,0:0:0:0:
288,192,129839,1,0,0:0:0:0:
416,192,130017,1,0,0:0:0:0:
352,192,130196,1,0,0:0:0:0:
288,192,130374,1,0,0:0:0:0:
160,192,130553,1,0,0:0:0:0:
32,192,130731,1,0,0:0:0:0:
96,192,130910,1,0,0:0:0:0:
160,192,131089,1,0,0:0:0:0:
288,192,131267,1,0,0:0:0:0:
416,0,131446,128,0,133589:0:0:0:0:
288,192,132874,1,0,0:0:0:0:
256,192,132993,1,0,0:0:0:0:
