[Metadata]
恋詠桜
Loos
LCH
オモイヨシノ Koi Yomi Zakura
72
0


[TimingPoints]
732,357.142857142857,4,2,2,100,1,0
11446,178.571428571429,4,2,2,100,1,0
11535,357.142857142857,4,2,2,100,1,0
11624,714.285714285714,4,2,2,100,1,0
11803,357.142857142857,4,2,2,100,1,0
17874,714.285714285714,4,2,2,100,1,0
18142,357.142857142857,4,2,2,100,1,0
18276,178.571428571429,4,2,2,100,1,0
18410,357.142857142857,4,2,2,100,1,0
19303,714.285714285714,4,2,2,100,1,0
19392,357.142857142857,4,2,2,100,1,0
19437,178.571428571429,4,2,2,100,1,0
19482,714.285714285714,4,2,2,100,1,0
19660,357.142857142857,4,2,2,100,1,0
19749,178.571428571429,4,2,2,100,1,0
19839,357.142857142857,4,2,2,100,1,0
32160,714.285714285714,4,2,2,100,1,0
32339,357.142857142857,4,2,2,100,1,0
32428,178.571428571429,4,2,2,100,1,0
32517,357.142857142857,4,2,2,100,1,0
32874,714.285714285714,4,2,2,100,1,0
33053,357.142857142857,4,2,2,100,1,0
33142,178.571428571429,4,2,2,100,1,0
33232,357.142857142857,4,2,2,100,1,0
33410,714.285714285714,4,2,2,100,1,0
33589,357.142857142857,4,2,2,100,1,0
33678,178.571428571429,4,2,2,100,1,0
33767,714.285714285714,4,2,2,100,1,0
33946,357.142857142857,4,2,2,100,1,0
34035,178.571428571429,4,2,2,100,1,0
34124,714.285714285714,4,2,2,100,1,0
34303,357.142857142857,4,2,2,100,1,0
34392,178.571428571429,4,2,2,100,1,0
34482,357.142857142857,4,2,2,100,1,0
79482,714.285714285714,4,2,2,100,1,0
79660,357.142857142857,4,2,2,100,1,0
79749,178.571428571429,4,2,2,100,1,0
79839,714.285714285714,4,2,2,100,1,0
80017,357.142857142857,4,2,2,100,1,0
80107,178.571428571429,4,2,2,100,1,0
80196,357.142857142857,4,2,2,100,1,0


[HitObjects]
36,192,732,5,0,0:0:0:0:
109,192,732,1,0,0:0:0:0:
256,192,910,1,0,0:0:0:0:
182,192,910,1,0,0:0:0:0:
402,192,1089,1,0,0:0:0:0:
329,192,1089,1,0,0:0:0:0:
256,192,1267,1,0,0:0:0:0:
182,192,1267,1,0,0:0:0:0:
475,192,1446,1,0,0:0:0:0:
329,192,1446,1,0,0:0:0:0:
182,192,1624,1,0,0:0:0:0:
36,192,1624,1,0,0:0:0:0:
329,192,1803,1,0,0:0:0:0:
109,192,1803,1,0,0:0:0:0:
475,192,1981,1,0,0:0:0:0:
256,192,1981,1,0,0:0:0:0:
402,192,2160,1,0,0:0:0:0:
329,192,2160,1,0,0:0:0:0:
109,192,2339,1,0,0:0:0:0:
36,192,2339,1,0,0:0:0:0:
256,192,2517,1,0,0:0:0:0:
182,192,2517,1,0,0:0:0:0:
402,192,2696,1,0,0:0:0:0:
329,192,2696,1,0,0:0:0:0:
475,192,2874,1,0,0:0:0:0:
256,192,2874,1,0,0:0:0:0:
182,192,3053,1,0,0:0:0:0:
109,192,3053,1,0,0:0:0:0:
329,192,3231,1,0,0:0:0:0:
256,192,3231,1,0,0:0:0:0:
475,192,3410,1,0,0:0:0:0:
402,192,3410,1,0,0:0:0:0:
109,192,3589,1,0,0:0:0:0:
36,192,3589,1,0,0:0:0:0:
182,192,3946,1,0,0:0:0:0:
475,192,4303,1,0,0:0:0:0:
329,192,4660,1,0,0:0:0:0:
402,192,5017,1,0,0:0:0:0:
402,0,5731,128,0,6446:0:0:0:0:
475,192,6446,1,0,0:0:0:0:
256,192,6446,1,0,0:0:0:0:
36,192,6446,1,0,0:0:0:0:
329,192,6624,1,0,0:0:0:0:
182,192,6624,1,0,0:0:0:0:
402,192,6714,1,0,0:0:0:0:
475,192,6803,1,0,0:0:0:0:
109,192,6803,1,0,0:0:0:0:
329,192,6981,1,0,0:0:0:0:
36,192,6981,1,0,0:0:0:0:
402,192,7071,1,0,0:0:0:0:
475,192,7160,1,0,0:0:0:0:
256,192,7160,1,0,0:0:0:0:
109,192,7160,1,0,0:0:0:0:
329,192,7339,1,0,0:0:0:0:
182,192,7339,1,0,0:0:0:0:
402,192,7428,1,0,0:0:0:0:
109,192,7428,1,0,0:0:0:0:
475,192,7517,1,0,0:0:0:0:
36,192,7517,1,0,0:0:0:0:
329,192,7696,1,0,0:0:0:0:
109,192,7696,1,0,0:0:0:0:
402,192,7785,1,0,0:0:0:0:
475,192,7874,1,0,0:0:0:0:
256,192,7874,1,0,0:0:0:0:
36,192,7874,1,0,0:0:0:0:
329,192,8053,1,0,0:0:0:0:
182,192,8053,1,0,0:0:0:0:
109,192,8142,1,0,0:0:0:0:
402,192,8231,1,0,0:0:0:0:
256,192,8231,1,0,0:0:0:0:
36,192,8231,1,0,0:0:0:0:
475,192,8410,1,0,0:0:0:0:
182,192,8410,1,0,0:0:0:0:
109,192,8499,1,0,0:0:0:0:
402,192,8589,1,0,0:0:0:0:
256,192,8589,1,0,0:0:0:0:
36,192,8589,1,0,0:0:0:0:
329,192,8767,1,0,0:0:0:0:
182,192,8767,1,0,0:0:0:0:
402,192,8856,1,0,0:0:0:0:
109,192,8856,1,0,0:0:0:0:
475,192,8946,1,0,0:0:0:0:
36,192,8946,1,0,0:0:0:0:
402,192,9124,1,0,0:0:0:0:
182,192,9124,1,0,0:0:0:0:
109,192,9214,1,0,0:0:0:0:
475,192,9303,1,0,0:0:0:0:
256,192,9303,1,0,0:0:0:0:
36,192,9303,1,0,0:0:0:0:
329,192,9481,1,0,0:0:0:0:
182,192,9481,1,0,0:0:0:0:
402,192,9571,1,0,0:0:0:0:
475,192,9660,1,0,0:0:0:0:
256,192,9660,1,0,0:0:0:0:
109,192,9660,1,0,0:0:0:0:
329,192,9839,1,0,0:0:0:0:
36,192,9839,1,0,0:0:0:0:
402,192,9928,1,0,0:0:0:0:
475,192,10017,1,0,0:0:0:0:
256,192,10017,1,0,0:0:0:0:
109,192,10017,1,0,0:0:0:0:
329,192,10196,1,0,0:0:0:0:
256,192,10196,1,0,0:0:0:0:
182,192,10196,1,0,0:0:0:0:
402,192,10285,1,0,0:0:0:0:
109,192,10285,1,0,0:0:0:0:
475,192,10374,1,0,0:0:0:0:
36,192,10374,1,0,0:0:0:0:
329,192,10553,1,0,0:0:0:0:
256,192,10553,1,0,0:0:0:0:
109,192,10553,1,0,0:0:0:0:
402,192,10642,1,0,0:0:0:0:
475,192,10731,1,0,0:0:0:0:
256,192,10731,1,0,0:0:0:0:
36,192,10731,1,0,0:0:0:0:
109,192,10821,1,0,0:0:0:0:
256,192,10910,1,0,0:0:0:0:
182,192,10910,1,0,0:0:0:0:
109,192,10999,1,0,0:0:0:0:
402,192,11089,1,0,0:0:0:0:
36,192,11089,1,0,0:0:0:0:
109,192,11178,1,0,0:0:0:0:
256,192,11267,1,0,0:0:0:0:
182,192,11267,1,0,0:0:0:0:
109,192,11356,1,0,0:0:0:0:
329,192,11446,1,0,0:0:0:0:
402,192,11446,1,0,0:0:0:0:
475,192,11446,1,0,0:0:0:0:
36,192,11446,1,0,0:0:0:0:
182,192,11446,1,0,0:0:0:0:
256,192,11446,1,0,0:0:0:0:
402,192,12160,1,0,0:0:0:0:
36,0,12160,128,0,13589:0:0:0:0:
329,192,12160,1,0,0:0:0:0:
109,0,12160,128,0,12249:0:0:0:0:
182,0,12160,128,0,12428:0:0:0:0:
475,192,12249,1,0,0:0:0:0:
402,192,12339,1,0,0:0:0:0:
256,0,12339,128,0,12428:0:0:0:0:
329,192,12428,1,0,0:0:0:0:
109,192,12428,1,0,0:0:0:0:
402,0,12517,128,0,12785:0:0:0:0:
475,0,12517,128,0,12607:0:0:0:0:
182,192,12517,1,0,0:0:0:0:
256,192,12517,1,0,0:0:0:0:
109,192,12607,1,0,0:0:0:0:
329,0,12696,128,0,12785:0:0:0:0:
182,192,12696,1,0,0:0:0:0:
475,192,12785,1,0,0:0:0:0:
256,192,12785,1,0,0:0:0:0:
329,192,12874,1,0,0:0:0:0:
402,192,12874,1,0,0:0:0:0:
109,0,12874,128,0,12964:0:0:0:0:
182,0,12874,128,0,13142:0:0:0:0:
475,192,12964,1,0,0:0:0:0:
402,192,13053,1,0,0:0:0:0:
256,0,13053,128,0,13142:0:0:0:0:
329,192,13142,1,0,0:0:0:0:
109,192,13142,1,0,0:0:0:0:
475,0,13232,128,0,13410:0:0:0:0:
256,192,13232,1,0,0:0:0:0:
182,192,13232,1,0,0:0:0:0:
402,0,13321,128,0,13410:0:0:0:0:
329,192,13410,1,0,0:0:0:0:
182,0,13410,128,0,13499:0:0:0:0:
109,0,13410,128,0,13499:0:0:0:0:
256,192,13499,1,0,0:0:0:0:
402,0,13589,128,0,13678:0:0:0:0:
475,0,13589,128,0,15017:0:0:0:0:
329,0,13589,128,0,13857:0:0:0:0:
109,192,13589,1,0,0:0:0:0:
182,192,13589,1,0,0:0:0:0:
36,192,13678,1,0,0:0:0:0:
256,0,13767,128,0,13857:0:0:0:0:
109,192,13767,1,0,0:0:0:0:
402,192,13857,1,0,0:0:0:0:
182,192,13857,1,0,0:0:0:0:
256,192,13946,1,0,0:0:0:0:
329,192,13946,1,0,0:0:0:0:
36,0,13946,128,0,14035:0:0:0:0:
109,0,13946,128,0,14214:0:0:0:0:
402,192,14035,1,0,0:0:0:0:
329,192,14124,1,0,0:0:0:0:
182,0,14124,128,0,14214:0:0:0:0:
256,192,14214,1,0,0:0:0:0:
36,192,14214,1,0,0:0:0:0:
329,0,14303,128,0,14571:0:0:0:0:
402,0,14303,128,0,14392:0:0:0:0:
109,192,14303,1,0,0:0:0:0:
182,192,14303,1,0,0:0:0:0:
36,192,14392,1,0,0:0:0:0:
256,0,14482,128,0,14571:0:0:0:0:
109,192,14482,1,0,0:0:0:0:
402,192,14571,1,0,0:0:0:0:
182,192,14571,1,0,0:0:0:0:
329,192,14660,1,0,0:0:0:0:
256,192,14660,1,0,0:0:0:0:
36,0,14660,128,0,14839:0:0:0:0:
109,0,14749,128,0,14839:0:0:0:0:
402,0,14839,128,0,14928:0:0:0:0:
329,0,14839,128,0,14928:0:0:0:0:
256,192,14839,1,0,0:0:0:0:
182,192,14928,1,0,0:0:0:0:
329,192,15017,1,0,0:0:0:0:
402,192,15017,1,0,0:0:0:0:
256,0,15017,128,0,16357:0:0:0:0:
36,0,15017,128,0,15107:0:0:0:0:
109,0,15017,128,0,15285:0:0:0:0:
475,192,15107,1,0,0:0:0:0:
402,192,15196,1,0,0:0:0:0:
182,0,15196,128,0,15285:0:0:0:0:
329,192,15285,1,0,0:0:0:0:
36,192,15285,1,0,0:0:0:0:
402,0,15374,128,0,15642:0:0:0:0:
475,0,15374,128,0,15464:0:0:0:0:
109,192,15374,1,0,0:0:0:0:
182,192,15374,1,0,0:0:0:0:
36,192,15464,1,0,0:0:0:0:
329,0,15553,128,0,15642:0:0:0:0:
109,192,15553,1,0,0:0:0:0:
475,192,15642,1,0,0:0:0:0:
182,192,15642,1,0,0:0:0:0:
329,192,15732,1,0,0:0:0:0:
402,192,15732,1,0,0:0:0:0:
36,0,15732,128,0,15821:0:0:0:0:
109,0,15732,128,0,15999:0:0:0:0:
475,192,15821,1,0,0:0:0:0:
402,192,15910,1,0,0:0:0:0:
182,0,15910,128,0,15999:0:0:0:0:
329,192,15999,1,0,0:0:0:0:
36,192,15999,1,0,0:0:0:0:
402,0,16089,128,0,16357:0:0:0:0:
475,0,16089,128,0,16178:0:0:0:0:
109,192,16089,1,0,0:0:0:0:
182,192,16089,1,0,0:0:0:0:
36,192,16178,1,0,0:0:0:0:
329,0,16267,128,0,16357:0:0:0:0:
109,192,16267,1,0,0:0:0:0:
475,192,16357,1,0,0:0:0:0:
182,192,16357,1,0,0:0:0:0:
402,192,16446,1,0,0:0:0:0:
36,0,16446,128,0,17874:0:0:0:0:
256,192,16446,1,0,0:0:0:0:
329,192,16446,1,0,0:0:0:0:
475,192,16535,1,0,0:0:0:0:
256,192,16624,1,0,0:0:0:0:
182,192,16624,1,0,0:0:0:0:
109,192,16624,1,0,0:0:0:0:
402,192,16714,1,0,0:0:0:0:
329,192,16714,1,0,0:0:0:0:
256,192,16803,1,0,0:0:0:0:
475,192,16803,1,0,0:0:0:0:
109,192,16803,1,0,0:0:0:0:
182,192,16803,1,0,0:0:0:0:
475,192,16982,1,0,0:0:0:0:
402,192,16982,1,0,0:0:0:0:
329,192,17071,1,0,0:0:0:0:
475,192,17160,1,0,0:0:0:0:
256,192,17160,1,0,0:0:0:0:
109,192,17160,1,0,0:0:0:0:
329,192,17249,1,0,0:0:0:0:
182,192,17249,1,0,0:0:0:0:
402,192,17339,1,0,0:0:0:0:
256,192,17339,1,0,0:0:0:0:
109,192,17339,1,0,0:0:0:0:
475,192,17428,1,0,0:0:0:0:
329,192,17428,1,0,0:0:0:0:
256,192,17517,1,0,0:0:0:0:
402,192,17517,1,0,0:0:0:0:
109,192,17517,1,0,0:0:0:0:
182,192,17517,1,0,0:0:0:0:
329,192,17696,1,0,0:0:0:0:
182,192,17696,1,0,0:0:0:0:
256,192,17785,1,0,0:0:0:0:
402,0,17874,128,0,18053:0:0:0:0:
475,0,17874,128,0,18053:0:0:0:0:
329,192,17874,1,0,0:0:0:0:
109,192,17874,1,0,0:0:0:0:
182,192,17874,1,0,0:0:0:0:
36,0,18410,128,0,19303:0:0:0:0:
109,0,18410,128,0,19303:0:0:0:0:
329,192,18410,1,0,0:0:0:0:
182,192,18410,1,0,0:0:0:0:
256,192,18410,1,0,0:0:0:0:
402,192,18767,1,0,0:0:0:0:
475,192,18767,1,0,0:0:0:0:
329,192,18767,1,0,0:0:0:0:
182,192,18767,1,0,0:0:0:0:
256,192,18767,1,0,0:0:0:0:
402,192,18946,1,0,0:0:0:0:
475,192,18946,1,0,0:0:0:0:
329,192,18946,1,0,0:0:0:0:
182,192,18946,1,0,0:0:0:0:
256,192,18946,1,0,0:0:0:0:
402,0,19303,128,0,19392:0:0:0:0:
475,0,19303,128,0,19392:0:0:0:0:
329,192,19303,1,0,0:0:0:0:
182,192,19303,1,0,0:0:0:0:
256,192,19303,1,0,0:0:0:0:
402,0,19482,128,0,19571:0:0:0:0:
475,0,19482,128,0,19571:0:0:0:0:
329,192,19482,1,0,0:0:0:0:
182,192,19482,1,0,0:0:0:0:
256,192,19482,1,0,0:0:0:0:
36,0,19839,128,0,20732:0:0:0:0:
109,0,19839,128,0,20732:0:0:0:0:
329,192,19839,1,0,0:0:0:0:
182,192,19839,1,0,0:0:0:0:
256,192,19839,1,0,0:0:0:0:
402,192,20196,1,0,0:0:0:0:
475,192,20196,1,0,0:0:0:0:
329,192,20196,1,0,0:0:0:0:
182,192,20196,1,0,0:0:0:0:
256,192,20196,1,0,0:0:0:0:
402,192,20374,1,0,0:0:0:0:
475,192,20374,1,0,0:0:0:0:
329,192,20374,1,0,0:0:0:0:
182,192,20374,1,0,0:0:0:0:
256,192,20374,1,0,0:0:0:0:
329,192,20732,1,0,0:0:0:0:
256,192,20732,1,0,0:0:0:0:
182,192,20732,1,0,0:0:0:0:
475,192,20910,1,0,0:0:0:0:
182,192,21089,1,0,0:0:0:0:
256,192,21089,1,0,0:0:0:0:
36,192,21089,1,0,0:0:0:0:
109,192,21089,1,0,0:0:0:0:
402,192,21267,1,0,0:0:0:0:
329,192,21267,1,0,0:0:0:0:
256,192,21267,1,0,0:0:0:0:
182,192,21446,1,0,0:0:0:0:
402,192,21624,1,0,0:0:0:0:
475,192,21624,1,0,0:0:0:0:
36,192,21624,1,0,0:0:0:0:
329,192,21624,1,0,0:0:0:0:
182,192,21803,1,0,0:0:0:0:
109,192,21803,1,0,0:0:0:0:
36,192,21803,1,0,0:0:0:0:
329,192,21982,1,0,0:0:0:0:
402,192,21982,1,0,0:0:0:0:
182,192,21982,1,0,0:0:0:0:
256,192,21982,1,0,0:0:0:0:
475,192,22160,1,0,0:0:0:0:
402,192,22160,1,0,0:0:0:0:
36,192,22160,1,0,0:0:0:0:
182,192,22339,1,0,0:0:0:0:
109,192,22517,1,0,0:0:0:0:
36,192,22696,1,0,0:0:0:0:
109,192,22874,1,0,0:0:0:0:
402,192,23053,1,0,0:0:0:0:
256,192,23053,1,0,0:0:0:0:
182,192,23053,1,0,0:0:0:0:
329,192,23142,1,0,0:0:0:0:
402,192,23232,1,0,0:0:0:0:
109,192,23232,1,0,0:0:0:0:
36,192,23232,1,0,0:0:0:0:
402,192,23410,1,0,0:0:0:0:
475,0,23589,128,0,25017:0:0:0:0:
402,192,23589,1,0,0:0:0:0:
182,192,23589,1,0,0:0:0:0:
109,192,23678,1,0,0:0:0:0:
329,192,23767,1,0,0:0:0:0:
256,192,23767,1,0,0:0:0:0:
36,192,23767,1,0,0:0:0:0:
182,192,23857,1,0,0:0:0:0:
109,192,23857,1,0,0:0:0:0:
329,192,23946,1,0,0:0:0:0:
402,192,23946,1,0,0:0:0:0:
36,192,23946,1,0,0:0:0:0:
256,192,23946,1,0,0:0:0:0:
109,192,24035,1,0,0:0:0:0:
402,192,24124,1,0,0:0:0:0:
329,192,24124,1,0,0:0:0:0:
182,192,24124,1,0,0:0:0:0:
256,192,24303,1,0,0:0:0:0:
36,192,24303,1,0,0:0:0:0:
329,192,24392,1,0,0:0:0:0:
402,192,24482,1,0,0:0:0:0:
182,192,24482,1,0,0:0:0:0:
109,192,24482,1,0,0:0:0:0:
329,192,24571,1,0,0:0:0:0:
256,192,24571,1,0,0:0:0:0:
182,192,24660,1,0,0:0:0:0:
402,192,24660,1,0,0:0:0:0:
36,192,24660,1,0,0:0:0:0:
109,192,24660,1,0,0:0:0:0:
329,192,24749,1,0,0:0:0:0:
256,192,24839,1,0,0:0:0:0:
109,192,24839,1,0,0:0:0:0:
36,192,24839,1,0,0:0:0:0:
329,192,25017,1,0,0:0:0:0:
182,192,25017,1,0,0:0:0:0:
402,192,25107,1,0,0:0:0:0:
475,192,25196,1,0,0:0:0:0:
109,192,25196,1,0,0:0:0:0:
36,192,25196,1,0,0:0:0:0:
402,192,25285,1,0,0:0:0:0:
256,192,25285,1,0,0:0:0:0:
182,192,25285,1,0,0:0:0:0:
329,192,25374,1,0,0:0:0:0:
475,192,25374,1,0,0:0:0:0:
36,192,25374,1,0,0:0:0:0:
109,192,25374,1,0,0:0:0:0:
256,192,25464,1,0,0:0:0:0:
475,192,25553,1,0,0:0:0:0:
402,192,25553,1,0,0:0:0:0:
182,192,25553,1,0,0:0:0:0:
256,192,25642,1,0,0:0:0:0:
329,192,25732,1,0,0:0:0:0:
182,192,25732,1,0,0:0:0:0:
109,192,25821,1,0,0:0:0:0:
475,192,25910,1,0,0:0:0:0:
402,192,25910,1,0,0:0:0:0:
36,192,25910,1,0,0:0:0:0:
329,192,25999,1,0,0:0:0:0:
256,192,25999,1,0,0:0:0:0:
109,192,25999,1,0,0:0:0:0:
402,192,26089,1,0,0:0:0:0:
475,192,26089,1,0,0:0:0:0:
36,192,26089,1,0,0:0:0:0:
182,192,26089,1,0,0:0:0:0:
256,192,26178,1,0,0:0:0:0:
329,192,26267,1,0,0:0:0:0:
109,192,26267,1,0,0:0:0:0:
36,192,26267,1,0,0:0:0:0:
256,192,26357,1,0,0:0:0:0:
329,192,26446,1,0,0:0:0:0:
109,192,26446,1,0,0:0:0:0:
36,0,26446,128,0,27339:0:0:0:0:
402,192,26535,1,0,0:0:0:0:
475,192,26624,1,0,0:0:0:0:
256,192,26624,1,0,0:0:0:0:
182,192,26624,1,0,0:0:0:0:
402,192,26714,1,0,0:0:0:0:
329,192,26714,1,0,0:0:0:0:
256,192,26803,1,0,0:0:0:0:
475,192,26803,1,0,0:0:0:0:
109,192,26803,1,0,0:0:0:0:
182,192,26803,1,0,0:0:0:0:
402,192,26892,1,0,0:0:0:0:
329,192,26982,1,0,0:0:0:0:
182,192,26982,1,0,0:0:0:0:
109,192,26982,1,0,0:0:0:0:
475,192,27160,1,0,0:0:0:0:
256,192,27160,1,0,0:0:0:0:
182,192,27249,1,0,0:0:0:0:
402,192,27339,1,0,0:0:0:0:
329,192,27339,1,0,0:0:0:0:
109,192,27339,1,0,0:0:0:0:
256,192,27428,1,0,0:0:0:0:
182,192,27428,1,0,0:0:0:0:
402,192,27517,1,0,0:0:0:0:
475,192,27517,1,0,0:0:0:0:
109,192,27517,1,0,0:0:0:0:
329,192,27517,1,0,0:0:0:0:
182,192,27607,1,0,0:0:0:0:
475,192,27696,1,0,0:0:0:0:
402,192,27696,1,0,0:0:0:0:
256,192,27696,1,0,0:0:0:0:
329,192,27874,1,0,0:0:0:0:
182,192,27874,1,0,0:0:0:0:
109,192,27964,1,0,0:0:0:0:
475,192,28053,1,0,0:0:0:0:
402,192,28053,1,0,0:0:0:0:
36,192,28053,1,0,0:0:0:0:
329,192,28142,1,0,0:0:0:0:
256,192,28142,1,0,0:0:0:0:
109,192,28142,1,0,0:0:0:0:
402,192,28232,1,0,0:0:0:0:
475,192,28232,1,0,0:0:0:0:
36,192,28232,1,0,0:0:0:0:
182,192,28232,1,0,0:0:0:0:
256,192,28321,1,0,0:0:0:0:
329,192,28410,1,0,0:0:0:0:
109,192,28410,1,0,0:0:0:0:
36,192,28410,1,0,0:0:0:0:
256,192,28499,1,0,0:0:0:0:
329,192,28589,1,0,0:0:0:0:
182,192,28589,1,0,0:0:0:0:
402,192,28678,1,0,0:0:0:0:
475,192,28767,1,0,0:0:0:0:
109,192,28767,1,0,0:0:0:0:
36,192,28767,1,0,0:0:0:0:
402,192,28857,1,0,0:0:0:0:
256,192,28857,1,0,0:0:0:0:
182,192,28857,1,0,0:0:0:0:
329,192,28946,1,0,0:0:0:0:
475,192,28946,1,0,0:0:0:0:
36,192,28946,1,0,0:0:0:0:
109,192,28946,1,0,0:0:0:0:
256,192,29035,1,0,0:0:0:0:
475,192,29124,1,0,0:0:0:0:
402,192,29124,1,0,0:0:0:0:
182,192,29124,1,0,0:0:0:0:
256,192,29214,1,0,0:0:0:0:
182,192,29303,1,0,0:0:0:0:
475,192,29303,1,0,0:0:0:0:
36,0,29303,128,0,29660:0:0:0:0:
109,0,29303,128,0,29482:0:0:0:0:
402,192,29482,1,0,0:0:0:0:
256,192,29482,1,0,0:0:0:0:
256,0,29571,128,0,29749:0:0:0:0:
329,192,29660,1,0,0:0:0:0:
475,192,29660,1,0,0:0:0:0:
109,192,29660,1,0,0:0:0:0:
182,0,29660,128,0,29749:0:0:0:0:
36,192,29749,1,0,0:0:0:0:
402,0,29839,128,0,29928:0:0:0:0:
256,192,29839,1,0,0:0:0:0:
182,192,29839,1,0,0:0:0:0:
182,0,30017,128,0,30196:0:0:0:0:
256,192,30017,1,0,0:0:0:0:
36,192,30017,1,0,0:0:0:0:
109,0,30017,128,0,30374:0:0:0:0:
475,192,30196,1,0,0:0:0:0:
329,192,30196,1,0,0:0:0:0:
329,0,30285,128,0,30464:0:0:0:0:
256,0,30374,128,0,30464:0:0:0:0:
402,192,30374,1,0,0:0:0:0:
36,192,30374,1,0,0:0:0:0:
182,192,30374,1,0,0:0:0:0:
109,192,30464,1,0,0:0:0:0:
475,0,30553,128,0,30642:0:0:0:0:
329,192,30553,1,0,0:0:0:0:
256,192,30553,1,0,0:0:0:0:
256,0,30732,128,0,30910:0:0:0:0:
329,192,30732,1,0,0:0:0:0:
109,192,30732,1,0,0:0:0:0:
182,0,30732,128,0,31089:0:0:0:0:
402,192,30910,1,0,0:0:0:0:
36,192,30910,1,0,0:0:0:0:
402,0,30999,128,0,31178:0:0:0:0:
329,0,31089,128,0,31178:0:0:0:0:
475,192,31089,1,0,0:0:0:0:
109,192,31089,1,0,0:0:0:0:
256,192,31089,1,0,0:0:0:0:
182,192,31178,1,0,0:0:0:0:
402,192,31267,1,0,0:0:0:0:
329,192,31267,1,0,0:0:0:0:
36,0,31267,128,0,31357:0:0:0:0:
182,192,31446,1,0,0:0:0:0:
109,192,31446,1,0,0:0:0:0:
36,192,31446,1,0,0:0:0:0:
475,192,31624,1,0,0:0:0:0:
402,192,31624,1,0,0:0:0:0:
329,192,31714,1,0,0:0:0:0:
256,192,31714,1,0,0:0:0:0:
36,192,31714,1,0,0:0:0:0:
182,192,31803,1,0,0:0:0:0:
109,192,31803,1,0,0:0:0:0:
36,192,31803,1,0,0:0:0:0:
475,192,31982,1,0,0:0:0:0:
402,192,31982,1,0,0:0:0:0:
36,192,31982,1,0,0:0:0:0:
329,0,32160,128,0,32249:0:0:0:0:
182,0,32160,128,0,32249:0:0:0:0:
402,192,32517,1,0,0:0:0:0:
475,192,32517,1,0,0:0:0:0:
256,192,32517,1,0,0:0:0:0:
36,192,32517,1,0,0:0:0:0:
109,192,32517,1,0,0:0:0:0:
329,0,32696,128,0,32741:0:0:0:0:
182,0,32696,128,0,32741:0:0:0:0:
329,0,32874,128,0,32964:0:0:0:0:
182,0,32874,128,0,32964:0:0:0:0:
402,192,33232,1,0,0:0:0:0:
475,192,33232,1,0,0:0:0:0:
256,192,33232,1,0,0:0:0:0:
36,192,33232,1,0,0:0:0:0:
109,192,33232,1,0,0:0:0:0:
329,0,33410,128,0,33499:0:0:0:0:
182,0,33410,128,0,33499:0:0:0:0:
329,192,33767,1,0,0:0:0:0:
402,0,33767,128,0,33857:0:0:0:0:
256,192,33767,1,0,0:0:0:0:
109,0,33767,128,0,33857:0:0:0:0:
182,192,33767,1,0,0:0:0:0:
329,192,34124,1,0,0:0:0:0:
402,192,34124,1,0,0:0:0:0:
475,0,34124,128,0,34214:0:0:0:0:
256,192,34124,1,0,0:0:0:0:
36,0,34124,128,0,34214:0:0:0:0:
109,192,34124,1,0,0:0:0:0:
182,192,34124,1,0,0:0:0:0:
329,192,34482,1,0,0:0:0:0:
402,192,34482,1,0,0:0:0:0:
475,192,34482,1,0,0:0:0:0:
256,0,34482,128,0,34526:0:0:0:0:
36,192,34482,1,0,0:0:0:0:
109,192,34482,1,0,0:0:0:0:
182,192,34482,1,0,0:0:0:0:
329,192,34660,1,0,0:0:0:0:
402,192,34660,1,0,0:0:0:0:
256,0,34660,128,0,34705:0:0:0:0:
109,192,34660,1,0,0:0:0:0:
182,192,34660,1,0,0:0:0:0:
329,192,34839,1,0,0:0:0:0:
256,0,34839,128,0,34883:0:0:0:0:
182,192,34839,1,0,0:0:0:0:
475,0,35017,128,0,35196:0:0:0:0:
109,192,35017,1,0,0:0:0:0:
36,192,35017,1,0,0:0:0:0:
402,192,35107,1,0,0:0:0:0:
329,192,35107,1,0,0:0:0:0:
256,192,35196,1,0,0:0:0:0:
182,192,35196,1,0,0:0:0:0:
36,0,35196,128,0,35464:0:0:0:0:
475,192,35285,1,0,0:0:0:0:
109,0,35285,128,0,35374:0:0:0:0:
329,192,35374,1,0,0:0:0:0:
402,0,35374,128,0,35464:0:0:0:0:
182,192,35374,1,0,0:0:0:0:
256,0,35374,128,0,35732:0:0:0:0:
109,192,35464,1,0,0:0:0:0:
475,0,35553,128,0,35642:0:0:0:0:
402,192,35553,1,0,0:0:0:0:
36,192,35553,1,0,0:0:0:0:
329,192,35642,1,0,0:0:0:0:
182,192,35732,1,0,0:0:0:0:
109,192,35732,1,0,0:0:0:0:
36,0,35732,128,0,35910:0:0:0:0:
475,192,35821,1,0,0:0:0:0:
402,192,35821,1,0,0:0:0:0:
329,192,35910,1,0,0:0:0:0:
256,192,35910,1,0,0:0:0:0:
109,0,35910,128,0,36178:0:0:0:0:
182,0,35999,128,0,36089:0:0:0:0:
36,192,35999,1,0,0:0:0:0:
475,0,36089,128,0,36178:0:0:0:0:
329,0,36089,128,0,36446:0:0:0:0:
256,192,36089,1,0,0:0:0:0:
402,192,36089,1,0,0:0:0:0:
182,192,36178,1,0,0:0:0:0:
475,192,36267,1,0,0:0:0:0:
109,192,36267,1,0,0:0:0:0:
36,0,36267,128,0,36357:0:0:0:0:
402,192,36357,1,0,0:0:0:0:
256,192,36446,1,0,0:0:0:0:
182,192,36446,1,0,0:0:0:0:
109,0,36446,128,0,36624:0:0:0:0:
475,192,36535,1,0,0:0:0:0:
36,192,36535,1,0,0:0:0:0:
402,192,36624,1,0,0:0:0:0:
329,192,36624,1,0,0:0:0:0:
182,0,36624,128,0,36892:0:0:0:0:
256,0,36714,128,0,36803:0:0:0:0:
109,192,36714,1,0,0:0:0:0:
402,0,36803,128,0,37160:0:0:0:0:
475,192,36803,1,0,0:0:0:0:
36,0,36803,128,0,36892:0:0:0:0:
329,192,36803,1,0,0:0:0:0:
256,192,36892,1,0,0:0:0:0:
182,192,36982,1,0,0:0:0:0:
109,0,36982,128,0,37071:0:0:0:0:
36,192,36982,1,0,0:0:0:0:
475,192,37071,1,0,0:0:0:0:
329,192,37160,1,0,0:0:0:0:
256,192,37160,1,0,0:0:0:0:
182,0,37160,128,0,37339:0:0:0:0:
109,192,37249,1,0,0:0:0:0:
36,192,37249,1,0,0:0:0:0:
475,192,37339,1,0,0:0:0:0:
402,192,37339,1,0,0:0:0:0:
256,0,37339,128,0,37607:0:0:0:0:
329,0,37428,128,0,37517:0:0:0:0:
182,192,37428,1,0,0:0:0:0:
402,192,37517,1,0,0:0:0:0:
475,0,37517,128,0,37874:0:0:0:0:
36,192,37517,1,0,0:0:0:0:
109,0,37517,128,0,37607:0:0:0:0:
329,192,37607,1,0,0:0:0:0:
256,192,37696,1,0,0:0:0:0:
182,0,37696,128,0,37785:0:0:0:0:
109,192,37696,1,0,0:0:0:0:
36,192,37785,1,0,0:0:0:0:
402,0,37874,128,0,38053:0:0:0:0:
329,192,37874,1,0,0:0:0:0:
109,0,37874,128,0,37964:0:0:0:0:
256,192,37964,1,0,0:0:0:0:
36,0,37964,128,0,38053:0:0:0:0:
475,0,38053,128,0,38410:0:0:0:0:
329,0,38053,128,0,38589:0:0:0:0:
182,192,38053,1,0,0:0:0:0:
256,0,38142,128,0,38321:0:0:0:0:
109,192,38142,1,0,0:0:0:0:
402,192,38232,1,0,0:0:0:0:
182,0,38232,128,0,38321:0:0:0:0:
36,0,38232,128,0,38589:0:0:0:0:
109,0,38321,128,0,38410:0:0:0:0:
402,0,38410,128,0,38589:0:0:0:0:
256,192,38410,1,0,0:0:0:0:
182,192,38410,1,0,0:0:0:0:
109,192,38499,1,0,0:0:0:0:
475,0,38589,128,0,38678:0:0:0:0:
256,0,38589,128,0,38767:0:0:0:0:
182,192,38589,1,0,0:0:0:0:
402,0,38678,128,0,38767:0:0:0:0:
109,192,38678,1,0,0:0:0:0:
182,0,38767,128,0,39303:0:0:0:0:
329,0,38767,128,0,39124:0:0:0:0:
36,192,38767,1,0,0:0:0:0:
475,192,38857,1,0,0:0:0:0:
109,0,38857,128,0,39035:0:0:0:0:
402,0,38946,128,0,39303:0:0:0:0:
256,192,38946,1,0,0:0:0:0:
36,0,38946,128,0,39035:0:0:0:0:
475,0,39035,128,0,39124:0:0:0:0:
256,0,39124,128,0,39303:0:0:0:0:
109,192,39124,1,0,0:0:0:0:
36,192,39124,1,0,0:0:0:0:
475,192,39214,1,0,0:0:0:0:
329,0,39303,128,0,39392:0:0:0:0:
109,0,39303,128,0,39482:0:0:0:0:
36,192,39303,1,0,0:0:0:0:
475,192,39392,1,0,0:0:0:0:
256,0,39392,128,0,39482:0:0:0:0:
402,192,39482,1,0,0:0:0:0:
182,0,39482,128,0,39839:0:0:0:0:
36,0,39482,128,0,40017:0:0:0:0:
475,0,39571,128,0,39749:0:0:0:0:
329,192,39571,1,0,0:0:0:0:
402,0,39660,128,0,39749:0:0:0:0:
256,0,39660,128,0,40017:0:0:0:0:
109,192,39660,1,0,0:0:0:0:
329,0,39749,128,0,39839:0:0:0:0:
475,192,39839,1,0,0:0:0:0:
402,192,39839,1,0,0:0:0:0:
109,0,39839,128,0,40017:0:0:0:0:
329,192,39928,1,0,0:0:0:0:
475,0,40017,128,0,40196:0:0:0:0:
402,192,40017,1,0,0:0:0:0:
182,0,40017,128,0,40107:0:0:0:0:
329,192,40107,1,0,0:0:0:0:
109,0,40107,128,0,40196:0:0:0:0:
402,0,40196,128,0,40553:0:0:0:0:
256,192,40196,1,0,0:0:0:0:
36,0,40196,128,0,40553:0:0:0:0:
329,0,40285,128,0,40464:0:0:0:0:
182,192,40285,1,0,0:0:0:0:
475,192,40374,1,0,0:0:0:0:
256,0,40374,128,0,40464:0:0:0:0:
109,0,40374,128,0,40642:0:0:0:0:
182,0,40464,128,0,40553:0:0:0:0:
475,0,40553,128,0,40732:0:0:0:0:
329,192,40553,1,0,0:0:0:0:
256,192,40553,1,0,0:0:0:0:
182,192,40642,1,0,0:0:0:0:
402,192,40732,1,0,0:0:0:0:
36,0,40732,128,0,42160:0:0:0:0:
109,192,40732,1,0,0:0:0:0:
256,192,40732,1,0,0:0:0:0:
475,192,40821,1,0,0:0:0:0:
402,192,40910,1,0,0:0:0:0:
109,0,40910,128,0,41089:0:0:0:0:
329,192,40999,1,0,0:0:0:0:
182,0,40999,128,0,41089:0:0:0:0:
402,192,41089,1,0,0:0:0:0:
256,192,41089,1,0,0:0:0:0:
475,192,41178,1,0,0:0:0:0:
402,192,41267,1,0,0:0:0:0:
182,192,41267,1,0,0:0:0:0:
109,192,41267,1,0,0:0:0:0:
329,192,41357,1,0,0:0:0:0:
475,192,41446,1,0,0:0:0:0:
256,192,41446,1,0,0:0:0:0:
109,192,41446,1,0,0:0:0:0:
329,192,41535,1,0,0:0:0:0:
475,0,41624,128,0,41803:0:0:0:0:
256,192,41624,1,0,0:0:0:0:
402,0,41714,128,0,41803:0:0:0:0:
182,192,41714,1,0,0:0:0:0:
256,192,41803,1,0,0:0:0:0:
109,192,41803,1,0,0:0:0:0:
329,192,41892,1,0,0:0:0:0:
475,192,41982,1,0,0:0:0:0:
402,192,41982,1,0,0:0:0:0:
256,192,41982,1,0,0:0:0:0:
182,192,42071,1,0,0:0:0:0:
402,192,42160,1,0,0:0:0:0:
475,0,42160,128,0,43589:0:0:0:0:
109,192,42160,1,0,0:0:0:0:
256,192,42160,1,0,0:0:0:0:
36,192,42249,1,0,0:0:0:0:
402,0,42339,128,0,42517:0:0:0:0:
109,192,42339,1,0,0:0:0:0:
329,0,42428,128,0,42517:0:0:0:0:
182,192,42428,1,0,0:0:0:0:
256,192,42517,1,0,0:0:0:0:
109,192,42517,1,0,0:0:0:0:
36,192,42607,1,0,0:0:0:0:
402,192,42696,1,0,0:0:0:0:
329,192,42696,1,0,0:0:0:0:
109,192,42696,1,0,0:0:0:0:
182,192,42785,1,0,0:0:0:0:
402,192,42874,1,0,0:0:0:0:
256,192,42874,1,0,0:0:0:0:
36,192,42874,1,0,0:0:0:0:
182,192,42964,1,0,0:0:0:0:
256,192,43053,1,0,0:0:0:0:
36,0,43053,128,0,43232:0:0:0:0:
329,192,43142,1,0,0:0:0:0:
109,0,43142,128,0,43232:0:0:0:0:
402,192,43232,1,0,0:0:0:0:
256,192,43232,1,0,0:0:0:0:
182,192,43321,1,0,0:0:0:0:
256,192,43410,1,0,0:0:0:0:
109,192,43410,1,0,0:0:0:0:
36,192,43410,1,0,0:0:0:0:
329,192,43499,1,0,0:0:0:0:
402,192,43589,1,0,0:0:0:0:
182,0,43589,128,0,43633:0:0:0:0:
109,0,43589,128,0,43633:0:0:0:0:
182,0,43767,128,0,43812:0:0:0:0:
109,0,43767,128,0,43812:0:0:0:0:
402,192,43946,1,0,0:0:0:0:
475,192,43946,1,0,0:0:0:0:
329,192,43946,1,0,0:0:0:0:
36,192,43946,1,0,0:0:0:0:
256,192,43946,1,0,0:0:0:0:
329,192,44303,1,0,0:0:0:0:
109,0,44303,128,0,44348:0:0:0:0:
36,0,44303,128,0,44348:0:0:0:0:
109,0,44482,128,0,44526:0:0:0:0:
36,0,44482,128,0,44526:0:0:0:0:
402,192,44660,1,0,0:0:0:0:
475,192,44660,1,0,0:0:0:0:
329,192,44660,1,0,0:0:0:0:
182,192,44660,1,0,0:0:0:0:
256,192,44660,1,0,0:0:0:0:
109,192,44839,1,0,0:0:0:0:
36,192,44928,1,0,0:0:0:0:
475,0,45017,128,0,45062:0:0:0:0:
402,0,45017,128,0,45062:0:0:0:0:
329,192,45017,1,0,0:0:0:0:
475,0,45196,128,0,45241:0:0:0:0:
402,0,45196,128,0,45241:0:0:0:0:
109,192,45374,1,0,0:0:0:0:
36,192,45374,1,0,0:0:0:0:
182,192,45464,1,0,0:0:0:0:
475,192,45553,1,0,0:0:0:0:
402,192,45553,1,0,0:0:0:0:
329,192,45553,1,0,0:0:0:0:
256,192,45642,1,0,0:0:0:0:
182,192,45732,1,0,0:0:0:0:
109,192,45732,1,0,0:0:0:0:
36,192,45732,1,0,0:0:0:0:
475,192,45910,1,0,0:0:0:0:
402,192,45910,1,0,0:0:0:0:
329,192,45999,1,0,0:0:0:0:
256,192,45999,1,0,0:0:0:0:
402,192,46089,1,0,0:0:0:0:
475,192,46089,1,0,0:0:0:0:
182,192,46089,1,0,0:0:0:0:
36,192,46089,1,0,0:0:0:0:
109,192,46089,1,0,0:0:0:0:
256,192,46267,1,0,0:0:0:0:
475,192,46446,1,0,0:0:0:0:
402,192,46446,1,0,0:0:0:0:
329,192,46446,1,0,0:0:0:0:
329,192,46624,1,0,0:0:0:0:
256,192,46624,1,0,0:0:0:0:
182,192,46714,1,0,0:0:0:0:
329,192,46803,1,0,0:0:0:0:
109,192,46803,1,0,0:0:0:0:
36,192,46803,1,0,0:0:0:0:
402,192,46982,1,0,0:0:0:0:
182,192,46982,1,0,0:0:0:0:
329,192,47071,1,0,0:0:0:0:
109,192,47071,1,0,0:0:0:0:
475,192,47160,1,0,0:0:0:0:
475,192,47339,1,0,0:0:0:0:
36,192,47339,1,0,0:0:0:0:
109,192,47428,1,0,0:0:0:0:
475,192,47517,1,0,0:0:0:0:
256,192,47517,1,0,0:0:0:0:
182,192,47517,1,0,0:0:0:0:
109,192,47696,1,0,0:0:0:0:
36,192,47696,1,0,0:0:0:0:
182,192,47785,1,0,0:0:0:0:
256,192,47874,1,0,0:0:0:0:
36,192,47874,1,0,0:0:0:0:
475,192,48053,1,0,0:0:0:0:
36,192,48053,1,0,0:0:0:0:
402,192,48142,1,0,0:0:0:0:
329,192,48232,1,0,0:0:0:0:
256,192,48232,1,0,0:0:0:0:
36,192,48232,1,0,0:0:0:0:
402,192,48410,1,0,0:0:0:0:
109,192,48410,1,0,0:0:0:0:
329,192,48499,1,0,0:0:0:0:
36,192,48499,1,0,0:0:0:0:
182,192,48589,1,0,0:0:0:0:
402,192,48767,1,0,0:0:0:0:
475,192,48767,1,0,0:0:0:0:
182,192,48767,1,0,0:0:0:0:
329,192,48767,1,0,0:0:0:0:
256,192,48857,1,0,0:0:0:0:
475,192,48946,1,0,0:0:0:0:
402,192,48946,1,0,0:0:0:0:
182,192,48946,1,0,0:0:0:0:
182,192,49124,1,0,0:0:0:0:
109,192,49214,1,0,0:0:0:0:
475,0,49303,128,0,49839:0:0:0:0:
402,192,49303,1,0,0:0:0:0:
329,192,49303,1,0,0:0:0:0:
329,192,49482,1,0,0:0:0:0:
256,192,49482,1,0,0:0:0:0:
182,192,49571,1,0,0:0:0:0:
329,192,49660,1,0,0:0:0:0:
109,192,49660,1,0,0:0:0:0:
36,192,49660,1,0,0:0:0:0:
402,192,49839,1,0,0:0:0:0:
182,192,49839,1,0,0:0:0:0:
329,192,49928,1,0,0:0:0:0:
109,192,49928,1,0,0:0:0:0:
475,192,50017,1,0,0:0:0:0:
256,0,50017,128,0,50374:0:0:0:0:
475,192,50196,1,0,0:0:0:0:
36,192,50196,1,0,0:0:0:0:
109,192,50285,1,0,0:0:0:0:
475,192,50374,1,0,0:0:0:0:
402,192,50374,1,0,0:0:0:0:
182,192,50374,1,0,0:0:0:0:
329,0,50553,128,0,50910:0:0:0:0:
109,192,50553,1,0,0:0:0:0:
36,192,50553,1,0,0:0:0:0:
182,192,50642,1,0,0:0:0:0:
256,192,50732,1,0,0:0:0:0:
36,192,50732,1,0,0:0:0:0:
475,192,50910,1,0,0:0:0:0:
36,192,50910,1,0,0:0:0:0:
402,192,50999,1,0,0:0:0:0:
256,192,51089,1,0,0:0:0:0:
329,192,51089,1,0,0:0:0:0:
36,192,51089,1,0,0:0:0:0:
182,0,51089,128,0,51267:0:0:0:0:
402,192,51267,1,0,0:0:0:0:
109,192,51267,1,0,0:0:0:0:
329,192,51357,1,0,0:0:0:0:
36,192,51357,1,0,0:0:0:0:
182,192,51446,1,0,0:0:0:0:
109,0,51446,128,0,51624:0:0:0:0:
402,192,51624,1,0,0:0:0:0:
475,192,51624,1,0,0:0:0:0:
182,192,51624,1,0,0:0:0:0:
329,192,51624,1,0,0:0:0:0:
256,192,51714,1,0,0:0:0:0:
402,192,51803,1,0,0:0:0:0:
475,192,51803,1,0,0:0:0:0:
36,0,51803,128,0,51982:0:0:0:0:
182,192,51803,1,0,0:0:0:0:
256,192,51982,1,0,0:0:0:0:
182,192,51982,1,0,0:0:0:0:
109,192,52071,1,0,0:0:0:0:
402,192,52160,1,0,0:0:0:0:
329,192,52160,1,0,0:0:0:0:
36,0,52160,128,0,52874:0:0:0:0:
329,192,52339,1,0,0:0:0:0:
256,192,52339,1,0,0:0:0:0:
182,192,52428,1,0,0:0:0:0:
475,192,52517,1,0,0:0:0:0:
329,192,52517,1,0,0:0:0:0:
109,192,52517,1,0,0:0:0:0:
402,192,52696,1,0,0:0:0:0:
182,192,52696,1,0,0:0:0:0:
329,192,52785,1,0,0:0:0:0:
109,192,52785,1,0,0:0:0:0:
475,192,52874,1,0,0:0:0:0:
475,192,53053,1,0,0:0:0:0:
36,192,53053,1,0,0:0:0:0:
109,192,53142,1,0,0:0:0:0:
475,192,53232,1,0,0:0:0:0:
256,192,53232,1,0,0:0:0:0:
182,192,53232,1,0,0:0:0:0:
109,192,53410,1,0,0:0:0:0:
36,192,53410,1,0,0:0:0:0:
182,192,53499,1,0,0:0:0:0:
256,192,53589,1,0,0:0:0:0:
36,192,53589,1,0,0:0:0:0:
475,192,53767,1,0,0:0:0:0:
36,192,53767,1,0,0:0:0:0:
402,192,53857,1,0,0:0:0:0:
329,192,53946,1,0,0:0:0:0:
256,192,53946,1,0,0:0:0:0:
36,192,53946,1,0,0:0:0:0:
402,192,54124,1,0,0:0:0:0:
109,192,54124,1,0,0:0:0:0:
475,192,54214,1,0,0:0:0:0:
36,192,54214,1,0,0:0:0:0:
329,192,54303,1,0,0:0:0:0:
402,192,54303,1,0,0:0:0:0:
475,192,54303,1,0,0:0:0:0:
256,192,54303,1,0,0:0:0:0:
36,192,54303,1,0,0:0:0:0:
109,192,54303,1,0,0:0:0:0:
182,192,54303,1,0,0:0:0:0:
329,192,54660,1,0,0:0:0:0:
402,192,54660,1,0,0:0:0:0:
475,192,54660,1,0,0:0:0:0:
256,192,54660,1,0,0:0:0:0:
36,192,54660,1,0,0:0:0:0:
109,192,54660,1,0,0:0:0:0:
182,192,54660,1,0,0:0:0:0:
475,0,55017,128,0,55107:0:0:0:0:
402,0,55017,128,0,55107:0:0:0:0:
329,192,55017,1,0,0:0:0:0:
182,0,55196,128,0,55285:0:0:0:0:
109,0,55196,128,0,55285:0:0:0:0:
402,0,55285,128,0,55374:0:0:0:0:
475,0,55285,128,0,55374:0:0:0:0:
256,192,55285,1,0,0:0:0:0:
329,192,55285,1,0,0:0:0:0:
182,192,55374,1,0,0:0:0:0:
109,0,55374,128,0,55464:0:0:0:0:
36,0,55374,128,0,55464:0:0:0:0:
402,0,55553,128,0,55642:0:0:0:0:
329,0,55553,128,0,55642:0:0:0:0:
182,192,55642,1,0,0:0:0:0:
256,192,55642,1,0,0:0:0:0:
36,0,55642,128,0,55732:0:0:0:0:
109,0,55642,128,0,55732:0:0:0:0:
475,0,55732,128,0,55821:0:0:0:0:
402,0,55732,128,0,55821:0:0:0:0:
329,192,55732,1,0,0:0:0:0:
182,0,55910,128,0,55999:0:0:0:0:
109,0,55910,128,0,55999:0:0:0:0:
402,0,55999,128,0,56089:0:0:0:0:
475,0,55999,128,0,56089:0:0:0:0:
256,192,55999,1,0,0:0:0:0:
329,192,55999,1,0,0:0:0:0:
182,192,56089,1,0,0:0:0:0:
109,0,56089,128,0,56178:0:0:0:0:
36,0,56089,128,0,56178:0:0:0:0:
402,0,56267,128,0,56357:0:0:0:0:
329,0,56267,128,0,56357:0:0:0:0:
36,0,56357,128,0,56446:0:0:0:0:
109,0,56357,128,0,56446:0:0:0:0:
182,192,56357,1,0,0:0:0:0:
256,192,56357,1,0,0:0:0:0:
402,192,56446,1,0,0:0:0:0:
475,192,56446,1,0,0:0:0:0:
329,192,56446,1,0,0:0:0:0:
182,192,56446,1,0,0:0:0:0:
256,192,56446,1,0,0:0:0:0:
256,192,57339,1,0,0:0:0:0:
256,192,57428,1,0,0:0:0:0:
256,192,57517,1,0,0:0:0:0:
256,192,57696,1,0,0:0:0:0:
475,192,57874,1,0,0:0:0:0:
36,0,57874,128,0,59303:0:0:0:0:
402,192,57874,1,0,0:0:0:0:
109,192,57874,1,0,0:0:0:0:
329,192,57874,1,0,0:0:0:0:
182,192,58053,1,0,0:0:0:0:
256,192,58232,1,0,0:0:0:0:
329,192,58410,1,0,0:0:0:0:
402,192,58589,1,0,0:0:0:0:
329,192,58767,1,0,0:0:0:0:
256,192,58946,1,0,0:0:0:0:
182,192,59124,1,0,0:0:0:0:
475,0,59303,128,0,60732:0:0:0:0:
109,192,59303,1,0,0:0:0:0:
182,192,59482,1,0,0:0:0:0:
256,192,59660,1,0,0:0:0:0:
329,192,59839,1,0,0:0:0:0:
402,192,60017,1,0,0:0:0:0:
329,192,60196,1,0,0:0:0:0:
256,192,60374,1,0,0:0:0:0:
182,192,60553,1,0,0:0:0:0:
402,0,60732,128,0,63589:0:0:0:0:
36,192,60732,1,0,0:0:0:0:
109,192,60910,1,0,0:0:0:0:
182,192,61089,1,0,0:0:0:0:
256,192,61267,1,0,0:0:0:0:
329,192,61446,1,0,0:0:0:0:
256,192,61624,1,0,0:0:0:0:
182,192,61803,1,0,0:0:0:0:
109,192,61982,1,0,0:0:0:0:
36,192,62160,1,0,0:0:0:0:
109,192,62339,1,0,0:0:0:0:
182,192,62517,1,0,0:0:0:0:
256,192,62696,1,0,0:0:0:0:
329,192,62874,1,0,0:0:0:0:
256,192,63053,1,0,0:0:0:0:
182,192,63232,1,0,0:0:0:0:
109,192,63410,1,0,0:0:0:0:
329,0,63589,128,0,65017:0:0:0:0:
475,192,63589,1,0,0:0:0:0:
402,192,63767,1,0,0:0:0:0:
182,192,63946,1,0,0:0:0:0:
109,192,64124,1,0,0:0:0:0:
36,192,64303,1,0,0:0:0:0:
109,192,64482,1,0,0:0:0:0:
182,192,64660,1,0,0:0:0:0:
402,192,64839,1,0,0:0:0:0:
256,0,65017,128,0,66446:0:0:0:0:
475,192,65017,1,0,0:0:0:0:
402,192,65196,1,0,0:0:0:0:
329,192,65374,1,0,0:0:0:0:
182,192,65553,1,0,0:0:0:0:
109,192,65732,1,0,0:0:0:0:
182,192,65910,1,0,0:0:0:0:
329,192,66089,1,0,0:0:0:0:
402,192,66267,1,0,0:0:0:0:
182,0,66446,128,0,67874:0:0:0:0:
36,192,66446,1,0,0:0:0:0:
109,192,66624,1,0,0:0:0:0:
329,192,66803,1,0,0:0:0:0:
402,192,66982,1,0,0:0:0:0:
475,192,67160,1,0,0:0:0:0:
402,192,67339,1,0,0:0:0:0:
329,192,67517,1,0,0:0:0:0:
109,192,67696,1,0,0:0:0:0:
256,0,67874,128,0,69303:0:0:0:0:
36,192,67874,1,0,0:0:0:0:
109,192,68053,1,0,0:0:0:0:
182,192,68232,1,0,0:0:0:0:
329,192,68410,1,0,0:0:0:0:
402,192,68589,1,0,0:0:0:0:
329,192,68767,1,0,0:0:0:0:
182,192,68946,1,0,0:0:0:0:
109,192,69124,1,0,0:0:0:0:
402,192,69303,1,0,0:0:0:0:
475,192,69303,1,0,0:0:0:0:
329,192,69303,1,0,0:0:0:0:
36,192,69303,1,0,0:0:0:0:
109,192,69303,1,0,0:0:0:0:
182,192,69482,1,0,0:0:0:0:
36,192,69482,1,0,0:0:0:0:
256,192,69660,1,0,0:0:0:0:
36,192,69660,1,0,0:0:0:0:
329,192,69839,1,0,0:0:0:0:
36,192,69839,1,0,0:0:0:0:
402,192,70017,1,0,0:0:0:0:
36,192,70017,1,0,0:0:0:0:
329,192,70196,1,0,0:0:0:0:
36,192,70196,1,0,0:0:0:0:
256,192,70374,1,0,0:0:0:0:
36,192,70374,1,0,0:0:0:0:
182,192,70553,1,0,0:0:0:0:
36,192,70553,1,0,0:0:0:0:
402,192,70642,1,0,0:0:0:0:
475,192,70732,1,0,0:0:0:0:
109,192,70732,1,0,0:0:0:0:
475,192,70910,1,0,0:0:0:0:
182,192,70910,1,0,0:0:0:0:
475,192,71089,1,0,0:0:0:0:
256,192,71089,1,0,0:0:0:0:
475,192,71267,1,0,0:0:0:0:
329,192,71267,1,0,0:0:0:0:
475,192,71446,1,0,0:0:0:0:
402,192,71446,1,0,0:0:0:0:
475,192,71624,1,0,0:0:0:0:
329,192,71624,1,0,0:0:0:0:
475,192,71803,1,0,0:0:0:0:
256,192,71803,1,0,0:0:0:0:
475,192,71982,1,0,0:0:0:0:
182,192,71982,1,0,0:0:0:0:
329,192,72071,1,0,0:0:0:0:
402,192,72160,1,0,0:0:0:0:
36,192,72160,1,0,0:0:0:0:
402,192,72339,1,0,0:0:0:0:
109,192,72339,1,0,0:0:0:0:
402,192,72517,1,0,0:0:0:0:
182,192,72517,1,0,0:0:0:0:
402,192,72696,1,0,0:0:0:0:
256,192,72696,1,0,0:0:0:0:
402,192,72874,1,0,0:0:0:0:
329,192,72874,1,0,0:0:0:0:
402,192,73053,1,0,0:0:0:0:
256,192,73053,1,0,0:0:0:0:
402,192,73232,1,0,0:0:0:0:
182,192,73232,1,0,0:0:0:0:
402,192,73410,1,0,0:0:0:0:
109,192,73410,1,0,0:0:0:0:
256,192,73499,1,0,0:0:0:0:
475,192,73589,1,0,0:0:0:0:
36,192,73589,1,0,0:0:0:0:
475,192,73767,1,0,0:0:0:0:
109,192,73767,1,0,0:0:0:0:
475,192,73946,1,0,0:0:0:0:
182,192,73946,1,0,0:0:0:0:
475,192,74124,1,0,0:0:0:0:
256,192,74124,1,0,0:0:0:0:
475,192,74303,1,0,0:0:0:0:
329,192,74303,1,0,0:0:0:0:
475,192,74482,1,0,0:0:0:0:
182,192,74482,1,0,0:0:0:0:
475,192,74660,1,0,0:0:0:0:
109,192,74660,1,0,0:0:0:0:
475,192,74839,1,0,0:0:0:0:
36,192,74839,1,0,0:0:0:0:
402,192,74928,1,0,0:0:0:0:
475,192,75017,1,0,0:0:0:0:
256,192,75017,1,0,0:0:0:0:
182,192,75017,1,0,0:0:0:0:
109,192,75107,1,0,0:0:0:0:
329,192,75196,1,0,0:0:0:0:
256,192,75196,1,0,0:0:0:0:
182,192,75285,1,0,0:0:0:0:
402,192,75374,1,0,0:0:0:0:
329,192,75374,1,0,0:0:0:0:
256,192,75464,1,0,0:0:0:0:
475,192,75553,1,0,0:0:0:0:
402,192,75553,1,0,0:0:0:0:
329,192,75642,1,0,0:0:0:0:
182,192,75732,1,0,0:0:0:0:
109,192,75732,1,0,0:0:0:0:
36,192,75821,1,0,0:0:0:0:
256,192,75910,1,0,0:0:0:0:
182,192,75910,1,0,0:0:0:0:
109,192,75999,1,0,0:0:0:0:
329,192,76089,1,0,0:0:0:0:
256,192,76089,1,0,0:0:0:0:
182,192,76178,1,0,0:0:0:0:
402,192,76267,1,0,0:0:0:0:
329,192,76267,1,0,0:0:0:0:
256,192,76357,1,0,0:0:0:0:
329,192,76446,1,0,0:0:0:0:
402,192,76446,1,0,0:0:0:0:
36,192,76446,1,0,0:0:0:0:
109,192,76446,1,0,0:0:0:0:
475,192,76535,1,0,0:0:0:0:
182,192,76535,1,0,0:0:0:0:
329,192,76624,1,0,0:0:0:0:
256,192,76624,1,0,0:0:0:0:
36,192,76624,1,0,0:0:0:0:
402,192,76714,1,0,0:0:0:0:
109,192,76714,1,0,0:0:0:0:
475,192,76803,1,0,0:0:0:0:
256,192,76803,1,0,0:0:0:0:
182,192,76803,1,0,0:0:0:0:
329,192,76892,1,0,0:0:0:0:
36,192,76892,1,0,0:0:0:0:
402,192,76982,1,0,0:0:0:0:
182,192,76982,1,0,0:0:0:0:
109,192,76982,1,0,0:0:0:0:
475,192,77071,1,0,0:0:0:0:
256,192,77071,1,0,0:0:0:0:
329,192,77160,1,0,0:0:0:0:
109,192,77160,1,0,0:0:0:0:
36,192,77160,1,0,0:0:0:0:
402,192,77249,1,0,0:0:0:0:
182,192,77249,1,0,0:0:0:0:
475,192,77339,1,0,0:0:0:0:
256,192,77339,1,0,0:0:0:0:
36,192,77339,1,0,0:0:0:0:
329,192,77428,1,0,0:0:0:0:
109,192,77428,1,0,0:0:0:0:
475,192,77517,1,0,0:0:0:0:
402,192,77517,1,0,0:0:0:0:
182,192,77517,1,0,0:0:0:0:
256,192,77607,1,0,0:0:0:0:
36,192,77607,1,0,0:0:0:0:
402,192,77696,1,0,0:0:0:0:
329,192,77696,1,0,0:0:0:0:
109,192,77696,1,0,0:0:0:0:
475,192,77785,1,0,0:0:0:0:
182,192,77785,1,0,0:0:0:0:
402,192,77874,1,0,0:0:0:0:
329,192,77874,1,0,0:0:0:0:
256,192,77874,1,0,0:0:0:0:
182,192,77919,1,0,0:0:0:0:
475,192,77964,1,0,0:0:0:0:
109,192,77964,1,0,0:0:0:0:
36,192,77964,1,0,0:0:0:0:
329,192,78053,1,0,0:0:0:0:
256,192,78053,1,0,0:0:0:0:
182,192,78053,1,0,0:0:0:0:
475,192,78142,1,0,0:0:0:0:
402,192,78142,1,0,0:0:0:0:
256,192,78232,1,0,0:0:0:0:
182,192,78232,1,0,0:0:0:0:
109,192,78232,1,0,0:0:0:0:
475,192,78321,1,0,0:0:0:0:
402,192,78321,1,0,0:0:0:0:
329,192,78321,1,0,0:0:0:0:
182,192,78410,1,0,0:0:0:0:
109,192,78410,1,0,0:0:0:0:
36,192,78410,1,0,0:0:0:0:
329,192,78499,1,0,0:0:0:0:
256,192,78499,1,0,0:0:0:0:
475,192,78589,1,0,0:0:0:0:
109,192,78589,1,0,0:0:0:0:
36,192,78589,1,0,0:0:0:0:
402,192,78633,1,0,0:0:0:0:
329,192,78678,1,0,0:0:0:0:
256,192,78678,1,0,0:0:0:0:
182,192,78678,1,0,0:0:0:0:
475,192,78767,1,0,0:0:0:0:
402,192,78767,1,0,0:0:0:0:
36,192,78767,1,0,0:0:0:0:
256,192,78857,1,0,0:0:0:0:
182,192,78857,1,0,0:0:0:0:
109,192,78857,1,0,0:0:0:0:
475,192,78946,1,0,0:0:0:0:
402,192,78946,1,0,0:0:0:0:
329,192,78946,1,0,0:0:0:0:
182,192,79035,1,0,0:0:0:0:
256,192,79035,1,0,0:0:0:0:
36,192,79035,1,0,0:0:0:0:
109,192,79035,1,0,0:0:0:0:
475,192,79124,1,0,0:0:0:0:
402,192,79124,1,0,0:0:0:0:
329,192,79124,1,0,0:0:0:0:
109,192,79214,1,0,0:0:0:0:
36,192,79214,1,0,0:0:0:0:
402,192,79303,1,0,0:0:0:0:
475,192,79303,1,0,0:0:0:0:
329,192,79303,1,0,0:0:0:0:
182,192,79303,1,0,0:0:0:0:
256,192,79303,1,0,0:0:0:0:
402,192,79482,1,0,0:0:0:0:
475,192,79482,1,0,0:0:0:0:
329,192,79482,1,0,0:0:0:0:
182,192,79482,1,0,0:0:0:0:
256,192,79482,1,0,0:0:0:0:
329,192,79839,1,0,0:0:0:0:
402,192,79839,1,0,0:0:0:0:
475,192,79839,1,0,0:0:0:0:
256,192,79839,1,0,0:0:0:0:
36,192,79839,1,0,0:0:0:0:
109,192,79839,1,0,0:0:0:0:
182,192,79839,1,0,0:0:0:0:
256,192,80196,1,0,0:0:0:0:
329,192,80196,1,0,0:0:0:0:
402,192,80196,1,0,0:0:0:0:
36,192,80196,1,0,0:0:0:0:
109,192,80196,1,0,0:0:0:0:
182,192,80196,1,0,0:0:0:0:
256,192,80374,1,0,0:0:0:0:
329,192,80374,1,0,0:0:0:0:
402,192,80374,1,0,0:0:0:0:
36,192,80374,1,0,0:0:0:0:
109,192,80374,1,0,0:0:0:0:
182,192,80374,1,0,0:0:0:0:
329,192,80732,1,0,0:0:0:0:
402,0,80732,128,0,80776:0:0:0:0:
475,0,80732,128,0,80776:0:0:0:0:
36,0,80732,128,0,82071:0:0:0:0:
182,0,80732,128,0,80910:0:0:0:0:
256,192,80732,1,0,0:0:0:0:
109,0,80821,128,0,80999:0:0:0:0:
329,0,80910,128,0,80999:0:0:0:0:
256,0,80999,128,0,81089:0:0:0:0:
402,0,81089,128,0,81446:0:0:0:0:
475,192,81089,1,0,0:0:0:0:
109,0,81089,128,0,81133:0:0:0:0:
182,0,81089,128,0,81133:0:0:0:0:
329,0,81178,128,0,81535:0:0:0:0:
475,0,81267,128,0,81312:0:0:0:0:
256,0,81267,128,0,81312:0:0:0:0:
182,0,81267,128,0,81357:0:0:0:0:
109,0,81357,128,0,81446:0:0:0:0:
475,192,81446,1,0,0:0:0:0:
256,0,81446,128,0,81624:0:0:0:0:
182,0,81535,128,0,81714:0:0:0:0:
475,0,81624,128,0,81669:0:0:0:0:
402,0,81624,128,0,81714:0:0:0:0:
109,0,81624,128,0,81669:0:0:0:0:
329,0,81714,128,0,81803:0:0:0:0:
256,192,81803,1,0,0:0:0:0:
475,0,81803,128,0,81982:0:0:0:0:
109,0,81803,128,0,81848:0:0:0:0:
182,0,81803,128,0,81848:0:0:0:0:
402,0,81892,128,0,82071:0:0:0:0:
329,0,81982,128,0,82026:0:0:0:0:
256,0,81982,128,0,82071:0:0:0:0:
109,0,81982,128,0,82026:0:0:0:0:
182,0,82071,128,0,82160:0:0:0:0:
329,0,82160,128,0,82339:0:0:0:0:
475,0,82160,128,0,83499:0:0:0:0:
256,192,82160,1,0,0:0:0:0:
36,0,82160,128,0,82205:0:0:0:0:
109,0,82160,128,0,82205:0:0:0:0:
402,0,82249,128,0,82428:0:0:0:0:
182,0,82339,128,0,82428:0:0:0:0:
109,0,82339,128,0,82383:0:0:0:0:
36,0,82339,128,0,82383:0:0:0:0:
256,0,82428,128,0,82517:0:0:0:0:
329,192,82517,1,0,0:0:0:0:
402,0,82517,128,0,82562:0:0:0:0:
36,0,82517,128,0,82562:0:0:0:0:
109,0,82517,128,0,82696:0:0:0:0:
182,0,82607,128,0,82785:0:0:0:0:
329,0,82696,128,0,82785:0:0:0:0:
256,0,82696,128,0,82741:0:0:0:0:
36,0,82696,128,0,82741:0:0:0:0:
402,0,82785,128,0,82874:0:0:0:0:
182,0,82874,128,0,82919:0:0:0:0:
256,0,82874,128,0,83053:0:0:0:0:
36,0,82874,128,0,82919:0:0:0:0:
109,192,82874,1,0,0:0:0:0:
329,0,82964,128,0,83142:0:0:0:0:
109,0,83053,128,0,83142:0:0:0:0:
182,0,83142,128,0,83232:0:0:0:0:
329,0,83232,128,0,83276:0:0:0:0:
402,0,83232,128,0,83276:0:0:0:0:
36,0,83232,128,0,83410:0:0:0:0:
256,192,83232,1,0,0:0:0:0:
109,0,83321,128,0,83499:0:0:0:0:
402,0,83410,128,0,83455:0:0:0:0:
256,0,83410,128,0,83499:0:0:0:0:
182,0,83410,128,0,83455:0:0:0:0:
329,0,83499,128,0,83589:0:0:0:0:
402,0,83589,128,0,83633:0:0:0:0:
475,0,83589,128,0,83633:0:0:0:0:
256,192,83589,1,0,0:0:0:0:
36,0,83589,128,0,84928:0:0:0:0:
182,0,83589,128,0,83767:0:0:0:0:
109,0,83678,128,0,83857:0:0:0:0:
329,0,83767,128,0,83857:0:0:0:0:
256,0,83857,128,0,83946:0:0:0:0:
402,0,83946,128,0,84303:0:0:0:0:
475,0,83946,128,0,83991:0:0:0:0:
109,0,83946,128,0,83991:0:0:0:0:
182,192,83946,1,0,0:0:0:0:
329,0,84035,128,0,84392:0:0:0:0:
475,0,84124,128,0,84169:0:0:0:0:
256,0,84124,128,0,84169:0:0:0:0:
182,0,84124,128,0,84214:0:0:0:0:
109,0,84214,128,0,84303:0:0:0:0:
475,192,84303,1,0,0:0:0:0:
256,0,84303,128,0,84482:0:0:0:0:
182,0,84392,128,0,84571:0:0:0:0:
475,0,84482,128,0,84526:0:0:0:0:
402,0,84482,128,0,84571:0:0:0:0:
109,0,84482,128,0,84526:0:0:0:0:
329,0,84571,128,0,84660:0:0:0:0:
256,192,84660,1,0,0:0:0:0:
475,0,84660,128,0,84839:0:0:0:0:
109,0,84660,128,0,84705:0:0:0:0:
182,0,84660,128,0,84705:0:0:0:0:
402,0,84749,128,0,84928:0:0:0:0:
329,0,84839,128,0,84883:0:0:0:0:
256,0,84839,128,0,84928:0:0:0:0:
109,0,84839,128,0,84883:0:0:0:0:
182,0,84928,128,0,85017:0:0:0:0:
329,0,85017,128,0,85196:0:0:0:0:
475,0,85017,128,0,86357:0:0:0:0:
256,192,85017,1,0,0:0:0:0:
36,0,85017,128,0,85062:0:0:0:0:
109,0,85017,128,0,85062:0:0:0:0:
402,0,85107,128,0,85285:0:0:0:0:
182,0,85196,128,0,85285:0:0:0:0:
109,0,85196,128,0,85241:0:0:0:0:
36,0,85196,128,0,85241:0:0:0:0:
256,0,85285,128,0,85374:0:0:0:0:
329,192,85374,1,0,0:0:0:0:
402,0,85374,128,0,85419:0:0:0:0:
36,0,85374,128,0,85419:0:0:0:0:
109,0,85374,128,0,85553:0:0:0:0:
182,0,85464,128,0,85642:0:0:0:0:
329,0,85553,128,0,85642:0:0:0:0:
256,0,85553,128,0,85598:0:0:0:0:
36,0,85553,128,0,85598:0:0:0:0:
402,0,85642,128,0,85732:0:0:0:0:
256,0,85732,128,0,86357:0:0:0:0:
329,0,85732,128,0,86357:0:0:0:0:
182,0,85732,128,0,85910:0:0:0:0:
36,0,85732,128,0,85910:0:0:0:0:
109,0,85732,128,0,85910:0:0:0:0:
402,0,85910,128,0,85999:0:0:0:0:
402,0,86089,128,0,86178:0:0:0:0:
402,0,86267,128,0,86357:0:0:0:0:
329,192,86446,1,0,0:0:0:0:
402,0,86446,128,0,86491:0:0:0:0:
475,0,86446,128,0,86491:0:0:0:0:
36,0,86446,128,0,87785:0:0:0:0:
182,0,86446,128,0,86624:0:0:0:0:
256,192,86446,1,0,0:0:0:0:
109,0,86535,128,0,86714:0:0:0:0:
329,0,86624,128,0,86714:0:0:0:0:
256,0,86714,128,0,86803:0:0:0:0:
402,0,86803,128,0,87160:0:0:0:0:
475,192,86803,1,0,0:0:0:0:
109,0,86803,128,0,86848:0:0:0:0:
182,0,86803,128,0,86848:0:0:0:0:
329,0,86892,128,0,87249:0:0:0:0:
475,0,86982,128,0,87026:0:0:0:0:
256,0,86982,128,0,87026:0:0:0:0:
182,0,86982,128,0,87071:0:0:0:0:
109,0,87071,128,0,87160:0:0:0:0:
475,192,87160,1,0,0:0:0:0:
256,0,87160,128,0,87339:0:0:0:0:
182,0,87249,128,0,87428:0:0:0:0:
475,0,87339,128,0,87383:0:0:0:0:
402,0,87339,128,0,87428:0:0:0:0:
109,0,87339,128,0,87383:0:0:0:0:
329,0,87428,128,0,87517:0:0:0:0:
256,192,87517,1,0,0:0:0:0:
475,0,87517,128,0,87696:0:0:0:0:
109,0,87517,128,0,87562:0:0:0:0:
182,0,87517,128,0,87562:0:0:0:0:
402,0,87607,128,0,87785:0:0:0:0:
329,0,87696,128,0,87741:0:0:0:0:
256,0,87696,128,0,87785:0:0:0:0:
109,0,87696,128,0,87741:0:0:0:0:
182,0,87785,128,0,87874:0:0:0:0:
329,0,87874,128,0,88053:0:0:0:0:
475,0,87874,128,0,89214:0:0:0:0:
256,192,87874,1,0,0:0:0:0:
36,0,87874,128,0,87919:0:0:0:0:
109,0,87874,128,0,87919:0:0:0:0:
402,0,87964,128,0,88142:0:0:0:0:
182,0,88053,128,0,88142:0:0:0:0:
109,0,88053,128,0,88098:0:0:0:0:
36,0,88053,128,0,88098:0:0:0:0:
256,0,88142,128,0,88232:0:0:0:0:
329,192,88232,1,0,0:0:0:0:
402,0,88232,128,0,88276:0:0:0:0:
36,0,88232,128,0,88276:0:0:0:0:
109,0,88232,128,0,88410:0:0:0:0:
182,0,88321,128,0,88499:0:0:0:0:
329,0,88410,128,0,88499:0:0:0:0:
256,0,88410,128,0,88455:0:0:0:0:
36,0,88410,128,0,88455:0:0:0:0:
402,0,88499,128,0,88589:0:0:0:0:
182,0,88589,128,0,88633:0:0:0:0:
256,0,88589,128,0,88767:0:0:0:0:
36,0,88589,128,0,88633:0:0:0:0:
109,192,88589,1,0,0:0:0:0:
329,0,88678,128,0,88857:0:0:0:0:
109,0,88767,128,0,88857:0:0:0:0:
182,0,88857,128,0,88946:0:0:0:0:
329,0,88946,128,0,88991:0:0:0:0:
402,0,88946,128,0,88991:0:0:0:0:
36,0,88946,128,0,89124:0:0:0:0:
256,192,88946,1,0,0:0:0:0:
109,0,89035,128,0,89214:0:0:0:0:
402,0,89124,128,0,89169:0:0:0:0:
256,0,89124,128,0,89214:0:0:0:0:
182,0,89124,128,0,89169:0:0:0:0:
329,0,89214,128,0,89303:0:0:0:0:
402,0,89303,128,0,89348:0:0:0:0:
475,0,89303,128,0,89348:0:0:0:0:
256,192,89303,1,0,0:0:0:0:
36,0,89303,128,0,90642:0:0:0:0:
182,0,89303,128,0,89482:0:0:0:0:
109,0,89392,128,0,89571:0:0:0:0:
329,0,89482,128,0,89571:0:0:0:0:
256,0,89571,128,0,89660:0:0:0:0:
402,0,89660,128,0,90017:0:0:0:0:
475,0,89660,128,0,89705:0:0:0:0:
109,0,89660,128,0,89705:0:0:0:0:
182,192,89660,1,0,0:0:0:0:
329,0,89749,128,0,90107:0:0:0:0:
475,0,89839,128,0,89883:0:0:0:0:
256,0,89839,128,0,89883:0:0:0:0:
182,0,89839,128,0,89928:0:0:0:0:
109,0,89928,128,0,90017:0:0:0:0:
475,192,90017,1,0,0:0:0:0:
256,0,90017,128,0,90196:0:0:0:0:
182,0,90107,128,0,90285:0:0:0:0:
475,0,90196,128,0,90241:0:0:0:0:
402,0,90196,128,0,90285:0:0:0:0:
109,0,90196,128,0,90241:0:0:0:0:
329,0,90285,128,0,90374:0:0:0:0:
256,192,90374,1,0,0:0:0:0:
475,0,90374,128,0,90553:0:0:0:0:
109,0,90374,128,0,90419:0:0:0:0:
182,0,90374,128,0,90419:0:0:0:0:
402,0,90464,128,0,90642:0:0:0:0:
329,0,90553,128,0,90598:0:0:0:0:
256,0,90553,128,0,90642:0:0:0:0:
109,0,90553,128,0,90598:0:0:0:0:
182,0,90642,128,0,90732:0:0:0:0:
329,0,90732,128,0,90776:0:0:0:0:
402,0,90732,128,0,90776:0:0:0:0:
475,0,90732,128,0,90776:0:0:0:0:
36,0,90732,128,0,90776:0:0:0:0:
109,0,90732,128,0,90776:0:0:0:0:
256,0,90732,128,0,90776:0:0:0:0:
256,0,90910,128,0,90955:0:0:0:0:
402,0,90910,128,0,90955:0:0:0:0:
475,0,90910,128,0,90955:0:0:0:0:
36,0,90910,128,0,90955:0:0:0:0:
109,0,90910,128,0,90955:0:0:0:0:
182,0,90910,128,0,90955:0:0:0:0:
329,0,91089,128,0,91133:0:0:0:0:
402,0,91089,128,0,91133:0:0:0:0:
475,0,91089,128,0,91133:0:0:0:0:
109,0,91089,128,0,91133:0:0:0:0:
182,0,91089,128,0,91133:0:0:0:0:
256,0,91089,128,0,91133:0:0:0:0:
256,0,91267,128,0,91312:0:0:0:0:
329,0,91267,128,0,91312:0:0:0:0:
402,0,91267,128,0,91312:0:0:0:0:
36,0,91267,128,0,91312:0:0:0:0:
109,0,91267,128,0,91312:0:0:0:0:
182,0,91267,128,0,91312:0:0:0:0:
329,0,91446,128,0,91491:0:0:0:0:
402,0,91446,128,0,91491:0:0:0:0:
475,0,91446,128,0,91491:0:0:0:0:
36,0,91446,128,0,91491:0:0:0:0:
109,0,91446,128,0,91491:0:0:0:0:
182,0,91446,128,0,91491:0:0:0:0:
256,0,91803,128,0,91863:0:0:0:0:
475,192,92160,1,0,0:0:0:0:
329,192,92160,1,0,0:0:0:0:
36,192,92160,1,0,0:0:0:0:
402,192,92339,1,0,0:0:0:0:
182,192,92339,1,0,0:0:0:0:
329,192,92428,1,0,0:0:0:0:
109,192,92428,1,0,0:0:0:0:
256,192,92517,1,0,0:0:0:0:
36,192,92517,1,0,0:0:0:0:
329,192,92696,1,0,0:0:0:0:
475,192,92874,1,0,0:0:0:0:
182,192,92874,1,0,0:0:0:0:
36,192,92874,1,0,0:0:0:0:
329,192,93053,1,0,0:0:0:0:
109,192,93053,1,0,0:0:0:0:
402,192,93142,1,0,0:0:0:0:
182,192,93142,1,0,0:0:0:0:
475,192,93232,1,0,0:0:0:0:
256,192,93232,1,0,0:0:0:0:
329,192,93410,1,0,0:0:0:0:
475,192,93589,1,0,0:0:0:0:
109,192,93589,1,0,0:0:0:0:
36,192,93589,1,0,0:0:0:0:
109,192,93767,1,0,0:0:0:0:
36,192,93767,1,0,0:0:0:0:
402,192,93946,1,0,0:0:0:0:
109,192,94124,1,0,0:0:0:0:
36,192,94124,1,0,0:0:0:0:
182,192,94303,1,0,0:0:0:0:
475,192,94303,1,0,0:0:0:0:
36,192,94303,1,0,0:0:0:0:
109,192,94303,1,0,0:0:0:0:
329,192,94482,1,0,0:0:0:0:
36,192,94482,1,0,0:0:0:0:
402,192,94571,1,0,0:0:0:0:
109,192,94571,1,0,0:0:0:0:
475,192,94660,1,0,0:0:0:0:
182,192,94660,1,0,0:0:0:0:
256,192,94839,1,0,0:0:0:0:
402,192,95017,1,0,0:0:0:0:
329,192,95017,1,0,0:0:0:0:
36,192,95017,1,0,0:0:0:0:
256,192,95196,1,0,0:0:0:0:
109,192,95196,1,0,0:0:0:0:
329,192,95285,1,0,0:0:0:0:
475,192,95374,1,0,0:0:0:0:
182,192,95374,1,0,0:0:0:0:
36,192,95374,1,0,0:0:0:0:
402,192,95553,1,0,0:0:0:0:
329,192,95553,1,0,0:0:0:0:
256,192,95732,1,0,0:0:0:0:
329,192,95732,1,0,0:0:0:0:
36,192,95732,1,0,0:0:0:0:
109,192,95732,1,0,0:0:0:0:
182,192,95910,1,0,0:0:0:0:
475,192,95910,1,0,0:0:0:0:
36,192,95910,1,0,0:0:0:0:
109,192,95910,1,0,0:0:0:0:
256,192,95999,1,0,0:0:0:0:
329,192,96089,1,0,0:0:0:0:
182,192,96267,1,0,0:0:0:0:
109,192,96267,1,0,0:0:0:0:
36,192,96267,1,0,0:0:0:0:
475,192,96446,1,0,0:0:0:0:
402,192,96446,1,0,0:0:0:0:
256,192,96446,1,0,0:0:0:0:
402,192,96624,1,0,0:0:0:0:
475,192,96624,1,0,0:0:0:0:
109,192,96624,1,0,0:0:0:0:
329,192,96624,1,0,0:0:0:0:
256,192,96714,1,0,0:0:0:0:
182,192,96803,1,0,0:0:0:0:
36,192,96803,1,0,0:0:0:0:
329,192,96982,1,0,0:0:0:0:
256,192,96982,1,0,0:0:0:0:
402,192,97160,1,0,0:0:0:0:
475,192,97160,1,0,0:0:0:0:
36,192,97160,1,0,0:0:0:0:
109,192,97160,1,0,0:0:0:0:
329,192,97339,1,0,0:0:0:0:
256,192,97383,1,0,0:0:0:0:
182,192,97428,1,0,0:0:0:0:
109,192,97473,1,0,0:0:0:0:
475,192,97517,1,0,0:0:0:0:
402,192,97517,1,0,0:0:0:0:
36,192,97517,1,0,0:0:0:0:
329,192,97696,1,0,0:0:0:0:
256,192,97696,1,0,0:0:0:0:
475,192,97874,1,0,0:0:0:0:
256,192,97874,1,0,0:0:0:0:
36,192,97874,1,0,0:0:0:0:
256,192,98053,1,0,0:0:0:0:
109,192,98053,1,0,0:0:0:0:
36,192,98142,1,0,0:0:0:0:
402,192,98232,1,0,0:0:0:0:
256,192,98232,1,0,0:0:0:0:
109,192,98232,1,0,0:0:0:0:
36,192,98410,1,0,0:0:0:0:
182,192,98589,1,0,0:0:0:0:
36,192,98589,1,0,0:0:0:0:
256,192,98767,1,0,0:0:0:0:
109,192,98767,1,0,0:0:0:0:
329,192,98857,1,0,0:0:0:0:
36,192,98857,1,0,0:0:0:0:
475,192,98946,1,0,0:0:0:0:
402,192,98946,1,0,0:0:0:0:
109,192,98946,1,0,0:0:0:0:
329,192,99124,1,0,0:0:0:0:
36,192,99124,1,0,0:0:0:0:
475,192,99303,1,0,0:0:0:0:
256,192,99303,1,0,0:0:0:0:
182,192,99303,1,0,0:0:0:0:
402,192,99482,1,0,0:0:0:0:
256,192,99482,1,0,0:0:0:0:
475,192,99571,1,0,0:0:0:0:
402,192,99660,1,0,0:0:0:0:
109,192,99660,1,0,0:0:0:0:
475,192,99839,1,0,0:0:0:0:
256,192,99839,1,0,0:0:0:0:
475,192,100017,1,0,0:0:0:0:
329,192,100017,1,0,0:0:0:0:
256,192,100017,1,0,0:0:0:0:
402,192,100196,1,0,0:0:0:0:
182,192,100196,1,0,0:0:0:0:
475,192,100285,1,0,0:0:0:0:
109,192,100285,1,0,0:0:0:0:
402,192,100374,1,0,0:0:0:0:
36,192,100374,1,0,0:0:0:0:
475,192,100553,1,0,0:0:0:0:
109,192,100553,1,0,0:0:0:0:
402,192,100732,1,0,0:0:0:0:
475,192,100732,1,0,0:0:0:0:
329,192,100732,1,0,0:0:0:0:
36,192,100732,1,0,0:0:0:0:
256,192,100732,1,0,0:0:0:0:
402,192,100910,1,0,0:0:0:0:
329,192,100910,1,0,0:0:0:0:
256,192,101089,1,0,0:0:0:0:
475,192,101089,1,0,0:0:0:0:
182,192,101089,1,0,0:0:0:0:
36,192,101089,1,0,0:0:0:0:
109,192,101089,1,0,0:0:0:0:
182,192,101267,1,0,0:0:0:0:
109,192,101267,1,0,0:0:0:0:
402,192,101446,1,0,0:0:0:0:
475,192,101446,1,0,0:0:0:0:
329,192,101446,1,0,0:0:0:0:
36,192,101446,1,0,0:0:0:0:
256,192,101446,1,0,0:0:0:0:
402,192,101624,1,0,0:0:0:0:
475,192,101624,1,0,0:0:0:0:
36,192,101624,1,0,0:0:0:0:
329,192,101624,1,0,0:0:0:0:
256,192,101788,1,0,0:0:0:0:
182,192,101796,1,0,0:0:0:0:
109,192,101803,1,0,0:0:0:0:
402,192,101982,1,0,0:0:0:0:
475,192,101982,1,0,0:0:0:0:
36,192,101982,1,0,0:0:0:0:
329,192,101982,1,0,0:0:0:0:
182,192,102145,1,0,0:0:0:0:
109,192,102153,1,0,0:0:0:0:
475,192,102160,1,0,0:0:0:0:
256,192,102160,1,0,0:0:0:0:
36,192,102160,1,0,0:0:0:0:
182,192,102874,1,0,0:0:0:0:
329,192,102964,1,0,0:0:0:0:
182,192,103053,1,0,0:0:0:0:
329,192,103142,1,0,0:0:0:0:
182,192,103232,1,0,0:0:0:0:
329,192,103321,1,0,0:0:0:0:
182,192,103410,1,0,0:0:0:0:
329,192,103499,1,0,0:0:0:0:
256,192,103589,1,0,0:0:0:0:
182,192,103589,1,0,0:0:0:0:
256,0,105732,128,0,105910:0:0:0:0:
402,0,106446,128,0,106624:0:0:0:0:
182,0,106446,128,0,106535:0:0:0:0:
36,0,106446,128,0,106491:0:0:0:0:
475,0,106535,128,0,106714:0:0:0:0:
256,0,106535,128,0,106624:0:0:0:0:
109,0,106535,128,0,106580:0:0:0:0:
329,0,106624,128,0,106714:0:0:0:0:
182,0,106624,128,0,106669:0:0:0:0:
36,0,106624,128,0,107696:0:0:0:0:
402,0,106714,128,0,106803:0:0:0:0:
256,0,106714,128,0,106758:0:0:0:0:
109,0,106714,128,0,106892:0:0:0:0:
475,192,106803,1,0,0:0:0:0:
329,0,106803,128,0,106982:0:0:0:0:
182,192,106803,1,0,0:0:0:0:
256,0,106892,128,0,107071:0:0:0:0:
475,0,106982,128,0,107517:0:0:0:0:
402,192,106982,1,0,0:0:0:0:
182,0,106982,128,0,107160:0:0:0:0:
329,192,107071,1,0,0:0:0:0:
109,0,107071,128,0,107249:0:0:0:0:
402,0,107160,128,0,107428:0:0:0:0:
256,0,107160,128,0,107205:0:0:0:0:
329,0,107249,128,0,107339:0:0:0:0:
182,0,107249,128,0,107294:0:0:0:0:
256,0,107339,128,0,107383:0:0:0:0:
109,0,107339,128,0,107428:0:0:0:0:
329,0,107428,128,0,107473:0:0:0:0:
182,0,107428,128,0,107517:0:0:0:0:
402,0,107517,128,0,107562:0:0:0:0:
256,0,107517,128,0,107607:0:0:0:0:
109,192,107517,1,0,0:0:0:0:
329,0,107607,128,0,107651:0:0:0:0:
182,0,107607,128,0,107696:0:0:0:0:
256,0,107696,128,0,107741:0:0:0:0:
109,0,107696,128,0,107785:0:0:0:0:
36,0,107785,128,0,107874:0:0:0:0:
182,0,107785,128,0,107830:0:0:0:0:
475,0,107874,128,0,107919:0:0:0:0:
329,0,107874,128,0,107964:0:0:0:0:
109,0,107874,128,0,108053:0:0:0:0:
402,0,107964,128,0,108008:0:0:0:0:
256,0,107964,128,0,108053:0:0:0:0:
36,0,107964,128,0,108142:0:0:0:0:
475,0,108053,128,0,109124:0:0:0:0:
329,0,108053,128,0,108098:0:0:0:0:
182,0,108053,128,0,108142:0:0:0:0:
402,0,108142,128,0,108321:0:0:0:0:
256,0,108142,128,0,108187:0:0:0:0:
109,0,108142,128,0,108232:0:0:0:0:
329,192,108232,1,0,0:0:0:0:
182,0,108232,128,0,108410:0:0:0:0:
36,192,108232,1,0,0:0:0:0:
256,0,108321,128,0,108499:0:0:0:0:
329,0,108410,128,0,108589:0:0:0:0:
109,192,108410,1,0,0:0:0:0:
36,0,108410,128,0,108946:0:0:0:0:
402,0,108499,128,0,108678:0:0:0:0:
182,192,108499,1,0,0:0:0:0:
256,0,108589,128,0,108633:0:0:0:0:
109,0,108589,128,0,108857:0:0:0:0:
329,0,108678,128,0,108723:0:0:0:0:
182,0,108678,128,0,108767:0:0:0:0:
402,0,108767,128,0,108857:0:0:0:0:
256,0,108767,128,0,108812:0:0:0:0:
329,0,108857,128,0,108946:0:0:0:0:
182,0,108857,128,0,108901:0:0:0:0:
402,192,108946,1,0,0:0:0:0:
256,0,108946,128,0,109035:0:0:0:0:
109,0,108946,128,0,108991:0:0:0:0:
329,0,109035,128,0,109124:0:0:0:0:
182,0,109035,128,0,109080:0:0:0:0:
402,0,109124,128,0,109214:0:0:0:0:
256,0,109124,128,0,109169:0:0:0:0:
475,0,109214,128,0,109303:0:0:0:0:
329,0,109214,128,0,109258:0:0:0:0:
182,192,109303,1,0,0:0:0:0:
402,0,109303,128,0,109348:0:0:0:0:
36,0,109303,128,0,110017:0:0:0:0:
109,0,109303,128,0,109392:0:0:0:0:
475,0,109392,128,0,109749:0:0:0:0:
329,0,109392,128,0,109437:0:0:0:0:
402,0,109482,128,0,109571:0:0:0:0:
256,0,109482,128,0,109526:0:0:0:0:
109,192,109482,1,0,0:0:0:0:
329,0,109571,128,0,109749:0:0:0:0:
182,0,109571,128,0,109616:0:0:0:0:
402,192,109660,1,0,0:0:0:0:
256,0,109660,128,0,109705:0:0:0:0:
182,0,109749,128,0,109794:0:0:0:0:
109,0,109749,128,0,109839:0:0:0:0:
475,192,109839,1,0,0:0:0:0:
329,0,109839,128,0,109883:0:0:0:0:
256,0,109928,128,0,109973:0:0:0:0:
182,0,109928,128,0,110017:0:0:0:0:
402,0,110017,128,0,110107:0:0:0:0:
475,0,110017,128,0,110732:0:0:0:0:
109,0,110017,128,0,110062:0:0:0:0:
329,192,110017,1,0,0:0:0:0:
182,0,110107,128,0,110151:0:0:0:0:
36,0,110107,128,0,110464:0:0:0:0:
402,192,110196,1,0,0:0:0:0:
256,0,110196,128,0,110241:0:0:0:0:
109,0,110196,128,0,110285:0:0:0:0:
329,0,110285,128,0,110330:0:0:0:0:
182,0,110285,128,0,110464:0:0:0:0:
256,0,110374,128,0,110419:0:0:0:0:
109,192,110374,1,0,0:0:0:0:
402,0,110464,128,0,110553:0:0:0:0:
329,0,110464,128,0,110508:0:0:0:0:
182,0,110553,128,0,110598:0:0:0:0:
36,192,110553,1,0,0:0:0:0:
329,0,110642,128,0,110732:0:0:0:0:
256,0,110642,128,0,110687:0:0:0:0:
402,0,110732,128,0,110821:0:0:0:0:
36,0,110732,128,0,112160:0:0:0:0:
109,0,110732,128,0,110910:0:0:0:0:
182,0,110732,128,0,110821:0:0:0:0:
475,0,110821,128,0,110999:0:0:0:0:
256,0,110821,128,0,110910:0:0:0:0:
402,0,110910,128,0,110999:0:0:0:0:
182,0,110910,128,0,110999:0:0:0:0:
329,0,110999,128,0,111089:0:0:0:0:
109,0,110999,128,0,111089:0:0:0:0:
402,0,111089,128,0,111178:0:0:0:0:
475,0,111089,128,0,111267:0:0:0:0:
182,0,111089,128,0,111178:0:0:0:0:
256,192,111089,1,0,0:0:0:0:
329,0,111178,128,0,111267:0:0:0:0:
109,0,111178,128,0,111267:0:0:0:0:
402,0,111267,128,0,111357:0:0:0:0:
182,0,111267,128,0,111357:0:0:0:0:
475,0,111357,128,0,111446:0:0:0:0:
256,0,111357,128,0,111446:0:0:0:0:
329,192,111446,1,0,0:0:0:0:
402,192,111446,1,0,0:0:0:0:
109,192,111446,1,0,0:0:0:0:
182,192,111446,1,0,0:0:0:0:
402,192,111624,1,0,0:0:0:0:
475,192,111624,1,0,0:0:0:0:
256,0,111624,128,0,111714:0:0:0:0:
329,192,111624,1,0,0:0:0:0:
182,0,111714,128,0,111803:0:0:0:0:
109,192,111714,1,0,0:0:0:0:
402,192,111803,1,0,0:0:0:0:
475,192,111803,1,0,0:0:0:0:
256,0,111803,128,0,111892:0:0:0:0:
329,192,111803,1,0,0:0:0:0:
182,0,111892,128,0,111982:0:0:0:0:
109,192,111892,1,0,0:0:0:0:
402,192,111982,1,0,0:0:0:0:
475,192,111982,1,0,0:0:0:0:
256,0,111982,128,0,112071:0:0:0:0:
329,192,111982,1,0,0:0:0:0:
475,0,112160,128,0,112205:0:0:0:0:
329,0,112160,128,0,112249:0:0:0:0:
109,0,112160,128,0,112339:0:0:0:0:
402,0,112249,128,0,112294:0:0:0:0:
256,0,112249,128,0,112339:0:0:0:0:
36,0,112249,128,0,112428:0:0:0:0:
475,0,112339,128,0,113410:0:0:0:0:
329,0,112339,128,0,112383:0:0:0:0:
182,0,112339,128,0,112428:0:0:0:0:
402,0,112428,128,0,112607:0:0:0:0:
256,0,112428,128,0,112473:0:0:0:0:
109,0,112428,128,0,112517:0:0:0:0:
329,192,112517,1,0,0:0:0:0:
182,0,112517,128,0,112696:0:0:0:0:
36,192,112517,1,0,0:0:0:0:
256,0,112607,128,0,112785:0:0:0:0:
329,0,112696,128,0,112874:0:0:0:0:
109,192,112696,1,0,0:0:0:0:
36,0,112696,128,0,113232:0:0:0:0:
402,0,112785,128,0,112964:0:0:0:0:
182,192,112785,1,0,0:0:0:0:
256,0,112874,128,0,112919:0:0:0:0:
109,0,112874,128,0,113142:0:0:0:0:
329,0,112964,128,0,113008:0:0:0:0:
182,0,112964,128,0,113053:0:0:0:0:
402,0,113053,128,0,113142:0:0:0:0:
256,0,113053,128,0,113098:0:0:0:0:
329,0,113142,128,0,113232:0:0:0:0:
182,0,113142,128,0,113187:0:0:0:0:
402,192,113232,1,0,0:0:0:0:
256,0,113232,128,0,113321:0:0:0:0:
109,0,113232,128,0,113276:0:0:0:0:
329,0,113321,128,0,113410:0:0:0:0:
182,0,113321,128,0,113366:0:0:0:0:
402,0,113410,128,0,113499:0:0:0:0:
256,0,113410,128,0,113455:0:0:0:0:
475,0,113499,128,0,113589:0:0:0:0:
329,0,113499,128,0,113544:0:0:0:0:
402,0,113589,128,0,113767:0:0:0:0:
182,0,113589,128,0,113678:0:0:0:0:
36,0,113589,128,0,113633:0:0:0:0:
475,0,113678,128,0,113857:0:0:0:0:
256,0,113678,128,0,113767:0:0:0:0:
109,0,113678,128,0,113723:0:0:0:0:
329,0,113767,128,0,113857:0:0:0:0:
182,0,113767,128,0,113812:0:0:0:0:
36,0,113767,128,0,114839:0:0:0:0:
402,0,113857,128,0,113946:0:0:0:0:
256,0,113857,128,0,113901:0:0:0:0:
109,0,113857,128,0,114035:0:0:0:0:
475,192,113946,1,0,0:0:0:0:
329,0,113946,128,0,114124:0:0:0:0:
182,192,113946,1,0,0:0:0:0:
256,0,114035,128,0,114214:0:0:0:0:
475,0,114124,128,0,114660:0:0:0:0:
402,192,114124,1,0,0:0:0:0:
182,0,114124,128,0,114303:0:0:0:0:
329,192,114214,1,0,0:0:0:0:
109,0,114214,128,0,114392:0:0:0:0:
402,0,114303,128,0,114571:0:0:0:0:
256,0,114303,128,0,114348:0:0:0:0:
329,0,114392,128,0,114482:0:0:0:0:
182,0,114392,128,0,114437:0:0:0:0:
256,0,114482,128,0,114526:0:0:0:0:
109,0,114482,128,0,114571:0:0:0:0:
329,0,114571,128,0,114616:0:0:0:0:
182,0,114571,128,0,114660:0:0:0:0:
402,0,114660,128,0,114705:0:0:0:0:
256,0,114660,128,0,114749:0:0:0:0:
109,192,114660,1,0,0:0:0:0:
329,0,114749,128,0,114794:0:0:0:0:
182,0,114749,128,0,114839:0:0:0:0:
256,0,114839,128,0,114883:0:0:0:0:
109,0,114839,128,0,114928:0:0:0:0:
36,0,114928,128,0,115017:0:0:0:0:
182,0,114928,128,0,114973:0:0:0:0:
402,0,115017,128,0,115107:0:0:0:0:
475,0,115017,128,0,115732:0:0:0:0:
109,0,115017,128,0,115062:0:0:0:0:
329,192,115017,1,0,0:0:0:0:
182,0,115107,128,0,115151:0:0:0:0:
36,0,115107,128,0,115464:0:0:0:0:
402,192,115196,1,0,0:0:0:0:
256,0,115196,128,0,115241:0:0:0:0:
109,0,115196,128,0,115285:0:0:0:0:
329,0,115285,128,0,115330:0:0:0:0:
182,0,115285,128,0,115464:0:0:0:0:
256,0,115374,128,0,115419:0:0:0:0:
109,192,115374,1,0,0:0:0:0:
402,0,115464,128,0,115553:0:0:0:0:
329,0,115464,128,0,115508:0:0:0:0:
182,0,115553,128,0,115598:0:0:0:0:
36,192,115553,1,0,0:0:0:0:
329,0,115642,128,0,115732:0:0:0:0:
256,0,115642,128,0,115687:0:0:0:0:
402,0,115732,128,0,115776:0:0:0:0:
36,0,115732,128,0,116446:0:0:0:0:
109,0,115732,128,0,115821:0:0:0:0:
182,192,115732,1,0,0:0:0:0:
475,0,115821,128,0,116178:0:0:0:0:
329,0,115821,128,0,115866:0:0:0:0:
402,0,115910,128,0,115999:0:0:0:0:
256,0,115910,128,0,115955:0:0:0:0:
109,192,115910,1,0,0:0:0:0:
329,0,115999,128,0,116178:0:0:0:0:
182,0,115999,128,0,116044:0:0:0:0:
402,192,116089,1,0,0:0:0:0:
256,0,116089,128,0,116133:0:0:0:0:
182,0,116178,128,0,116223:0:0:0:0:
109,0,116178,128,0,116267:0:0:0:0:
475,192,116267,1,0,0:0:0:0:
329,0,116267,128,0,116312:0:0:0:0:
182,0,116357,128,0,116446:0:0:0:0:
256,0,116357,128,0,116401:0:0:0:0:
402,0,116446,128,0,116624:0:0:0:0:
475,0,116446,128,0,117874:0:0:0:0:
109,0,116446,128,0,116535:0:0:0:0:
329,0,116446,128,0,116535:0:0:0:0:
256,0,116535,128,0,116624:0:0:0:0:
36,0,116535,128,0,116714:0:0:0:0:
329,0,116624,128,0,116714:0:0:0:0:
109,0,116624,128,0,116714:0:0:0:0:
402,0,116714,128,0,116803:0:0:0:0:
182,0,116714,128,0,116803:0:0:0:0:
256,192,116803,1,0,0:0:0:0:
329,0,116803,128,0,116892:0:0:0:0:
36,0,116803,128,0,116982:0:0:0:0:
109,0,116803,128,0,116892:0:0:0:0:
402,0,116892,128,0,116982:0:0:0:0:
182,0,116892,128,0,116982:0:0:0:0:
329,0,116982,128,0,117071:0:0:0:0:
109,0,116982,128,0,117071:0:0:0:0:
256,0,117071,128,0,117160:0:0:0:0:
36,0,117071,128,0,117160:0:0:0:0:
182,192,117160,1,0,0:0:0:0:
109,192,117160,1,0,0:0:0:0:
402,192,117249,1,0,0:0:0:0:
329,0,117249,128,0,117339:0:0:0:0:
182,192,117339,1,0,0:0:0:0:
256,0,117339,128,0,117428:0:0:0:0:
36,192,117339,1,0,0:0:0:0:
109,192,117339,1,0,0:0:0:0:
402,192,117428,1,0,0:0:0:0:
329,0,117428,128,0,117517:0:0:0:0:
182,192,117517,1,0,0:0:0:0:
256,0,117517,128,0,117607:0:0:0:0:
36,192,117517,1,0,0:0:0:0:
109,192,117517,1,0,0:0:0:0:
402,192,117607,1,0,0:0:0:0:
329,0,117607,128,0,117696:0:0:0:0:
182,192,117696,1,0,0:0:0:0:
256,0,117696,128,0,117785:0:0:0:0:
36,192,117696,1,0,0:0:0:0:
109,192,117696,1,0,0:0:0:0:
256,192,117874,1,0,0:0:0:0:
402,0,117874,128,0,117919:0:0:0:0:
36,192,117874,1,0,0:0:0:0:
182,0,117874,128,0,118053:0:0:0:0:
329,0,117964,128,0,118008:0:0:0:0:
109,0,117964,128,0,118142:0:0:0:0:
475,192,118053,1,0,0:0:0:0:
256,0,118053,128,0,118098:0:0:0:0:
36,0,118053,128,0,118499:0:0:0:0:
402,192,118142,1,0,0:0:0:0:
329,192,118142,1,0,0:0:0:0:
182,0,118142,128,0,118187:0:0:0:0:
475,0,118232,128,0,118276:0:0:0:0:
256,0,118232,128,0,118410:0:0:0:0:
109,192,118232,1,0,0:0:0:0:
402,0,118321,128,0,118366:0:0:0:0:
182,0,118321,128,0,118499:0:0:0:0:
475,0,118410,128,0,118678:0:0:0:0:
329,0,118410,128,0,118455:0:0:0:0:
109,0,118410,128,0,119035:0:0:0:0:
402,0,118499,128,0,118589:0:0:0:0:
256,0,118499,128,0,118544:0:0:0:0:
329,0,118589,128,0,118633:0:0:0:0:
182,0,118589,128,0,118946:0:0:0:0:
36,192,118589,1,0,0:0:0:0:
402,0,118678,128,0,118723:0:0:0:0:
256,0,118678,128,0,118857:0:0:0:0:
475,0,118767,128,0,118812:0:0:0:0:
329,192,118767,1,0,0:0:0:0:
36,192,118767,1,0,0:0:0:0:
402,192,118857,1,0,0:0:0:0:
329,0,118946,128,0,119035:0:0:0:0:
475,192,118946,1,0,0:0:0:0:
36,0,118946,128,0,119124:0:0:0:0:
256,0,118946,128,0,119035:0:0:0:0:
402,0,119035,128,0,119124:0:0:0:0:
182,0,119035,128,0,119124:0:0:0:0:
475,0,119124,128,0,119214:0:0:0:0:
109,0,119124,128,0,119214:0:0:0:0:
402,0,119214,128,0,119303:0:0:0:0:
36,0,119214,128,0,119303:0:0:0:0:
329,0,119303,128,0,119482:0:0:0:0:
475,192,119303,1,0,0:0:0:0:
109,0,119303,128,0,119348:0:0:0:0:
256,192,119303,1,0,0:0:0:0:
402,0,119392,128,0,119571:0:0:0:0:
182,0,119392,128,0,119437:0:0:0:0:
475,0,119482,128,0,119928:0:0:0:0:
256,0,119482,128,0,119526:0:0:0:0:
36,192,119482,1,0,0:0:0:0:
329,0,119571,128,0,119616:0:0:0:0:
182,192,119571,1,0,0:0:0:0:
109,192,119571,1,0,0:0:0:0:
402,192,119660,1,0,0:0:0:0:
256,0,119660,128,0,119839:0:0:0:0:
36,0,119660,128,0,119705:0:0:0:0:
329,0,119749,128,0,119928:0:0:0:0:
109,0,119749,128,0,119794:0:0:0:0:
402,0,119839,128,0,120464:0:0:0:0:
182,0,119839,128,0,119883:0:0:0:0:
36,0,119839,128,0,120107:0:0:0:0:
256,0,119928,128,0,119973:0:0:0:0:
109,0,119928,128,0,120017:0:0:0:0:
475,192,120017,1,0,0:0:0:0:
329,0,120017,128,0,120374:0:0:0:0:
182,0,120017,128,0,120062:0:0:0:0:
256,0,120107,128,0,120285:0:0:0:0:
109,0,120107,128,0,120151:0:0:0:0:
475,192,120196,1,0,0:0:0:0:
182,192,120196,1,0,0:0:0:0:
36,0,120196,128,0,120241:0:0:0:0:
109,192,120285,1,0,0:0:0:0:
256,0,120374,128,0,120464:0:0:0:0:
475,0,120374,128,0,120553:0:0:0:0:
36,192,120374,1,0,0:0:0:0:
182,0,120374,128,0,120464:0:0:0:0:
329,0,120464,128,0,120553:0:0:0:0:
109,0,120464,128,0,120553:0:0:0:0:
402,0,120553,128,0,120642:0:0:0:0:
36,0,120553,128,0,120642:0:0:0:0:
475,0,120642,128,0,120732:0:0:0:0:
109,0,120642,128,0,120732:0:0:0:0:
256,0,120732,128,0,120821:0:0:0:0:
329,192,120732,1,0,0:0:0:0:
36,0,120732,128,0,121267:0:0:0:0:
182,192,120732,1,0,0:0:0:0:
475,0,120821,128,0,121178:0:0:0:0:
402,192,120821,1,0,0:0:0:0:
256,192,120910,1,0,0:0:0:0:
182,0,120910,128,0,120999:0:0:0:0:
109,192,120910,1,0,0:0:0:0:
402,0,120999,128,0,121178:0:0:0:0:
329,192,120999,1,0,0:0:0:0:
182,192,121089,1,0,0:0:0:0:
109,0,121089,128,0,121267:0:0:0:0:
329,0,121178,128,0,121267:0:0:0:0:
256,192,121178,1,0,0:0:0:0:
475,192,121267,1,0,0:0:0:0:
402,192,121267,1,0,0:0:0:0:
109,192,121357,1,0,0:0:0:0:
36,192,121357,1,0,0:0:0:0:
329,192,121446,1,0,0:0:0:0:
475,0,121446,128,0,121982:0:0:0:0:
182,192,121446,1,0,0:0:0:0:
256,0,121446,128,0,121535:0:0:0:0:
109,192,121535,1,0,0:0:0:0:
36,0,121535,128,0,121892:0:0:0:0:
402,192,121624,1,0,0:0:0:0:
329,0,121624,128,0,121714:0:0:0:0:
256,192,121624,1,0,0:0:0:0:
182,192,121714,1,0,0:0:0:0:
109,0,121714,128,0,121892:0:0:0:0:
402,0,121803,128,0,121982:0:0:0:0:
329,192,121803,1,0,0:0:0:0:
256,192,121892,1,0,0:0:0:0:
182,0,121892,128,0,121982:0:0:0:0:
109,192,121982,1,0,0:0:0:0:
36,192,121982,1,0,0:0:0:0:
475,192,122071,1,0,0:0:0:0:
402,192,122071,1,0,0:0:0:0:
182,0,122160,128,0,122249:0:0:0:0:
109,192,122160,1,0,0:0:0:0:
36,0,122160,128,0,122428:0:0:0:0:
329,0,122249,128,0,122339:0:0:0:0:
256,0,122249,128,0,122428:0:0:0:0:
475,192,122339,1,0,0:0:0:0:
182,192,122339,1,0,0:0:0:0:
109,0,122339,128,0,122607:0:0:0:0:
402,0,122428,128,0,122517:0:0:0:0:
329,0,122428,128,0,122607:0:0:0:0:
256,192,122517,1,0,0:0:0:0:
182,0,122517,128,0,122785:0:0:0:0:
36,192,122517,1,0,0:0:0:0:
475,0,122607,128,0,122696:0:0:0:0:
402,0,122607,128,0,122785:0:0:0:0:
329,192,122696,1,0,0:0:0:0:
256,0,122696,128,0,122964:0:0:0:0:
109,192,122696,1,0,0:0:0:0:
475,0,122785,128,0,122964:0:0:0:0:
36,0,122785,128,0,122874:0:0:0:0:
329,0,122874,128,0,123142:0:0:0:0:
402,192,122874,1,0,0:0:0:0:
109,192,122874,1,0,0:0:0:0:
182,192,122874,1,0,0:0:0:0:
36,192,122964,1,0,0:0:0:0:
256,192,123053,1,0,0:0:0:0:
182,192,123098,1,0,0:0:0:0:
109,192,123142,1,0,0:0:0:0:
36,192,123187,1,0,0:0:0:0:
402,192,123232,1,0,0:0:0:0:
475,192,123232,1,0,0:0:0:0:
329,192,123232,1,0,0:0:0:0:
182,192,123232,1,0,0:0:0:0:
256,192,123232,1,0,0:0:0:0:
402,192,123410,1,0,0:0:0:0:
475,192,123410,1,0,0:0:0:0:
36,192,123410,1,0,0:0:0:0:
109,192,123410,1,0,0:0:0:0:
329,0,123589,128,0,124571:0:0:0:0:
402,192,123589,1,0,0:0:0:0:
475,0,123589,128,0,123678:0:0:0:0:
36,0,123589,128,0,123678:0:0:0:0:
109,192,123589,1,0,0:0:0:0:
182,0,123589,128,0,124571:0:0:0:0:
256,0,123678,128,0,123767:0:0:0:0:
402,0,123767,128,0,123857:0:0:0:0:
109,0,123767,128,0,123857:0:0:0:0:
475,0,123857,128,0,123946:0:0:0:0:
36,0,123857,128,0,123946:0:0:0:0:
402,0,123946,128,0,124035:0:0:0:0:
256,0,123946,128,0,124035:0:0:0:0:
109,0,123946,128,0,124035:0:0:0:0:
475,0,124035,128,0,124124:0:0:0:0:
36,0,124035,128,0,124124:0:0:0:0:
402,0,124124,128,0,124214:0:0:0:0:
109,0,124124,128,0,124214:0:0:0:0:
475,0,124214,128,0,124303:0:0:0:0:
256,0,124214,128,0,124303:0:0:0:0:
36,0,124214,128,0,124303:0:0:0:0:
402,0,124303,128,0,124392:0:0:0:0:
109,0,124303,128,0,124392:0:0:0:0:
256,0,124392,128,0,124482:0:0:0:0:
402,0,124482,128,0,124571:0:0:0:0:
109,0,124482,128,0,124571:0:0:0:0:
475,0,124571,128,0,124660:0:0:0:0:
36,0,124571,128,0,124660:0:0:0:0:
329,192,124660,1,0,0:0:0:0:
402,192,124660,1,0,0:0:0:0:
256,192,124660,1,0,0:0:0:0:
109,192,124660,1,0,0:0:0:0:
182,192,124660,1,0,0:0:0:0:
475,192,124839,1,0,0:0:0:0:
36,192,124839,1,0,0:0:0:0:
329,192,125017,1,0,0:0:0:0:
475,0,125017,128,0,125330:0:0:0:0:
256,0,125017,128,0,125107:0:0:0:0:
36,0,125017,128,0,125330:0:0:0:0:
182,192,125017,1,0,0:0:0:0:
402,0,125107,128,0,125419:0:0:0:0:
109,0,125107,128,0,125419:0:0:0:0:
329,0,125196,128,0,125508:0:0:0:0:
182,0,125196,128,0,125508:0:0:0:0:
256,0,125285,128,0,125598:0:0:0:0:
475,192,125374,1,0,0:0:0:0:
36,192,125374,1,0,0:0:0:0:
402,192,125464,1,0,0:0:0:0:
109,192,125464,1,0,0:0:0:0:
329,192,125553,1,0,0:0:0:0:
182,192,125553,1,0,0:0:0:0:
256,192,125642,1,0,0:0:0:0:
402,192,125732,1,0,0:0:0:0:
475,192,125732,1,0,0:0:0:0:
36,192,125732,1,0,0:0:0:0:
109,192,125732,1,0,0:0:0:0:
329,192,125821,1,0,0:0:0:0:
256,192,125821,1,0,0:0:0:0:
182,192,125821,1,0,0:0:0:0:
402,192,125910,1,0,0:0:0:0:
475,192,125910,1,0,0:0:0:0:
36,192,125910,1,0,0:0:0:0:
109,192,125910,1,0,0:0:0:0:
329,192,125999,1,0,0:0:0:0:
182,192,125999,1,0,0:0:0:0:
329,192,126089,1,0,0:0:0:0:
402,192,126089,1,0,0:0:0:0:
256,192,126089,1,0,0:0:0:0:
109,192,126089,1,0,0:0:0:0:
182,192,126089,1,0,0:0:0:0:
402,192,126267,1,0,0:0:0:0:
475,192,126267,1,0,0:0:0:0:
36,192,126267,1,0,0:0:0:0:
109,192,126267,1,0,0:0:0:0:
256,0,126446,128,0,126535:0:0:0:0:
329,0,126446,128,0,126624:0:0:0:0:
109,0,126446,128,0,126535:0:0:0:0:
182,0,126446,128,0,126535:0:0:0:0:
475,0,126535,128,0,126714:0:0:0:0:
402,0,126535,128,0,126624:0:0:0:0:
182,0,126624,128,0,126714:0:0:0:0:
256,0,126624,128,0,126803:0:0:0:0:
36,0,126624,128,0,126714:0:0:0:0:
109,0,126624,128,0,126714:0:0:0:0:
402,0,126714,128,0,126892:0:0:0:0:
329,0,126714,128,0,126803:0:0:0:0:
182,0,126803,128,0,126982:0:0:0:0:
475,0,126803,128,0,126892:0:0:0:0:
36,0,126803,128,0,126892:0:0:0:0:
109,0,126803,128,0,126892:0:0:0:0:
329,0,126892,128,0,127071:0:0:0:0:
256,0,126892,128,0,126982:0:0:0:0:
402,0,126982,128,0,127071:0:0:0:0:
475,0,126982,128,0,127071:0:0:0:0:
36,0,126982,128,0,127071:0:0:0:0:
109,0,126982,128,0,127160:0:0:0:0:
256,0,127071,128,0,127249:0:0:0:0:
182,0,127071,128,0,127160:0:0:0:0:
402,0,127160,128,0,127249:0:0:0:0:
475,0,127160,128,0,127249:0:0:0:0:
36,0,127160,128,0,127339:0:0:0:0:
329,0,127160,128,0,127249:0:0:0:0:
182,0,127249,128,0,127428:0:0:0:0:
109,0,127249,128,0,127339:0:0:0:0:
402,0,127339,128,0,127428:0:0:0:0:
475,0,127339,128,0,127517:0:0:0:0:
256,0,127339,128,0,127428:0:0:0:0:
329,0,127339,128,0,127428:0:0:0:0:
109,0,127428,128,0,127607:0:0:0:0:
36,0,127428,128,0,127517:0:0:0:0:
329,0,127517,128,0,127607:0:0:0:0:
402,0,127517,128,0,127696:0:0:0:0:
182,0,127517,128,0,127607:0:0:0:0:
256,0,127517,128,0,127607:0:0:0:0:
475,0,127607,128,0,127696:0:0:0:0:
36,0,127607,128,0,127785:0:0:0:0:
256,0,127696,128,0,127785:0:0:0:0:
329,0,127696,128,0,127874:0:0:0:0:
109,0,127696,128,0,127785:0:0:0:0:
182,0,127696,128,0,127785:0:0:0:0:
475,0,127785,128,0,127964:0:0:0:0:
402,0,127785,128,0,127874:0:0:0:0:
182,0,127874,128,0,127964:0:0:0:0:
256,0,127874,128,0,128053:0:0:0:0:
36,0,127874,128,0,127964:0:0:0:0:
109,0,127874,128,0,127964:0:0:0:0:
402,0,127964,128,0,128142:0:0:0:0:
329,0,127964,128,0,128053:0:0:0:0:
182,0,128053,128,0,128232:0:0:0:0:
475,0,128053,128,0,128142:0:0:0:0:
36,0,128053,128,0,128142:0:0:0:0:
109,0,128053,128,0,128142:0:0:0:0:
329,0,128142,128,0,128321:0:0:0:0:
256,0,128142,128,0,128232:0:0:0:0:
402,0,128232,128,0,128321:0:0:0:0:
475,0,128232,128,0,128321:0:0:0:0:
36,0,128232,128,0,128321:0:0:0:0:
109,0,128232,128,0,128410:0:0:0:0:
256,0,128321,128,0,128499:0:0:0:0:
182,0,128321,128,0,128410:0:0:0:0:
402,0,128410,128,0,128499:0:0:0:0:
475,0,128410,128,0,128499:0:0:0:0:
36,0,128410,128,0,128589:0:0:0:0:
329,0,128410,128,0,128499:0:0:0:0:
182,0,128499,128,0,128678:0:0:0:0:
109,0,128499,128,0,128589:0:0:0:0:
402,0,128589,128,0,128678:0:0:0:0:
475,0,128589,128,0,128767:0:0:0:0:
256,0,128589,128,0,128678:0:0:0:0:
329,0,128589,128,0,128678:0:0:0:0:
109,0,128678,128,0,128857:0:0:0:0:
36,0,128678,128,0,128767:0:0:0:0:
329,0,128767,128,0,128857:0:0:0:0:
402,0,128767,128,0,128946:0:0:0:0:
182,0,128767,128,0,128857:0:0:0:0:
256,0,128767,128,0,128857:0:0:0:0:
475,0,128857,128,0,128946:0:0:0:0:
36,0,128857,128,0,129035:0:0:0:0:
256,0,128946,128,0,129035:0:0:0:0:
329,0,128946,128,0,129124:0:0:0:0:
109,0,128946,128,0,129035:0:0:0:0:
182,0,128946,128,0,129035:0:0:0:0:
475,0,129035,128,0,129214:0:0:0:0:
402,0,129035,128,0,129124:0:0:0:0:
182,0,129124,128,0,129214:0:0:0:0:
256,0,129124,128,0,129214:0:0:0:0:
36,0,129124,128,0,129214:0:0:0:0:
109,0,129124,128,0,129214:0:0:0:0:
402,0,129214,128,0,129303:0:0:0:0:
329,0,129214,128,0,129303:0:0:0:0:
256,192,129303,1,0,0:0:0:0:
475,0,129303,128,0,132785:0:0:0:0:
182,192,129303,1,0,0:0:0:0:
36,192,129303,1,0,0:0:0:0:
109,192,129303,1,0,0:0:0:0:
402,192,129482,1,0,0:0:0:0:
329,192,129660,1,0,0:0:0:0:
256,192,129839,1,0,0:0:0:0:
329,192,130017,1,0,0:0:0:0:
256,192,130196,1,0,0:0:0:0:
182,192,130374,1,0,0:0:0:0:
109,192,130553,1,0,0:0:0:0:
36,192,130732,1,0,0:0:0:0:
109,192,130910,1,0,0:0:0:0:
182,192,131089,1,0,0:0:0:0:
256,192,131267,1,0,0:0:0:0:
329,192,131446,1,0,0:0:0:0:
475,192,132874,1,0,0:0:0:0:
475,192,132993,1,0,0:0:0:0:
