[Metadata]
雪女
かねこちはる
inava
sound voltex konami yukionna kaneko chiharu
38
0

[TimingPoints]
2093,300,4,2,1,50,1,0
59693,150,4,2,1,50,1,0
59768,300,4,2,1,50,1,0
59843,600,4,2,1,50,1,0
59993,300,4,2,1,50,1,0
62093,150,4,2,1,50,1,0
62168,300,4,2,1,50,1,0
62243,600,4,2,1,50,1,0
62393,300,4,2,1,50,1,0
63893,200,4,2,1,50,1,0
63968,454.545454545455,4,2,1,50,1,0
64118,200,4,2,1,50,1,0
64193,454.545454545455,4,2,1,50,1,0
64343,200,4,2,1,50,1,0
64393,600,4,2,1,50,1,0
64493,300,4,2,1,50,1,0
96893,451.127819548872,4,2,1,50,1,0
97193,375,4,2,1,50,1,0
97493,300,4,2,1,50,1,0
107093,600,4,2,1,50,1,0
107318,200,4,2,1,50,1,0
107393,300,4,2,1,50,1,0
107693,451.127819548872,4,2,1,50,1,0
107993,200,4,2,1,50,1,0
108124,454.545454545455,4,2,1,50,1,0
108295,200,4,2,1,50,1,0
108370,454.545454545455,4,2,1,50,1,0
108520,200,4,2,1,50,1,0
108595,454.545454545455,4,2,1,50,1,0
108745,200,4,2,1,50,1,0
108795,600,4,2,1,50,1,0
108895,300,4,2,1,50,1,0

[HitObjects]
256,192,593,128,0,2093:0:0:0:0:
182,192,2093,1,0,0:0:0:40:cymbol.wav
36,192,2093,1,0,0:0:0:0:
329,192,2243,1,0,0:0:0:0:
475,192,2243,1,0,0:0:0:0:
256,192,2393,1,0,0:0:0:0:
109,192,2393,1,0,0:0:0:0:
329,192,2543,1,0,0:0:0:0:
475,192,2543,1,0,0:0:0:0:
36,192,2693,1,0,0:0:0:0:
182,192,2693,1,0,0:0:0:0:
475,192,2843,1,0,0:0:0:0:
329,192,2843,1,0,0:0:0:0:
256,192,2993,1,0,0:0:0:0:
109,192,2993,1,0,0:0:0:0:
402,192,3143,1,0,0:0:0:0:
256,192,3143,1,0,0:0:0:0:
182,192,3293,1,0,0:0:0:0:
36,192,3293,1,0,0:0:0:0:
475,192,3443,1,0,0:0:0:0:
329,192,3443,1,0,0:0:0:0:
256,192,3593,1,0,0:0:0:0:
109,192,3593,1,0,0:0:0:0:
475,192,3743,1,0,0:0:0:0:
329,192,3743,1,0,0:0:0:0:
36,192,3893,1,0,0:0:0:0:
256,192,3893,1,0,0:0:0:0:
109,192,3968,1,0,0:0:0:0:
329,192,3968,1,0,0:0:0:0:
182,192,4043,1,0,0:0:0:0:
402,192,4043,1,0,0:0:0:0:
256,192,4193,1,0,0:0:0:0:
475,192,4193,1,0,0:0:0:0:
182,192,4268,1,0,0:0:0:0:
402,192,4268,1,0,0:0:0:0:
109,192,4343,1,0,0:0:0:0:
329,192,4343,1,0,0:0:0:0:
256,192,4493,1,0,0:0:0:0:
36,192,4493,1,0,0:0:0:0:
475,192,4643,1,0,0:0:0:0:
402,192,4643,1,0,0:0:0:0:
329,192,4718,1,0,0:0:0:0:
256,192,4793,1,0,0:0:0:0:
182,192,4793,1,0,0:0:0:0:
36,192,4943,1,0,0:0:0:0:
109,192,4943,1,0,0:0:0:0:
182,192,5018,1,0,0:0:0:0:
329,192,5093,1,0,0:0:0:0:
256,192,5093,1,0,0:0:0:0:
182,192,5243,1,0,0:0:0:0:
36,192,5243,1,0,0:0:0:0:
475,192,5393,1,0,0:0:0:0:
329,192,5393,1,0,0:0:0:0:
256,192,5543,1,0,0:0:0:0:
109,192,5543,1,0,0:0:0:0:
475,192,5693,1,0,0:0:0:0:
329,192,5693,1,0,0:0:0:0:
402,192,5843,1,0,0:0:0:0:
256,192,5843,1,0,0:0:0:0:
182,192,5993,1,0,0:0:0:0:
36,192,5993,1,0,0:0:0:0:
256,192,6143,1,0,0:0:0:0:
109,192,6143,1,0,0:0:0:0:
475,192,6293,1,0,0:0:0:0:
182,192,6293,1,0,0:0:0:0:
402,192,6368,1,0,0:0:0:0:
109,192,6368,1,0,0:0:0:0:
329,192,6443,1,0,0:0:0:0:
36,192,6443,1,0,0:0:0:0:
475,192,6593,1,0,0:0:0:0:
182,192,6593,1,0,0:0:0:0:
402,192,6668,1,0,0:0:0:0:
109,192,6668,1,0,0:0:0:0:
329,192,6743,1,0,0:0:0:0:
36,192,6743,1,0,0:0:0:0:
182,192,6893,1,0,0:0:0:0:
36,192,6893,1,0,0:0:0:0:
475,192,7043,1,0,0:0:0:0:
329,192,7043,1,0,0:0:0:0:
256,192,7193,1,0,0:0:0:0:
109,192,7193,1,0,0:0:0:0:
475,192,7343,1,0,0:0:0:0:
329,192,7343,1,0,0:0:0:0:
182,192,7493,1,0,0:0:0:0:
36,192,7493,1,0,0:0:0:0:
475,192,7643,1,0,0:0:0:0:
329,192,7643,1,0,0:0:0:0:
256,192,7793,1,0,0:0:0:0:
109,192,7793,1,0,0:0:0:0:
402,192,7943,1,0,0:0:0:0:
256,192,7943,1,0,0:0:0:0:
329,192,8093,1,0,0:0:0:0:
182,192,8093,1,0,0:0:0:0:
36,192,8093,128,0,9293:0:0:0:0:
475,192,8243,1,0,0:0:0:0:
329,192,8243,1,0,0:0:0:0:
256,192,8393,1,0,0:0:0:0:
109,192,8393,1,0,0:0:0:0:
402,192,8543,1,0,0:0:0:0:
256,192,8543,1,0,0:0:0:0:
329,192,8693,1,0,0:0:0:0:
475,192,8693,1,0,0:0:0:0:
256,192,8768,1,0,0:0:0:0:
182,192,8843,1,0,0:0:0:0:
256,192,8993,1,0,0:0:0:0:
109,192,8993,1,0,0:0:0:0:
329,192,9068,1,0,0:0:0:0:
402,192,9143,1,0,0:0:0:0:
329,192,9293,1,0,0:0:0:0:
182,192,9293,1,0,0:0:0:0:
475,192,9293,128,0,10493:0:0:0:0:
182,192,9443,1,0,0:0:0:0:
36,192,9443,1,0,0:0:0:0:
256,192,9518,1,0,0:0:0:0:
329,192,9593,1,0,0:0:0:0:
256,192,9743,1,0,0:0:0:0:
109,192,9743,1,0,0:0:0:0:
402,192,9893,1,0,0:0:0:0:
256,192,9893,1,0,0:0:0:0:
182,192,10043,1,0,0:0:0:0:
36,192,10043,1,0,0:0:0:0:
402,192,10193,1,0,0:0:0:0:
256,192,10193,1,0,0:0:0:0:
256,192,10343,1,0,0:0:0:0:
109,192,10343,1,0,0:0:0:0:
329,192,10493,1,0,0:0:0:0:
36,192,10493,1,0,0:0:0:0:
256,192,10493,128,0,11693:0:0:0:0:
475,192,10643,1,0,0:0:0:0:
182,192,10643,1,0,0:0:0:0:
329,192,10793,1,0,0:0:0:0:
36,192,10793,1,0,0:0:0:0:
475,192,10943,1,0,0:0:0:0:
182,192,10943,1,0,0:0:0:0:
402,192,11093,128,0,11243:0:0:0:0:
109,192,11093,128,0,11243:0:0:0:0:
329,192,11243,1,0,0:0:0:0:
182,192,11243,1,0,0:0:0:0:
475,192,11393,128,0,11543:0:0:0:0:
36,192,11393,128,0,11543:0:0:0:0:
329,192,11543,1,0,0:0:0:0:
182,192,11543,1,0,0:0:0:0:
402,192,11693,1,0,0:0:0:40:cymbol.wav
109,192,11693,1,0,0:0:0:0:
402,192,11993,1,0,0:0:0:40:snare.wav
109,192,11993,1,0,0:0:0:0:
402,192,12593,1,0,0:0:0:40:snare.wav
109,192,12593,1,0,0:0:0:0:
329,192,12893,128,0,13043:0:0:0:0:
475,192,13043,128,0,13193:0:0:0:0:
256,192,13193,1,0,0:0:0:40:snare.wav
329,192,13193,128,0,13343:0:0:0:0:
475,192,13343,128,0,13493:0:0:0:0:
182,192,13493,128,0,13643:0:0:0:0:
36,192,13643,128,0,13793:0:0:0:0:
256,192,13793,1,0,0:0:0:40:snare.wav
182,192,13793,128,0,13943:0:0:0:0:
36,192,13943,128,0,14093:0:0:0:0:
256,192,14093,1,0,0:0:0:0:
402,192,14393,1,0,0:0:0:40:snare.wav
109,192,14393,1,0,0:0:0:0:
402,192,14993,1,0,0:0:0:40:snare.wav
109,192,14993,1,0,0:0:0:0:
329,192,15293,128,0,15443:0:0:0:0:
475,192,15443,128,0,15593:0:0:0:0:
256,192,15593,1,0,0:0:0:40:snare.wav
329,192,15593,128,0,15743:0:0:0:0:
475,192,15743,128,0,15893:0:0:0:0:
182,192,15893,128,0,16043:0:0:0:0:
36,192,16043,128,0,16193:0:0:0:0:
256,192,16193,1,0,0:0:0:40:snare.wav
182,192,16193,128,0,16343:0:0:0:0:
36,192,16343,128,0,16493:0:0:0:0:
256,192,16493,1,0,0:0:0:0:
402,192,16493,128,0,16643:0:0:0:0:
109,192,16643,128,0,16793:0:0:0:0:
256,192,16793,1,0,0:0:0:40:snare.wav
402,192,16793,128,0,17093:0:0:0:0:
109,192,16943,128,0,17393:0:0:0:0:
329,192,17093,128,0,17543:0:0:0:0:
475,192,17243,128,0,17693:0:0:0:0:
256,192,17393,1,0,0:0:0:40:snare.wav
182,192,17393,128,0,17843:0:0:0:0:
36,192,17543,128,0,18293:0:0:0:0:
329,192,17693,128,0,18593:0:0:0:0:
475,192,17843,128,0,17993:0:0:0:0:
182,192,17993,128,0,18443:0:0:0:0:
256,192,17993,1,0,0:0:0:40:snare.wav
475,192,18143,128,0,18743:0:0:0:0:
36,192,18443,128,0,18893:0:0:0:0:
256,192,18593,1,0,0:0:0:40:snare.wav
182,192,18593,128,0,18743:0:0:0:0:
329,192,18743,128,0,18893:0:0:0:0:
256,192,18893,1,0,0:0:0:0:
475,192,18893,128,0,19343:0:0:0:0:
182,192,18893,128,0,19343:0:0:0:0:
402,192,19043,128,0,19193:0:0:0:0:
109,192,19043,128,0,19193:0:0:0:0:
256,192,19193,1,0,0:0:0:40:snare.wav
329,192,19193,128,0,19493:0:0:0:0:
36,192,19193,128,0,19493:0:0:0:0:
402,192,19343,128,0,19943:0:0:0:0:
109,192,19343,128,0,19943:0:0:0:0:
475,192,19493,128,0,19643:0:0:0:0:
182,192,19493,128,0,19643:0:0:0:0:
329,192,19643,128,0,19793:0:0:0:0:
36,192,19643,128,0,19793:0:0:0:0:
256,192,19793,1,0,0:0:0:40:snare.wav
475,192,19793,128,0,20093:0:0:0:0:
182,192,19793,128,0,20093:0:0:0:0:
329,192,19943,128,0,20243:0:0:0:0:
36,192,19943,128,0,20243:0:0:0:0:
402,192,20093,128,0,20393:0:0:0:0:
109,192,20093,128,0,20393:0:0:0:0:
475,192,20243,128,0,20543:0:0:0:0:
182,192,20243,128,0,20543:0:0:0:0:
329,192,20393,128,0,20693:0:0:0:0:
36,192,20393,128,0,20693:0:0:0:0:
109,192,20543,128,0,20693:0:0:0:0:
402,192,20543,128,0,20693:0:0:0:0:
475,192,20693,128,0,20843:0:0:0:0:
182,192,20693,128,0,20843:0:0:0:0:
256,192,20693,128,0,21293:0:0:0:0:
329,192,20843,1,0,0:0:0:0:
36,192,20843,1,0,0:0:0:0:
329,192,20993,128,0,21143:0:0:0:0:
36,192,20993,128,0,21143:0:0:0:0:
475,192,21143,1,0,0:0:0:0:
182,192,21143,1,0,0:0:0:0:
109,192,21293,1,0,0:0:0:0:
402,192,21293,1,0,0:0:0:40:cymbol.wav
36,192,21293,1,0,0:0:0:40:bass.wav
256,192,21443,1,0,0:0:0:0:
329,192,21593,1,0,0:0:0:0:
182,192,21593,1,0,0:0:0:0:
36,192,21593,1,0,0:0:0:40:snare.wav
475,192,21743,1,0,0:0:0:0:
256,192,21743,1,0,0:0:0:0:
36,192,21893,1,0,0:0:0:40:bass.wav
402,192,22043,1,0,0:0:0:0:
256,192,22043,1,0,0:0:0:0:
329,192,22193,1,0,0:0:0:0:
182,192,22193,1,0,0:0:0:0:
36,192,22193,1,0,0:0:0:40:snare.wav
256,192,22343,1,0,0:0:0:0:
475,192,22493,1,0,0:0:0:0:
329,192,22493,1,0,0:0:0:0:
36,192,22493,1,0,0:0:0:40:bass.wav
256,192,22643,1,0,0:0:0:0:
109,192,22643,1,0,0:0:0:0:
36,192,22793,1,0,0:0:0:40:snare.wav
256,192,22943,1,0,0:0:0:0:
182,192,23093,1,0,0:0:0:0:
36,192,23093,1,0,0:0:0:40:bass.wav
329,192,23243,1,0,0:0:0:0:
402,192,23393,1,0,0:0:0:0:
256,192,23393,1,0,0:0:0:0:
36,192,23393,1,0,0:0:0:40:snare.wav
182,192,23468,1,0,0:0:0:0:
329,192,23543,1,0,0:0:0:0:
475,192,23618,1,0,0:0:0:0:
402,192,23693,1,0,0:0:0:0:
182,192,23693,1,0,0:0:0:0:
36,192,23693,1,0,0:0:0:40:bass.wav
256,192,23843,1,0,0:0:0:0:
109,192,23843,1,0,0:0:0:0:
329,192,23918,1,0,0:0:0:0:
182,192,23918,1,0,0:0:0:0:
402,192,23993,1,0,0:0:0:0:
256,192,23993,1,0,0:0:0:0:
36,192,23993,1,0,0:0:0:40:snare.wav
182,192,24143,1,0,0:0:0:0:
475,192,24143,1,0,0:0:0:0:
329,192,24143,1,0,0:0:0:0:
36,192,24293,1,0,0:0:0:40:bass.wav
402,192,24443,1,0,0:0:0:0:
256,192,24443,1,0,0:0:0:0:
475,192,24593,1,0,0:0:0:0:
329,192,24593,1,0,0:0:0:0:
36,192,24593,1,0,0:0:0:40:snare.wav
182,192,24743,1,0,0:0:0:0:
36,192,24893,1,0,0:0:0:40:bass.wav
475,192,24893,1,0,0:0:0:0:
329,192,24893,1,0,0:0:0:0:
402,192,25043,1,0,0:0:0:0:
256,192,25043,1,0,0:0:0:0:
182,192,25193,1,0,0:0:0:0:
36,192,25193,1,0,0:0:0:40:snare.wav
402,192,25343,1,0,0:0:0:0:
256,192,25343,1,0,0:0:0:0:
182,192,25493,128,0,25793:0:0:0:0:
36,192,25493,1,0,0:0:0:40:bass.wav
256,192,25643,1,0,0:0:0:0:
475,192,25793,1,0,0:0:0:0:
329,192,25793,1,0,0:0:0:0:
36,192,25793,1,0,0:0:0:40:snare.wav
256,192,25943,1,0,0:0:0:0:
36,192,26093,1,0,0:0:0:40:bass.wav
402,192,26093,1,0,0:0:0:0:
109,192,26093,128,0,27293:0:0:0:0:
182,192,26093,128,0,27293:0:0:0:0:
256,192,26243,1,0,0:0:0:0:
36,192,26393,1,0,0:0:0:40:snare.wav
256,192,26543,1,0,0:0:0:0:
475,192,26543,128,0,27068:0:0:0:0:
36,192,26693,1,0,0:0:0:40:bass.wav
256,192,26843,1,0,0:0:0:0:
36,192,26993,1,0,0:0:0:40:snare.wav
475,192,27143,1,0,0:0:0:0:
256,192,27143,1,0,0:0:0:0:
402,192,27218,1,0,0:0:0:0:
36,192,27293,1,0,0:0:0:40:bass.wav
329,192,27293,1,0,0:0:0:0:
109,192,27393,1,0,0:0:0:0:
475,192,27393,1,0,0:0:0:0:
182,192,27493,1,0,0:0:0:0:
329,192,27493,1,0,0:0:0:0:
36,192,27593,1,0,0:0:0:40:snare.wav
256,192,27593,1,0,0:0:0:0:
475,192,27593,1,0,0:0:0:0:
402,192,27693,1,0,0:0:0:0:
182,192,27693,1,0,0:0:0:0:
329,192,27793,1,0,0:0:0:0:
109,192,27793,1,0,0:0:0:0:
475,192,27893,1,0,0:0:0:0:
36,192,27893,1,0,0:0:0:40:bass.wav
256,192,27893,1,0,0:0:0:0:
402,192,27993,1,0,0:0:0:0:
182,192,27993,1,0,0:0:0:0:
329,192,28093,1,0,0:0:0:0:
109,192,28093,1,0,0:0:0:0:
256,192,28193,1,0,0:0:0:40:snare.wav
475,192,28193,1,0,0:0:0:0:
36,192,28193,1,0,0:0:0:0:
402,192,28193,128,0,28493:0:0:0:0:
109,192,28293,1,0,0:0:0:0:
329,192,28343,1,0,0:0:0:0:
182,192,28393,1,0,0:0:0:0:
256,192,28493,128,0,29093:0:0:0:0:
36,192,28493,1,0,0:0:0:40:bass.wav
475,192,28493,1,0,0:0:0:0:
109,192,28493,128,0,29093:0:0:0:0:
402,192,28643,1,0,0:0:0:0:
182,192,28793,1,0,0:0:0:0:
36,192,28793,1,0,0:0:0:40:snare.wav
402,192,28943,1,0,0:0:0:0:
36,192,29093,1,0,0:0:0:40:bass.wav
475,192,29093,128,0,29618:0:0:0:0:
329,192,29093,128,0,29618:0:0:0:0:
256,192,29243,1,0,0:0:0:0:
182,192,29393,1,0,0:0:0:0:
36,192,29393,1,0,0:0:0:40:snare.wav
256,192,29543,1,0,0:0:0:0:
109,192,29693,128,0,29918:0:0:0:0:
36,192,29693,1,0,0:0:0:40:bass.wav
329,192,29693,1,0,0:0:0:0:
475,192,29693,1,0,0:0:0:0:
256,192,29843,1,0,0:0:0:40:bass.wav
402,192,29843,1,0,0:0:0:0:
182,192,29993,1,0,0:0:0:40:bass.wav
36,192,29993,1,0,0:0:0:0:
402,192,29993,128,0,30218:0:0:0:0:
475,192,29993,1,0,0:0:0:0:
256,192,30143,1,0,0:0:0:0:
109,192,30143,1,0,0:0:0:40:bass.wav
475,192,30293,1,0,0:0:0:0:
36,192,30293,1,0,0:0:0:40:bass.wav
329,192,30293,128,0,30518:0:0:0:0:
109,192,30368,1,0,0:0:0:0:
182,192,30443,1,0,0:0:0:0:
256,192,30518,1,0,0:0:0:0:
36,192,30593,1,0,0:0:0:40:bass.wav
182,192,30593,1,0,0:0:0:0:
475,192,30593,128,0,30818:0:0:0:0:
329,192,30593,1,0,0:0:0:0:
256,192,30668,1,0,0:0:0:0:
329,192,30743,1,0,0:0:0:0:
402,192,30818,1,0,0:0:0:0:
256,192,30893,1,0,0:0:0:40:cymbol.wav
109,192,30893,1,0,0:0:0:0:
36,192,30893,1,0,0:0:0:40:bass.wav
475,192,30893,1,0,0:0:0:0:
256,192,31043,1,0,0:0:0:0:
36,192,31193,1,0,0:0:0:50:snare.wav
182,192,31193,1,0,0:0:0:0:
402,192,31193,1,0,0:0:0:0:
329,192,31343,1,0,0:0:0:0:
475,192,31343,1,0,0:0:0:0:
36,192,31493,1,0,0:0:0:40:bass.wav
256,192,31643,1,0,0:0:0:0:
475,192,31643,1,0,0:0:0:0:
182,192,31793,1,0,0:0:0:0:
402,192,31793,1,0,0:0:0:0:
36,192,31793,1,0,0:0:0:50:snare.wav
256,192,31943,1,0,0:0:0:0:
329,192,32093,1,0,0:0:0:0:
36,192,32093,1,0,0:0:0:40:bass.wav
475,192,32093,1,0,0:0:0:0:
109,192,32243,1,0,0:0:0:0:
256,192,32243,1,0,0:0:0:0:
36,192,32393,1,0,0:0:0:50:snare.wav
256,192,32543,1,0,0:0:0:0:
182,192,32693,1,0,0:0:0:0:
36,192,32693,1,0,0:0:0:40:bass.wav
329,192,32843,1,0,0:0:0:0:
256,192,32993,1,0,0:0:0:0:
402,192,32993,1,0,0:0:0:0:
36,192,32993,1,0,0:0:0:50:snare.wav
182,192,33068,1,0,0:0:0:0:
109,192,33143,1,0,0:0:0:0:
256,192,33218,1,0,0:0:0:0:
182,192,33293,1,0,0:0:0:0:
36,192,33293,1,0,0:0:0:40:bass.wav
402,192,33293,1,0,0:0:0:0:
109,192,33443,1,0,0:0:0:0:
329,192,33443,1,0,0:0:0:0:
402,192,33518,1,0,0:0:0:0:
182,192,33518,1,0,0:0:0:0:
475,192,33593,1,0,0:0:0:0:
36,192,33593,1,0,0:0:0:50:snare.wav
256,192,33593,1,0,0:0:0:0:
182,192,33743,1,0,0:0:0:0:
402,192,33743,1,0,0:0:0:0:
329,192,33743,1,0,0:0:0:0:
36,192,33893,1,0,0:0:0:40:bass.wav
109,192,34043,1,0,0:0:0:0:
402,192,34043,1,0,0:0:0:0:
256,192,34043,1,0,0:0:0:0:
475,192,34193,1,0,0:0:0:0:
182,192,34193,1,0,0:0:0:0:
329,192,34193,1,0,0:0:0:0:
36,192,34193,1,0,0:0:0:50:snare.wav
182,192,34343,1,0,0:0:0:0:
475,192,34493,1,0,0:0:0:0:
182,192,34493,1,0,0:0:0:0:
36,192,34493,1,0,0:0:0:40:bass.wav
329,192,34493,1,0,0:0:0:0:
109,192,34643,1,0,0:0:0:0:
256,192,34643,1,0,0:0:0:0:
402,192,34643,1,0,0:0:0:0:
36,192,34793,1,0,0:0:0:50:snare.wav
182,192,34793,1,0,0:0:0:0:
182,192,34943,1,0,0:0:0:0:
475,192,34943,1,0,0:0:0:0:
329,192,34943,1,0,0:0:0:0:
36,192,35093,128,0,35318:0:0:0:70:bass.wav
256,192,35093,1,0,0:0:0:0:
109,192,35093,128,0,35318:0:0:0:0:
475,192,35318,128,0,35543:0:0:0:0:
256,192,35318,1,0,0:0:0:0:
402,192,35318,128,0,35543:0:0:0:0:
36,192,35543,128,0,35693:0:0:0:0:
256,192,35543,1,0,0:0:0:0:
109,192,35543,128,0,35693:0:0:0:0:
475,192,35693,1,0,0:0:0:40:bass.wav
329,192,35693,1,0,0:0:0:0:
182,192,35843,1,0,0:0:0:0:
36,192,35993,1,0,0:0:0:50:snare.wav
256,192,35993,1,0,0:0:0:0:
475,192,35993,1,0,0:0:0:0:
402,192,36093,1,0,0:0:0:0:
109,192,36093,1,0,0:0:0:0:
329,192,36193,1,0,0:0:0:0:
182,192,36193,1,0,0:0:0:0:
475,192,36293,1,0,0:0:0:0:
36,192,36293,1,0,0:0:0:50:bass.wav
256,192,36293,1,0,0:0:0:0:
182,192,36393,1,0,0:0:0:0:
329,192,36393,1,0,0:0:0:0:
109,192,36493,1,0,0:0:0:0:
402,192,36493,1,0,0:0:0:0:
256,192,36593,1,0,0:0:0:0:
475,192,36593,1,0,0:0:0:50:snare.wav
36,192,36593,1,0,0:0:0:0:
402,192,36693,1,0,0:0:0:0:
109,192,36693,1,0,0:0:0:0:
329,192,36793,1,0,0:0:0:0:
182,192,36793,1,0,0:0:0:0:
256,192,36893,128,0,37493:0:0:0:0:
36,192,36893,1,0,0:0:0:0:
475,192,36893,1,0,0:0:0:40:bass.wav
402,192,36968,1,0,0:0:0:0:
182,192,37043,1,0,0:0:0:0:
329,192,37043,1,0,0:0:0:0:
475,192,37118,1,0,0:0:0:0:
36,192,37193,1,0,0:0:0:50:snare.wav
402,192,37193,1,0,0:0:0:0:
109,192,37268,1,0,0:0:0:0:
329,192,37268,1,0,0:0:0:0:
182,192,37343,1,0,0:0:0:0:
475,192,37343,1,0,0:0:0:0:
109,192,37418,1,0,0:0:0:0:
402,192,37418,1,0,0:0:0:0:
36,192,37493,1,0,0:0:0:40:bass.wav
329,192,37493,128,0,38093:0:0:0:0:
256,192,37643,1,0,0:0:0:0:
182,192,37718,1,0,0:0:0:0:
109,192,37793,1,0,0:0:0:0:
36,192,37793,1,0,0:0:0:50:snare.wav
475,192,37793,128,0,38093:0:0:0:0:
256,192,37943,1,0,0:0:0:0:
36,192,38093,1,0,0:0:0:40:bass.wav
109,192,38093,128,0,38693:0:0:0:0:
182,192,38093,128,0,38693:0:0:0:0:
256,192,38243,1,0,0:0:0:0:
36,192,38393,1,0,0:0:0:50:snare.wav
256,192,38543,1,0,0:0:0:0:
475,192,38543,1,0,0:0:0:0:
402,192,38543,1,0,0:0:0:0:
475,192,38618,1,0,0:0:0:0:
402,192,38618,1,0,0:0:0:0:
36,192,38693,1,0,0:0:0:40:bass.wav
475,192,38693,128,0,39293:0:0:0:0:
402,192,38693,128,0,39293:0:0:0:0:
329,192,38843,1,0,0:0:0:0:
182,192,38993,1,0,0:0:0:0:
36,192,38993,1,0,0:0:0:50:snare.wav
329,192,39143,1,0,0:0:0:0:
256,192,39293,1,0,0:0:0:0:
36,192,39293,1,0,0:0:0:40:bass.wav
329,192,39368,1,0,0:0:0:0:
109,192,39368,1,0,0:0:0:0:
402,192,39443,1,0,0:0:0:0:
182,192,39443,1,0,0:0:0:0:
475,192,39518,1,0,0:0:0:0:
256,192,39518,1,0,0:0:0:0:
109,192,39593,1,0,0:0:0:50:snare.wav
36,192,39593,128,0,40418:0:0:0:0:
329,192,39593,1,0,0:0:0:0:
182,192,39668,1,0,0:0:0:0:
402,192,39668,1,0,0:0:0:0:
256,192,39743,1,0,0:0:0:0:
475,192,39743,1,0,0:0:0:0:
182,192,39818,1,0,0:0:0:0:
402,192,39818,1,0,0:0:0:0:
109,192,39893,128,0,40418:0:0:0:0:
329,192,39893,1,0,0:0:0:40:bass.wav
402,192,39968,1,0,0:0:0:0:
182,192,39968,1,0,0:0:0:0:
475,192,40043,1,0,0:0:0:0:
256,192,40043,1,0,0:0:0:0:
329,192,40118,1,0,0:0:0:0:
182,192,40193,128,0,40418:0:0:0:0:
402,192,40193,1,0,0:0:0:50:snare.wav
475,192,40268,1,0,0:0:0:0:
256,192,40268,1,0,0:0:0:0:
329,192,40343,1,0,0:0:0:0:
402,192,40418,1,0,0:0:0:0:
36,192,40493,1,0,0:0:0:0:
256,192,40493,1,0,0:0:0:0:
475,192,40493,1,0,0:0:0:40:cymbol.wav
329,192,40643,1,0,0:0:0:0:
182,192,40643,1,0,0:0:0:0:
402,192,40793,1,0,0:0:0:0:
109,192,40793,1,0,0:0:0:0:
329,192,40943,1,0,0:0:0:0:
36,192,40943,1,0,0:0:0:0:
475,192,41093,1,0,0:0:0:0:
256,192,41093,128,0,41243:0:0:0:0:
182,192,41093,1,0,0:0:0:0:
402,192,41168,1,0,0:0:0:0:
329,192,41243,1,0,0:0:0:0:
36,192,41243,1,0,0:0:0:0:
109,192,41318,1,0,0:0:0:0:
475,192,41393,1,0,0:0:0:0:
256,192,41393,128,0,41543:0:0:0:0:
182,192,41393,1,0,0:0:0:0:
402,192,41468,1,0,0:0:0:0:
36,192,41543,1,0,0:0:0:0:
329,192,41543,1,0,0:0:0:0:
109,192,41618,1,0,0:0:0:0:
182,192,41693,1,0,0:0:0:0:
475,192,41693,1,0,0:0:0:0:
329,192,41693,1,0,0:0:0:0:
256,192,41843,1,0,0:0:0:0:
402,192,41993,1,0,0:0:0:0:
182,192,42143,1,0,0:0:0:0:
256,192,42293,1,0,0:0:0:0:
36,192,42293,1,0,0:0:0:0:
329,192,42293,128,0,42443:0:0:0:0:
109,192,42368,1,0,0:0:0:0:
475,192,42443,1,0,0:0:0:0:
182,192,42443,1,0,0:0:0:0:
402,192,42518,1,0,0:0:0:0:
329,192,42593,1,0,0:0:0:0:
36,192,42593,1,0,0:0:0:0:
256,192,42593,128,0,42743:0:0:0:0:
109,192,42668,1,0,0:0:0:0:
182,192,42743,1,0,0:0:0:0:
475,192,42743,1,0,0:0:0:0:
402,192,42818,1,0,0:0:0:0:
256,192,42893,1,0,0:0:0:40:bass.wav
329,192,42893,1,0,0:0:0:0:
36,192,42893,1,0,0:0:0:0:
182,192,43043,1,0,0:0:0:0:
109,192,43193,1,0,0:0:0:0:
402,192,43343,1,0,0:0:0:0:
256,192,43493,1,0,0:0:0:0:
182,192,43493,128,0,43643:0:0:0:0:
475,192,43493,1,0,0:0:0:0:
402,192,43568,1,0,0:0:0:0:
36,192,43643,1,0,0:0:0:0:
329,192,43643,1,0,0:0:0:0:
109,192,43718,1,0,0:0:0:0:
182,192,43793,1,0,0:0:0:0:
256,192,43793,128,0,43943:0:0:0:0:
475,192,43793,1,0,0:0:0:0:
402,192,43868,1,0,0:0:0:0:
329,192,43943,1,0,0:0:0:0:
36,192,43943,1,0,0:0:0:0:
109,192,44018,1,0,0:0:0:0:
256,192,44093,1,0,0:0:0:0:
475,192,44093,1,0,0:0:0:0:
182,192,44093,1,0,0:0:0:0:
109,192,44243,1,0,0:0:0:0:
329,192,44243,128,0,44543:0:0:0:0:
256,192,44393,1,0,0:0:0:0:
402,192,44543,1,0,0:0:0:0:
475,192,44693,1,0,0:0:0:0:
36,192,44693,1,0,0:0:0:0:
402,192,44793,1,0,0:0:0:0:
109,192,44793,1,0,0:0:0:0:
329,192,44893,1,0,0:0:0:0:
182,192,44893,1,0,0:0:0:0:
36,192,44993,1,0,0:0:0:0:
256,192,44993,1,0,0:0:0:0:
109,192,45093,1,0,0:0:0:0:
329,192,45093,1,0,0:0:0:0:
182,192,45193,1,0,0:0:0:0:
402,192,45193,1,0,0:0:0:0:
36,192,45293,1,0,0:0:0:0:
256,192,45293,1,0,0:0:0:40:bass.wav
475,192,45293,1,0,0:0:0:0:
36,192,45443,1,0,0:0:0:0:
182,192,45518,1,0,0:0:0:0:
475,192,45593,1,0,0:0:0:0:
329,192,45593,1,0,0:0:0:0:
256,192,45743,1,0,0:0:0:0:
109,192,45743,1,0,0:0:0:0:
475,192,45893,1,0,0:0:0:0:
329,192,45893,1,0,0:0:0:0:
182,192,46043,1,0,0:0:0:0:
36,192,46043,1,0,0:0:0:0:
402,192,46193,1,0,0:0:0:0:
256,192,46193,1,0,0:0:0:0:
109,192,46193,1,0,0:0:0:0:
182,192,46343,1,0,0:0:0:0:
36,192,46343,1,0,0:0:0:0:
475,192,46343,1,0,0:0:0:0:
256,192,46493,1,0,0:0:0:0:
402,192,46493,128,0,46643:0:0:0:0:
329,192,46643,1,0,0:0:0:0:
475,192,46643,1,0,0:0:0:0:
256,192,46793,1,0,0:0:0:0:
109,192,46793,128,0,46943:0:0:0:0:
36,192,46793,1,0,0:0:0:0:
329,192,46943,1,0,0:0:0:0:
475,192,46943,1,0,0:0:0:0:
182,192,47093,1,0,0:0:0:0:
256,192,47093,128,0,47543:0:0:0:0:
36,192,47093,128,0,47243:0:0:0:0:
475,192,47243,1,0,0:0:0:0:
36,192,47393,1,0,0:0:0:0:
329,192,47393,128,0,47543:0:0:0:0:
182,192,47543,128,0,47693:0:0:0:0:
475,192,47543,1,0,0:0:0:0:
329,192,47693,1,0,0:0:0:0:
256,192,47693,1,0,0:0:0:40:bass.wav
36,192,47693,1,0,0:0:0:0:
475,192,47843,1,0,0:0:0:0:
329,192,47843,1,0,0:0:0:0:
256,192,47993,1,0,0:0:0:0:
109,192,47993,1,0,0:0:0:0:
475,192,48143,1,0,0:0:0:0:
329,192,48143,1,0,0:0:0:0:
182,192,48293,1,0,0:0:0:0:
36,192,48293,1,0,0:0:0:0:
402,192,48443,1,0,0:0:0:0:
256,192,48443,1,0,0:0:0:0:
475,192,48593,1,0,0:0:0:0:
329,192,48593,1,0,0:0:0:0:
256,192,48743,1,0,0:0:0:0:
109,192,48743,1,0,0:0:0:0:
475,192,48893,1,0,0:0:0:0:
36,192,48893,1,0,0:0:0:0:
402,192,49043,1,0,0:0:0:0:
109,192,49043,1,0,0:0:0:0:
329,192,49193,1,0,0:0:0:0:
182,192,49193,1,0,0:0:0:0:
402,192,49343,1,0,0:0:0:0:
109,192,49343,1,0,0:0:0:0:
256,192,49493,128,0,50093:0:0:0:0:
475,192,49493,128,0,49643:0:0:0:0:
36,192,49493,128,0,49643:0:0:0:0:
329,192,49643,1,0,0:0:0:0:
182,192,49643,1,0,0:0:0:0:
402,192,49793,128,0,49943:0:0:0:0:
109,192,49793,128,0,49943:0:0:0:0:
329,192,49943,1,0,0:0:0:0:
182,192,49943,1,0,0:0:0:0:
329,192,50093,1,0,0:0:0:40:cymbol.wav
402,192,50093,1,0,0:0:0:0:
475,192,50093,1,0,0:0:0:40:bass.wav
36,192,50093,1,0,0:0:0:0:
109,192,50093,1,0,0:0:0:0:
182,192,50093,1,0,0:0:0:0:
329,192,50243,1,0,0:0:0:0:
182,192,50243,1,0,0:0:0:0:
329,192,50393,1,0,0:0:0:0:
475,192,50393,1,0,0:0:0:40:bass.wav
256,192,50393,1,0,0:0:0:0:
36,192,50393,1,0,0:0:0:0:
109,192,50393,1,0,0:0:0:0:
402,192,50543,1,0,0:0:0:0:
256,192,50543,1,0,0:0:0:0:
329,192,50693,1,0,0:0:0:0:
402,192,50693,1,0,0:0:0:0:
475,192,50693,1,0,0:0:0:40:bass.wav
36,192,50693,1,0,0:0:0:0:
109,192,50693,1,0,0:0:0:0:
182,192,50693,1,0,0:0:0:0:
256,192,50843,1,0,0:0:0:0:
109,192,50843,1,0,0:0:0:0:
402,192,50993,1,0,0:0:0:0:
475,192,50993,1,0,0:0:0:40:bass.wav
256,192,50993,1,0,0:0:0:0:
36,192,50993,1,0,0:0:0:0:
182,192,50993,1,0,0:0:0:0:
329,192,51143,1,0,0:0:0:0:
182,192,51143,1,0,0:0:0:0:
256,192,51293,1,0,0:0:0:0:
475,192,51293,1,0,0:0:0:40:bass.wav
109,192,51293,1,0,0:0:0:0:
36,192,51293,1,0,0:0:0:0:
402,192,51293,128,0,51893:0:0:0:0:
329,192,51443,1,0,0:0:0:0:
182,192,51443,1,0,0:0:0:0:
256,192,51593,1,0,0:0:0:0:
475,192,51593,1,0,0:0:0:40:bass.wav
36,192,51593,1,0,0:0:0:0:
109,192,51593,1,0,0:0:0:0:
329,192,51743,1,0,0:0:0:0:
182,192,51743,1,0,0:0:0:0:
256,192,51893,1,0,0:0:0:0:
475,192,51893,1,0,0:0:0:40:bass.wav
36,192,51893,1,0,0:0:0:0:
182,192,51893,1,0,0:0:0:0:
402,192,52043,1,0,0:0:0:0:
256,192,52043,1,0,0:0:0:0:
402,192,52193,1,0,0:0:0:0:
475,192,52193,1,0,0:0:0:40:bass.wav
329,192,52193,1,0,0:0:0:0:
36,192,52193,1,0,0:0:0:0:
109,192,52193,1,0,0:0:0:0:
329,192,52343,1,0,0:0:0:0:
182,192,52343,1,0,0:0:0:0:
329,192,52493,1,0,0:0:0:0:
475,192,52493,1,0,0:0:0:40:bass.wav
256,192,52493,1,0,0:0:0:0:
109,192,52493,128,0,53093:0:0:0:0:
36,192,52493,1,0,0:0:0:0:
402,192,52643,1,0,0:0:0:0:
182,192,52643,1,0,0:0:0:0:
329,192,52793,1,0,0:0:0:0:
475,192,52793,1,0,0:0:0:40:bass.wav
36,192,52793,1,0,0:0:0:0:
256,192,52793,1,0,0:0:0:0:
402,192,52943,1,0,0:0:0:0:
182,192,52943,1,0,0:0:0:0:
475,192,53093,1,0,0:0:0:40:bass.wav
402,192,53093,1,0,0:0:0:0:
36,192,53093,1,0,0:0:0:0:
256,192,53093,1,0,0:0:0:0:
256,192,53243,1,0,0:0:0:0:
109,192,53243,1,0,0:0:0:0:
402,192,53393,1,0,0:0:0:0:
36,192,53393,1,0,0:0:0:0:
475,192,53393,1,0,0:0:0:40:bass.wav
109,192,53393,1,0,0:0:0:0:
182,192,53393,1,0,0:0:0:0:
329,192,53543,1,0,0:0:0:0:
182,192,53543,1,0,0:0:0:0:
402,192,53693,1,0,0:0:0:0:
475,192,53693,1,0,0:0:0:40:bass.wav
109,192,53693,1,0,0:0:0:0:
256,192,53693,128,0,54293:0:0:0:0:
36,192,53693,1,0,0:0:0:0:
329,192,53843,1,0,0:0:0:0:
182,192,53843,1,0,0:0:0:0:
402,192,53993,1,0,0:0:0:0:
475,192,53993,1,0,0:0:0:40:bass.wav
36,192,53993,1,0,0:0:0:0:
109,192,53993,1,0,0:0:0:0:
329,192,54143,1,0,0:0:0:0:
182,192,54143,1,0,0:0:0:0:
182,192,54293,1,0,0:0:0:0:
402,192,54293,1,0,0:0:0:0:
36,192,54293,1,0,0:0:0:0:
475,192,54293,1,0,0:0:0:40:bass.wav
402,192,54443,1,0,0:0:0:0:
256,192,54443,1,0,0:0:0:0:
475,192,54593,1,0,0:0:0:40:bass.wav
182,192,54593,1,0,0:0:0:0:
329,192,54593,1,0,0:0:0:0:
402,192,54593,1,0,0:0:0:0:
36,192,54593,1,0,0:0:0:0:
256,192,54743,1,0,0:0:0:0:
109,192,54743,1,0,0:0:0:0:
329,192,54893,1,0,0:0:0:0:
475,192,54893,1,0,0:0:0:0:
256,192,54893,1,0,0:0:0:0:
36,192,54893,1,0,0:0:0:40:bass.wav
182,192,54893,1,0,0:0:0:0:
402,192,55043,1,0,0:0:0:0:
36,192,55043,1,0,0:0:0:40:bass.wav
329,192,55193,1,0,0:0:0:0:
256,192,55193,1,0,0:0:0:0:
36,192,55193,1,0,0:0:0:40:bass.wav
475,192,55343,1,0,0:0:0:0:
402,192,55343,1,0,0:0:0:0:
36,192,55343,1,0,0:0:0:40:bass.wav
182,192,55493,1,0,0:0:0:0:
36,192,55493,1,0,0:0:0:40:bass.wav
402,192,55643,1,0,0:0:0:0:
475,192,55643,1,0,0:0:0:0:
36,192,55643,1,0,0:0:0:40:bass.wav
329,192,55793,1,0,0:0:0:0:
256,192,55793,1,0,0:0:0:0:
36,192,55793,1,0,0:0:0:40:bass.wav
402,192,55943,1,0,0:0:0:0:
36,192,55943,1,0,0:0:0:40:bass.wav
475,192,56093,1,0,0:0:0:0:
329,192,56093,1,0,0:0:0:0:
36,192,56093,1,0,0:0:0:40:bass.wav
109,192,56168,1,0,0:0:0:40:bass.wav
182,192,56243,1,0,0:0:0:40:bass.wav
256,192,56318,1,0,0:0:0:40:bass.wav
475,192,56393,1,0,0:0:0:0:
36,192,56393,1,0,0:0:0:40:bass.wav
256,192,56468,1,0,0:0:0:40:bass.wav
329,192,56543,1,0,0:0:0:40:bass.wav
402,192,56618,1,0,0:0:0:40:bass.wav
475,192,56693,1,0,0:0:0:40:bass.wav
36,192,56693,128,0,56893:0:0:0:40:bass.wav
109,192,56743,128,0,56943:0:0:0:40:bass.wav
182,192,56793,128,0,56993:0:0:0:40:bass.wav
256,192,56843,128,0,57043:0:0:0:40:bass.wav
329,192,56893,128,0,57093:0:0:0:40:bass.wav
402,192,56943,128,0,57143:0:0:0:40:bass.wav
36,192,56993,1,0,0:0:0:40:bass.wav
475,192,56993,128,0,57193:0:0:0:40:bass.wav
109,192,57043,1,0,0:0:0:40:bass.wav
182,192,57093,1,0,0:0:0:40:bass.wav
256,192,57143,1,0,0:0:0:40:bass.wav
329,192,57193,1,0,0:0:0:40:bass.wav
402,192,57243,1,0,0:0:0:40:bass.wav
475,192,57293,1,0,0:0:0:40:bass.wav
256,192,59093,1,0,0:0:0:0:
256,192,59393,1,0,0:0:0:0:
475,192,59693,128,0,60493:0:0:0:0:
256,192,59693,1,0,0:0:0:50:cymbol.wav
402,192,59693,128,0,60218:0:0:0:0:
36,192,59693,128,0,60593:0:0:0:0:
109,192,59693,128,0,60218:0:0:0:0:
256,192,59993,128,0,60218:0:0:0:0:
329,192,60293,1,0,0:0:0:0:
182,192,60343,1,0,0:0:0:0:
256,192,60393,1,0,0:0:0:0:
329,192,60443,1,0,0:0:0:0:
182,192,60493,1,0,0:0:0:0:
256,192,60543,1,0,0:0:0:0:
475,192,60593,1,0,0:0:0:0:
329,192,60593,1,0,0:0:0:0:
182,192,60643,1,0,0:0:0:0:
36,192,60693,1,0,0:0:0:0:
109,192,60693,1,0,0:0:0:0:
256,192,60743,1,0,0:0:0:0:
402,192,60793,1,0,0:0:0:0:
475,192,60793,1,0,0:0:0:0:
329,192,60843,1,0,0:0:0:0:
256,192,60893,128,0,61993:0:0:0:0:
36,192,60893,1,0,0:0:0:0:
182,192,60893,1,0,0:0:0:40:bass.wav
182,192,60993,1,0,0:0:0:0:
36,192,60993,1,0,0:0:0:0:
182,192,61093,128,0,61393:0:0:0:0:
36,192,61093,128,0,61393:0:0:0:0:
329,192,61193,1,0,0:0:0:0:
475,192,61193,1,0,0:0:0:0:
329,192,61293,1,0,0:0:0:0:
475,192,61293,1,0,0:0:0:0:
329,192,61393,128,0,61693:0:0:0:0:
475,192,61393,128,0,61693:0:0:0:0:
36,192,61493,1,0,0:0:0:0:
109,192,61493,1,0,0:0:0:40:bass.wav
109,192,61593,1,0,0:0:0:40:bass.wav
36,192,61593,1,0,0:0:0:0:
109,192,61693,128,0,61993:0:0:0:70:bass.wav
36,192,61693,128,0,61993:0:0:0:0:
402,192,61793,1,0,0:0:0:40:bass.wav
475,192,61793,1,0,0:0:0:0:
402,192,61893,1,0,0:0:0:40:bass.wav
475,192,61893,1,0,0:0:0:0:
475,192,61993,128,0,62093:0:0:0:0:
402,192,61993,128,0,62093:0:0:0:70:bass.wav
256,192,62093,1,0,0:0:0:50:cymbol.wav
109,192,62093,1,0,0:0:0:0:
36,192,62093,1,0,0:0:0:0:
256,192,62393,128,0,62643:0:0:0:0:
36,192,62393,1,0,0:0:0:0:
475,192,62393,1,0,0:0:0:0:
329,192,62443,1,0,0:0:0:0:
109,192,62493,1,0,0:0:0:0:
402,192,62543,1,0,0:0:0:0:
182,192,62593,1,0,0:0:0:0:
475,192,62643,1,0,0:0:0:0:
36,192,62693,1,0,0:0:0:0:
256,192,62693,1,0,0:0:0:0:
109,192,62743,1,0,0:0:0:0:
329,192,62743,1,0,0:0:0:0:
402,192,62793,1,0,0:0:0:0:
182,192,62793,1,0,0:0:0:0:
256,192,62843,1,0,0:0:0:0:
475,192,62843,1,0,0:0:0:0:
36,192,62843,1,0,0:0:0:0:
329,192,62893,1,0,0:0:0:0:
109,192,62893,1,0,0:0:0:0:
402,192,62943,1,0,0:0:0:0:
182,192,62943,1,0,0:0:0:0:
256,192,62993,128,0,63793:0:0:0:0:
36,192,62993,128,0,63193:0:0:0:0:
475,192,62993,1,0,0:0:0:0:
329,192,63093,128,0,63293:0:0:0:0:
182,192,63193,128,0,63593:0:0:0:0:
475,192,63293,1,0,0:0:0:40:bass.wav
402,192,63293,1,0,0:0:0:0:
36,192,63293,1,0,0:0:0:0:
329,192,63393,1,0,0:0:0:0:
402,192,63393,1,0,0:0:0:0:
402,192,63493,128,0,63793:0:0:0:0:
475,192,63493,128,0,63793:0:0:0:0:
109,192,63593,1,0,0:0:0:0:
36,192,63593,1,0,0:0:0:0:
182,192,63693,1,0,0:0:0:0:
109,192,63693,1,0,0:0:0:0:
109,192,63793,128,0,63893:0:0:0:0:
36,192,63793,128,0,63893:0:0:0:0:
256,192,63893,1,0,0:0:0:0:
402,192,63893,1,0,0:0:0:0:
475,192,63893,1,0,0:0:0:0:
182,192,63893,1,0,0:0:0:0:
329,192,63893,1,0,0:0:0:0:
109,192,64118,1,0,0:0:0:0:
402,192,64118,1,0,0:0:0:0:
256,192,64118,1,0,0:0:0:0:
182,192,64118,1,0,0:0:0:0:
329,192,64118,1,0,0:0:0:0:
109,192,64343,1,0,0:0:0:0:
329,192,64343,1,0,0:0:0:0:
36,192,64343,1,0,0:0:0:0:
256,192,64343,1,0,0:0:0:0:
182,192,64343,1,0,0:0:0:0:
182,192,64493,1,0,0:0:0:0:
402,192,64493,1,0,0:0:0:0:
475,192,64493,1,0,0:0:0:50:cymbol.wav
329,192,64493,128,0,64793:0:0:0:0:
36,192,64493,1,0,0:0:0:40:bass.wav
109,192,64643,1,0,0:0:0:0:
256,192,64643,1,0,0:0:0:0:
475,192,64793,1,0,0:0:0:0:
36,192,64793,1,0,0:0:0:50:snare.wav
182,192,64793,128,0,65093:0:0:0:0:
329,192,64868,1,0,0:0:0:0:
109,192,64943,1,0,0:0:0:0:
256,192,64943,1,0,0:0:0:0:
475,192,64943,1,0,0:0:0:0:
329,192,65018,1,0,0:0:0:0:
36,192,65093,1,0,0:0:0:40:bass.wav
402,192,65093,128,0,65393:0:0:0:0:
475,192,65093,1,0,0:0:0:0:
109,192,65243,1,0,0:0:0:0:
256,192,65243,1,0,0:0:0:0:
475,192,65393,1,0,0:0:0:0:
36,192,65393,1,0,0:0:0:50:snare.wav
182,192,65393,128,0,65693:0:0:0:0:
329,192,65468,1,0,0:0:0:0:
109,192,65543,1,0,0:0:0:0:
256,192,65543,1,0,0:0:0:0:
475,192,65543,1,0,0:0:0:0:
329,192,65618,1,0,0:0:0:0:
402,192,65693,1,0,0:0:0:0:
36,192,65693,1,0,0:0:0:40:bass.wav
475,192,65693,1,0,0:0:0:0:
475,192,65793,1,0,0:0:0:0:
182,192,65843,1,0,0:0:0:0:
256,192,65843,1,0,0:0:0:0:
475,192,65893,1,0,0:0:0:0:
109,192,65993,1,0,0:0:0:0:
329,192,65993,1,0,0:0:0:0:
36,192,65993,1,0,0:0:0:50:snare.wav
329,192,66093,1,0,0:0:0:0:
182,192,66143,1,0,0:0:0:0:
256,192,66143,1,0,0:0:0:0:
329,192,66193,1,0,0:0:0:0:
475,192,66293,1,0,0:0:0:0:
402,192,66293,1,0,0:0:0:0:
36,192,66293,1,0,0:0:0:40:bass.wav
402,192,66393,1,0,0:0:0:0:
182,192,66443,1,0,0:0:0:0:
256,192,66443,1,0,0:0:0:0:
402,192,66493,1,0,0:0:0:0:
475,192,66593,1,0,0:0:0:0:
109,192,66593,1,0,0:0:0:0:
36,192,66593,1,0,0:0:0:50:snare.wav
109,192,66693,1,0,0:0:0:0:
329,192,66743,1,0,0:0:0:0:
256,192,66743,1,0,0:0:0:0:
109,192,66793,1,0,0:0:0:0:
182,192,66893,128,0,67193:0:0:0:0:
36,192,66893,1,0,0:0:0:40:bass.wav
329,192,66893,1,0,0:0:0:0:
475,192,66893,1,0,0:0:0:0:
256,192,67043,1,0,0:0:0:0:
402,192,67043,1,0,0:0:0:0:
329,192,67193,128,0,67493:0:0:0:0:
475,192,67193,1,0,0:0:0:0:
36,192,67193,1,0,0:0:0:50:snare.wav
182,192,67268,1,0,0:0:0:0:
256,192,67343,1,0,0:0:0:0:
402,192,67343,1,0,0:0:0:0:
36,192,67343,1,0,0:0:0:0:
182,192,67418,1,0,0:0:0:0:
109,192,67493,128,0,67793:0:0:0:0:
36,192,67493,1,0,0:0:0:40:bass.wav
475,192,67493,1,0,0:0:0:0:
402,192,67643,1,0,0:0:0:0:
256,192,67643,1,0,0:0:0:0:
36,192,67793,1,0,0:0:0:50:snare.wav
475,192,67793,1,0,0:0:0:0:
329,192,67793,128,0,68093:0:0:0:0:
182,192,67868,1,0,0:0:0:0:
256,192,67943,1,0,0:0:0:0:
402,192,67943,1,0,0:0:0:0:
36,192,67943,1,0,0:0:0:0:
182,192,68018,1,0,0:0:0:0:
475,192,68093,1,0,0:0:0:0:
36,192,68093,1,0,0:0:0:40:bass.wav
109,192,68093,1,0,0:0:0:0:
475,192,68393,1,0,0:0:0:0:
182,192,68393,128,0,68693:0:0:0:0:
36,192,68393,1,0,0:0:0:50:snare.wav
402,192,68393,1,0,0:0:0:0:
329,192,68468,1,0,0:0:0:0:
256,192,68543,1,0,0:0:0:0:
402,192,68618,1,0,0:0:0:0:
109,192,68693,1,0,0:0:0:0:
475,192,68693,1,0,0:0:0:0:
329,192,68693,128,0,68993:0:0:0:0:
36,192,68693,1,0,0:0:0:40:bass.wav
182,192,68768,1,0,0:0:0:0:
256,192,68843,1,0,0:0:0:0:
109,192,68918,1,0,0:0:0:0:
402,192,68993,1,0,0:0:0:0:
475,192,68993,1,0,0:0:0:0:
182,192,68993,128,0,69293:0:0:0:0:
36,192,68993,1,0,0:0:0:50:snare.wav
329,192,69068,1,0,0:0:0:0:
256,192,69143,1,0,0:0:0:0:
402,192,69218,1,0,0:0:0:0:
329,192,69293,1,0,0:0:0:0:
475,192,69293,1,0,0:0:0:0:
36,192,69293,1,0,0:0:0:40:bass.wav
109,192,69293,1,0,0:0:0:0:
402,192,69443,1,0,0:0:0:0:
256,192,69443,1,0,0:0:0:0:
36,192,69593,128,0,69893:0:0:0:0:
329,192,69593,1,0,0:0:0:0:
182,192,69593,1,0,0:0:0:50:snare.wav
109,192,69668,1,0,0:0:0:0:
475,192,69743,1,0,0:0:0:0:
329,192,69743,1,0,0:0:0:0:
109,192,69818,1,0,0:0:0:0:
256,192,69893,1,0,0:0:0:40:bass.wav
182,192,69893,128,0,70193:0:0:0:0:
475,192,70043,1,0,0:0:0:0:
329,192,70043,1,0,0:0:0:0:
36,192,70193,128,0,70493:0:0:0:0:
402,192,70193,1,0,0:0:0:0:
256,192,70193,1,0,0:0:0:50:snare.wav
475,192,70268,1,0,0:0:0:0:
329,192,70343,1,0,0:0:0:0:
182,192,70343,1,0,0:0:0:0:
475,192,70418,1,0,0:0:0:0:
256,192,70493,1,0,0:0:0:40:bass.wav
109,192,70493,1,0,0:0:0:0:
475,192,70643,1,0,0:0:0:0:
329,192,70643,1,0,0:0:0:0:
36,192,70793,128,0,71093:0:0:0:0:
256,192,70793,1,0,0:0:0:50:snare.wav
182,192,70793,1,0,0:0:0:0:
109,192,70868,1,0,0:0:0:0:
475,192,70943,1,0,0:0:0:0:
329,192,70943,1,0,0:0:0:0:
109,192,71018,1,0,0:0:0:0:
182,192,71093,128,0,71393:0:0:0:0:
256,192,71093,1,0,0:0:0:40:bass.wav
475,192,71243,1,0,0:0:0:0:
329,192,71243,1,0,0:0:0:0:
36,192,71393,128,0,71693:0:0:0:0:
402,192,71393,1,0,0:0:0:0:
256,192,71393,1,0,0:0:0:50:snare.wav
475,192,71468,1,0,0:0:0:0:
329,192,71543,1,0,0:0:0:0:
182,192,71543,1,0,0:0:0:0:
256,192,71618,1,0,0:0:0:0:
475,192,71693,1,0,0:0:0:0:
329,192,71693,1,0,0:0:0:40:bass.wav
109,192,71693,1,0,0:0:0:0:
256,192,71843,1,0,0:0:0:0:
402,192,71843,1,0,0:0:0:0:
182,192,71993,1,0,0:0:0:0:
36,192,71993,128,0,72293:0:0:0:0:
329,192,71993,1,0,0:0:0:50:snare.wav
109,192,72068,1,0,0:0:0:0:
475,192,72143,1,0,0:0:0:0:
329,192,72143,1,0,0:0:0:0:
109,192,72218,1,0,0:0:0:0:
182,192,72293,128,0,72593:0:0:0:0:
256,192,72293,1,0,0:0:0:40:bass.wav
475,192,72443,1,0,0:0:0:0:
329,192,72443,1,0,0:0:0:0:
256,192,72593,1,0,0:0:0:50:snare.wav
402,192,72593,1,0,0:0:0:0:
36,192,72593,128,0,72893:0:0:0:0:
475,192,72668,1,0,0:0:0:0:
329,192,72743,1,0,0:0:0:0:
182,192,72743,1,0,0:0:0:0:
475,192,72818,1,0,0:0:0:0:
256,192,72893,1,0,0:0:0:40:bass.wav
109,192,72893,1,0,0:0:0:0:
475,192,73043,1,0,0:0:0:0:
329,192,73043,1,0,0:0:0:0:
182,192,73193,1,0,0:0:0:0:
256,192,73193,1,0,0:0:0:50:snare.wav
36,192,73193,128,0,73493:0:0:0:0:
109,192,73268,1,0,0:0:0:0:
329,192,73343,1,0,0:0:0:0:
475,192,73343,1,0,0:0:0:0:
109,192,73418,1,0,0:0:0:0:
256,192,73493,1,0,0:0:0:0:bass.wav
182,192,73493,128,0,73793:0:0:0:0:
329,192,73643,1,0,0:0:0:0:
475,192,73643,1,0,0:0:0:0:
256,192,73793,1,0,0:0:0:0:
36,192,73793,128,0,74093:0:0:0:0:
402,192,73793,1,0,0:0:0:0:
475,192,73868,1,0,0:0:0:0:
182,192,73943,1,0,0:0:0:0:
329,192,73943,1,0,0:0:0:0:
402,192,74018,1,0,0:0:0:0:
256,192,74093,128,0,75293:0:0:0:0:
329,192,74093,1,0,0:0:0:0:
109,192,74093,1,0,0:0:0:0:
475,192,74093,1,0,0:0:0:0:
182,192,74243,1,0,0:0:0:0:
36,192,74243,1,0,0:0:0:0:
329,192,74393,1,0,0:0:0:0:
182,192,74393,1,0,0:0:0:0:
475,192,74543,1,0,0:0:0:0:
329,192,74543,1,0,0:0:0:0:
36,192,74693,1,0,0:0:0:0:
109,192,74693,128,0,74843:0:0:0:0:
402,192,74843,128,0,74993:0:0:0:0:
475,192,74993,1,0,0:0:0:0:
182,192,74993,128,0,75143:0:0:0:0:
329,192,75143,128,0,75293:0:0:0:0:
36,192,75293,128,0,76418:0:0:0:0:
109,192,75368,128,0,75818:0:0:0:0:
182,192,75443,128,0,75893:0:0:0:0:
256,192,75518,128,0,75743:0:0:0:0:
475,192,75593,128,0,76418:0:0:0:0:
402,192,75668,128,0,76343:0:0:0:0:
329,192,75743,128,0,76043:0:0:0:0:
256,192,75818,128,0,75968:0:0:0:0:
109,192,75893,128,0,76043:0:0:0:0:
182,192,75968,128,0,76118:0:0:0:0:
256,192,76043,128,0,76193:0:0:0:0:
329,192,76118,128,0,76268:0:0:0:0:
182,192,76193,128,0,76343:0:0:0:0:
256,192,76268,128,0,76418:0:0:0:0:
329,192,76343,128,0,76493:0:0:0:0:
402,192,76418,128,0,76568:0:0:0:0:
36,192,76493,128,0,76718:0:0:0:0:
475,192,76493,128,2,77768:0:0:0:0:
256,192,76493,1,0,0:0:0:0:
329,192,76643,128,2,77618:0:0:0:0:
36,192,76793,128,2,78068:0:0:0:0:
182,192,76943,128,2,77918:0:0:0:0:
402,192,77243,1,2,0:0:0:0:
256,192,77393,1,2,0:0:0:0:
109,192,77543,1,2,0:0:0:0:
329,192,77693,128,2,78218:0:0:0:0:
475,192,77843,128,2,78368:0:0:0:0:
182,192,77993,128,2,78518:0:0:0:0:
36,192,78143,128,2,78668:0:0:0:0:
329,192,78293,1,2,0:0:0:0:
475,192,78443,1,2,0:0:0:0:
182,192,78593,1,2,0:0:0:0:
36,192,78743,1,2,0:0:0:0:
182,192,78893,1,0,0:0:0:0:
329,192,78893,1,0,0:0:0:0:
475,192,78893,1,0,0:0:0:40:cymbol.wav
402,192,78893,1,0,0:0:0:0:
109,192,78893,1,0,0:0:0:0:
36,192,78893,1,0,0:0:0:40:bass.wav
256,192,79043,1,0,0:0:0:0:
109,192,79043,1,0,0:0:0:0:
182,192,79118,1,0,0:0:0:0:
329,192,79118,1,0,0:0:0:0:
36,192,79193,1,0,0:0:0:50:snare.wav
402,192,79193,1,0,0:0:0:0:
256,192,79193,1,0,0:0:0:0:
109,192,79343,1,0,0:0:0:0:
329,192,79343,1,0,0:0:0:0:
475,192,79343,1,0,0:0:0:0:
182,192,79343,1,0,0:0:0:0:
36,192,79493,1,0,0:0:0:40:bass.wav
475,192,79643,1,0,0:0:0:0:
256,192,79643,1,0,0:0:0:0:
402,192,79643,1,0,0:0:0:0:
182,192,79793,1,0,0:0:0:0:
402,192,79793,1,0,0:0:0:0:
329,192,79793,1,0,0:0:0:0:
36,192,79793,1,0,0:0:0:50:snare.wav
256,192,79943,1,0,0:0:0:0:
329,192,80093,1,0,0:0:0:0:
402,192,80093,1,0,0:0:0:0:
475,192,80093,1,0,0:0:0:0:
36,192,80093,1,0,0:0:0:40:bass.wav
182,192,80243,1,0,0:0:0:0:
329,192,80243,1,0,0:0:0:0:
256,192,80243,1,0,0:0:0:0:
109,192,80243,1,0,0:0:0:0:
36,192,80393,1,0,0:0:0:50:snare.wav
329,192,80543,1,0,0:0:0:0:
109,192,80543,1,0,0:0:0:0:
256,192,80543,1,0,0:0:0:0:
475,192,80693,1,0,0:0:0:0:
402,192,80693,1,0,0:0:0:0:
36,192,80693,1,0,0:0:0:40:bass.wav
182,192,80693,1,0,0:0:0:0:
109,192,80843,1,0,0:0:0:0:
329,192,80843,1,0,0:0:0:0:
36,192,80993,1,0,0:0:0:50:snare.wav
475,192,80993,1,0,0:0:0:0:
256,192,80993,1,0,0:0:0:0:
402,192,80993,1,0,0:0:0:0:
182,192,81068,1,0,0:0:0:0:
329,192,81143,1,0,0:0:0:0:
475,192,81218,1,0,0:0:0:0:
36,192,81293,1,0,0:0:0:40:bass.wav
402,192,81293,1,0,0:0:0:0:
182,192,81293,1,0,0:0:0:0:
256,192,81443,1,0,0:0:0:0:
109,192,81443,1,0,0:0:0:0:
329,192,81518,1,0,0:0:0:0:
475,192,81518,1,0,0:0:0:0:
402,192,81593,1,0,0:0:0:0:
36,192,81593,1,0,0:0:0:50:snare.wav
182,192,81593,1,0,0:0:0:0:
475,192,81743,1,0,0:0:0:0:
109,192,81743,1,0,0:0:0:0:
256,192,81743,1,0,0:0:0:0:
329,192,81743,1,0,0:0:0:0:
36,192,81893,1,0,0:0:0:40:bass.wav
109,192,82043,1,0,0:0:0:0:
329,192,82043,1,0,0:0:0:0:
256,192,82043,1,0,0:0:0:0:
182,192,82193,1,0,0:0:0:0:
402,192,82193,1,0,0:0:0:0:
475,192,82193,1,0,0:0:0:0:
36,192,82193,1,0,0:0:0:50:snare.wav
256,192,82343,1,0,0:0:0:0:
36,192,82493,1,0,0:0:0:40:bass.wav
182,192,82493,1,0,0:0:0:0:
402,192,82493,1,0,0:0:0:0:
475,192,82493,1,0,0:0:0:0:
109,192,82643,1,0,0:0:0:0:
256,192,82643,1,0,0:0:0:0:
329,192,82643,1,0,0:0:0:0:
36,192,82793,1,0,0:0:0:50:snare.wav
182,192,82793,1,0,0:0:0:0:
109,192,82943,1,0,0:0:0:0:
256,192,82943,1,0,0:0:0:0:
402,192,82943,1,0,0:0:0:0:
329,192,83093,1,0,0:0:0:0:
475,192,83093,1,0,0:0:0:0:
182,192,83093,128,0,83393:0:0:0:0:
36,192,83093,1,0,0:0:0:40:bass.wav
256,192,83243,1,0,0:0:0:0:
402,192,83393,1,0,0:0:0:0:
36,192,83393,1,0,0:0:0:50:snare.wav
329,192,83393,1,0,0:0:0:0:
182,192,83543,1,0,0:0:0:0:
109,192,83693,128,0,84893:0:0:0:0:
475,192,83693,1,0,0:0:0:0:
256,192,83693,128,0,84668:0:0:0:0:
36,192,83693,1,0,0:0:0:40:bass.wav
402,192,83693,1,0,0:0:0:0:
182,192,83843,1,0,0:0:0:0:
36,192,83993,1,0,0:0:0:50:snare.wav
402,192,84143,1,0,0:0:0:0:
329,192,84143,128,0,84668:0:0:0:0:
475,192,84143,128,0,84668:0:0:0:0:
182,192,84143,1,0,0:0:0:0:
36,192,84293,1,0,0:0:0:50:bass.wav
182,192,84443,1,0,0:0:0:0:
36,192,84593,1,0,0:0:0:50:snare.wav
475,192,84743,1,0,0:0:0:0:
329,192,84743,1,0,0:0:0:0:
182,192,84743,1,0,0:0:0:0:
256,192,84818,1,0,0:0:0:0:
402,192,84818,1,0,0:0:0:0:
182,192,84893,1,0,0:0:0:0:
329,192,84893,1,0,0:0:0:0:
36,192,84893,1,0,0:0:0:50:bass.wav
109,192,84993,1,0,0:0:0:0:
256,192,84993,1,0,0:0:0:0:
402,192,85043,1,0,0:0:0:0:
36,192,85093,1,0,0:0:0:0:
182,192,85093,1,0,0:0:0:0:
109,192,85193,1,0,0:0:0:0:
329,192,85193,1,0,0:0:0:50:snare.wav
475,192,85193,1,0,0:0:0:0:
402,192,85293,1,0,0:0:0:0:
182,192,85293,1,0,0:0:0:0:
109,192,85393,1,0,0:0:0:0:
329,192,85393,1,0,0:0:0:0:
256,192,85493,1,0,0:0:0:0:
36,192,85493,1,0,0:0:0:50:bass.wav
475,192,85493,1,0,0:0:0:0:
402,192,85593,1,0,0:0:0:0:
109,192,85593,1,0,0:0:0:0:
329,192,85693,1,0,0:0:0:0:
182,192,85693,1,0,0:0:0:0:
256,192,85793,1,0,0:0:0:50:snare.wav
36,192,85793,1,0,0:0:0:0:
402,192,85793,128,0,86093:0:0:0:0:
475,192,85793,1,0,0:0:0:0:
182,192,85893,1,0,0:0:0:0:
329,192,85943,1,0,0:0:0:0:
109,192,85993,1,0,0:0:0:0:
182,192,86093,128,0,86693:0:0:0:0:
256,192,86093,128,0,86693:0:0:0:0:
475,192,86093,1,0,0:0:0:0:
36,192,86093,1,0,0:0:0:50:bass.wav
402,192,86243,1,0,0:0:0:0:
36,192,86393,1,0,0:0:0:0:
109,192,86393,1,0,0:0:0:50:snare.wav
402,192,86543,1,0,0:0:0:0:
475,192,86693,128,0,87218:0:0:0:0:
329,192,86693,128,0,87218:0:0:0:0:
36,192,86693,1,0,0:0:0:50:bass.wav
256,192,86843,1,0,0:0:0:0:
36,192,86993,1,0,0:0:0:0:
182,192,86993,1,0,0:0:0:50:snare.wav
256,192,87143,1,0,0:0:0:0:
182,192,87218,1,0,0:0:0:0:
329,192,87293,1,0,0:0:0:0:
475,192,87293,1,0,0:0:0:0:
109,192,87293,128,0,87518:0:0:0:0:
36,192,87293,1,0,0:0:0:50:bass.wav
256,192,87443,1,0,0:0:0:50:bass.wav
329,192,87443,1,0,0:0:0:0:
36,192,87593,1,0,0:0:0:0:
402,192,87593,128,0,87818:0:0:0:0:
182,192,87593,1,0,0:0:0:50:bass.wav
475,192,87593,1,0,0:0:0:0:
329,192,87743,1,0,0:0:0:0:
182,192,87743,1,0,0:0:0:50:bass.wav
475,192,87893,1,0,0:0:0:0:
256,192,87893,1,0,0:0:0:0:
329,192,87893,128,0,88118:0:0:0:0:
36,192,87893,1,0,0:0:0:50:bass.wav
109,192,87968,1,0,0:0:0:0:
402,192,88043,1,0,0:0:0:0:
182,192,88043,1,0,0:0:0:0:
256,192,88118,1,0,0:0:0:0:
36,192,88193,1,0,0:0:0:50:bass.wav
329,192,88193,1,0,0:0:0:0:
182,192,88193,1,0,0:0:0:0:
475,192,88193,128,0,88418:0:0:0:0:
256,192,88268,1,0,0:0:0:0:
329,192,88343,1,0,0:0:0:0:
109,192,88343,1,0,0:0:0:0:
402,192,88418,1,0,0:0:0:0:
182,192,88493,1,0,0:0:0:0:
475,192,88493,1,0,0:0:0:0:
256,192,88493,1,0,0:0:0:40:cymbol.wav
36,192,88493,1,0,0:0:0:50:bass.wav
329,192,88643,1,0,0:0:0:0:
109,192,88643,1,0,0:0:0:0:
182,192,88718,1,0,0:0:0:0:
402,192,88718,1,0,0:0:0:0:
36,192,88793,1,0,0:0:0:50:snare.wav
109,192,88793,1,0,0:0:0:0:
256,192,88793,1,0,0:0:0:0:
475,192,88793,1,0,0:0:0:0:
182,192,88943,1,0,0:0:0:0:
402,192,88943,1,0,0:0:0:0:
329,192,88943,1,0,0:0:0:0:
475,192,88943,1,0,0:0:0:0:
36,192,89093,1,0,0:0:0:50:bass.wav
329,192,89243,1,0,0:0:0:0:
475,192,89243,1,0,0:0:0:0:
256,192,89243,1,0,0:0:0:0:
402,192,89393,1,0,0:0:0:0:
109,192,89393,1,0,0:0:0:0:
182,192,89393,1,0,0:0:0:0:
36,192,89393,1,0,0:0:0:50:snare.wav
256,192,89543,1,0,0:0:0:0:
36,192,89693,1,0,0:0:0:50:bass.wav
402,192,89693,1,0,0:0:0:0:
475,192,89693,1,0,0:0:0:0:
329,192,89693,1,0,0:0:0:0:
182,192,89843,1,0,0:0:0:0:
109,192,89843,1,0,0:0:0:0:
256,192,89843,1,0,0:0:0:0:
36,192,89993,1,0,0:0:0:50:snare.wav
329,192,90143,1,0,0:0:0:0:
182,192,90143,1,0,0:0:0:0:
475,192,90293,1,0,0:0:0:0:
256,192,90293,1,0,0:0:0:0:
36,192,90293,1,0,0:0:0:50:bass.wav
109,192,90293,1,0,0:0:0:0:
182,192,90443,1,0,0:0:0:0:
256,192,90593,1,0,0:0:0:0:
36,192,90593,1,0,0:0:0:50:snare.wav
475,192,90593,1,0,0:0:0:0:
329,192,90593,1,0,0:0:0:0:
109,192,90668,1,0,0:0:0:0:
402,192,90743,1,0,0:0:0:0:
182,192,90743,1,0,0:0:0:0:
109,192,90818,1,0,0:0:0:0:
256,192,90893,1,0,0:0:0:0:
475,192,90893,1,0,0:0:0:0:
36,192,90893,1,0,0:0:0:50:bass.wav
182,192,90893,1,0,0:0:0:0:
109,192,91043,1,0,0:0:0:0:
329,192,91043,1,0,0:0:0:0:
402,192,91118,1,0,0:0:0:0:
182,192,91118,1,0,0:0:0:0:
36,192,91193,1,0,0:0:0:50:snare.wav
475,192,91193,1,0,0:0:0:0:
256,192,91193,1,0,0:0:0:0:
256,192,91343,1,0,0:0:0:0:
109,192,91343,1,0,0:0:0:0:
329,192,91343,1,0,0:0:0:0:
402,192,91343,1,0,0:0:0:0:
36,192,91493,1,0,0:0:0:50:bass.wav
402,192,91643,1,0,0:0:0:0:
256,192,91643,1,0,0:0:0:0:
109,192,91643,1,0,0:0:0:0:
329,192,91643,1,0,0:0:0:0:
182,192,91793,1,0,0:0:0:0:
402,192,91793,1,0,0:0:0:0:
475,192,91793,1,0,0:0:0:0:
329,192,91793,1,0,0:0:0:0:
36,192,91793,1,0,0:0:0:50:snare.wav
182,192,91943,1,0,0:0:0:0:
36,192,92093,1,0,0:0:0:50:bass.wav
402,192,92093,1,0,0:0:0:0:
329,192,92093,1,0,0:0:0:0:
475,192,92093,1,0,0:0:0:0:
182,192,92093,1,0,0:0:0:0:
109,192,92243,1,0,0:0:0:0:
256,192,92243,1,0,0:0:0:0:
329,192,92243,1,0,0:0:0:0:
402,192,92243,1,0,0:0:0:0:
182,192,92393,1,0,0:0:0:0:
36,192,92393,1,0,0:0:0:50:snare.wav
475,192,92543,1,0,0:0:0:0:
402,192,92543,1,0,0:0:0:0:
182,192,92543,1,0,0:0:0:0:
329,192,92543,1,0,0:0:0:0:
109,192,92693,128,0,92918:0:0:0:0:
182,192,92693,128,0,92918:0:0:0:0:
36,192,92693,128,0,92918:0:0:0:0:
256,192,92693,1,0,0:0:0:50:bass.wav
402,192,92918,128,0,93143:0:0:0:0:
329,192,92918,128,0,93143:0:0:0:0:
256,192,92918,1,0,0:0:0:0:
475,192,92918,128,0,93143:0:0:0:0:
109,192,93143,128,0,93293:0:0:0:0:
182,192,93143,128,0,93293:0:0:0:0:
36,192,93143,128,0,93293:0:0:0:0:
256,192,93143,1,0,0:0:0:0:
402,192,93293,1,0,0:0:0:0:
329,192,93293,1,0,0:0:0:50:bass.wav
475,192,93293,1,0,0:0:0:0:
329,192,93443,1,0,0:0:0:0:
182,192,93443,1,0,0:0:0:0:
475,192,93593,1,0,0:0:0:0:
256,192,93593,1,0,0:0:0:0:
36,192,93593,1,0,0:0:0:50:snare.wav
402,192,93593,1,0,0:0:0:0:
109,192,93693,1,0,0:0:0:0:
329,192,93693,1,0,0:0:0:0:
256,192,93743,1,0,0:0:0:0:
402,192,93793,1,0,0:0:0:0:
182,192,93793,1,0,0:0:0:0:
256,192,93893,1,0,0:0:0:0:
475,192,93893,1,0,0:0:0:50:bass.wav
36,192,93893,1,0,0:0:0:0:
109,192,93893,1,0,0:0:0:0:
402,192,93993,1,0,0:0:0:0:
182,192,93993,1,0,0:0:0:0:
256,192,94043,1,0,0:0:0:0:
329,192,94093,1,0,0:0:0:0:
109,192,94093,1,0,0:0:0:0:
475,192,94193,1,0,0:0:0:0:
36,192,94193,1,0,0:0:0:50:snare.wav
256,192,94193,1,0,0:0:0:0:
402,192,94193,1,0,0:0:0:0:
329,192,94293,1,0,0:0:0:0:
109,192,94293,1,0,0:0:0:0:
256,192,94343,1,0,0:0:0:0:
182,192,94393,1,0,0:0:0:0:
402,192,94393,1,0,0:0:0:0:
475,192,94493,1,0,0:0:0:0:
109,192,94493,1,0,0:0:0:0:
36,192,94493,1,0,0:0:0:50:bass.wav
256,192,94493,128,0,95093:0:0:0:0:
402,192,94568,1,0,0:0:0:0:
182,192,94643,1,0,0:0:0:0:
329,192,94643,1,0,0:0:0:0:
475,192,94718,1,0,0:0:0:0:
182,192,94718,1,0,0:0:0:0:
402,192,94793,1,0,0:0:0:50:snare.wav
36,192,94793,1,0,0:0:0:0:
329,192,94868,1,0,0:0:0:0:
109,192,94868,1,0,0:0:0:0:
475,192,94943,1,0,0:0:0:0:
182,192,94943,1,0,0:0:0:0:
109,192,95018,1,0,0:0:0:0:
402,192,95018,1,0,0:0:0:0:
36,192,95093,1,0,0:0:0:50:bass.wav
329,192,95093,128,0,95693:0:0:0:0:
256,192,95243,1,0,0:0:0:0:
475,192,95393,128,0,95693:0:0:0:0:
402,192,95393,1,0,0:0:0:0:
36,192,95393,1,0,0:0:0:0:
182,192,95393,1,0,0:0:0:50:snare.wav
256,192,95543,1,0,0:0:0:0:
182,192,95693,128,0,96293:0:0:0:0:
402,192,95693,128,0,96893:0:0:0:0:
36,192,95693,1,0,0:0:0:50:bass.wav
109,192,95693,128,0,96293:0:0:0:0:
256,192,95843,1,0,0:0:0:0:
36,192,95993,1,0,0:0:0:50:snare.wav
475,192,96143,1,0,0:0:0:0:
329,192,96143,1,0,0:0:0:0:
329,192,96218,1,0,0:0:0:0:
475,192,96218,1,0,0:0:0:0:
36,192,96293,1,0,0:0:0:50:bass.wav
329,192,96293,128,0,96893:0:0:0:0:
475,192,96293,128,0,96893:0:0:0:0:
256,192,96443,1,0,0:0:0:0:
182,192,96593,1,0,0:0:0:50:snare.wav
36,192,96593,1,0,0:0:0:0:
256,192,96743,1,0,0:0:0:0:
182,192,96893,1,0,0:0:0:0:
36,192,96893,1,0,0:0:0:0:
475,192,97193,1,0,0:0:0:0:
36,192,97193,128,0,98018:0:0:0:0:
329,192,97193,1,0,0:0:0:0:
402,192,97493,1,0,0:0:0:0:
475,192,97493,128,0,98018:0:0:0:0:
109,192,97493,1,0,0:0:0:0:
182,192,97568,1,0,0:0:0:0:
256,192,97643,1,0,0:0:0:0:
329,192,97718,1,0,0:0:0:0:
109,192,97793,1,0,0:0:0:0:
256,192,97793,128,0,98018:0:0:0:0:
402,192,97793,1,0,0:0:0:0:
182,192,97868,1,0,0:0:0:0:
329,192,97943,1,0,0:0:0:0:
402,192,98018,1,0,0:0:0:0:
256,192,98093,1,0,0:0:0:50:cymbol.wav
109,192,98093,1,0,0:0:0:0:
36,192,98093,1,0,0:0:0:50:bass.wav
475,192,98093,1,0,0:0:0:0:
329,192,98243,1,0,0:0:0:0:
182,192,98243,1,0,0:0:0:0:
109,192,98243,1,0,0:0:0:0:
402,192,98393,1,0,0:0:0:50:snare.wav
36,192,98393,1,0,0:0:0:0:
475,192,98393,1,0,0:0:0:0:
182,192,98393,1,0,0:0:0:0:
256,192,98393,1,0,0:0:0:0:
256,192,98543,1,0,0:0:0:0:
109,192,98543,1,0,0:0:0:0:
36,192,98543,1,0,0:0:0:0:
475,192,98618,1,0,0:0:0:0:
402,192,98618,1,0,0:0:0:0:
329,192,98618,1,0,0:0:0:0:
182,192,98693,1,0,0:0:0:50:bass.wav
256,192,98693,1,0,0:0:0:0:
36,192,98768,1,0,0:0:0:0:
109,192,98768,1,0,0:0:0:0:
475,192,98843,1,0,0:0:0:0:
329,192,98843,1,0,0:0:0:0:
256,192,98843,1,0,0:0:0:0:
402,192,98843,1,0,0:0:0:0:
256,192,98993,1,0,0:0:0:0:
402,192,98993,1,0,0:0:0:50:snare.wav
36,192,98993,1,0,0:0:0:0:
109,192,98993,1,0,0:0:0:0:
475,192,99143,1,0,0:0:0:0:
329,192,99143,1,0,0:0:0:0:
182,192,99143,1,0,0:0:0:0:
36,192,99293,1,0,0:0:0:50:bass.wav
402,192,99293,1,0,0:0:0:0:
475,192,99293,1,0,0:0:0:0:
256,192,99293,1,0,0:0:0:0:
402,192,99443,1,0,0:0:0:0:
329,192,99443,1,0,0:0:0:0:
182,192,99443,1,0,0:0:0:0:
256,192,99593,1,0,0:0:0:0:
109,192,99593,1,0,0:0:0:0:
475,192,99593,1,0,0:0:0:0:
36,192,99593,1,0,0:0:0:0:
329,192,99593,1,0,0:0:0:50:snare.wav
402,192,99743,1,0,0:0:0:0:
475,192,99743,1,0,0:0:0:0:
256,192,99743,1,0,0:0:0:0:
109,192,99818,1,0,0:0:0:0:
182,192,99818,1,0,0:0:0:0:
36,192,99818,1,0,0:0:0:0:
329,192,99893,1,0,0:0:0:50:bass.wav
475,192,99893,1,0,0:0:0:0:
182,192,99968,1,0,0:0:0:0:
256,192,99968,1,0,0:0:0:0:
402,192,100043,1,0,0:0:0:0:
36,192,100043,1,0,0:0:0:0:
109,192,100043,1,0,0:0:0:0:
475,192,100043,1,0,0:0:0:0:
329,192,100118,1,0,0:0:0:0:
256,192,100118,1,0,0:0:0:0:
36,192,100193,1,0,0:0:0:0:
475,192,100193,1,0,0:0:0:0:
402,192,100193,1,0,0:0:0:50:snare.wav
182,192,100193,1,0,0:0:0:0:
109,192,100343,1,0,0:0:0:0:
329,192,100343,1,0,0:0:0:0:
402,192,100418,1,0,0:0:0:0:
182,192,100418,1,0,0:0:0:0:
36,192,100493,1,0,0:0:0:50:bass.wav
329,192,100493,1,0,0:0:0:0:
475,192,100493,1,0,0:0:0:0:
256,192,100493,1,0,0:0:0:0:
329,192,100643,1,0,0:0:0:0:
182,192,100643,1,0,0:0:0:0:
109,192,100643,1,0,0:0:0:0:
475,192,100793,1,0,0:0:0:0:
182,192,100793,1,0,0:0:0:0:
36,192,100793,1,0,0:0:0:0:
256,192,100793,1,0,0:0:0:0:
402,192,100793,1,0,0:0:0:50:snare.wav
256,192,100943,1,0,0:0:0:0:
36,192,100943,1,0,0:0:0:0:
109,192,100943,1,0,0:0:0:0:
475,192,101018,1,0,0:0:0:0:
329,192,101018,1,0,0:0:0:0:
402,192,101018,1,0,0:0:0:0:
182,192,101093,1,0,0:0:0:50:bass.wav
36,192,101168,1,0,0:0:0:0:
109,192,101168,1,0,0:0:0:0:
402,192,101243,1,0,0:0:0:0:
256,192,101243,1,0,0:0:0:0:
329,192,101243,1,0,0:0:0:0:
475,192,101243,1,0,0:0:0:0:
109,192,101393,1,0,0:0:0:0:
256,192,101393,1,0,0:0:0:0:
402,192,101393,1,0,0:0:0:50:snare.wav
36,192,101393,1,0,0:0:0:0:
329,192,101543,1,0,0:0:0:0:
182,192,101543,1,0,0:0:0:0:
475,192,101543,1,0,0:0:0:0:
402,192,101693,1,0,0:0:0:0:
109,192,101693,1,0,0:0:0:0:
36,192,101693,1,0,0:0:0:50:bass.wav
256,192,101693,1,0,0:0:0:0:
475,192,101843,1,0,0:0:0:0:
329,192,101843,1,0,0:0:0:0:
182,192,101843,1,0,0:0:0:0:
402,192,101993,1,0,0:0:0:50:snare.wav
182,192,101993,1,0,0:0:0:0:
36,192,101993,1,0,0:0:0:0:
256,192,101993,1,0,0:0:0:0:
109,192,102143,1,0,0:0:0:0:
475,192,102218,1,0,0:0:0:0:
402,192,102218,1,0,0:0:0:0:
329,192,102218,1,0,0:0:0:0:
182,192,102218,1,0,0:0:0:0:
256,192,102218,1,0,0:0:0:0:
256,192,102368,1,0,0:0:0:0:
329,192,102368,1,0,0:0:0:0:
182,192,102368,1,0,0:0:0:0:
36,192,102368,1,0,0:0:0:0:
109,192,102368,1,0,0:0:0:0:
329,192,102518,1,0,0:0:0:0:
402,192,102518,1,0,0:0:0:0:
256,192,102518,1,0,0:0:0:0:
109,192,102518,1,0,0:0:0:0:
182,192,102518,1,0,0:0:0:0:
402,192,102668,1,0,0:0:0:0:
475,192,102668,1,0,0:0:0:0:
329,192,102668,1,0,0:0:0:0:
182,192,102668,1,0,0:0:0:0:
256,192,102668,1,0,0:0:0:0:
36,192,102818,1,0,0:0:0:0:
109,192,102893,1,0,0:0:0:0:
182,192,102893,1,0,0:0:0:0:
329,192,102893,1,0,0:0:0:50:cymbol.wav
36,192,102893,1,0,0:0:0:50:bass.wav
256,192,102893,1,0,0:0:0:0:
475,192,102893,1,0,0:0:0:0:
109,192,103043,1,0,0:0:0:0:
256,192,103043,1,0,0:0:0:0:
402,192,103043,1,0,0:0:0:0:
329,192,103043,1,0,0:0:0:0:
329,192,103193,1,0,0:0:0:0:
402,192,103193,1,0,0:0:0:50:snare.wav
36,192,103193,1,0,0:0:0:0:
475,192,103193,1,0,0:0:0:0:
182,192,103193,1,0,0:0:0:0:
109,192,103343,1,0,0:0:0:0:
36,192,103343,1,0,0:0:0:0:
256,192,103343,1,0,0:0:0:0:
402,192,103418,1,0,0:0:0:0:
329,192,103418,1,0,0:0:0:0:
475,192,103418,1,0,0:0:0:0:
256,192,103493,1,0,0:0:0:50:bass.wav
182,192,103493,1,0,0:0:0:0:
36,192,103568,1,0,0:0:0:0:
109,192,103568,1,0,0:0:0:0:
329,192,103568,1,0,0:0:0:0:
256,192,103643,1,0,0:0:0:0:
402,192,103643,1,0,0:0:0:0:
475,192,103643,1,0,0:0:0:0:
182,192,103718,1,0,0:0:0:0:
329,192,103793,1,0,0:0:0:0:
109,192,103793,1,0,0:0:0:0:
36,192,103793,1,0,0:0:0:0:
402,192,103793,1,0,0:0:0:0:
475,192,103793,1,0,0:0:0:50:snare.wav
329,192,103943,1,0,0:0:0:0:
402,192,103943,1,0,0:0:0:0:
256,192,103943,1,0,0:0:0:0:
182,192,103943,1,0,0:0:0:0:
109,192,103943,1,0,0:0:0:0:
329,192,104093,1,0,0:0:0:0:
36,192,104093,1,0,0:0:0:50:bass.wav
475,192,104093,1,0,0:0:0:0:
256,192,104093,1,0,0:0:0:0:
109,192,104093,1,0,0:0:0:0:
329,192,104243,1,0,0:0:0:0:
182,192,104243,1,0,0:0:0:0:
256,192,104318,1,0,0:0:0:0:
402,192,104318,1,0,0:0:0:0:
475,192,104393,1,0,0:0:0:0:
109,192,104393,1,0,0:0:0:0:
329,192,104393,1,0,0:0:0:50:snare.wav
36,192,104393,1,0,0:0:0:0:
475,192,104543,1,0,0:0:0:0:
182,192,104543,1,0,0:0:0:0:
402,192,104543,1,0,0:0:0:0:
109,192,104618,1,0,0:0:0:0:
329,192,104618,1,0,0:0:0:0:
36,192,104693,1,0,0:0:0:50:bass.wav
256,192,104693,1,0,0:0:0:0:
475,192,104693,1,0,0:0:0:0:
402,192,104768,1,0,0:0:0:0:
182,192,104768,1,0,0:0:0:0:
329,192,104843,1,0,0:0:0:0:
109,192,104843,1,0,0:0:0:0:
256,192,104918,1,0,0:0:0:0:
182,192,104993,1,0,0:0:0:0:
475,192,104993,1,0,0:0:0:0:
36,192,104993,1,0,0:0:0:0:
402,192,104993,1,0,0:0:0:50:snare.wav
256,192,105068,1,0,0:0:0:0:
329,192,105068,1,0,0:0:0:0:
182,192,105143,1,0,0:0:0:0:
109,192,105143,1,0,0:0:0:0:
329,192,105218,1,0,0:0:0:0:
402,192,105218,1,0,0:0:0:0:
182,192,105293,1,0,0:0:0:0:
109,192,105293,1,0,0:0:0:0:
475,192,105293,1,0,0:0:0:0:
36,192,105293,1,0,0:0:0:50:bass.wav
256,192,105293,1,0,0:0:0:0:
402,192,105443,1,0,0:0:0:0:
182,192,105443,1,0,0:0:0:0:
109,192,105443,1,0,0:0:0:0:
329,192,105443,1,0,0:0:0:0:
182,192,105593,1,0,0:0:0:0:
475,192,105593,1,0,0:0:0:0:
36,192,105593,1,0,0:0:0:0:
402,192,105593,1,0,0:0:0:50:snare.wav
256,192,105593,1,0,0:0:0:0:
109,192,105743,1,0,0:0:0:0:
256,192,105743,1,0,0:0:0:0:
182,192,105743,1,0,0:0:0:0:
329,192,105818,1,0,0:0:0:0:
475,192,105818,1,0,0:0:0:0:
402,192,105818,1,0,0:0:0:0:
182,192,105893,1,0,0:0:0:50:bass.wav
256,192,105893,1,0,0:0:0:0:
109,192,105968,1,0,0:0:0:0:
36,192,105968,1,0,0:0:0:0:
329,192,105968,1,0,0:0:0:0:
256,192,106043,1,0,0:0:0:0:
402,192,106043,1,0,0:0:0:0:
475,192,106043,1,0,0:0:0:0:
182,192,106118,1,0,0:0:0:0:
109,192,106193,1,0,0:0:0:0:
329,192,106193,1,0,0:0:0:0:
36,192,106193,1,0,0:0:0:0:
402,192,106193,1,0,0:0:0:50:snare.wav
475,192,106193,1,0,0:0:0:0:
402,192,106343,1,0,0:0:0:0:
182,192,106343,1,0,0:0:0:0:
256,192,106343,1,0,0:0:0:0:
329,192,106343,1,0,0:0:0:0:
109,192,106343,1,0,0:0:0:0:
329,192,106493,1,0,0:0:0:0:
182,192,106493,1,0,0:0:0:0:
402,192,106493,1,0,0:0:0:0:
475,192,106493,1,0,0:0:0:0:
36,192,106493,1,0,0:0:0:50:bass.wav
256,192,106643,1,0,0:0:0:0:
109,192,106643,1,0,0:0:0:0:
402,192,106643,1,0,0:0:0:0:
329,192,106643,1,0,0:0:0:0:
329,192,106793,1,0,0:0:0:50:snare.wav
256,192,106793,1,0,0:0:0:0:
36,192,106793,1,0,0:0:0:0:
182,192,106793,1,0,0:0:0:0:
475,192,106793,1,0,0:0:0:0:
329,192,106943,1,0,0:0:0:0:
256,192,106943,1,0,0:0:0:0:
402,192,106943,1,0,0:0:0:0:
109,192,107018,1,0,0:0:0:0:
36,192,107018,1,0,0:0:0:0:
182,192,107018,1,0,0:0:0:0:
329,192,107093,1,0,0:0:0:50:bass.wav
475,192,107093,1,0,0:0:0:0:
402,192,107093,1,0,0:0:0:0:
182,192,107393,1,0,0:0:0:0:
256,192,107393,1,0,0:0:0:50:snare.wav
36,192,107393,1,0,0:0:0:0:
109,192,107393,1,0,0:0:0:0:
475,192,107693,1,0,0:0:0:50:bass.wav
329,192,107693,128,0,107918:0:0:0:0:
402,192,107768,1,0,0:0:0:0:
475,192,107843,1,0,0:0:0:0:
402,192,107918,1,0,0:0:0:0:
256,192,107993,1,0,0:0:0:0:
329,192,107993,1,0,0:0:0:0:
182,192,107993,1,0,0:0:0:0:
36,192,107993,1,0,0:0:0:0:
109,192,107993,1,0,0:0:0:50:snare.wav
402,192,108293,1,0,0:0:0:50:bass.wav
475,192,108293,1,0,0:0:0:0:
329,192,108293,1,0,0:0:0:0:
182,192,108293,1,0,0:0:0:0:
256,192,108293,1,0,0:0:0:0:
256,192,108518,1,0,0:0:0:0:
109,192,108518,1,0,0:0:0:0:
402,192,108518,1,0,0:0:0:0:
182,192,108518,1,0,0:0:0:0:
329,192,108518,1,0,0:0:0:0:
109,192,108743,1,0,0:0:0:0:
256,192,108743,1,0,0:0:0:0:
329,192,108743,1,0,0:0:0:0:
182,192,108743,1,0,0:0:0:0:
36,192,108743,1,0,0:0:0:0:
402,192,108893,1,0,0:0:0:0:
36,192,108893,1,0,0:0:0:50:bass.wav
329,192,108893,1,0,0:0:0:0:
256,192,109043,1,0,0:0:0:0:
329,192,109043,1,0,0:0:0:0:
109,192,109043,1,0,0:0:0:0:
182,192,109043,1,0,0:0:0:0:
475,192,109193,1,0,0:0:0:0:
182,192,109193,1,0,0:0:0:0:
256,192,109193,1,0,0:0:0:0:
402,192,109193,1,0,0:0:0:0:
329,192,109343,1,0,0:0:0:0:
36,192,109343,1,0,0:0:0:50:bass.wav
402,192,109343,1,0,0:0:0:0:
182,192,109493,1,0,0:0:0:0:
329,192,109493,1,0,0:0:0:0:
109,192,109493,1,0,0:0:0:0:
256,192,109493,1,0,0:0:0:0:
402,192,109643,1,0,0:0:0:0:
182,192,109643,1,0,0:0:0:0:
256,192,109643,1,0,0:0:0:0:
475,192,109643,1,0,0:0:0:0:
36,192,109793,1,0,0:0:0:50:bass.wav
402,192,109793,1,0,0:0:0:0:
329,192,109793,1,0,0:0:0:0:
109,192,109943,1,0,0:0:0:0:
329,192,109943,1,0,0:0:0:0:
182,192,109943,1,0,0:0:0:0:
256,192,109943,1,0,0:0:0:0:
256,192,110093,1,0,0:0:0:0:
182,192,110093,1,0,0:0:0:0:
402,192,110093,1,0,0:0:0:0:
475,192,110093,1,0,0:0:0:0:
329,192,110243,1,0,0:0:0:0:
36,192,110243,1,0,0:0:0:50:bass.wav
402,192,110243,1,0,0:0:0:0:
182,192,110393,1,0,0:0:0:0:
329,192,110393,1,0,0:0:0:0:
109,192,110393,1,0,0:0:0:0:
256,192,110393,1,0,0:0:0:0:
402,192,110543,1,0,0:0:0:0:
182,192,110543,1,0,0:0:0:0:
256,192,110543,1,0,0:0:0:0:
475,192,110543,1,0,0:0:0:0:
36,192,110693,1,0,0:0:0:50:bass.wav
402,192,110693,1,0,0:0:0:0:
329,192,110693,1,0,0:0:0:0:
109,192,110843,1,0,0:0:0:0:
329,192,110843,1,0,0:0:0:0:
182,192,110843,1,0,0:0:0:0:
256,192,110843,1,0,0:0:0:0:
402,192,110993,1,0,0:0:0:0:
182,192,110993,1,0,0:0:0:0:
256,192,110993,1,0,0:0:0:0:
329,192,110993,1,0,0:0:0:0:
475,192,111143,128,0,111293:0:0:0:0:
329,192,111143,128,0,111368:0:0:0:0:
256,192,111143,128,0,111518:0:0:0:50:cymbol.wav
36,192,111143,128,0,111968:0:0:0:0:
109,192,111143,128,0,111818:0:0:0:50:bass.wav
402,192,111293,128,0,111443:0:0:0:0:
475,192,111368,128,0,112118:0:0:0:0:
329,192,111443,128,0,111593:0:0:0:0:
402,192,111518,128,0,112193:0:0:0:0:
256,192,111593,128,0,111743:0:0:0:0:
329,192,111668,128,0,112268:0:0:0:0:
182,192,111743,128,0,111893:0:0:0:0:
256,192,111818,128,0,112118:0:0:0:0:
109,192,111893,128,0,112043:0:0:0:0:
182,192,111968,128,0,112193:0:0:0:0:
36,192,112043,128,0,112343:0:0:0:0:
109,192,112118,128,0,112268:0:0:0:0:
475,192,112193,128,0,112418:0:0:0:0:
256,192,112193,128,0,112343:0:0:0:0:
402,192,112268,128,0,112493:0:0:0:0:
182,192,112268,128,0,112493:0:0:0:0:
329,192,112343,128,0,112568:0:0:0:0:
109,192,112343,128,0,112418:0:0:0:0:
36,192,112418,128,0,112568:0:0:0:0:
256,192,112418,128,0,112793:0:0:0:0:
475,192,112493,128,0,112718:0:0:0:0:
109,192,112493,128,0,112643:0:0:0:0:
402,192,112568,128,0,112643:0:0:0:0:
182,192,112568,128,0,112718:0:0:0:0:
329,192,112643,128,0,112868:0:0:0:0:
36,192,112643,128,0,113018:0:0:0:0:
402,192,112718,128,0,112793:0:0:0:0:
109,192,112718,128,0,112943:0:0:0:0:
475,192,112793,128,0,113018:0:0:0:0:
182,192,112793,128,0,112868:0:0:0:0:
256,192,112868,128,0,113318:0:0:0:0:
402,192,112868,128,0,112943:0:0:0:0:
182,192,112943,1,0,0:0:0:0:
329,192,112943,128,0,113093:0:0:0:0:
402,192,113018,128,0,113168:0:0:0:0:
109,192,113018,1,0,0:0:0:0:
475,192,113093,128,0,113243:0:0:0:0:
36,192,113093,1,0,0:0:0:0:
109,192,113168,1,0,0:0:0:0:
329,192,113168,1,0,0:0:0:0:
182,192,113243,1,0,0:0:0:0:
402,192,113243,1,0,0:0:0:0:
109,192,113318,1,0,0:0:0:0:
475,192,113318,1,0,0:0:0:0:
36,192,113393,1,0,0:0:0:0:
256,192,113393,1,0,0:0:0:0:
329,192,113468,1,0,0:0:0:0:
109,192,113468,1,0,0:0:0:0:
402,192,113543,1,0,0:0:0:0:
182,192,113543,1,0,0:0:0:0:
475,192,113618,1,0,0:0:0:0:
256,192,113618,1,0,0:0:0:0:
36,192,113693,128,0,117293:0:0:0:0:
182,192,113743,128,0,114893:0:0:0:0:
329,192,113793,128,0,114968:0:0:0:0:
475,192,113843,128,0,117293:0:0:0:0:
109,192,114893,128,2,117293:0:0:0:0:
256,192,114968,128,2,117293:0:0:0:0:
402,192,115043,128,2,117293:0:0:0:0:
