[Metadata]
Lyrith -迷宮リリス-
LeaF
Eleventh
bms of fighters Lyrith -Meikyuu Lyrith-
62
0.72

[TimingPoints]
0,338.983050847458,4,2,2,100,1,0
3898,677.966101694915,4,2,2,100,1,0
3983,338.983050847458,4,2,2,100,1,0
4025,169.491525423729,4,2,2,100,1,0
4068,338.983050847458,4,2,2,100,1,0
23051,677.966101694915,4,2,2,100,1,0
23136,338.983050847458,4,2,2,100,1,0
23178,169.491525423729,4,2,2,100,1,0
23220,677.966101694915,4,2,2,100,1,0
23305,338.983050847458,4,2,2,100,1,0
23347,169.491525423729,4,2,2,100,1,0
23390,338.983050847458,4,2,2,100,1,0
23475,677.966101694915,4,2,2,100,1,0
23559,338.983050847458,4,2,2,100,1,0
23602,169.491525423729,4,2,2,100,1,0
23644,338.983050847458,4,2,2,100,1,0
23729,677.966101694915,4,2,2,100,1,0
23814,338.983050847458,4,2,2,100,1,0
23856,169.491525423729,4,2,2,100,1,0
23898,338.983050847458,4,2,2,100,1,0
52881,542.372881355932,4,2,2,100,1,0
53017,271.186440677966,4,2,2,100,1,0
53153,135.593220338983,4,2,2,100,1,0
53220,542.372881355932,4,2,2,100,1,0
53254,271.186440677966,4,2,2,100,1,0
53277,135.593220338983,4,2,2,100,1,0
53299,542.372881355932,4,2,2,100,1,0
53345,271.186440677966,4,2,2,100,1,0
53362,135.593220338983,4,2,2,100,1,0
53384,542.372881355932,4,2,2,100,1,0
53429,271.186440677966,4,2,2,100,1,0
53446,135.593220338983,4,2,2,100,1,0
53469,542.372881355932,4,2,2,100,1,0
53514,271.186440677966,4,2,2,100,1,0
53531,135.593220338983,4,2,2,100,1,0
53554,338.983050847458,4,2,2,100,1,0
55418,338.983050847458,4,2,2,100,1,0
57791,508.474576271186,4,2,2,100,1,0
58299,338.983050847458,4,2,2,100,1,0
103045,677.966101694915,4,2,2,100,1,0
103088,338.983050847458,4,2,2,100,1,0
103109,169.491525423729,4,2,2,100,1,0
103130,677.966101694915,4,2,2,100,1,0
103172,338.983050847458,4,2,2,100,1,0
103194,169.491525423729,4,2,2,100,1,0
103215,677.966101694915,4,2,2,100,1,0
103257,338.983050847458,4,2,2,100,1,0
103278,169.491525423729,4,2,2,100,1,0
103299,677.966101694915,4,2,2,100,1,0
103342,338.983050847458,4,2,2,100,1,0
103363,169.491525423729,4,2,2,100,1,0
103384,338.983050847458,4,2,2,100,1,0
103723,677.966101694915,4,2,2,100,1,0
103893,338.983050847458,4,2,2,100,1,0
103977,169.491525423729,4,2,2,100,1,0
104062,338.983050847458,4,2,2,100,1,0
114571,677.966101694915,4,2,2,100,1,0
114910,451.977401129944,4,2,2,100,1,0
114966,112.994350282486,4,2,2,100,1,0
114994,451.977401129944,4,2,2,100,1,0
115051,112.994350282486,4,2,2,100,1,0
115079,451.977401129944,4,2,2,100,1,0
115136,112.994350282486,4,2,2,100,1,0
115164,451.977401129944,4,2,2,100,1,0
115220,112.994350282486,4,2,2,100,1,0
115249,338.983050847458,4,2,2,100,1,0


[HitObjects]
109,192,1186,5,0,0:0:0:0:
256,192,1243,1,0,0:0:0:0:
402,192,1299,1,0,0:0:0:0:
182,192,1356,1,0,0:0:0:0:
475,192,1356,1,0,0:0:0:0:
36,192,1695,1,0,0:0:0:0:
256,192,1695,1,0,0:0:0:0:
182,192,2034,1,0,0:0:0:0:
329,192,2034,1,0,0:0:0:0:
109,192,2373,1,0,0:0:0:0:
475,192,2373,1,0,0:0:0:0:
182,192,2669,1,0,0:0:0:0:
256,192,2712,1,0,0:0:0:0:
402,192,2712,1,0,0:0:0:0:
36,192,3347,1,0,0:0:0:0:
182,192,3390,1,0,0:0:0:0:
329,192,3390,1,0,0:0:0:0:
109,192,4047,1,0,0:0:0:0:
36,192,4068,1,0,0:0:0:0:
256,192,4068,1,0,0:0:0:0:
475,192,4068,1,0,0:0:0:0:
109,192,4407,1,0,0:0:0:0:
329,192,4407,1,0,0:0:0:0:
256,192,4746,1,0,0:0:0:0:
402,192,4746,1,0,0:0:0:0:
36,192,5085,1,0,0:0:0:0:
182,192,5085,1,0,0:0:0:0:
475,192,5085,1,0,0:0:0:0:
256,192,5169,1,0,0:0:0:0:
329,192,5254,1,0,0:0:0:0:
402,192,5339,1,0,0:0:0:0:
109,192,5424,1,0,0:0:0:0:
256,192,5424,1,0,0:0:0:0:
475,192,5424,1,0,0:0:0:0:
402,192,5593,1,0,0:0:0:0:
36,192,5763,1,0,0:0:0:0:
329,192,5763,1,0,0:0:0:0:
109,192,5932,1,0,0:0:0:0:
256,192,5932,1,0,0:0:0:0:
109,192,6102,1,0,0:0:0:0:
329,192,6102,1,0,0:0:0:0:
475,192,6102,1,0,0:0:0:0:
256,192,6271,1,0,0:0:0:0:
182,192,6441,1,0,0:0:0:0:
402,192,6441,1,0,0:0:0:0:
109,192,6610,1,0,0:0:0:0:
36,192,6780,1,0,0:0:0:0:
256,192,6780,1,0,0:0:0:0:
475,192,6780,1,0,0:0:0:0:
109,192,7119,1,0,0:0:0:0:
329,192,7119,1,0,0:0:0:0:
182,192,7458,1,0,0:0:0:0:
475,192,7458,1,0,0:0:0:0:
36,192,7797,1,0,0:0:0:0:
402,192,7797,1,0,0:0:0:0:
182,192,8136,1,0,0:0:0:0:
329,192,8136,1,0,0:0:0:0:
475,192,8136,1,0,0:0:0:0:
36,192,8475,1,0,0:0:0:0:
182,192,8475,1,0,0:0:0:0:
402,192,8771,1,0,0:0:0:0:
256,192,8814,1,0,0:0:0:0:
475,192,8814,1,0,0:0:0:0:
109,192,9153,1,0,0:0:0:0:
329,192,9153,1,0,0:0:0:0:
36,192,9492,1,0,0:0:0:0:
182,192,9492,1,0,0:0:0:0:
329,192,9492,1,0,0:0:0:0:
475,192,9492,1,0,0:0:0:0:
109,192,9831,1,0,0:0:0:0:
36,192,10169,1,0,0:0:0:0:
256,192,10169,1,0,0:0:0:0:
402,192,10169,1,0,0:0:0:0:
182,192,10508,1,0,0:0:0:0:
36,192,10847,1,0,0:0:0:0:
109,192,10847,1,0,0:0:0:0:
329,192,10847,1,0,0:0:0:0:
475,192,10847,1,0,0:0:0:0:
36,192,11186,1,0,0:0:0:0:
256,192,11186,1,0,0:0:0:0:
36,192,11525,1,0,0:0:0:0:
182,192,11525,1,0,0:0:0:0:
402,192,11525,1,0,0:0:0:0:
475,192,11525,1,0,0:0:0:0:
36,192,11864,1,0,0:0:0:0:
329,192,11864,1,0,0:0:0:0:
256,192,12203,1,0,0:0:0:0:
109,192,13220,1,0,0:0:0:0:
182,192,13220,1,0,0:0:0:0:
329,192,13305,1,0,0:0:0:0:
402,192,13305,1,0,0:0:0:0:
109,192,13390,1,0,0:0:0:0:
182,192,13390,1,0,0:0:0:0:
329,192,13475,1,0,0:0:0:0:
402,192,13475,1,0,0:0:0:0:
36,0,13559,128,0,13729:0:0:0:0:
109,192,13559,1,0,0:0:0:0:
256,0,13559,128,0,14746:0:0:0:0:
475,0,13559,128,0,13814:0:0:0:0:
182,0,13729,128,0,13898:0:0:0:0:
109,192,13898,1,0,0:0:0:0:
329,0,13898,128,0,14068:0:0:0:0:
475,192,13898,1,0,0:0:0:0:
182,0,14068,128,0,14237:0:0:0:0:
402,192,14068,1,0,0:0:0:0:
36,0,14237,128,0,14407:0:0:0:0:
109,192,14237,1,0,0:0:0:0:
475,0,14237,128,0,14492:0:0:0:0:
402,192,14322,1,0,0:0:0:0:
182,0,14407,128,0,14576:0:0:0:0:
329,192,14407,1,0,0:0:0:0:
402,192,14492,1,0,0:0:0:0:
329,0,14576,128,0,14746:0:0:0:0:
475,192,14576,1,0,0:0:0:0:
402,192,14661,1,0,0:0:0:0:
109,192,14746,1,0,0:0:0:0:
182,192,14746,1,0,0:0:0:0:
109,192,14831,1,0,0:0:0:0:
256,192,14831,1,0,0:0:0:0:
36,192,14915,1,0,0:0:0:0:
109,192,14915,1,0,0:0:0:0:
329,192,14915,1,0,0:0:0:0:
475,192,14915,1,0,0:0:0:0:
475,192,15085,1,0,0:0:0:0:
256,0,15254,128,0,15424:0:0:0:0:
475,192,15254,1,0,0:0:0:0:
475,192,15339,1,0,0:0:0:0:
182,0,15424,128,0,15593:0:0:0:0:
475,192,15508,1,0,0:0:0:0:
109,0,15593,128,0,15932:0:0:0:0:
329,192,15593,1,0,0:0:0:0:
475,192,15678,1,0,0:0:0:0:
329,192,15763,1,0,0:0:0:0:
475,192,15847,1,0,0:0:0:0:
36,192,15932,1,0,0:0:0:0:
182,192,15932,1,0,0:0:0:0:
329,192,15932,1,0,0:0:0:0:
402,192,15932,1,0,0:0:0:0:
256,192,16017,1,0,0:0:0:0:
182,192,16102,1,0,0:0:0:0:
475,0,16102,128,0,16158:0:0:0:0:
402,0,16158,128,0,16215:0:0:0:0:
109,192,16186,1,0,0:0:0:0:
329,0,16215,128,0,16271:0:0:0:0:
36,192,16271,1,0,0:0:0:0:
182,192,16271,1,0,0:0:0:0:
256,0,16271,128,0,16328:0:0:0:0:
475,192,16271,1,0,0:0:0:0:
36,0,16441,128,0,16525:0:0:0:0:
182,192,16441,1,0,0:0:0:0:
402,192,16441,1,0,0:0:0:0:
109,0,16525,128,0,16610:0:0:0:0:
256,192,16525,1,0,0:0:0:0:
182,0,16610,128,0,16695:0:0:0:0:
329,192,16610,1,0,0:0:0:0:
402,192,16610,1,0,0:0:0:0:
475,192,16610,1,0,0:0:0:0:
36,192,16780,1,0,0:0:0:0:
109,192,16780,1,0,0:0:0:0:
256,192,16780,1,0,0:0:0:0:
402,192,16780,1,0,0:0:0:0:
36,192,16949,1,0,0:0:0:0:
182,192,16949,1,0,0:0:0:0:
256,192,16949,1,0,0:0:0:0:
329,192,16949,1,0,0:0:0:0:
475,192,16949,1,0,0:0:0:0:
109,192,17119,1,0,0:0:0:0:
329,192,17119,1,0,0:0:0:0:
475,0,17119,128,0,17203:0:0:0:0:
256,192,17203,1,0,0:0:0:0:
402,0,17203,128,0,17288:0:0:0:0:
36,192,17288,1,0,0:0:0:0:
109,192,17288,1,0,0:0:0:0:
182,192,17288,1,0,0:0:0:0:
329,0,17288,128,0,17373:0:0:0:0:
109,192,17458,1,0,0:0:0:0:
256,192,17458,1,0,0:0:0:0:
402,192,17458,1,0,0:0:0:0:
475,192,17458,1,0,0:0:0:0:
475,0,17627,128,0,17881:0:0:0:0:
402,0,17712,128,0,17881:0:0:0:0:
109,192,17797,1,0,0:0:0:0:
182,192,17797,1,0,0:0:0:0:
329,0,17797,128,0,17881:0:0:0:0:
36,0,17881,128,0,18136:0:0:0:0:
109,0,17966,128,0,18136:0:0:0:0:
256,192,17966,1,0,0:0:0:0:
182,0,18051,128,0,18136:0:0:0:0:
256,192,18051,1,0,0:0:0:0:
402,0,18136,128,0,18390:0:0:0:0:
182,192,18220,1,0,0:0:0:0:
329,0,18220,128,0,18390:0:0:0:0:
182,192,18305,1,0,0:0:0:0:
256,0,18305,128,0,18390:0:0:0:0:
109,0,18390,128,0,18644:0:0:0:0:
182,0,18475,128,0,18644:0:0:0:0:
329,192,18475,1,0,0:0:0:0:
475,192,18475,1,0,0:0:0:0:
256,0,18559,128,0,18644:0:0:0:0:
36,192,18644,1,0,0:0:0:0:
329,192,18644,1,0,0:0:0:0:
402,192,18644,1,0,0:0:0:0:
475,192,18644,1,0,0:0:0:0:
109,192,18814,1,0,0:0:0:0:
182,192,18814,1,0,0:0:0:0:
329,192,18814,1,0,0:0:0:0:
402,192,18814,1,0,0:0:0:0:
36,192,18983,1,0,0:0:0:0:
182,192,18983,1,0,0:0:0:0:
256,192,18983,1,0,0:0:0:0:
402,192,18983,1,0,0:0:0:0:
475,0,18983,128,0,19322:0:0:0:0:
109,192,19153,1,0,0:0:0:0:
256,192,19153,1,0,0:0:0:0:
329,192,19153,1,0,0:0:0:0:
36,0,19322,128,0,19661:0:0:0:0:
109,192,19322,1,0,0:0:0:0:
329,192,19322,1,0,0:0:0:0:
402,192,19322,1,0,0:0:0:0:
182,192,19343,1,0,0:0:0:0:
256,192,19492,1,0,0:0:0:0:
329,192,19492,1,0,0:0:0:0:
475,192,19492,1,0,0:0:0:0:
109,192,19661,1,0,0:0:0:0:
182,192,19661,1,0,0:0:0:0:
256,192,19661,1,0,0:0:0:0:
402,192,19661,1,0,0:0:0:0:
475,0,19661,128,0,20000:0:0:0:0:
36,192,19831,1,0,0:0:0:0:
182,192,19831,1,0,0:0:0:0:
329,192,19831,1,0,0:0:0:0:
109,192,20000,1,0,0:0:0:0:
256,192,20000,1,0,0:0:0:0:
329,192,20000,1,0,0:0:0:0:
402,192,20000,1,0,0:0:0:0:
36,0,20000,128,0,20339:0:0:0:0:
182,192,20169,1,0,0:0:0:0:
256,192,20169,1,0,0:0:0:0:
402,192,20169,1,0,0:0:0:0:
109,192,20339,1,0,0:0:0:0:
182,192,20339,1,0,0:0:0:0:
329,192,20339,1,0,0:0:0:0:
402,192,20339,1,0,0:0:0:0:
475,0,20339,128,0,20678:0:0:0:0:
36,192,20508,1,0,0:0:0:0:
182,192,20508,1,0,0:0:0:0:
402,0,20508,128,0,20593:0:0:0:0:
329,0,20593,128,0,20678:0:0:0:0:
36,0,20678,128,0,21017:0:0:0:0:
109,192,20678,1,0,0:0:0:0:
256,0,20678,128,0,20763:0:0:0:0:
329,0,20763,128,0,20847:0:0:0:0:
256,0,20847,128,0,20932:0:0:0:0:
402,192,20847,1,0,0:0:0:0:
182,0,20932,128,0,21017:0:0:0:0:
256,0,21017,128,0,21102:0:0:0:0:
329,192,21017,1,0,0:0:0:0:
475,0,21017,128,0,21356:0:0:0:0:
182,0,21102,128,0,21186:0:0:0:0:
109,0,21186,128,0,21271:0:0:0:0:
402,192,21186,1,0,0:0:0:0:
182,0,21271,128,0,21356:0:0:0:0:
256,192,21356,1,0,0:0:0:0:
329,192,21356,1,0,0:0:0:0:
402,192,21356,1,0,0:0:0:0:
36,0,21356,128,0,21695:0:0:0:0:
182,192,21525,1,0,0:0:0:0:
256,192,21525,1,0,0:0:0:0:
329,192,21525,1,0,0:0:0:0:
109,192,21695,1,0,0:0:0:0:
182,192,21695,1,0,0:0:0:0:
329,192,21695,1,0,0:0:0:0:
402,192,21695,1,0,0:0:0:0:
475,0,21695,128,0,22034:0:0:0:0:
36,192,21864,1,0,0:0:0:0:
182,0,21864,128,0,21907:0:0:0:0:
329,192,21864,1,0,0:0:0:0:
109,192,21949,1,0,0:0:0:0:
256,0,21949,128,0,21992:0:0:0:0:
36,0,22034,128,0,22373:0:0:0:0:
182,192,22034,1,0,0:0:0:0:
329,0,22034,128,0,22076:0:0:0:0:
402,192,22034,1,0,0:0:0:0:
109,192,22203,1,0,0:0:0:0:
256,192,22203,1,0,0:0:0:0:
475,192,22203,1,0,0:0:0:0:
109,192,22373,1,0,0:0:0:0:
182,192,22373,1,0,0:0:0:0:
329,192,22373,1,0,0:0:0:0:
402,192,22373,1,0,0:0:0:0:
475,0,22373,128,0,22712:0:0:0:0:
36,192,22542,1,0,0:0:0:0:
256,192,22542,1,0,0:0:0:0:
402,192,22542,1,0,0:0:0:0:
109,192,22712,1,0,0:0:0:0:
182,192,22712,1,0,0:0:0:0:
329,0,22712,128,0,22881:0:0:0:0:
402,192,22712,1,0,0:0:0:0:
36,0,22712,128,0,23051:0:0:0:0:
256,192,22881,1,0,0:0:0:0:
475,192,22881,1,0,0:0:0:0:
182,0,22881,128,0,23051:0:0:0:0:
109,0,23051,128,0,23178:0:0:0:0:
329,0,23051,128,0,23178:0:0:0:0:
402,0,23051,128,0,23178:0:0:0:0:
475,0,23051,128,0,23178:0:0:0:0:
36,0,23220,128,0,23347:0:0:0:0:
109,0,23220,128,0,23347:0:0:0:0:
182,0,23220,128,0,23347:0:0:0:0:
402,0,23220,128,0,23347:0:0:0:0:
182,192,23390,1,0,0:0:0:0:
256,192,23390,1,0,0:0:0:0:
402,192,23390,1,0,0:0:0:0:
475,192,23390,1,0,0:0:0:0:
182,0,23475,128,0,23602:0:0:0:0:
256,0,23475,128,0,23602:0:0:0:0:
402,0,23475,128,0,23602:0:0:0:0:
475,0,23475,128,0,23602:0:0:0:0:
36,192,23644,1,0,0:0:0:0:
109,192,23644,1,0,0:0:0:0:
256,192,23644,1,0,0:0:0:0:
329,192,23644,1,0,0:0:0:0:
36,0,23729,128,0,23856:0:0:0:0:
109,0,23729,128,0,23856:0:0:0:0:
256,0,23729,128,0,23856:0:0:0:0:
329,0,23729,128,0,23856:0:0:0:0:
36,0,23898,128,0,24322:0:0:0:0:
182,0,23898,128,0,24322:0:0:0:0:
329,0,23898,128,0,24322:0:0:0:0:
475,0,23898,128,0,24322:0:0:0:0:
109,192,24407,1,0,0:0:0:0:
402,192,24407,1,0,0:0:0:0:
109,192,24492,1,0,0:0:0:0:
329,192,24492,1,0,0:0:0:0:
402,192,24576,1,0,0:0:0:0:
182,192,24661,1,0,0:0:0:0:
329,192,24661,1,0,0:0:0:0:
182,192,24746,1,0,0:0:0:0:
475,192,24746,1,0,0:0:0:0:
402,192,24831,1,0,0:0:0:0:
109,192,24915,1,0,0:0:0:0:
182,192,24915,1,0,0:0:0:0:
475,192,24915,1,0,0:0:0:0:
402,192,25000,1,0,0:0:0:0:
109,192,25085,1,0,0:0:0:0:
182,192,25085,1,0,0:0:0:0:
329,192,25085,1,0,0:0:0:0:
402,192,25169,1,0,0:0:0:0:
329,192,25254,1,0,0:0:0:0:
36,192,25339,1,0,0:0:0:0:
109,192,25339,1,0,0:0:0:0:
256,192,25339,1,0,0:0:0:0:
402,192,25339,1,0,0:0:0:0:
109,192,25593,1,0,0:0:0:0:
182,192,25593,1,0,0:0:0:0:
329,192,25593,1,0,0:0:0:0:
402,192,25593,1,0,0:0:0:0:
475,192,25593,1,0,0:0:0:0:
36,192,25763,1,0,0:0:0:0:
256,192,25763,1,0,0:0:0:0:
475,192,25763,1,0,0:0:0:0:
182,192,26102,1,0,0:0:0:0:
329,192,26271,1,0,0:0:0:0:
402,192,26441,1,0,0:0:0:0:
182,192,26780,1,0,0:0:0:0:
36,192,26949,1,0,0:0:0:0:
329,192,26949,1,0,0:0:0:0:
36,192,27119,1,0,0:0:0:0:
402,192,27119,1,0,0:0:0:0:
329,192,27288,1,0,0:0:0:0:
402,192,27458,1,0,0:0:0:0:
36,192,27627,1,0,0:0:0:0:
475,192,27627,1,0,0:0:0:0:
36,192,27797,1,0,0:0:0:0:
402,192,27797,1,0,0:0:0:0:
182,192,27966,1,0,0:0:0:0:
256,192,28136,1,0,0:0:0:0:
36,192,28305,1,0,0:0:0:0:
329,192,28305,1,0,0:0:0:0:
36,192,28475,1,0,0:0:0:0:
402,192,28475,1,0,0:0:0:0:
182,192,28814,1,0,0:0:0:0:
329,192,28983,1,0,0:0:0:0:
402,192,29153,1,0,0:0:0:0:
182,192,29492,1,0,0:0:0:0:
36,192,29661,1,0,0:0:0:0:
329,192,29661,1,0,0:0:0:0:
36,192,29831,1,0,0:0:0:0:
402,192,29831,1,0,0:0:0:0:
329,192,30000,1,0,0:0:0:0:
402,192,30169,1,0,0:0:0:0:
36,192,30339,1,0,0:0:0:0:
475,192,30339,1,0,0:0:0:0:
36,192,30508,1,0,0:0:0:0:
402,192,30508,1,0,0:0:0:0:
109,192,30678,1,0,0:0:0:0:
256,192,30678,1,0,0:0:0:0:
182,192,30847,1,0,0:0:0:0:
475,192,30847,1,0,0:0:0:0:
36,192,31017,1,0,0:0:0:0:
256,192,31017,1,0,0:0:0:0:
402,192,31017,1,0,0:0:0:0:
36,192,31186,1,0,0:0:0:0:
182,192,31186,1,0,0:0:0:0:
329,192,31186,1,0,0:0:0:0:
109,192,31525,1,0,0:0:0:0:
256,192,31695,1,0,0:0:0:0:
329,192,31864,1,0,0:0:0:0:
109,192,32203,1,0,0:0:0:0:
36,192,32373,1,0,0:0:0:0:
256,192,32373,1,0,0:0:0:0:
36,192,32542,1,0,0:0:0:0:
182,192,32542,1,0,0:0:0:0:
329,192,32542,1,0,0:0:0:0:
256,192,32712,1,0,0:0:0:0:
329,192,32881,1,0,0:0:0:0:
36,192,33051,1,0,0:0:0:0:
402,192,33051,1,0,0:0:0:0:
36,192,33220,1,0,0:0:0:0:
329,192,33220,1,0,0:0:0:0:
475,192,33220,1,0,0:0:0:0:
109,192,33390,1,0,0:0:0:0:
182,192,33559,1,0,0:0:0:0:
36,192,33729,1,0,0:0:0:0:
256,192,33729,1,0,0:0:0:0:
36,192,33898,1,0,0:0:0:0:
109,0,33898,128,0,34068:0:0:0:0:
329,192,33898,1,0,0:0:0:0:
475,192,33898,1,0,0:0:0:0:
109,192,34237,1,0,0:0:0:0:
475,192,34237,1,0,0:0:0:0:
256,192,34407,1,0,0:0:0:0:
402,192,34407,1,0,0:0:0:0:
36,192,34576,1,0,0:0:0:0:
182,192,34576,1,0,0:0:0:0:
256,0,34576,128,0,34746:0:0:0:0:
329,192,34576,1,0,0:0:0:0:
256,192,34915,1,0,0:0:0:0:
402,192,34915,1,0,0:0:0:0:
109,192,35085,1,0,0:0:0:0:
475,192,35085,1,0,0:0:0:0:
36,192,35254,1,0,0:0:0:0:
109,0,35254,128,0,35424:0:0:0:0:
182,192,35254,1,0,0:0:0:0:
329,192,35254,1,0,0:0:0:0:
36,192,35593,1,0,0:0:0:0:
256,0,35593,128,0,35763:0:0:0:0:
329,192,35593,1,0,0:0:0:0:
475,192,35593,1,0,0:0:0:0:
36,192,35932,1,0,0:0:0:0:
182,0,35932,128,0,36102:0:0:0:0:
256,192,35932,1,0,0:0:0:0:
402,192,35932,1,0,0:0:0:0:
109,192,36017,1,0,0:0:0:0:
256,192,36102,1,0,0:0:0:0:
109,192,36186,1,0,0:0:0:0:
329,192,36271,1,0,0:0:0:0:
402,192,36441,1,0,0:0:0:0:
36,192,36610,1,0,0:0:0:0:
109,192,36610,1,0,0:0:0:0:
475,0,36610,128,0,36780:0:0:0:0:
402,0,36695,128,0,36864:0:0:0:0:
182,192,36780,1,0,0:0:0:0:
329,0,36780,128,0,36949:0:0:0:0:
256,0,36864,128,0,37034:0:0:0:0:
36,192,36949,1,0,0:0:0:0:
109,192,36949,1,0,0:0:0:0:
402,0,36949,128,0,37119:0:0:0:0:
329,0,37034,128,0,37203:0:0:0:0:
36,192,37119,1,0,0:0:0:0:
256,0,37119,128,0,37288:0:0:0:0:
182,0,37203,128,0,37373:0:0:0:0:
329,0,37288,128,0,37458:0:0:0:0:
402,192,37288,1,0,0:0:0:0:
475,192,37288,1,0,0:0:0:0:
256,0,37373,128,0,37542:0:0:0:0:
36,192,37458,1,0,0:0:0:0:
182,0,37458,128,0,37627:0:0:0:0:
109,0,37542,128,0,37712:0:0:0:0:
256,0,37627,128,0,37881:0:0:0:0:
402,192,37627,1,0,0:0:0:0:
475,192,37627,1,0,0:0:0:0:
182,0,37712,128,0,37966:0:0:0:0:
329,192,37797,1,0,0:0:0:0:
109,0,37797,128,0,38051:0:0:0:0:
36,0,37881,128,0,38136:0:0:0:0:
256,0,37966,128,0,38305:0:0:0:0:
402,192,37966,1,0,0:0:0:0:
475,192,37966,1,0,0:0:0:0:
329,0,38051,128,0,38136:0:0:0:0:
182,192,38136,1,0,0:0:0:0:
402,0,38136,128,0,38475:0:0:0:0:
475,0,38220,128,0,38559:0:0:0:0:
109,192,38305,1,0,0:0:0:0:
182,0,38305,128,0,38644:0:0:0:0:
256,0,38390,128,0,38475:0:0:0:0:
36,192,38475,1,0,0:0:0:0:
329,0,38475,128,0,38814:0:0:0:0:
402,0,38559,128,0,38898:0:0:0:0:
109,0,38644,128,0,38983:0:0:0:0:
256,192,38644,1,0,0:0:0:0:
475,192,38644,1,0,0:0:0:0:
182,0,38729,128,0,38814:0:0:0:0:
36,192,38814,1,0,0:0:0:0:
256,0,38814,128,0,39153:0:0:0:0:
329,0,38898,128,0,39237:0:0:0:0:
36,0,38983,128,0,39237:0:0:0:0:
475,192,38983,1,0,0:0:0:0:
109,0,39068,128,0,39153:0:0:0:0:
402,192,39153,1,0,0:0:0:0:
182,0,39153,128,0,39407:0:0:0:0:
256,0,39237,128,0,39492:0:0:0:0:
36,192,39322,1,0,0:0:0:0:
109,192,39322,1,0,0:0:0:0:
475,0,39322,128,0,39492:0:0:0:0:
402,0,39407,128,0,39576:0:0:0:0:
182,192,39492,1,0,0:0:0:0:
329,0,39492,128,0,39661:0:0:0:0:
256,0,39576,128,0,39746:0:0:0:0:
36,192,39661,1,0,0:0:0:0:
109,192,39661,1,0,0:0:0:0:
402,0,39661,128,0,39831:0:0:0:0:
329,0,39746,128,0,39915:0:0:0:0:
36,192,39831,1,0,0:0:0:0:
256,0,39831,128,0,40000:0:0:0:0:
182,0,39915,128,0,40085:0:0:0:0:
329,0,40000,128,0,40169:0:0:0:0:
402,192,40000,1,0,0:0:0:0:
475,192,40000,1,0,0:0:0:0:
256,0,40085,128,0,40254:0:0:0:0:
36,192,40169,1,0,0:0:0:0:
182,0,40169,128,0,40339:0:0:0:0:
109,0,40254,128,0,40424:0:0:0:0:
256,0,40339,128,0,40508:0:0:0:0:
402,192,40339,1,0,0:0:0:0:
475,192,40339,1,0,0:0:0:0:
182,0,40424,128,0,40593:0:0:0:0:
329,192,40508,1,0,0:0:0:0:
109,0,40508,128,0,40678:0:0:0:0:
36,0,40593,128,0,40763:0:0:0:0:
182,192,40678,1,0,0:0:0:0:
256,0,40678,128,0,41017:0:0:0:0:
475,192,40678,1,0,0:0:0:0:
329,0,40763,128,0,41102:0:0:0:0:
109,192,40847,1,0,0:0:0:0:
402,0,40847,128,0,40932:0:0:0:0:
475,0,40932,128,0,41271:0:0:0:0:
182,0,41017,128,0,41356:0:0:0:0:
402,192,41017,1,0,0:0:0:0:
256,0,41102,128,0,41441:0:0:0:0:
36,192,41186,1,0,0:0:0:0:
329,0,41186,128,0,41271:0:0:0:0:
402,0,41271,128,0,41610:0:0:0:0:
109,0,41356,128,0,41695:0:0:0:0:
475,192,41356,1,0,0:0:0:0:
182,0,41441,128,0,41780:0:0:0:0:
329,192,41441,1,0,0:0:0:0:
36,192,41525,1,0,0:0:0:0:
256,0,41525,128,0,41610:0:0:0:0:
329,0,41610,128,0,41949:0:0:0:0:
475,192,41610,1,0,0:0:0:0:
36,0,41695,128,0,41780:0:0:0:0:
256,192,41695,1,0,0:0:0:0:
402,192,41695,1,0,0:0:0:0:
109,0,41780,128,0,41864:0:0:0:0:
182,0,41864,128,0,41949:0:0:0:0:
402,192,41864,1,0,0:0:0:0:
475,192,41864,1,0,0:0:0:0:
256,0,41949,128,0,42034:0:0:0:0:
36,192,42034,1,0,0:0:0:0:
109,192,42034,1,0,0:0:0:0:
475,0,42034,128,0,42288:0:0:0:0:
402,0,42119,128,0,42373:0:0:0:0:
182,192,42203,1,0,0:0:0:0:
329,0,42203,128,0,42288:0:0:0:0:
256,0,42288,128,0,42542:0:0:0:0:
36,192,42373,1,0,0:0:0:0:
329,192,42373,1,0,0:0:0:0:
475,0,42373,128,0,42627:0:0:0:0:
402,0,42458,128,0,42712:0:0:0:0:
182,192,42542,1,0,0:0:0:0:
329,0,42542,128,0,42627:0:0:0:0:
256,0,42627,128,0,42881:0:0:0:0:
36,192,42712,1,0,0:0:0:0:
109,192,42712,1,0,0:0:0:0:
475,0,42712,128,0,42966:0:0:0:0:
402,0,42797,128,0,43051:0:0:0:0:
182,192,42881,1,0,0:0:0:0:
329,0,42881,128,0,42966:0:0:0:0:
256,0,42966,128,0,43220:0:0:0:0:
36,192,43051,1,0,0:0:0:0:
329,192,43051,1,0,0:0:0:0:
475,0,43051,128,0,43305:0:0:0:0:
402,0,43136,128,0,43390:0:0:0:0:
182,192,43220,1,0,0:0:0:0:
329,0,43220,128,0,43305:0:0:0:0:
256,0,43305,128,0,43559:0:0:0:0:
36,0,43390,128,0,43559:0:0:0:0:
329,192,43390,1,0,0:0:0:0:
475,192,43390,1,0,0:0:0:0:
109,0,43475,128,0,43644:0:0:0:0:
182,0,43559,128,0,43729:0:0:0:0:
402,192,43559,1,0,0:0:0:0:
329,0,43644,128,0,43814:0:0:0:0:
109,0,43729,128,0,43898:0:0:0:0:
256,192,43729,1,0,0:0:0:0:
182,0,43814,128,0,43983:0:0:0:0:
256,0,43898,128,0,44068:0:0:0:0:
329,192,43898,1,0,0:0:0:0:
402,0,43983,128,0,44153:0:0:0:0:
36,192,44068,1,0,0:0:0:0:
182,0,44068,128,0,44237:0:0:0:0:
475,192,44068,1,0,0:0:0:0:
256,0,44153,128,0,44322:0:0:0:0:
109,192,44237,1,0,0:0:0:0:
329,0,44237,128,0,44407:0:0:0:0:
475,0,44322,128,0,44492:0:0:0:0:
36,192,44407,1,0,0:0:0:0:
182,192,44407,1,0,0:0:0:0:
402,0,44407,128,0,44576:0:0:0:0:
329,0,44492,128,0,44661:0:0:0:0:
256,192,44576,1,0,0:0:0:0:
475,192,44576,1,0,0:0:0:0:
182,0,44576,128,0,44746:0:0:0:0:
109,0,44661,128,0,44831:0:0:0:0:
36,192,44746,1,0,0:0:0:0:
329,192,44746,1,0,0:0:0:0:
475,0,44746,128,0,45000:0:0:0:0:
402,0,44831,128,0,45085:0:0:0:0:
109,192,44915,1,0,0:0:0:0:
256,0,44915,128,0,45000:0:0:0:0:
182,0,45000,128,0,45254:0:0:0:0:
36,192,45085,1,0,0:0:0:0:
256,192,45085,1,0,0:0:0:0:
475,0,45085,128,0,45339:0:0:0:0:
402,0,45169,128,0,45424:0:0:0:0:
109,192,45254,1,0,0:0:0:0:
256,0,45254,128,0,45339:0:0:0:0:
182,0,45339,128,0,45593:0:0:0:0:
36,192,45424,1,0,0:0:0:0:
329,192,45424,1,0,0:0:0:0:
475,0,45424,128,0,45678:0:0:0:0:
402,0,45508,128,0,45763:0:0:0:0:
109,192,45593,1,0,0:0:0:0:
256,0,45593,128,0,45678:0:0:0:0:
182,0,45678,128,0,45932:0:0:0:0:
36,192,45763,1,0,0:0:0:0:
256,192,45763,1,0,0:0:0:0:
475,0,45763,128,0,46017:0:0:0:0:
402,0,45847,128,0,46102:0:0:0:0:
109,192,45932,1,0,0:0:0:0:
256,0,45932,128,0,46017:0:0:0:0:
182,0,46017,128,0,46186:0:0:0:0:
36,0,46102,128,0,46186:0:0:0:0:
256,192,46102,1,0,0:0:0:0:
329,192,46102,1,0,0:0:0:0:
109,0,46186,128,0,46271:0:0:0:0:
256,0,46271,128,0,46356:0:0:0:0:
475,192,46271,1,0,0:0:0:0:
329,0,46356,128,0,46441:0:0:0:0:
109,0,46441,128,0,46525:0:0:0:0:
402,192,46441,1,0,0:0:0:0:
182,0,46525,128,0,46610:0:0:0:0:
36,192,46610,1,0,0:0:0:0:
256,0,46610,128,0,46695:0:0:0:0:
329,0,46695,128,0,46780:0:0:0:0:
182,0,46780,128,0,46864:0:0:0:0:
402,192,46780,1,0,0:0:0:0:
475,192,46780,1,0,0:0:0:0:
256,0,46864,128,0,46949:0:0:0:0:
109,192,46949,1,0,0:0:0:0:
475,0,46949,128,0,47119:0:0:0:0:
109,192,47034,1,0,0:0:0:0:
182,192,47119,1,0,0:0:0:0:
329,192,47119,1,0,0:0:0:0:
402,0,47119,128,0,47288:0:0:0:0:
109,192,47288,1,0,0:0:0:0:
256,192,47288,1,0,0:0:0:0:
329,0,47288,128,0,47458:0:0:0:0:
36,192,47458,1,0,0:0:0:0:
182,192,47458,1,0,0:0:0:0:
475,192,47458,1,0,0:0:0:0:
109,192,47542,1,0,0:0:0:0:
256,192,47542,1,0,0:0:0:0:
182,192,47627,1,0,0:0:0:0:
329,192,47627,1,0,0:0:0:0:
109,192,47712,1,0,0:0:0:0:
256,192,47712,1,0,0:0:0:0:
36,192,47797,1,0,0:0:0:0:
329,192,47797,1,0,0:0:0:0:
402,192,47797,1,0,0:0:0:0:
182,192,47881,1,0,0:0:0:0:
475,192,47881,1,0,0:0:0:0:
256,192,47966,1,0,0:0:0:0:
402,192,47966,1,0,0:0:0:0:
182,192,48051,1,0,0:0:0:0:
329,192,48051,1,0,0:0:0:0:
36,192,48136,1,0,0:0:0:0:
109,192,48136,1,0,0:0:0:0:
402,192,48136,1,0,0:0:0:0:
182,192,48220,1,0,0:0:0:0:
329,192,48220,1,0,0:0:0:0:
256,192,48305,1,0,0:0:0:0:
402,192,48305,1,0,0:0:0:0:
329,192,48390,1,0,0:0:0:0:
475,192,48390,1,0,0:0:0:0:
109,192,48475,1,0,0:0:0:0:
182,192,48475,1,0,0:0:0:0:
402,192,48475,1,0,0:0:0:0:
36,192,48559,1,0,0:0:0:0:
256,192,48559,1,0,0:0:0:0:
109,192,48644,1,0,0:0:0:0:
329,192,48644,1,0,0:0:0:0:
182,192,48729,1,0,0:0:0:0:
402,192,48729,1,0,0:0:0:0:
36,192,48814,1,0,0:0:0:0:
109,192,48814,1,0,0:0:0:0:
475,192,48814,1,0,0:0:0:0:
256,192,48898,1,0,0:0:0:0:
402,192,48898,1,0,0:0:0:0:
182,192,48983,1,0,0:0:0:0:
329,192,48983,1,0,0:0:0:0:
109,192,49068,1,0,0:0:0:0:
256,192,49068,1,0,0:0:0:0:
182,192,49153,1,0,0:0:0:0:
402,192,49153,1,0,0:0:0:0:
475,192,49153,1,0,0:0:0:0:
36,192,49237,1,0,0:0:0:0:
256,192,49237,1,0,0:0:0:0:
109,192,49322,1,0,0:0:0:0:
329,192,49322,1,0,0:0:0:0:
182,192,49407,1,0,0:0:0:0:
402,192,49407,1,0,0:0:0:0:
109,192,49492,1,0,0:0:0:0:
329,192,49492,1,0,0:0:0:0:
475,192,49492,1,0,0:0:0:0:
256,192,49576,1,0,0:0:0:0:
402,192,49576,1,0,0:0:0:0:
182,192,49661,1,0,0:0:0:0:
329,192,49661,1,0,0:0:0:0:
109,192,49746,1,0,0:0:0:0:
256,192,49746,1,0,0:0:0:0:
36,192,49831,1,0,0:0:0:0:
182,192,49831,1,0,0:0:0:0:
402,192,49831,1,0,0:0:0:0:
109,192,49915,1,0,0:0:0:0:
256,192,49915,1,0,0:0:0:0:
182,192,50000,1,0,0:0:0:0:
329,192,50000,1,0,0:0:0:0:
256,192,50085,1,0,0:0:0:0:
402,192,50085,1,0,0:0:0:0:
36,192,50169,1,0,0:0:0:0:
182,192,50169,1,0,0:0:0:0:
475,192,50169,1,0,0:0:0:0:
256,192,50254,1,0,0:0:0:0:
402,192,50254,1,0,0:0:0:0:
182,192,50339,1,0,0:0:0:0:
329,192,50339,1,0,0:0:0:0:
256,192,50424,1,0,0:0:0:0:
402,192,50424,1,0,0:0:0:0:
109,192,50508,1,0,0:0:0:0:
182,192,50508,1,0,0:0:0:0:
475,192,50508,1,0,0:0:0:0:
36,192,50593,1,0,0:0:0:0:
329,192,50593,1,0,0:0:0:0:
109,192,50678,1,0,0:0:0:0:
256,192,50678,1,0,0:0:0:0:
182,192,50763,1,0,0:0:0:0:
329,192,50763,1,0,0:0:0:0:
109,192,50847,1,0,0:0:0:0:
402,192,50847,1,0,0:0:0:0:
475,192,50847,1,0,0:0:0:0:
182,192,50932,1,0,0:0:0:0:
329,192,50932,1,0,0:0:0:0:
109,192,51017,1,0,0:0:0:0:
256,192,51017,1,0,0:0:0:0:
36,192,51102,1,0,0:0:0:0:
182,192,51102,1,0,0:0:0:0:
109,192,51186,1,0,0:0:0:0:
329,192,51186,1,0,0:0:0:0:
402,192,51186,1,0,0:0:0:0:
256,192,51271,1,0,0:0:0:0:
475,192,51271,1,0,0:0:0:0:
182,192,51356,1,0,0:0:0:0:
402,192,51356,1,0,0:0:0:0:
109,192,51441,1,0,0:0:0:0:
329,192,51441,1,0,0:0:0:0:
36,192,51525,1,0,0:0:0:0:
402,192,51525,1,0,0:0:0:0:
475,192,51525,1,0,0:0:0:0:
109,192,51610,1,0,0:0:0:0:
256,192,51610,1,0,0:0:0:0:
182,192,51695,1,0,0:0:0:0:
329,192,51695,1,0,0:0:0:0:
256,192,51780,1,0,0:0:0:0:
402,192,51780,1,0,0:0:0:0:
36,192,51864,1,0,0:0:0:0:
109,192,51864,1,0,0:0:0:0:
329,192,51864,1,0,0:0:0:0:
256,192,51949,1,0,0:0:0:0:
475,192,51949,1,0,0:0:0:0:
182,192,52034,1,0,0:0:0:0:
402,192,52034,1,0,0:0:0:0:
109,192,52119,1,0,0:0:0:0:
329,192,52119,1,0,0:0:0:0:
36,192,52203,1,0,0:0:0:0:
182,192,52203,1,0,0:0:0:0:
402,192,52203,1,0,0:0:0:0:
109,192,52288,1,0,0:0:0:0:
256,192,52288,1,0,0:0:0:0:
182,192,52373,1,0,0:0:0:0:
329,192,52373,1,0,0:0:0:0:
256,192,52458,1,0,0:0:0:0:
402,192,52458,1,0,0:0:0:0:
36,192,52542,1,0,0:0:0:0:
182,192,52542,1,0,0:0:0:0:
475,0,52542,128,0,52881:0:0:0:0:
256,192,52627,1,0,0:0:0:0:
182,192,52712,1,0,0:0:0:0:
329,0,52712,128,0,52881:0:0:0:0:
109,192,52797,1,0,0:0:0:0:
256,0,52881,128,0,53186:0:0:0:0:
256,192,53220,1,0,0:0:0:0:
256,192,53299,1,0,0:0:0:0:
256,192,53384,1,0,0:0:0:0:
256,192,53469,1,0,0:0:0:0:
36,192,53554,1,0,0:0:0:0:
109,192,53554,1,0,0:0:0:0:
182,192,53554,1,0,0:0:0:0:
256,192,53554,1,0,0:0:0:0:
402,192,53554,1,0,0:0:0:0:
475,192,53554,1,0,0:0:0:0:
109,192,53893,1,0,0:0:0:0:
182,192,53893,1,0,0:0:0:0:
256,192,53893,1,0,0:0:0:0:
402,192,53893,1,0,0:0:0:0:
475,192,53893,1,0,0:0:0:0:
36,192,54232,1,0,0:0:0:0:
109,192,54232,1,0,0:0:0:0:
182,192,54232,1,0,0:0:0:0:
329,192,54232,1,0,0:0:0:0:
402,192,54232,1,0,0:0:0:0:
475,192,54401,1,0,0:0:0:0:
36,192,54571,1,0,0:0:0:0:
109,192,54571,1,0,0:0:0:0:
182,192,54571,1,0,0:0:0:0:
402,192,54571,1,0,0:0:0:0:
329,192,54740,1,0,0:0:0:0:
36,192,54910,1,0,0:0:0:0:
109,192,54910,1,0,0:0:0:0:
182,192,54910,1,0,0:0:0:0:
402,192,54910,1,0,0:0:0:0:
182,192,55079,1,0,0:0:0:0:
256,192,55079,1,0,0:0:0:0:
182,192,55164,1,0,0:0:0:0:
256,192,55164,1,0,0:0:0:0:
402,0,55249,128,0,55333:0:0:0:0:
256,0,55418,128,0,55503:0:0:0:0:
36,0,55588,128,0,55757:0:0:0:0:
109,0,55588,128,0,55757:0:0:0:0:
182,0,55588,128,0,55757:0:0:0:0:
329,0,55588,128,0,55757:0:0:0:0:
475,0,55588,128,0,55757:0:0:0:0:
182,192,55842,1,0,0:0:0:0:
256,192,55842,1,0,0:0:0:0:
329,192,55842,1,0,0:0:0:0:
256,0,55927,128,0,56011:0:0:0:0:
329,0,55927,128,0,56011:0:0:0:0:
402,0,55927,128,0,56011:0:0:0:0:
109,0,56096,128,0,56181:0:0:0:0:
182,0,56096,128,0,56181:0:0:0:0:
256,0,56096,128,0,56181:0:0:0:0:
36,192,56266,1,0,0:0:0:0:
109,192,56266,1,0,0:0:0:0:
182,192,56266,1,0,0:0:0:0:
475,192,56266,1,0,0:0:0:0:
402,192,56350,1,0,0:0:0:0:
109,192,56435,1,0,0:0:0:0:
182,192,56435,1,0,0:0:0:0:
256,192,56435,1,0,0:0:0:0:
329,192,56435,1,0,0:0:0:0:
402,192,56520,1,0,0:0:0:0:
36,192,56605,1,0,0:0:0:0:
182,192,56605,1,0,0:0:0:0:
256,192,56605,1,0,0:0:0:0:
475,192,56605,1,0,0:0:0:0:
402,192,56689,1,0,0:0:0:0:
36,192,56774,1,0,0:0:0:0:
109,192,56774,1,0,0:0:0:0:
182,192,56774,1,0,0:0:0:0:
329,192,56774,1,0,0:0:0:0:
402,192,56859,1,0,0:0:0:0:
36,192,56944,1,0,0:0:0:0:
109,192,56944,1,0,0:0:0:0:
182,192,56944,1,0,0:0:0:0:
256,192,56944,1,0,0:0:0:0:
329,192,56944,1,0,0:0:0:0:
402,192,56944,1,0,0:0:0:0:
475,192,56944,1,0,0:0:0:0:
36,192,57282,1,0,0:0:0:0:
109,192,57282,1,0,0:0:0:0:
182,192,57282,1,0,0:0:0:0:
256,192,57282,1,0,0:0:0:0:
329,192,57282,1,0,0:0:0:0:
402,192,57282,1,0,0:0:0:0:
475,192,57282,1,0,0:0:0:0:
36,192,57621,1,0,0:0:0:0:
109,192,57621,1,0,0:0:0:0:
182,192,57621,1,0,0:0:0:0:
256,192,57621,1,0,0:0:0:0:
329,192,57621,1,0,0:0:0:0:
402,192,57621,1,0,0:0:0:0:
475,192,57621,1,0,0:0:0:0:
109,0,57791,128,0,57844:0:0:0:0:
402,0,57791,128,0,57844:0:0:0:0:
182,0,57833,128,0,57865:0:0:0:0:
329,0,57833,128,0,57865:0:0:0:0:
256,0,57855,128,0,57876:0:0:0:0:
36,0,57982,128,0,58024:0:0:0:0:
475,0,57982,128,0,58024:0:0:0:0:
109,0,58024,128,0,58066:0:0:0:0:
402,0,58024,128,0,58066:0:0:0:0:
182,0,58066,128,0,58109:0:0:0:0:
329,0,58066,128,0,58109:0:0:0:0:
109,0,58109,128,0,58151:0:0:0:0:
402,0,58109,128,0,58151:0:0:0:0:
36,0,58151,128,0,58194:0:0:0:0:
475,0,58151,128,0,58194:0:0:0:0:
36,192,58299,1,0,0:0:0:0:
182,192,58299,1,0,0:0:0:0:
329,192,58299,1,0,0:0:0:0:
402,192,58299,1,0,0:0:0:0:
256,192,58469,1,0,0:0:0:0:
475,192,58469,1,0,0:0:0:0:
182,192,58554,1,0,0:0:0:0:
402,192,58554,1,0,0:0:0:0:
36,192,58638,1,0,0:0:0:0:
109,192,58638,1,0,0:0:0:0:
256,192,58638,1,0,0:0:0:0:
475,192,58638,1,0,0:0:0:0:
109,192,58808,1,0,0:0:0:0:
182,192,58808,1,0,0:0:0:0:
329,192,58808,1,0,0:0:0:0:
402,192,58808,1,0,0:0:0:0:
182,192,58977,1,0,0:0:0:0:
402,192,58977,1,0,0:0:0:0:
109,192,59062,1,0,0:0:0:0:
329,192,59062,1,0,0:0:0:0:
36,192,59147,1,0,0:0:0:0:
182,192,59147,1,0,0:0:0:0:
256,192,59147,1,0,0:0:0:0:
402,192,59147,1,0,0:0:0:0:
475,192,59147,1,0,0:0:0:0:
109,192,59316,1,0,0:0:0:0:
182,192,59316,1,0,0:0:0:0:
329,192,59316,1,0,0:0:0:0:
402,192,59316,1,0,0:0:0:0:
109,192,59486,1,0,0:0:0:0:
329,192,59486,1,0,0:0:0:0:
36,192,59571,1,0,0:0:0:0:
256,192,59571,1,0,0:0:0:0:
109,192,59655,1,0,0:0:0:0:
182,192,59655,1,0,0:0:0:0:
329,192,59655,1,0,0:0:0:0:
402,192,59655,1,0,0:0:0:0:
475,192,59655,1,0,0:0:0:0:
36,192,59825,1,0,0:0:0:0:
182,192,59825,1,0,0:0:0:0:
256,192,59825,1,0,0:0:0:0:
402,192,59825,1,0,0:0:0:0:
182,192,59994,1,0,0:0:0:0:
402,192,59994,1,0,0:0:0:0:
109,192,60079,1,0,0:0:0:0:
329,192,60079,1,0,0:0:0:0:
36,192,60164,1,0,0:0:0:0:
182,192,60164,1,0,0:0:0:0:
256,192,60164,1,0,0:0:0:0:
402,192,60164,1,0,0:0:0:0:
475,192,60164,1,0,0:0:0:0:
109,0,60333,128,0,60418:0:0:0:0:
182,0,60333,128,0,60418:0:0:0:0:
329,192,60333,1,0,0:0:0:0:
475,192,60333,1,0,0:0:0:0:
329,0,60418,128,0,60503:0:0:0:0:
402,0,60418,128,0,60503:0:0:0:0:
109,0,60503,128,0,60588:0:0:0:0:
182,0,60503,128,0,60588:0:0:0:0:
329,0,60588,128,0,60672:0:0:0:0:
402,0,60588,128,0,60672:0:0:0:0:
36,192,60672,1,0,0:0:0:0:
109,192,60672,1,0,0:0:0:0:
256,192,60672,1,0,0:0:0:0:
475,192,60672,1,0,0:0:0:0:
36,192,60842,1,0,0:0:0:0:
182,192,60842,1,0,0:0:0:0:
109,192,60927,1,0,0:0:0:0:
256,192,60927,1,0,0:0:0:0:
36,192,61011,1,0,0:0:0:0:
182,192,61011,1,0,0:0:0:0:
329,192,61011,1,0,0:0:0:0:
402,192,61011,1,0,0:0:0:0:
475,192,61011,1,0,0:0:0:0:
36,192,61181,1,0,0:0:0:0:
182,192,61181,1,0,0:0:0:0:
256,192,61181,1,0,0:0:0:0:
402,192,61181,1,0,0:0:0:0:
109,192,61350,1,0,0:0:0:0:
256,192,61350,1,0,0:0:0:0:
182,192,61435,1,0,0:0:0:0:
329,192,61435,1,0,0:0:0:0:
36,192,61520,1,0,0:0:0:0:
109,192,61520,1,0,0:0:0:0:
256,192,61520,1,0,0:0:0:0:
402,192,61520,1,0,0:0:0:0:
475,192,61520,1,0,0:0:0:0:
36,192,61689,1,0,0:0:0:0:
182,192,61689,1,0,0:0:0:0:
256,192,61689,1,0,0:0:0:0:
475,192,61689,1,0,0:0:0:0:
182,192,61859,1,0,0:0:0:0:
329,192,61859,1,0,0:0:0:0:
256,192,61944,1,0,0:0:0:0:
402,192,61944,1,0,0:0:0:0:
36,192,62028,1,0,0:0:0:0:
109,192,62028,1,0,0:0:0:0:
182,192,62028,1,0,0:0:0:0:
329,192,62028,1,0,0:0:0:0:
475,192,62028,1,0,0:0:0:0:
36,192,62198,1,0,0:0:0:0:
256,192,62198,1,0,0:0:0:0:
402,192,62198,1,0,0:0:0:0:
475,192,62198,1,0,0:0:0:0:
109,192,62367,1,0,0:0:0:0:
256,192,62367,1,0,0:0:0:0:
182,192,62452,1,0,0:0:0:0:
329,192,62452,1,0,0:0:0:0:
36,192,62537,1,0,0:0:0:0:
109,192,62537,1,0,0:0:0:0:
256,192,62537,1,0,0:0:0:0:
402,192,62537,1,0,0:0:0:0:
475,192,62537,1,0,0:0:0:0:
36,0,62706,128,0,62791:0:0:0:0:
182,0,62706,128,0,62791:0:0:0:0:
329,192,62706,1,0,0:0:0:0:
402,192,62706,1,0,0:0:0:0:
329,0,62791,128,0,62876:0:0:0:0:
475,0,62791,128,0,62876:0:0:0:0:
36,0,62876,128,0,62960:0:0:0:0:
182,0,62876,128,0,62960:0:0:0:0:
329,0,62960,128,0,63045:0:0:0:0:
475,0,62960,128,0,63045:0:0:0:0:
109,192,63045,1,0,0:0:0:0:
182,192,63045,1,0,0:0:0:0:
256,192,63045,1,0,0:0:0:0:
402,192,63045,1,0,0:0:0:0:
36,192,63215,1,0,0:0:0:0:
256,192,63215,1,0,0:0:0:0:
109,192,63299,1,0,0:0:0:0:
182,192,63299,1,0,0:0:0:0:
36,192,63384,1,0,0:0:0:0:
256,192,63384,1,0,0:0:0:0:
329,192,63384,1,0,0:0:0:0:
402,192,63384,1,0,0:0:0:0:
475,192,63384,1,0,0:0:0:0:
36,192,63554,1,0,0:0:0:0:
182,192,63554,1,0,0:0:0:0:
402,192,63554,1,0,0:0:0:0:
475,192,63554,1,0,0:0:0:0:
109,192,63723,1,0,0:0:0:0:
329,192,63723,1,0,0:0:0:0:
182,192,63808,1,0,0:0:0:0:
256,192,63808,1,0,0:0:0:0:
36,192,63893,1,0,0:0:0:0:
109,192,63893,1,0,0:0:0:0:
329,192,63893,1,0,0:0:0:0:
402,192,63893,1,0,0:0:0:0:
475,192,63893,1,0,0:0:0:0:
109,192,64062,1,0,0:0:0:0:
182,192,64062,1,0,0:0:0:0:
329,192,64062,1,0,0:0:0:0:
475,192,64062,1,0,0:0:0:0:
182,192,64232,1,0,0:0:0:0:
402,192,64232,1,0,0:0:0:0:
256,192,64316,1,0,0:0:0:0:
329,192,64316,1,0,0:0:0:0:
36,192,64401,1,0,0:0:0:0:
109,192,64401,1,0,0:0:0:0:
182,192,64401,1,0,0:0:0:0:
402,192,64401,1,0,0:0:0:0:
475,192,64401,1,0,0:0:0:0:
36,192,64571,1,0,0:0:0:0:
182,192,64571,1,0,0:0:0:0:
329,192,64571,1,0,0:0:0:0:
402,192,64571,1,0,0:0:0:0:
256,192,64740,1,0,0:0:0:0:
475,192,64740,1,0,0:0:0:0:
329,192,64825,1,0,0:0:0:0:
402,192,64825,1,0,0:0:0:0:
36,192,64910,1,0,0:0:0:0:
109,192,64910,1,0,0:0:0:0:
182,192,64910,1,0,0:0:0:0:
256,192,64910,1,0,0:0:0:0:
475,192,64910,1,0,0:0:0:0:
36,0,65079,128,0,65164:0:0:0:0:
182,0,65079,128,0,65164:0:0:0:0:
329,192,65079,1,0,0:0:0:0:
402,192,65079,1,0,0:0:0:0:
256,0,65164,128,0,65249:0:0:0:0:
329,0,65164,128,0,65249:0:0:0:0:
36,0,65249,128,0,65333:0:0:0:0:
109,0,65249,128,0,65333:0:0:0:0:
182,0,65333,128,0,65418:0:0:0:0:
329,0,65333,128,0,65418:0:0:0:0:
36,192,65418,1,0,0:0:0:0:
256,192,65418,1,0,0:0:0:0:
402,192,65418,1,0,0:0:0:0:
475,192,65418,1,0,0:0:0:0:
109,192,65588,1,0,0:0:0:0:
182,192,65588,1,0,0:0:0:0:
36,192,65672,1,0,0:0:0:0:
256,192,65672,1,0,0:0:0:0:
109,192,65757,1,0,0:0:0:0:
182,192,65757,1,0,0:0:0:0:
329,192,65757,1,0,0:0:0:0:
402,192,65757,1,0,0:0:0:0:
475,192,65757,1,0,0:0:0:0:
36,192,65927,1,0,0:0:0:0:
109,192,65927,1,0,0:0:0:0:
329,192,65927,1,0,0:0:0:0:
475,192,65927,1,0,0:0:0:0:
182,192,66096,1,0,0:0:0:0:
256,192,66096,1,0,0:0:0:0:
109,192,66181,1,0,0:0:0:0:
329,192,66181,1,0,0:0:0:0:
36,192,66266,1,0,0:0:0:0:
182,192,66266,1,0,0:0:0:0:
256,192,66266,1,0,0:0:0:0:
402,192,66266,1,0,0:0:0:0:
475,192,66266,1,0,0:0:0:0:
36,192,66435,1,0,0:0:0:0:
109,192,66435,1,0,0:0:0:0:
182,192,66435,1,0,0:0:0:0:
402,192,66435,1,0,0:0:0:0:
256,192,66605,1,0,0:0:0:0:
329,192,66605,1,0,0:0:0:0:
182,192,66689,1,0,0:0:0:0:
402,192,66689,1,0,0:0:0:0:
36,192,66774,1,0,0:0:0:0:
109,192,66774,1,0,0:0:0:0:
256,192,66774,1,0,0:0:0:0:
329,192,66774,1,0,0:0:0:0:
475,192,66774,1,0,0:0:0:0:
109,192,66944,1,0,0:0:0:0:
182,192,66944,1,0,0:0:0:0:
256,192,66944,1,0,0:0:0:0:
475,192,66944,1,0,0:0:0:0:
329,192,67113,1,0,0:0:0:0:
402,192,67113,1,0,0:0:0:0:
256,192,67198,1,0,0:0:0:0:
475,192,67198,1,0,0:0:0:0:
36,192,67282,1,0,0:0:0:0:
109,192,67282,1,0,0:0:0:0:
182,192,67282,1,0,0:0:0:0:
329,192,67282,1,0,0:0:0:0:
402,192,67282,1,0,0:0:0:0:
109,0,67452,128,0,67537:0:0:0:0:
256,0,67452,128,0,67537:0:0:0:0:
329,192,67452,1,0,0:0:0:0:
402,192,67452,1,0,0:0:0:0:
402,0,67537,128,0,67621:0:0:0:0:
475,0,67537,128,0,67621:0:0:0:0:
109,0,67621,128,0,67706:0:0:0:0:
182,0,67621,128,0,67706:0:0:0:0:
256,0,67706,128,0,67791:0:0:0:0:
475,0,67706,128,0,67791:0:0:0:0:
36,0,67791,128,0,67960:0:0:0:0:
182,0,67791,128,0,67960:0:0:0:0:
329,0,67791,128,0,67960:0:0:0:0:
402,192,67791,1,0,0:0:0:0:
109,0,67960,128,0,68130:0:0:0:0:
256,0,67960,128,0,68088:0:0:0:0:
402,0,67960,128,0,68130:0:0:0:0:
182,0,68130,128,0,68299:0:0:0:0:
256,192,68130,1,0,0:0:0:0:
329,0,68130,128,0,68299:0:0:0:0:
475,0,68130,128,0,68299:0:0:0:0:
109,0,68299,128,0,68427:0:0:0:0:
256,0,68299,128,0,68469:0:0:0:0:
402,0,68299,128,0,68469:0:0:0:0:
36,0,68469,128,0,68638:0:0:0:0:
109,192,68469,1,0,0:0:0:0:
182,0,68469,128,0,68638:0:0:0:0:
475,0,68469,128,0,68638:0:0:0:0:
109,0,68638,128,0,68808:0:0:0:0:
256,0,68638,128,0,68808:0:0:0:0:
329,0,68638,128,0,68808:0:0:0:0:
36,192,68808,1,0,0:0:0:0:
182,0,68808,128,0,68977:0:0:0:0:
402,0,68808,128,0,68977:0:0:0:0:
475,0,68808,128,0,68977:0:0:0:0:
36,0,68977,128,0,69062:0:0:0:0:
329,0,68977,128,0,69062:0:0:0:0:
109,0,69062,128,0,69147:0:0:0:0:
256,0,69062,128,0,69147:0:0:0:0:
36,0,69147,128,0,69316:0:0:0:0:
182,192,69147,1,0,0:0:0:0:
329,0,69147,128,0,69316:0:0:0:0:
475,0,69147,128,0,69316:0:0:0:0:
109,0,69316,128,0,69486:0:0:0:0:
256,0,69316,128,0,69486:0:0:0:0:
402,0,69316,128,0,69486:0:0:0:0:
36,0,69486,128,0,69571:0:0:0:0:
182,192,69486,1,0,0:0:0:0:
329,0,69486,128,0,69571:0:0:0:0:
109,0,69571,128,0,69655:0:0:0:0:
402,0,69571,128,0,69655:0:0:0:0:
182,0,69655,128,0,69740:0:0:0:0:
256,192,69655,1,0,0:0:0:0:
475,0,69655,128,0,69740:0:0:0:0:
109,0,69740,128,0,69825:0:0:0:0:
402,0,69740,128,0,69825:0:0:0:0:
36,0,69825,128,0,69994:0:0:0:0:
256,0,69825,128,0,69994:0:0:0:0:
329,192,69825,1,0,0:0:0:0:
402,192,69910,1,0,0:0:0:0:
182,0,69994,128,0,70079:0:0:0:0:
329,192,69994,1,0,0:0:0:0:
109,0,70079,128,0,70164:0:0:0:0:
402,192,70079,1,0,0:0:0:0:
36,0,70164,128,0,70333:0:0:0:0:
182,0,70164,128,0,70291:0:0:0:0:
329,192,70164,1,0,0:0:0:0:
475,0,70164,128,0,70333:0:0:0:0:
182,192,70333,1,0,0:0:0:0:
109,0,70333,128,0,70503:0:0:0:0:
256,0,70333,128,0,70503:0:0:0:0:
402,0,70333,128,0,70503:0:0:0:0:
36,192,70503,1,0,0:0:0:0:
182,0,70503,128,0,70672:0:0:0:0:
329,0,70503,128,0,70672:0:0:0:0:
475,0,70503,128,0,70672:0:0:0:0:
109,0,70672,128,0,70842:0:0:0:0:
256,0,70672,128,0,70842:0:0:0:0:
402,0,70672,128,0,70799:0:0:0:0:
36,0,70842,128,0,71011:0:0:0:0:
182,0,70842,128,0,71011:0:0:0:0:
329,0,70842,128,0,71011:0:0:0:0:
402,192,70842,1,0,0:0:0:0:
109,0,71011,128,0,71138:0:0:0:0:
256,0,71011,128,0,71181:0:0:0:0:
402,0,71011,128,0,71181:0:0:0:0:
109,192,71181,1,0,0:0:0:0:
182,0,71181,128,0,71350:0:0:0:0:
329,0,71181,128,0,71350:0:0:0:0:
475,0,71181,128,0,71350:0:0:0:0:
36,0,71350,128,0,71435:0:0:0:0:
109,0,71350,128,0,71435:0:0:0:0:
256,0,71435,128,0,71520:0:0:0:0:
329,0,71435,128,0,71520:0:0:0:0:
36,0,71520,128,0,71689:0:0:0:0:
109,0,71520,128,0,71689:0:0:0:0:
402,0,71520,128,0,71689:0:0:0:0:
475,192,71520,1,0,0:0:0:0:
182,0,71689,128,0,71859:0:0:0:0:
329,0,71689,128,0,71859:0:0:0:0:
475,0,71689,128,0,71859:0:0:0:0:
36,0,71859,128,0,72028:0:0:0:0:
256,0,71859,128,0,72028:0:0:0:0:
402,0,71859,128,0,72028:0:0:0:0:
182,0,72028,128,0,72198:0:0:0:0:
329,0,72028,128,0,72198:0:0:0:0:
109,192,72198,1,0,0:0:0:0:
256,0,72198,128,0,72367:0:0:0:0:
475,0,72198,128,0,72367:0:0:0:0:
182,192,72282,1,0,0:0:0:0:
109,192,72367,1,0,0:0:0:0:
329,0,72367,128,0,72452:0:0:0:0:
182,192,72452,1,0,0:0:0:0:
402,0,72452,128,0,72537:0:0:0:0:
36,0,72537,128,0,72621:0:0:0:0:
109,192,72537,1,0,0:0:0:0:
256,192,72537,1,0,0:0:0:0:
329,0,72537,128,0,72621:0:0:0:0:
475,0,72537,128,0,72621:0:0:0:0:
109,0,72706,128,0,72791:0:0:0:0:
256,0,72706,128,0,72791:0:0:0:0:
402,0,72706,128,0,72791:0:0:0:0:
182,0,72876,128,0,72960:0:0:0:0:
256,192,72876,1,0,0:0:0:0:
329,0,72876,128,0,72960:0:0:0:0:
475,0,72876,128,0,72960:0:0:0:0:
109,0,73045,128,0,73130:0:0:0:0:
256,0,73045,128,0,73130:0:0:0:0:
402,0,73045,128,0,73130:0:0:0:0:
36,0,73215,128,0,73299:0:0:0:0:
109,192,73215,1,0,0:0:0:0:
182,0,73215,128,0,73299:0:0:0:0:
475,0,73215,128,0,73299:0:0:0:0:
109,0,73384,128,0,73469:0:0:0:0:
256,0,73384,128,0,73469:0:0:0:0:
329,0,73384,128,0,73469:0:0:0:0:
36,192,73554,1,0,0:0:0:0:
182,0,73554,128,0,73638:0:0:0:0:
402,0,73554,128,0,73638:0:0:0:0:
475,0,73554,128,0,73638:0:0:0:0:
36,0,73723,128,0,73766:0:0:0:0:
329,0,73723,128,0,73766:0:0:0:0:
109,0,73808,128,0,73850:0:0:0:0:
256,0,73808,128,0,73850:0:0:0:0:
36,0,73893,128,0,74062:0:0:0:0:
182,192,73893,1,0,0:0:0:0:
329,0,73893,128,0,74062:0:0:0:0:
475,0,73893,128,0,74062:0:0:0:0:
109,0,74062,128,0,74147:0:0:0:0:
256,0,74062,128,0,74147:0:0:0:0:
402,0,74062,128,0,74147:0:0:0:0:
36,0,74232,128,0,74316:0:0:0:0:
182,192,74232,1,0,0:0:0:0:
329,0,74232,128,0,74316:0:0:0:0:
109,0,74316,128,0,74401:0:0:0:0:
402,0,74316,128,0,74401:0:0:0:0:
182,0,74401,128,0,74486:0:0:0:0:
256,192,74401,1,0,0:0:0:0:
475,0,74401,128,0,74486:0:0:0:0:
109,0,74486,128,0,74571:0:0:0:0:
402,0,74486,128,0,74571:0:0:0:0:
36,0,74571,128,0,74740:0:0:0:0:
256,0,74571,128,0,74740:0:0:0:0:
329,192,74571,1,0,0:0:0:0:
402,192,74655,1,0,0:0:0:0:
182,0,74740,128,0,74825:0:0:0:0:
329,192,74740,1,0,0:0:0:0:
109,0,74825,128,0,74910:0:0:0:0:
402,192,74825,1,0,0:0:0:0:
36,0,74910,128,0,74994:0:0:0:0:
182,0,74910,128,0,74994:0:0:0:0:
329,192,74910,1,0,0:0:0:0:
475,0,74910,128,0,74994:0:0:0:0:
109,0,75079,128,0,75164:0:0:0:0:
182,192,75079,1,0,0:0:0:0:
256,0,75079,128,0,75164:0:0:0:0:
402,0,75079,128,0,75164:0:0:0:0:
36,192,75249,1,0,0:0:0:0:
182,0,75249,128,0,75333:0:0:0:0:
329,0,75249,128,0,75333:0:0:0:0:
475,0,75249,128,0,75333:0:0:0:0:
109,0,75418,128,0,75503:0:0:0:0:
256,0,75418,128,0,75503:0:0:0:0:
402,0,75418,128,0,75503:0:0:0:0:
36,0,75588,128,0,75672:0:0:0:0:
182,0,75588,128,0,75672:0:0:0:0:
329,0,75588,128,0,75672:0:0:0:0:
402,192,75588,1,0,0:0:0:0:
109,0,75757,128,0,75842:0:0:0:0:
256,0,75757,128,0,75842:0:0:0:0:
402,0,75757,128,0,75842:0:0:0:0:
109,192,75927,1,0,0:0:0:0:
182,0,75927,128,0,76011:0:0:0:0:
329,0,75927,128,0,76011:0:0:0:0:
475,0,75927,128,0,76011:0:0:0:0:
36,0,76096,128,0,76138:0:0:0:0:
109,0,76096,128,0,76138:0:0:0:0:
256,0,76181,128,0,76223:0:0:0:0:
329,0,76181,128,0,76223:0:0:0:0:
36,0,76266,128,0,76435:0:0:0:0:
109,0,76266,128,0,76435:0:0:0:0:
402,0,76266,128,0,76435:0:0:0:0:
475,192,76266,1,0,0:0:0:0:
182,0,76435,128,0,76520:0:0:0:0:
329,0,76435,128,0,76520:0:0:0:0:
475,0,76435,128,0,76520:0:0:0:0:
109,0,76605,128,0,76689:0:0:0:0:
256,0,76605,128,0,76689:0:0:0:0:
402,0,76605,128,0,76689:0:0:0:0:
36,0,76774,128,0,76859:0:0:0:0:
182,0,76774,128,0,76859:0:0:0:0:
329,0,76774,128,0,76859:0:0:0:0:
109,192,76944,1,0,0:0:0:0:
256,0,76944,128,0,77113:0:0:0:0:
475,0,76944,128,0,77113:0:0:0:0:
182,192,77028,1,0,0:0:0:0:
109,192,77113,1,0,0:0:0:0:
329,0,77113,128,0,77198:0:0:0:0:
182,192,77198,1,0,0:0:0:0:
402,0,77198,128,0,77282:0:0:0:0:
36,192,77282,1,0,0:0:0:0:
256,192,77282,1,0,0:0:0:0:
475,192,77282,1,0,0:0:0:0:
36,192,77452,1,0,0:0:0:0:
256,192,77452,1,0,0:0:0:0:
329,192,77452,1,0,0:0:0:0:
109,192,77621,1,0,0:0:0:0:
256,192,77621,1,0,0:0:0:0:
402,192,77621,1,0,0:0:0:0:
109,192,77706,1,0,0:0:0:0:
256,192,77706,1,0,0:0:0:0:
329,192,77791,1,0,0:0:0:0:
109,192,77876,1,0,0:0:0:0:
256,192,77876,1,0,0:0:0:0:
109,192,77960,1,0,0:0:0:0:
256,192,77960,1,0,0:0:0:0:
475,192,77960,1,0,0:0:0:0:
36,192,78130,1,0,0:0:0:0:
256,192,78130,1,0,0:0:0:0:
329,192,78130,1,0,0:0:0:0:
36,192,78299,1,0,0:0:0:0:
256,192,78299,1,0,0:0:0:0:
402,192,78299,1,0,0:0:0:0:
109,192,78469,1,0,0:0:0:0:
182,192,78469,1,0,0:0:0:0:
329,192,78469,1,0,0:0:0:0:
36,192,78638,1,0,0:0:0:0:
256,192,78638,1,0,0:0:0:0:
402,192,78638,1,0,0:0:0:0:
256,192,78723,1,0,0:0:0:0:
402,192,78723,1,0,0:0:0:0:
109,192,78808,1,0,0:0:0:0:
256,192,78893,1,0,0:0:0:0:
402,192,78893,1,0,0:0:0:0:
182,192,78977,1,0,0:0:0:0:
256,192,78977,1,0,0:0:0:0:
402,192,78977,1,0,0:0:0:0:
109,192,79147,1,0,0:0:0:0:
256,192,79147,1,0,0:0:0:0:
475,192,79147,1,0,0:0:0:0:
36,192,79316,1,0,0:0:0:0:
256,192,79316,1,0,0:0:0:0:
475,192,79316,1,0,0:0:0:0:
36,192,79486,1,0,0:0:0:0:
109,192,79486,1,0,0:0:0:0:
182,192,79486,1,0,0:0:0:0:
329,192,79486,1,0,0:0:0:0:
475,192,79486,1,0,0:0:0:0:
36,0,79994,128,0,80164:0:0:0:0:
109,192,79994,1,0,0:0:0:0:
256,192,79994,1,0,0:0:0:0:
329,192,79994,1,0,0:0:0:0:
109,192,80503,1,0,0:0:0:0:
109,192,80672,1,0,0:0:0:0:
109,192,81181,1,0,0:0:0:0:
256,192,81181,1,0,0:0:0:0:
109,192,81350,1,0,0:0:0:0:
329,192,81350,1,0,0:0:0:0:
475,192,81350,1,0,0:0:0:0:
36,192,81520,1,0,0:0:0:0:
182,192,81689,1,0,0:0:0:0:
329,192,81689,1,0,0:0:0:0:
109,192,81859,1,0,0:0:0:0:
402,192,81859,1,0,0:0:0:0:
36,192,82028,1,0,0:0:0:0:
182,192,82028,1,0,0:0:0:0:
475,192,82028,1,0,0:0:0:0:
256,192,82198,1,0,0:0:0:0:
329,192,82367,1,0,0:0:0:0:
402,192,82537,1,0,0:0:0:0:
109,192,82706,1,0,0:0:0:0:
182,192,82706,1,0,0:0:0:0:
329,192,82706,1,0,0:0:0:0:
475,192,82706,1,0,0:0:0:0:
256,192,82876,1,0,0:0:0:0:
329,192,83045,1,0,0:0:0:0:
109,192,83215,1,0,0:0:0:0:
402,192,83215,1,0,0:0:0:0:
109,192,83384,1,0,0:0:0:0:
475,192,83384,1,0,0:0:0:0:
256,192,83554,1,0,0:0:0:0:
329,192,83723,1,0,0:0:0:0:
182,192,83893,1,0,0:0:0:0:
402,192,83893,1,0,0:0:0:0:
36,192,84062,1,0,0:0:0:0:
256,192,84062,1,0,0:0:0:0:
475,192,84062,1,0,0:0:0:0:
182,192,84232,1,0,0:0:0:0:
109,192,84401,1,0,0:0:0:0:
256,192,84401,1,0,0:0:0:0:
182,192,84571,1,0,0:0:0:0:
402,192,84571,1,0,0:0:0:0:
36,192,84740,1,0,0:0:0:0:
256,192,84740,1,0,0:0:0:0:
329,192,84740,1,0,0:0:0:0:
475,192,84740,1,0,0:0:0:0:
109,192,84825,1,0,0:0:0:0:
182,192,84910,1,0,0:0:0:0:
256,192,84910,1,0,0:0:0:0:
109,192,84994,1,0,0:0:0:0:
36,192,85079,1,0,0:0:0:0:
329,192,85079,1,0,0:0:0:0:
475,192,85079,1,0,0:0:0:0:
109,192,85164,1,0,0:0:0:0:
182,192,85249,1,0,0:0:0:0:
402,192,85249,1,0,0:0:0:0:
109,192,85333,1,0,0:0:0:0:
36,192,85418,1,0,0:0:0:0:
182,192,85418,1,0,0:0:0:0:
329,192,85418,1,0,0:0:0:0:
475,192,85418,1,0,0:0:0:0:
256,192,85588,1,0,0:0:0:0:
329,192,85757,1,0,0:0:0:0:
182,192,85927,1,0,0:0:0:0:
402,192,85927,1,0,0:0:0:0:
182,192,86096,1,0,0:0:0:0:
475,192,86096,1,0,0:0:0:0:
256,192,86266,1,0,0:0:0:0:
109,192,86435,1,0,0:0:0:0:
329,192,86435,1,0,0:0:0:0:
182,192,86605,1,0,0:0:0:0:
402,192,86605,1,0,0:0:0:0:
36,192,86774,1,0,0:0:0:0:
182,192,86774,1,0,0:0:0:0:
475,192,86774,1,0,0:0:0:0:
256,192,86944,1,0,0:0:0:0:
329,192,86944,1,0,0:0:0:0:
182,192,87113,1,0,0:0:0:0:
402,192,87113,1,0,0:0:0:0:
109,192,87282,1,0,0:0:0:0:
475,192,87282,1,0,0:0:0:0:
36,192,87452,1,0,0:0:0:0:
256,192,87452,1,0,0:0:0:0:
402,192,87452,1,0,0:0:0:0:
182,192,87621,1,0,0:0:0:0:
36,192,87791,1,0,0:0:0:0:
109,192,87791,1,0,0:0:0:0:
256,0,87791,128,0,87960:0:0:0:0:
329,192,87791,1,0,0:0:0:0:
402,192,87960,1,0,0:0:0:0:
182,192,88130,1,0,0:0:0:0:
256,0,88130,128,0,88299:0:0:0:0:
329,192,88130,1,0,0:0:0:0:
475,192,88130,1,0,0:0:0:0:
109,192,88299,1,0,0:0:0:0:
36,192,88469,1,0,0:0:0:0:
329,192,88469,1,0,0:0:0:0:
402,192,88638,1,0,0:0:0:0:
109,192,88808,1,0,0:0:0:0:
475,192,88808,1,0,0:0:0:0:
256,192,88977,1,0,0:0:0:0:
36,0,89147,128,0,89316:0:0:0:0:
182,192,89147,1,0,0:0:0:0:
329,192,89147,1,0,0:0:0:0:
402,192,89316,1,0,0:0:0:0:
36,0,89486,128,0,89655:0:0:0:0:
109,192,89486,1,0,0:0:0:0:
475,192,89486,1,0,0:0:0:0:
256,192,89655,1,0,0:0:0:0:
329,192,89825,1,0,0:0:0:0:
36,192,89994,1,0,0:0:0:0:
402,192,89994,1,0,0:0:0:0:
36,192,90164,1,0,0:0:0:0:
475,192,90164,1,0,0:0:0:0:
256,192,90333,1,0,0:0:0:0:
329,192,90503,1,0,0:0:0:0:
402,192,90672,1,0,0:0:0:0:
182,0,90842,128,0,91011:0:0:0:0:
36,192,91181,1,0,0:0:0:0:
109,192,91181,1,0,0:0:0:0:
182,192,91181,1,0,0:0:0:0:
256,192,91181,1,0,0:0:0:0:
475,192,91181,1,0,0:0:0:0:
402,192,91266,1,0,0:0:0:0:
182,192,91350,1,0,0:0:0:0:
475,192,91350,1,0,0:0:0:0:
402,192,91435,1,0,0:0:0:0:
36,192,91520,1,0,0:0:0:0:
109,192,91520,1,0,0:0:0:0:
329,192,91520,1,0,0:0:0:0:
475,192,91520,1,0,0:0:0:0:
256,192,91605,1,0,0:0:0:0:
109,192,91689,1,0,0:0:0:0:
329,192,91689,1,0,0:0:0:0:
256,192,91774,1,0,0:0:0:0:
36,192,91859,1,0,0:0:0:0:
182,192,91859,1,0,0:0:0:0:
329,192,91859,1,0,0:0:0:0:
402,192,91859,1,0,0:0:0:0:
475,192,91859,1,0,0:0:0:0:
109,192,91944,1,0,0:0:0:0:
182,192,92028,1,0,0:0:0:0:
402,192,92028,1,0,0:0:0:0:
109,192,92113,1,0,0:0:0:0:
36,192,92198,1,0,0:0:0:0:
182,192,92198,1,0,0:0:0:0:
256,192,92198,1,0,0:0:0:0:
402,192,92198,1,0,0:0:0:0:
475,192,92198,1,0,0:0:0:0:
329,192,92282,1,0,0:0:0:0:
182,192,92367,1,0,0:0:0:0:
329,192,92452,1,0,0:0:0:0:
182,192,92537,1,0,0:0:0:0:
329,192,92621,1,0,0:0:0:0:
36,192,92706,1,0,0:0:0:0:
109,192,92706,1,0,0:0:0:0:
182,192,92706,1,0,0:0:0:0:
256,192,92706,1,0,0:0:0:0:
402,192,92706,1,0,0:0:0:0:
329,192,92791,1,0,0:0:0:0:
36,192,92876,1,0,0:0:0:0:
182,192,92876,1,0,0:0:0:0:
402,192,92876,1,0,0:0:0:0:
475,192,92876,1,0,0:0:0:0:
36,192,93215,1,0,0:0:0:0:
109,192,93215,1,0,0:0:0:0:
256,192,93215,1,0,0:0:0:0:
402,192,93215,1,0,0:0:0:0:
475,192,93215,1,0,0:0:0:0:
36,0,93554,128,0,93893:0:0:0:0:
109,192,93554,1,0,0:0:0:0:
182,0,93554,128,0,93893:0:0:0:0:
402,192,93554,1,0,0:0:0:0:
256,192,93723,1,0,0:0:0:0:
475,192,93723,1,0,0:0:0:0:
329,192,93808,1,0,0:0:0:0:
402,192,93893,1,0,0:0:0:0:
475,192,93893,1,0,0:0:0:0:
36,0,94062,128,0,94147:0:0:0:0:
182,0,94062,128,0,94147:0:0:0:0:
256,192,94062,1,0,0:0:0:0:
329,192,94062,1,0,0:0:0:0:
109,0,94147,128,0,94232:0:0:0:0:
36,0,94232,128,0,94486:0:0:0:0:
182,0,94232,128,0,94486:0:0:0:0:
329,192,94232,1,0,0:0:0:0:
402,192,94232,1,0,0:0:0:0:
256,192,94401,1,0,0:0:0:0:
475,192,94401,1,0,0:0:0:0:
329,192,94486,1,0,0:0:0:0:
402,192,94571,1,0,0:0:0:0:
475,192,94571,1,0,0:0:0:0:
36,0,94740,128,0,94825:0:0:0:0:
182,0,94740,128,0,94825:0:0:0:0:
256,192,94740,1,0,0:0:0:0:
329,192,94740,1,0,0:0:0:0:
109,0,94825,128,0,94910:0:0:0:0:
36,0,94910,128,0,95164:0:0:0:0:
182,0,94910,128,0,95164:0:0:0:0:
256,192,94910,1,0,0:0:0:0:
402,192,94910,1,0,0:0:0:0:
475,192,94910,1,0,0:0:0:0:
329,192,95079,1,0,0:0:0:0:
256,192,95164,1,0,0:0:0:0:
109,192,95249,1,0,0:0:0:0:
182,192,95249,1,0,0:0:0:0:
329,0,95249,128,0,95418:0:0:0:0:
475,192,95249,1,0,0:0:0:0:
109,192,95418,1,0,0:0:0:0:
256,0,95418,128,0,95588:0:0:0:0:
402,192,95418,1,0,0:0:0:0:
36,192,95588,1,0,0:0:0:0:
182,0,95588,128,0,95927:0:0:0:0:
329,192,95588,1,0,0:0:0:0:
402,192,95588,1,0,0:0:0:0:
256,192,95927,1,0,0:0:0:0:
329,192,95927,1,0,0:0:0:0:
182,192,96096,1,0,0:0:0:0:
256,192,96096,1,0,0:0:0:0:
109,192,96266,1,0,0:0:0:0:
329,0,96266,128,0,96605:0:0:0:0:
402,192,96266,1,0,0:0:0:0:
475,0,96266,128,0,96605:0:0:0:0:
36,192,96435,1,0,0:0:0:0:
256,192,96435,1,0,0:0:0:0:
109,192,96520,1,0,0:0:0:0:
182,192,96605,1,0,0:0:0:0:
256,192,96605,1,0,0:0:0:0:
36,192,96774,1,0,0:0:0:0:
109,192,96774,1,0,0:0:0:0:
329,0,96774,128,0,96859:0:0:0:0:
475,0,96774,128,0,96859:0:0:0:0:
402,0,96859,128,0,96944:0:0:0:0:
109,192,96944,1,0,0:0:0:0:
182,192,96944,1,0,0:0:0:0:
329,0,96944,128,0,97198:0:0:0:0:
475,0,96944,128,0,97198:0:0:0:0:
36,192,97113,1,0,0:0:0:0:
256,192,97113,1,0,0:0:0:0:
109,192,97198,1,0,0:0:0:0:
182,192,97282,1,0,0:0:0:0:
256,192,97282,1,0,0:0:0:0:
402,192,97452,1,0,0:0:0:0:
475,192,97452,1,0,0:0:0:0:
256,0,97452,128,0,97621:0:0:0:0:
36,0,97621,128,0,97960:0:0:0:0:
109,192,97621,1,0,0:0:0:0:
182,192,97621,1,0,0:0:0:0:
402,192,97621,1,0,0:0:0:0:
182,192,97791,1,0,0:0:0:0:
256,192,97876,1,0,0:0:0:0:
109,192,97960,1,0,0:0:0:0:
182,0,97960,128,0,98130:0:0:0:0:
329,192,97960,1,0,0:0:0:0:
475,192,97960,1,0,0:0:0:0:
109,0,98130,128,0,98299:0:0:0:0:
256,192,98130,1,0,0:0:0:0:
402,192,98130,1,0,0:0:0:0:
36,192,98299,1,0,0:0:0:0:
182,0,98299,128,0,98638:0:0:0:0:
329,192,98299,1,0,0:0:0:0:
475,192,98299,1,0,0:0:0:0:
256,192,98469,1,0,0:0:0:0:
402,192,98469,1,0,0:0:0:0:
109,192,98638,1,0,0:0:0:0:
329,0,98638,128,0,98808:0:0:0:0:
402,192,98638,1,0,0:0:0:0:
475,192,98638,1,0,0:0:0:0:
36,192,98808,1,0,0:0:0:0:
109,192,98808,1,0,0:0:0:0:
256,192,98808,1,0,0:0:0:0:
182,0,98808,128,0,98977:0:0:0:0:
109,0,98977,128,0,99316:0:0:0:0:
256,0,98977,128,0,99316:0:0:0:0:
329,192,98977,1,0,0:0:0:0:
475,192,98977,1,0,0:0:0:0:
36,192,99147,1,0,0:0:0:0:
329,192,99147,1,0,0:0:0:0:
402,192,99232,1,0,0:0:0:0:
36,192,99316,1,0,0:0:0:0:
475,192,99316,1,0,0:0:0:0:
109,0,99486,128,0,99571:0:0:0:0:
256,0,99486,128,0,99571:0:0:0:0:
329,192,99486,1,0,0:0:0:0:
402,192,99486,1,0,0:0:0:0:
182,0,99571,128,0,99655:0:0:0:0:
109,0,99655,128,0,99910:0:0:0:0:
256,0,99655,128,0,99910:0:0:0:0:
402,192,99655,1,0,0:0:0:0:
475,192,99655,1,0,0:0:0:0:
36,192,99825,1,0,0:0:0:0:
329,192,99825,1,0,0:0:0:0:
402,192,99910,1,0,0:0:0:0:
36,192,99994,1,0,0:0:0:0:
475,192,99994,1,0,0:0:0:0:
109,0,100164,128,0,100249:0:0:0:0:
256,0,100164,128,0,100249:0:0:0:0:
329,192,100164,1,0,0:0:0:0:
402,192,100164,1,0,0:0:0:0:
182,0,100249,128,0,100333:0:0:0:0:
36,192,100333,1,0,0:0:0:0:
109,0,100333,128,0,100503:0:0:0:0:
256,0,100333,128,0,100503:0:0:0:0:
329,192,100333,1,0,0:0:0:0:
475,192,100333,1,0,0:0:0:0:
182,192,100503,1,0,0:0:0:0:
329,0,100503,128,0,100672:0:0:0:0:
402,192,100503,1,0,0:0:0:0:
36,192,100672,1,0,0:0:0:0:
109,192,100672,1,0,0:0:0:0:
256,0,100672,128,0,100842:0:0:0:0:
402,192,100672,1,0,0:0:0:0:
475,192,100672,1,0,0:0:0:0:
36,192,100842,1,0,0:0:0:0:
182,0,100842,128,0,101011:0:0:0:0:
329,192,100842,1,0,0:0:0:0:
109,192,101011,1,0,0:0:0:0:
256,0,101011,128,0,101350:0:0:0:0:
402,192,101011,1,0,0:0:0:0:
475,0,101011,128,0,101096:0:0:0:0:
402,0,101181,128,0,101266:0:0:0:0:
182,192,101266,1,0,0:0:0:0:
182,192,101350,1,0,0:0:0:0:
329,0,101350,128,0,101435:0:0:0:0:
109,0,101350,128,0,101689:0:0:0:0:
256,0,101520,128,0,101605:0:0:0:0:
36,192,101689,1,0,0:0:0:0:
475,0,101689,128,0,102367:0:0:0:0:
109,192,101774,1,0,0:0:0:0:
182,192,101859,1,0,0:0:0:0:
256,192,101944,1,0,0:0:0:0:
109,192,102028,1,0,0:0:0:0:
402,0,102028,128,0,102367:0:0:0:0:
182,192,102113,1,0,0:0:0:0:
256,192,102198,1,0,0:0:0:0:
329,192,102282,1,0,0:0:0:0:
182,192,102367,1,0,0:0:0:0:
36,0,102367,128,0,103045:0:0:0:0:
256,192,102452,1,0,0:0:0:0:
329,192,102537,1,0,0:0:0:0:
402,192,102621,1,0,0:0:0:0:
256,192,102706,1,0,0:0:0:0:
109,0,102706,128,0,103045:0:0:0:0:
329,192,102791,1,0,0:0:0:0:
402,192,102876,1,0,0:0:0:0:
475,192,102960,1,0,0:0:0:0:
329,192,103045,1,0,0:0:0:0:
402,192,103045,1,0,0:0:0:0:
109,192,103130,1,0,0:0:0:0:
182,192,103130,1,0,0:0:0:0:
329,192,103215,1,0,0:0:0:0:
402,192,103215,1,0,0:0:0:0:
109,192,103299,1,0,0:0:0:0:
182,192,103299,1,0,0:0:0:0:
329,192,103384,1,0,0:0:0:0:
402,192,103384,1,0,0:0:0:0:
475,192,103384,1,0,0:0:0:0:
36,192,103554,1,0,0:0:0:0:
182,192,103554,1,0,0:0:0:0:
36,192,103723,1,0,0:0:0:0:
182,192,103723,1,0,0:0:0:0:
329,192,104062,1,0,0:0:0:0:
475,0,104062,128,0,104147:0:0:0:0:
256,192,104147,1,0,0:0:0:0:
402,0,104147,128,0,104232:0:0:0:0:
182,192,104232,1,0,0:0:0:0:
329,0,104232,128,0,104316:0:0:0:0:
109,192,104316,1,0,0:0:0:0:
256,0,104316,128,0,104401:0:0:0:0:
36,0,104401,128,0,104740:0:0:0:0:
182,0,104401,128,0,104740:0:0:0:0:
329,0,104401,128,0,104740:0:0:0:0:
402,192,104401,1,0,0:0:0:0:
475,192,104401,1,0,0:0:0:0:
109,192,104571,1,0,0:0:0:0:
475,192,104571,1,0,0:0:0:0:
256,192,104655,1,0,0:0:0:0:
402,192,104740,1,0,0:0:0:0:
475,192,104740,1,0,0:0:0:0:
36,192,104910,1,0,0:0:0:0:
109,0,104910,128,0,104994:0:0:0:0:
256,0,104910,128,0,104994:0:0:0:0:
402,0,104910,128,0,104994:0:0:0:0:
182,0,104994,128,0,105079:0:0:0:0:
329,0,104994,128,0,105079:0:0:0:0:
109,0,105079,128,0,105333:0:0:0:0:
256,0,105079,128,0,105333:0:0:0:0:
402,0,105079,128,0,105333:0:0:0:0:
475,192,105079,1,0,0:0:0:0:
36,192,105249,1,0,0:0:0:0:
182,192,105249,1,0,0:0:0:0:
329,192,105333,1,0,0:0:0:0:
36,192,105418,1,0,0:0:0:0:
475,192,105418,1,0,0:0:0:0:
109,192,105588,1,0,0:0:0:0:
182,0,105588,128,0,105672:0:0:0:0:
329,0,105588,128,0,105672:0:0:0:0:
475,0,105588,128,0,105672:0:0:0:0:
256,0,105672,128,0,105757:0:0:0:0:
402,0,105672,128,0,105757:0:0:0:0:
36,192,105757,1,0,0:0:0:0:
182,0,105757,128,0,106011:0:0:0:0:
329,0,105757,128,0,106011:0:0:0:0:
475,0,105757,128,0,106011:0:0:0:0:
36,192,105927,1,0,0:0:0:0:
109,192,106011,1,0,0:0:0:0:
36,192,106096,1,0,0:0:0:0:
182,192,106096,1,0,0:0:0:0:
256,0,106096,128,0,106266:0:0:0:0:
402,0,106096,128,0,106266:0:0:0:0:
475,192,106096,1,0,0:0:0:0:
109,192,106266,1,0,0:0:0:0:
182,0,106266,128,0,106435:0:0:0:0:
329,0,106266,128,0,106435:0:0:0:0:
36,192,106435,1,0,0:0:0:0:
109,0,106435,128,0,106774:0:0:0:0:
256,0,106435,128,0,106774:0:0:0:0:
475,192,106435,1,0,0:0:0:0:
402,192,106520,1,0,0:0:0:0:
329,192,106605,1,0,0:0:0:0:
182,192,106689,1,0,0:0:0:0:
36,192,106774,1,0,0:0:0:0:
329,192,106774,1,0,0:0:0:0:
402,192,106774,1,0,0:0:0:0:
475,192,106774,1,0,0:0:0:0:
109,192,106944,1,0,0:0:0:0:
256,192,106944,1,0,0:0:0:0:
329,192,106944,1,0,0:0:0:0:
402,192,106944,1,0,0:0:0:0:
36,192,107113,1,0,0:0:0:0:
109,0,107113,128,0,107452:0:0:0:0:
182,192,107113,1,0,0:0:0:0:
256,0,107113,128,0,107452:0:0:0:0:
402,0,107113,128,0,107452:0:0:0:0:
329,192,107282,1,0,0:0:0:0:
475,192,107282,1,0,0:0:0:0:
182,192,107367,1,0,0:0:0:0:
36,192,107452,1,0,0:0:0:0:
475,192,107452,1,0,0:0:0:0:
109,192,107621,1,0,0:0:0:0:
182,0,107621,128,0,107706:0:0:0:0:
329,0,107621,128,0,107706:0:0:0:0:
475,0,107621,128,0,107706:0:0:0:0:
256,0,107706,128,0,107791:0:0:0:0:
402,0,107706,128,0,107791:0:0:0:0:
109,192,107791,1,0,0:0:0:0:
182,0,107791,128,0,108045:0:0:0:0:
329,0,107791,128,0,108045:0:0:0:0:
475,0,107791,128,0,108045:0:0:0:0:
36,192,107960,1,0,0:0:0:0:
402,192,107960,1,0,0:0:0:0:
256,192,108045,1,0,0:0:0:0:
36,192,108130,1,0,0:0:0:0:
109,192,108130,1,0,0:0:0:0:
109,0,108299,128,0,108469:0:0:0:0:
256,0,108299,128,0,108469:0:0:0:0:
36,192,108469,1,0,0:0:0:0:
182,192,108469,1,0,0:0:0:0:
329,0,108469,128,0,108808:0:0:0:0:
402,192,108469,1,0,0:0:0:0:
475,0,108469,128,0,108808:0:0:0:0:
109,192,108638,1,0,0:0:0:0:
182,192,108723,1,0,0:0:0:0:
36,0,108808,128,0,108977:0:0:0:0:
109,192,108808,1,0,0:0:0:0:
256,192,108808,1,0,0:0:0:0:
402,192,108808,1,0,0:0:0:0:
182,0,108977,128,0,109147:0:0:0:0:
329,192,108977,1,0,0:0:0:0:
475,192,108977,1,0,0:0:0:0:
109,192,109147,1,0,0:0:0:0:
256,192,109147,1,0,0:0:0:0:
402,192,109147,1,0,0:0:0:0:
36,0,109147,128,0,109825:0:0:0:0:
109,192,109316,1,0,0:0:0:0:
182,192,109316,1,0,0:0:0:0:
329,192,109316,1,0,0:0:0:0:
402,0,109316,128,0,109486:0:0:0:0:
182,192,109486,1,0,0:0:0:0:
256,192,109486,1,0,0:0:0:0:
329,0,109486,128,0,109655:0:0:0:0:
475,192,109486,1,0,0:0:0:0:
109,192,109655,1,0,0:0:0:0:
182,192,109655,1,0,0:0:0:0:
402,192,109655,1,0,0:0:0:0:
256,0,109655,128,0,109825:0:0:0:0:
109,192,109825,1,0,0:0:0:0:
329,192,109825,1,0,0:0:0:0:
475,0,109825,128,0,110164:0:0:0:0:
182,0,109825,128,0,111181:0:0:0:0:
36,192,109910,1,0,0:0:0:0:
256,192,109910,1,0,0:0:0:0:
109,192,109994,1,0,0:0:0:0:
329,192,109994,1,0,0:0:0:0:
402,192,110079,1,0,0:0:0:0:
36,192,110164,1,0,0:0:0:0:
109,192,110164,1,0,0:0:0:0:
329,0,110164,128,0,110503:0:0:0:0:
256,192,110249,1,0,0:0:0:0:
475,192,110249,1,0,0:0:0:0:
109,192,110333,1,0,0:0:0:0:
402,192,110333,1,0,0:0:0:0:
256,192,110418,1,0,0:0:0:0:
36,192,110503,1,0,0:0:0:0:
109,192,110503,1,0,0:0:0:0:
475,0,110503,128,0,110842:0:0:0:0:
256,192,110588,1,0,0:0:0:0:
402,192,110588,1,0,0:0:0:0:
109,192,110672,1,0,0:0:0:0:
329,192,110672,1,0,0:0:0:0:
36,192,110757,1,0,0:0:0:0:
109,192,110842,1,0,0:0:0:0:
402,192,110842,1,0,0:0:0:0:
329,0,110842,128,0,111181:0:0:0:0:
256,192,110927,1,0,0:0:0:0:
475,192,110927,1,0,0:0:0:0:
36,192,111011,1,0,0:0:0:0:
402,192,111011,1,0,0:0:0:0:
109,192,111096,1,0,0:0:0:0:
36,0,111181,128,0,111266:0:0:0:0:
256,192,111181,1,0,0:0:0:0:
402,0,111181,128,0,111859:0:0:0:0:
109,0,111266,128,0,111350:0:0:0:0:
329,192,111266,1,0,0:0:0:0:
182,0,111350,128,0,111435:0:0:0:0:
475,192,111350,1,0,0:0:0:0:
109,0,111435,128,0,111520:0:0:0:0:
329,192,111435,1,0,0:0:0:0:
36,0,111520,128,0,111859:0:0:0:0:
182,192,111520,1,0,0:0:0:0:
256,192,111520,1,0,0:0:0:0:
256,192,111689,1,0,0:0:0:0:
329,192,111689,1,0,0:0:0:0:
475,192,111689,1,0,0:0:0:0:
109,192,111859,1,0,0:0:0:0:
475,0,111859,128,0,111944:0:0:0:0:
182,0,111859,128,0,112537:0:0:0:0:
256,192,111944,1,0,0:0:0:0:
402,0,111944,128,0,112028:0:0:0:0:
109,192,112028,1,0,0:0:0:0:
329,0,112028,128,0,112113:0:0:0:0:
36,192,112113,1,0,0:0:0:0:
402,0,112113,128,0,112198:0:0:0:0:
109,192,112198,1,0,0:0:0:0:
256,192,112198,1,0,0:0:0:0:
475,0,112198,128,0,112537:0:0:0:0:
36,192,112367,1,0,0:0:0:0:
109,192,112367,1,0,0:0:0:0:
329,0,112367,128,0,112537:0:0:0:0:
109,0,112537,128,0,112621:0:0:0:0:
256,0,112537,128,0,112621:0:0:0:0:
402,0,112537,128,0,112621:0:0:0:0:
36,0,112706,128,0,112791:0:0:0:0:
109,0,112706,128,0,112791:0:0:0:0:
182,0,112706,128,0,112791:0:0:0:0:
329,0,112706,128,0,112791:0:0:0:0:
256,192,112876,1,0,0:0:0:0:
329,192,112876,1,0,0:0:0:0:
402,192,112876,1,0,0:0:0:0:
256,0,112960,128,0,113045:0:0:0:0:
329,0,112960,128,0,113045:0:0:0:0:
402,0,112960,128,0,113045:0:0:0:0:
109,192,113130,1,0,0:0:0:0:
182,192,113130,1,0,0:0:0:0:
256,192,113130,1,0,0:0:0:0:
109,0,113215,128,0,113299:0:0:0:0:
182,0,113215,128,0,113299:0:0:0:0:
256,0,113215,128,0,113299:0:0:0:0:
329,192,113384,1,0,0:0:0:0:
475,192,113384,1,0,0:0:0:0:
329,0,113469,128,0,113554:0:0:0:0:
475,0,113469,128,0,113554:0:0:0:0:
36,192,113554,1,0,0:0:0:0:
182,192,113554,1,0,0:0:0:0:
36,192,113638,1,0,0:0:0:0:
182,192,113638,1,0,0:0:0:0:
36,0,113723,128,0,113808:0:0:0:0:
182,0,113723,128,0,113808:0:0:0:0:
329,192,113893,1,0,0:0:0:0:
402,192,113893,1,0,0:0:0:0:
329,192,113977,1,0,0:0:0:0:
402,192,113977,1,0,0:0:0:0:
109,192,114062,1,0,0:0:0:0:
182,192,114062,1,0,0:0:0:0:
109,192,114147,1,0,0:0:0:0:
182,192,114147,1,0,0:0:0:0:
256,192,114232,1,0,0:0:0:0:
329,192,114232,1,0,0:0:0:0:
402,192,114232,1,0,0:0:0:0:
36,192,114401,1,0,0:0:0:0:
182,192,114401,1,0,0:0:0:0:
36,192,114571,1,0,0:0:0:0:
182,192,114571,1,0,0:0:0:0:
109,192,114910,1,0,0:0:0:0:
256,0,114910,128,0,115249:0:0:0:0:
402,192,114994,1,0,0:0:0:0:
109,192,115079,1,0,0:0:0:0:
402,192,115164,1,0,0:0:0:0:
36,0,115249,128,0,115333:0:0:0:0:
182,192,115249,1,0,0:0:0:0:
329,192,115249,1,0,0:0:0:0:
475,0,115249,128,0,115672:0:0:0:0:
109,0,115333,128,0,115418:0:0:0:0:
182,0,115418,128,0,115503:0:0:0:0:
256,0,115503,128,0,115588:0:0:0:0:
109,192,115588,1,0,0:0:0:0:
329,0,115588,128,0,115672:0:0:0:0:
256,0,115672,128,0,115757:0:0:0:0:
182,0,115757,128,0,115842:0:0:0:0:
329,0,115757,128,0,115927:0:0:0:0:
402,192,115757,1,0,0:0:0:0:
475,192,115757,1,0,0:0:0:0:
109,0,115842,128,0,115927:0:0:0:0:
36,0,115927,128,0,116011:0:0:0:0:
256,192,115927,1,0,0:0:0:0:
475,0,115927,128,0,116266:0:0:0:0:
109,0,116011,128,0,116096:0:0:0:0:
182,0,116096,128,0,116181:0:0:0:0:
256,0,116181,128,0,116266:0:0:0:0:
36,192,116266,1,0,0:0:0:0:
329,0,116266,128,0,116350:0:0:0:0:
256,0,116350,128,0,116435:0:0:0:0:
182,0,116435,128,0,116520:0:0:0:0:
402,192,116435,1,0,0:0:0:0:
475,192,116435,1,0,0:0:0:0:
329,0,116435,128,0,116605:0:0:0:0:
109,0,116520,128,0,116605:0:0:0:0:
36,0,116605,128,0,116689:0:0:0:0:
256,192,116605,1,0,0:0:0:0:
402,0,116605,128,0,116859:0:0:0:0:
109,0,116689,128,0,116774:0:0:0:0:
36,0,116774,128,0,117198:0:0:0:0:
182,0,116774,128,0,116859:0:0:0:0:
256,0,116859,128,0,116944:0:0:0:0:
109,192,116944,1,0,0:0:0:0:
329,0,116944,128,0,117028:0:0:0:0:
475,0,116944,128,0,117113:0:0:0:0:
256,0,117028,128,0,117113:0:0:0:0:
182,0,117113,128,0,117198:0:0:0:0:
402,0,117113,128,0,117282:0:0:0:0:
109,0,117198,128,0,117282:0:0:0:0:
36,192,117282,1,0,0:0:0:0:
182,192,117282,1,0,0:0:0:0:
329,0,117282,128,0,117452:0:0:0:0:
475,192,117282,1,0,0:0:0:0:
36,0,117537,128,0,117621:0:0:0:0:
329,192,117537,1,0,0:0:0:0:
109,0,117621,128,0,117706:0:0:0:0:
329,192,117621,1,0,0:0:0:0:
182,0,117706,128,0,117791:0:0:0:0:
475,192,117706,1,0,0:0:0:0:
109,0,117791,128,0,117876:0:0:0:0:
475,192,117791,1,0,0:0:0:0:
329,192,117876,1,0,0:0:0:0:
182,0,117876,128,0,117960:0:0:0:0:
36,192,117960,1,0,0:0:0:0:
256,0,117960,128,0,118045:0:0:0:0:
329,192,117960,1,0,0:0:0:0:
475,0,117960,128,0,118384:0:0:0:0:
36,192,118130,1,0,0:0:0:0:
109,0,118130,128,0,118172:0:0:0:0:
182,0,118215,128,0,118257:0:0:0:0:
36,192,118299,1,0,0:0:0:0:
256,0,118299,128,0,118342:0:0:0:0:
182,0,118384,128,0,118427:0:0:0:0:
109,0,118469,128,0,118511:0:0:0:0:
329,0,118469,128,0,118638:0:0:0:0:
475,192,118469,1,0,0:0:0:0:
182,0,118554,128,0,118596:0:0:0:0:
256,0,118638,128,0,118681:0:0:0:0:
402,192,118638,1,0,0:0:0:0:
475,0,118638,128,0,119062:0:0:0:0:
36,0,118808,128,0,118850:0:0:0:0:
109,0,118893,128,0,118935:0:0:0:0:
402,192,118893,1,0,0:0:0:0:
182,0,118977,128,0,119020:0:0:0:0:
256,192,118977,1,0,0:0:0:0:
109,0,119062,128,0,119105:0:0:0:0:
36,0,119147,128,0,119189:0:0:0:0:
402,192,119147,1,0,0:0:0:0:
475,192,119147,1,0,0:0:0:0:
329,0,119147,128,0,119316:0:0:0:0:
109,0,119232,128,0,119274:0:0:0:0:
182,0,119316,128,0,119359:0:0:0:0:
475,0,119316,128,0,119655:0:0:0:0:
36,192,119486,1,0,0:0:0:0:
109,0,119486,128,0,119528:0:0:0:0:
182,0,119571,128,0,119613:0:0:0:0:
36,192,119655,1,0,0:0:0:0:
256,0,119655,128,0,119698:0:0:0:0:
329,192,119655,1,0,0:0:0:0:
402,0,119655,128,0,119825:0:0:0:0:
182,0,119740,128,0,119782:0:0:0:0:
109,0,119825,128,0,119867:0:0:0:0:
329,0,119825,128,0,119994:0:0:0:0:
475,192,119825,1,0,0:0:0:0:
182,0,119910,128,0,119952:0:0:0:0:
256,0,119994,128,0,120037:0:0:0:0:
402,192,119994,1,0,0:0:0:0:
475,0,119994,128,0,120672:0:0:0:0:
182,0,120079,128,0,120121:0:0:0:0:
329,192,120079,1,0,0:0:0:0:
109,0,120164,128,0,120206:0:0:0:0:
36,0,120249,128,0,120291:0:0:0:0:
402,192,120249,1,0,0:0:0:0:
109,0,120333,128,0,120376:0:0:0:0:
329,192,120333,1,0,0:0:0:0:
182,0,120418,128,0,120460:0:0:0:0:
109,0,120503,128,0,120545:0:0:0:0:
402,192,120503,1,0,0:0:0:0:
182,0,120588,128,0,120630:0:0:0:0:
329,192,120588,1,0,0:0:0:0:
36,192,120672,1,0,0:0:0:0:
109,0,120672,128,0,121011:0:0:0:0:
256,192,120672,1,0,0:0:0:0:
402,192,120672,1,0,0:0:0:0:
36,192,120842,1,0,0:0:0:0:
182,192,120842,1,0,0:0:0:0:
475,192,120842,1,0,0:0:0:0:
329,0,120927,128,0,121011:0:0:0:0:
36,192,121011,1,0,0:0:0:0:
182,192,121011,1,0,0:0:0:0:
402,0,121011,128,0,121096:0:0:0:0:
329,0,121096,128,0,121181:0:0:0:0:
256,0,121181,128,0,121266:0:0:0:0:
475,0,121181,128,0,121350:0:0:0:0:
329,0,121266,128,0,121350:0:0:0:0:
36,192,121350,1,0,0:0:0:0:
182,0,121350,128,0,121689:0:0:0:0:
256,192,121350,1,0,0:0:0:0:
402,192,121350,1,0,0:0:0:0:
109,192,121435,1,0,0:0:0:0:
475,192,121520,1,0,0:0:0:0:
36,192,121605,1,0,0:0:0:0:
329,192,121605,1,0,0:0:0:0:
109,192,121689,1,0,0:0:0:0:
256,0,121689,128,0,121774:0:0:0:0:
329,0,121774,128,0,121859:0:0:0:0:
36,192,121859,1,0,0:0:0:0:
182,192,121859,1,0,0:0:0:0:
402,0,121859,128,0,121944:0:0:0:0:
475,0,121859,128,0,122028:0:0:0:0:
109,192,121944,1,0,0:0:0:0:
329,0,121944,128,0,122028:0:0:0:0:
256,0,122028,128,0,122198:0:0:0:0:
402,0,122028,128,0,122113:0:0:0:0:
36,192,122113,1,0,0:0:0:0:
329,0,122113,128,0,122198:0:0:0:0:
109,192,122198,1,0,0:0:0:0:
182,0,122198,128,0,122282:0:0:0:0:
475,0,122198,128,0,122367:0:0:0:0:
329,0,122282,128,0,122367:0:0:0:0:
109,192,122367,1,0,0:0:0:0:
256,0,122367,128,0,122452:0:0:0:0:
402,0,122367,128,0,122537:0:0:0:0:
182,192,122452,1,0,0:0:0:0:
329,0,122452,128,0,122537:0:0:0:0:
36,0,122537,128,0,122706:0:0:0:0:
256,0,122537,128,0,122621:0:0:0:0:
182,192,122621,1,0,0:0:0:0:
402,0,122621,128,0,122706:0:0:0:0:
109,192,122706,1,0,0:0:0:0:
329,0,122706,128,0,122791:0:0:0:0:
475,0,122706,128,0,123045:0:0:0:0:
256,0,122791,128,0,122876:0:0:0:0:
109,192,122876,1,0,0:0:0:0:
329,0,122876,128,0,122960:0:0:0:0:
36,192,122960,1,0,0:0:0:0:
402,0,122960,128,0,123045:0:0:0:0:
256,0,123045,128,0,123130:0:0:0:0:
329,0,123045,128,0,123384:0:0:0:0:
109,192,123130,1,0,0:0:0:0:
182,0,123130,128,0,123215:0:0:0:0:
36,192,123215,1,0,0:0:0:0:
256,0,123215,128,0,123299:0:0:0:0:
109,192,123299,1,0,0:0:0:0:
182,0,123299,128,0,123384:0:0:0:0:
36,192,123384,1,0,0:0:0:0:
256,192,123384,1,0,0:0:0:0:
402,192,123384,1,0,0:0:0:0:
109,192,123469,1,0,0:0:0:0:
329,192,123469,1,0,0:0:0:0:
475,192,123469,1,0,0:0:0:0:
36,192,123554,1,0,0:0:0:0:
182,192,123554,1,0,0:0:0:0:
402,192,123554,1,0,0:0:0:0:
109,192,123638,1,0,0:0:0:0:
329,192,123638,1,0,0:0:0:0:
475,192,123638,1,0,0:0:0:0:
36,192,123723,1,0,0:0:0:0:
256,192,123723,1,0,0:0:0:0:
402,192,123723,1,0,0:0:0:0:
109,192,123808,1,0,0:0:0:0:
329,192,123808,1,0,0:0:0:0:
475,192,123808,1,0,0:0:0:0:
36,192,123893,1,0,0:0:0:0:
182,192,123893,1,0,0:0:0:0:
402,192,123893,1,0,0:0:0:0:
109,192,123977,1,0,0:0:0:0:
256,192,123977,1,0,0:0:0:0:
475,192,123977,1,0,0:0:0:0:
36,192,124062,1,0,0:0:0:0:
182,192,124062,1,0,0:0:0:0:
402,192,124062,1,0,0:0:0:0:
109,192,124147,1,0,0:0:0:0:
329,192,124147,1,0,0:0:0:0:
475,192,124147,1,0,0:0:0:0:
36,192,124232,1,0,0:0:0:0:
256,192,124232,1,0,0:0:0:0:
402,192,124232,1,0,0:0:0:0:
109,192,124316,1,0,0:0:0:0:
329,192,124316,1,0,0:0:0:0:
475,192,124316,1,0,0:0:0:0:
36,192,124401,1,0,0:0:0:0:
182,192,124401,1,0,0:0:0:0:
402,192,124401,1,0,0:0:0:0:
109,192,124486,1,0,0:0:0:0:
329,192,124486,1,0,0:0:0:0:
475,192,124486,1,0,0:0:0:0:
36,192,124571,1,0,0:0:0:0:
256,192,124571,1,0,0:0:0:0:
402,192,124571,1,0,0:0:0:0:
109,192,124655,1,0,0:0:0:0:
329,192,124655,1,0,0:0:0:0:
256,192,124740,1,0,0:0:0:0:
475,192,124740,1,0,0:0:0:0:
182,192,124797,1,0,0:0:0:0:
402,192,124797,1,0,0:0:0:0:
109,192,124853,1,0,0:0:0:0:
329,192,124853,1,0,0:0:0:0:
36,192,124910,1,0,0:0:0:0:
256,192,124910,1,0,0:0:0:0:
109,192,124994,1,0,0:0:0:0:
182,192,124994,1,0,0:0:0:0:
402,192,124994,1,0,0:0:0:0:
256,192,125079,1,0,0:0:0:0:
329,192,125079,1,0,0:0:0:0:
475,192,125079,1,0,0:0:0:0:
36,192,125164,1,0,0:0:0:0:
109,192,125164,1,0,0:0:0:0:
182,192,125164,1,0,0:0:0:0:
329,192,125249,1,0,0:0:0:0:
402,192,125249,1,0,0:0:0:0:
475,192,125249,1,0,0:0:0:0:
36,192,125333,1,0,0:0:0:0:
109,192,125333,1,0,0:0:0:0:
182,192,125333,1,0,0:0:0:0:
256,192,125418,1,0,0:0:0:0:
329,192,125418,1,0,0:0:0:0:
475,192,125418,1,0,0:0:0:0:
36,192,125503,1,0,0:0:0:0:
109,192,125503,1,0,0:0:0:0:
402,192,125503,1,0,0:0:0:0:
256,192,125588,1,0,0:0:0:0:
329,192,125588,1,0,0:0:0:0:
109,192,125672,1,0,0:0:0:0:
182,192,125672,1,0,0:0:0:0:
402,192,125672,1,0,0:0:0:0:
256,192,125757,1,0,0:0:0:0:
329,192,125757,1,0,0:0:0:0:
475,192,125757,1,0,0:0:0:0:
36,192,125842,1,0,0:0:0:0:
109,192,125842,1,0,0:0:0:0:
182,192,125842,1,0,0:0:0:0:
329,192,125927,1,0,0:0:0:0:
402,192,125927,1,0,0:0:0:0:
475,192,125927,1,0,0:0:0:0:
109,192,126011,1,0,0:0:0:0:
256,192,126011,1,0,0:0:0:0:
36,0,126096,128,0,126350:0:0:0:0:
182,0,126096,128,0,126350:0:0:0:0:
329,192,126096,1,0,0:0:0:0:
475,192,126096,1,0,0:0:0:0:
109,0,126435,128,0,126689:0:0:0:0:
256,0,126435,128,0,126689:0:0:0:0:
36,192,126774,1,0,0:0:0:0:
182,0,126774,128,0,127028:0:0:0:0:
329,0,126774,128,0,127028:0:0:0:0:
475,192,126774,1,0,0:0:0:0:
329,0,127113,128,0,127367:0:0:0:0:
475,0,127113,128,0,127367:0:0:0:0:
36,0,127452,128,0,127706:0:0:0:0:
109,192,127452,1,0,0:0:0:0:
182,192,127452,1,0,0:0:0:0:
256,0,127452,128,0,127876:0:0:0:0:
402,0,127452,128,0,127876:0:0:0:0:
36,0,127791,128,0,128045:0:0:0:0:
109,192,127791,1,0,0:0:0:0:
475,192,127791,1,0,0:0:0:0:
182,0,127960,128,0,128045:0:0:0:0:
329,0,127960,128,0,128045:0:0:0:0:
36,0,128130,128,0,128384:0:0:0:0:
109,192,128130,1,0,0:0:0:0:
182,0,128130,128,0,128384:0:0:0:0:
329,0,128130,128,0,128384:0:0:0:0:
402,192,128130,1,0,0:0:0:0:
36,0,128469,128,0,128723:0:0:0:0:
109,192,128469,1,0,0:0:0:0:
256,0,128469,128,0,128723:0:0:0:0:
402,0,128469,128,0,128723:0:0:0:0:
36,192,128808,1,0,0:0:0:0:
182,192,128808,1,0,0:0:0:0:
329,192,128808,1,0,0:0:0:0:
402,192,128808,1,0,0:0:0:0:
475,192,128808,1,0,0:0:0:0:
109,192,128893,1,0,0:0:0:0:
182,192,128977,1,0,0:0:0:0:
256,192,129062,1,0,0:0:0:0:
329,192,129147,1,0,0:0:0:0:
256,192,129232,1,0,0:0:0:0:
36,192,129316,1,0,0:0:0:0:
182,192,129316,1,0,0:0:0:0:
329,192,129316,1,0,0:0:0:0:
109,192,129401,1,0,0:0:0:0:
256,192,129401,1,0,0:0:0:0:
402,192,129401,1,0,0:0:0:0:
36,192,129486,1,0,0:0:0:0:
329,192,129486,1,0,0:0:0:0:
475,192,129486,1,0,0:0:0:0:
109,192,129571,1,0,0:0:0:0:
256,192,129655,1,0,0:0:0:0:
182,192,129740,1,0,0:0:0:0:
256,192,129825,1,0,0:0:0:0:
329,192,129910,1,0,0:0:0:0:
109,192,129994,1,0,0:0:0:0:
182,192,129994,1,0,0:0:0:0:
256,192,129994,1,0,0:0:0:0:
402,192,129994,1,0,0:0:0:0:
475,192,130079,1,0,0:0:0:0:
36,192,130164,1,0,0:0:0:0:
256,192,130164,1,0,0:0:0:0:
329,192,130164,1,0,0:0:0:0:
402,192,130164,1,0,0:0:0:0:
109,192,130220,1,0,0:0:0:0:
182,192,130277,1,0,0:0:0:0:
256,192,130333,1,0,0:0:0:0:
182,192,130390,1,0,0:0:0:0:
402,192,130418,1,0,0:0:0:0:
109,192,130446,1,0,0:0:0:0:
182,192,130503,1,0,0:0:0:0:
402,192,130503,1,0,0:0:0:0:
256,192,130559,1,0,0:0:0:0:
329,192,130616,1,0,0:0:0:0:
36,192,130672,1,0,0:0:0:0:
182,192,130672,1,0,0:0:0:0:
475,192,130672,1,0,0:0:0:0:
256,192,130729,1,0,0:0:0:0:
329,192,130785,1,0,0:0:0:0:
36,192,130842,1,0,0:0:0:0:
109,192,130842,1,0,0:0:0:0:
402,192,130842,1,0,0:0:0:0:
475,192,130842,1,0,0:0:0:0:
182,192,131011,1,0,0:0:0:0:
329,192,131011,1,0,0:0:0:0:
475,192,131011,1,0,0:0:0:0:
36,0,131011,128,0,133723:0:0:0:0:
329,192,131181,1,0,0:0:0:0:
475,192,131181,1,0,0:0:0:0:
182,0,131181,128,0,132028:0:0:0:0:
475,192,131350,1,0,0:0:0:0:
329,0,131350,128,0,134062:0:0:0:0:
109,192,131520,1,0,0:0:0:0:
256,0,131520,128,0,131859:0:0:0:0:
402,192,131520,1,0,0:0:0:0:
475,0,131520,128,0,134232:0:0:0:0:
402,192,131689,1,0,0:0:0:0:
109,192,131859,1,0,0:0:0:0:
402,192,131859,1,0,0:0:0:0:
109,192,132028,1,0,0:0:0:0:
256,0,132028,128,0,132113:0:0:0:0:
182,0,132113,128,0,132198:0:0:0:0:
402,192,132113,1,0,0:0:0:0:
109,192,132198,1,0,0:0:0:0:
256,0,132198,128,0,132537:0:0:0:0:
182,192,132367,1,0,0:0:0:0:
109,192,132537,1,0,0:0:0:0:
402,192,132537,1,0,0:0:0:0:
182,192,132706,1,0,0:0:0:0:
402,0,132706,128,0,132876:0:0:0:0:
109,192,132876,1,0,0:0:0:0:
256,0,132876,128,0,133215:0:0:0:0:
182,192,133045,1,0,0:0:0:0:
109,192,133215,1,0,0:0:0:0:
182,0,133215,128,0,133384:0:0:0:0:
402,192,133215,1,0,0:0:0:0:
256,0,133384,128,0,133554:0:0:0:0:
402,192,133384,1,0,0:0:0:0:
109,192,133554,1,0,0:0:0:0:
182,0,133554,128,0,133893:0:0:0:0:
109,0,133723,128,0,133808:0:0:0:0:
256,0,133723,128,0,133808:0:0:0:0:
402,0,133723,128,0,133808:0:0:0:0:
256,192,133893,1,0,0:0:0:0:
402,192,133893,1,0,0:0:0:0:
109,0,133893,128,0,136859:0:0:0:0:
402,192,134062,1,0,0:0:0:0:
256,0,134062,128,0,136859:0:0:0:0:
36,192,134232,1,0,0:0:0:0:
182,0,134232,128,0,134571:0:0:0:0:
402,0,134232,128,0,136859:0:0:0:0:
329,192,134401,1,0,0:0:0:0:
36,192,134571,1,0,0:0:0:0:
475,192,134571,1,0,0:0:0:0:
182,0,134740,128,0,134825:0:0:0:0:
329,192,134740,1,0,0:0:0:0:
36,192,134910,1,0,0:0:0:0:
182,0,134910,128,0,135249:0:0:0:0:
329,192,135079,1,0,0:0:0:0:
36,192,135249,1,0,0:0:0:0:
475,192,135249,1,0,0:0:0:0:
329,192,135418,1,0,0:0:0:0:
182,0,135418,128,0,135588:0:0:0:0:
36,192,135588,1,0,0:0:0:0:
475,0,135588,128,0,135757:0:0:0:0:
182,192,135757,1,0,0:0:0:0:
329,0,135757,128,0,135884:0:0:0:0:
36,192,135927,1,0,0:0:0:0:
329,192,135927,1,0,0:0:0:0:
475,0,135927,128,0,136096:0:0:0:0:
182,192,136096,1,0,0:0:0:0:
329,0,136096,128,0,136266:0:0:0:0:
36,192,136266,1,0,0:0:0:0:
475,0,136266,128,0,136605:0:0:0:0:
182,192,136435,1,0,0:0:0:0:
36,192,136605,1,0,0:0:0:0:
329,192,136605,1,0,0:0:0:0:
182,0,136605,128,0,136944:0:0:0:0:
329,192,136774,1,0,0:0:0:0:
475,192,136774,1,0,0:0:0:0:
36,192,136944,1,0,0:0:0:0:
109,192,136944,1,0,0:0:0:0:
256,192,136944,1,0,0:0:0:0:
402,192,136944,1,0,0:0:0:0:
475,0,136944,128,0,137282:0:0:0:0:
329,192,137028,1,0,0:0:0:0:
109,192,137113,1,0,0:0:0:0:
256,192,137198,1,0,0:0:0:0:
402,192,137198,1,0,0:0:0:0:
36,192,137282,1,0,0:0:0:0:
109,0,137282,128,0,137621:0:0:0:0:
182,192,137282,1,0,0:0:0:0:
329,192,137282,1,0,0:0:0:0:
256,192,137367,1,0,0:0:0:0:
36,192,137452,1,0,0:0:0:0:
182,192,137452,1,0,0:0:0:0:
402,192,137452,1,0,0:0:0:0:
256,192,137537,1,0,0:0:0:0:
36,192,137621,1,0,0:0:0:0:
182,192,137621,1,0,0:0:0:0:
329,0,137621,128,0,137960:0:0:0:0:
402,192,137621,1,0,0:0:0:0:
475,192,137621,1,0,0:0:0:0:
109,192,137706,1,0,0:0:0:0:
256,192,137791,1,0,0:0:0:0:
182,192,137876,1,0,0:0:0:0:
402,192,137876,1,0,0:0:0:0:
36,192,137960,1,0,0:0:0:0:
109,192,137960,1,0,0:0:0:0:
256,192,137960,1,0,0:0:0:0:
475,0,137960,128,0,138299:0:0:0:0:
402,192,138045,1,0,0:0:0:0:
109,192,138130,1,0,0:0:0:0:
182,192,138130,1,0,0:0:0:0:
329,192,138130,1,0,0:0:0:0:
256,192,138215,1,0,0:0:0:0:
36,0,138299,128,0,138384:0:0:0:0:
109,192,138299,1,0,0:0:0:0:
182,192,138299,1,0,0:0:0:0:
329,192,138299,1,0,0:0:0:0:
402,192,138299,1,0,0:0:0:0:
256,192,138384,1,0,0:0:0:0:
36,192,138469,1,0,0:0:0:0:
182,0,138469,128,0,138554:0:0:0:0:
329,192,138469,1,0,0:0:0:0:
402,192,138469,1,0,0:0:0:0:
475,192,138469,1,0,0:0:0:0:
256,192,138554,1,0,0:0:0:0:
36,192,138638,1,0,0:0:0:0:
109,192,138638,1,0,0:0:0:0:
329,0,138638,128,0,138723:0:0:0:0:
402,192,138638,1,0,0:0:0:0:
475,192,138638,1,0,0:0:0:0:
256,192,138723,1,0,0:0:0:0:
36,192,138808,1,0,0:0:0:0:
109,192,138808,1,0,0:0:0:0:
182,192,138808,1,0,0:0:0:0:
402,192,138808,1,0,0:0:0:0:
475,0,138808,128,0,138893:0:0:0:0:
256,192,138893,1,0,0:0:0:0:
36,192,138977,1,0,0:0:0:0:
109,192,138977,1,0,0:0:0:0:
182,192,138977,1,0,0:0:0:0:
329,192,138977,1,0,0:0:0:0:
402,192,138977,1,0,0:0:0:0:
475,192,138977,1,0,0:0:0:0:
36,192,140672,1,0,0:0:0:0:
109,192,140729,1,0,0:0:0:0:
256,192,140785,1,0,0:0:0:0:
182,192,140842,1,0,0:0:0:0:
329,192,140898,1,0,0:0:0:0:
402,192,140955,1,0,0:0:0:0:
475,192,141011,1,0,0:0:0:0:
402,192,141068,1,0,0:0:0:0:
329,192,141124,1,0,0:0:0:0:
256,192,141181,1,0,0:0:0:0:
182,192,141237,1,0,0:0:0:0:
402,192,141294,1,0,0:0:0:0:
329,192,141350,1,0,0:0:0:0:
182,192,141407,1,0,0:0:0:0:
109,192,141463,1,0,0:0:0:0:
329,192,141520,1,0,0:0:0:0:
256,192,141576,1,0,0:0:0:0:
182,192,141633,1,0,0:0:0:0:
109,192,141689,1,0,0:0:0:0:
256,192,141746,1,0,0:0:0:0:
182,192,141802,1,0,0:0:0:0:
109,192,141859,1,0,0:0:0:0:
36,192,141915,1,0,0:0:0:0:
182,192,141972,1,0,0:0:0:0:
109,192,142028,1,0,0:0:0:0:
256,192,142085,1,0,0:0:0:0:
329,192,142141,1,0,0:0:0:0:
182,192,142198,1,0,0:0:0:0:
256,192,142254,1,0,0:0:0:0:
329,192,142311,1,0,0:0:0:0:
109,192,142367,1,0,0:0:0:0:
402,192,142367,1,0,0:0:0:0:
182,192,142452,1,0,0:0:0:0:
329,192,142537,1,0,0:0:0:0:
402,192,142621,1,0,0:0:0:0:
256,192,142706,1,0,0:0:0:0:
402,192,142791,1,0,0:0:0:0:
329,192,142876,1,0,0:0:0:0:
475,192,142960,1,0,0:0:0:0:
256,192,143045,1,0,0:0:0:0:
402,192,143130,1,0,0:0:0:0:
182,192,143215,1,0,0:0:0:0:
329,192,143299,1,0,0:0:0:0:
256,192,143384,1,0,0:0:0:0:
182,192,143427,1,0,0:0:0:0:
109,192,143469,1,0,0:0:0:0:
36,192,143511,1,0,0:0:0:0:
402,192,143554,1,0,0:0:0:0:
329,192,143596,1,0,0:0:0:0:
256,192,143638,1,0,0:0:0:0:
109,192,143681,1,0,0:0:0:0:
402,192,143723,1,0,0:0:0:0:
329,192,143766,1,0,0:0:0:0:
182,192,143808,1,0,0:0:0:0:
109,192,143850,1,0,0:0:0:0:
36,192,143893,1,0,0:0:0:0:
329,192,143935,1,0,0:0:0:0:
256,192,143977,1,0,0:0:0:0:
182,192,144020,1,0,0:0:0:0:
109,192,144062,1,0,0:0:0:0:
475,192,144105,1,0,0:0:0:0:
402,192,144147,1,0,0:0:0:0:
329,192,144189,1,0,0:0:0:0:
182,192,144232,1,0,0:0:0:0:
475,192,144274,1,0,0:0:0:0:
402,192,144316,1,0,0:0:0:0:
256,192,144359,1,0,0:0:0:0:
182,192,144401,1,0,0:0:0:0:
109,192,144444,1,0,0:0:0:0:
329,192,144486,1,0,0:0:0:0:
256,192,144528,1,0,0:0:0:0:
182,192,144571,1,0,0:0:0:0:
109,192,144613,1,0,0:0:0:0:
36,192,144655,1,0,0:0:0:0:
256,192,144740,1,0,0:0:0:0:
402,192,144740,1,0,0:0:0:0:
329,192,144825,1,0,0:0:0:0:
475,192,144825,1,0,0:0:0:0:
36,192,144910,1,0,0:0:0:0:
182,192,144910,1,0,0:0:0:0:
256,192,144994,1,0,0:0:0:0:
402,192,144994,1,0,0:0:0:0:
36,192,145079,1,0,0:0:0:0:
182,192,145079,1,0,0:0:0:0:
