[Metadata]
XyHATTE
cosMo@暴走 Ultimate
Ayasakura
sound voltex konami 
75
0.752

[TimingPoints]
0,405.405405405405,4,2,2,100,1,0
0,270.27027027027,4,2,2,100,1,0
405,405.405405405405,4,2,2,100,1,0
4865,360.36036036036,4,2,2,100,1,0
5405,540.540540540541,4,2,2,100,1,0
5676,810.810810810811,4,2,2,100,1,0
6081,1333.33333333333,4,2,2,100,1,0
6748,540.540540540541,4,2,2,100,1,0
7288,270.27027027027,4,2,2,100,1,0
35396,405.405405405405,4,2,2,100,1,0
42694,270.27027027027,4,2,2,100,1,0
53775,405.405405405405,4,2,2,100,1,0
53876,135.135135135135,4,2,2,100,1,0
53910,540.540540540541,4,2,2,100,1,0
54045,270.27027027027,4,2,2,100,1,0
54113,135.135135135135,4,2,2,100,1,0
54180,540.540540540541,4,2,2,100,1,0
54315,270.27027027027,4,2,2,100,1,0
54383,135.135135135135,4,2,2,100,1,0
54450,270.27027027027,4,2,2,100,1,0
54856,540.540540540541,4,2,2,100,1,0
56477,270.27027027027,4,2,2,100,1,0
92694,135.135135135135,4,2,2,100,1,0
92964,270.27027027027,4,2,2,100,1,0
93234,540.540540540541,4,2,2,100,1,0
93775,270.27027027027,4,2,2,100,1,0
116477,540.540540540541,4,2,2,100,1,0


[HitObjects]
36,0,1622,128,0,1672:0:0:0:0:
109,0,1622,128,0,1672:0:0:0:0:
402,0,1892,128,0,1943:0:0:0:0:
36,0,2162,128,0,2213:0:0:0:0:
329,0,2162,128,0,2213:0:0:0:0:
402,0,2432,128,0,2483:0:0:0:0:
109,0,2703,128,0,2753:0:0:0:0:
256,0,2703,128,0,2753:0:0:0:0:
475,0,2973,128,0,3024:0:0:0:0:
182,0,3243,128,0,3294:0:0:0:0:
256,0,3243,128,0,3294:0:0:0:0:
36,0,3514,128,0,3564:0:0:0:0:
256,0,3784,128,0,3834:0:0:0:0:
329,0,3784,128,0,3834:0:0:0:0:
36,0,4054,128,0,4105:0:0:0:0:
329,0,4324,128,0,4375:0:0:0:0:
402,0,4324,128,0,4375:0:0:0:0:
36,0,4595,128,0,4645:0:0:0:0:
256,192,4865,1,0,0:0:0:0:
475,192,4955,1,0,0:0:0:0:
256,192,5045,1,0,0:0:0:0:
475,192,5135,1,0,0:0:0:0:
256,192,5225,1,0,0:0:0:0:
475,192,5315,1,0,0:0:0:0:
256,192,5405,1,0,0:0:0:0:
475,192,5541,1,0,0:0:0:0:
256,192,5676,1,0,0:0:0:0:
475,192,5878,1,0,0:0:0:0:
256,192,6081,1,0,0:0:0:0:
109,0,6748,128,0,7018:0:0:0:0:
329,0,6748,128,0,7018:0:0:0:0:
182,0,7018,128,0,7288:0:0:0:0:
402,0,7018,128,0,7288:0:0:0:0:
36,192,7288,1,0,0:0:0:0:
109,192,7288,1,0,0:0:0:0:
256,0,7288,128,0,7559:0:0:0:0:
475,192,7288,1,0,0:0:0:0:
402,192,7378,1,0,0:0:0:0:
329,192,7468,1,0,0:0:0:0:
109,192,7559,1,0,0:0:0:0:
182,0,7559,128,0,7829:0:0:0:0:
402,192,7559,1,0,0:0:0:0:
475,192,7559,1,0,0:0:0:0:
329,192,7649,1,0,0:0:0:0:
475,192,7649,1,0,0:0:0:0:
256,192,7739,1,0,0:0:0:0:
475,192,7739,1,0,0:0:0:0:
36,192,7829,1,0,0:0:0:0:
109,0,7829,128,0,8099:0:0:0:0:
329,192,7829,1,0,0:0:0:0:
402,192,7829,1,0,0:0:0:0:
256,192,7919,1,0,0:0:0:0:
402,192,7919,1,0,0:0:0:0:
182,192,8009,1,0,0:0:0:0:
402,192,8009,1,0,0:0:0:0:
256,192,8099,1,0,0:0:0:0:
329,192,8099,1,0,0:0:0:0:
475,192,8099,1,0,0:0:0:0:
36,0,8099,128,0,8369:0:0:0:0:
182,192,8189,1,0,0:0:0:0:
329,192,8189,1,0,0:0:0:0:
109,192,8279,1,0,0:0:0:0:
329,192,8279,1,0,0:0:0:0:
182,192,8369,1,0,0:0:0:0:
256,192,8369,1,0,0:0:0:0:
329,192,8369,1,0,0:0:0:0:
402,192,8369,1,0,0:0:0:0:
475,0,8369,128,0,8640:0:0:0:0:
109,192,8459,1,0,0:0:0:0:
36,192,8550,1,0,0:0:0:0:
109,192,8640,1,0,0:0:0:0:
329,192,8640,1,0,0:0:0:0:
402,0,8640,128,0,8910:0:0:0:0:
182,192,8730,1,0,0:0:0:0:
256,192,8820,1,0,0:0:0:0:
36,192,8910,1,0,0:0:0:0:
182,192,8910,1,0,0:0:0:0:
329,0,8910,128,0,9180:0:0:0:0:
475,192,8910,1,0,0:0:0:0:
109,192,9000,1,0,0:0:0:0:
36,192,9090,1,0,0:0:0:0:
182,192,9180,1,0,0:0:0:0:
475,192,9180,1,0,0:0:0:0:
256,0,9180,128,0,9450:0:0:0:0:
402,192,9270,1,0,0:0:0:0:
109,192,9360,1,0,0:0:0:0:
36,192,9450,1,0,0:0:0:0:
182,192,9450,1,0,0:0:0:0:
329,192,9450,1,0,0:0:0:0:
402,0,9450,128,0,9586:0:0:0:0:
475,192,9450,1,0,0:0:0:0:
36,192,9721,1,0,0:0:0:0:
182,192,9721,1,0,0:0:0:0:
256,0,9721,128,0,9856:0:0:0:0:
329,192,9721,1,0,0:0:0:0:
475,192,9721,1,0,0:0:0:0:
36,192,9991,1,0,0:0:0:0:
182,192,9991,1,0,0:0:0:0:
329,192,9991,1,0,0:0:0:0:
402,0,9991,128,0,10126:0:0:0:0:
475,192,9991,1,0,0:0:0:0:
109,0,10126,128,0,10261:0:0:0:0:
36,192,10261,1,0,0:0:0:0:
182,192,10261,1,0,0:0:0:0:
329,192,10261,1,0,0:0:0:0:
475,192,10261,1,0,0:0:0:0:
256,0,10396,128,0,10667:0:0:0:0:
36,192,10532,1,0,0:0:0:0:
182,192,10532,1,0,0:0:0:0:
329,192,10532,1,0,0:0:0:0:
475,192,10532,1,0,0:0:0:0:
402,0,10667,128,0,10802:0:0:0:0:
36,192,10802,1,0,0:0:0:0:
182,192,10802,1,0,0:0:0:0:
256,0,10802,128,0,10937:0:0:0:0:
329,192,10802,1,0,0:0:0:0:
475,192,10802,1,0,0:0:0:0:
109,0,10937,128,0,11072:0:0:0:0:
36,192,11072,1,0,0:0:0:0:
182,0,11072,128,0,11207:0:0:0:0:
256,192,11072,1,0,0:0:0:0:
402,192,11072,1,0,0:0:0:0:
475,192,11072,1,0,0:0:0:0:
329,0,11207,128,0,11342:0:0:0:0:
109,192,11342,1,0,0:0:0:0:
182,0,11342,128,0,11477:0:0:0:0:
256,192,11342,1,0,0:0:0:0:
402,192,11342,1,0,0:0:0:0:
475,192,11342,1,0,0:0:0:0:
36,0,11477,128,0,11613:0:0:0:0:
109,192,11613,1,0,0:0:0:0:
182,0,11613,128,0,11748:0:0:0:0:
256,192,11613,1,0,0:0:0:0:
402,192,11613,1,0,0:0:0:0:
475,192,11613,1,0,0:0:0:0:
36,0,11883,128,0,12018:0:0:0:0:
109,192,11883,1,0,0:0:0:0:
256,192,11883,1,0,0:0:0:0:
402,192,11883,1,0,0:0:0:0:
475,192,11883,1,0,0:0:0:0:
36,192,12153,1,0,0:0:0:0:
109,192,12153,1,0,0:0:0:0:
182,0,12153,128,0,12288:0:0:0:0:
256,192,12153,1,0,0:0:0:0:
402,192,12153,1,0,0:0:0:0:
475,0,12288,128,0,12423:0:0:0:0:
36,192,12423,1,0,0:0:0:0:
109,192,12423,1,0,0:0:0:0:
256,192,12423,1,0,0:0:0:0:
402,192,12423,1,0,0:0:0:0:
329,0,12559,128,0,12829:0:0:0:0:
36,192,12694,1,0,0:0:0:0:
109,192,12694,1,0,0:0:0:0:
256,192,12694,1,0,0:0:0:0:
402,192,12694,1,0,0:0:0:0:
475,0,12829,128,0,12964:0:0:0:0:
36,192,12964,1,0,0:0:0:0:
109,192,12964,1,0,0:0:0:0:
256,192,12964,1,0,0:0:0:0:
329,0,12964,128,0,13099:0:0:0:0:
402,192,12964,1,0,0:0:0:0:
182,0,13099,128,0,13234:0:0:0:0:
109,0,13234,128,0,13369:0:0:0:0:
256,192,13234,1,0,0:0:0:0:
329,192,13234,1,0,0:0:0:0:
402,192,13234,1,0,0:0:0:0:
475,192,13234,1,0,0:0:0:0:
182,0,13369,128,0,13505:0:0:0:0:
36,192,13505,1,0,0:0:0:0:
109,192,13505,1,0,0:0:0:0:
256,0,13505,128,0,13640:0:0:0:0:
402,192,13505,1,0,0:0:0:0:
475,192,13505,1,0,0:0:0:0:
182,0,13640,128,0,13775:0:0:0:0:
36,192,13775,1,0,0:0:0:0:
109,0,13775,128,0,13910:0:0:0:0:
329,192,13775,1,0,0:0:0:0:
402,192,13775,1,0,0:0:0:0:
475,192,13775,1,0,0:0:0:0:
36,192,14045,1,0,0:0:0:0:
182,192,14045,1,0,0:0:0:0:
256,0,14045,128,0,14180:0:0:0:0:
329,192,14045,1,0,0:0:0:0:
475,192,14045,1,0,0:0:0:0:
36,192,14315,1,0,0:0:0:0:
182,192,14315,1,0,0:0:0:0:
329,192,14315,1,0,0:0:0:0:
402,0,14315,128,0,14450:0:0:0:0:
475,192,14315,1,0,0:0:0:0:
109,0,14450,128,0,14586:0:0:0:0:
36,192,14586,1,0,0:0:0:0:
182,192,14586,1,0,0:0:0:0:
329,192,14586,1,0,0:0:0:0:
475,192,14586,1,0,0:0:0:0:
256,0,14721,128,0,14991:0:0:0:0:
36,192,14856,1,0,0:0:0:0:
182,192,14856,1,0,0:0:0:0:
329,192,14856,1,0,0:0:0:0:
475,192,14856,1,0,0:0:0:0:
402,0,14991,128,0,15126:0:0:0:0:
36,192,15126,1,0,0:0:0:0:
182,192,15126,1,0,0:0:0:0:
256,0,15126,128,0,15261:0:0:0:0:
329,192,15126,1,0,0:0:0:0:
475,192,15126,1,0,0:0:0:0:
109,0,15261,128,0,15396:0:0:0:0:
36,192,15396,1,0,0:0:0:0:
182,192,15396,1,0,0:0:0:0:
256,192,15396,1,0,0:0:0:0:
402,192,15396,1,0,0:0:0:0:
475,0,15396,128,0,15532:0:0:0:0:
329,0,15532,128,0,15667:0:0:0:0:
109,192,15667,1,0,0:0:0:0:
182,0,15667,128,0,15802:0:0:0:0:
256,192,15667,1,0,0:0:0:0:
402,192,15667,1,0,0:0:0:0:
475,192,15667,1,0,0:0:0:0:
36,0,15802,128,0,15937:0:0:0:0:
109,192,15937,1,0,0:0:0:0:
182,0,15937,128,0,16072:0:0:0:0:
256,192,15937,1,0,0:0:0:0:
402,192,15937,1,0,0:0:0:0:
475,192,15937,1,0,0:0:0:0:
36,192,16207,1,0,0:0:0:0:
109,192,16207,1,0,0:0:0:0:
256,192,16207,1,0,0:0:0:0:
402,192,16207,1,0,0:0:0:0:
475,0,16207,128,0,16342:0:0:0:0:
36,192,16477,1,0,0:0:0:0:
109,192,16477,1,0,0:0:0:0:
256,192,16477,1,0,0:0:0:0:
329,0,16477,128,0,16613:0:0:0:0:
402,192,16477,1,0,0:0:0:0:
182,0,16613,128,0,16748:0:0:0:0:
36,192,16748,1,0,0:0:0:0:
109,192,16748,1,0,0:0:0:0:
256,192,16748,1,0,0:0:0:0:
329,0,16748,128,0,16883:0:0:0:0:
402,192,16748,1,0,0:0:0:0:
182,0,16883,128,0,17018:0:0:0:0:
36,0,17018,128,0,17288:0:0:0:0:
109,192,17018,1,0,0:0:0:0:
256,192,17018,1,0,0:0:0:0:
402,192,17018,1,0,0:0:0:0:
475,0,17018,128,0,17559:0:0:0:0:
109,192,17288,1,0,0:0:0:0:
182,0,17288,128,0,17559:0:0:0:0:
256,192,17288,1,0,0:0:0:0:
329,192,17288,1,0,0:0:0:0:
402,192,17288,1,0,0:0:0:0:
36,0,17559,128,0,18032:0:0:0:0:
109,192,17559,1,0,0:0:0:0:
256,192,17559,1,0,0:0:0:0:
329,0,17559,128,0,17829:0:0:0:0:
402,192,17559,1,0,0:0:0:0:
109,192,17829,1,0,0:0:0:0:
182,192,17829,1,0,0:0:0:0:
256,192,17829,1,0,0:0:0:0:
402,192,17829,1,0,0:0:0:0:
475,0,17829,128,0,18032:0:0:0:0:
256,0,17896,128,0,18032:0:0:0:0:
182,0,17964,128,0,18032:0:0:0:0:
109,0,18032,128,0,18099:0:0:0:0:
36,0,18099,128,0,18302:0:0:0:0:
256,192,18099,1,0,0:0:0:0:
329,192,18099,1,0,0:0:0:0:
402,192,18099,1,0,0:0:0:0:
475,192,18099,1,0,0:0:0:0:
109,0,18167,128,0,18302:0:0:0:0:
182,0,18234,128,0,18302:0:0:0:0:
256,0,18302,128,0,18505:0:0:0:0:
182,0,18369,128,0,18505:0:0:0:0:
329,192,18369,1,0,0:0:0:0:
402,192,18369,1,0,0:0:0:0:
475,192,18369,1,0,0:0:0:0:
109,0,18437,128,0,18505:0:0:0:0:
36,0,18505,128,0,18842:0:0:0:0:
109,0,18572,128,0,18842:0:0:0:0:
182,0,18640,128,0,18842:0:0:0:0:
329,192,18640,1,0,0:0:0:0:
402,192,18640,1,0,0:0:0:0:
475,192,18640,1,0,0:0:0:0:
256,0,18707,128,0,18842:0:0:0:0:
329,0,18775,128,0,18842:0:0:0:0:
402,0,18842,128,0,19045:0:0:0:0:
36,192,18910,1,0,0:0:0:0:
109,192,18910,1,0,0:0:0:0:
329,0,18910,128,0,19045:0:0:0:0:
475,192,18910,1,0,0:0:0:0:
256,0,18977,128,0,19045:0:0:0:0:
182,0,19045,128,0,19315:0:0:0:0:
256,0,19113,128,0,19315:0:0:0:0:
36,192,19180,1,0,0:0:0:0:
109,192,19180,1,0,0:0:0:0:
329,0,19180,128,0,19315:0:0:0:0:
475,192,19180,1,0,0:0:0:0:
402,0,19248,128,0,19315:0:0:0:0:
475,0,19315,128,0,19383:0:0:0:0:
329,0,19383,128,0,19450:0:0:0:0:
36,192,19450,1,0,0:0:0:0:
109,192,19450,1,0,0:0:0:0:
182,192,19450,1,0,0:0:0:0:
475,0,19450,128,0,19586:0:0:0:0:
402,0,19518,128,0,19586:0:0:0:0:
329,0,19586,128,0,19721:0:0:0:0:
402,0,19653,128,0,19721:0:0:0:0:
36,192,19721,1,0,0:0:0:0:
182,192,19721,1,0,0:0:0:0:
256,192,19721,1,0,0:0:0:0:
475,0,19721,128,0,19923:0:0:0:0:
402,0,19788,128,0,19923:0:0:0:0:
109,0,19856,128,0,19923:0:0:0:0:
36,0,19923,128,0,20194:0:0:0:0:
109,0,19991,128,0,20194:0:0:0:0:
329,192,19991,1,0,0:0:0:0:
402,192,19991,1,0,0:0:0:0:
475,192,19991,1,0,0:0:0:0:
182,0,20059,128,0,20194:0:0:0:0:
256,0,20126,128,0,20194:0:0:0:0:
329,192,20194,1,0,0:0:0:0:
109,0,20261,128,0,20464:0:0:0:0:
182,192,20261,1,0,0:0:0:0:
256,192,20261,1,0,0:0:0:0:
475,192,20261,1,0,0:0:0:0:
402,0,20329,128,0,20532:0:0:0:0:
36,0,20396,128,0,20599:0:0:0:0:
475,0,20464,128,0,20667:0:0:0:0:
109,0,20532,128,0,20734:0:0:0:0:
182,192,20532,1,0,0:0:0:0:
256,192,20532,1,0,0:0:0:0:
329,192,20532,1,0,0:0:0:0:
402,0,20599,128,0,20734:0:0:0:0:
36,0,20667,128,0,20802:0:0:0:0:
475,0,20734,128,0,21005:0:0:0:0:
109,192,20802,1,0,0:0:0:0:
182,192,20802,1,0,0:0:0:0:
256,192,20802,1,0,0:0:0:0:
402,0,20802,128,0,21005:0:0:0:0:
329,0,20869,128,0,21005:0:0:0:0:
256,0,20937,128,0,21005:0:0:0:0:
182,0,21005,128,0,21072:0:0:0:0:
329,192,21072,1,0,0:0:0:0:
402,192,21072,1,0,0:0:0:0:
475,192,21072,1,0,0:0:0:0:
256,0,21072,128,0,21342:0:0:0:0:
182,0,21140,128,0,21342:0:0:0:0:
109,0,21207,128,0,21275:0:0:0:0:
36,0,21275,128,0,21545:0:0:0:0:
109,0,21342,128,0,21545:0:0:0:0:
329,192,21342,1,0,0:0:0:0:
402,192,21342,1,0,0:0:0:0:
475,192,21342,1,0,0:0:0:0:
182,0,21410,128,0,21545:0:0:0:0:
256,0,21477,128,0,21545:0:0:0:0:
329,0,21545,128,0,21613:0:0:0:0:
36,192,21613,1,0,0:0:0:0:
109,192,21613,1,0,0:0:0:0:
182,192,21613,1,0,0:0:0:0:
256,0,21613,128,0,21883:0:0:0:0:
329,0,21680,128,0,21883:0:0:0:0:
402,0,21748,128,0,21815:0:0:0:0:
475,0,21815,128,0,22086:0:0:0:0:
36,192,21883,1,0,0:0:0:0:
109,192,21883,1,0,0:0:0:0:
182,192,21883,1,0,0:0:0:0:
402,0,21883,128,0,22086:0:0:0:0:
329,0,21950,128,0,22086:0:0:0:0:
256,0,22018,128,0,22086:0:0:0:0:
182,0,22086,128,0,22153:0:0:0:0:
329,192,22153,1,0,0:0:0:0:
402,192,22153,1,0,0:0:0:0:
475,192,22153,1,0,0:0:0:0:
256,0,22153,128,0,22423:0:0:0:0:
182,0,22221,128,0,22423:0:0:0:0:
109,0,22288,128,0,22356:0:0:0:0:
36,0,22356,128,0,22626:0:0:0:0:
109,0,22423,128,0,22626:0:0:0:0:
329,192,22423,1,0,0:0:0:0:
402,192,22423,1,0,0:0:0:0:
475,192,22423,1,0,0:0:0:0:
256,0,22491,128,0,22626:0:0:0:0:
182,0,22559,128,0,22626:0:0:0:0:
329,0,22626,128,0,22761:0:0:0:0:
36,192,22694,1,0,0:0:0:0:
109,192,22694,1,0,0:0:0:0:
182,192,22694,1,0,0:0:0:0:
256,0,22694,128,0,22964:0:0:0:0:
402,0,22761,128,0,22896:0:0:0:0:
329,0,22829,128,0,22964:0:0:0:0:
475,0,22896,128,0,23167:0:0:0:0:
36,192,22964,1,0,0:0:0:0:
109,192,22964,1,0,0:0:0:0:
182,192,22964,1,0,0:0:0:0:
402,0,22964,128,0,23167:0:0:0:0:
256,0,23032,128,0,23167:0:0:0:0:
329,0,23099,128,0,23167:0:0:0:0:
182,0,23167,128,0,23302:0:0:0:0:
256,0,23234,128,0,23437:0:0:0:0:
329,192,23234,1,0,0:0:0:0:
402,192,23234,1,0,0:0:0:0:
475,192,23234,1,0,0:0:0:0:
109,0,23302,128,0,23437:0:0:0:0:
182,0,23369,128,0,23437:0:0:0:0:
36,0,23437,128,0,23707:0:0:0:0:
109,0,23505,128,0,23707:0:0:0:0:
256,192,23505,1,0,0:0:0:0:
402,192,23505,1,0,0:0:0:0:
475,192,23505,1,0,0:0:0:0:
329,0,23572,128,0,23775:0:0:0:0:
182,0,23640,128,0,23707:0:0:0:0:
402,0,23707,128,0,23977:0:0:0:0:
36,192,23775,1,0,0:0:0:0:
109,192,23775,1,0,0:0:0:0:
182,192,23775,1,0,0:0:0:0:
256,0,23775,128,0,23977:0:0:0:0:
475,0,23842,128,0,23910:0:0:0:0:
329,0,23910,128,0,24045:0:0:0:0:
475,0,23977,128,0,24045:0:0:0:0:
36,192,24045,1,0,0:0:0:0:
109,192,24045,1,0,0:0:0:0:
256,192,24045,1,0,0:0:0:0:
402,0,24045,128,0,24248:0:0:0:0:
182,0,24113,128,0,24315:0:0:0:0:
329,0,24180,128,0,24248:0:0:0:0:
109,0,24248,128,0,24315:0:0:0:0:
256,0,24315,128,0,24518:0:0:0:0:
329,192,24315,1,0,0:0:0:0:
402,192,24315,1,0,0:0:0:0:
475,192,24315,1,0,0:0:0:0:
36,0,24383,128,0,24450:0:0:0:0:
182,0,24450,128,0,24586:0:0:0:0:
36,0,24518,128,0,24586:0:0:0:0:
109,0,24586,128,0,24721:0:0:0:0:
256,192,24586,1,0,0:0:0:0:
402,192,24586,1,0,0:0:0:0:
475,192,24586,1,0,0:0:0:0:
329,0,24653,128,0,24788:0:0:0:0:
182,0,24721,128,0,24788:0:0:0:0:
402,0,24788,128,0,24923:0:0:0:0:
36,192,24856,1,0,0:0:0:0:
109,192,24856,1,0,0:0:0:0:
182,192,24856,1,0,0:0:0:0:
256,0,24856,128,0,24991:0:0:0:0:
475,0,24923,128,0,25059:0:0:0:0:
182,0,24991,128,0,25126:0:0:0:0:
402,0,25059,128,0,25194:0:0:0:0:
36,192,25126,1,0,0:0:0:0:
256,192,25126,1,0,0:0:0:0:
329,0,25126,128,0,25261:0:0:0:0:
475,192,25126,1,0,0:0:0:0:
109,0,25194,128,0,25329:0:0:0:0:
256,0,25261,128,0,25396:0:0:0:0:
36,0,25329,128,0,25464:0:0:0:0:
182,192,25396,1,0,0:0:0:0:
329,0,25396,128,0,25532:0:0:0:0:
402,192,25396,1,0,0:0:0:0:
475,192,25396,1,0,0:0:0:0:
109,0,25464,128,0,25599:0:0:0:0:
402,0,25532,128,0,25667:0:0:0:0:
182,0,25599,128,0,25667:0:0:0:0:
36,192,25667,1,0,0:0:0:0:
329,192,25667,1,0,0:0:0:0:
475,192,25667,1,0,0:0:0:0:
109,192,25757,1,0,0:0:0:0:
402,192,25757,1,0,0:0:0:0:
182,192,25847,1,0,0:0:0:0:
402,192,25847,1,0,0:0:0:0:
256,192,25937,1,0,0:0:0:0:
329,192,25937,1,0,0:0:0:0:
402,192,25937,1,0,0:0:0:0:
475,192,25937,1,0,0:0:0:0:
36,192,26207,1,0,0:0:0:0:
182,192,26207,1,0,0:0:0:0:
475,192,26207,1,0,0:0:0:0:
109,192,26297,1,0,0:0:0:0:
402,192,26297,1,0,0:0:0:0:
109,192,26387,1,0,0:0:0:0:
329,192,26387,1,0,0:0:0:0:
36,192,26477,1,0,0:0:0:0:
109,192,26477,1,0,0:0:0:0:
182,192,26477,1,0,0:0:0:0:
256,192,26477,1,0,0:0:0:0:
36,192,26748,1,0,0:0:0:0:
256,192,26748,1,0,0:0:0:0:
329,192,26748,1,0,0:0:0:0:
402,0,26748,128,0,27559:0:0:0:0:
475,0,26748,128,0,26883:0:0:0:0:
109,192,26838,1,0,0:0:0:0:
182,192,26928,1,0,0:0:0:0:
36,0,27018,128,0,27153:0:0:0:0:
256,192,27018,1,0,0:0:0:0:
329,192,27018,1,0,0:0:0:0:
475,192,27018,1,0,0:0:0:0:
182,192,27108,1,0,0:0:0:0:
109,192,27198,1,0,0:0:0:0:
36,192,27288,1,0,0:0:0:0:
256,192,27288,1,0,0:0:0:0:
329,192,27288,1,0,0:0:0:0:
475,0,27288,128,0,27423:0:0:0:0:
109,192,27378,1,0,0:0:0:0:
182,192,27468,1,0,0:0:0:0:
36,0,27559,128,0,27694:0:0:0:0:
256,192,27559,1,0,0:0:0:0:
329,0,27559,128,0,27649:0:0:0:0:
475,192,27559,1,0,0:0:0:0:
182,192,27649,1,0,0:0:0:0:
402,0,27649,128,0,27739:0:0:0:0:
109,192,27739,1,0,0:0:0:0:
329,0,27739,128,0,27829:0:0:0:0:
36,192,27829,1,0,0:0:0:0:
256,0,27829,128,0,27919:0:0:0:0:
475,0,27829,128,0,27964:0:0:0:0:
109,192,27919,1,0,0:0:0:0:
329,0,27919,128,0,28009:0:0:0:0:
36,192,28009,1,0,0:0:0:0:
256,0,28009,128,0,28099:0:0:0:0:
109,0,28099,128,0,28234:0:0:0:0:
182,0,28099,128,0,28189:0:0:0:0:
329,192,28099,1,0,0:0:0:0:
475,192,28099,1,0,0:0:0:0:
256,0,28189,128,0,28279:0:0:0:0:
402,192,28189,1,0,0:0:0:0:
182,0,28279,128,0,28369:0:0:0:0:
475,192,28279,1,0,0:0:0:0:
36,192,28369,1,0,0:0:0:0:
109,0,28369,128,0,28459:0:0:0:0:
402,0,28369,128,0,28505:0:0:0:0:
182,0,28459,128,0,28550:0:0:0:0:
329,192,28459,1,0,0:0:0:0:
109,0,28550,128,0,28640:0:0:0:0:
256,192,28550,1,0,0:0:0:0:
36,0,28640,128,0,28730:0:0:0:0:
329,0,28640,128,0,28775:0:0:0:0:
475,192,28640,1,0,0:0:0:0:
109,0,28730,128,0,28820:0:0:0:0:
256,192,28730,1,0,0:0:0:0:
182,192,28820,1,0,0:0:0:0:
36,0,28820,128,0,28910:0:0:0:0:
109,0,28910,128,0,29000:0:0:0:0:
256,192,28910,1,0,0:0:0:0:
402,192,28910,1,0,0:0:0:0:
475,0,28910,128,0,29045:0:0:0:0:
182,0,29000,128,0,29090:0:0:0:0:
329,192,29000,1,0,0:0:0:0:
256,0,29090,128,0,29180:0:0:0:0:
402,192,29090,1,0,0:0:0:0:
109,192,29180,1,0,0:0:0:0:
182,0,29180,128,0,29270:0:0:0:0:
329,0,29180,128,0,29315:0:0:0:0:
475,192,29180,1,0,0:0:0:0:
36,192,29270,1,0,0:0:0:0:
256,0,29270,128,0,29360:0:0:0:0:
109,192,29360,1,0,0:0:0:0:
329,0,29360,128,0,29450:0:0:0:0:
36,0,29450,128,0,29586:0:0:0:0:
182,192,29450,1,0,0:0:0:0:
402,0,29450,128,0,29541:0:0:0:0:
475,192,29450,1,0,0:0:0:0:
109,192,29541,1,0,0:0:0:0:
329,0,29541,128,0,29631:0:0:0:0:
36,192,29631,1,0,0:0:0:0:
256,0,29631,128,0,29721:0:0:0:0:
109,0,29721,128,0,29856:0:0:0:0:
182,192,29721,1,0,0:0:0:0:
329,0,29721,128,0,29811:0:0:0:0:
475,192,29721,1,0,0:0:0:0:
256,0,29811,128,0,29901:0:0:0:0:
402,192,29811,1,0,0:0:0:0:
329,192,29901,1,0,0:0:0:0:
182,0,29901,128,0,29991:0:0:0:0:
36,0,29991,128,0,30126:0:0:0:0:
109,0,29991,128,0,30036:0:0:0:0:
475,192,29991,1,0,0:0:0:0:
182,0,30036,128,0,30081:0:0:0:0:
256,0,30081,128,0,30171:0:0:0:0:
402,192,30081,1,0,0:0:0:0:
329,0,30171,128,0,30261:0:0:0:0:
475,192,30171,1,0,0:0:0:0:
182,192,30261,1,0,0:0:0:0:
256,192,30261,1,0,0:0:0:0:
402,0,30261,128,0,30351:0:0:0:0:
475,0,30261,128,0,30396:0:0:0:0:
109,192,30351,1,0,0:0:0:0:
329,0,30351,128,0,30441:0:0:0:0:
36,192,30441,1,0,0:0:0:0:
256,0,30441,128,0,30532:0:0:0:0:
36,0,30532,128,0,30667:0:0:0:0:
109,192,30532,1,0,0:0:0:0:
182,0,30532,128,0,30667:0:0:0:0:
329,192,30532,1,0,0:0:0:0:
402,192,30622,1,0,0:0:0:0:
256,0,30667,128,0,30802:0:0:0:0:
475,192,30712,1,0,0:0:0:0:
182,192,30802,1,0,0:0:0:0:
329,0,30802,128,0,30937:0:0:0:0:
402,192,30802,1,0,0:0:0:0:
475,0,30802,128,0,30937:0:0:0:0:
109,192,30892,1,0,0:0:0:0:
402,0,30937,128,0,31072:0:0:0:0:
36,192,30982,1,0,0:0:0:0:
36,0,31072,128,0,31207:0:0:0:0:
109,0,31072,128,0,31162:0:0:0:0:
256,192,31072,1,0,0:0:0:0:
329,192,31072,1,0,0:0:0:0:
182,0,31162,128,0,31252:0:0:0:0:
402,192,31162,1,0,0:0:0:0:
256,0,31252,128,0,31342:0:0:0:0:
475,192,31252,1,0,0:0:0:0:
36,192,31342,1,0,0:0:0:0:
109,0,31342,128,0,31477:0:0:0:0:
182,0,31342,128,0,31432:0:0:0:0:
402,192,31342,1,0,0:0:0:0:
256,0,31432,128,0,31523:0:0:0:0:
475,192,31432,1,0,0:0:0:0:
36,192,31523,1,0,0:0:0:0:
329,0,31523,128,0,31613:0:0:0:0:
109,192,31613,1,0,0:0:0:0:
256,0,31613,128,0,31703:0:0:0:0:
402,0,31613,128,0,31748:0:0:0:0:
475,192,31613,1,0,0:0:0:0:
36,192,31703,1,0,0:0:0:0:
329,0,31703,128,0,31793:0:0:0:0:
109,192,31793,1,0,0:0:0:0:
402,0,31793,128,0,31883:0:0:0:0:
36,192,31883,1,0,0:0:0:0:
182,192,31883,1,0,0:0:0:0:
256,0,31883,128,0,32018:0:0:0:0:
329,0,31883,128,0,31973:0:0:0:0:
109,192,31973,1,0,0:0:0:0:
402,0,31973,128,0,32063:0:0:0:0:
182,192,32063,1,0,0:0:0:0:
475,0,32063,128,0,32153:0:0:0:0:
36,192,32153,1,0,0:0:0:0:
182,0,32153,128,0,32288:0:0:0:0:
256,192,32153,1,0,0:0:0:0:
402,0,32153,128,0,32288:0:0:0:0:
109,192,32243,1,0,0:0:0:0:
329,0,32288,128,0,32423:0:0:0:0:
182,192,32333,1,0,0:0:0:0:
36,192,32423,1,0,0:0:0:0:
109,0,32423,128,0,32559:0:0:0:0:
402,192,32423,1,0,0:0:0:0:
475,0,32423,128,0,32559:0:0:0:0:
182,192,32514,1,0,0:0:0:0:
256,0,32559,128,0,32694:0:0:0:0:
109,192,32604,1,0,0:0:0:0:
36,0,32694,128,0,32829:0:0:0:0:
109,192,32694,1,0,0:0:0:0:
182,192,32694,1,0,0:0:0:0:
402,0,32694,128,0,32784:0:0:0:0:
329,0,32784,128,0,32874:0:0:0:0:
475,192,32784,1,0,0:0:0:0:
256,0,32874,128,0,32964:0:0:0:0:
402,192,32874,1,0,0:0:0:0:
36,192,32964,1,0,0:0:0:0:
182,0,32964,128,0,33054:0:0:0:0:
329,192,32964,1,0,0:0:0:0:
475,0,32964,128,0,33099:0:0:0:0:
109,0,33054,128,0,33144:0:0:0:0:
256,192,33054,1,0,0:0:0:0:
182,192,33144,1,0,0:0:0:0:
36,0,33144,128,0,33234:0:0:0:0:
109,0,33234,128,0,33324:0:0:0:0:
256,0,33234,128,0,33369:0:0:0:0:
329,192,33234,1,0,0:0:0:0:
182,0,33324,128,0,33414:0:0:0:0:
402,192,33324,1,0,0:0:0:0:
256,0,33414,128,0,33505:0:0:0:0:
475,192,33414,1,0,0:0:0:0:
36,0,33505,128,0,33640:0:0:0:0:
109,192,33505,1,0,0:0:0:0:
182,0,33505,128,0,33595:0:0:0:0:
402,192,33505,1,0,0:0:0:0:
256,0,33595,128,0,33685:0:0:0:0:
475,192,33595,1,0,0:0:0:0:
36,192,33685,1,0,0:0:0:0:
329,0,33685,128,0,33775:0:0:0:0:
109,192,33775,1,0,0:0:0:0:
182,192,33775,1,0,0:0:0:0:
256,0,33775,128,0,33910:0:0:0:0:
402,0,33775,128,0,33865:0:0:0:0:
36,192,33865,1,0,0:0:0:0:
329,0,33865,128,0,33955:0:0:0:0:
256,0,33955,128,0,34045:0:0:0:0:
475,192,33955,1,0,0:0:0:0:
36,192,34045,1,0,0:0:0:0:
109,192,34045,1,0,0:0:0:0:
182,0,34045,128,0,34180:0:0:0:0:
329,0,34045,128,0,34135:0:0:0:0:
256,0,34135,128,0,34225:0:0:0:0:
475,192,34135,1,0,0:0:0:0:
402,192,34225,1,0,0:0:0:0:
182,0,34225,128,0,34315:0:0:0:0:
109,0,34315,128,0,34450:0:0:0:0:
256,192,34315,1,0,0:0:0:0:
329,0,34315,128,0,34856:0:0:0:0:
475,192,34315,1,0,0:0:0:0:
36,0,34450,128,0,34586:0:0:0:0:
109,192,34586,1,0,0:0:0:0:
182,192,34586,1,0,0:0:0:0:
256,192,34586,1,0,0:0:0:0:
402,192,34586,1,0,0:0:0:0:
475,0,34586,128,0,34721:0:0:0:0:
36,0,34721,128,0,34856:0:0:0:0:
182,192,34856,1,0,0:0:0:0:
256,192,34856,1,0,0:0:0:0:
402,0,34856,128,0,34991:0:0:0:0:
475,192,34856,1,0,0:0:0:0:
109,0,34856,128,0,35396:0:0:0:0:
36,192,34991,1,0,0:0:0:0:
329,0,34991,128,0,35126:0:0:0:0:
36,192,35126,1,0,0:0:0:0:
182,192,35126,1,0,0:0:0:0:
256,0,35126,128,0,35261:0:0:0:0:
402,192,35126,1,0,0:0:0:0:
475,192,35126,1,0,0:0:0:0:
36,192,35261,1,0,0:0:0:0:
182,0,35261,128,0,35396:0:0:0:0:
36,192,35396,1,0,0:0:0:0:
256,192,35396,1,0,0:0:0:0:
475,0,35396,128,0,35447:0:0:0:0:
36,192,35667,1,0,0:0:0:0:
182,0,35667,128,0,35717:0:0:0:0:
36,192,35937,1,0,0:0:0:0:
109,192,35937,1,0,0:0:0:0:
256,0,35937,128,0,35988:0:0:0:0:
329,0,36072,128,0,36123:0:0:0:0:
36,192,36207,1,0,0:0:0:0:
402,0,36207,128,0,36258:0:0:0:0:
109,192,36342,1,0,0:0:0:0:
475,0,36342,128,0,36393:0:0:0:0:
36,192,36477,1,0,0:0:0:0:
402,0,36477,128,0,36528:0:0:0:0:
109,192,36613,1,0,0:0:0:0:
36,192,36748,1,0,0:0:0:0:
109,192,36748,1,0,0:0:0:0:
329,0,36748,128,0,36798:0:0:0:0:
36,192,37018,1,0,0:0:0:0:
109,192,37018,1,0,0:0:0:0:
256,0,37018,128,0,37069:0:0:0:0:
36,192,37153,1,0,0:0:0:0:
109,0,37288,128,0,37559:0:0:0:0:
402,0,37288,128,0,37339:0:0:0:0:
182,0,37559,128,0,37609:0:0:0:0:
402,192,37559,1,0,0:0:0:0:
475,192,37559,1,0,0:0:0:0:
36,0,37829,128,0,37880:0:0:0:0:
475,192,37829,1,0,0:0:0:0:
109,0,37964,128,0,38015:0:0:0:0:
182,0,38099,128,0,38150:0:0:0:0:
402,192,38099,1,0,0:0:0:0:
475,192,38099,1,0,0:0:0:0:
256,0,38234,128,0,38285:0:0:0:0:
182,0,38369,128,0,38420:0:0:0:0:
475,192,38369,1,0,0:0:0:0:
109,0,38505,128,0,38555:0:0:0:0:
402,192,38505,1,0,0:0:0:0:
36,0,38640,128,0,38690:0:0:0:0:
475,192,38640,1,0,0:0:0:0:
402,192,38775,1,0,0:0:0:0:
402,192,38910,1,0,0:0:0:0:
475,192,38910,1,0,0:0:0:0:
109,0,39180,128,0,39231:0:0:0:0:
402,192,39180,1,0,0:0:0:0:
475,192,39180,1,0,0:0:0:0:
475,192,39315,1,0,0:0:0:0:
182,0,39450,128,0,39501:0:0:0:0:
402,0,39450,128,0,39721:0:0:0:0:
36,192,39721,1,0,0:0:0:0:
109,192,39721,1,0,0:0:0:0:
256,0,39721,128,0,39771:0:0:0:0:
36,192,39991,1,0,0:0:0:0:
402,0,39991,128,0,40042:0:0:0:0:
36,192,40261,1,0,0:0:0:0:
109,0,40261,128,0,40802:0:0:0:0:
329,0,40261,128,0,40312:0:0:0:0:
36,192,40532,1,0,0:0:0:0:
182,192,40667,1,0,0:0:0:0:
36,0,40802,128,0,40852:0:0:0:0:
402,192,40802,1,0,0:0:0:0:
475,192,40802,1,0,0:0:0:0:
402,192,40937,1,0,0:0:0:0:
109,0,41072,128,0,41123:0:0:0:0:
475,192,41072,1,0,0:0:0:0:
182,0,41342,128,0,41393:0:0:0:0:
402,192,41342,1,0,0:0:0:0:
475,192,41342,1,0,0:0:0:0:
475,192,41477,1,0,0:0:0:0:
256,0,41613,128,0,41663:0:0:0:0:
402,0,41613,128,0,41883:0:0:0:0:
329,192,41883,1,0,0:0:0:0:
475,0,41883,128,0,41934:0:0:0:0:
182,192,42153,1,0,0:0:0:0:
329,0,42153,128,0,42204:0:0:0:0:
36,192,42423,1,0,0:0:0:0:
182,0,42423,128,0,42474:0:0:0:0:
36,0,42694,128,0,42727:0:0:0:0:
475,192,42694,1,0,0:0:0:0:
256,192,42964,1,0,0:0:0:0:
329,192,42964,1,0,0:0:0:0:
402,192,42964,1,0,0:0:0:0:
475,192,42964,1,0,0:0:0:0:
36,192,43234,1,0,0:0:0:0:
109,192,43234,1,0,0:0:0:0:
182,192,43234,1,0,0:0:0:0:
256,192,43234,1,0,0:0:0:0:
36,192,43505,1,0,0:0:0:0:
109,192,43505,1,0,0:0:0:0:
182,192,43505,1,0,0:0:0:0:
402,0,43505,128,0,43640:0:0:0:0:
329,192,43572,1,0,0:0:0:0:
475,192,43572,1,0,0:0:0:0:
256,0,43640,128,0,43775:0:0:0:0:
182,192,43707,1,0,0:0:0:0:
329,192,43707,1,0,0:0:0:0:
109,0,43775,128,0,43910:0:0:0:0:
402,192,43775,1,0,0:0:0:0:
475,192,43775,1,0,0:0:0:0:
36,192,43842,1,0,0:0:0:0:
182,192,43842,1,0,0:0:0:0:
256,0,43910,128,0,44045:0:0:0:0:
182,192,43977,1,0,0:0:0:0:
329,192,43977,1,0,0:0:0:0:
36,192,44045,1,0,0:0:0:0:
402,192,44045,1,0,0:0:0:0:
475,192,44045,1,0,0:0:0:0:
109,0,44045,128,0,44315:0:0:0:0:
475,192,44180,1,0,0:0:0:0:
36,0,44315,128,0,44721:0:0:0:0:
182,192,44315,1,0,0:0:0:0:
256,192,44315,1,0,0:0:0:0:
329,192,44315,1,0,0:0:0:0:
402,192,44315,1,0,0:0:0:0:
109,0,44450,128,0,44721:0:0:0:0:
182,0,44586,128,0,44991:0:0:0:0:
329,192,44586,1,0,0:0:0:0:
402,192,44586,1,0,0:0:0:0:
475,192,44586,1,0,0:0:0:0:
256,0,44721,128,0,44991:0:0:0:0:
36,192,44856,1,0,0:0:0:0:
109,192,44856,1,0,0:0:0:0:
329,0,44856,128,0,44991:0:0:0:0:
402,192,44856,1,0,0:0:0:0:
475,192,44856,1,0,0:0:0:0:
402,0,44991,128,0,45126:0:0:0:0:
36,192,45126,1,0,0:0:0:0:
109,192,45126,1,0,0:0:0:0:
256,192,45126,1,0,0:0:0:0:
329,0,45126,128,0,45261:0:0:0:0:
182,192,45261,1,0,0:0:0:0:
109,192,45396,1,0,0:0:0:0:
182,0,45396,128,0,45532:0:0:0:0:
256,192,45396,1,0,0:0:0:0:
329,192,45396,1,0,0:0:0:0:
402,192,45396,1,0,0:0:0:0:
475,192,45396,1,0,0:0:0:0:
36,192,45532,1,0,0:0:0:0:
36,0,45667,128,0,45802:0:0:0:0:
182,192,45667,1,0,0:0:0:0:
256,192,45667,1,0,0:0:0:0:
329,192,45667,1,0,0:0:0:0:
109,192,45802,1,0,0:0:0:0:
256,192,45802,1,0,0:0:0:0:
402,192,45802,1,0,0:0:0:0:
109,192,45869,1,0,0:0:0:0:
256,192,45869,1,0,0:0:0:0:
36,192,45937,1,0,0:0:0:0:
182,192,45937,1,0,0:0:0:0:
402,0,45937,128,0,46207:0:0:0:0:
475,192,45937,1,0,0:0:0:0:
109,192,46072,1,0,0:0:0:0:
182,192,46072,1,0,0:0:0:0:
329,0,46072,128,0,46207:0:0:0:0:
109,192,46140,1,0,0:0:0:0:
182,192,46140,1,0,0:0:0:0:
36,192,46207,1,0,0:0:0:0:
182,192,46207,1,0,0:0:0:0:
256,0,46207,128,0,46342:0:0:0:0:
475,192,46207,1,0,0:0:0:0:
329,192,46342,1,0,0:0:0:0:
36,192,46477,1,0,0:0:0:0:
109,192,46477,1,0,0:0:0:0:
182,192,46477,1,0,0:0:0:0:
256,192,46477,1,0,0:0:0:0:
329,0,46477,128,0,46613:0:0:0:0:
402,192,46613,1,0,0:0:0:0:
109,192,46748,1,0,0:0:0:0:
182,192,46748,1,0,0:0:0:0:
256,192,46748,1,0,0:0:0:0:
329,192,46748,1,0,0:0:0:0:
402,0,46748,128,0,46883:0:0:0:0:
475,192,46883,1,0,0:0:0:0:
182,192,47018,1,0,0:0:0:0:
256,192,47018,1,0,0:0:0:0:
329,192,47018,1,0,0:0:0:0:
402,192,47018,1,0,0:0:0:0:
475,0,47018,128,0,47153:0:0:0:0:
36,192,47153,1,0,0:0:0:0:
109,192,47288,1,0,0:0:0:0:
182,192,47288,1,0,0:0:0:0:
256,0,47288,128,0,47423:0:0:0:0:
329,192,47288,1,0,0:0:0:0:
36,0,47288,128,0,47964:0:0:0:0:
182,192,47491,1,0,0:0:0:0:
256,192,47491,1,0,0:0:0:0:
402,192,47491,1,0,0:0:0:0:
109,0,47491,128,0,47964:0:0:0:0:
329,0,47491,128,0,47626:0:0:0:0:
182,0,47694,128,0,47964:0:0:0:0:
256,192,47694,1,0,0:0:0:0:
329,192,47694,1,0,0:0:0:0:
402,0,47694,128,0,47896:0:0:0:0:
475,192,47694,1,0,0:0:0:0:
256,0,47964,128,0,48099:0:0:0:0:
402,192,47964,1,0,0:0:0:0:
475,192,47964,1,0,0:0:0:0:
109,192,48099,1,0,0:0:0:0:
182,0,48099,128,0,48234:0:0:0:0:
329,192,48099,1,0,0:0:0:0:
402,192,48099,1,0,0:0:0:0:
36,192,48234,1,0,0:0:0:0:
109,0,48234,128,0,48369:0:0:0:0:
256,192,48234,1,0,0:0:0:0:
329,192,48234,1,0,0:0:0:0:
36,0,48369,128,0,48505:0:0:0:0:
182,192,48369,1,0,0:0:0:0:
256,192,48369,1,0,0:0:0:0:
402,192,48369,1,0,0:0:0:0:
475,192,48369,1,0,0:0:0:0:
182,0,48505,128,0,48640:0:0:0:0:
36,192,48640,1,0,0:0:0:0:
109,192,48640,1,0,0:0:0:0:
256,192,48640,1,0,0:0:0:0:
329,0,48640,128,0,48775:0:0:0:0:
402,192,48640,1,0,0:0:0:0:
182,0,48775,128,0,48910:0:0:0:0:
36,192,48910,1,0,0:0:0:0:
109,192,48910,1,0,0:0:0:0:
256,192,48910,1,0,0:0:0:0:
402,192,48910,1,0,0:0:0:0:
475,0,48910,128,0,49045:0:0:0:0:
329,192,49045,1,0,0:0:0:0:
36,192,49180,1,0,0:0:0:0:
109,192,49180,1,0,0:0:0:0:
182,192,49180,1,0,0:0:0:0:
256,192,49180,1,0,0:0:0:0:
402,192,49180,1,0,0:0:0:0:
475,192,49180,1,0,0:0:0:0:
329,0,49315,128,0,49450:0:0:0:0:
36,192,49450,1,0,0:0:0:0:
109,192,49450,1,0,0:0:0:0:
182,192,49450,1,0,0:0:0:0:
256,192,49450,1,0,0:0:0:0:
402,0,49450,128,0,49541:0:0:0:0:
475,192,49450,1,0,0:0:0:0:
475,0,49541,128,0,49631:0:0:0:0:
402,0,49631,128,0,49721:0:0:0:0:
109,192,49721,1,0,0:0:0:0:
182,192,49721,1,0,0:0:0:0:
256,192,49721,1,0,0:0:0:0:
475,0,49721,128,0,49811:0:0:0:0:
402,0,49811,128,0,49901:0:0:0:0:
475,0,49901,128,0,49991:0:0:0:0:
36,192,49991,1,0,0:0:0:0:
109,192,49991,1,0,0:0:0:0:
182,192,49991,1,0,0:0:0:0:
402,0,49991,128,0,50081:0:0:0:0:
329,0,50081,128,0,50171:0:0:0:0:
109,0,50126,128,0,50261:0:0:0:0:
256,0,50171,128,0,50261:0:0:0:0:
36,192,50261,1,0,0:0:0:0:
182,0,50261,128,0,50351:0:0:0:0:
329,192,50261,1,0,0:0:0:0:
402,192,50261,1,0,0:0:0:0:
475,192,50261,1,0,0:0:0:0:
109,0,50351,128,0,50441:0:0:0:0:
402,0,50396,128,0,50532:0:0:0:0:
36,0,50441,128,0,50532:0:0:0:0:
109,192,50532,1,0,0:0:0:0:
182,192,50532,1,0,0:0:0:0:
329,0,50532,128,0,50667:0:0:0:0:
475,192,50532,1,0,0:0:0:0:
402,192,50622,1,0,0:0:0:0:
256,0,50667,128,0,50802:0:0:0:0:
475,192,50712,1,0,0:0:0:0:
36,0,50802,128,0,50937:0:0:0:0:
109,192,50802,1,0,0:0:0:0:
182,192,50802,1,0,0:0:0:0:
329,192,50802,1,0,0:0:0:0:
402,192,50802,1,0,0:0:0:0:
475,192,50892,1,0,0:0:0:0:
256,0,50937,128,0,51072:0:0:0:0:
329,192,50982,1,0,0:0:0:0:
36,192,51072,1,0,0:0:0:0:
109,192,51072,1,0,0:0:0:0:
182,192,51072,1,0,0:0:0:0:
402,0,51072,128,0,51207:0:0:0:0:
475,192,51072,1,0,0:0:0:0:
256,192,51162,1,0,0:0:0:0:
329,0,51207,128,0,51342:0:0:0:0:
36,192,51252,1,0,0:0:0:0:
109,0,51342,128,0,51477:0:0:0:0:
182,192,51342,1,0,0:0:0:0:
256,192,51342,1,0,0:0:0:0:
402,192,51342,1,0,0:0:0:0:
475,192,51342,1,0,0:0:0:0:
36,192,51432,1,0,0:0:0:0:
329,0,51477,128,0,51613:0:0:0:0:
402,192,51523,1,0,0:0:0:0:
36,192,51613,1,0,0:0:0:0:
109,192,51613,1,0,0:0:0:0:
182,192,51613,1,0,0:0:0:0:
256,192,51613,1,0,0:0:0:0:
475,0,51613,128,0,51748:0:0:0:0:
329,192,51703,1,0,0:0:0:0:
402,0,51748,128,0,51883:0:0:0:0:
36,192,51793,1,0,0:0:0:0:
109,192,51883,1,0,0:0:0:0:
182,0,51883,128,0,52018:0:0:0:0:
256,192,51883,1,0,0:0:0:0:
329,192,51883,1,0,0:0:0:0:
475,192,51883,1,0,0:0:0:0:
36,192,51973,1,0,0:0:0:0:
402,0,52018,128,0,52153:0:0:0:0:
329,192,52063,1,0,0:0:0:0:
36,192,52153,1,0,0:0:0:0:
109,192,52153,1,0,0:0:0:0:
182,192,52153,1,0,0:0:0:0:
256,0,52153,128,0,52288:0:0:0:0:
475,192,52153,1,0,0:0:0:0:
402,192,52243,1,0,0:0:0:0:
329,0,52288,128,0,52423:0:0:0:0:
36,192,52333,1,0,0:0:0:0:
109,192,52423,1,0,0:0:0:0:
182,192,52423,1,0,0:0:0:0:
256,192,52423,1,0,0:0:0:0:
402,0,52423,128,0,52559:0:0:0:0:
475,192,52423,1,0,0:0:0:0:
36,192,52514,1,0,0:0:0:0:
329,0,52559,128,0,52694:0:0:0:0:
475,192,52604,1,0,0:0:0:0:
36,192,52694,1,0,0:0:0:0:
109,192,52694,1,0,0:0:0:0:
182,192,52694,1,0,0:0:0:0:
256,0,52694,128,0,52761:0:0:0:0:
402,192,52694,1,0,0:0:0:0:
329,0,52761,128,0,52829:0:0:0:0:
256,0,52829,128,0,52896:0:0:0:0:
329,0,52896,128,0,52964:0:0:0:0:
36,192,52964,1,0,0:0:0:0:
109,192,52964,1,0,0:0:0:0:
182,192,52964,1,0,0:0:0:0:
256,0,52964,128,0,53234:0:0:0:0:
475,192,52964,1,0,0:0:0:0:
109,192,53234,1,0,0:0:0:0:
182,0,53234,128,0,53302:0:0:0:0:
329,192,53234,1,0,0:0:0:0:
402,192,53234,1,0,0:0:0:0:
475,192,53234,1,0,0:0:0:0:
256,0,53302,128,0,53369:0:0:0:0:
182,0,53369,128,0,53437:0:0:0:0:
256,0,53437,128,0,53505:0:0:0:0:
36,192,53505,1,0,0:0:0:0:
182,0,53505,128,0,53775:0:0:0:0:
329,192,53505,1,0,0:0:0:0:
402,192,53505,1,0,0:0:0:0:
475,192,53505,1,0,0:0:0:0:
256,0,53775,128,0,53910:0:0:0:0:
402,192,53775,1,0,0:0:0:0:
475,0,53775,128,0,53910:0:0:0:0:
109,192,53910,1,0,0:0:0:0:
329,192,53910,1,0,0:0:0:0:
182,0,53910,128,0,54180:0:0:0:0:
402,0,53910,128,0,54180:0:0:0:0:
36,192,54180,1,0,0:0:0:0:
109,0,54180,128,0,54450:0:0:0:0:
256,192,54180,1,0,0:0:0:0:
329,0,54180,128,0,54450:0:0:0:0:
36,0,54450,128,0,54856:0:0:0:0:
182,192,54450,1,0,0:0:0:0:
256,0,54450,128,0,54856:0:0:0:0:
475,0,54450,128,0,54856:0:0:0:0:
329,192,54586,1,0,0:0:0:0:
329,192,54721,1,0,0:0:0:0:
109,0,54856,128,0,54923:0:0:0:0:
182,192,54856,1,0,0:0:0:0:
402,0,55126,128,0,55194:0:0:0:0:
36,0,55396,128,0,55464:0:0:0:0:
256,192,55667,1,0,0:0:0:0:
402,0,55667,128,0,55734:0:0:0:0:
182,192,55757,1,0,0:0:0:0:
109,192,55847,1,0,0:0:0:0:
36,0,55937,128,0,56005:0:0:0:0:
256,192,55937,1,0,0:0:0:0:
329,192,55937,1,0,0:0:0:0:
475,0,56207,128,0,56275:0:0:0:0:
36,0,56477,128,0,56545:0:0:0:0:
256,0,56477,128,0,56613:0:0:0:0:
109,0,56545,128,0,56613:0:0:0:0:
182,0,56613,128,0,56748:0:0:0:0:
329,0,56613,128,0,56748:0:0:0:0:
256,0,56748,128,0,56883:0:0:0:0:
402,0,56748,128,0,56883:0:0:0:0:
329,0,56883,128,0,57018:0:0:0:0:
475,0,56883,128,0,57018:0:0:0:0:
36,192,57018,1,0,0:0:0:0:
182,192,57018,1,0,0:0:0:0:
256,192,57018,1,0,0:0:0:0:
402,0,57018,128,0,57153:0:0:0:0:
109,192,57108,1,0,0:0:0:0:
182,192,57198,1,0,0:0:0:0:
36,192,57288,1,0,0:0:0:0:
109,192,57288,1,0,0:0:0:0:
256,192,57288,1,0,0:0:0:0:
329,0,57288,128,0,57423:0:0:0:0:
402,192,57288,1,0,0:0:0:0:
475,192,57288,1,0,0:0:0:0:
182,192,57378,1,0,0:0:0:0:
256,192,57468,1,0,0:0:0:0:
36,192,57559,1,0,0:0:0:0:
109,192,57559,1,0,0:0:0:0:
182,192,57559,1,0,0:0:0:0:
329,192,57559,1,0,0:0:0:0:
402,0,57559,128,0,57694:0:0:0:0:
475,192,57559,1,0,0:0:0:0:
256,192,57649,1,0,0:0:0:0:
182,192,57739,1,0,0:0:0:0:
36,192,57829,1,0,0:0:0:0:
109,192,57829,1,0,0:0:0:0:
256,192,57829,1,0,0:0:0:0:
329,192,57829,1,0,0:0:0:0:
402,192,57829,1,0,0:0:0:0:
475,0,57829,128,0,57964:0:0:0:0:
182,192,57919,1,0,0:0:0:0:
109,192,58009,1,0,0:0:0:0:
36,192,58099,1,0,0:0:0:0:
182,0,58099,128,0,58234:0:0:0:0:
256,192,58099,1,0,0:0:0:0:
329,192,58099,1,0,0:0:0:0:
475,192,58099,1,0,0:0:0:0:
402,192,58189,1,0,0:0:0:0:
329,192,58279,1,0,0:0:0:0:
36,192,58369,1,0,0:0:0:0:
109,0,58369,128,0,58505:0:0:0:0:
182,192,58369,1,0,0:0:0:0:
256,192,58369,1,0,0:0:0:0:
402,192,58369,1,0,0:0:0:0:
475,192,58369,1,0,0:0:0:0:
329,192,58459,1,0,0:0:0:0:
256,192,58550,1,0,0:0:0:0:
36,0,58640,128,0,58775:0:0:0:0:
109,192,58640,1,0,0:0:0:0:
182,192,58640,1,0,0:0:0:0:
329,192,58640,1,0,0:0:0:0:
402,192,58640,1,0,0:0:0:0:
475,192,58640,1,0,0:0:0:0:
256,192,58730,1,0,0:0:0:0:
329,192,58820,1,0,0:0:0:0:
36,192,58910,1,0,0:0:0:0:
109,0,58910,128,0,59045:0:0:0:0:
182,192,58910,1,0,0:0:0:0:
256,192,58910,1,0,0:0:0:0:
402,192,58910,1,0,0:0:0:0:
475,192,58910,1,0,0:0:0:0:
329,192,59000,1,0,0:0:0:0:
402,192,59090,1,0,0:0:0:0:
36,192,59180,1,0,0:0:0:0:
182,192,59180,1,0,0:0:0:0:
256,192,59180,1,0,0:0:0:0:
329,192,59180,1,0,0:0:0:0:
475,0,59180,128,0,59450:0:0:0:0:
109,192,59270,1,0,0:0:0:0:
182,192,59360,1,0,0:0:0:0:
36,192,59450,1,0,0:0:0:0:
109,192,59450,1,0,0:0:0:0:
256,192,59450,1,0,0:0:0:0:
329,192,59450,1,0,0:0:0:0:
402,192,59450,1,0,0:0:0:0:
182,192,59541,1,0,0:0:0:0:
402,0,59586,128,0,59676:0:0:0:0:
256,192,59631,1,0,0:0:0:0:
36,192,59721,1,0,0:0:0:0:
109,192,59721,1,0,0:0:0:0:
182,192,59721,1,0,0:0:0:0:
329,192,59721,1,0,0:0:0:0:
402,0,59721,128,0,59991:0:0:0:0:
475,192,59721,1,0,0:0:0:0:
256,192,59811,1,0,0:0:0:0:
182,192,59901,1,0,0:0:0:0:
36,192,59991,1,0,0:0:0:0:
109,192,59991,1,0,0:0:0:0:
256,192,59991,1,0,0:0:0:0:
329,192,59991,1,0,0:0:0:0:
475,192,59991,1,0,0:0:0:0:
182,192,60081,1,0,0:0:0:0:
402,0,60126,128,0,60261:0:0:0:0:
109,192,60171,1,0,0:0:0:0:
36,192,60261,1,0,0:0:0:0:
182,192,60261,1,0,0:0:0:0:
256,0,60261,128,0,60396:0:0:0:0:
329,192,60261,1,0,0:0:0:0:
475,192,60261,1,0,0:0:0:0:
402,192,60351,1,0,0:0:0:0:
182,0,60396,128,0,60532:0:0:0:0:
329,192,60441,1,0,0:0:0:0:
36,192,60532,1,0,0:0:0:0:
109,192,60532,1,0,0:0:0:0:
256,192,60532,1,0,0:0:0:0:
402,192,60532,1,0,0:0:0:0:
475,192,60532,1,0,0:0:0:0:
329,192,60622,1,0,0:0:0:0:
36,0,60667,128,0,60937:0:0:0:0:
256,192,60712,1,0,0:0:0:0:
109,192,60802,1,0,0:0:0:0:
182,192,60802,1,0,0:0:0:0:
329,192,60802,1,0,0:0:0:0:
402,192,60802,1,0,0:0:0:0:
475,192,60802,1,0,0:0:0:0:
256,192,60892,1,0,0:0:0:0:
109,0,60937,128,0,61342:0:0:0:0:
329,192,60982,1,0,0:0:0:0:
36,192,61072,1,0,0:0:0:0:
182,192,61072,1,0,0:0:0:0:
256,192,61072,1,0,0:0:0:0:
402,192,61072,1,0,0:0:0:0:
475,192,61072,1,0,0:0:0:0:
329,192,61162,1,0,0:0:0:0:
36,192,61207,1,0,0:0:0:0:
402,192,61252,1,0,0:0:0:0:
36,192,61342,1,0,0:0:0:0:
182,0,61342,128,0,61477:0:0:0:0:
256,192,61342,1,0,0:0:0:0:
329,192,61342,1,0,0:0:0:0:
475,192,61342,1,0,0:0:0:0:
402,192,61432,1,0,0:0:0:0:
329,192,61523,1,0,0:0:0:0:
36,0,61613,128,0,61748:0:0:0:0:
109,192,61613,1,0,0:0:0:0:
256,192,61613,1,0,0:0:0:0:
402,192,61613,1,0,0:0:0:0:
475,192,61613,1,0,0:0:0:0:
182,192,61703,1,0,0:0:0:0:
109,192,61793,1,0,0:0:0:0:
36,192,61883,1,0,0:0:0:0:
109,192,61883,1,0,0:0:0:0:
182,192,61883,1,0,0:0:0:0:
256,0,61883,128,0,62018:0:0:0:0:
329,192,61883,1,0,0:0:0:0:
402,192,61883,1,0,0:0:0:0:
475,192,61883,1,0,0:0:0:0:
109,192,61973,1,0,0:0:0:0:
329,0,62018,128,0,62153:0:0:0:0:
182,192,62063,1,0,0:0:0:0:
109,192,62153,1,0,0:0:0:0:
256,192,62153,1,0,0:0:0:0:
402,192,62153,1,0,0:0:0:0:
475,192,62153,1,0,0:0:0:0:
36,0,62153,128,0,62423:0:0:0:0:
329,192,62243,1,0,0:0:0:0:
402,192,62333,1,0,0:0:0:0:
109,0,62423,128,0,62559:0:0:0:0:
182,192,62423,1,0,0:0:0:0:
256,192,62423,1,0,0:0:0:0:
329,192,62423,1,0,0:0:0:0:
402,192,62423,1,0,0:0:0:0:
475,192,62423,1,0,0:0:0:0:
329,192,62514,1,0,0:0:0:0:
182,192,62604,1,0,0:0:0:0:
36,192,62694,1,0,0:0:0:0:
109,192,62694,1,0,0:0:0:0:
182,192,62694,1,0,0:0:0:0:
256,192,62694,1,0,0:0:0:0:
329,192,62694,1,0,0:0:0:0:
402,0,62694,128,0,62829:0:0:0:0:
475,192,62694,1,0,0:0:0:0:
182,192,62784,1,0,0:0:0:0:
329,192,62874,1,0,0:0:0:0:
36,192,62964,1,0,0:0:0:0:
109,0,62964,128,0,63099:0:0:0:0:
182,192,62964,1,0,0:0:0:0:
256,192,62964,1,0,0:0:0:0:
329,192,62964,1,0,0:0:0:0:
402,192,62964,1,0,0:0:0:0:
475,192,62964,1,0,0:0:0:0:
329,192,63054,1,0,0:0:0:0:
256,0,63099,128,0,63234:0:0:0:0:
182,192,63144,1,0,0:0:0:0:
36,192,63234,1,0,0:0:0:0:
109,192,63234,1,0,0:0:0:0:
182,192,63234,1,0,0:0:0:0:
329,192,63234,1,0,0:0:0:0:
402,0,63234,128,0,63369:0:0:0:0:
475,192,63234,1,0,0:0:0:0:
182,192,63324,1,0,0:0:0:0:
256,0,63369,128,0,63505:0:0:0:0:
329,192,63414,1,0,0:0:0:0:
36,192,63505,1,0,0:0:0:0:
109,0,63505,128,0,63910:0:0:0:0:
182,192,63505,1,0,0:0:0:0:
329,192,63505,1,0,0:0:0:0:
402,192,63505,1,0,0:0:0:0:
475,192,63505,1,0,0:0:0:0:
402,192,63595,1,0,0:0:0:0:
329,192,63685,1,0,0:0:0:0:
36,192,63775,1,0,0:0:0:0:
182,192,63775,1,0,0:0:0:0:
256,192,63775,1,0,0:0:0:0:
329,192,63775,1,0,0:0:0:0:
402,192,63775,1,0,0:0:0:0:
475,192,63775,1,0,0:0:0:0:
329,192,63865,1,0,0:0:0:0:
36,192,63910,1,0,0:0:0:0:
256,192,63955,1,0,0:0:0:0:
36,0,64045,128,0,64315:0:0:0:0:
109,192,64045,1,0,0:0:0:0:
182,192,64045,1,0,0:0:0:0:
329,192,64045,1,0,0:0:0:0:
402,192,64045,1,0,0:0:0:0:
475,192,64045,1,0,0:0:0:0:
256,192,64135,1,0,0:0:0:0:
182,192,64225,1,0,0:0:0:0:
109,192,64315,1,0,0:0:0:0:
182,192,64315,1,0,0:0:0:0:
256,192,64315,1,0,0:0:0:0:
329,192,64315,1,0,0:0:0:0:
402,192,64315,1,0,0:0:0:0:
475,192,64315,1,0,0:0:0:0:
182,192,64405,1,0,0:0:0:0:
402,0,64450,128,0,64586:0:0:0:0:
109,192,64495,1,0,0:0:0:0:
36,0,64586,128,0,64721:0:0:0:0:
109,192,64586,1,0,0:0:0:0:
182,192,64586,1,0,0:0:0:0:
256,192,64586,1,0,0:0:0:0:
329,192,64586,1,0,0:0:0:0:
475,0,64586,128,0,64721:0:0:0:0:
109,0,64721,128,0,64856:0:0:0:0:
402,0,64721,128,0,64856:0:0:0:0:
36,192,64856,1,0,0:0:0:0:
182,192,64856,1,0,0:0:0:0:
256,192,64856,1,0,0:0:0:0:
329,192,64856,1,0,0:0:0:0:
475,192,64856,1,0,0:0:0:0:
36,0,64991,128,0,65126:0:0:0:0:
475,0,64991,128,0,65126:0:0:0:0:
256,192,65126,1,0,0:0:0:0:
109,0,65261,128,0,65396:0:0:0:0:
402,0,65261,128,0,65396:0:0:0:0:
36,192,65396,1,0,0:0:0:0:
256,192,65396,1,0,0:0:0:0:
475,192,65396,1,0,0:0:0:0:
182,0,65396,128,0,65667:0:0:0:0:
329,0,65396,128,0,65667:0:0:0:0:
256,192,65532,1,0,0:0:0:0:
36,0,65667,128,0,65847:0:0:0:0:
402,192,65667,1,0,0:0:0:0:
475,192,65667,1,0,0:0:0:0:
109,0,65712,128,0,65892:0:0:0:0:
182,0,65757,128,0,65937:0:0:0:0:
256,0,65802,128,0,65982:0:0:0:0:
329,0,65847,128,0,66027:0:0:0:0:
402,0,65892,128,0,66072:0:0:0:0:
36,192,65937,1,0,0:0:0:0:
109,0,65937,128,0,66297:0:0:0:0:
475,192,65937,1,0,0:0:0:0:
182,0,65982,128,0,66252:0:0:0:0:
256,0,66027,128,0,66207:0:0:0:0:
329,0,66072,128,0,66162:0:0:0:0:
402,192,66117,1,0,0:0:0:0:
475,0,66162,128,0,66252:0:0:0:0:
36,192,66207,1,0,0:0:0:0:
402,0,66207,128,0,66297:0:0:0:0:
329,0,66252,128,0,66342:0:0:0:0:
256,0,66297,128,0,66387:0:0:0:0:
182,0,66342,128,0,66432:0:0:0:0:
109,0,66387,128,0,66477:0:0:0:0:
36,0,66432,128,0,66523:0:0:0:0:
182,192,66477,1,0,0:0:0:0:
256,192,66477,1,0,0:0:0:0:
329,192,66477,1,0,0:0:0:0:
475,0,66477,128,0,66613:0:0:0:0:
402,0,66523,128,0,66658:0:0:0:0:
329,0,66568,128,0,66703:0:0:0:0:
256,0,66613,128,0,66748:0:0:0:0:
182,0,66658,128,0,66793:0:0:0:0:
109,192,66703,1,0,0:0:0:0:
36,0,66748,128,0,66928:0:0:0:0:
329,192,66748,1,0,0:0:0:0:
402,192,66748,1,0,0:0:0:0:
475,192,66748,1,0,0:0:0:0:
109,0,66793,128,0,66973:0:0:0:0:
182,0,66838,128,0,67018:0:0:0:0:
256,0,66883,128,0,67063:0:0:0:0:
329,0,66928,128,0,67108:0:0:0:0:
402,0,66973,128,0,67153:0:0:0:0:
36,192,67018,1,0,0:0:0:0:
109,0,67018,128,0,67153:0:0:0:0:
475,0,67018,128,0,67198:0:0:0:0:
182,0,67063,128,0,67198:0:0:0:0:
256,0,67108,128,0,67243:0:0:0:0:
329,0,67153,128,0,67288:0:0:0:0:
402,0,67198,128,0,67333:0:0:0:0:
475,0,67243,128,0,67378:0:0:0:0:
36,192,67288,1,0,0:0:0:0:
109,0,67288,128,0,67322:0:0:0:0:
182,0,67288,128,0,67322:0:0:0:0:
329,0,67356,128,0,67390:0:0:0:0:
402,0,67356,128,0,67390:0:0:0:0:
182,0,67423,128,0,67457:0:0:0:0:
256,0,67423,128,0,67457:0:0:0:0:
402,0,67491,128,0,67525:0:0:0:0:
475,0,67491,128,0,67525:0:0:0:0:
36,192,67559,1,0,0:0:0:0:
109,0,67559,128,0,67592:0:0:0:0:
182,0,67559,128,0,67592:0:0:0:0:
256,192,67559,1,0,0:0:0:0:
329,0,67626,128,0,67660:0:0:0:0:
402,0,67626,128,0,67660:0:0:0:0:
36,0,67694,128,0,67727:0:0:0:0:
109,0,67694,128,0,67727:0:0:0:0:
256,0,67761,128,0,67795:0:0:0:0:
329,0,67761,128,0,67795:0:0:0:0:
36,0,67829,128,0,67919:0:0:0:0:
182,0,67829,128,0,67919:0:0:0:0:
402,192,67829,1,0,0:0:0:0:
475,192,67829,1,0,0:0:0:0:
109,0,67919,128,0,68009:0:0:0:0:
256,0,67919,128,0,68009:0:0:0:0:
182,0,68009,128,0,68099:0:0:0:0:
329,0,68009,128,0,68099:0:0:0:0:
36,192,68099,1,0,0:0:0:0:
109,0,68099,128,0,68189:0:0:0:0:
256,0,68099,128,0,68189:0:0:0:0:
402,192,68099,1,0,0:0:0:0:
475,192,68099,1,0,0:0:0:0:
182,0,68189,128,0,68279:0:0:0:0:
329,0,68189,128,0,68279:0:0:0:0:
256,0,68279,128,0,68369:0:0:0:0:
402,0,68279,128,0,68369:0:0:0:0:
36,192,68369,1,0,0:0:0:0:
109,192,68369,1,0,0:0:0:0:
182,192,68369,1,0,0:0:0:0:
329,0,68369,128,0,68459:0:0:0:0:
475,0,68369,128,0,68459:0:0:0:0:
256,0,68459,128,0,68550:0:0:0:0:
402,0,68459,128,0,68550:0:0:0:0:
182,0,68550,128,0,68640:0:0:0:0:
329,0,68550,128,0,68640:0:0:0:0:
36,192,68640,1,0,0:0:0:0:
109,192,68640,1,0,0:0:0:0:
256,0,68640,128,0,68730:0:0:0:0:
402,0,68640,128,0,68730:0:0:0:0:
475,192,68640,1,0,0:0:0:0:
182,0,68730,128,0,68820:0:0:0:0:
329,0,68730,128,0,68820:0:0:0:0:
109,0,68820,128,0,68910:0:0:0:0:
256,0,68820,128,0,68910:0:0:0:0:
36,0,68910,128,0,69045:0:0:0:0:
182,0,68910,128,0,69045:0:0:0:0:
329,0,68910,128,0,69045:0:0:0:0:
402,192,68910,1,0,0:0:0:0:
475,0,68910,128,0,69045:0:0:0:0:
109,0,69045,128,0,69180:0:0:0:0:
256,0,69045,128,0,69180:0:0:0:0:
402,0,69045,128,0,69180:0:0:0:0:
36,192,69180,1,0,0:0:0:0:
182,0,69315,128,0,69586:0:0:0:0:
329,0,69315,128,0,69586:0:0:0:0:
256,192,69450,1,0,0:0:0:0:
109,0,69586,128,0,69721:0:0:0:0:
402,0,69586,128,0,69721:0:0:0:0:
256,0,69586,128,0,69991:0:0:0:0:
36,192,69721,1,0,0:0:0:0:
182,192,69721,1,0,0:0:0:0:
329,192,69721,1,0,0:0:0:0:
475,192,69721,1,0,0:0:0:0:
182,192,69856,1,0,0:0:0:0:
329,192,69856,1,0,0:0:0:0:
36,0,69991,128,0,70081:0:0:0:0:
182,192,69991,1,0,0:0:0:0:
329,192,69991,1,0,0:0:0:0:
402,192,69991,1,0,0:0:0:0:
475,192,69991,1,0,0:0:0:0:
109,0,70081,128,0,70171:0:0:0:0:
256,192,70081,1,0,0:0:0:0:
182,0,70171,128,0,70261:0:0:0:0:
329,192,70171,1,0,0:0:0:0:
36,192,70261,1,0,0:0:0:0:
109,192,70261,1,0,0:0:0:0:
256,0,70261,128,0,70351:0:0:0:0:
402,192,70261,1,0,0:0:0:0:
329,0,70351,128,0,70441:0:0:0:0:
475,192,70351,1,0,0:0:0:0:
402,0,70441,128,0,70532:0:0:0:0:
36,192,70532,1,0,0:0:0:0:
109,192,70532,1,0,0:0:0:0:
182,192,70532,1,0,0:0:0:0:
329,192,70532,1,0,0:0:0:0:
475,0,70532,128,0,70622:0:0:0:0:
256,192,70622,1,0,0:0:0:0:
402,0,70622,128,0,70712:0:0:0:0:
182,192,70712,1,0,0:0:0:0:
329,0,70712,128,0,70802:0:0:0:0:
109,192,70802,1,0,0:0:0:0:
256,0,70802,128,0,70892:0:0:0:0:
402,192,70802,1,0,0:0:0:0:
475,192,70802,1,0,0:0:0:0:
36,192,70892,1,0,0:0:0:0:
182,0,70892,128,0,70982:0:0:0:0:
109,0,70982,128,0,71072:0:0:0:0:
36,0,71072,128,0,71162:0:0:0:0:
182,192,71072,1,0,0:0:0:0:
329,192,71072,1,0,0:0:0:0:
402,192,71072,1,0,0:0:0:0:
475,192,71072,1,0,0:0:0:0:
109,0,71162,128,0,71252:0:0:0:0:
256,192,71162,1,0,0:0:0:0:
182,0,71252,128,0,71342:0:0:0:0:
329,192,71252,1,0,0:0:0:0:
36,192,71342,1,0,0:0:0:0:
109,192,71342,1,0,0:0:0:0:
256,0,71342,128,0,71432:0:0:0:0:
402,192,71342,1,0,0:0:0:0:
329,0,71432,128,0,71523:0:0:0:0:
475,192,71432,1,0,0:0:0:0:
402,0,71523,128,0,71613:0:0:0:0:
36,192,71613,1,0,0:0:0:0:
109,192,71613,1,0,0:0:0:0:
182,192,71613,1,0,0:0:0:0:
329,192,71613,1,0,0:0:0:0:
475,0,71613,128,0,71703:0:0:0:0:
256,192,71703,1,0,0:0:0:0:
402,0,71703,128,0,71793:0:0:0:0:
36,192,71748,1,0,0:0:0:0:
182,192,71793,1,0,0:0:0:0:
329,0,71793,128,0,71883:0:0:0:0:
109,192,71883,1,0,0:0:0:0:
256,0,71883,128,0,71973:0:0:0:0:
402,192,71883,1,0,0:0:0:0:
475,192,71883,1,0,0:0:0:0:
36,192,71973,1,0,0:0:0:0:
182,0,71973,128,0,72063:0:0:0:0:
475,192,72018,1,0,0:0:0:0:
109,0,72063,128,0,72153:0:0:0:0:
36,0,72153,128,0,72243:0:0:0:0:
182,0,72153,128,0,72243:0:0:0:0:
329,192,72153,1,0,0:0:0:0:
475,192,72153,1,0,0:0:0:0:
256,0,72243,128,0,72333:0:0:0:0:
402,0,72243,128,0,72333:0:0:0:0:
36,192,72288,1,0,0:0:0:0:
475,192,72288,1,0,0:0:0:0:
182,0,72333,128,0,72423:0:0:0:0:
329,0,72333,128,0,72423:0:0:0:0:
36,192,72423,1,0,0:0:0:0:
109,0,72423,128,0,72514:0:0:0:0:
256,0,72423,128,0,72514:0:0:0:0:
402,192,72423,1,0,0:0:0:0:
329,0,72514,128,0,72604:0:0:0:0:
475,0,72514,128,0,72604:0:0:0:0:
109,0,72604,128,0,72694:0:0:0:0:
256,0,72604,128,0,72694:0:0:0:0:
36,192,72694,1,0,0:0:0:0:
182,0,72694,128,0,72784:0:0:0:0:
329,0,72694,128,0,72784:0:0:0:0:
475,192,72694,1,0,0:0:0:0:
256,0,72784,128,0,72874:0:0:0:0:
402,0,72784,128,0,72874:0:0:0:0:
109,192,72829,1,0,0:0:0:0:
475,192,72829,1,0,0:0:0:0:
36,0,72874,128,0,72964:0:0:0:0:
182,0,72874,128,0,72964:0:0:0:0:
109,192,72964,1,0,0:0:0:0:
256,0,72964,128,0,73054:0:0:0:0:
402,0,72964,128,0,73054:0:0:0:0:
475,192,72964,1,0,0:0:0:0:
182,0,73054,128,0,73144:0:0:0:0:
329,0,73054,128,0,73144:0:0:0:0:
109,0,73144,128,0,73234:0:0:0:0:
256,0,73144,128,0,73234:0:0:0:0:
36,192,73234,1,0,0:0:0:0:
182,192,73234,1,0,0:0:0:0:
402,0,73234,128,0,73324:0:0:0:0:
475,0,73234,128,0,74315:0:0:0:0:
329,0,73324,128,0,73414:0:0:0:0:
256,0,73414,128,0,73505:0:0:0:0:
109,192,73505,1,0,0:0:0:0:
182,192,73505,1,0,0:0:0:0:
329,0,73505,128,0,73595:0:0:0:0:
402,0,73505,128,0,74315:0:0:0:0:
256,0,73595,128,0,73685:0:0:0:0:
182,0,73685,128,0,73775:0:0:0:0:
36,192,73775,1,0,0:0:0:0:
109,192,73775,1,0,0:0:0:0:
256,0,73775,128,0,73865:0:0:0:0:
329,0,73775,128,0,74315:0:0:0:0:
182,0,73865,128,0,73955:0:0:0:0:
109,0,73955,128,0,74045:0:0:0:0:
36,192,74045,1,0,0:0:0:0:
182,0,74045,128,0,74135:0:0:0:0:
256,0,74045,128,0,74315:0:0:0:0:
109,0,74135,128,0,74225:0:0:0:0:
36,0,74225,128,0,74315:0:0:0:0:
109,192,74315,1,0,0:0:0:0:
182,0,74315,128,0,74450:0:0:0:0:
36,0,74586,128,0,74721:0:0:0:0:
109,192,74586,1,0,0:0:0:0:
182,192,74586,1,0,0:0:0:0:
256,192,74586,1,0,0:0:0:0:
402,0,74586,128,0,74619:0:0:0:0:
475,192,74586,1,0,0:0:0:0:
36,192,74856,1,0,0:0:0:0:
182,192,74856,1,0,0:0:0:0:
256,192,74856,1,0,0:0:0:0:
329,0,74856,128,0,74890:0:0:0:0:
402,192,74856,1,0,0:0:0:0:
475,0,74856,128,0,74991:0:0:0:0:
36,0,75126,128,0,75261:0:0:0:0:
109,192,75126,1,0,0:0:0:0:
182,192,75126,1,0,0:0:0:0:
256,0,75126,128,0,75160:0:0:0:0:
329,192,75126,1,0,0:0:0:0:
475,192,75126,1,0,0:0:0:0:
36,192,75396,1,0,0:0:0:0:
182,0,75396,128,0,75430:0:0:0:0:
256,192,75396,1,0,0:0:0:0:
329,192,75396,1,0,0:0:0:0:
402,192,75396,1,0,0:0:0:0:
475,0,75396,128,0,75532:0:0:0:0:
36,0,75667,128,0,75802:0:0:0:0:
109,192,75667,1,0,0:0:0:0:
182,192,75667,1,0,0:0:0:0:
256,0,75667,128,0,75700:0:0:0:0:
329,192,75667,1,0,0:0:0:0:
475,192,75667,1,0,0:0:0:0:
36,192,75937,1,0,0:0:0:0:
182,192,75937,1,0,0:0:0:0:
256,192,75937,1,0,0:0:0:0:
329,0,75937,128,0,75971:0:0:0:0:
402,192,75937,1,0,0:0:0:0:
475,0,75937,128,0,76072:0:0:0:0:
36,0,76207,128,0,76342:0:0:0:0:
109,192,76207,1,0,0:0:0:0:
182,192,76207,1,0,0:0:0:0:
256,192,76207,1,0,0:0:0:0:
329,192,76207,1,0,0:0:0:0:
475,0,76207,128,0,76241:0:0:0:0:
182,0,76461,128,0,76494:0:0:0:0:
36,192,76477,1,0,0:0:0:0:
109,192,76477,1,0,0:0:0:0:
329,192,76477,1,0,0:0:0:0:
402,192,76477,1,0,0:0:0:0:
475,0,76477,128,0,76613:0:0:0:0:
256,0,76494,128,0,76528:0:0:0:0:
36,0,76748,128,0,76883:0:0:0:0:
109,192,76748,1,0,0:0:0:0:
182,192,76748,1,0,0:0:0:0:
256,192,76748,1,0,0:0:0:0:
475,192,76748,1,0,0:0:0:0:
36,192,77018,1,0,0:0:0:0:
109,192,77018,1,0,0:0:0:0:
182,192,77018,1,0,0:0:0:0:
256,0,77018,128,0,77052:0:0:0:0:
475,0,77018,128,0,77153:0:0:0:0:
329,0,77052,128,0,77086:0:0:0:0:
402,0,77086,128,0,77119:0:0:0:0:
256,0,77153,128,0,77187:0:0:0:0:
36,0,77288,128,0,77423:0:0:0:0:
182,0,77288,128,0,77322:0:0:0:0:
329,192,77288,1,0,0:0:0:0:
402,192,77288,1,0,0:0:0:0:
475,192,77288,1,0,0:0:0:0:
109,0,77423,128,0,77457:0:0:0:0:
36,192,77559,1,0,0:0:0:0:
256,192,77559,1,0,0:0:0:0:
329,192,77559,1,0,0:0:0:0:
402,192,77559,1,0,0:0:0:0:
475,0,77559,128,0,77694:0:0:0:0:
36,0,77829,128,0,77964:0:0:0:0:
109,192,77829,1,0,0:0:0:0:
182,192,77829,1,0,0:0:0:0:
256,192,77829,1,0,0:0:0:0:
475,192,77829,1,0,0:0:0:0:
109,0,78099,128,0,78133:0:0:0:0:
182,192,78099,1,0,0:0:0:0:
182,0,78167,128,0,78200:0:0:0:0:
256,192,78167,1,0,0:0:0:0:
256,0,78234,128,0,78268:0:0:0:0:
329,192,78234,1,0,0:0:0:0:
329,0,78302,128,0,78336:0:0:0:0:
402,192,78302,1,0,0:0:0:0:
256,192,78369,1,0,0:0:0:0:
402,0,78369,128,0,78403:0:0:0:0:
182,192,78437,1,0,0:0:0:0:
329,0,78437,128,0,78471:0:0:0:0:
109,192,78505,1,0,0:0:0:0:
256,0,78505,128,0,78538:0:0:0:0:
36,192,78572,1,0,0:0:0:0:
182,0,78572,128,0,78606:0:0:0:0:
36,0,78640,128,0,78842:0:0:0:0:
256,0,78640,128,0,78775:0:0:0:0:
329,0,78640,128,0,78842:0:0:0:0:
402,0,78640,128,0,78842:0:0:0:0:
475,0,78640,128,0,78842:0:0:0:0:
109,0,78707,128,0,78842:0:0:0:0:
182,0,78775,128,0,78910:0:0:0:0:
256,0,78842,128,0,78977:0:0:0:0:
36,0,78910,128,0,79113:0:0:0:0:
109,0,78910,128,0,79113:0:0:0:0:
329,0,78910,128,0,79045:0:0:0:0:
402,0,78910,128,0,79113:0:0:0:0:
475,0,78910,128,0,79113:0:0:0:0:
182,0,78977,128,0,79113:0:0:0:0:
256,0,79045,128,0,79180:0:0:0:0:
329,0,79113,128,0,79248:0:0:0:0:
36,0,79180,128,0,79383:0:0:0:0:
109,0,79180,128,0,79383:0:0:0:0:
182,0,79180,128,0,79383:0:0:0:0:
402,0,79180,128,0,79315:0:0:0:0:
475,0,79180,128,0,79383:0:0:0:0:
256,0,79248,128,0,79383:0:0:0:0:
329,0,79315,128,0,79450:0:0:0:0:
402,0,79383,128,0,79518:0:0:0:0:
36,0,79450,128,0,79653:0:0:0:0:
109,0,79450,128,0,79653:0:0:0:0:
182,0,79450,128,0,79653:0:0:0:0:
256,0,79450,128,0,79653:0:0:0:0:
475,0,79450,128,0,79586:0:0:0:0:
329,0,79518,128,0,79856:0:0:0:0:
402,0,79586,128,0,79653:0:0:0:0:
475,0,79653,128,0,79721:0:0:0:0:
36,0,79721,128,0,79923:0:0:0:0:
109,0,79721,128,0,79923:0:0:0:0:
182,0,79721,128,0,79923:0:0:0:0:
256,0,79721,128,0,79923:0:0:0:0:
402,0,79721,128,0,79788:0:0:0:0:
475,0,79788,128,0,79923:0:0:0:0:
402,0,79856,128,0,80194:0:0:0:0:
329,0,79923,128,0,79991:0:0:0:0:
36,0,79991,128,0,80194:0:0:0:0:
109,0,79991,128,0,80194:0:0:0:0:
182,0,79991,128,0,80126:0:0:0:0:
256,0,79991,128,0,80059:0:0:0:0:
475,0,79991,128,0,80194:0:0:0:0:
329,0,80059,128,0,80194:0:0:0:0:
256,0,80126,128,0,80464:0:0:0:0:
182,0,80194,128,0,80261:0:0:0:0:
36,0,80261,128,0,80396:0:0:0:0:
109,0,80261,128,0,80329:0:0:0:0:
329,0,80261,128,0,80464:0:0:0:0:
402,0,80261,128,0,80464:0:0:0:0:
475,0,80261,128,0,80464:0:0:0:0:
182,0,80329,128,0,80464:0:0:0:0:
109,0,80396,128,0,80802:0:0:0:0:
36,0,80464,128,0,80734:0:0:0:0:
182,0,80532,128,0,80734:0:0:0:0:
256,0,80532,128,0,80667:0:0:0:0:
329,0,80532,128,0,80599:0:0:0:0:
402,192,80532,1,0,0:0:0:0:
475,0,80532,128,0,80734:0:0:0:0:
402,0,80599,128,0,80734:0:0:0:0:
329,0,80667,128,0,80734:0:0:0:0:
256,0,80734,128,0,81072:0:0:0:0:
36,0,80802,128,0,80869:0:0:0:0:
182,0,80802,128,0,81005:0:0:0:0:
329,0,80802,128,0,81005:0:0:0:0:
402,0,80802,128,0,81005:0:0:0:0:
475,0,80802,128,0,81005:0:0:0:0:
109,0,80869,128,0,80937:0:0:0:0:
36,0,80937,128,0,81005:0:0:0:0:
109,0,81005,128,0,81275:0:0:0:0:
36,0,81072,128,0,81275:0:0:0:0:
182,0,81072,128,0,81275:0:0:0:0:
329,0,81072,128,0,81140:0:0:0:0:
402,0,81072,128,0,81275:0:0:0:0:
475,0,81072,128,0,81275:0:0:0:0:
256,0,81140,128,0,81207:0:0:0:0:
329,0,81207,128,0,81410:0:0:0:0:
256,0,81275,128,0,81342:0:0:0:0:
36,0,81342,128,0,81545:0:0:0:0:
109,0,81342,128,0,81545:0:0:0:0:
182,0,81342,128,0,81545:0:0:0:0:
402,0,81342,128,0,81477:0:0:0:0:
475,0,81342,128,0,81545:0:0:0:0:
256,0,81410,128,0,81545:0:0:0:0:
329,0,81477,128,0,81680:0:0:0:0:
402,0,81545,128,0,81613:0:0:0:0:
36,0,81613,128,0,81815:0:0:0:0:
109,0,81613,128,0,81815:0:0:0:0:
182,0,81613,128,0,81815:0:0:0:0:
256,0,81613,128,0,81815:0:0:0:0:
475,0,81613,128,0,81815:0:0:0:0:
402,0,81680,128,0,81748:0:0:0:0:
329,0,81748,128,0,81917:0:0:0:0:
402,0,81815,128,0,81917:0:0:0:0:
36,192,81883,1,0,0:0:0:0:
109,192,81883,1,0,0:0:0:0:
182,192,81883,1,0,0:0:0:0:
256,0,81883,128,0,82018:0:0:0:0:
475,0,81883,128,0,81917:0:0:0:0:
36,0,82153,128,0,82288:0:0:0:0:
109,0,82153,128,0,82187:0:0:0:0:
182,0,82153,128,0,82187:0:0:0:0:
256,192,82153,1,0,0:0:0:0:
256,192,82243,1,0,0:0:0:0:
329,0,82288,128,0,82322:0:0:0:0:
402,0,82288,128,0,82322:0:0:0:0:
256,192,82333,1,0,0:0:0:0:
182,192,82423,1,0,0:0:0:0:
475,0,82423,128,0,82559:0:0:0:0:
182,192,82514,1,0,0:0:0:0:
36,0,82559,128,0,82592:0:0:0:0:
256,0,82559,128,0,82592:0:0:0:0:
182,192,82604,1,0,0:0:0:0:
36,0,82694,128,0,82829:0:0:0:0:
109,192,82694,1,0,0:0:0:0:
109,192,82784,1,0,0:0:0:0:
109,192,82874,1,0,0:0:0:0:
36,192,82964,1,0,0:0:0:0:
182,192,82964,1,0,0:0:0:0:
256,192,82964,1,0,0:0:0:0:
329,192,82964,1,0,0:0:0:0:
475,192,82964,1,0,0:0:0:0:
109,0,83099,128,0,83369:0:0:0:0:
256,0,83234,128,0,83505:0:0:0:0:
329,192,83234,1,0,0:0:0:0:
402,192,83234,1,0,0:0:0:0:
475,0,83234,128,0,83505:0:0:0:0:
36,0,83369,128,0,83640:0:0:0:0:
109,192,83505,1,0,0:0:0:0:
182,0,83505,128,0,83775:0:0:0:0:
329,192,83505,1,0,0:0:0:0:
402,0,83505,128,0,83775:0:0:0:0:
475,0,83640,128,0,83910:0:0:0:0:
36,192,83775,1,0,0:0:0:0:
256,192,83775,1,0,0:0:0:0:
109,0,83775,128,0,84045:0:0:0:0:
329,0,83775,128,0,84045:0:0:0:0:
402,0,83910,128,0,84180:0:0:0:0:
36,0,84045,128,0,84315:0:0:0:0:
182,192,84045,1,0,0:0:0:0:
256,0,84045,128,0,84315:0:0:0:0:
475,192,84045,1,0,0:0:0:0:
475,0,84180,128,0,84450:0:0:0:0:
109,0,84315,128,0,84586:0:0:0:0:
182,192,84315,1,0,0:0:0:0:
329,0,84315,128,0,84586:0:0:0:0:
402,192,84315,1,0,0:0:0:0:
36,0,84450,128,0,84721:0:0:0:0:
182,0,84586,128,0,84856:0:0:0:0:
256,192,84586,1,0,0:0:0:0:
402,0,84586,128,0,84856:0:0:0:0:
475,192,84586,1,0,0:0:0:0:
109,0,84721,128,0,84991:0:0:0:0:
36,192,84856,1,0,0:0:0:0:
329,192,84856,1,0,0:0:0:0:
256,0,84856,128,0,85126:0:0:0:0:
475,0,84856,128,0,85126:0:0:0:0:
182,0,84991,128,0,85126:0:0:0:0:
109,0,85126,128,0,85667:0:0:0:0:
329,192,85126,1,0,0:0:0:0:
402,192,85126,1,0,0:0:0:0:
36,0,85126,128,0,86207:0:0:0:0:
182,192,85396,1,0,0:0:0:0:
256,192,85396,1,0,0:0:0:0:
329,192,85396,1,0,0:0:0:0:
256,192,85667,1,0,0:0:0:0:
329,192,85667,1,0,0:0:0:0:
402,192,85667,1,0,0:0:0:0:
475,0,85667,128,0,85802:0:0:0:0:
182,0,85667,128,0,86207:0:0:0:0:
402,0,85802,128,0,85937:0:0:0:0:
109,192,85937,1,0,0:0:0:0:
256,192,85937,1,0,0:0:0:0:
329,0,85937,128,0,86072:0:0:0:0:
475,192,85937,1,0,0:0:0:0:
256,0,86072,128,0,87288:0:0:0:0:
109,0,86207,128,0,86748:0:0:0:0:
329,192,86207,1,0,0:0:0:0:
402,0,86207,128,0,86748:0:0:0:0:
475,192,86207,1,0,0:0:0:0:
329,0,86387,128,0,86432:0:0:0:0:
36,192,86477,1,0,0:0:0:0:
182,192,86477,1,0,0:0:0:0:
475,0,86477,128,0,86523:0:0:0:0:
329,0,86568,128,0,86613:0:0:0:0:
475,0,86658,128,0,86703:0:0:0:0:
36,192,86748,1,0,0:0:0:0:
182,192,86748,1,0,0:0:0:0:
329,192,86748,1,0,0:0:0:0:
109,192,87018,1,0,0:0:0:0:
182,192,87018,1,0,0:0:0:0:
329,192,87018,1,0,0:0:0:0:
402,192,87018,1,0,0:0:0:0:
182,192,87153,1,0,0:0:0:0:
329,192,87153,1,0,0:0:0:0:
182,192,87288,1,0,0:0:0:0:
475,192,87288,1,0,0:0:0:0:
402,192,87378,1,0,0:0:0:0:
329,192,87468,1,0,0:0:0:0:
182,192,87559,1,0,0:0:0:0:
256,192,87559,1,0,0:0:0:0:
329,192,87649,1,0,0:0:0:0:
402,192,87739,1,0,0:0:0:0:
109,192,87829,1,0,0:0:0:0:
475,192,87829,1,0,0:0:0:0:
402,192,87919,1,0,0:0:0:0:
329,192,88009,1,0,0:0:0:0:
109,192,88099,1,0,0:0:0:0:
402,192,88099,1,0,0:0:0:0:
329,192,88189,1,0,0:0:0:0:
256,192,88279,1,0,0:0:0:0:
36,192,88369,1,0,0:0:0:0:
182,192,88369,1,0,0:0:0:0:
256,192,88459,1,0,0:0:0:0:
329,192,88550,1,0,0:0:0:0:
36,192,88640,1,0,0:0:0:0:
256,192,88640,1,0,0:0:0:0:
329,192,88730,1,0,0:0:0:0:
402,192,88820,1,0,0:0:0:0:
109,192,88910,1,0,0:0:0:0:
475,192,88910,1,0,0:0:0:0:
402,192,89000,1,0,0:0:0:0:
329,192,89090,1,0,0:0:0:0:
36,192,89180,1,0,0:0:0:0:
109,192,89180,1,0,0:0:0:0:
182,192,89180,1,0,0:0:0:0:
402,192,89180,1,0,0:0:0:0:
329,192,89270,1,0,0:0:0:0:
256,192,89360,1,0,0:0:0:0:
36,0,89450,128,0,89541:0:0:0:0:
109,192,89450,1,0,0:0:0:0:
329,192,89450,1,0,0:0:0:0:
402,192,89450,1,0,0:0:0:0:
475,192,89450,1,0,0:0:0:0:
182,0,89541,128,0,89631:0:0:0:0:
329,0,89631,128,0,89721:0:0:0:0:
36,192,89721,1,0,0:0:0:0:
109,0,89721,128,0,89811:0:0:0:0:
182,192,89721,1,0,0:0:0:0:
402,192,89721,1,0,0:0:0:0:
475,192,89721,1,0,0:0:0:0:
256,0,89811,128,0,89901:0:0:0:0:
402,0,89901,128,0,89991:0:0:0:0:
36,192,89991,1,0,0:0:0:0:
109,192,89991,1,0,0:0:0:0:
182,0,89991,128,0,90081:0:0:0:0:
256,192,89991,1,0,0:0:0:0:
475,192,89991,1,0,0:0:0:0:
329,0,90081,128,0,90171:0:0:0:0:
475,0,90171,128,0,90261:0:0:0:0:
36,192,90261,1,0,0:0:0:0:
109,0,90261,128,0,90351:0:0:0:0:
182,192,90261,1,0,0:0:0:0:
329,192,90261,1,0,0:0:0:0:
402,192,90261,1,0,0:0:0:0:
256,0,90351,128,0,90441:0:0:0:0:
402,0,90441,128,0,90532:0:0:0:0:
36,0,90532,128,0,90622:0:0:0:0:
109,192,90532,1,0,0:0:0:0:
256,192,90532,1,0,0:0:0:0:
329,192,90532,1,0,0:0:0:0:
475,192,90532,1,0,0:0:0:0:
182,0,90622,128,0,90712:0:0:0:0:
329,0,90712,128,0,90802:0:0:0:0:
36,192,90802,1,0,0:0:0:0:
109,0,90802,128,0,90892:0:0:0:0:
182,192,90802,1,0,0:0:0:0:
402,192,90802,1,0,0:0:0:0:
475,192,90802,1,0,0:0:0:0:
256,0,90892,128,0,90982:0:0:0:0:
402,0,90982,128,0,91072:0:0:0:0:
36,192,91072,1,0,0:0:0:0:
109,192,91072,1,0,0:0:0:0:
182,192,91072,1,0,0:0:0:0:
256,192,91072,1,0,0:0:0:0:
475,0,91072,128,0,91162:0:0:0:0:
329,0,91162,128,0,91252:0:0:0:0:
182,0,91252,128,0,91342:0:0:0:0:
36,192,91342,1,0,0:0:0:0:
109,192,91342,1,0,0:0:0:0:
329,192,91342,1,0,0:0:0:0:
402,0,91342,128,0,91432:0:0:0:0:
475,192,91342,1,0,0:0:0:0:
256,0,91432,128,0,91523:0:0:0:0:
109,0,91523,128,0,91613:0:0:0:0:
36,0,91613,128,0,91703:0:0:0:0:
256,192,91613,1,0,0:0:0:0:
402,192,91613,1,0,0:0:0:0:
475,192,91613,1,0,0:0:0:0:
182,0,91703,128,0,91793:0:0:0:0:
329,0,91793,128,0,91883:0:0:0:0:
36,192,91883,1,0,0:0:0:0:
109,192,91883,1,0,0:0:0:0:
256,192,91883,1,0,0:0:0:0:
475,0,91883,128,0,91973:0:0:0:0:
329,0,91973,128,0,92063:0:0:0:0:
182,0,92063,128,0,92153:0:0:0:0:
36,0,92153,128,0,92243:0:0:0:0:
109,192,92153,1,0,0:0:0:0:
402,192,92153,1,0,0:0:0:0:
475,192,92153,1,0,0:0:0:0:
182,0,92243,128,0,92333:0:0:0:0:
329,0,92333,128,0,92423:0:0:0:0:
36,192,92423,1,0,0:0:0:0:
109,192,92423,1,0,0:0:0:0:
256,192,92423,1,0,0:0:0:0:
402,192,92423,1,0,0:0:0:0:
475,0,92423,128,0,92514:0:0:0:0:
329,0,92514,128,0,92604:0:0:0:0:
182,0,92604,128,0,92682:0:0:0:0:
109,192,92682,1,0,0:0:0:0:
256,192,92694,1,0,0:0:0:0:
402,192,92699,1,0,0:0:0:0:
36,192,93775,1,0,0:0:0:0:
182,192,93775,1,0,0:0:0:0:
256,0,93775,128,0,93910:0:0:0:0:
329,192,93775,1,0,0:0:0:0:
475,192,93775,1,0,0:0:0:0:
402,192,93910,1,0,0:0:0:0:
402,192,93977,1,0,0:0:0:0:
36,192,94045,1,0,0:0:0:0:
109,0,94045,128,0,94180:0:0:0:0:
182,192,94045,1,0,0:0:0:0:
329,192,94045,1,0,0:0:0:0:
475,192,94045,1,0,0:0:0:0:
256,192,94180,1,0,0:0:0:0:
256,192,94248,1,0,0:0:0:0:
36,192,94315,1,0,0:0:0:0:
182,192,94315,1,0,0:0:0:0:
329,192,94315,1,0,0:0:0:0:
402,0,94315,128,0,94450:0:0:0:0:
475,192,94315,1,0,0:0:0:0:
256,192,94450,1,0,0:0:0:0:
256,192,94518,1,0,0:0:0:0:
36,192,94586,1,0,0:0:0:0:
109,0,94586,128,0,94721:0:0:0:0:
182,192,94586,1,0,0:0:0:0:
329,192,94586,1,0,0:0:0:0:
475,192,94586,1,0,0:0:0:0:
256,192,94721,1,0,0:0:0:0:
256,192,94788,1,0,0:0:0:0:
36,192,94856,1,0,0:0:0:0:
109,192,94856,1,0,0:0:0:0:
329,192,94856,1,0,0:0:0:0:
402,0,94856,128,0,94991:0:0:0:0:
475,192,94856,1,0,0:0:0:0:
256,192,94991,1,0,0:0:0:0:
256,192,95059,1,0,0:0:0:0:
36,192,95126,1,0,0:0:0:0:
109,192,95126,1,0,0:0:0:0:
182,0,95126,128,0,95261:0:0:0:0:
329,192,95126,1,0,0:0:0:0:
475,192,95126,1,0,0:0:0:0:
402,192,95261,1,0,0:0:0:0:
402,192,95329,1,0,0:0:0:0:
36,192,95396,1,0,0:0:0:0:
109,192,95396,1,0,0:0:0:0:
256,0,95396,128,0,95532:0:0:0:0:
329,192,95396,1,0,0:0:0:0:
475,192,95396,1,0,0:0:0:0:
402,192,95532,1,0,0:0:0:0:
402,192,95599,1,0,0:0:0:0:
36,192,95667,1,0,0:0:0:0:
109,192,95667,1,0,0:0:0:0:
182,0,95667,128,0,95802:0:0:0:0:
329,192,95667,1,0,0:0:0:0:
475,192,95667,1,0,0:0:0:0:
402,192,95802,1,0,0:0:0:0:
402,192,95869,1,0,0:0:0:0:
36,192,95937,1,0,0:0:0:0:
109,192,95937,1,0,0:0:0:0:
256,192,95937,1,0,0:0:0:0:
329,0,95937,128,0,96072:0:0:0:0:
475,192,95937,1,0,0:0:0:0:
402,192,96072,1,0,0:0:0:0:
402,192,96140,1,0,0:0:0:0:
36,192,96207,1,0,0:0:0:0:
109,192,96207,1,0,0:0:0:0:
182,0,96207,128,0,96342:0:0:0:0:
256,192,96207,1,0,0:0:0:0:
475,192,96207,1,0,0:0:0:0:
329,192,96342,1,0,0:0:0:0:
329,192,96410,1,0,0:0:0:0:
36,192,96477,1,0,0:0:0:0:
109,192,96477,1,0,0:0:0:0:
256,192,96477,1,0,0:0:0:0:
402,0,96477,128,0,96613:0:0:0:0:
475,192,96477,1,0,0:0:0:0:
329,192,96613,1,0,0:0:0:0:
329,192,96680,1,0,0:0:0:0:
36,192,96748,1,0,0:0:0:0:
109,192,96748,1,0,0:0:0:0:
182,0,96748,128,0,96883:0:0:0:0:
256,192,96748,1,0,0:0:0:0:
475,192,96748,1,0,0:0:0:0:
329,192,96883,1,0,0:0:0:0:
329,192,96950,1,0,0:0:0:0:
36,192,97018,1,0,0:0:0:0:
109,192,97018,1,0,0:0:0:0:
256,192,97018,1,0,0:0:0:0:
402,192,97018,1,0,0:0:0:0:
475,0,97018,128,0,97153:0:0:0:0:
329,192,97153,1,0,0:0:0:0:
329,192,97221,1,0,0:0:0:0:
36,192,97288,1,0,0:0:0:0:
109,192,97288,1,0,0:0:0:0:
182,0,97288,128,0,97423:0:0:0:0:
256,192,97288,1,0,0:0:0:0:
402,192,97288,1,0,0:0:0:0:
475,192,97423,1,0,0:0:0:0:
475,192,97491,1,0,0:0:0:0:
36,192,97559,1,0,0:0:0:0:
109,192,97559,1,0,0:0:0:0:
256,192,97559,1,0,0:0:0:0:
329,0,97559,128,0,97694:0:0:0:0:
402,192,97559,1,0,0:0:0:0:
475,192,97694,1,0,0:0:0:0:
475,192,97761,1,0,0:0:0:0:
36,192,97829,1,0,0:0:0:0:
109,192,97829,1,0,0:0:0:0:
182,0,97829,128,0,97964:0:0:0:0:
256,192,97829,1,0,0:0:0:0:
402,192,97829,1,0,0:0:0:0:
475,192,97964,1,0,0:0:0:0:
475,192,98032,1,0,0:0:0:0:
109,192,98099,1,0,0:0:0:0:
256,192,98099,1,0,0:0:0:0:
329,0,98099,128,0,98234:0:0:0:0:
402,192,98099,1,0,0:0:0:0:
475,192,98099,1,0,0:0:0:0:
182,192,98234,1,0,0:0:0:0:
182,192,98302,1,0,0:0:0:0:
36,0,98369,128,0,98505:0:0:0:0:
109,192,98369,1,0,0:0:0:0:
256,192,98369,1,0,0:0:0:0:
402,192,98369,1,0,0:0:0:0:
475,192,98369,1,0,0:0:0:0:
329,192,98505,1,0,0:0:0:0:
329,192,98572,1,0,0:0:0:0:
109,192,98640,1,0,0:0:0:0:
182,0,98640,128,0,98775:0:0:0:0:
256,192,98640,1,0,0:0:0:0:
402,192,98640,1,0,0:0:0:0:
475,192,98640,1,0,0:0:0:0:
329,192,98775,1,0,0:0:0:0:
329,192,98842,1,0,0:0:0:0:
36,0,98910,128,0,99045:0:0:0:0:
109,192,98910,1,0,0:0:0:0:
256,192,98910,1,0,0:0:0:0:
402,192,98910,1,0,0:0:0:0:
475,192,98910,1,0,0:0:0:0:
329,192,99045,1,0,0:0:0:0:
329,192,99113,1,0,0:0:0:0:
36,192,99180,1,0,0:0:0:0:
182,0,99180,128,0,99315:0:0:0:0:
256,192,99180,1,0,0:0:0:0:
402,192,99180,1,0,0:0:0:0:
475,192,99180,1,0,0:0:0:0:
329,192,99315,1,0,0:0:0:0:
329,192,99383,1,0,0:0:0:0:
36,192,99450,1,0,0:0:0:0:
109,0,99450,128,0,99586:0:0:0:0:
256,192,99450,1,0,0:0:0:0:
402,192,99450,1,0,0:0:0:0:
475,192,99450,1,0,0:0:0:0:
182,192,99586,1,0,0:0:0:0:
182,192,99653,1,0,0:0:0:0:
36,192,99721,1,0,0:0:0:0:
256,192,99721,1,0,0:0:0:0:
329,0,99721,128,0,99856:0:0:0:0:
402,192,99721,1,0,0:0:0:0:
475,192,99721,1,0,0:0:0:0:
182,192,99856,1,0,0:0:0:0:
182,192,99923,1,0,0:0:0:0:
36,192,99991,1,0,0:0:0:0:
109,0,99991,128,0,100126:0:0:0:0:
256,192,99991,1,0,0:0:0:0:
402,192,99991,1,0,0:0:0:0:
475,192,99991,1,0,0:0:0:0:
329,192,100126,1,0,0:0:0:0:
329,192,100194,1,0,0:0:0:0:
36,192,100261,1,0,0:0:0:0:
182,192,100261,1,0,0:0:0:0:
256,0,100261,128,0,100396:0:0:0:0:
402,192,100261,1,0,0:0:0:0:
475,192,100261,1,0,0:0:0:0:
329,192,100396,1,0,0:0:0:0:
329,192,100464,1,0,0:0:0:0:
36,192,100532,1,0,0:0:0:0:
109,0,100532,128,0,100667:0:0:0:0:
182,192,100532,1,0,0:0:0:0:
402,192,100532,1,0,0:0:0:0:
475,192,100532,1,0,0:0:0:0:
256,192,100667,1,0,0:0:0:0:
256,192,100734,1,0,0:0:0:0:
36,192,100802,1,0,0:0:0:0:
182,192,100802,1,0,0:0:0:0:
329,0,100802,128,0,100937:0:0:0:0:
402,192,100802,1,0,0:0:0:0:
475,192,100802,1,0,0:0:0:0:
256,192,100937,1,0,0:0:0:0:
256,192,101005,1,0,0:0:0:0:
36,192,101072,1,0,0:0:0:0:
109,0,101072,128,0,101207:0:0:0:0:
182,192,101072,1,0,0:0:0:0:
402,192,101072,1,0,0:0:0:0:
475,192,101072,1,0,0:0:0:0:
402,192,101207,1,0,0:0:0:0:
402,192,101275,1,0,0:0:0:0:
36,192,101342,1,0,0:0:0:0:
182,192,101342,1,0,0:0:0:0:
256,0,101342,128,0,101477:0:0:0:0:
329,192,101342,1,0,0:0:0:0:
475,192,101342,1,0,0:0:0:0:
402,192,101477,1,0,0:0:0:0:
402,192,101545,1,0,0:0:0:0:
36,192,101613,1,0,0:0:0:0:
109,0,101613,128,0,101748:0:0:0:0:
182,192,101613,1,0,0:0:0:0:
329,192,101613,1,0,0:0:0:0:
475,192,101613,1,0,0:0:0:0:
256,192,101748,1,0,0:0:0:0:
256,192,101815,1,0,0:0:0:0:
36,192,101883,1,0,0:0:0:0:
182,192,101883,1,0,0:0:0:0:
329,192,101883,1,0,0:0:0:0:
402,0,101883,128,0,102018:0:0:0:0:
475,192,101883,1,0,0:0:0:0:
256,192,102018,1,0,0:0:0:0:
256,192,102086,1,0,0:0:0:0:
36,192,102153,1,0,0:0:0:0:
109,192,102153,1,0,0:0:0:0:
182,192,102153,1,0,0:0:0:0:
329,192,102153,1,0,0:0:0:0:
402,192,102153,1,0,0:0:0:0:
475,0,102153,128,0,102356:0:0:0:0:
256,0,102221,128,0,102356:0:0:0:0:
182,0,102288,128,0,102356:0:0:0:0:
109,0,102356,128,0,102423:0:0:0:0:
36,0,102423,128,0,102626:0:0:0:0:
256,192,102423,1,0,0:0:0:0:
329,192,102423,1,0,0:0:0:0:
402,192,102423,1,0,0:0:0:0:
475,192,102423,1,0,0:0:0:0:
109,0,102491,128,0,102626:0:0:0:0:
182,0,102559,128,0,102626:0:0:0:0:
256,0,102626,128,0,102829:0:0:0:0:
36,192,102694,1,0,0:0:0:0:
182,0,102694,128,0,102829:0:0:0:0:
329,192,102694,1,0,0:0:0:0:
402,192,102694,1,0,0:0:0:0:
475,192,102694,1,0,0:0:0:0:
109,0,102761,128,0,102829:0:0:0:0:
36,0,102829,128,0,103167:0:0:0:0:
109,0,102896,128,0,103167:0:0:0:0:
182,0,102964,128,0,103167:0:0:0:0:
256,192,102964,1,0,0:0:0:0:
329,192,102964,1,0,0:0:0:0:
402,192,102964,1,0,0:0:0:0:
475,192,102964,1,0,0:0:0:0:
256,0,103032,128,0,103167:0:0:0:0:
329,0,103099,128,0,103167:0:0:0:0:
402,0,103167,128,0,103369:0:0:0:0:
36,192,103234,1,0,0:0:0:0:
109,192,103234,1,0,0:0:0:0:
182,192,103234,1,0,0:0:0:0:
329,0,103234,128,0,103369:0:0:0:0:
475,192,103234,1,0,0:0:0:0:
256,0,103302,128,0,103369:0:0:0:0:
182,0,103369,128,0,103640:0:0:0:0:
256,0,103437,128,0,103640:0:0:0:0:
36,192,103505,1,0,0:0:0:0:
109,192,103505,1,0,0:0:0:0:
329,0,103505,128,0,103640:0:0:0:0:
402,192,103505,1,0,0:0:0:0:
475,192,103505,1,0,0:0:0:0:
402,0,103572,128,0,103640:0:0:0:0:
475,0,103640,128,0,103707:0:0:0:0:
329,0,103707,128,0,103775:0:0:0:0:
36,192,103775,1,0,0:0:0:0:
109,192,103775,1,0,0:0:0:0:
182,192,103775,1,0,0:0:0:0:
256,192,103775,1,0,0:0:0:0:
475,0,103775,128,0,103910:0:0:0:0:
402,0,103842,128,0,103910:0:0:0:0:
329,0,103910,128,0,104045:0:0:0:0:
402,0,103977,128,0,104045:0:0:0:0:
36,192,104045,1,0,0:0:0:0:
109,192,104045,1,0,0:0:0:0:
182,192,104045,1,0,0:0:0:0:
256,192,104045,1,0,0:0:0:0:
475,0,104045,128,0,104248:0:0:0:0:
402,0,104113,128,0,104248:0:0:0:0:
109,0,104180,128,0,104248:0:0:0:0:
36,0,104248,128,0,104518:0:0:0:0:
109,0,104315,128,0,104518:0:0:0:0:
256,192,104315,1,0,0:0:0:0:
329,192,104315,1,0,0:0:0:0:
402,192,104315,1,0,0:0:0:0:
475,192,104315,1,0,0:0:0:0:
182,0,104383,128,0,104518:0:0:0:0:
256,0,104450,128,0,104518:0:0:0:0:
329,192,104518,1,0,0:0:0:0:
36,192,104586,1,0,0:0:0:0:
109,0,104586,128,0,104788:0:0:0:0:
182,192,104586,1,0,0:0:0:0:
256,192,104586,1,0,0:0:0:0:
475,192,104586,1,0,0:0:0:0:
402,0,104653,128,0,104856:0:0:0:0:
36,0,104721,128,0,104923:0:0:0:0:
475,0,104788,128,0,104991:0:0:0:0:
109,0,104856,128,0,105059:0:0:0:0:
182,192,104856,1,0,0:0:0:0:
256,192,104856,1,0,0:0:0:0:
329,192,104856,1,0,0:0:0:0:
402,0,104923,128,0,105059:0:0:0:0:
36,0,104991,128,0,105126:0:0:0:0:
475,0,105059,128,0,105329:0:0:0:0:
109,192,105126,1,0,0:0:0:0:
182,192,105126,1,0,0:0:0:0:
256,192,105126,1,0,0:0:0:0:
329,192,105126,1,0,0:0:0:0:
402,0,105126,128,0,105329:0:0:0:0:
329,0,105194,128,0,105329:0:0:0:0:
256,0,105261,128,0,105329:0:0:0:0:
182,0,105329,128,0,105396:0:0:0:0:
109,192,105396,1,0,0:0:0:0:
329,192,105396,1,0,0:0:0:0:
402,192,105396,1,0,0:0:0:0:
475,192,105396,1,0,0:0:0:0:
256,0,105396,128,0,105667:0:0:0:0:
182,0,105464,128,0,105667:0:0:0:0:
109,0,105532,128,0,105599:0:0:0:0:
36,0,105599,128,0,105869:0:0:0:0:
109,0,105667,128,0,105869:0:0:0:0:
329,192,105667,1,0,0:0:0:0:
402,192,105667,1,0,0:0:0:0:
475,192,105667,1,0,0:0:0:0:
182,0,105734,128,0,105869:0:0:0:0:
256,0,105802,128,0,105869:0:0:0:0:
329,0,105869,128,0,105937:0:0:0:0:
36,192,105937,1,0,0:0:0:0:
109,192,105937,1,0,0:0:0:0:
182,192,105937,1,0,0:0:0:0:
256,0,105937,128,0,106207:0:0:0:0:
402,192,105937,1,0,0:0:0:0:
329,0,106005,128,0,106207:0:0:0:0:
402,0,106072,128,0,106140:0:0:0:0:
475,0,106140,128,0,106410:0:0:0:0:
36,192,106207,1,0,0:0:0:0:
109,192,106207,1,0,0:0:0:0:
182,192,106207,1,0,0:0:0:0:
402,0,106207,128,0,106410:0:0:0:0:
329,0,106275,128,0,106410:0:0:0:0:
256,0,106342,128,0,106410:0:0:0:0:
182,0,106410,128,0,106477:0:0:0:0:
109,192,106477,1,0,0:0:0:0:
329,192,106477,1,0,0:0:0:0:
402,192,106477,1,0,0:0:0:0:
475,192,106477,1,0,0:0:0:0:
256,0,106477,128,0,106748:0:0:0:0:
182,0,106545,128,0,106748:0:0:0:0:
109,0,106613,128,0,106680:0:0:0:0:
36,0,106680,128,0,106950:0:0:0:0:
109,0,106748,128,0,106950:0:0:0:0:
329,192,106748,1,0,0:0:0:0:
402,192,106748,1,0,0:0:0:0:
475,192,106748,1,0,0:0:0:0:
256,0,106815,128,0,106950:0:0:0:0:
182,0,106883,128,0,106950:0:0:0:0:
329,0,106950,128,0,107086:0:0:0:0:
36,192,107018,1,0,0:0:0:0:
109,192,107018,1,0,0:0:0:0:
182,192,107018,1,0,0:0:0:0:
256,0,107018,128,0,107288:0:0:0:0:
475,192,107018,1,0,0:0:0:0:
402,0,107086,128,0,107221:0:0:0:0:
329,0,107153,128,0,107288:0:0:0:0:
475,0,107221,128,0,107491:0:0:0:0:
36,192,107288,1,0,0:0:0:0:
109,192,107288,1,0,0:0:0:0:
182,192,107288,1,0,0:0:0:0:
402,0,107288,128,0,107491:0:0:0:0:
256,0,107356,128,0,107491:0:0:0:0:
329,0,107423,128,0,107491:0:0:0:0:
182,0,107491,128,0,107626:0:0:0:0:
36,192,107559,1,0,0:0:0:0:
256,0,107559,128,0,107761:0:0:0:0:
329,192,107559,1,0,0:0:0:0:
402,192,107559,1,0,0:0:0:0:
475,192,107559,1,0,0:0:0:0:
109,0,107626,128,0,107761:0:0:0:0:
182,0,107694,128,0,107761:0:0:0:0:
36,0,107761,128,0,108032:0:0:0:0:
109,0,107829,128,0,108032:0:0:0:0:
256,192,107829,1,0,0:0:0:0:
329,192,107829,1,0,0:0:0:0:
402,192,107829,1,0,0:0:0:0:
475,192,107829,1,0,0:0:0:0:
329,0,107896,128,0,108099:0:0:0:0:
182,0,107964,128,0,108032:0:0:0:0:
402,0,108032,128,0,108302:0:0:0:0:
36,192,108099,1,0,0:0:0:0:
109,192,108099,1,0,0:0:0:0:
182,192,108099,1,0,0:0:0:0:
256,0,108099,128,0,108302:0:0:0:0:
475,192,108099,1,0,0:0:0:0:
475,0,108167,128,0,108234:0:0:0:0:
329,0,108234,128,0,108369:0:0:0:0:
475,0,108302,128,0,108369:0:0:0:0:
36,192,108369,1,0,0:0:0:0:
109,192,108369,1,0,0:0:0:0:
182,192,108369,1,0,0:0:0:0:
256,192,108369,1,0,0:0:0:0:
402,0,108369,128,0,108572:0:0:0:0:
182,0,108437,128,0,108640:0:0:0:0:
329,0,108505,128,0,108572:0:0:0:0:
109,0,108572,128,0,108640:0:0:0:0:
36,192,108640,1,0,0:0:0:0:
256,0,108640,128,0,108842:0:0:0:0:
329,192,108640,1,0,0:0:0:0:
402,192,108640,1,0,0:0:0:0:
475,192,108640,1,0,0:0:0:0:
36,0,108707,128,0,108775:0:0:0:0:
182,0,108775,128,0,108910:0:0:0:0:
36,0,108842,128,0,108910:0:0:0:0:
109,0,108910,128,0,109045:0:0:0:0:
256,192,108910,1,0,0:0:0:0:
329,192,108910,1,0,0:0:0:0:
402,192,108910,1,0,0:0:0:0:
475,192,108910,1,0,0:0:0:0:
329,0,108977,128,0,109113:0:0:0:0:
182,0,109045,128,0,109113:0:0:0:0:
402,0,109113,128,0,109248:0:0:0:0:
36,192,109180,1,0,0:0:0:0:
109,192,109180,1,0,0:0:0:0:
182,192,109180,1,0,0:0:0:0:
256,0,109180,128,0,109315:0:0:0:0:
329,192,109180,1,0,0:0:0:0:
475,0,109248,128,0,109383:0:0:0:0:
182,0,109315,128,0,109450:0:0:0:0:
402,0,109383,128,0,109518:0:0:0:0:
36,192,109450,1,0,0:0:0:0:
109,192,109450,1,0,0:0:0:0:
256,192,109450,1,0,0:0:0:0:
329,0,109450,128,0,109586:0:0:0:0:
475,192,109450,1,0,0:0:0:0:
109,0,109518,128,0,109653:0:0:0:0:
256,0,109586,128,0,109721:0:0:0:0:
36,0,109653,128,0,109788:0:0:0:0:
109,192,109721,1,0,0:0:0:0:
182,192,109721,1,0,0:0:0:0:
329,0,109721,128,0,109856:0:0:0:0:
402,192,109721,1,0,0:0:0:0:
475,192,109721,1,0,0:0:0:0:
109,0,109788,128,0,109923:0:0:0:0:
402,0,109856,128,0,109991:0:0:0:0:
182,0,109923,128,0,109991:0:0:0:0:
36,192,109991,1,0,0:0:0:0:
329,192,109991,1,0,0:0:0:0:
475,192,109991,1,0,0:0:0:0:
109,192,110081,1,0,0:0:0:0:
256,192,110081,1,0,0:0:0:0:
329,192,110081,1,0,0:0:0:0:
402,192,110081,1,0,0:0:0:0:
182,192,110171,1,0,0:0:0:0:
329,192,110171,1,0,0:0:0:0:
402,192,110171,1,0,0:0:0:0:
475,192,110171,1,0,0:0:0:0:
109,192,110261,1,0,0:0:0:0:
182,192,110261,1,0,0:0:0:0:
256,192,110261,1,0,0:0:0:0:
329,192,110261,1,0,0:0:0:0:
402,192,110261,1,0,0:0:0:0:
36,192,110532,1,0,0:0:0:0:
109,192,110532,1,0,0:0:0:0:
182,192,110532,1,0,0:0:0:0:
475,192,110532,1,0,0:0:0:0:
109,192,110622,1,0,0:0:0:0:
182,192,110622,1,0,0:0:0:0:
256,192,110622,1,0,0:0:0:0:
402,192,110622,1,0,0:0:0:0:
36,192,110712,1,0,0:0:0:0:
109,192,110712,1,0,0:0:0:0:
182,192,110712,1,0,0:0:0:0:
329,192,110712,1,0,0:0:0:0:
109,192,110802,1,0,0:0:0:0:
182,192,110802,1,0,0:0:0:0:
256,192,110802,1,0,0:0:0:0:
329,192,110802,1,0,0:0:0:0:
402,192,110802,1,0,0:0:0:0:
402,0,111072,128,0,111117:0:0:0:0:
329,0,111162,128,0,111207:0:0:0:0:
256,0,111252,128,0,111297:0:0:0:0:
329,0,111342,128,0,111387:0:0:0:0:
402,0,111342,128,0,111613:0:0:0:0:
256,0,111432,128,0,111477:0:0:0:0:
182,0,111523,128,0,111568:0:0:0:0:
256,0,111613,128,0,111658:0:0:0:0:
475,0,111613,128,0,111883:0:0:0:0:
182,0,111703,128,0,111748:0:0:0:0:
109,0,111793,128,0,111838:0:0:0:0:
182,0,111883,128,0,111928:0:0:0:0:
329,0,111883,128,0,112153:0:0:0:0:
109,0,111973,128,0,112018:0:0:0:0:
36,0,112063,128,0,112108:0:0:0:0:
36,192,112153,1,0,0:0:0:0:
109,0,112153,128,0,112288:0:0:0:0:
182,192,112153,1,0,0:0:0:0:
402,192,112153,1,0,0:0:0:0:
475,0,112153,128,0,112288:0:0:0:0:
256,0,112153,128,0,118640:0:0:0:0:
329,192,112243,1,0,0:0:0:0:
182,192,112333,1,0,0:0:0:0:
36,0,112423,128,0,112559:0:0:0:0:
109,192,112423,1,0,0:0:0:0:
402,0,112423,128,0,112559:0:0:0:0:
182,192,112514,1,0,0:0:0:0:
329,192,112604,1,0,0:0:0:0:
109,0,112694,128,0,112829:0:0:0:0:
402,192,112694,1,0,0:0:0:0:
475,0,112694,128,0,112829:0:0:0:0:
329,192,112784,1,0,0:0:0:0:
182,192,112874,1,0,0:0:0:0:
36,0,112964,128,0,113099:0:0:0:0:
109,192,112964,1,0,0:0:0:0:
402,0,112964,128,0,113099:0:0:0:0:
182,192,113054,1,0,0:0:0:0:
329,192,113144,1,0,0:0:0:0:
36,0,113234,128,0,113369:0:0:0:0:
109,0,113234,128,0,113369:0:0:0:0:
402,192,113234,1,0,0:0:0:0:
475,0,113234,128,0,113369:0:0:0:0:
329,192,113324,1,0,0:0:0:0:
182,192,113414,1,0,0:0:0:0:
36,0,113505,128,0,113640:0:0:0:0:
109,192,113505,1,0,0:0:0:0:
402,0,113505,128,0,113640:0:0:0:0:
182,192,113595,1,0,0:0:0:0:
329,192,113685,1,0,0:0:0:0:
36,0,113775,128,0,113910:0:0:0:0:
109,0,113775,128,0,113910:0:0:0:0:
402,192,113775,1,0,0:0:0:0:
475,0,113775,128,0,113910:0:0:0:0:
329,192,113865,1,0,0:0:0:0:
182,192,113955,1,0,0:0:0:0:
36,0,114045,128,0,114180:0:0:0:0:
109,192,114045,1,0,0:0:0:0:
402,0,114045,128,0,114180:0:0:0:0:
182,192,114135,1,0,0:0:0:0:
329,192,114225,1,0,0:0:0:0:
109,192,114315,1,0,0:0:0:0:
182,192,114315,1,0,0:0:0:0:
402,0,114315,128,0,114405:0:0:0:0:
36,0,114315,128,0,118640:0:0:0:0:
475,0,114315,128,0,118640:0:0:0:0:
329,0,114405,128,0,114495:0:0:0:0:
182,0,114495,128,0,114586:0:0:0:0:
109,0,114586,128,0,114676:0:0:0:0:
182,0,114676,128,0,114766:0:0:0:0:
329,0,114766,128,0,114856:0:0:0:0:
402,0,114856,128,0,114946:0:0:0:0:
329,0,114946,128,0,115036:0:0:0:0:
182,0,115036,128,0,115126:0:0:0:0:
109,0,115126,128,0,115216:0:0:0:0:
182,0,115216,128,0,115306:0:0:0:0:
329,0,115306,128,0,115396:0:0:0:0:
402,0,115396,128,0,115532:0:0:0:0:
329,0,115486,128,0,115622:0:0:0:0:
182,0,115577,128,0,115712:0:0:0:0:
109,0,115667,128,0,115802:0:0:0:0:
182,0,115757,128,0,115892:0:0:0:0:
329,0,115847,128,0,115982:0:0:0:0:
402,0,115937,128,0,116106:0:0:0:0:
329,0,116027,128,0,116196:0:0:0:0:
182,0,116117,128,0,116286:0:0:0:0:
109,0,116207,128,0,118640:0:0:0:0:
182,0,116297,128,0,118640:0:0:0:0:
329,0,116387,128,0,118640:0:0:0:0:
402,0,116477,128,0,118640:0:0:0:0:
