[Metadata]
Lachryma《Re:Queen’M》
かねこちはる
Exit
Sound Voltex Konami kaneko chiharu
72
0.339

[TimingPoints]
0,254.237288135593,4,2,2,100,1,0
25042,508.474576271186,4,2,2,100,1,0
25169,169.491525423729,4,2,2,100,1,0
25297,254.237288135593,4,2,2,100,1,0
27966,63.5593220338983,4,2,2,100,1,0
28030,127.118644067797,4,2,2,100,1,0
28093,254.237288135593,4,2,2,100,1,0
28220,508.474576271186,4,2,2,100,1,0
28284,0.91552734375,4,2,2,100,1,0
28286,508.474576271186,4,2,2,100,1,0
28731,254.237288135593,4,2,2,100,1,0
33180,508.474576271186,4,2,2,100,1,0
33307,169.491525423729,4,2,2,100,1,0
33434,254.237288135593,4,2,2,100,1,0
34197,508.474576271186,4,2,2,100,1,0
34324,169.491525423729,4,2,2,100,1,0
34451,254.237288135593,4,2,2,100,1,0
41188,508.474576271186,4,2,2,100,1,0
43222,254.237288135593,4,2,2,100,1,0
53392,508.474576271186,4,2,2,100,1,0
53519,254.237288135593,4,2,2,100,1,0
53614,84.7457627118644,4,2,2,100,1,0
53646,254.237288135593,4,2,2,100,1,0
55426,508.474576271186,4,2,2,100,1,0
55553,254.237288135593,4,2,2,100,1,0
55616,127.118644067797,4,2,2,100,1,0
55680,254.237288135593,4,2,2,100,1,0
57459,508.474576271186,4,2,2,100,1,0
57587,254.237288135593,4,2,2,100,1,0
57650,127.118644067797,4,2,2,100,1,0
57714,254.237288135593,4,2,2,100,1,0
84536,508.474576271186,4,2,2,100,1,0
84663,169.491525423729,4,2,2,100,1,0
84790,254.237288135593,4,2,2,100,1,0
86951,508.474576271186,4,2,2,100,1,0
87078,127.118644067797,4,2,2,100,1,0
87142,508.474576271186,4,2,2,100,1,0
87269,127.118644067797,4,2,2,100,1,0
87332,508.474576271186,4,2,2,100,1,0
87396,169.491525423729,4,2,2,100,1,0
87459,254.237288135593,4,2,2,100,1,0
88476,127.118644067797,4,2,2,100,1,0
88604,254.237288135593,4,2,2,100,1,0
88731,127.118644067797,4,2,2,100,1,0
88858,254.237288135593,4,2,2,100,1,0
88985,127.118644067797,4,2,2,100,1,0
89112,254.237288135593,4,2,2,100,1,0
89239,127.118644067797,4,2,2,100,1,0
89366,254.237288135593,4,2,2,100,1,0
92671,508.474576271186,4,2,2,100,1,0
92798,254.237288135593,4,2,2,100,1,0
92862,127.118644067797,4,2,2,100,1,0
92926,254.237288135593,4,2,2,100,1,0
93688,508.474576271186,4,2,2,100,1,0
93815,254.237288135593,4,2,2,100,1,0
93879,127.118644067797,4,2,2,100,1,0
93943,254.237288135593,4,2,2,100,1,0
110849,508.474576271186,4,2,2,100,1,0
112883,254.237288135593,4,2,2,100,1,0
114917,508.474576271186,4,2,2,100,1,0
115044,254.237288135593,4,2,2,100,1,0
115108,127.118644067797,4,2,2,100,1,0
115171,254.237288135593,4,2,2,100,1,0
118476,1016.94915254237,4,2,2,100,1,0


[HitObjects]
36,0,1017,128,0,1367:0:0:0:0:
109,0,1017,128,0,1367:0:0:0:0:
182,192,1017,1,0,0:0:0:0:
329,192,1017,1,0,0:0:0:0:
402,0,1017,128,0,1367:0:0:0:0:
475,0,1017,128,0,1367:0:0:0:0:
36,0,1398,128,0,1621:0:0:0:0:
109,0,1398,128,0,1621:0:0:0:0:
402,0,1398,128,0,1621:0:0:0:0:
475,0,1398,128,0,1621:0:0:0:0:
36,0,1653,128,0,1748:0:0:0:0:
109,0,1653,128,0,1748:0:0:0:0:
402,0,1653,128,0,1748:0:0:0:0:
475,0,1653,128,0,1748:0:0:0:0:
36,192,1780,1,0,0:0:0:0:
109,192,1780,1,0,0:0:0:0:
329,192,1780,1,0,0:0:0:0:
475,192,1780,1,0,0:0:0:0:
36,192,2034,1,0,0:0:0:0:
182,192,2034,1,0,0:0:0:0:
402,192,2034,1,0,0:0:0:0:
475,192,2034,1,0,0:0:0:0:
36,192,2288,1,0,0:0:0:0:
182,192,2288,1,0,0:0:0:0:
256,192,2288,1,0,0:0:0:0:
329,192,2288,1,0,0:0:0:0:
475,192,2288,1,0,0:0:0:0:
36,0,2542,128,0,2892:0:0:0:0:
182,0,2542,128,0,2892:0:0:0:0:
329,0,2542,128,0,2892:0:0:0:0:
475,0,2542,128,0,2892:0:0:0:0:
36,0,2924,128,0,3146:0:0:0:0:
182,0,2924,128,0,3146:0:0:0:0:
329,0,2924,128,0,3146:0:0:0:0:
475,0,2924,128,0,3146:0:0:0:0:
36,0,3178,128,0,3273:0:0:0:0:
182,0,3178,128,0,3273:0:0:0:0:
329,0,3178,128,0,3273:0:0:0:0:
475,0,3178,128,0,3273:0:0:0:0:
36,192,3305,1,0,0:0:0:0:
109,192,3305,1,0,0:0:0:0:
329,192,3305,1,0,0:0:0:0:
475,192,3305,1,0,0:0:0:0:
36,192,3559,1,0,0:0:0:0:
182,192,3559,1,0,0:0:0:0:
402,192,3559,1,0,0:0:0:0:
475,192,3559,1,0,0:0:0:0:
36,192,3814,1,0,0:0:0:0:
109,192,3814,1,0,0:0:0:0:
256,192,3814,1,0,0:0:0:0:
402,192,3814,1,0,0:0:0:0:
475,192,3814,1,0,0:0:0:0:
109,0,4068,128,0,4417:0:0:0:0:
182,0,4068,128,0,4417:0:0:0:0:
329,0,4068,128,0,4417:0:0:0:0:
402,0,4068,128,0,4417:0:0:0:0:
109,0,4449,128,0,4672:0:0:0:0:
182,0,4449,128,0,4672:0:0:0:0:
329,0,4449,128,0,4672:0:0:0:0:
402,0,4449,128,0,4672:0:0:0:0:
109,0,4703,128,0,4799:0:0:0:0:
182,0,4703,128,0,4799:0:0:0:0:
329,0,4703,128,0,4799:0:0:0:0:
402,0,4703,128,0,4799:0:0:0:0:
36,192,4831,1,0,0:0:0:0:
109,192,4831,1,0,0:0:0:0:
329,192,4831,1,0,0:0:0:0:
475,192,4831,1,0,0:0:0:0:
36,192,5085,1,0,0:0:0:0:
182,192,5085,1,0,0:0:0:0:
402,192,5085,1,0,0:0:0:0:
475,192,5085,1,0,0:0:0:0:
109,192,5339,1,0,0:0:0:0:
182,192,5339,1,0,0:0:0:0:
256,192,5339,1,0,0:0:0:0:
329,192,5339,1,0,0:0:0:0:
402,192,5339,1,0,0:0:0:0:
109,192,5593,1,0,0:0:0:0:
402,192,5593,1,0,0:0:0:0:
36,0,5593,128,0,6102:0:0:0:0:
475,0,5593,128,0,6102:0:0:0:0:
109,0,6102,128,0,6229:0:0:0:0:
402,0,6102,128,0,6229:0:0:0:0:
182,0,6229,128,0,6356:0:0:0:0:
329,0,6229,128,0,6356:0:0:0:0:
36,192,6356,1,0,0:0:0:0:
256,0,6356,128,0,7119:0:0:0:0:
109,192,6441,1,0,0:0:0:0:
182,192,6525,1,0,0:0:0:0:
109,192,6610,1,0,0:0:0:0:
36,192,6695,1,0,0:0:0:0:
109,192,6780,1,0,0:0:0:0:
182,192,6864,1,0,0:0:0:0:
109,192,6949,1,0,0:0:0:0:
36,192,7034,1,0,0:0:0:0:
109,192,7119,1,0,0:0:0:0:
182,192,7119,1,0,0:0:0:0:
329,0,7119,128,0,7881:0:0:0:0:
402,192,7119,1,0,0:0:0:0:
475,192,7119,1,0,0:0:0:0:
36,192,7373,1,0,0:0:0:0:
402,192,7500,1,0,0:0:0:0:
475,192,7500,1,0,0:0:0:0:
36,192,7754,1,0,0:0:0:0:
402,192,7754,1,0,0:0:0:0:
475,192,7754,1,0,0:0:0:0:
109,192,7881,1,0,0:0:0:0:
182,192,7881,1,0,0:0:0:0:
256,192,7881,1,0,0:0:0:0:
36,0,7881,128,0,8390:0:0:0:0:
329,192,8136,1,0,0:0:0:0:
402,192,8136,1,0,0:0:0:0:
329,192,8390,1,0,0:0:0:0:
402,192,8390,1,0,0:0:0:0:
475,0,8390,128,0,8612:0:0:0:0:
36,192,8644,1,0,0:0:0:0:
182,192,8644,1,0,0:0:0:0:
256,192,8644,1,0,0:0:0:0:
475,0,8644,128,0,9153:0:0:0:0:
36,192,8898,1,0,0:0:0:0:
182,192,9025,1,0,0:0:0:0:
256,192,9025,1,0,0:0:0:0:
402,0,9153,128,0,9280:0:0:0:0:
36,192,9280,1,0,0:0:0:0:
182,192,9280,1,0,0:0:0:0:
256,192,9280,1,0,0:0:0:0:
329,0,9280,128,0,9407:0:0:0:0:
36,192,9407,1,0,0:0:0:0:
109,192,9407,1,0,0:0:0:0:
402,0,9407,128,0,9915:0:0:0:0:
256,192,9661,1,0,0:0:0:0:
329,192,9661,1,0,0:0:0:0:
475,192,9661,1,0,0:0:0:0:
109,0,9915,128,0,10042:0:0:0:0:
256,192,9915,1,0,0:0:0:0:
329,192,9915,1,0,0:0:0:0:
475,192,9915,1,0,0:0:0:0:
182,0,10042,128,0,10169:0:0:0:0:
36,192,10169,1,0,0:0:0:0:
256,0,10169,128,0,10424:0:0:0:0:
329,192,10169,1,0,0:0:0:0:
402,192,10169,1,0,0:0:0:0:
36,192,10424,1,0,0:0:0:0:
182,0,10424,128,0,10678:0:0:0:0:
329,192,10551,1,0,0:0:0:0:
402,192,10551,1,0,0:0:0:0:
109,0,10678,128,0,10932:0:0:0:0:
36,192,10805,1,0,0:0:0:0:
329,192,10805,1,0,0:0:0:0:
402,192,10805,1,0,0:0:0:0:
182,192,10932,1,0,0:0:0:0:
256,192,10932,1,0,0:0:0:0:
475,0,10932,128,0,11186:0:0:0:0:
109,192,11186,1,0,0:0:0:0:
256,192,11186,1,0,0:0:0:0:
329,0,11186,128,0,11441:0:0:0:0:
402,192,11186,1,0,0:0:0:0:
36,0,11441,128,0,11695:0:0:0:0:
109,192,11441,1,0,0:0:0:0:
256,192,11441,1,0,0:0:0:0:
402,192,11441,1,0,0:0:0:0:
329,192,11695,1,0,0:0:0:0:
402,192,11695,1,0,0:0:0:0:
475,192,11695,1,0,0:0:0:0:
182,0,11695,128,0,12903:0:0:0:0:
329,192,11949,1,0,0:0:0:0:
402,192,12076,1,0,0:0:0:0:
475,192,12076,1,0,0:0:0:0:
329,192,12331,1,0,0:0:0:0:
402,192,12331,1,0,0:0:0:0:
475,192,12331,1,0,0:0:0:0:
36,192,12458,1,0,0:0:0:0:
109,192,12458,1,0,0:0:0:0:
329,192,12712,1,0,0:0:0:0:
402,192,12712,1,0,0:0:0:0:
475,192,12712,1,0,0:0:0:0:
182,0,12966,128,0,13093:0:0:0:0:
329,192,12966,1,0,0:0:0:0:
402,192,12966,1,0,0:0:0:0:
475,192,12966,1,0,0:0:0:0:
256,0,13093,128,0,13220:0:0:0:0:
109,192,13220,1,0,0:0:0:0:
182,192,13220,1,0,0:0:0:0:
329,0,13220,128,0,13475:0:0:0:0:
402,192,13220,1,0,0:0:0:0:
36,0,13475,128,0,13729:0:0:0:0:
402,192,13475,1,0,0:0:0:0:
182,192,13602,1,0,0:0:0:0:
256,192,13602,1,0,0:0:0:0:
475,0,13729,128,0,13983:0:0:0:0:
182,192,13856,1,0,0:0:0:0:
256,192,13856,1,0,0:0:0:0:
402,192,13856,1,0,0:0:0:0:
109,192,13983,1,0,0:0:0:0:
329,192,13983,1,0,0:0:0:0:
256,0,13983,128,0,14237:0:0:0:0:
36,192,14237,1,0,0:0:0:0:
109,192,14237,1,0,0:0:0:0:
182,0,14237,128,0,14492:0:0:0:0:
329,0,14237,128,0,14492:0:0:0:0:
402,192,14237,1,0,0:0:0:0:
475,192,14237,1,0,0:0:0:0:
36,192,14492,1,0,0:0:0:0:
109,0,14492,128,0,14746:0:0:0:0:
256,192,14492,1,0,0:0:0:0:
402,0,14492,128,0,14746:0:0:0:0:
475,192,14492,1,0,0:0:0:0:
36,192,14746,1,0,0:0:0:0:
182,192,14746,1,0,0:0:0:0:
329,192,14746,1,0,0:0:0:0:
475,192,14746,1,0,0:0:0:0:
256,0,14746,128,0,17797:0:0:0:0:
36,192,14873,1,0,0:0:0:0:
182,192,14873,1,0,0:0:0:0:
329,192,14873,1,0,0:0:0:0:
475,192,14873,1,0,0:0:0:0:
36,192,15000,1,0,0:0:0:0:
182,192,15000,1,0,0:0:0:0:
329,192,15000,1,0,0:0:0:0:
475,192,15000,1,0,0:0:0:0:
36,192,15127,1,0,0:0:0:0:
182,192,15127,1,0,0:0:0:0:
329,192,15127,1,0,0:0:0:0:
475,192,15127,1,0,0:0:0:0:
36,192,15254,1,0,0:0:0:0:
182,192,15254,1,0,0:0:0:0:
329,192,15254,1,0,0:0:0:0:
475,192,15254,1,0,0:0:0:0:
36,192,15381,1,0,0:0:0:0:
182,192,15381,1,0,0:0:0:0:
329,192,15381,1,0,0:0:0:0:
475,192,15381,1,0,0:0:0:0:
36,192,15508,1,0,0:0:0:0:
109,192,15508,1,0,0:0:0:0:
402,192,15508,1,0,0:0:0:0:
475,192,15508,1,0,0:0:0:0:
36,192,15763,1,0,0:0:0:0:
109,192,15763,1,0,0:0:0:0:
402,192,15763,1,0,0:0:0:0:
475,192,15763,1,0,0:0:0:0:
109,192,16271,1,0,0:0:0:0:
182,192,16271,1,0,0:0:0:0:
329,192,16271,1,0,0:0:0:0:
402,192,16271,1,0,0:0:0:0:
109,192,16398,1,0,0:0:0:0:
182,192,16398,1,0,0:0:0:0:
329,192,16398,1,0,0:0:0:0:
402,192,16398,1,0,0:0:0:0:
109,192,16525,1,0,0:0:0:0:
182,192,16525,1,0,0:0:0:0:
329,192,16525,1,0,0:0:0:0:
402,192,16525,1,0,0:0:0:0:
109,192,16653,1,0,0:0:0:0:
182,192,16653,1,0,0:0:0:0:
329,192,16653,1,0,0:0:0:0:
402,192,16653,1,0,0:0:0:0:
109,192,16780,1,0,0:0:0:0:
182,192,16780,1,0,0:0:0:0:
329,192,16780,1,0,0:0:0:0:
402,192,16780,1,0,0:0:0:0:
109,192,16907,1,0,0:0:0:0:
182,192,16907,1,0,0:0:0:0:
329,192,16907,1,0,0:0:0:0:
402,192,16907,1,0,0:0:0:0:
36,192,17034,1,0,0:0:0:0:
182,192,17034,1,0,0:0:0:0:
329,192,17034,1,0,0:0:0:0:
475,192,17034,1,0,0:0:0:0:
36,192,17288,1,0,0:0:0:0:
182,192,17288,1,0,0:0:0:0:
329,192,17288,1,0,0:0:0:0:
475,192,17288,1,0,0:0:0:0:
36,192,17797,1,0,0:0:0:0:
109,192,17797,1,0,0:0:0:0:
329,192,17797,1,0,0:0:0:0:
402,192,17797,1,0,0:0:0:0:
36,192,17924,1,0,0:0:0:0:
109,192,17924,1,0,0:0:0:0:
329,192,17924,1,0,0:0:0:0:
402,192,17924,1,0,0:0:0:0:
36,192,18051,1,0,0:0:0:0:
109,192,18051,1,0,0:0:0:0:
329,192,18051,1,0,0:0:0:0:
402,192,18051,1,0,0:0:0:0:
36,192,18178,1,0,0:0:0:0:
109,192,18178,1,0,0:0:0:0:
402,192,18178,1,0,0:0:0:0:
475,192,18178,1,0,0:0:0:0:
36,192,18305,1,0,0:0:0:0:
109,192,18305,1,0,0:0:0:0:
402,192,18305,1,0,0:0:0:0:
475,192,18305,1,0,0:0:0:0:
36,192,18432,1,0,0:0:0:0:
109,192,18432,1,0,0:0:0:0:
402,192,18432,1,0,0:0:0:0:
475,192,18432,1,0,0:0:0:0:
36,192,18559,1,0,0:0:0:0:
182,192,18559,1,0,0:0:0:0:
329,192,18559,1,0,0:0:0:0:
475,192,18559,1,0,0:0:0:0:
36,192,18814,1,0,0:0:0:0:
182,192,18814,1,0,0:0:0:0:
329,192,18814,1,0,0:0:0:0:
475,192,18814,1,0,0:0:0:0:
109,192,19322,1,0,0:0:0:0:
182,192,19322,1,0,0:0:0:0:
402,192,19322,1,0,0:0:0:0:
475,192,19322,1,0,0:0:0:0:
109,192,19449,1,0,0:0:0:0:
182,192,19449,1,0,0:0:0:0:
402,192,19449,1,0,0:0:0:0:
475,192,19449,1,0,0:0:0:0:
109,192,19576,1,0,0:0:0:0:
182,192,19576,1,0,0:0:0:0:
402,192,19576,1,0,0:0:0:0:
475,192,19576,1,0,0:0:0:0:
36,192,19703,1,0,0:0:0:0:
109,192,19703,1,0,0:0:0:0:
402,192,19703,1,0,0:0:0:0:
475,192,19703,1,0,0:0:0:0:
36,192,19831,1,0,0:0:0:0:
109,192,19831,1,0,0:0:0:0:
402,192,19831,1,0,0:0:0:0:
475,192,19831,1,0,0:0:0:0:
36,192,19958,1,0,0:0:0:0:
109,192,19958,1,0,0:0:0:0:
402,192,19958,1,0,0:0:0:0:
475,192,19958,1,0,0:0:0:0:
36,192,20085,1,0,0:0:0:0:
182,192,20085,1,0,0:0:0:0:
329,192,20085,1,0,0:0:0:0:
475,192,20085,1,0,0:0:0:0:
36,192,20339,1,0,0:0:0:0:
182,192,20339,1,0,0:0:0:0:
329,192,20339,1,0,0:0:0:0:
475,192,20339,1,0,0:0:0:0:
109,0,20593,128,0,20657:0:0:0:0:
182,0,20657,128,0,20720:0:0:0:0:
256,0,20720,128,0,20784:0:0:0:0:
329,0,20784,128,0,20847:0:0:0:0:
182,192,20847,1,0,0:0:0:0:
256,192,20847,1,0,0:0:0:0:
402,0,20847,128,0,21102:0:0:0:0:
475,192,20847,1,0,0:0:0:0:
36,192,20975,1,0,0:0:0:0:
109,192,20975,1,0,0:0:0:0:
475,0,21102,128,0,21229:0:0:0:0:
36,192,21229,1,0,0:0:0:0:
109,192,21229,1,0,0:0:0:0:
329,0,21229,128,0,21356:0:0:0:0:
402,192,21483,1,0,0:0:0:0:
475,192,21483,1,0,0:0:0:0:
36,0,21610,128,0,21674:0:0:0:0:
109,0,21674,128,0,21737:0:0:0:0:
182,0,21737,128,0,21801:0:0:0:0:
402,192,21737,1,0,0:0:0:0:
475,192,21737,1,0,0:0:0:0:
256,0,21801,128,0,21864:0:0:0:0:
329,0,21864,128,0,22119:0:0:0:0:
109,192,21992,1,0,0:0:0:0:
182,192,21992,1,0,0:0:0:0:
475,0,22119,128,0,22246:0:0:0:0:
109,192,22246,1,0,0:0:0:0:
182,192,22246,1,0,0:0:0:0:
402,0,22246,128,0,22373:0:0:0:0:
36,192,22500,1,0,0:0:0:0:
109,192,22500,1,0,0:0:0:0:
182,0,22627,128,0,22691:0:0:0:0:
256,0,22691,128,0,22754:0:0:0:0:
36,192,22754,1,0,0:0:0:0:
109,192,22754,1,0,0:0:0:0:
329,0,22754,128,0,22818:0:0:0:0:
402,0,22818,128,0,22881:0:0:0:0:
256,0,22881,128,0,23008:0:0:0:0:
475,0,22881,128,0,23008:0:0:0:0:
36,192,23008,1,0,0:0:0:0:
109,192,23008,1,0,0:0:0:0:
329,0,23008,128,0,23136:0:0:0:0:
182,0,23136,128,0,23263:0:0:0:0:
402,0,23136,128,0,23263:0:0:0:0:
36,192,23263,1,0,0:0:0:0:
109,192,23263,1,0,0:0:0:0:
256,0,23263,128,0,23390:0:0:0:0:
109,0,23390,128,0,23517:0:0:0:0:
329,0,23390,128,0,23517:0:0:0:0:
182,0,23517,128,0,23644:0:0:0:0:
402,192,23517,1,0,0:0:0:0:
475,192,23517,1,0,0:0:0:0:
36,0,23644,128,0,23771:0:0:0:0:
256,0,23644,128,0,23771:0:0:0:0:
109,0,23771,128,0,23835:0:0:0:0:
402,192,23771,1,0,0:0:0:0:
475,192,23771,1,0,0:0:0:0:
182,0,23835,128,0,24661:0:0:0:0:
329,0,23835,128,0,24661:0:0:0:0:
109,192,24025,1,0,0:0:0:0:
256,192,24025,1,0,0:0:0:0:
402,192,24025,1,0,0:0:0:0:
109,192,24280,1,0,0:0:0:0:
256,192,24280,1,0,0:0:0:0:
402,192,24280,1,0,0:0:0:0:
36,192,24407,1,0,0:0:0:0:
475,192,24407,1,0,0:0:0:0:
402,192,24470,1,0,0:0:0:0:
256,192,24534,1,0,0:0:0:0:
109,192,24597,1,0,0:0:0:0:
36,192,24661,1,0,0:0:0:0:
182,0,24788,128,0,24852:0:0:0:0:
475,0,24788,128,0,24852:0:0:0:0:
109,0,24852,128,0,24915:0:0:0:0:
402,0,24852,128,0,24915:0:0:0:0:
36,0,24915,128,0,25042:0:0:0:0:
256,192,24915,1,0,0:0:0:0:
329,192,24915,1,0,0:0:0:0:
109,0,25042,128,0,25106:0:0:0:0:
329,192,25042,1,0,0:0:0:0:
402,192,25042,1,0,0:0:0:0:
256,192,25297,1,0,0:0:0:0:
402,192,25297,1,0,0:0:0:0:
475,192,25297,1,0,0:0:0:0:
182,0,25297,128,0,25551:0:0:0:0:
109,0,25551,128,0,25678:0:0:0:0:
36,0,25678,128,0,25805:0:0:0:0:
402,192,25678,1,0,0:0:0:0:
475,192,25678,1,0,0:0:0:0:
256,0,25805,128,0,25932:0:0:0:0:
36,192,25932,1,0,0:0:0:0:
109,192,25932,1,0,0:0:0:0:
402,0,25932,128,0,26059:0:0:0:0:
109,192,26059,1,0,0:0:0:0:
182,192,26059,1,0,0:0:0:0:
475,0,26059,128,0,26123:0:0:0:0:
402,0,26123,128,0,26314:0:0:0:0:
109,192,26314,1,0,0:0:0:0:
182,192,26314,1,0,0:0:0:0:
256,192,26314,1,0,0:0:0:0:
329,0,26314,128,0,26949:0:0:0:0:
36,192,26568,1,0,0:0:0:0:
182,192,26695,1,0,0:0:0:0:
256,192,26695,1,0,0:0:0:0:
402,192,26695,1,0,0:0:0:0:
475,192,26695,1,0,0:0:0:0:
36,192,26822,1,0,0:0:0:0:
109,0,26949,128,0,27076:0:0:0:0:
402,0,26949,128,0,27076:0:0:0:0:
475,0,26949,128,0,27076:0:0:0:0:
256,0,26949,128,0,27966:0:0:0:0:
182,192,27076,1,0,0:0:0:0:
329,192,27076,1,0,0:0:0:0:
36,0,27203,128,0,27331:0:0:0:0:
109,0,27203,128,0,27331:0:0:0:0:
402,0,27203,128,0,27331:0:0:0:0:
182,192,27331,1,0,0:0:0:0:
329,192,27331,1,0,0:0:0:0:
36,192,27458,1,0,0:0:0:0:
475,192,27458,1,0,0:0:0:0:
182,192,27521,1,0,0:0:0:0:
402,192,27521,1,0,0:0:0:0:
36,192,27585,1,0,0:0:0:0:
329,192,27585,1,0,0:0:0:0:
182,192,27648,1,0,0:0:0:0:
402,192,27648,1,0,0:0:0:0:
109,192,27712,1,0,0:0:0:0:
475,192,27712,1,0,0:0:0:0:
36,192,27775,1,0,0:0:0:0:
329,192,27775,1,0,0:0:0:0:
109,192,27839,1,0,0:0:0:0:
475,192,27839,1,0,0:0:0:0:
182,192,27903,1,0,0:0:0:0:
329,192,27903,1,0,0:0:0:0:
36,192,27966,1,0,0:0:0:0:
109,192,27966,1,0,0:0:0:0:
402,192,27966,1,0,0:0:0:0:
475,192,27966,1,0,0:0:0:0:
475,0,28220,128,0,28731:0:0:0:0:
36,0,28220,128,0,28985:0:0:0:0:
109,192,28731,1,0,0:0:0:0:
182,192,28794,1,0,0:0:0:0:
256,192,28858,1,0,0:0:0:0:
329,192,28921,1,0,0:0:0:0:
402,192,28985,1,0,0:0:0:0:
475,192,28985,1,0,0:0:0:0:
36,192,29112,1,0,0:0:0:0:
109,192,29112,1,0,0:0:0:0:
329,192,29239,1,0,0:0:0:0:
402,192,29239,1,0,0:0:0:0:
36,192,29366,1,0,0:0:0:0:
109,192,29366,1,0,0:0:0:0:
256,192,29366,1,0,0:0:0:0:
329,192,29366,1,0,0:0:0:0:
36,192,29620,1,0,0:0:0:0:
109,192,29620,1,0,0:0:0:0:
182,192,29748,1,0,0:0:0:0:
256,192,29811,1,0,0:0:0:0:
36,192,29875,1,0,0:0:0:0:
109,192,29875,1,0,0:0:0:0:
329,192,29875,1,0,0:0:0:0:
402,192,29938,1,0,0:0:0:0:
402,192,30002,1,0,0:0:0:0:
475,192,30002,1,0,0:0:0:0:
402,192,30129,1,0,0:0:0:0:
475,192,30129,1,0,0:0:0:0:
182,192,30256,1,0,0:0:0:0:
256,192,30256,1,0,0:0:0:0:
109,192,30383,1,0,0:0:0:0:
182,192,30383,1,0,0:0:0:0:
402,192,30383,1,0,0:0:0:0:
475,192,30383,1,0,0:0:0:0:
402,192,30637,1,0,0:0:0:0:
475,192,30637,1,0,0:0:0:0:
36,192,30765,1,0,0:0:0:0:
109,192,30828,1,0,0:0:0:0:
182,192,30892,1,0,0:0:0:0:
402,192,30892,1,0,0:0:0:0:
475,192,30892,1,0,0:0:0:0:
256,192,30955,1,0,0:0:0:0:
256,192,31019,1,0,0:0:0:0:
329,192,31019,1,0,0:0:0:0:
36,192,31146,1,0,0:0:0:0:
109,192,31146,1,0,0:0:0:0:
329,192,31209,1,0,0:0:0:0:
402,192,31209,1,0,0:0:0:0:
36,192,31400,1,0,0:0:0:0:
109,192,31400,1,0,0:0:0:0:
402,192,31400,1,0,0:0:0:0:
475,192,31400,1,0,0:0:0:0:
329,192,31527,1,0,0:0:0:0:
402,192,31527,1,0,0:0:0:0:
36,192,31654,1,0,0:0:0:0:
109,192,31654,1,0,0:0:0:0:
256,192,31718,1,0,0:0:0:0:
329,192,31718,1,0,0:0:0:0:
36,192,31909,1,0,0:0:0:0:
109,192,31909,1,0,0:0:0:0:
182,192,31909,1,0,0:0:0:0:
256,192,31909,1,0,0:0:0:0:
36,192,32036,1,0,0:0:0:0:
182,192,32099,1,0,0:0:0:0:
36,192,32163,1,0,0:0:0:0:
402,192,32163,1,0,0:0:0:0:
475,192,32163,1,0,0:0:0:0:
182,192,32226,1,0,0:0:0:0:
36,192,32290,1,0,0:0:0:0:
182,192,32354,1,0,0:0:0:0:
36,192,32417,1,0,0:0:0:0:
402,192,32417,1,0,0:0:0:0:
475,192,32417,1,0,0:0:0:0:
182,192,32481,1,0,0:0:0:0:
36,192,32544,1,0,0:0:0:0:
182,192,32608,1,0,0:0:0:0:
36,192,32671,1,0,0:0:0:0:
402,192,32671,1,0,0:0:0:0:
475,192,32671,1,0,0:0:0:0:
182,192,32735,1,0,0:0:0:0:
36,192,32798,1,0,0:0:0:0:
109,192,32830,1,0,0:0:0:0:
182,192,32862,1,0,0:0:0:0:
256,192,32894,1,0,0:0:0:0:
329,192,32926,1,0,0:0:0:0:
402,192,32957,1,0,0:0:0:0:
475,192,32989,1,0,0:0:0:0:
36,192,33053,1,0,0:0:0:0:
109,192,33053,1,0,0:0:0:0:
329,0,33053,128,0,33180:0:0:0:0:
109,192,33180,1,0,0:0:0:0:
182,192,33180,1,0,0:0:0:0:
475,0,33180,128,0,33307:0:0:0:0:
36,0,33434,128,0,33688:0:0:0:0:
182,192,33434,1,0,0:0:0:0:
256,192,33434,1,0,0:0:0:0:
329,192,33434,1,0,0:0:0:0:
109,0,33688,128,0,33815:0:0:0:0:
36,192,33815,1,0,0:0:0:0:
182,192,33815,1,0,0:0:0:0:
256,0,33815,128,0,33943:0:0:0:0:
329,192,33815,1,0,0:0:0:0:
402,192,33815,1,0,0:0:0:0:
475,192,33815,1,0,0:0:0:0:
402,0,33943,128,0,34070:0:0:0:0:
109,192,34070,1,0,0:0:0:0:
182,192,34070,1,0,0:0:0:0:
475,0,34070,128,0,34197:0:0:0:0:
182,192,34197,1,0,0:0:0:0:
256,192,34197,1,0,0:0:0:0:
402,0,34197,128,0,34366:0:0:0:0:
36,0,34451,128,0,34705:0:0:0:0:
329,192,34451,1,0,0:0:0:0:
402,192,34451,1,0,0:0:0:0:
475,192,34451,1,0,0:0:0:0:
475,0,34705,128,0,34832:0:0:0:0:
36,192,34832,1,0,0:0:0:0:
109,192,34832,1,0,0:0:0:0:
182,192,34832,1,0,0:0:0:0:
256,0,34832,128,0,34959:0:0:0:0:
329,192,34832,1,0,0:0:0:0:
402,192,34832,1,0,0:0:0:0:
109,0,34959,128,0,35023:0:0:0:0:
36,0,35023,128,0,35214:0:0:0:0:
109,192,35087,1,0,0:0:0:0:
182,192,35087,1,0,0:0:0:0:
256,192,35087,1,0,0:0:0:0:
329,192,35087,1,0,0:0:0:0:
402,192,35087,1,0,0:0:0:0:
475,192,35087,1,0,0:0:0:0:
36,192,35341,1,0,0:0:0:0:
109,192,35341,1,0,0:0:0:0:
182,192,35341,1,0,0:0:0:0:
256,192,35341,1,0,0:0:0:0:
329,192,35341,1,0,0:0:0:0:
402,0,35341,128,0,35468:0:0:0:0:
475,192,35341,1,0,0:0:0:0:
475,0,35468,128,0,35531:0:0:0:0:
36,0,35531,128,0,35722:0:0:0:0:
109,192,35595,1,0,0:0:0:0:
182,192,35595,1,0,0:0:0:0:
256,192,35595,1,0,0:0:0:0:
329,192,35595,1,0,0:0:0:0:
402,192,35595,1,0,0:0:0:0:
475,192,35595,1,0,0:0:0:0:
36,192,35849,1,0,0:0:0:0:
109,192,35849,1,0,0:0:0:0:
182,192,35849,1,0,0:0:0:0:
256,192,35849,1,0,0:0:0:0:
329,0,35849,128,0,35976:0:0:0:0:
402,192,35849,1,0,0:0:0:0:
475,192,35849,1,0,0:0:0:0:
475,0,35976,128,0,36040:0:0:0:0:
36,0,36040,128,0,36231:0:0:0:0:
109,192,36104,1,0,0:0:0:0:
182,192,36104,1,0,0:0:0:0:
256,192,36104,1,0,0:0:0:0:
329,192,36104,1,0,0:0:0:0:
402,192,36104,1,0,0:0:0:0:
475,192,36104,1,0,0:0:0:0:
36,192,36358,1,0,0:0:0:0:
109,192,36358,1,0,0:0:0:0:
182,192,36358,1,0,0:0:0:0:
256,0,36358,128,0,36485:0:0:0:0:
329,192,36358,1,0,0:0:0:0:
402,192,36358,1,0,0:0:0:0:
475,192,36358,1,0,0:0:0:0:
402,0,36485,128,0,36548:0:0:0:0:
36,0,36548,128,0,36739:0:0:0:0:
109,192,36612,1,0,0:0:0:0:
182,192,36612,1,0,0:0:0:0:
256,192,36612,1,0,0:0:0:0:
329,192,36612,1,0,0:0:0:0:
402,192,36612,1,0,0:0:0:0:
475,192,36612,1,0,0:0:0:0:
109,0,36739,128,0,36866:0:0:0:0:
36,192,36866,1,0,0:0:0:0:
182,0,36866,128,0,36993:0:0:0:0:
256,192,36866,1,0,0:0:0:0:
329,192,36866,1,0,0:0:0:0:
402,192,36866,1,0,0:0:0:0:
475,192,36866,1,0,0:0:0:0:
256,0,36993,128,0,37057:0:0:0:0:
36,0,37057,128,0,39154:0:0:0:0:
109,192,37120,1,0,0:0:0:0:
182,192,37120,1,0,0:0:0:0:
256,192,37120,1,0,0:0:0:0:
329,192,37120,1,0,0:0:0:0:
402,192,37120,1,0,0:0:0:0:
475,192,37120,1,0,0:0:0:0:
109,192,37248,1,0,0:0:0:0:
256,192,37248,1,0,0:0:0:0:
182,192,37375,1,0,0:0:0:0:
329,192,37375,1,0,0:0:0:0:
256,192,37502,1,0,0:0:0:0:
402,192,37502,1,0,0:0:0:0:
402,192,37629,1,0,0:0:0:0:
475,192,37629,1,0,0:0:0:0:
182,192,37756,1,0,0:0:0:0:
329,192,37756,1,0,0:0:0:0:
256,192,37883,1,0,0:0:0:0:
402,192,37883,1,0,0:0:0:0:
329,192,38010,1,0,0:0:0:0:
475,192,38010,1,0,0:0:0:0:
402,192,38137,1,0,0:0:0:0:
475,192,38137,1,0,0:0:0:0:
109,192,38265,1,0,0:0:0:0:
256,192,38265,1,0,0:0:0:0:
182,192,38392,1,0,0:0:0:0:
329,192,38392,1,0,0:0:0:0:
256,192,38519,1,0,0:0:0:0:
402,192,38519,1,0,0:0:0:0:
329,192,38646,1,0,0:0:0:0:
475,192,38646,1,0,0:0:0:0:
182,192,38773,1,0,0:0:0:0:
256,192,38773,1,0,0:0:0:0:
256,192,38900,1,0,0:0:0:0:
329,192,38900,1,0,0:0:0:0:
329,192,39027,1,0,0:0:0:0:
402,192,39027,1,0,0:0:0:0:
109,192,39154,1,0,0:0:0:0:
182,192,39154,1,0,0:0:0:0:
256,192,39154,1,0,0:0:0:0:
256,192,39281,1,0,0:0:0:0:
329,192,39281,1,0,0:0:0:0:
402,192,39281,1,0,0:0:0:0:
36,192,39409,1,0,0:0:0:0:
402,192,39409,1,0,0:0:0:0:
475,192,39409,1,0,0:0:0:0:
36,192,39536,1,0,0:0:0:0:
109,192,39536,1,0,0:0:0:0:
182,192,39536,1,0,0:0:0:0:
182,192,39663,1,0,0:0:0:0:
256,192,39663,1,0,0:0:0:0:
329,192,39663,1,0,0:0:0:0:
329,192,39790,1,0,0:0:0:0:
402,192,39790,1,0,0:0:0:0:
475,192,39790,1,0,0:0:0:0:
36,192,39917,1,0,0:0:0:0:
109,192,39917,1,0,0:0:0:0:
475,192,39917,1,0,0:0:0:0:
109,192,40044,1,0,0:0:0:0:
182,192,40044,1,0,0:0:0:0:
256,192,40044,1,0,0:0:0:0:
256,192,40171,1,0,0:0:0:0:
329,192,40171,1,0,0:0:0:0:
402,192,40171,1,0,0:0:0:0:
36,192,40298,1,0,0:0:0:0:
402,192,40298,1,0,0:0:0:0:
475,192,40298,1,0,0:0:0:0:
36,192,40426,1,0,0:0:0:0:
109,192,40426,1,0,0:0:0:0:
182,192,40426,1,0,0:0:0:0:
182,192,40553,1,0,0:0:0:0:
256,192,40553,1,0,0:0:0:0:
329,192,40553,1,0,0:0:0:0:
329,192,40680,1,0,0:0:0:0:
402,192,40680,1,0,0:0:0:0:
475,192,40680,1,0,0:0:0:0:
36,192,40807,1,0,0:0:0:0:
109,192,40807,1,0,0:0:0:0:
475,192,40807,1,0,0:0:0:0:
109,192,40934,1,0,0:0:0:0:
182,192,40934,1,0,0:0:0:0:
256,192,40934,1,0,0:0:0:0:
256,192,41061,1,0,0:0:0:0:
329,192,41061,1,0,0:0:0:0:
402,192,41061,1,0,0:0:0:0:
36,0,41188,128,0,43159:0:0:0:0:
109,0,41188,128,0,43159:0:0:0:0:
402,0,41188,128,0,43159:0:0:0:0:
475,0,41188,128,0,43159:0:0:0:0:
182,0,42205,128,0,43159:0:0:0:0:
329,0,42205,128,0,43159:0:0:0:0:
182,192,43222,1,0,0:0:0:0:
256,0,43222,128,0,43476:0:0:0:0:
329,192,43222,1,0,0:0:0:0:
36,192,43349,1,0,0:0:0:0:
109,192,43349,1,0,0:0:0:0:
329,0,43349,128,0,43476:0:0:0:0:
402,192,43349,1,0,0:0:0:0:
475,192,43349,1,0,0:0:0:0:
109,192,43604,1,0,0:0:0:0:
182,0,43604,128,0,43858:0:0:0:0:
256,192,43604,1,0,0:0:0:0:
36,192,43731,1,0,0:0:0:0:
256,0,43731,128,0,43858:0:0:0:0:
329,192,43731,1,0,0:0:0:0:
402,192,43731,1,0,0:0:0:0:
475,192,43731,1,0,0:0:0:0:
36,192,43985,1,0,0:0:0:0:
182,192,43985,1,0,0:0:0:0:
109,0,43985,128,0,44239:0:0:0:0:
256,192,44112,1,0,0:0:0:0:
329,192,44112,1,0,0:0:0:0:
402,192,44112,1,0,0:0:0:0:
475,192,44112,1,0,0:0:0:0:
182,0,44112,128,0,44239:0:0:0:0:
36,0,44366,128,0,44620:0:0:0:0:
109,192,44366,1,0,0:0:0:0:
475,192,44366,1,0,0:0:0:0:
109,0,44493,128,0,44620:0:0:0:0:
182,192,44493,1,0,0:0:0:0:
256,192,44493,1,0,0:0:0:0:
329,192,44493,1,0,0:0:0:0:
402,192,44493,1,0,0:0:0:0:
256,192,44711,1,0,0:0:0:0:
329,192,44732,1,0,0:0:0:0:
402,192,44742,1,0,0:0:0:0:
475,192,44748,1,0,0:0:0:0:
182,192,44875,1,0,0:0:0:0:
256,192,44875,1,0,0:0:0:0:
329,192,44875,1,0,0:0:0:0:
109,192,45002,1,0,0:0:0:0:
182,192,45002,1,0,0:0:0:0:
36,192,45129,1,0,0:0:0:0:
109,192,45129,1,0,0:0:0:0:
36,192,45256,1,0,0:0:0:0:
109,192,45256,1,0,0:0:0:0:
182,192,45256,1,0,0:0:0:0:
402,192,45256,1,0,0:0:0:0:
256,0,45256,128,0,46273:0:0:0:0:
475,0,45256,128,0,47290:0:0:0:0:
329,192,45320,1,0,0:0:0:0:
182,192,45383,1,0,0:0:0:0:
109,192,45447,1,0,0:0:0:0:
36,192,45510,1,0,0:0:0:0:
329,192,45510,1,0,0:0:0:0:
402,192,45510,1,0,0:0:0:0:
182,192,45574,1,0,0:0:0:0:
109,192,45637,1,0,0:0:0:0:
36,192,45701,1,0,0:0:0:0:
109,192,45765,1,0,0:0:0:0:
182,192,45765,1,0,0:0:0:0:
402,192,45765,1,0,0:0:0:0:
329,192,45828,1,0,0:0:0:0:
182,192,45892,1,0,0:0:0:0:
109,192,45955,1,0,0:0:0:0:
36,192,46019,1,0,0:0:0:0:
329,192,46019,1,0,0:0:0:0:
402,192,46019,1,0,0:0:0:0:
182,192,46082,1,0,0:0:0:0:
109,192,46146,1,0,0:0:0:0:
36,192,46209,1,0,0:0:0:0:
109,0,46273,128,0,46781:0:0:0:0:
182,192,46273,1,0,0:0:0:0:
329,192,46273,1,0,0:0:0:0:
402,192,46273,1,0,0:0:0:0:
256,192,46337,1,0,0:0:0:0:
329,192,46400,1,0,0:0:0:0:
256,192,46464,1,0,0:0:0:0:
36,192,46527,1,0,0:0:0:0:
182,192,46527,1,0,0:0:0:0:
329,192,46527,1,0,0:0:0:0:
402,192,46591,1,0,0:0:0:0:
36,192,46654,1,0,0:0:0:0:
182,192,46718,1,0,0:0:0:0:
36,192,46781,1,0,0:0:0:0:
329,192,46781,1,0,0:0:0:0:
402,192,46781,1,0,0:0:0:0:
256,0,46781,128,0,47290:0:0:0:0:
109,192,46845,1,0,0:0:0:0:
182,192,46909,1,0,0:0:0:0:
329,192,46972,1,0,0:0:0:0:
36,192,47036,1,0,0:0:0:0:
182,192,47036,1,0,0:0:0:0:
402,192,47036,1,0,0:0:0:0:
109,192,47099,1,0,0:0:0:0:
182,192,47163,1,0,0:0:0:0:
329,192,47226,1,0,0:0:0:0:
182,192,47290,1,0,0:0:0:0:
402,0,47290,128,0,47798:0:0:0:0:
36,0,47290,128,0,49324:0:0:0:0:
109,192,47354,1,0,0:0:0:0:
475,192,47417,1,0,0:0:0:0:
329,192,47481,1,0,0:0:0:0:
109,192,47544,1,0,0:0:0:0:
256,192,47544,1,0,0:0:0:0:
475,192,47544,1,0,0:0:0:0:
182,192,47608,1,0,0:0:0:0:
109,192,47671,1,0,0:0:0:0:
475,192,47735,1,0,0:0:0:0:
109,192,47798,1,0,0:0:0:0:
329,192,47798,1,0,0:0:0:0:
256,0,47798,128,0,48307:0:0:0:0:
182,192,47862,1,0,0:0:0:0:
109,192,47926,1,0,0:0:0:0:
475,192,47989,1,0,0:0:0:0:
109,192,48053,1,0,0:0:0:0:
182,192,48053,1,0,0:0:0:0:
402,192,48053,1,0,0:0:0:0:
329,192,48116,1,0,0:0:0:0:
182,192,48180,1,0,0:0:0:0:
109,192,48243,1,0,0:0:0:0:
109,0,48307,128,0,48815:0:0:0:0:
182,192,48307,1,0,0:0:0:0:
402,192,48307,1,0,0:0:0:0:
475,192,48307,1,0,0:0:0:0:
256,192,48370,1,0,0:0:0:0:
329,192,48434,1,0,0:0:0:0:
256,192,48498,1,0,0:0:0:0:
182,192,48561,1,0,0:0:0:0:
329,192,48561,1,0,0:0:0:0:
475,192,48561,1,0,0:0:0:0:
402,192,48625,1,0,0:0:0:0:
329,192,48688,1,0,0:0:0:0:
402,192,48752,1,0,0:0:0:0:
182,192,48815,1,0,0:0:0:0:
329,192,48815,1,0,0:0:0:0:
475,192,48815,1,0,0:0:0:0:
256,0,48815,128,0,49324:0:0:0:0:
109,192,48879,1,0,0:0:0:0:
182,192,48943,1,0,0:0:0:0:
329,192,49006,1,0,0:0:0:0:
109,192,49070,1,0,0:0:0:0:
182,192,49070,1,0,0:0:0:0:
402,192,49070,1,0,0:0:0:0:
475,192,49070,1,0,0:0:0:0:
329,192,49133,1,0,0:0:0:0:
402,192,49197,1,0,0:0:0:0:
475,192,49260,1,0,0:0:0:0:
109,192,49324,1,0,0:0:0:0:
329,192,49324,1,0,0:0:0:0:
402,0,49324,128,0,50341:0:0:0:0:
182,0,49324,128,0,51358:0:0:0:0:
256,192,49387,1,0,0:0:0:0:
109,192,49451,1,0,0:0:0:0:
36,192,49515,1,0,0:0:0:0:
109,192,49578,1,0,0:0:0:0:
256,192,49578,1,0,0:0:0:0:
475,192,49578,1,0,0:0:0:0:
329,192,49642,1,0,0:0:0:0:
256,192,49705,1,0,0:0:0:0:
109,192,49769,1,0,0:0:0:0:
36,192,49832,1,0,0:0:0:0:
329,192,49832,1,0,0:0:0:0:
475,192,49832,1,0,0:0:0:0:
256,192,49896,1,0,0:0:0:0:
109,192,49959,1,0,0:0:0:0:
36,192,50023,1,0,0:0:0:0:
109,192,50087,1,0,0:0:0:0:
256,192,50087,1,0,0:0:0:0:
475,192,50087,1,0,0:0:0:0:
329,192,50150,1,0,0:0:0:0:
256,192,50214,1,0,0:0:0:0:
109,192,50277,1,0,0:0:0:0:
36,192,50341,1,0,0:0:0:0:
109,0,50341,128,0,50849:0:0:0:0:
256,192,50341,1,0,0:0:0:0:
475,192,50341,1,0,0:0:0:0:
329,192,50404,1,0,0:0:0:0:
256,192,50468,1,0,0:0:0:0:
402,192,50531,1,0,0:0:0:0:
36,192,50595,1,0,0:0:0:0:
256,192,50595,1,0,0:0:0:0:
329,192,50595,1,0,0:0:0:0:
475,192,50659,1,0,0:0:0:0:
256,192,50722,1,0,0:0:0:0:
402,192,50786,1,0,0:0:0:0:
36,192,50849,1,0,0:0:0:0:
329,192,50849,1,0,0:0:0:0:
256,0,50849,128,0,51358:0:0:0:0:
475,192,50913,1,0,0:0:0:0:
109,192,50976,1,0,0:0:0:0:
402,192,51040,1,0,0:0:0:0:
36,192,51104,1,0,0:0:0:0:
109,192,51104,1,0,0:0:0:0:
475,192,51104,1,0,0:0:0:0:
329,192,51167,1,0,0:0:0:0:
109,192,51231,1,0,0:0:0:0:
402,192,51294,1,0,0:0:0:0:
109,192,51358,1,0,0:0:0:0:
475,192,51358,1,0,0:0:0:0:
402,0,51358,128,0,52375:0:0:0:0:
36,0,51358,128,0,53392:0:0:0:0:
329,192,51421,1,0,0:0:0:0:
256,192,51485,1,0,0:0:0:0:
182,192,51548,1,0,0:0:0:0:
109,192,51612,1,0,0:0:0:0:
329,192,51612,1,0,0:0:0:0:
475,192,51612,1,0,0:0:0:0:
256,192,51676,1,0,0:0:0:0:
182,192,51739,1,0,0:0:0:0:
109,192,51803,1,0,0:0:0:0:
182,192,51866,1,0,0:0:0:0:
256,192,51866,1,0,0:0:0:0:
475,192,51866,1,0,0:0:0:0:
329,192,51930,1,0,0:0:0:0:
256,192,51993,1,0,0:0:0:0:
182,192,52057,1,0,0:0:0:0:
109,192,52120,1,0,0:0:0:0:
329,192,52120,1,0,0:0:0:0:
475,192,52120,1,0,0:0:0:0:
256,192,52184,1,0,0:0:0:0:
182,192,52248,1,0,0:0:0:0:
109,192,52311,1,0,0:0:0:0:
329,192,52375,1,0,0:0:0:0:
256,0,52375,128,0,53392:0:0:0:0:
475,0,52375,128,0,53392:0:0:0:0:
182,192,52438,1,0,0:0:0:0:
402,192,52502,1,0,0:0:0:0:
109,192,52565,1,0,0:0:0:0:
329,192,52629,1,0,0:0:0:0:
402,192,52629,1,0,0:0:0:0:
182,192,52693,1,0,0:0:0:0:
402,192,52756,1,0,0:0:0:0:
109,192,52820,1,0,0:0:0:0:
329,192,52883,1,0,0:0:0:0:
402,192,52883,1,0,0:0:0:0:
182,192,52947,1,0,0:0:0:0:
402,192,53010,1,0,0:0:0:0:
109,192,53074,1,0,0:0:0:0:
329,192,53137,1,0,0:0:0:0:
402,192,53137,1,0,0:0:0:0:
182,192,53201,1,0,0:0:0:0:
402,192,53265,1,0,0:0:0:0:
109,192,53328,1,0,0:0:0:0:
36,192,53646,1,0,0:0:0:0:
109,192,53646,1,0,0:0:0:0:
256,192,53646,1,0,0:0:0:0:
329,192,53646,1,0,0:0:0:0:
475,0,53646,128,0,53900:0:0:0:0:
36,192,53900,1,0,0:0:0:0:
402,0,53900,128,0,54027:0:0:0:0:
109,192,54027,1,0,0:0:0:0:
182,192,54027,1,0,0:0:0:0:
256,192,54027,1,0,0:0:0:0:
329,0,54027,128,0,54281:0:0:0:0:
36,192,54154,1,0,0:0:0:0:
36,192,54281,1,0,0:0:0:0:
109,192,54281,1,0,0:0:0:0:
182,192,54281,1,0,0:0:0:0:
402,192,54281,1,0,0:0:0:0:
475,192,54281,1,0,0:0:0:0:
256,0,54281,128,0,54536:0:0:0:0:
109,192,54536,1,0,0:0:0:0:
329,0,54536,128,0,54663:0:0:0:0:
402,192,54536,1,0,0:0:0:0:
36,192,54663,1,0,0:0:0:0:
256,0,54663,128,0,54790:0:0:0:0:
475,192,54663,1,0,0:0:0:0:
36,192,54790,1,0,0:0:0:0:
109,0,54790,128,0,55044:0:0:0:0:
182,192,54790,1,0,0:0:0:0:
329,192,54790,1,0,0:0:0:0:
402,192,54790,1,0,0:0:0:0:
475,192,54790,1,0,0:0:0:0:
36,192,55044,1,0,0:0:0:0:
182,0,55044,128,0,55171:0:0:0:0:
475,192,55044,1,0,0:0:0:0:
109,192,55171,1,0,0:0:0:0:
256,0,55171,128,0,55298:0:0:0:0:
329,192,55171,1,0,0:0:0:0:
402,192,55171,1,0,0:0:0:0:
36,192,55298,1,0,0:0:0:0:
475,192,55298,1,0,0:0:0:0:
329,0,55298,128,0,55426:0:0:0:0:
256,192,55426,1,0,0:0:0:0:
402,0,55426,128,0,55553:0:0:0:0:
36,192,55680,1,0,0:0:0:0:
109,192,55680,1,0,0:0:0:0:
256,192,55680,1,0,0:0:0:0:
329,192,55680,1,0,0:0:0:0:
475,0,55680,128,0,55712:0:0:0:0:
36,192,55934,1,0,0:0:0:0:
402,0,55934,128,0,55966:0:0:0:0:
109,192,56061,1,0,0:0:0:0:
182,192,56061,1,0,0:0:0:0:
256,192,56061,1,0,0:0:0:0:
329,0,56061,128,0,56093:0:0:0:0:
36,192,56188,1,0,0:0:0:0:
36,192,56315,1,0,0:0:0:0:
109,192,56315,1,0,0:0:0:0:
182,192,56315,1,0,0:0:0:0:
256,0,56315,128,0,56347:0:0:0:0:
402,192,56315,1,0,0:0:0:0:
475,192,56315,1,0,0:0:0:0:
109,192,56570,1,0,0:0:0:0:
329,0,56570,128,0,56601:0:0:0:0:
402,192,56570,1,0,0:0:0:0:
182,192,56697,1,0,0:0:0:0:
329,192,56697,1,0,0:0:0:0:
475,0,56697,128,0,56729:0:0:0:0:
36,0,56824,128,0,56856:0:0:0:0:
109,192,56824,1,0,0:0:0:0:
182,192,56824,1,0,0:0:0:0:
256,192,56824,1,0,0:0:0:0:
329,192,56824,1,0,0:0:0:0:
402,192,56824,1,0,0:0:0:0:
475,192,56824,1,0,0:0:0:0:
36,192,57078,1,0,0:0:0:0:
182,0,57078,128,0,57110:0:0:0:0:
475,192,57078,1,0,0:0:0:0:
109,192,57205,1,0,0:0:0:0:
182,192,57205,1,0,0:0:0:0:
256,0,57205,128,0,57237:0:0:0:0:
329,192,57205,1,0,0:0:0:0:
402,192,57205,1,0,0:0:0:0:
36,192,57332,1,0,0:0:0:0:
329,0,57332,128,0,57364:0:0:0:0:
475,192,57332,1,0,0:0:0:0:
256,192,57459,1,0,0:0:0:0:
402,0,57459,128,0,57587:0:0:0:0:
36,192,57714,1,0,0:0:0:0:
109,192,57714,1,0,0:0:0:0:
256,192,57714,1,0,0:0:0:0:
329,192,57714,1,0,0:0:0:0:
475,0,57714,128,0,57968:0:0:0:0:
36,192,57968,1,0,0:0:0:0:
402,0,57968,128,0,58095:0:0:0:0:
109,192,58095,1,0,0:0:0:0:
182,192,58095,1,0,0:0:0:0:
256,192,58095,1,0,0:0:0:0:
329,0,58095,128,0,58349:0:0:0:0:
36,192,58222,1,0,0:0:0:0:
36,192,58349,1,0,0:0:0:0:
109,192,58349,1,0,0:0:0:0:
182,192,58349,1,0,0:0:0:0:
402,192,58349,1,0,0:0:0:0:
475,192,58349,1,0,0:0:0:0:
256,0,58349,128,0,58604:0:0:0:0:
109,192,58604,1,0,0:0:0:0:
329,0,58604,128,0,58731:0:0:0:0:
402,192,58604,1,0,0:0:0:0:
36,192,58731,1,0,0:0:0:0:
256,0,58731,128,0,58858:0:0:0:0:
475,192,58731,1,0,0:0:0:0:
36,192,58858,1,0,0:0:0:0:
109,0,58858,128,0,59112:0:0:0:0:
182,192,58858,1,0,0:0:0:0:
329,192,58858,1,0,0:0:0:0:
402,192,58858,1,0,0:0:0:0:
475,192,58858,1,0,0:0:0:0:
36,192,59112,1,0,0:0:0:0:
182,0,59112,128,0,59239:0:0:0:0:
329,192,59112,1,0,0:0:0:0:
109,192,59239,1,0,0:0:0:0:
256,0,59239,128,0,59366:0:0:0:0:
402,192,59239,1,0,0:0:0:0:
182,192,59366,1,0,0:0:0:0:
475,192,59366,1,0,0:0:0:0:
329,0,59366,128,0,59493:0:0:0:0:
36,192,59493,1,0,0:0:0:0:
109,192,59493,1,0,0:0:0:0:
256,192,59493,1,0,0:0:0:0:
402,192,59493,1,0,0:0:0:0:
475,192,59557,1,0,0:0:0:0:
36,192,59620,1,0,0:0:0:0:
475,192,59684,1,0,0:0:0:0:
36,192,59748,1,0,0:0:0:0:
475,192,59811,1,0,0:0:0:0:
36,192,59875,1,0,0:0:0:0:
475,192,59938,1,0,0:0:0:0:
36,192,60002,1,0,0:0:0:0:
475,192,60065,1,0,0:0:0:0:
36,192,60129,1,0,0:0:0:0:
475,192,60193,1,0,0:0:0:0:
36,192,60256,1,0,0:0:0:0:
109,192,60256,1,0,0:0:0:0:
182,192,60256,1,0,0:0:0:0:
256,192,60256,1,0,0:0:0:0:
329,192,60256,1,0,0:0:0:0:
402,192,60320,1,0,0:0:0:0:
109,192,60383,1,0,0:0:0:0:
402,192,60447,1,0,0:0:0:0:
109,192,60510,1,0,0:0:0:0:
402,192,60574,1,0,0:0:0:0:
109,192,60637,1,0,0:0:0:0:
402,192,60701,1,0,0:0:0:0:
109,192,60765,1,0,0:0:0:0:
402,192,60828,1,0,0:0:0:0:
109,192,60892,1,0,0:0:0:0:
402,192,60955,1,0,0:0:0:0:
36,192,61019,1,0,0:0:0:0:
109,192,61019,1,0,0:0:0:0:
182,192,61019,1,0,0:0:0:0:
256,192,61019,1,0,0:0:0:0:
475,192,61019,1,0,0:0:0:0:
329,192,61082,1,0,0:0:0:0:
182,192,61146,1,0,0:0:0:0:
329,192,61209,1,0,0:0:0:0:
182,192,61273,1,0,0:0:0:0:
329,192,61337,1,0,0:0:0:0:
182,192,61400,1,0,0:0:0:0:
329,192,61464,1,0,0:0:0:0:
182,192,61527,1,0,0:0:0:0:
329,192,61591,1,0,0:0:0:0:
182,192,61654,1,0,0:0:0:0:
329,192,61718,1,0,0:0:0:0:
36,192,61781,1,0,0:0:0:0:
182,192,61781,1,0,0:0:0:0:
256,192,61781,1,0,0:0:0:0:
402,192,61781,1,0,0:0:0:0:
475,192,61781,1,0,0:0:0:0:
109,192,61845,1,0,0:0:0:0:
402,192,61909,1,0,0:0:0:0:
109,192,61972,1,0,0:0:0:0:
402,192,62036,1,0,0:0:0:0:
109,192,62099,1,0,0:0:0:0:
402,192,62163,1,0,0:0:0:0:
109,192,62226,1,0,0:0:0:0:
402,192,62290,1,0,0:0:0:0:
109,192,62354,1,0,0:0:0:0:
402,192,62417,1,0,0:0:0:0:
109,192,62481,1,0,0:0:0:0:
36,192,62544,1,0,0:0:0:0:
256,192,62544,1,0,0:0:0:0:
329,192,62587,1,0,0:0:0:0:
109,192,62629,1,0,0:0:0:0:
402,192,62671,1,0,0:0:0:0:
182,192,62714,1,0,0:0:0:0:
475,192,62756,1,0,0:0:0:0:
109,192,62798,1,0,0:0:0:0:
402,192,62841,1,0,0:0:0:0:
36,192,62883,1,0,0:0:0:0:
329,192,62926,1,0,0:0:0:0:
109,192,62968,1,0,0:0:0:0:
402,192,63010,1,0,0:0:0:0:
182,192,63053,1,0,0:0:0:0:
475,192,63095,1,0,0:0:0:0:
109,192,63137,1,0,0:0:0:0:
402,192,63180,1,0,0:0:0:0:
36,192,63222,1,0,0:0:0:0:
329,192,63265,1,0,0:0:0:0:
109,192,63307,1,0,0:0:0:0:
402,192,63349,1,0,0:0:0:0:
182,192,63392,1,0,0:0:0:0:
475,192,63434,1,0,0:0:0:0:
109,192,63476,1,0,0:0:0:0:
402,192,63519,1,0,0:0:0:0:
36,192,63561,1,0,0:0:0:0:
256,192,63561,1,0,0:0:0:0:
329,192,63604,1,0,0:0:0:0:
109,192,63646,1,0,0:0:0:0:
402,192,63688,1,0,0:0:0:0:
182,192,63731,1,0,0:0:0:0:
475,192,63773,1,0,0:0:0:0:
109,192,63815,1,0,0:0:0:0:
402,192,63858,1,0,0:0:0:0:
36,192,63900,1,0,0:0:0:0:
329,192,63943,1,0,0:0:0:0:
109,192,63985,1,0,0:0:0:0:
402,192,64027,1,0,0:0:0:0:
182,192,64070,1,0,0:0:0:0:
256,192,64070,1,0,0:0:0:0:
475,192,64112,1,0,0:0:0:0:
109,192,64154,1,0,0:0:0:0:
402,192,64197,1,0,0:0:0:0:
36,192,64239,1,0,0:0:0:0:
329,192,64281,1,0,0:0:0:0:
109,192,64324,1,0,0:0:0:0:
402,192,64366,1,0,0:0:0:0:
182,192,64409,1,0,0:0:0:0:
475,192,64451,1,0,0:0:0:0:
109,192,64493,1,0,0:0:0:0:
402,192,64536,1,0,0:0:0:0:
36,192,64578,1,0,0:0:0:0:
256,0,64578,128,0,66612:0:0:0:0:
329,192,64610,1,0,0:0:0:0:
109,192,64642,1,0,0:0:0:0:
402,192,64673,1,0,0:0:0:0:
182,192,64705,1,0,0:0:0:0:
475,192,64737,1,0,0:0:0:0:
109,192,64769,1,0,0:0:0:0:
402,192,64801,1,0,0:0:0:0:
36,192,64832,1,0,0:0:0:0:
329,192,64864,1,0,0:0:0:0:
109,192,64896,1,0,0:0:0:0:
402,192,64928,1,0,0:0:0:0:
182,192,64959,1,0,0:0:0:0:
475,192,64991,1,0,0:0:0:0:
109,192,65023,1,0,0:0:0:0:
402,192,65055,1,0,0:0:0:0:
36,192,65087,1,0,0:0:0:0:
329,192,65118,1,0,0:0:0:0:
109,192,65150,1,0,0:0:0:0:
402,192,65182,1,0,0:0:0:0:
182,192,65214,1,0,0:0:0:0:
475,192,65245,1,0,0:0:0:0:
109,192,65277,1,0,0:0:0:0:
402,192,65309,1,0,0:0:0:0:
36,192,65341,1,0,0:0:0:0:
329,192,65373,1,0,0:0:0:0:
109,192,65404,1,0,0:0:0:0:
402,192,65436,1,0,0:0:0:0:
182,192,65468,1,0,0:0:0:0:
475,192,65500,1,0,0:0:0:0:
109,192,65531,1,0,0:0:0:0:
402,192,65563,1,0,0:0:0:0:
36,192,65595,1,0,0:0:0:0:
329,192,65627,1,0,0:0:0:0:
109,192,65659,1,0,0:0:0:0:
402,192,65690,1,0,0:0:0:0:
182,192,65722,1,0,0:0:0:0:
475,192,65754,1,0,0:0:0:0:
109,192,65786,1,0,0:0:0:0:
402,192,65818,1,0,0:0:0:0:
36,192,65849,1,0,0:0:0:0:
329,192,65881,1,0,0:0:0:0:
109,192,65913,1,0,0:0:0:0:
402,192,65945,1,0,0:0:0:0:
182,192,65976,1,0,0:0:0:0:
475,192,66008,1,0,0:0:0:0:
109,192,66040,1,0,0:0:0:0:
402,192,66072,1,0,0:0:0:0:
36,192,66104,1,0,0:0:0:0:
329,192,66135,1,0,0:0:0:0:
109,192,66167,1,0,0:0:0:0:
402,192,66199,1,0,0:0:0:0:
182,192,66231,1,0,0:0:0:0:
475,192,66262,1,0,0:0:0:0:
109,192,66294,1,0,0:0:0:0:
402,192,66326,1,0,0:0:0:0:
36,192,66358,1,0,0:0:0:0:
329,192,66390,1,0,0:0:0:0:
109,192,66421,1,0,0:0:0:0:
402,192,66453,1,0,0:0:0:0:
182,192,66485,1,0,0:0:0:0:
475,192,66517,1,0,0:0:0:0:
109,192,66548,1,0,0:0:0:0:
402,192,66580,1,0,0:0:0:0:
36,192,66612,1,0,0:0:0:0:
182,192,66612,1,0,0:0:0:0:
329,0,66612,128,0,67375:0:0:0:0:
475,192,66612,1,0,0:0:0:0:
36,192,66866,1,0,0:0:0:0:
402,192,66993,1,0,0:0:0:0:
475,192,66993,1,0,0:0:0:0:
36,192,67248,1,0,0:0:0:0:
402,192,67248,1,0,0:0:0:0:
475,192,67248,1,0,0:0:0:0:
109,192,67375,1,0,0:0:0:0:
182,192,67375,1,0,0:0:0:0:
256,192,67375,1,0,0:0:0:0:
36,0,67375,128,0,67883:0:0:0:0:
329,192,67629,1,0,0:0:0:0:
402,192,67629,1,0,0:0:0:0:
329,192,67883,1,0,0:0:0:0:
402,192,67883,1,0,0:0:0:0:
475,0,67883,128,0,68106:0:0:0:0:
36,192,68137,1,0,0:0:0:0:
182,192,68137,1,0,0:0:0:0:
256,192,68137,1,0,0:0:0:0:
475,0,68137,128,0,68646:0:0:0:0:
36,192,68392,1,0,0:0:0:0:
182,192,68519,1,0,0:0:0:0:
256,192,68519,1,0,0:0:0:0:
402,0,68646,128,0,68773:0:0:0:0:
36,192,68773,1,0,0:0:0:0:
182,192,68773,1,0,0:0:0:0:
256,192,68773,1,0,0:0:0:0:
329,0,68773,128,0,68900:0:0:0:0:
36,192,68900,1,0,0:0:0:0:
109,192,68900,1,0,0:0:0:0:
402,0,68900,128,0,69409:0:0:0:0:
256,192,69154,1,0,0:0:0:0:
329,192,69154,1,0,0:0:0:0:
475,192,69154,1,0,0:0:0:0:
109,0,69409,128,0,69536:0:0:0:0:
256,192,69409,1,0,0:0:0:0:
329,192,69409,1,0,0:0:0:0:
475,192,69409,1,0,0:0:0:0:
182,0,69536,128,0,69663:0:0:0:0:
36,192,69663,1,0,0:0:0:0:
256,0,69663,128,0,69917:0:0:0:0:
329,192,69663,1,0,0:0:0:0:
402,192,69663,1,0,0:0:0:0:
36,192,69917,1,0,0:0:0:0:
182,0,69917,128,0,70171:0:0:0:0:
329,192,70044,1,0,0:0:0:0:
402,192,70044,1,0,0:0:0:0:
109,0,70171,128,0,70426:0:0:0:0:
36,192,70298,1,0,0:0:0:0:
329,192,70298,1,0,0:0:0:0:
402,192,70298,1,0,0:0:0:0:
182,192,70426,1,0,0:0:0:0:
256,192,70426,1,0,0:0:0:0:
475,0,70426,128,0,70680:0:0:0:0:
109,192,70680,1,0,0:0:0:0:
256,192,70680,1,0,0:0:0:0:
329,0,70680,128,0,70934:0:0:0:0:
402,192,70680,1,0,0:0:0:0:
36,0,70934,128,0,71188:0:0:0:0:
109,0,70934,128,0,70998:0:0:0:0:
256,192,70934,1,0,0:0:0:0:
402,192,70934,1,0,0:0:0:0:
182,0,71061,128,0,71125:0:0:0:0:
109,192,71188,1,0,0:0:0:0:
256,0,71188,128,0,71252:0:0:0:0:
402,192,71188,1,0,0:0:0:0:
475,192,71188,1,0,0:0:0:0:
182,0,71188,128,0,72396:0:0:0:0:
109,192,71443,1,0,0:0:0:0:
329,0,71443,128,0,71506:0:0:0:0:
36,192,71570,1,0,0:0:0:0:
475,192,71570,1,0,0:0:0:0:
402,0,71697,128,0,71760:0:0:0:0:
36,192,71824,1,0,0:0:0:0:
109,192,71824,1,0,0:0:0:0:
475,192,71824,1,0,0:0:0:0:
36,192,71951,1,0,0:0:0:0:
109,192,71951,1,0,0:0:0:0:
329,0,71951,128,0,72015:0:0:0:0:
402,0,72015,128,0,72078:0:0:0:0:
329,0,72078,128,0,72142:0:0:0:0:
256,0,72205,128,0,72269:0:0:0:0:
329,192,72205,1,0,0:0:0:0:
402,192,72205,1,0,0:0:0:0:
475,192,72205,1,0,0:0:0:0:
36,0,72459,128,0,72523:0:0:0:0:
329,192,72459,1,0,0:0:0:0:
402,192,72459,1,0,0:0:0:0:
475,192,72459,1,0,0:0:0:0:
182,0,72459,128,0,72714:0:0:0:0:
256,0,72587,128,0,72714:0:0:0:0:
36,192,72714,1,0,0:0:0:0:
109,192,72714,1,0,0:0:0:0:
329,0,72714,128,0,72968:0:0:0:0:
402,192,72714,1,0,0:0:0:0:
36,0,72968,128,0,73222:0:0:0:0:
402,192,72968,1,0,0:0:0:0:
182,192,73095,1,0,0:0:0:0:
256,192,73095,1,0,0:0:0:0:
475,0,73222,128,0,73476:0:0:0:0:
182,192,73349,1,0,0:0:0:0:
256,192,73349,1,0,0:0:0:0:
402,192,73349,1,0,0:0:0:0:
109,192,73476,1,0,0:0:0:0:
329,192,73476,1,0,0:0:0:0:
256,0,73476,128,0,73731:0:0:0:0:
36,192,73731,1,0,0:0:0:0:
109,192,73731,1,0,0:0:0:0:
182,0,73731,128,0,73985:0:0:0:0:
329,0,73731,128,0,73985:0:0:0:0:
402,192,73731,1,0,0:0:0:0:
475,192,73731,1,0,0:0:0:0:
36,192,73985,1,0,0:0:0:0:
109,0,73985,128,0,74239:0:0:0:0:
256,192,73985,1,0,0:0:0:0:
402,0,73985,128,0,74239:0:0:0:0:
475,192,73985,1,0,0:0:0:0:
36,192,74239,1,0,0:0:0:0:
182,192,74239,1,0,0:0:0:0:
329,192,74239,1,0,0:0:0:0:
256,0,74239,128,0,77290:0:0:0:0:
109,192,74366,1,0,0:0:0:0:
329,192,74366,1,0,0:0:0:0:
475,192,74366,1,0,0:0:0:0:
36,192,74493,1,0,0:0:0:0:
182,192,74493,1,0,0:0:0:0:
402,192,74493,1,0,0:0:0:0:
109,192,74620,1,0,0:0:0:0:
329,192,74620,1,0,0:0:0:0:
475,192,74620,1,0,0:0:0:0:
36,192,74748,1,0,0:0:0:0:
182,192,74748,1,0,0:0:0:0:
402,192,74748,1,0,0:0:0:0:
109,192,74875,1,0,0:0:0:0:
329,192,74875,1,0,0:0:0:0:
475,192,74875,1,0,0:0:0:0:
36,192,75002,1,0,0:0:0:0:
182,192,75002,1,0,0:0:0:0:
402,192,75002,1,0,0:0:0:0:
475,192,75002,1,0,0:0:0:0:
36,192,75256,1,0,0:0:0:0:
109,192,75256,1,0,0:0:0:0:
402,192,75256,1,0,0:0:0:0:
475,192,75256,1,0,0:0:0:0:
109,192,75765,1,0,0:0:0:0:
329,192,75765,1,0,0:0:0:0:
475,192,75765,1,0,0:0:0:0:
36,192,75892,1,0,0:0:0:0:
182,192,75892,1,0,0:0:0:0:
402,192,75892,1,0,0:0:0:0:
109,192,76019,1,0,0:0:0:0:
329,192,76019,1,0,0:0:0:0:
475,192,76019,1,0,0:0:0:0:
36,192,76146,1,0,0:0:0:0:
182,192,76146,1,0,0:0:0:0:
402,192,76146,1,0,0:0:0:0:
109,192,76273,1,0,0:0:0:0:
329,192,76273,1,0,0:0:0:0:
475,192,76273,1,0,0:0:0:0:
36,192,76400,1,0,0:0:0:0:
182,192,76400,1,0,0:0:0:0:
402,192,76400,1,0,0:0:0:0:
36,192,76527,1,0,0:0:0:0:
109,192,76527,1,0,0:0:0:0:
402,192,76527,1,0,0:0:0:0:
475,192,76527,1,0,0:0:0:0:
36,192,76781,1,0,0:0:0:0:
182,192,76781,1,0,0:0:0:0:
329,192,76781,1,0,0:0:0:0:
475,192,76781,1,0,0:0:0:0:
109,192,77036,1,0,0:0:0:0:
182,192,77036,1,0,0:0:0:0:
329,192,77036,1,0,0:0:0:0:
402,192,77036,1,0,0:0:0:0:
36,192,77290,1,0,0:0:0:0:
109,192,77290,1,0,0:0:0:0:
182,192,77290,1,0,0:0:0:0:
475,192,77290,1,0,0:0:0:0:
109,192,77417,1,0,0:0:0:0:
256,192,77417,1,0,0:0:0:0:
329,192,77417,1,0,0:0:0:0:
402,192,77417,1,0,0:0:0:0:
36,192,77544,1,0,0:0:0:0:
329,192,77544,1,0,0:0:0:0:
402,192,77544,1,0,0:0:0:0:
475,192,77544,1,0,0:0:0:0:
182,192,77671,1,0,0:0:0:0:
256,192,77671,1,0,0:0:0:0:
329,192,77671,1,0,0:0:0:0:
475,192,77671,1,0,0:0:0:0:
36,192,77798,1,0,0:0:0:0:
109,192,77798,1,0,0:0:0:0:
182,192,77798,1,0,0:0:0:0:
402,192,77798,1,0,0:0:0:0:
36,192,77926,1,0,0:0:0:0:
109,192,77926,1,0,0:0:0:0:
402,192,77926,1,0,0:0:0:0:
475,192,77926,1,0,0:0:0:0:
36,192,78053,1,0,0:0:0:0:
182,192,78053,1,0,0:0:0:0:
329,192,78053,1,0,0:0:0:0:
475,192,78053,1,0,0:0:0:0:
109,192,78307,1,0,0:0:0:0:
182,192,78307,1,0,0:0:0:0:
256,192,78307,1,0,0:0:0:0:
329,192,78307,1,0,0:0:0:0:
402,192,78307,1,0,0:0:0:0:
36,192,78815,1,0,0:0:0:0:
329,192,78815,1,0,0:0:0:0:
402,192,78815,1,0,0:0:0:0:
475,192,78815,1,0,0:0:0:0:
109,192,78943,1,0,0:0:0:0:
182,192,78943,1,0,0:0:0:0:
256,192,78943,1,0,0:0:0:0:
402,192,78943,1,0,0:0:0:0:
36,192,79070,1,0,0:0:0:0:
109,192,79070,1,0,0:0:0:0:
182,192,79070,1,0,0:0:0:0:
475,192,79070,1,0,0:0:0:0:
36,192,79197,1,0,0:0:0:0:
182,192,79197,1,0,0:0:0:0:
256,192,79197,1,0,0:0:0:0:
329,192,79197,1,0,0:0:0:0:
109,192,79324,1,0,0:0:0:0:
329,192,79324,1,0,0:0:0:0:
402,192,79324,1,0,0:0:0:0:
475,192,79324,1,0,0:0:0:0:
36,192,79451,1,0,0:0:0:0:
109,192,79451,1,0,0:0:0:0:
402,192,79451,1,0,0:0:0:0:
475,192,79451,1,0,0:0:0:0:
36,192,79578,1,0,0:0:0:0:
182,192,79578,1,0,0:0:0:0:
329,192,79578,1,0,0:0:0:0:
475,192,79578,1,0,0:0:0:0:
36,192,79832,1,0,0:0:0:0:
109,192,79832,1,0,0:0:0:0:
182,192,79832,1,0,0:0:0:0:
256,192,79832,1,0,0:0:0:0:
329,192,79832,1,0,0:0:0:0:
402,192,79832,1,0,0:0:0:0:
475,192,79832,1,0,0:0:0:0:
256,0,80087,128,0,80150:0:0:0:0:
182,0,80150,128,0,80214:0:0:0:0:
329,0,80150,128,0,80214:0:0:0:0:
109,0,80214,128,0,80277:0:0:0:0:
402,0,80214,128,0,80277:0:0:0:0:
36,0,80277,128,0,81358:0:0:0:0:
475,0,80277,128,0,81358:0:0:0:0:
109,0,80341,128,0,80595:0:0:0:0:
182,192,80341,1,0,0:0:0:0:
256,192,80341,1,0,0:0:0:0:
329,192,80341,1,0,0:0:0:0:
402,0,80341,128,0,80595:0:0:0:0:
182,192,80595,1,0,0:0:0:0:
256,192,80595,1,0,0:0:0:0:
329,192,80595,1,0,0:0:0:0:
182,0,80722,128,0,81040:0:0:0:0:
329,0,80722,128,0,81040:0:0:0:0:
109,0,81104,128,0,81167:0:0:0:0:
182,0,81167,128,0,81231:0:0:0:0:
256,0,81231,128,0,81294:0:0:0:0:
329,0,81294,128,0,81358:0:0:0:0:
109,192,81358,1,0,0:0:0:0:
256,0,81358,128,0,81612:0:0:0:0:
402,0,81358,128,0,81612:0:0:0:0:
36,192,81485,1,0,0:0:0:0:
475,192,81485,1,0,0:0:0:0:
109,192,81612,1,0,0:0:0:0:
182,192,81612,1,0,0:0:0:0:
329,192,81612,1,0,0:0:0:0:
36,192,81739,1,0,0:0:0:0:
402,192,81739,1,0,0:0:0:0:
475,192,81739,1,0,0:0:0:0:
109,0,81739,128,0,82057:0:0:0:0:
256,0,81739,128,0,82057:0:0:0:0:
36,192,81993,1,0,0:0:0:0:
475,192,81993,1,0,0:0:0:0:
182,0,82120,128,0,82184:0:0:0:0:
109,0,82184,128,0,82248:0:0:0:0:
36,192,82248,1,0,0:0:0:0:
182,0,82248,128,0,82311:0:0:0:0:
475,192,82248,1,0,0:0:0:0:
256,0,82311,128,0,82375:0:0:0:0:
329,0,82375,128,0,82502:0:0:0:0:
402,0,82375,128,0,82502:0:0:0:0:
36,192,82502,1,0,0:0:0:0:
109,192,82502,1,0,0:0:0:0:
182,0,82502,128,0,82629:0:0:0:0:
475,192,82502,1,0,0:0:0:0:
256,0,82629,128,0,82756:0:0:0:0:
329,0,82629,128,0,82756:0:0:0:0:
36,192,82756,1,0,0:0:0:0:
402,192,82756,1,0,0:0:0:0:
475,192,82756,1,0,0:0:0:0:
109,0,82756,128,0,82883:0:0:0:0:
256,0,82883,128,0,83010:0:0:0:0:
36,192,83010,1,0,0:0:0:0:
182,0,83010,128,0,83137:0:0:0:0:
402,192,83010,1,0,0:0:0:0:
475,192,83010,1,0,0:0:0:0:
109,0,83137,128,0,83265:0:0:0:0:
36,192,83265,1,0,0:0:0:0:
256,192,83265,1,0,0:0:0:0:
402,0,83265,128,0,83328:0:0:0:0:
475,192,83265,1,0,0:0:0:0:
329,0,83328,128,0,84154:0:0:0:0:
109,192,83392,1,0,0:0:0:0:
36,192,83519,1,0,0:0:0:0:
256,192,83519,1,0,0:0:0:0:
475,192,83519,1,0,0:0:0:0:
402,192,83646,1,0,0:0:0:0:
36,192,83773,1,0,0:0:0:0:
182,192,83773,1,0,0:0:0:0:
475,192,83773,1,0,0:0:0:0:
36,192,83900,1,0,0:0:0:0:
256,192,83900,1,0,0:0:0:0:
109,192,83964,1,0,0:0:0:0:
402,192,83964,1,0,0:0:0:0:
182,192,84027,1,0,0:0:0:0:
475,192,84027,1,0,0:0:0:0:
109,192,84091,1,0,0:0:0:0:
402,192,84091,1,0,0:0:0:0:
36,192,84154,1,0,0:0:0:0:
256,192,84154,1,0,0:0:0:0:
109,192,84218,1,0,0:0:0:0:
402,192,84218,1,0,0:0:0:0:
182,0,84281,128,0,84345:0:0:0:0:
475,0,84281,128,0,84345:0:0:0:0:
109,0,84345,128,0,84409:0:0:0:0:
402,0,84345,128,0,84409:0:0:0:0:
36,0,84409,128,0,84536:0:0:0:0:
256,192,84409,1,0,0:0:0:0:
329,192,84409,1,0,0:0:0:0:
109,0,84536,128,0,84599:0:0:0:0:
329,192,84536,1,0,0:0:0:0:
402,192,84536,1,0,0:0:0:0:
256,192,84790,1,0,0:0:0:0:
402,192,84790,1,0,0:0:0:0:
182,0,84790,128,0,85044:0:0:0:0:
475,0,84790,128,0,85044:0:0:0:0:
109,0,85044,128,0,85171:0:0:0:0:
402,0,85044,128,0,85171:0:0:0:0:
36,0,85171,128,0,85298:0:0:0:0:
329,0,85171,128,0,85298:0:0:0:0:
256,0,85298,128,0,85426:0:0:0:0:
475,0,85298,128,0,85426:0:0:0:0:
36,192,85426,1,0,0:0:0:0:
109,192,85426,1,0,0:0:0:0:
402,0,85426,128,0,85553:0:0:0:0:
109,192,85553,1,0,0:0:0:0:
182,192,85553,1,0,0:0:0:0:
475,0,85553,128,0,85616:0:0:0:0:
402,0,85616,128,0,85807:0:0:0:0:
109,192,85807,1,0,0:0:0:0:
182,192,85807,1,0,0:0:0:0:
256,192,85807,1,0,0:0:0:0:
329,0,85807,128,0,86443:0:0:0:0:
36,192,86061,1,0,0:0:0:0:
182,192,86188,1,0,0:0:0:0:
256,192,86188,1,0,0:0:0:0:
402,192,86188,1,0,0:0:0:0:
475,192,86188,1,0,0:0:0:0:
36,192,86315,1,0,0:0:0:0:
109,0,86443,128,0,86570:0:0:0:0:
402,0,86443,128,0,86570:0:0:0:0:
475,0,86443,128,0,86570:0:0:0:0:
256,0,86443,128,0,87459:0:0:0:0:
182,192,86570,1,0,0:0:0:0:
329,192,86570,1,0,0:0:0:0:
36,0,86697,128,0,86824:0:0:0:0:
109,0,86697,128,0,86824:0:0:0:0:
402,0,86697,128,0,86824:0:0:0:0:
182,192,86824,1,0,0:0:0:0:
329,192,86824,1,0,0:0:0:0:
36,192,86951,1,0,0:0:0:0:
109,192,86951,1,0,0:0:0:0:
182,192,86951,1,0,0:0:0:0:
329,192,87142,1,0,0:0:0:0:
402,192,87142,1,0,0:0:0:0:
475,192,87142,1,0,0:0:0:0:
36,192,87332,1,0,0:0:0:0:
182,192,87332,1,0,0:0:0:0:
329,192,87332,1,0,0:0:0:0:
475,192,87332,1,0,0:0:0:0:
36,192,87459,1,0,0:0:0:0:
182,192,87459,1,0,0:0:0:0:
402,0,87459,128,0,87544:0:0:0:0:
109,192,87544,1,0,0:0:0:0:
329,0,87544,128,0,87629:0:0:0:0:
475,0,87544,128,0,87629:0:0:0:0:
182,192,87629,1,0,0:0:0:0:
402,0,87629,128,0,87714:0:0:0:0:
36,192,87714,1,0,0:0:0:0:
256,0,87714,128,0,87798:0:0:0:0:
182,0,87798,128,0,87883:0:0:0:0:
329,0,87798,128,0,87883:0:0:0:0:
402,192,87798,1,0,0:0:0:0:
475,192,87883,1,0,0:0:0:0:
256,0,87883,128,0,87968:0:0:0:0:
109,0,87968,128,0,88053:0:0:0:0:
329,192,87968,1,0,0:0:0:0:
36,0,88053,128,0,88137:0:0:0:0:
182,0,88053,128,0,88137:0:0:0:0:
402,192,88053,1,0,0:0:0:0:
109,0,88137,128,0,88222:0:0:0:0:
475,192,88137,1,0,0:0:0:0:
256,0,88222,128,0,88307:0:0:0:0:
402,192,88222,1,0,0:0:0:0:
109,192,88307,1,0,0:0:0:0:
182,0,88307,128,0,88392:0:0:0:0:
329,0,88307,128,0,88392:0:0:0:0:
36,192,88392,1,0,0:0:0:0:
256,0,88392,128,0,88476:0:0:0:0:
36,0,88476,128,0,88731:0:0:0:0:
109,192,88476,1,0,0:0:0:0:
402,192,88476,1,0,0:0:0:0:
475,0,88476,128,0,88731:0:0:0:0:
182,192,88731,1,0,0:0:0:0:
329,192,88731,1,0,0:0:0:0:
109,0,88731,128,0,88985:0:0:0:0:
402,0,88731,128,0,88985:0:0:0:0:
182,0,88985,128,0,89239:0:0:0:0:
256,192,88985,1,0,0:0:0:0:
329,0,88985,128,0,89239:0:0:0:0:
36,192,89239,1,0,0:0:0:0:
475,192,89239,1,0,0:0:0:0:
256,0,89239,128,0,89493:0:0:0:0:
36,0,89493,128,0,90256:0:0:0:0:
402,192,89493,1,0,0:0:0:0:
475,0,89493,128,0,90256:0:0:0:0:
109,192,89557,1,0,0:0:0:0:
402,192,89620,1,0,0:0:0:0:
109,192,89684,1,0,0:0:0:0:
402,192,89748,1,0,0:0:0:0:
109,192,89811,1,0,0:0:0:0:
402,192,89875,1,0,0:0:0:0:
109,192,89938,1,0,0:0:0:0:
402,192,90002,1,0,0:0:0:0:
109,192,90065,1,0,0:0:0:0:
402,192,90129,1,0,0:0:0:0:
109,192,90193,1,0,0:0:0:0:
402,192,90256,1,0,0:0:0:0:
36,192,90320,1,0,0:0:0:0:
109,192,90383,1,0,0:0:0:0:
182,192,90447,1,0,0:0:0:0:
36,192,90510,1,0,0:0:0:0:
256,192,90510,1,0,0:0:0:0:
329,192,90510,1,0,0:0:0:0:
109,192,90637,1,0,0:0:0:0:
182,192,90637,1,0,0:0:0:0:
329,192,90701,1,0,0:0:0:0:
402,192,90701,1,0,0:0:0:0:
109,192,90765,1,0,0:0:0:0:
36,192,90892,1,0,0:0:0:0:
182,192,90892,1,0,0:0:0:0:
402,192,90892,1,0,0:0:0:0:
475,192,90892,1,0,0:0:0:0:
182,192,91019,1,0,0:0:0:0:
329,192,91019,1,0,0:0:0:0:
402,192,91019,1,0,0:0:0:0:
36,192,91146,1,0,0:0:0:0:
109,192,91146,1,0,0:0:0:0:
256,192,91209,1,0,0:0:0:0:
329,192,91209,1,0,0:0:0:0:
109,192,91273,1,0,0:0:0:0:
36,192,91400,1,0,0:0:0:0:
182,192,91400,1,0,0:0:0:0:
256,192,91400,1,0,0:0:0:0:
36,192,91527,1,0,0:0:0:0:
182,192,91591,1,0,0:0:0:0:
36,192,91654,1,0,0:0:0:0:
256,192,91654,1,0,0:0:0:0:
329,192,91654,1,0,0:0:0:0:
402,192,91654,1,0,0:0:0:0:
182,192,91718,1,0,0:0:0:0:
36,192,91781,1,0,0:0:0:0:
182,192,91845,1,0,0:0:0:0:
36,192,91909,1,0,0:0:0:0:
256,192,91909,1,0,0:0:0:0:
329,192,91909,1,0,0:0:0:0:
402,192,91909,1,0,0:0:0:0:
182,192,91972,1,0,0:0:0:0:
36,192,92036,1,0,0:0:0:0:
182,192,92099,1,0,0:0:0:0:
36,192,92163,1,0,0:0:0:0:
256,192,92163,1,0,0:0:0:0:
329,192,92163,1,0,0:0:0:0:
402,192,92163,1,0,0:0:0:0:
182,192,92226,1,0,0:0:0:0:
36,192,92290,1,0,0:0:0:0:
109,192,92322,1,0,0:0:0:0:
182,192,92354,1,0,0:0:0:0:
256,192,92385,1,0,0:0:0:0:
329,192,92417,1,0,0:0:0:0:
402,192,92449,1,0,0:0:0:0:
475,192,92481,1,0,0:0:0:0:
36,192,92544,1,0,0:0:0:0:
109,192,92544,1,0,0:0:0:0:
329,0,92544,128,0,92671:0:0:0:0:
109,192,92671,1,0,0:0:0:0:
182,192,92671,1,0,0:0:0:0:
475,0,92671,128,0,92798:0:0:0:0:
36,0,92926,128,0,93180:0:0:0:0:
182,192,92926,1,0,0:0:0:0:
256,192,92926,1,0,0:0:0:0:
329,192,92926,1,0,0:0:0:0:
109,0,93180,128,0,93307:0:0:0:0:
36,192,93307,1,0,0:0:0:0:
182,192,93307,1,0,0:0:0:0:
256,0,93307,128,0,93434:0:0:0:0:
329,192,93307,1,0,0:0:0:0:
402,192,93307,1,0,0:0:0:0:
475,192,93307,1,0,0:0:0:0:
402,0,93434,128,0,93561:0:0:0:0:
109,192,93561,1,0,0:0:0:0:
182,192,93561,1,0,0:0:0:0:
475,0,93561,128,0,93688:0:0:0:0:
182,192,93688,1,0,0:0:0:0:
256,192,93688,1,0,0:0:0:0:
402,0,93688,128,0,93815:0:0:0:0:
36,0,93943,128,0,94197:0:0:0:0:
329,192,93943,1,0,0:0:0:0:
402,192,93943,1,0,0:0:0:0:
475,192,93943,1,0,0:0:0:0:
475,0,94197,128,0,94324:0:0:0:0:
36,192,94324,1,0,0:0:0:0:
182,192,94324,1,0,0:0:0:0:
256,0,94324,128,0,94451:0:0:0:0:
329,192,94324,1,0,0:0:0:0:
109,0,94451,128,0,94515:0:0:0:0:
36,0,94515,128,0,94578:0:0:0:0:
109,192,94578,1,0,0:0:0:0:
182,192,94578,1,0,0:0:0:0:
256,192,94578,1,0,0:0:0:0:
329,192,94578,1,0,0:0:0:0:
402,192,94578,1,0,0:0:0:0:
475,192,94578,1,0,0:0:0:0:
36,192,94832,1,0,0:0:0:0:
182,0,94832,128,0,94917:0:0:0:0:
329,0,94832,128,0,94917:0:0:0:0:
402,192,94832,1,0,0:0:0:0:
475,192,94832,1,0,0:0:0:0:
109,0,94917,128,0,95002:0:0:0:0:
256,0,94917,128,0,95002:0:0:0:0:
36,0,95002,128,0,95087:0:0:0:0:
182,0,95002,128,0,95087:0:0:0:0:
109,192,95087,1,0,0:0:0:0:
256,0,95087,128,0,95171:0:0:0:0:
402,0,95087,128,0,95171:0:0:0:0:
475,192,95087,1,0,0:0:0:0:
182,0,95171,128,0,95256:0:0:0:0:
329,0,95171,128,0,95256:0:0:0:0:
109,0,95256,128,0,95341:0:0:0:0:
256,0,95256,128,0,95341:0:0:0:0:
36,192,95341,1,0,0:0:0:0:
329,0,95341,128,0,95426:0:0:0:0:
475,0,95341,128,0,95426:0:0:0:0:
256,0,95426,128,0,95510:0:0:0:0:
402,0,95426,128,0,95510:0:0:0:0:
182,0,95510,128,0,95595:0:0:0:0:
329,0,95510,128,0,95595:0:0:0:0:
109,0,95595,128,0,95680:0:0:0:0:
256,192,95595,1,0,0:0:0:0:
402,0,95595,128,0,95680:0:0:0:0:
36,0,95680,128,0,95765:0:0:0:0:
475,0,95680,128,0,95765:0:0:0:0:
109,0,95765,128,0,95849:0:0:0:0:
402,0,95765,128,0,95849:0:0:0:0:
182,0,95849,128,0,95934:0:0:0:0:
256,192,95849,1,0,0:0:0:0:
329,0,95849,128,0,95934:0:0:0:0:
256,0,95934,128,0,96019:0:0:0:0:
182,0,96019,128,0,96104:0:0:0:0:
329,0,96019,128,0,96104:0:0:0:0:
109,0,96104,128,0,96188:0:0:0:0:
256,192,96104,1,0,0:0:0:0:
402,0,96104,128,0,96188:0:0:0:0:
36,0,96188,128,0,96273:0:0:0:0:
475,0,96188,128,0,96273:0:0:0:0:
109,0,96273,128,0,96358:0:0:0:0:
402,0,96273,128,0,96358:0:0:0:0:
182,0,96358,128,0,96443:0:0:0:0:
256,192,96358,1,0,0:0:0:0:
329,0,96358,128,0,96443:0:0:0:0:
109,0,96443,128,0,96527:0:0:0:0:
402,0,96443,128,0,96527:0:0:0:0:
36,0,96527,128,0,96612:0:0:0:0:
475,0,96527,128,0,96612:0:0:0:0:
109,0,96612,128,0,97597:0:0:0:0:
182,192,96612,1,0,0:0:0:0:
329,0,96644,128,0,97597:0:0:0:0:
402,0,96676,128,0,97597:0:0:0:0:
109,192,97629,1,0,0:0:0:0:
182,192,97629,1,0,0:0:0:0:
256,0,97629,128,0,97788:0:0:0:0:
402,192,97629,1,0,0:0:0:0:
475,0,97629,128,0,97788:0:0:0:0:
36,192,97820,1,0,0:0:0:0:
182,0,97820,128,0,97883:0:0:0:0:
256,192,97820,1,0,0:0:0:0:
329,192,97820,1,0,0:0:0:0:
402,0,97820,128,0,97883:0:0:0:0:
109,0,98010,128,0,98169:0:0:0:0:
256,192,98010,1,0,0:0:0:0:
329,0,98010,128,0,98169:0:0:0:0:
402,192,98010,1,0,0:0:0:0:
475,192,98010,1,0,0:0:0:0:
36,0,98201,128,0,98265:0:0:0:0:
109,192,98201,1,0,0:0:0:0:
256,0,98201,128,0,98265:0:0:0:0:
329,192,98201,1,0,0:0:0:0:
475,192,98201,1,0,0:0:0:0:
329,0,98392,128,0,98455:0:0:0:0:
402,0,98392,128,0,98455:0:0:0:0:
475,0,98392,128,0,98455:0:0:0:0:
36,0,98519,128,0,98582:0:0:0:0:
109,0,98519,128,0,98582:0:0:0:0:
182,0,98519,128,0,98582:0:0:0:0:
36,0,98646,128,0,98815:0:0:0:0:
256,0,98646,128,0,98985:0:0:0:0:
329,0,98646,128,0,98837:0:0:0:0:
402,0,98646,128,0,98837:0:0:0:0:
475,0,98646,128,0,98837:0:0:0:0:
109,0,98731,128,0,98815:0:0:0:0:
182,0,98815,128,0,98900:0:0:0:0:
36,0,98900,128,0,99091:0:0:0:0:
109,0,98900,128,0,99070:0:0:0:0:
329,0,98900,128,0,99239:0:0:0:0:
402,0,98900,128,0,99091:0:0:0:0:
475,0,98900,128,0,99091:0:0:0:0:
182,0,98985,128,0,99070:0:0:0:0:
256,0,99070,128,0,99154:0:0:0:0:
36,0,99154,128,0,99345:0:0:0:0:
109,0,99154,128,0,99345:0:0:0:0:
182,0,99154,128,0,99324:0:0:0:0:
402,0,99154,128,0,99345:0:0:0:0:
475,0,99154,128,0,99409:0:0:0:0:
256,0,99239,128,0,99324:0:0:0:0:
329,0,99324,128,0,99578:0:0:0:0:
36,0,99409,128,0,99599:0:0:0:0:
109,0,99409,128,0,99599:0:0:0:0:
182,0,99409,128,0,99599:0:0:0:0:
402,0,99409,128,0,99493:0:0:0:0:
256,0,99409,128,0,99663:0:0:0:0:
475,0,99493,128,0,99578:0:0:0:0:
402,0,99578,128,0,99832:0:0:0:0:
36,0,99663,128,0,99854:0:0:0:0:
109,0,99663,128,0,99854:0:0:0:0:
182,0,99663,128,0,99790:0:0:0:0:
329,0,99663,128,0,100087:0:0:0:0:
475,0,99663,128,0,99854:0:0:0:0:
256,0,99748,128,0,99832:0:0:0:0:
182,0,99832,128,0,99917:0:0:0:0:
36,0,99917,128,0,100108:0:0:0:0:
109,0,99917,128,0,100044:0:0:0:0:
256,0,99917,128,0,100510:0:0:0:0:
402,0,99917,128,0,100108:0:0:0:0:
475,0,99917,128,0,100108:0:0:0:0:
182,0,100002,128,0,100256:0:0:0:0:
109,0,100087,128,0,100171:0:0:0:0:
36,0,100171,128,0,100341:0:0:0:0:
329,0,100171,128,0,100362:0:0:0:0:
402,0,100171,128,0,100362:0:0:0:0:
475,0,100171,128,0,100362:0:0:0:0:
109,0,100256,128,0,100341:0:0:0:0:
182,0,100341,128,0,100426:0:0:0:0:
36,0,100426,128,0,100616:0:0:0:0:
109,0,100426,128,0,100595:0:0:0:0:
402,0,100426,128,0,100616:0:0:0:0:
475,0,100426,128,0,100616:0:0:0:0:
329,0,100426,128,0,100765:0:0:0:0:
182,0,100510,128,0,100595:0:0:0:0:
256,0,100595,128,0,100680:0:0:0:0:
36,0,100680,128,0,100870:0:0:0:0:
109,0,100680,128,0,100870:0:0:0:0:
182,0,100680,128,0,100849:0:0:0:0:
402,0,100680,128,0,100870:0:0:0:0:
475,0,100680,128,0,100934:0:0:0:0:
256,0,100765,128,0,100849:0:0:0:0:
329,0,100849,128,0,101104:0:0:0:0:
36,0,100934,128,0,101125:0:0:0:0:
109,0,100934,128,0,101125:0:0:0:0:
182,0,100934,128,0,101125:0:0:0:0:
256,0,100934,128,0,101188:0:0:0:0:
402,0,100934,128,0,101019:0:0:0:0:
475,0,101019,128,0,101104:0:0:0:0:
402,0,101104,128,0,101358:0:0:0:0:
36,0,101188,128,0,101379:0:0:0:0:
109,0,101188,128,0,101379:0:0:0:0:
182,0,101188,128,0,101315:0:0:0:0:
329,0,101188,128,0,101612:0:0:0:0:
475,0,101188,128,0,101379:0:0:0:0:
256,0,101273,128,0,101358:0:0:0:0:
182,0,101358,128,0,101443:0:0:0:0:
36,0,101443,128,0,101633:0:0:0:0:
109,0,101443,128,0,101570:0:0:0:0:
402,0,101443,128,0,101633:0:0:0:0:
475,0,101443,128,0,101633:0:0:0:0:
256,0,101443,128,0,102036:0:0:0:0:
182,0,101527,128,0,101781:0:0:0:0:
109,0,101612,128,0,101697:0:0:0:0:
36,0,101697,128,0,101866:0:0:0:0:
329,0,101697,128,0,101887:0:0:0:0:
402,0,101697,128,0,101887:0:0:0:0:
475,0,101697,128,0,101887:0:0:0:0:
109,0,101781,128,0,101866:0:0:0:0:
182,0,101866,128,0,101951:0:0:0:0:
36,0,101951,128,0,102142:0:0:0:0:
109,0,101951,128,0,102120:0:0:0:0:
329,0,101951,128,0,102290:0:0:0:0:
402,0,101951,128,0,102142:0:0:0:0:
475,0,101951,128,0,102142:0:0:0:0:
182,0,102036,128,0,102120:0:0:0:0:
256,0,102120,128,0,102205:0:0:0:0:
36,0,102205,128,0,102396:0:0:0:0:
109,0,102205,128,0,102396:0:0:0:0:
182,0,102205,128,0,102375:0:0:0:0:
402,0,102205,128,0,102396:0:0:0:0:
475,0,102205,128,0,102459:0:0:0:0:
256,0,102290,128,0,102375:0:0:0:0:
329,0,102375,128,0,102629:0:0:0:0:
36,0,102459,128,0,102650:0:0:0:0:
109,0,102459,128,0,102650:0:0:0:0:
182,0,102459,128,0,102650:0:0:0:0:
402,0,102459,128,0,102544:0:0:0:0:
256,0,102459,128,0,102714:0:0:0:0:
475,0,102544,128,0,102629:0:0:0:0:
402,0,102629,128,0,102883:0:0:0:0:
36,0,102714,128,0,102904:0:0:0:0:
109,0,102714,128,0,102904:0:0:0:0:
182,0,102714,128,0,102841:0:0:0:0:
329,0,102714,128,0,103137:0:0:0:0:
475,0,102714,128,0,102904:0:0:0:0:
256,0,102798,128,0,102883:0:0:0:0:
182,0,102883,128,0,102968:0:0:0:0:
36,0,102968,128,0,103159:0:0:0:0:
109,0,102968,128,0,103095:0:0:0:0:
256,0,102968,128,0,103159:0:0:0:0:
402,0,102968,128,0,103159:0:0:0:0:
475,0,102968,128,0,103159:0:0:0:0:
182,0,103053,128,0,103222:0:0:0:0:
109,0,103137,128,0,103222:0:0:0:0:
36,192,103222,1,0,0:0:0:0:
256,192,103222,1,0,0:0:0:0:
329,192,103222,1,0,0:0:0:0:
402,192,103222,1,0,0:0:0:0:
475,192,103222,1,0,0:0:0:0:
36,192,103476,1,0,0:0:0:0:
109,192,103476,1,0,0:0:0:0:
182,192,103476,1,0,0:0:0:0:
256,192,103476,1,0,0:0:0:0:
475,192,103476,1,0,0:0:0:0:
36,192,103731,1,0,0:0:0:0:
109,192,103731,1,0,0:0:0:0:
182,192,103731,1,0,0:0:0:0:
329,192,103731,1,0,0:0:0:0:
402,192,103731,1,0,0:0:0:0:
475,192,103731,1,0,0:0:0:0:
36,0,103985,128,0,104176:0:0:0:0:
256,0,103985,128,0,104154:0:0:0:0:
475,0,103985,128,0,104070:0:0:0:0:
182,0,104070,128,0,104239:0:0:0:0:
402,0,104070,128,0,104154:0:0:0:0:
109,0,104154,128,0,104324:0:0:0:0:
329,0,104154,128,0,104239:0:0:0:0:
36,0,104239,128,0,104409:0:0:0:0:
256,0,104239,128,0,104324:0:0:0:0:
475,0,104239,128,0,104281:0:0:0:0:
182,0,104324,128,0,104409:0:0:0:0:
402,0,104324,128,0,104366:0:0:0:0:
109,0,104409,128,0,104493:0:0:0:0:
329,0,104409,128,0,104451:0:0:0:0:
36,0,104493,128,0,104578:0:0:0:0:
256,0,104493,128,0,104536:0:0:0:0:
475,192,104493,1,0,0:0:0:0:
182,0,104578,128,0,104620:0:0:0:0:
402,192,104578,1,0,0:0:0:0:
109,0,104663,128,0,104705:0:0:0:0:
329,192,104663,1,0,0:0:0:0:
36,192,104748,1,0,0:0:0:0:
256,192,104748,1,0,0:0:0:0:
109,192,104811,1,0,0:0:0:0:
329,192,104811,1,0,0:0:0:0:
182,192,104875,1,0,0:0:0:0:
402,192,104875,1,0,0:0:0:0:
256,192,104938,1,0,0:0:0:0:
475,192,104938,1,0,0:0:0:0:
36,192,105002,1,0,0:0:0:0:
329,192,105002,1,0,0:0:0:0:
109,192,105065,1,0,0:0:0:0:
402,192,105065,1,0,0:0:0:0:
182,192,105129,1,0,0:0:0:0:
475,192,105129,1,0,0:0:0:0:
36,192,105193,1,0,0:0:0:0:
256,192,105193,1,0,0:0:0:0:
109,192,105256,1,0,0:0:0:0:
329,192,105256,1,0,0:0:0:0:
182,192,105320,1,0,0:0:0:0:
402,192,105320,1,0,0:0:0:0:
256,192,105383,1,0,0:0:0:0:
475,192,105383,1,0,0:0:0:0:
36,192,105447,1,0,0:0:0:0:
329,192,105447,1,0,0:0:0:0:
109,192,105510,1,0,0:0:0:0:
402,192,105510,1,0,0:0:0:0:
36,192,105574,1,0,0:0:0:0:
329,192,105574,1,0,0:0:0:0:
256,192,105637,1,0,0:0:0:0:
475,192,105637,1,0,0:0:0:0:
182,192,105701,1,0,0:0:0:0:
402,192,105701,1,0,0:0:0:0:
109,192,105765,1,0,0:0:0:0:
329,192,105765,1,0,0:0:0:0:
36,192,105828,1,0,0:0:0:0:
256,192,105828,1,0,0:0:0:0:
182,192,105892,1,0,0:0:0:0:
475,192,105892,1,0,0:0:0:0:
109,192,105955,1,0,0:0:0:0:
402,192,105955,1,0,0:0:0:0:
36,192,106019,1,0,0:0:0:0:
329,192,106019,1,0,0:0:0:0:
256,192,106082,1,0,0:0:0:0:
475,192,106082,1,0,0:0:0:0:
182,192,106146,1,0,0:0:0:0:
402,192,106146,1,0,0:0:0:0:
109,192,106209,1,0,0:0:0:0:
329,192,106209,1,0,0:0:0:0:
36,192,106273,1,0,0:0:0:0:
256,192,106273,1,0,0:0:0:0:
109,192,106337,1,0,0:0:0:0:
329,192,106337,1,0,0:0:0:0:
182,192,106400,1,0,0:0:0:0:
402,192,106400,1,0,0:0:0:0:
256,192,106464,1,0,0:0:0:0:
475,192,106464,1,0,0:0:0:0:
36,192,106527,1,0,0:0:0:0:
329,192,106527,1,0,0:0:0:0:
109,192,106591,1,0,0:0:0:0:
402,192,106591,1,0,0:0:0:0:
182,192,106654,1,0,0:0:0:0:
475,192,106654,1,0,0:0:0:0:
36,192,106718,1,0,0:0:0:0:
256,192,106718,1,0,0:0:0:0:
109,192,106781,1,0,0:0:0:0:
329,192,106781,1,0,0:0:0:0:
182,192,106845,1,0,0:0:0:0:
402,192,106845,1,0,0:0:0:0:
256,192,106909,1,0,0:0:0:0:
475,192,106909,1,0,0:0:0:0:
36,192,106972,1,0,0:0:0:0:
329,192,106972,1,0,0:0:0:0:
109,192,107036,1,0,0:0:0:0:
402,192,107036,1,0,0:0:0:0:
36,192,107099,1,0,0:0:0:0:
329,192,107099,1,0,0:0:0:0:
256,192,107163,1,0,0:0:0:0:
475,192,107163,1,0,0:0:0:0:
182,192,107226,1,0,0:0:0:0:
402,192,107226,1,0,0:0:0:0:
109,192,107290,1,0,0:0:0:0:
329,192,107290,1,0,0:0:0:0:
36,192,107354,1,0,0:0:0:0:
256,192,107354,1,0,0:0:0:0:
182,192,107417,1,0,0:0:0:0:
475,192,107417,1,0,0:0:0:0:
109,192,107481,1,0,0:0:0:0:
402,192,107481,1,0,0:0:0:0:
36,192,107544,1,0,0:0:0:0:
329,192,107544,1,0,0:0:0:0:
256,192,107608,1,0,0:0:0:0:
475,192,107608,1,0,0:0:0:0:
182,192,107671,1,0,0:0:0:0:
402,192,107671,1,0,0:0:0:0:
109,192,107735,1,0,0:0:0:0:
329,192,107735,1,0,0:0:0:0:
36,192,107798,1,0,0:0:0:0:
256,192,107798,1,0,0:0:0:0:
109,192,107862,1,0,0:0:0:0:
329,192,107862,1,0,0:0:0:0:
182,192,107926,1,0,0:0:0:0:
402,192,107926,1,0,0:0:0:0:
256,192,107989,1,0,0:0:0:0:
475,192,107989,1,0,0:0:0:0:
36,192,108053,1,0,0:0:0:0:
329,192,108053,1,0,0:0:0:0:
109,192,108116,1,0,0:0:0:0:
402,192,108116,1,0,0:0:0:0:
182,192,108180,1,0,0:0:0:0:
475,192,108180,1,0,0:0:0:0:
36,192,108243,1,0,0:0:0:0:
256,192,108243,1,0,0:0:0:0:
109,192,108307,1,0,0:0:0:0:
329,192,108307,1,0,0:0:0:0:
182,192,108370,1,0,0:0:0:0:
402,192,108370,1,0,0:0:0:0:
256,192,108434,1,0,0:0:0:0:
475,192,108434,1,0,0:0:0:0:
36,192,108498,1,0,0:0:0:0:
329,192,108498,1,0,0:0:0:0:
109,192,108561,1,0,0:0:0:0:
402,192,108561,1,0,0:0:0:0:
36,192,108625,1,0,0:0:0:0:
329,192,108625,1,0,0:0:0:0:
256,192,108688,1,0,0:0:0:0:
475,192,108688,1,0,0:0:0:0:
182,192,108752,1,0,0:0:0:0:
402,192,108752,1,0,0:0:0:0:
109,192,108815,1,0,0:0:0:0:
329,192,108815,1,0,0:0:0:0:
36,192,108879,1,0,0:0:0:0:
256,192,108879,1,0,0:0:0:0:
182,192,108943,1,0,0:0:0:0:
475,192,108943,1,0,0:0:0:0:
109,192,109006,1,0,0:0:0:0:
402,192,109006,1,0,0:0:0:0:
36,192,109070,1,0,0:0:0:0:
329,192,109070,1,0,0:0:0:0:
256,192,109133,1,0,0:0:0:0:
475,192,109133,1,0,0:0:0:0:
182,192,109197,1,0,0:0:0:0:
402,192,109197,1,0,0:0:0:0:
109,192,109260,1,0,0:0:0:0:
329,192,109260,1,0,0:0:0:0:
36,192,109324,1,0,0:0:0:0:
256,192,109324,1,0,0:0:0:0:
475,192,109324,1,0,0:0:0:0:
36,192,109578,1,0,0:0:0:0:
182,192,109578,1,0,0:0:0:0:
329,192,109578,1,0,0:0:0:0:
475,192,109578,1,0,0:0:0:0:
36,192,109832,1,0,0:0:0:0:
109,192,109832,1,0,0:0:0:0:
256,192,109832,1,0,0:0:0:0:
402,192,109832,1,0,0:0:0:0:
475,192,109832,1,0,0:0:0:0:
36,192,110087,1,0,0:0:0:0:
109,192,110087,1,0,0:0:0:0:
182,192,110087,1,0,0:0:0:0:
329,192,110087,1,0,0:0:0:0:
402,192,110087,1,0,0:0:0:0:
475,192,110087,1,0,0:0:0:0:
256,192,110150,1,0,0:0:0:0:
329,192,110214,1,0,0:0:0:0:
402,192,110277,1,0,0:0:0:0:
36,192,110341,1,0,0:0:0:0:
182,192,110341,1,0,0:0:0:0:
256,192,110341,1,0,0:0:0:0:
475,192,110341,1,0,0:0:0:0:
109,192,110404,1,0,0:0:0:0:
182,192,110468,1,0,0:0:0:0:
256,192,110531,1,0,0:0:0:0:
36,192,110595,1,0,0:0:0:0:
109,192,110595,1,0,0:0:0:0:
329,192,110595,1,0,0:0:0:0:
402,192,110595,1,0,0:0:0:0:
475,192,110595,1,0,0:0:0:0:
256,192,110659,1,0,0:0:0:0:
182,192,110722,1,0,0:0:0:0:
329,192,110722,1,0,0:0:0:0:
109,192,110786,1,0,0:0:0:0:
402,192,110786,1,0,0:0:0:0:
36,0,110849,128,0,112883:0:0:0:0:
182,0,110849,128,0,112883:0:0:0:0:
329,0,110849,128,0,112883:0:0:0:0:
475,0,110849,128,0,112883:0:0:0:0:
109,192,111781,1,0,0:0:0:0:
256,192,111866,1,0,0:0:0:0:
402,192,111951,1,0,0:0:0:0:
109,192,112883,1,0,0:0:0:0:
256,192,112883,1,0,0:0:0:0:
402,192,112883,1,0,0:0:0:0:
182,192,113010,1,0,0:0:0:0:
256,192,113010,1,0,0:0:0:0:
329,192,113010,1,0,0:0:0:0:
329,192,113137,1,0,0:0:0:0:
402,192,113137,1,0,0:0:0:0:
475,192,113137,1,0,0:0:0:0:
36,192,113265,1,0,0:0:0:0:
109,192,113265,1,0,0:0:0:0:
475,192,113265,1,0,0:0:0:0:
109,192,113392,1,0,0:0:0:0:
182,192,113392,1,0,0:0:0:0:
256,192,113392,1,0,0:0:0:0:
256,192,113519,1,0,0:0:0:0:
329,192,113519,1,0,0:0:0:0:
402,192,113519,1,0,0:0:0:0:
36,192,113646,1,0,0:0:0:0:
402,192,113646,1,0,0:0:0:0:
475,192,113646,1,0,0:0:0:0:
36,192,113773,1,0,0:0:0:0:
109,192,113773,1,0,0:0:0:0:
182,192,113773,1,0,0:0:0:0:
182,192,113900,1,0,0:0:0:0:
256,192,113900,1,0,0:0:0:0:
329,192,113900,1,0,0:0:0:0:
329,192,114027,1,0,0:0:0:0:
402,192,114027,1,0,0:0:0:0:
475,192,114027,1,0,0:0:0:0:
36,192,114154,1,0,0:0:0:0:
109,192,114154,1,0,0:0:0:0:
475,192,114154,1,0,0:0:0:0:
109,192,114281,1,0,0:0:0:0:
182,192,114281,1,0,0:0:0:0:
256,192,114281,1,0,0:0:0:0:
256,192,114409,1,0,0:0:0:0:
329,192,114409,1,0,0:0:0:0:
402,192,114409,1,0,0:0:0:0:
402,192,114536,1,0,0:0:0:0:
475,192,114536,1,0,0:0:0:0:
36,192,114663,1,0,0:0:0:0:
109,192,114663,1,0,0:0:0:0:
475,192,114663,1,0,0:0:0:0:
109,192,114790,1,0,0:0:0:0:
182,192,114790,1,0,0:0:0:0:
329,192,114790,1,0,0:0:0:0:
402,192,114790,1,0,0:0:0:0:
36,192,115298,1,0,0:0:0:0:
256,192,115298,1,0,0:0:0:0:
475,192,115298,1,0,0:0:0:0:
329,192,115426,1,0,0:0:0:0:
36,0,115426,128,0,118476:0:0:0:0:
475,0,115426,128,0,118476:0:0:0:0:
182,192,115468,1,0,0:0:0:0:
329,192,115510,1,0,0:0:0:0:
182,192,115553,1,0,0:0:0:0:
329,192,115595,1,0,0:0:0:0:
182,192,115637,1,0,0:0:0:0:
329,192,115680,1,0,0:0:0:0:
182,192,115722,1,0,0:0:0:0:
329,192,115765,1,0,0:0:0:0:
182,192,115807,1,0,0:0:0:0:
329,192,115849,1,0,0:0:0:0:
182,192,115892,1,0,0:0:0:0:
329,192,115934,1,0,0:0:0:0:
182,192,115976,1,0,0:0:0:0:
329,192,116019,1,0,0:0:0:0:
182,192,116061,1,0,0:0:0:0:
329,192,116104,1,0,0:0:0:0:
182,192,116146,1,0,0:0:0:0:
329,192,116188,1,0,0:0:0:0:
182,192,116231,1,0,0:0:0:0:
329,192,116273,1,0,0:0:0:0:
182,192,116315,1,0,0:0:0:0:
329,192,116358,1,0,0:0:0:0:
182,192,116400,1,0,0:0:0:0:
329,192,116443,1,0,0:0:0:0:
182,192,116485,1,0,0:0:0:0:
329,192,116527,1,0,0:0:0:0:
182,192,116570,1,0,0:0:0:0:
329,192,116612,1,0,0:0:0:0:
182,192,116654,1,0,0:0:0:0:
329,192,116697,1,0,0:0:0:0:
182,192,116739,1,0,0:0:0:0:
329,192,116781,1,0,0:0:0:0:
182,192,116824,1,0,0:0:0:0:
329,192,116866,1,0,0:0:0:0:
182,192,116909,1,0,0:0:0:0:
329,192,116951,1,0,0:0:0:0:
182,192,116993,1,0,0:0:0:0:
329,192,117036,1,0,0:0:0:0:
182,192,117078,1,0,0:0:0:0:
329,192,117120,1,0,0:0:0:0:
182,192,117163,1,0,0:0:0:0:
329,192,117205,1,0,0:0:0:0:
182,192,117248,1,0,0:0:0:0:
329,192,117290,1,0,0:0:0:0:
182,192,117332,1,0,0:0:0:0:
329,192,117375,1,0,0:0:0:0:
182,192,117417,1,0,0:0:0:0:
329,192,117459,1,0,0:0:0:0:
182,192,117502,1,0,0:0:0:0:
329,192,117544,1,0,0:0:0:0:
182,192,117587,1,0,0:0:0:0:
329,192,117629,1,0,0:0:0:0:
182,192,117671,1,0,0:0:0:0:
329,192,117714,1,0,0:0:0:0:
182,192,117756,1,0,0:0:0:0:
329,192,117798,1,0,0:0:0:0:
182,192,117841,1,0,0:0:0:0:
329,192,117883,1,0,0:0:0:0:
182,192,117926,1,0,0:0:0:0:
329,192,117968,1,0,0:0:0:0:
182,192,118010,1,0,0:0:0:0:
329,192,118053,1,0,0:0:0:0:
182,192,118095,1,0,0:0:0:0:
329,192,118137,1,0,0:0:0:0:
182,192,118180,1,0,0:0:0:0:
329,192,118222,1,0,0:0:0:0:
182,192,118265,1,0,0:0:0:0:
329,192,118307,1,0,0:0:0:0:
182,192,118349,1,0,0:0:0:0:
329,192,118392,1,0,0:0:0:0:
182,192,118434,1,0,0:0:0:0:
256,192,118476,1,0,0:0:0:0:
