[Metadata]
Lachryma《Re:Queen’M》
かねこちはる
Exit
Sound Voltex Konami kaneko chiharu
130
0.339

[TimingPoints]
0,254.237288135593,4,2,2,100,1,0
25042,508.474576271186,4,2,2,100,1,0
25169,254.237288135593,4,2,2,100,1,0
25233,127.118644067797,4,2,2,100,1,0
25297,254.237288135593,4,2,2,100,1,0
26123,508.474576271186,4,2,2,100,1,0
26250,127.118644067797,4,2,2,100,1,0
26314,254.237288135593,4,2,2,100,1,0
27966,63.5593220338983,4,2,2,100,1,0
28030,127.118644067797,4,2,2,100,1,0
28093,254.237288135593,4,2,2,100,1,0
28220,508.474576271186,4,2,2,100,1,0
28284,0.91552734375,4,2,2,100,1,0
28286,508.474576271186,4,2,2,100,1,0
28731,254.237288135593,4,2,2,100,1,0
33180,508.474576271186,4,2,2,100,1,0
33307,254.237288135593,4,2,2,100,1,0
33370,127.118644067797,4,2,2,100,1,0
33434,254.237288135593,4,2,2,100,1,0
34197,508.474576271186,4,2,2,100,1,0
34324,254.237288135593,4,2,2,100,1,0
34387,127.118644067797,4,2,2,100,1,0
34451,254.237288135593,4,2,2,100,1,0
41188,508.474576271186,4,2,2,100,1,0
43222,169.491525423729,4,2,2,100,1,0
43349,338.983050847458,4,2,2,100,1,0
43604,169.491525423729,4,2,2,100,1,0
43731,338.983050847458,4,2,2,100,1,0
43985,169.491525423729,4,2,2,100,1,0
44112,338.983050847458,4,2,2,100,1,0
44366,169.491525423729,4,2,2,100,1,0
44493,338.983050847458,4,2,2,100,1,0
44748,254.237288135593,4,2,2,100,1,0
53392,508.474576271186,4,2,2,100,1,0
53519,254.237288135593,4,2,2,100,1,0
53614,84.7457627118644,4,2,2,100,1,0
53646,254.237288135593,4,2,2,100,1,0
55426,508.474576271186,4,2,2,100,1,0
55553,254.237288135593,4,2,2,100,1,0
55616,127.118644067797,4,2,2,100,1,0
55680,254.237288135593,4,2,2,100,1,0
57459,508.474576271186,4,2,2,100,1,0
57587,254.237288135593,4,2,2,100,1,0
57650,127.118644067797,4,2,2,100,1,0
57714,254.237288135593,4,2,2,100,1,0
84536,508.474576271186,4,2,2,100,1,0
84663,254.237288135593,4,2,2,100,1,0
84726,127.118644067797,4,2,2,100,1,0
84790,254.237288135593,4,2,2,100,1,0
86951,508.474576271186,4,2,2,100,1,0
87078,127.118644067797,4,2,2,100,1,0
87142,508.474576271186,4,2,2,100,1,0
87269,127.118644067797,4,2,2,100,1,0
87332,508.474576271186,4,2,2,100,1,0
87396,169.491525423729,4,2,2,100,1,0
87459,254.237288135593,4,2,2,100,1,0
88476,127.118644067797,4,2,2,100,1,0
88604,254.237288135593,4,2,2,100,1,0
88731,127.118644067797,4,2,2,100,1,0
88858,254.237288135593,4,2,2,100,1,0
88985,127.118644067797,4,2,2,100,1,0
89112,254.237288135593,4,2,2,100,1,0
89239,127.118644067797,4,2,2,100,1,0
89366,254.237288135593,4,2,2,100,1,0
92671,508.474576271186,4,2,2,100,1,0
92798,254.237288135593,4,2,2,100,1,0
92862,127.118644067797,4,2,2,100,1,0
92926,254.237288135593,4,2,2,100,1,0
93688,508.474576271186,4,2,2,100,1,0
93815,254.237288135593,4,2,2,100,1,0
93879,127.118644067797,4,2,2,100,1,0
93943,254.237288135593,4,2,2,100,1,0
110849,508.474576271186,4,2,2,100,1,0
112883,254.237288135593,4,2,2,100,1,0
114917,508.474576271186,4,2,2,100,1,0
115044,254.237288135593,4,2,2,100,1,0
115108,127.118644067797,4,2,2,100,1,0
115171,254.237288135593,4,2,2,100,1,0
118476,1016.94915254237,4,2,2,100,1,0


[HitObjects]
36,0,1017,128,0,1367:0:0:0:0:
109,0,1017,128,0,1367:0:0:0:0:
182,192,1017,1,0,0:0:0:0:
329,192,1017,1,0,0:0:0:0:
402,0,1017,128,0,1367:0:0:0:0:
475,0,1017,128,0,1367:0:0:0:0:
256,0,1017,128,0,2288:0:0:0:0:
36,0,1398,128,0,1621:0:0:0:0:
109,0,1398,128,0,1621:0:0:0:0:
402,0,1398,128,0,1621:0:0:0:0:
475,0,1398,128,0,1621:0:0:0:0:
36,0,1653,128,0,1748:0:0:0:0:
109,0,1653,128,0,1748:0:0:0:0:
402,0,1653,128,0,1748:0:0:0:0:
475,0,1653,128,0,1748:0:0:0:0:
36,192,1780,1,0,0:0:0:0:
109,192,1780,1,0,0:0:0:0:
329,192,1780,1,0,0:0:0:0:
475,192,1780,1,0,0:0:0:0:
36,192,2034,1,0,0:0:0:0:
182,192,2034,1,0,0:0:0:0:
402,192,2034,1,0,0:0:0:0:
475,192,2034,1,0,0:0:0:0:
36,192,2288,1,0,0:0:0:0:
182,192,2288,1,0,0:0:0:0:
329,192,2288,1,0,0:0:0:0:
475,192,2288,1,0,0:0:0:0:
36,0,2542,128,0,2892:0:0:0:0:
182,0,2542,128,0,2892:0:0:0:0:
329,0,2542,128,0,2892:0:0:0:0:
475,0,2542,128,0,2892:0:0:0:0:
36,0,2924,128,0,3146:0:0:0:0:
182,0,2924,128,0,3146:0:0:0:0:
329,0,2924,128,0,3146:0:0:0:0:
475,0,2924,128,0,3146:0:0:0:0:
36,0,3178,128,0,3273:0:0:0:0:
182,0,3178,128,0,3273:0:0:0:0:
329,0,3178,128,0,3273:0:0:0:0:
475,0,3178,128,0,3273:0:0:0:0:
36,192,3305,1,0,0:0:0:0:
109,192,3305,1,0,0:0:0:0:
329,192,3305,1,0,0:0:0:0:
475,192,3305,1,0,0:0:0:0:
36,192,3559,1,0,0:0:0:0:
182,192,3559,1,0,0:0:0:0:
402,192,3559,1,0,0:0:0:0:
475,192,3559,1,0,0:0:0:0:
36,192,3814,1,0,0:0:0:0:
109,192,3814,1,0,0:0:0:0:
256,192,3814,1,0,0:0:0:0:
402,192,3814,1,0,0:0:0:0:
475,192,3814,1,0,0:0:0:0:
109,0,4068,128,0,4417:0:0:0:0:
182,0,4068,128,0,4417:0:0:0:0:
329,0,4068,128,0,4417:0:0:0:0:
402,0,4068,128,0,4417:0:0:0:0:
109,0,4449,128,0,4672:0:0:0:0:
182,0,4449,128,0,4672:0:0:0:0:
329,0,4449,128,0,4672:0:0:0:0:
402,0,4449,128,0,4672:0:0:0:0:
109,0,4703,128,0,4799:0:0:0:0:
182,0,4703,128,0,4799:0:0:0:0:
329,0,4703,128,0,4799:0:0:0:0:
402,0,4703,128,0,4799:0:0:0:0:
36,192,4831,1,0,0:0:0:0:
109,192,4831,1,0,0:0:0:0:
329,192,4831,1,0,0:0:0:0:
475,192,4831,1,0,0:0:0:0:
36,192,5085,1,0,0:0:0:0:
182,192,5085,1,0,0:0:0:0:
402,192,5085,1,0,0:0:0:0:
475,192,5085,1,0,0:0:0:0:
109,192,5339,1,0,0:0:0:0:
182,192,5339,1,0,0:0:0:0:
256,192,5339,1,0,0:0:0:0:
329,192,5339,1,0,0:0:0:0:
402,192,5339,1,0,0:0:0:0:
109,192,5593,1,0,0:0:0:0:
402,192,5593,1,0,0:0:0:0:
36,0,5593,128,0,6102:0:0:0:0:
475,0,5593,128,0,6102:0:0:0:0:
109,0,6102,128,0,6229:0:0:0:0:
402,0,6102,128,0,6229:0:0:0:0:
182,0,6229,128,0,6356:0:0:0:0:
329,0,6229,128,0,6356:0:0:0:0:
36,192,6356,1,0,0:0:0:0:
475,192,6356,1,0,0:0:0:0:
256,0,6356,128,0,7119:0:0:0:0:
402,192,6419,1,0,0:0:0:0:
109,192,6441,1,0,0:0:0:0:
329,192,6483,1,0,0:0:0:0:
182,192,6525,1,0,0:0:0:0:
402,192,6547,1,0,0:0:0:0:
109,192,6610,1,0,0:0:0:0:
475,192,6610,1,0,0:0:0:0:
402,192,6674,1,0,0:0:0:0:
36,192,6695,1,0,0:0:0:0:
329,192,6737,1,0,0:0:0:0:
109,192,6780,1,0,0:0:0:0:
402,192,6801,1,0,0:0:0:0:
182,192,6864,1,0,0:0:0:0:
475,192,6864,1,0,0:0:0:0:
402,192,6928,1,0,0:0:0:0:
109,192,6949,1,0,0:0:0:0:
329,192,6992,1,0,0:0:0:0:
36,192,7034,1,0,0:0:0:0:
402,192,7055,1,0,0:0:0:0:
109,192,7119,1,0,0:0:0:0:
182,192,7119,1,0,0:0:0:0:
329,0,7119,128,0,7881:0:0:0:0:
475,192,7119,1,0,0:0:0:0:
36,192,7182,1,0,0:0:0:0:
109,192,7246,1,0,0:0:0:0:
182,192,7309,1,0,0:0:0:0:
36,192,7373,1,0,0:0:0:0:
256,192,7373,1,0,0:0:0:0:
402,192,7436,1,0,0:0:0:0:
36,192,7500,1,0,0:0:0:0:
109,192,7500,1,0,0:0:0:0:
475,192,7500,1,0,0:0:0:0:
182,192,7564,1,0,0:0:0:0:
256,192,7627,1,0,0:0:0:0:
402,192,7691,1,0,0:0:0:0:
36,192,7754,1,0,0:0:0:0:
109,192,7754,1,0,0:0:0:0:
182,192,7754,1,0,0:0:0:0:
475,192,7754,1,0,0:0:0:0:
256,192,7818,1,0,0:0:0:0:
109,192,7881,1,0,0:0:0:0:
182,192,7881,1,0,0:0:0:0:
402,192,7881,1,0,0:0:0:0:
475,192,7881,1,0,0:0:0:0:
36,0,7881,128,0,8390:0:0:0:0:
329,192,7945,1,0,0:0:0:0:
256,192,8008,1,0,0:0:0:0:
182,192,8072,1,0,0:0:0:0:
109,192,8136,1,0,0:0:0:0:
329,192,8136,1,0,0:0:0:0:
402,192,8136,1,0,0:0:0:0:
475,192,8199,1,0,0:0:0:0:
402,192,8263,1,0,0:0:0:0:
329,192,8326,1,0,0:0:0:0:
109,192,8390,1,0,0:0:0:0:
256,192,8390,1,0,0:0:0:0:
402,192,8390,1,0,0:0:0:0:
475,0,8390,128,0,8612:0:0:0:0:
182,192,8453,1,0,0:0:0:0:
109,192,8517,1,0,0:0:0:0:
36,192,8581,1,0,0:0:0:0:
182,192,8644,1,0,0:0:0:0:
256,192,8644,1,0,0:0:0:0:
329,192,8644,1,0,0:0:0:0:
402,192,8644,1,0,0:0:0:0:
475,0,8644,128,0,9153:0:0:0:0:
36,192,8708,1,0,0:0:0:0:
109,192,8771,1,0,0:0:0:0:
182,192,8835,1,0,0:0:0:0:
36,192,8898,1,0,0:0:0:0:
256,192,8898,1,0,0:0:0:0:
329,192,8962,1,0,0:0:0:0:
182,192,9025,1,0,0:0:0:0:
256,192,9025,1,0,0:0:0:0:
402,192,9025,1,0,0:0:0:0:
36,192,9089,1,0,0:0:0:0:
109,192,9153,1,0,0:0:0:0:
402,0,9153,128,0,9280:0:0:0:0:
182,192,9216,1,0,0:0:0:0:
36,192,9280,1,0,0:0:0:0:
109,192,9280,1,0,0:0:0:0:
256,192,9280,1,0,0:0:0:0:
329,0,9280,128,0,9407:0:0:0:0:
475,192,9280,1,0,0:0:0:0:
182,192,9343,1,0,0:0:0:0:
36,192,9407,1,0,0:0:0:0:
109,192,9407,1,0,0:0:0:0:
402,0,9407,128,0,9915:0:0:0:0:
475,192,9407,1,0,0:0:0:0:
329,192,9470,1,0,0:0:0:0:
256,192,9534,1,0,0:0:0:0:
182,192,9597,1,0,0:0:0:0:
109,192,9661,1,0,0:0:0:0:
256,192,9661,1,0,0:0:0:0:
329,192,9661,1,0,0:0:0:0:
475,192,9661,1,0,0:0:0:0:
36,192,9725,1,0,0:0:0:0:
475,192,9788,1,0,0:0:0:0:
329,192,9852,1,0,0:0:0:0:
36,192,9915,1,0,0:0:0:0:
109,0,9915,128,0,10042:0:0:0:0:
182,192,9915,1,0,0:0:0:0:
475,192,9915,1,0,0:0:0:0:
256,192,9979,1,0,0:0:0:0:
36,192,10042,1,0,0:0:0:0:
182,0,10042,128,0,10169:0:0:0:0:
475,192,10106,1,0,0:0:0:0:
36,192,10169,1,0,0:0:0:0:
256,0,10169,128,0,10424:0:0:0:0:
329,192,10169,1,0,0:0:0:0:
402,192,10169,1,0,0:0:0:0:
109,192,10233,1,0,0:0:0:0:
182,192,10297,1,0,0:0:0:0:
329,192,10360,1,0,0:0:0:0:
36,192,10424,1,0,0:0:0:0:
182,0,10424,128,0,10678:0:0:0:0:
402,192,10424,1,0,0:0:0:0:
475,192,10487,1,0,0:0:0:0:
109,192,10551,1,0,0:0:0:0:
329,192,10551,1,0,0:0:0:0:
402,192,10551,1,0,0:0:0:0:
256,192,10614,1,0,0:0:0:0:
109,0,10678,128,0,10932:0:0:0:0:
329,192,10678,1,0,0:0:0:0:
402,192,10742,1,0,0:0:0:0:
182,192,10805,1,0,0:0:0:0:
256,192,10805,1,0,0:0:0:0:
329,192,10805,1,0,0:0:0:0:
475,192,10805,1,0,0:0:0:0:
36,192,10869,1,0,0:0:0:0:
182,192,10932,1,0,0:0:0:0:
329,192,10932,1,0,0:0:0:0:
402,192,10932,1,0,0:0:0:0:
475,0,10932,128,0,11186:0:0:0:0:
256,192,10996,1,0,0:0:0:0:
329,192,11059,1,0,0:0:0:0:
402,192,11123,1,0,0:0:0:0:
36,192,11186,1,0,0:0:0:0:
182,192,11186,1,0,0:0:0:0:
256,192,11186,1,0,0:0:0:0:
329,0,11186,128,0,11441:0:0:0:0:
109,192,11250,1,0,0:0:0:0:
182,192,11314,1,0,0:0:0:0:
256,192,11377,1,0,0:0:0:0:
36,0,11441,128,0,11695:0:0:0:0:
109,192,11441,1,0,0:0:0:0:
182,192,11441,1,0,0:0:0:0:
402,192,11441,1,0,0:0:0:0:
475,192,11504,1,0,0:0:0:0:
182,192,11568,1,0,0:0:0:0:
256,192,11631,1,0,0:0:0:0:
329,192,11695,1,0,0:0:0:0:
402,192,11695,1,0,0:0:0:0:
475,192,11695,1,0,0:0:0:0:
182,0,11695,128,0,12903:0:0:0:0:
256,192,11758,1,0,0:0:0:0:
109,192,11822,1,0,0:0:0:0:
36,192,11886,1,0,0:0:0:0:
475,192,11886,1,0,0:0:0:0:
109,192,11949,1,0,0:0:0:0:
402,192,11949,1,0,0:0:0:0:
329,192,12013,1,0,0:0:0:0:
36,192,12076,1,0,0:0:0:0:
256,192,12076,1,0,0:0:0:0:
475,192,12076,1,0,0:0:0:0:
109,192,12140,1,0,0:0:0:0:
36,192,12203,1,0,0:0:0:0:
475,192,12267,1,0,0:0:0:0:
36,192,12331,1,0,0:0:0:0:
109,192,12331,1,0,0:0:0:0:
256,192,12331,1,0,0:0:0:0:
402,192,12331,1,0,0:0:0:0:
329,192,12394,1,0,0:0:0:0:
256,192,12458,1,0,0:0:0:0:
402,192,12458,1,0,0:0:0:0:
475,192,12458,1,0,0:0:0:0:
109,192,12521,1,0,0:0:0:0:
36,192,12585,1,0,0:0:0:0:
475,192,12648,1,0,0:0:0:0:
36,192,12712,1,0,0:0:0:0:
109,192,12712,1,0,0:0:0:0:
256,192,12712,1,0,0:0:0:0:
402,192,12712,1,0,0:0:0:0:
329,192,12775,1,0,0:0:0:0:
256,192,12839,1,0,0:0:0:0:
109,192,12903,1,0,0:0:0:0:
36,192,12966,1,0,0:0:0:0:
182,0,12966,128,0,13093:0:0:0:0:
256,192,12966,1,0,0:0:0:0:
329,192,12966,1,0,0:0:0:0:
475,192,12966,1,0,0:0:0:0:
402,192,13030,1,0,0:0:0:0:
329,192,13093,1,0,0:0:0:0:
256,0,13093,128,0,13220:0:0:0:0:
182,192,13157,1,0,0:0:0:0:
36,192,13220,1,0,0:0:0:0:
109,192,13220,1,0,0:0:0:0:
329,0,13220,128,0,13475:0:0:0:0:
402,192,13220,1,0,0:0:0:0:
182,192,13284,1,0,0:0:0:0:
256,192,13347,1,0,0:0:0:0:
402,192,13411,1,0,0:0:0:0:
36,0,13475,128,0,13729:0:0:0:0:
109,192,13475,1,0,0:0:0:0:
475,192,13475,1,0,0:0:0:0:
182,192,13538,1,0,0:0:0:0:
256,192,13602,1,0,0:0:0:0:
402,192,13602,1,0,0:0:0:0:
475,192,13602,1,0,0:0:0:0:
329,192,13665,1,0,0:0:0:0:
402,192,13729,1,0,0:0:0:0:
475,0,13729,128,0,13983:0:0:0:0:
109,192,13792,1,0,0:0:0:0:
36,192,13856,1,0,0:0:0:0:
182,192,13856,1,0,0:0:0:0:
402,192,13856,1,0,0:0:0:0:
329,192,13919,1,0,0:0:0:0:
109,192,13983,1,0,0:0:0:0:
182,192,13983,1,0,0:0:0:0:
402,192,13983,1,0,0:0:0:0:
256,0,13983,128,0,14237:0:0:0:0:
475,192,14047,1,0,0:0:0:0:
36,192,14110,1,0,0:0:0:0:
109,192,14174,1,0,0:0:0:0:
36,192,14237,1,0,0:0:0:0:
182,0,14237,128,0,14492:0:0:0:0:
329,0,14237,128,0,14492:0:0:0:0:
402,192,14237,1,0,0:0:0:0:
475,192,14237,1,0,0:0:0:0:
256,192,14301,1,0,0:0:0:0:
109,192,14364,1,0,0:0:0:0:
36,192,14428,1,0,0:0:0:0:
109,0,14492,128,0,14746:0:0:0:0:
256,192,14492,1,0,0:0:0:0:
402,0,14492,128,0,14746:0:0:0:0:
475,192,14492,1,0,0:0:0:0:
329,192,14555,1,0,0:0:0:0:
475,192,14619,1,0,0:0:0:0:
36,192,14682,1,0,0:0:0:0:
182,0,14746,128,0,14809:0:0:0:0:
329,0,14746,128,0,14809:0:0:0:0:
475,0,14746,128,0,14809:0:0:0:0:
256,0,14746,128,0,17797:0:0:0:0:
36,192,14873,1,0,0:0:0:0:
182,192,14873,1,0,0:0:0:0:
329,192,14873,1,0,0:0:0:0:
475,192,14873,1,0,0:0:0:0:
36,0,15000,128,0,15064:0:0:0:0:
182,192,15000,1,0,0:0:0:0:
329,192,15000,1,0,0:0:0:0:
475,0,15000,128,0,15064:0:0:0:0:
36,192,15127,1,0,0:0:0:0:
182,0,15127,128,0,15191:0:0:0:0:
329,0,15127,128,0,15191:0:0:0:0:
475,192,15127,1,0,0:0:0:0:
36,0,15254,128,0,15318:0:0:0:0:
182,192,15254,1,0,0:0:0:0:
329,192,15254,1,0,0:0:0:0:
475,0,15254,128,0,15318:0:0:0:0:
36,192,15381,1,0,0:0:0:0:
182,0,15381,128,0,15445:0:0:0:0:
329,0,15381,128,0,15445:0:0:0:0:
475,192,15381,1,0,0:0:0:0:
36,192,15508,1,0,0:0:0:0:
109,0,15508,128,0,15572:0:0:0:0:
402,0,15508,128,0,15572:0:0:0:0:
475,192,15508,1,0,0:0:0:0:
36,0,15763,128,0,15826:0:0:0:0:
109,192,15763,1,0,0:0:0:0:
402,192,15763,1,0,0:0:0:0:
475,0,15763,128,0,15826:0:0:0:0:
109,0,15890,128,0,15953:0:0:0:0:
402,0,15890,128,0,15953:0:0:0:0:
36,0,16017,128,0,16081:0:0:0:0:
182,192,16017,1,0,0:0:0:0:
329,192,16017,1,0,0:0:0:0:
475,0,16017,128,0,16081:0:0:0:0:
109,0,16144,128,0,16208:0:0:0:0:
402,0,16144,128,0,16208:0:0:0:0:
109,192,16271,1,0,0:0:0:0:
182,0,16271,128,0,16335:0:0:0:0:
329,0,16271,128,0,16335:0:0:0:0:
402,192,16271,1,0,0:0:0:0:
109,192,16398,1,0,0:0:0:0:
182,192,16398,1,0,0:0:0:0:
329,192,16398,1,0,0:0:0:0:
402,192,16398,1,0,0:0:0:0:
109,192,16525,1,0,0:0:0:0:
182,0,16525,128,0,16589:0:0:0:0:
329,0,16525,128,0,16589:0:0:0:0:
402,192,16525,1,0,0:0:0:0:
109,0,16653,128,0,16716:0:0:0:0:
182,192,16653,1,0,0:0:0:0:
329,192,16653,1,0,0:0:0:0:
402,0,16653,128,0,16716:0:0:0:0:
109,192,16780,1,0,0:0:0:0:
182,0,16780,128,0,16843:0:0:0:0:
329,0,16780,128,0,16843:0:0:0:0:
402,192,16780,1,0,0:0:0:0:
109,0,16907,128,0,16970:0:0:0:0:
182,192,16907,1,0,0:0:0:0:
329,192,16907,1,0,0:0:0:0:
402,0,16907,128,0,16970:0:0:0:0:
36,0,17034,128,0,17097:0:0:0:0:
182,192,17034,1,0,0:0:0:0:
329,192,17034,1,0,0:0:0:0:
475,0,17034,128,0,17097:0:0:0:0:
36,0,17288,128,0,17352:0:0:0:0:
182,192,17288,1,0,0:0:0:0:
329,192,17288,1,0,0:0:0:0:
475,0,17288,128,0,17352:0:0:0:0:
182,0,17415,128,0,17479:0:0:0:0:
329,0,17415,128,0,17479:0:0:0:0:
36,0,17542,128,0,17606:0:0:0:0:
109,192,17542,1,0,0:0:0:0:
402,192,17542,1,0,0:0:0:0:
475,0,17542,128,0,17606:0:0:0:0:
182,0,17669,128,0,17733:0:0:0:0:
36,0,17797,128,0,17860:0:0:0:0:
109,192,17797,1,0,0:0:0:0:
329,192,17797,1,0,0:0:0:0:
402,0,17797,128,0,17860:0:0:0:0:
36,192,17924,1,0,0:0:0:0:
109,192,17924,1,0,0:0:0:0:
329,192,17924,1,0,0:0:0:0:
402,192,17924,1,0,0:0:0:0:
36,192,18051,1,0,0:0:0:0:
109,0,18051,128,0,18114:0:0:0:0:
329,192,18051,1,0,0:0:0:0:
402,0,18051,128,0,18114:0:0:0:0:
36,0,18178,128,0,18242:0:0:0:0:
109,192,18178,1,0,0:0:0:0:
402,192,18178,1,0,0:0:0:0:
475,0,18178,128,0,18242:0:0:0:0:
36,192,18305,1,0,0:0:0:0:
109,0,18305,128,0,18369:0:0:0:0:
402,0,18305,128,0,18369:0:0:0:0:
475,192,18305,1,0,0:0:0:0:
36,0,18432,128,0,18496:0:0:0:0:
109,192,18432,1,0,0:0:0:0:
402,192,18432,1,0,0:0:0:0:
475,0,18432,128,0,18496:0:0:0:0:
36,192,18559,1,0,0:0:0:0:
182,0,18559,128,0,18623:0:0:0:0:
329,0,18559,128,0,18623:0:0:0:0:
475,192,18559,1,0,0:0:0:0:
36,0,18814,128,0,18877:0:0:0:0:
182,192,18814,1,0,0:0:0:0:
329,192,18814,1,0,0:0:0:0:
475,0,18814,128,0,18877:0:0:0:0:
182,0,18941,128,0,19004:0:0:0:0:
329,0,18941,128,0,19004:0:0:0:0:
36,0,19068,128,0,19131:0:0:0:0:
109,192,19068,1,0,0:0:0:0:
256,192,19068,1,0,0:0:0:0:
402,192,19068,1,0,0:0:0:0:
475,0,19068,128,0,19131:0:0:0:0:
329,0,19068,128,0,19322:0:0:0:0:
182,0,19195,128,0,19258:0:0:0:0:
402,0,19195,128,0,19258:0:0:0:0:
109,192,19322,1,0,0:0:0:0:
182,192,19322,1,0,0:0:0:0:
256,192,19322,1,0,0:0:0:0:
475,192,19322,1,0,0:0:0:0:
402,192,19386,1,0,0:0:0:0:
109,192,19449,1,0,0:0:0:0:
182,192,19449,1,0,0:0:0:0:
256,192,19449,1,0,0:0:0:0:
329,192,19449,1,0,0:0:0:0:
475,192,19513,1,0,0:0:0:0:
109,192,19576,1,0,0:0:0:0:
182,192,19576,1,0,0:0:0:0:
256,192,19576,1,0,0:0:0:0:
402,192,19576,1,0,0:0:0:0:
329,192,19640,1,0,0:0:0:0:
36,192,19703,1,0,0:0:0:0:
109,192,19703,1,0,0:0:0:0:
182,192,19703,1,0,0:0:0:0:
256,192,19703,1,0,0:0:0:0:
475,192,19703,1,0,0:0:0:0:
402,192,19767,1,0,0:0:0:0:
36,192,19831,1,0,0:0:0:0:
109,192,19831,1,0,0:0:0:0:
182,192,19831,1,0,0:0:0:0:
256,192,19831,1,0,0:0:0:0:
329,192,19831,1,0,0:0:0:0:
475,192,19894,1,0,0:0:0:0:
36,192,19958,1,0,0:0:0:0:
109,192,19958,1,0,0:0:0:0:
182,192,19958,1,0,0:0:0:0:
256,192,19958,1,0,0:0:0:0:
402,192,19958,1,0,0:0:0:0:
329,192,20021,1,0,0:0:0:0:
36,192,20085,1,0,0:0:0:0:
109,192,20085,1,0,0:0:0:0:
402,192,20085,1,0,0:0:0:0:
475,192,20085,1,0,0:0:0:0:
109,192,20339,1,0,0:0:0:0:
182,192,20339,1,0,0:0:0:0:
256,192,20339,1,0,0:0:0:0:
329,192,20339,1,0,0:0:0:0:
402,192,20339,1,0,0:0:0:0:
36,0,20593,128,0,20657:0:0:0:0:
109,0,20657,128,0,20720:0:0:0:0:
182,0,20720,128,0,20784:0:0:0:0:
256,0,20784,128,0,20847:0:0:0:0:
109,192,20847,1,0,0:0:0:0:
182,192,20847,1,0,0:0:0:0:
329,0,20847,128,0,21102:0:0:0:0:
402,192,20847,1,0,0:0:0:0:
475,0,20847,128,0,21864:0:0:0:0:
36,192,20975,1,0,0:0:0:0:
109,192,20975,1,0,0:0:0:0:
402,0,21102,128,0,21229:0:0:0:0:
36,192,21229,1,0,0:0:0:0:
109,192,21229,1,0,0:0:0:0:
256,0,21229,128,0,21356:0:0:0:0:
329,192,21483,1,0,0:0:0:0:
402,192,21483,1,0,0:0:0:0:
36,0,21610,128,0,21674:0:0:0:0:
109,0,21674,128,0,21737:0:0:0:0:
182,0,21737,128,0,21801:0:0:0:0:
329,192,21737,1,0,0:0:0:0:
402,192,21737,1,0,0:0:0:0:
256,0,21801,128,0,21864:0:0:0:0:
329,0,21864,128,0,22119:0:0:0:0:
402,0,21864,128,0,22881:0:0:0:0:
109,192,21992,1,0,0:0:0:0:
182,192,21992,1,0,0:0:0:0:
256,0,22119,128,0,22246:0:0:0:0:
109,192,22246,1,0,0:0:0:0:
182,192,22246,1,0,0:0:0:0:
36,0,22246,128,0,22373:0:0:0:0:
36,192,22500,1,0,0:0:0:0:
109,192,22500,1,0,0:0:0:0:
109,0,22627,128,0,22691:0:0:0:0:
182,0,22691,128,0,22754:0:0:0:0:
36,192,22754,1,0,0:0:0:0:
109,192,22754,1,0,0:0:0:0:
256,0,22754,128,0,22818:0:0:0:0:
329,0,22818,128,0,22881:0:0:0:0:
256,0,22881,128,0,23008:0:0:0:0:
475,0,22881,128,0,23008:0:0:0:0:
36,0,22881,128,0,23898:0:0:0:0:
109,192,23008,1,0,0:0:0:0:
182,192,23008,1,0,0:0:0:0:
329,0,23008,128,0,23136:0:0:0:0:
182,0,23136,128,0,23263:0:0:0:0:
402,0,23136,128,0,23263:0:0:0:0:
329,192,23263,1,0,0:0:0:0:
475,192,23263,1,0,0:0:0:0:
256,0,23263,128,0,23390:0:0:0:0:
109,0,23390,128,0,23517:0:0:0:0:
329,0,23390,128,0,23517:0:0:0:0:
182,0,23517,128,0,23644:0:0:0:0:
402,192,23517,1,0,0:0:0:0:
475,192,23517,1,0,0:0:0:0:
256,0,23644,128,0,23771:0:0:0:0:
329,0,23644,128,0,23771:0:0:0:0:
109,0,23771,128,0,23835:0:0:0:0:
402,192,23771,1,0,0:0:0:0:
475,192,23771,1,0,0:0:0:0:
182,0,23835,128,0,24661:0:0:0:0:
329,0,23835,128,0,24661:0:0:0:0:
256,0,23898,128,0,24597:0:0:0:0:
36,192,24025,1,0,0:0:0:0:
109,192,24025,1,0,0:0:0:0:
402,192,24025,1,0,0:0:0:0:
475,192,24025,1,0,0:0:0:0:
36,192,24280,1,0,0:0:0:0:
109,192,24280,1,0,0:0:0:0:
402,192,24280,1,0,0:0:0:0:
475,192,24280,1,0,0:0:0:0:
36,192,24407,1,0,0:0:0:0:
475,192,24407,1,0,0:0:0:0:
402,192,24470,1,0,0:0:0:0:
109,192,24534,1,0,0:0:0:0:
36,192,24597,1,0,0:0:0:0:
256,192,24661,1,0,0:0:0:0:
182,0,24788,128,0,24852:0:0:0:0:
475,0,24788,128,0,24852:0:0:0:0:
109,0,24852,128,0,24915:0:0:0:0:
402,0,24852,128,0,24915:0:0:0:0:
36,0,24915,128,0,25106:0:0:0:0:
182,192,24915,1,0,0:0:0:0:
256,192,24915,1,0,0:0:0:0:
329,192,24915,1,0,0:0:0:0:
109,0,25042,128,0,25106:0:0:0:0:
256,192,25042,1,0,0:0:0:0:
329,192,25042,1,0,0:0:0:0:
402,192,25042,1,0,0:0:0:0:
36,192,25297,1,0,0:0:0:0:
109,192,25297,1,0,0:0:0:0:
256,192,25297,1,0,0:0:0:0:
402,192,25297,1,0,0:0:0:0:
475,192,25297,1,0,0:0:0:0:
182,0,25297,128,0,25551:0:0:0:0:
109,0,25551,128,0,25678:0:0:0:0:
36,0,25678,128,0,25805:0:0:0:0:
329,192,25678,1,0,0:0:0:0:
402,192,25678,1,0,0:0:0:0:
475,192,25678,1,0,0:0:0:0:
256,0,25805,128,0,25932:0:0:0:0:
36,192,25932,1,0,0:0:0:0:
109,192,25932,1,0,0:0:0:0:
182,192,25932,1,0,0:0:0:0:
402,0,25932,128,0,26059:0:0:0:0:
109,192,26059,1,0,0:0:0:0:
182,192,26059,1,0,0:0:0:0:
256,192,26059,1,0,0:0:0:0:
475,0,26059,128,0,26123:0:0:0:0:
402,0,26123,128,0,26314:0:0:0:0:
36,192,26314,1,0,0:0:0:0:
182,192,26314,1,0,0:0:0:0:
256,192,26314,1,0,0:0:0:0:
475,192,26314,1,0,0:0:0:0:
329,0,26314,128,0,26949:0:0:0:0:
36,192,26568,1,0,0:0:0:0:
109,192,26695,1,0,0:0:0:0:
182,192,26695,1,0,0:0:0:0:
402,192,26695,1,0,0:0:0:0:
475,192,26695,1,0,0:0:0:0:
36,192,26822,1,0,0:0:0:0:
109,0,26949,128,0,27076:0:0:0:0:
402,0,26949,128,0,27076:0:0:0:0:
475,0,26949,128,0,27076:0:0:0:0:
256,0,26949,128,0,27966:0:0:0:0:
182,192,27076,1,0,0:0:0:0:
329,192,27076,1,0,0:0:0:0:
36,0,27203,128,0,27331:0:0:0:0:
109,0,27203,128,0,27331:0:0:0:0:
402,0,27203,128,0,27331:0:0:0:0:
182,192,27331,1,0,0:0:0:0:
329,192,27331,1,0,0:0:0:0:
36,192,27458,1,0,0:0:0:0:
109,192,27458,1,0,0:0:0:0:
329,192,27458,1,0,0:0:0:0:
182,192,27521,1,0,0:0:0:0:
402,192,27521,1,0,0:0:0:0:
36,192,27585,1,0,0:0:0:0:
109,192,27585,1,0,0:0:0:0:
475,192,27585,1,0,0:0:0:0:
182,192,27648,1,0,0:0:0:0:
402,192,27648,1,0,0:0:0:0:
109,192,27712,1,0,0:0:0:0:
329,192,27712,1,0,0:0:0:0:
475,192,27712,1,0,0:0:0:0:
36,192,27775,1,0,0:0:0:0:
402,192,27775,1,0,0:0:0:0:
109,192,27839,1,0,0:0:0:0:
329,192,27839,1,0,0:0:0:0:
475,192,27839,1,0,0:0:0:0:
182,192,27903,1,0,0:0:0:0:
402,192,27903,1,0,0:0:0:0:
36,192,27966,1,0,0:0:0:0:
109,192,27966,1,0,0:0:0:0:
329,192,27966,1,0,0:0:0:0:
475,192,27966,1,0,0:0:0:0:
256,0,28220,128,0,28985:0:0:0:0:
109,0,28731,128,0,28741:0:0:0:0:
182,0,28794,128,0,28805:0:0:0:0:
329,0,28858,128,0,28868:0:0:0:0:
402,0,28921,128,0,28932:0:0:0:0:
329,0,28985,128,0,28995:0:0:0:0:
402,0,28985,128,0,28995:0:0:0:0:
475,0,28985,128,0,29938:0:0:0:0:
36,192,29112,1,0,0:0:0:0:
109,192,29112,1,0,0:0:0:0:
402,192,29112,1,0,0:0:0:0:
182,0,29239,128,0,29250:0:0:0:0:
256,0,29239,128,0,29250:0:0:0:0:
36,192,29366,1,0,0:0:0:0:
109,192,29366,1,0,0:0:0:0:
256,0,29366,128,0,29377:0:0:0:0:
329,0,29366,128,0,29377:0:0:0:0:
402,192,29366,1,0,0:0:0:0:
36,192,29620,1,0,0:0:0:0:
109,192,29620,1,0,0:0:0:0:
402,192,29620,1,0,0:0:0:0:
182,0,29748,128,0,29758:0:0:0:0:
256,0,29811,128,0,29822:0:0:0:0:
36,192,29875,1,0,0:0:0:0:
109,192,29875,1,0,0:0:0:0:
182,192,29875,1,0,0:0:0:0:
329,0,29875,128,0,29885:0:0:0:0:
402,0,29938,128,0,29949:0:0:0:0:
329,0,30002,128,0,30955:0:0:0:0:
402,0,30002,128,0,30012:0:0:0:0:
475,0,30002,128,0,30012:0:0:0:0:
36,192,30129,1,0,0:0:0:0:
402,192,30129,1,0,0:0:0:0:
475,192,30129,1,0,0:0:0:0:
182,0,30256,128,0,30267:0:0:0:0:
256,0,30256,128,0,30267:0:0:0:0:
36,192,30383,1,0,0:0:0:0:
109,0,30383,128,0,30394:0:0:0:0:
182,0,30383,128,0,30394:0:0:0:0:
402,192,30383,1,0,0:0:0:0:
475,192,30383,1,0,0:0:0:0:
36,192,30637,1,0,0:0:0:0:
402,192,30637,1,0,0:0:0:0:
475,192,30637,1,0,0:0:0:0:
36,0,30765,128,0,30775:0:0:0:0:
109,0,30828,128,0,30839:0:0:0:0:
36,192,30892,1,0,0:0:0:0:
182,0,30892,128,0,30902:0:0:0:0:
402,192,30892,1,0,0:0:0:0:
475,192,30892,1,0,0:0:0:0:
256,0,30955,128,0,30966:0:0:0:0:
256,0,31019,128,0,31029:0:0:0:0:
329,0,31019,128,0,31029:0:0:0:0:
182,0,31019,128,0,32036:0:0:0:0:
36,192,31146,1,0,0:0:0:0:
109,192,31146,1,0,0:0:0:0:
256,192,31146,1,0,0:0:0:0:
329,0,31209,128,0,31220:0:0:0:0:
402,0,31209,128,0,31220:0:0:0:0:
36,192,31400,1,0,0:0:0:0:
109,192,31400,1,0,0:0:0:0:
256,192,31400,1,0,0:0:0:0:
402,0,31400,128,0,31411:0:0:0:0:
475,0,31400,128,0,31411:0:0:0:0:
329,0,31527,128,0,31538:0:0:0:0:
402,0,31527,128,0,31538:0:0:0:0:
36,192,31654,1,0,0:0:0:0:
109,192,31654,1,0,0:0:0:0:
475,192,31654,1,0,0:0:0:0:
256,0,31718,128,0,31729:0:0:0:0:
329,0,31718,128,0,31729:0:0:0:0:
36,192,31909,1,0,0:0:0:0:
109,192,31909,1,0,0:0:0:0:
256,0,31909,128,0,31919:0:0:0:0:
402,0,31909,128,0,31919:0:0:0:0:
475,192,31909,1,0,0:0:0:0:
36,192,32036,1,0,0:0:0:0:
109,0,32036,128,0,32798:0:0:0:0:
182,192,32099,1,0,0:0:0:0:
256,192,32131,1,0,0:0:0:0:
36,192,32163,1,0,0:0:0:0:
329,192,32163,1,0,0:0:0:0:
402,192,32163,1,0,0:0:0:0:
475,192,32163,1,0,0:0:0:0:
182,192,32226,1,0,0:0:0:0:
256,192,32258,1,0,0:0:0:0:
36,192,32290,1,0,0:0:0:0:
182,192,32354,1,0,0:0:0:0:
256,192,32385,1,0,0:0:0:0:
36,192,32417,1,0,0:0:0:0:
329,192,32417,1,0,0:0:0:0:
402,192,32417,1,0,0:0:0:0:
475,192,32417,1,0,0:0:0:0:
182,192,32481,1,0,0:0:0:0:
256,192,32512,1,0,0:0:0:0:
36,192,32544,1,0,0:0:0:0:
182,192,32608,1,0,0:0:0:0:
256,192,32640,1,0,0:0:0:0:
36,192,32671,1,0,0:0:0:0:
329,192,32671,1,0,0:0:0:0:
402,192,32671,1,0,0:0:0:0:
475,192,32671,1,0,0:0:0:0:
182,192,32735,1,0,0:0:0:0:
256,192,32767,1,0,0:0:0:0:
36,192,32798,1,0,0:0:0:0:
109,192,32830,1,0,0:0:0:0:
182,192,32862,1,0,0:0:0:0:
256,192,32894,1,0,0:0:0:0:
329,192,32926,1,0,0:0:0:0:
402,192,32957,1,0,0:0:0:0:
475,192,32989,1,0,0:0:0:0:
36,192,33053,1,0,0:0:0:0:
109,192,33053,1,0,0:0:0:0:
182,192,33053,1,0,0:0:0:0:
329,0,33053,128,0,33180:0:0:0:0:
109,192,33180,1,0,0:0:0:0:
182,192,33180,1,0,0:0:0:0:
256,192,33180,1,0,0:0:0:0:
475,0,33180,128,0,33307:0:0:0:0:
36,0,33434,128,0,33688:0:0:0:0:
182,192,33434,1,0,0:0:0:0:
256,192,33434,1,0,0:0:0:0:
329,192,33434,1,0,0:0:0:0:
109,0,33688,128,0,33815:0:0:0:0:
36,192,33815,1,0,0:0:0:0:
182,192,33815,1,0,0:0:0:0:
256,0,33815,128,0,33943:0:0:0:0:
329,192,33815,1,0,0:0:0:0:
402,192,33815,1,0,0:0:0:0:
475,192,33815,1,0,0:0:0:0:
402,0,33943,128,0,34070:0:0:0:0:
109,192,34070,1,0,0:0:0:0:
182,192,34070,1,0,0:0:0:0:
256,192,34070,1,0,0:0:0:0:
475,0,34070,128,0,34197:0:0:0:0:
182,192,34197,1,0,0:0:0:0:
256,192,34197,1,0,0:0:0:0:
329,192,34197,1,0,0:0:0:0:
402,0,34197,128,0,34387:0:0:0:0:
36,0,34451,128,0,34705:0:0:0:0:
109,192,34451,1,0,0:0:0:0:
182,192,34451,1,0,0:0:0:0:
329,192,34451,1,0,0:0:0:0:
402,192,34451,1,0,0:0:0:0:
475,192,34451,1,0,0:0:0:0:
475,0,34705,128,0,34832:0:0:0:0:
36,192,34832,1,0,0:0:0:0:
109,192,34832,1,0,0:0:0:0:
182,192,34832,1,0,0:0:0:0:
256,0,34832,128,0,34959:0:0:0:0:
329,192,34832,1,0,0:0:0:0:
402,192,34832,1,0,0:0:0:0:
109,0,34959,128,0,35023:0:0:0:0:
36,0,35023,128,0,35277:0:0:0:0:
182,0,35023,128,0,35277:0:0:0:0:
109,192,35087,1,0,0:0:0:0:
256,192,35087,1,0,0:0:0:0:
329,192,35087,1,0,0:0:0:0:
402,192,35087,1,0,0:0:0:0:
475,192,35087,1,0,0:0:0:0:
36,192,35341,1,0,0:0:0:0:
109,192,35341,1,0,0:0:0:0:
182,192,35341,1,0,0:0:0:0:
256,0,35341,128,0,35468:0:0:0:0:
329,192,35341,1,0,0:0:0:0:
402,0,35341,128,0,35468:0:0:0:0:
475,192,35341,1,0,0:0:0:0:
329,0,35468,128,0,35531:0:0:0:0:
475,0,35468,128,0,35531:0:0:0:0:
36,0,35531,128,0,35786:0:0:0:0:
182,0,35531,128,0,35786:0:0:0:0:
109,192,35595,1,0,0:0:0:0:
256,192,35595,1,0,0:0:0:0:
329,192,35595,1,0,0:0:0:0:
402,192,35595,1,0,0:0:0:0:
475,192,35595,1,0,0:0:0:0:
36,192,35849,1,0,0:0:0:0:
109,192,35849,1,0,0:0:0:0:
182,0,35849,128,0,35976:0:0:0:0:
256,192,35849,1,0,0:0:0:0:
329,0,35849,128,0,35976:0:0:0:0:
402,192,35849,1,0,0:0:0:0:
475,192,35849,1,0,0:0:0:0:
256,0,35976,128,0,36040:0:0:0:0:
475,0,35976,128,0,36040:0:0:0:0:
36,0,36040,128,0,36294:0:0:0:0:
182,0,36040,128,0,36294:0:0:0:0:
109,192,36104,1,0,0:0:0:0:
256,192,36104,1,0,0:0:0:0:
329,192,36104,1,0,0:0:0:0:
402,192,36104,1,0,0:0:0:0:
475,192,36104,1,0,0:0:0:0:
36,192,36358,1,0,0:0:0:0:
109,0,36358,128,0,36485:0:0:0:0:
182,192,36358,1,0,0:0:0:0:
256,0,36358,128,0,36485:0:0:0:0:
329,192,36358,1,0,0:0:0:0:
402,192,36358,1,0,0:0:0:0:
475,192,36358,1,0,0:0:0:0:
329,0,36485,128,0,36548:0:0:0:0:
402,0,36485,128,0,36548:0:0:0:0:
36,0,36548,128,0,36739:0:0:0:0:
182,0,36548,128,0,36739:0:0:0:0:
109,192,36612,1,0,0:0:0:0:
256,192,36612,1,0,0:0:0:0:
329,192,36612,1,0,0:0:0:0:
402,192,36612,1,0,0:0:0:0:
475,192,36612,1,0,0:0:0:0:
109,0,36739,128,0,36866:0:0:0:0:
256,0,36739,128,0,36866:0:0:0:0:
36,192,36866,1,0,0:0:0:0:
182,0,36866,128,0,36993:0:0:0:0:
329,192,36866,1,0,0:0:0:0:
402,0,36866,128,0,36993:0:0:0:0:
475,192,36866,1,0,0:0:0:0:
256,0,36993,128,0,37057:0:0:0:0:
329,0,36993,128,0,37057:0:0:0:0:
475,0,37057,128,0,38137:0:0:0:0:
36,0,37057,128,0,39154:0:0:0:0:
109,0,37120,128,0,37131:0:0:0:0:
182,192,37120,1,0,0:0:0:0:
256,0,37120,128,0,37131:0:0:0:0:
329,192,37120,1,0,0:0:0:0:
402,192,37120,1,0,0:0:0:0:
182,0,37248,128,0,37258:0:0:0:0:
256,0,37248,128,0,37258:0:0:0:0:
182,0,37375,128,0,37385:0:0:0:0:
329,0,37375,128,0,37385:0:0:0:0:
256,0,37502,128,0,37512:0:0:0:0:
329,0,37502,128,0,37512:0:0:0:0:
256,0,37629,128,0,37640:0:0:0:0:
402,0,37629,128,0,37640:0:0:0:0:
329,0,37756,128,0,37767:0:0:0:0:
402,0,37756,128,0,37767:0:0:0:0:
109,0,37883,128,0,37894:0:0:0:0:
329,0,37883,128,0,37894:0:0:0:0:
109,0,38010,128,0,38021:0:0:0:0:
402,0,38010,128,0,38021:0:0:0:0:
182,0,38137,128,0,38148:0:0:0:0:
402,0,38137,128,0,38148:0:0:0:0:
109,0,38265,128,0,38275:0:0:0:0:
182,0,38265,128,0,38275:0:0:0:0:
256,0,38265,128,0,38275:0:0:0:0:
182,0,38392,128,0,38402:0:0:0:0:
256,0,38392,128,0,38402:0:0:0:0:
329,0,38392,128,0,38402:0:0:0:0:
256,0,38519,128,0,38529:0:0:0:0:
329,0,38519,128,0,38529:0:0:0:0:
402,0,38519,128,0,38529:0:0:0:0:
329,0,38646,128,0,38656:0:0:0:0:
402,0,38646,128,0,38656:0:0:0:0:
475,0,38646,128,0,38656:0:0:0:0:
256,0,38773,128,0,38784:0:0:0:0:
329,0,38773,128,0,38784:0:0:0:0:
402,0,38773,128,0,38784:0:0:0:0:
182,0,38900,128,0,38911:0:0:0:0:
256,0,38900,128,0,38911:0:0:0:0:
329,0,38900,128,0,38911:0:0:0:0:
109,0,39027,128,0,39038:0:0:0:0:
182,0,39027,128,0,39038:0:0:0:0:
256,0,39027,128,0,39038:0:0:0:0:
109,0,39154,128,0,39186:0:0:0:0:
182,192,39154,1,0,0:0:0:0:
256,0,39154,128,0,39186:0:0:0:0:
402,192,39154,1,0,0:0:0:0:
475,0,39154,128,0,39186:0:0:0:0:
36,0,39281,128,0,39313:0:0:0:0:
182,0,39281,128,0,39313:0:0:0:0:
256,0,39281,128,0,39313:0:0:0:0:
329,192,39281,1,0,0:0:0:0:
402,192,39281,1,0,0:0:0:0:
36,192,39409,1,0,0:0:0:0:
109,0,39409,128,0,39440:0:0:0:0:
329,0,39409,128,0,39440:0:0:0:0:
402,192,39409,1,0,0:0:0:0:
475,0,39409,128,0,39440:0:0:0:0:
36,192,39536,1,0,0:0:0:0:
109,192,39536,1,0,0:0:0:0:
182,0,39536,128,0,39568:0:0:0:0:
256,0,39536,128,0,39568:0:0:0:0:
402,0,39536,128,0,39568:0:0:0:0:
109,0,39663,128,0,39695:0:0:0:0:
182,0,39663,128,0,39695:0:0:0:0:
256,192,39663,1,0,0:0:0:0:
329,192,39663,1,0,0:0:0:0:
475,0,39663,128,0,39695:0:0:0:0:
36,0,39790,128,0,39822:0:0:0:0:
182,192,39790,1,0,0:0:0:0:
329,192,39790,1,0,0:0:0:0:
402,0,39790,128,0,39822:0:0:0:0:
475,192,39790,1,0,0:0:0:0:
36,192,39917,1,0,0:0:0:0:
109,0,39917,128,0,39949:0:0:0:0:
256,0,39917,128,0,39949:0:0:0:0:
329,0,39917,128,0,39949:0:0:0:0:
475,192,39917,1,0,0:0:0:0:
109,0,40044,128,0,40076:0:0:0:0:
182,192,40044,1,0,0:0:0:0:
256,192,40044,1,0,0:0:0:0:
402,0,40044,128,0,40076:0:0:0:0:
475,0,40044,128,0,40076:0:0:0:0:
36,192,40171,1,0,0:0:0:0:
182,0,40171,128,0,40203:0:0:0:0:
256,192,40171,1,0,0:0:0:0:
329,192,40171,1,0,0:0:0:0:
402,0,40171,128,0,40203:0:0:0:0:
36,0,40298,128,0,40330:0:0:0:0:
256,192,40298,1,0,0:0:0:0:
329,0,40298,128,0,40330:0:0:0:0:
402,192,40298,1,0,0:0:0:0:
475,0,40298,128,0,40330:0:0:0:0:
36,0,40426,128,0,40457:0:0:0:0:
109,192,40426,1,0,0:0:0:0:
182,192,40426,1,0,0:0:0:0:
329,0,40426,128,0,40457:0:0:0:0:
402,0,40426,128,0,40457:0:0:0:0:
109,192,40553,1,0,0:0:0:0:
182,0,40553,128,0,40584:0:0:0:0:
256,0,40553,128,0,40584:0:0:0:0:
329,192,40553,1,0,0:0:0:0:
475,0,40553,128,0,40584:0:0:0:0:
36,192,40680,1,0,0:0:0:0:
256,192,40680,1,0,0:0:0:0:
329,0,40680,128,0,40712:0:0:0:0:
402,0,40680,128,0,40712:0:0:0:0:
475,0,40680,128,0,40712:0:0:0:0:
36,192,40807,1,0,0:0:0:0:
109,192,40807,1,0,0:0:0:0:
182,0,40807,128,0,40839:0:0:0:0:
329,0,40807,128,0,40839:0:0:0:0:
402,0,40807,128,0,40839:0:0:0:0:
36,0,40934,128,0,40966:0:0:0:0:
109,192,40934,1,0,0:0:0:0:
182,192,40934,1,0,0:0:0:0:
256,0,40934,128,0,40966:0:0:0:0:
475,0,40934,128,0,40966:0:0:0:0:
109,0,41061,128,0,41093:0:0:0:0:
182,192,41061,1,0,0:0:0:0:
256,0,41061,128,0,41093:0:0:0:0:
329,192,41061,1,0,0:0:0:0:
402,0,41061,128,0,41093:0:0:0:0:
36,0,41188,128,0,43159:0:0:0:0:
109,0,41188,128,0,43159:0:0:0:0:
402,0,41188,128,0,43159:0:0:0:0:
475,0,41188,128,0,43159:0:0:0:0:
182,0,42205,128,0,43159:0:0:0:0:
329,0,42205,128,0,43159:0:0:0:0:
182,192,43222,1,0,0:0:0:0:
256,0,43222,128,0,43519:0:0:0:0:
329,192,43222,1,0,0:0:0:0:
36,192,43349,1,0,0:0:0:0:
109,192,43349,1,0,0:0:0:0:
329,0,43349,128,0,43519:0:0:0:0:
402,192,43349,1,0,0:0:0:0:
475,192,43349,1,0,0:0:0:0:
109,192,43604,1,0,0:0:0:0:
182,0,43604,128,0,43900:0:0:0:0:
256,192,43604,1,0,0:0:0:0:
36,192,43731,1,0,0:0:0:0:
256,0,43731,128,0,43900:0:0:0:0:
329,192,43731,1,0,0:0:0:0:
402,192,43731,1,0,0:0:0:0:
475,192,43731,1,0,0:0:0:0:
36,192,43985,1,0,0:0:0:0:
182,192,43985,1,0,0:0:0:0:
109,0,43985,128,0,44281:0:0:0:0:
256,192,44112,1,0,0:0:0:0:
329,192,44112,1,0,0:0:0:0:
402,192,44112,1,0,0:0:0:0:
475,192,44112,1,0,0:0:0:0:
182,0,44112,128,0,44281:0:0:0:0:
36,0,44366,128,0,44663:0:0:0:0:
109,192,44366,1,0,0:0:0:0:
475,192,44366,1,0,0:0:0:0:
109,0,44493,128,0,44663:0:0:0:0:
182,192,44493,1,0,0:0:0:0:
256,192,44493,1,0,0:0:0:0:
329,192,44493,1,0,0:0:0:0:
402,192,44493,1,0,0:0:0:0:
256,192,44698,1,0,0:0:0:0:
329,192,44726,1,0,0:0:0:0:
402,192,44741,1,0,0:0:0:0:
475,192,44748,1,0,0:0:0:0:
182,192,44875,1,0,0:0:0:0:
256,192,44875,1,0,0:0:0:0:
329,192,44875,1,0,0:0:0:0:
109,192,45002,1,0,0:0:0:0:
182,192,45002,1,0,0:0:0:0:
256,192,45002,1,0,0:0:0:0:
36,192,45129,1,0,0:0:0:0:
109,192,45129,1,0,0:0:0:0:
182,192,45129,1,0,0:0:0:0:
475,192,45256,1,0,0:0:0:0:
182,0,45256,128,0,46273:0:0:0:0:
109,0,45256,128,0,47290:0:0:0:0:
36,0,45256,128,0,49324:0:0:0:0:
402,192,45298,1,0,0:0:0:0:
329,192,45341,1,0,0:0:0:0:
256,192,45383,1,0,0:0:0:0:
475,192,45383,1,0,0:0:0:0:
402,192,45426,1,0,0:0:0:0:
329,192,45468,1,0,0:0:0:0:
256,192,45510,1,0,0:0:0:0:
475,192,45510,1,0,0:0:0:0:
402,192,45553,1,0,0:0:0:0:
329,192,45595,1,0,0:0:0:0:
256,192,45637,1,0,0:0:0:0:
475,192,45637,1,0,0:0:0:0:
402,192,45680,1,0,0:0:0:0:
329,192,45722,1,0,0:0:0:0:
256,192,45765,1,0,0:0:0:0:
475,192,45765,1,0,0:0:0:0:
402,192,45807,1,0,0:0:0:0:
329,192,45849,1,0,0:0:0:0:
256,192,45892,1,0,0:0:0:0:
475,192,45892,1,0,0:0:0:0:
402,192,45934,1,0,0:0:0:0:
329,192,45976,1,0,0:0:0:0:
256,192,46019,1,0,0:0:0:0:
475,192,46019,1,0,0:0:0:0:
402,192,46061,1,0,0:0:0:0:
329,192,46104,1,0,0:0:0:0:
256,192,46146,1,0,0:0:0:0:
475,192,46146,1,0,0:0:0:0:
329,192,46188,1,0,0:0:0:0:
402,192,46231,1,0,0:0:0:0:
256,0,46273,128,0,46781:0:0:0:0:
475,192,46273,1,0,0:0:0:0:
182,192,46315,1,0,0:0:0:0:
329,192,46358,1,0,0:0:0:0:
402,192,46400,1,0,0:0:0:0:
182,192,46443,1,0,0:0:0:0:
475,192,46443,1,0,0:0:0:0:
329,192,46485,1,0,0:0:0:0:
402,192,46527,1,0,0:0:0:0:
182,192,46570,1,0,0:0:0:0:
475,192,46570,1,0,0:0:0:0:
329,192,46612,1,0,0:0:0:0:
402,192,46654,1,0,0:0:0:0:
182,192,46697,1,0,0:0:0:0:
475,192,46697,1,0,0:0:0:0:
402,192,46739,1,0,0:0:0:0:
475,192,46781,1,0,0:0:0:0:
329,0,46781,128,0,47290:0:0:0:0:
402,192,46824,1,0,0:0:0:0:
256,192,46866,1,0,0:0:0:0:
182,192,46909,1,0,0:0:0:0:
475,192,46909,1,0,0:0:0:0:
402,192,46951,1,0,0:0:0:0:
256,192,46993,1,0,0:0:0:0:
182,192,47036,1,0,0:0:0:0:
475,192,47036,1,0,0:0:0:0:
256,192,47078,1,0,0:0:0:0:
402,192,47120,1,0,0:0:0:0:
182,192,47163,1,0,0:0:0:0:
475,192,47163,1,0,0:0:0:0:
256,192,47205,1,0,0:0:0:0:
402,192,47248,1,0,0:0:0:0:
402,0,47290,128,0,47798:0:0:0:0:
475,192,47290,1,0,0:0:0:0:
182,0,47290,128,0,49324:0:0:0:0:
329,192,47332,1,0,0:0:0:0:
256,192,47375,1,0,0:0:0:0:
109,192,47417,1,0,0:0:0:0:
475,192,47417,1,0,0:0:0:0:
329,192,47459,1,0,0:0:0:0:
256,192,47502,1,0,0:0:0:0:
109,192,47544,1,0,0:0:0:0:
475,192,47544,1,0,0:0:0:0:
329,192,47587,1,0,0:0:0:0:
256,192,47629,1,0,0:0:0:0:
109,192,47671,1,0,0:0:0:0:
475,192,47671,1,0,0:0:0:0:
329,192,47714,1,0,0:0:0:0:
256,192,47756,1,0,0:0:0:0:
109,192,47798,1,0,0:0:0:0:
475,192,47798,1,0,0:0:0:0:
329,0,47798,128,0,48307:0:0:0:0:
256,192,47841,1,0,0:0:0:0:
402,192,47883,1,0,0:0:0:0:
109,192,47926,1,0,0:0:0:0:
475,192,47926,1,0,0:0:0:0:
256,192,47968,1,0,0:0:0:0:
402,192,48010,1,0,0:0:0:0:
109,192,48053,1,0,0:0:0:0:
475,192,48053,1,0,0:0:0:0:
256,192,48095,1,0,0:0:0:0:
402,192,48137,1,0,0:0:0:0:
109,192,48180,1,0,0:0:0:0:
475,192,48180,1,0,0:0:0:0:
256,192,48222,1,0,0:0:0:0:
402,192,48265,1,0,0:0:0:0:
109,192,48307,1,0,0:0:0:0:
256,0,48307,128,0,48815:0:0:0:0:
475,192,48307,1,0,0:0:0:0:
402,192,48349,1,0,0:0:0:0:
329,192,48392,1,0,0:0:0:0:
109,192,48434,1,0,0:0:0:0:
475,192,48434,1,0,0:0:0:0:
402,192,48476,1,0,0:0:0:0:
329,192,48519,1,0,0:0:0:0:
109,192,48561,1,0,0:0:0:0:
475,192,48561,1,0,0:0:0:0:
402,192,48604,1,0,0:0:0:0:
329,192,48646,1,0,0:0:0:0:
109,192,48688,1,0,0:0:0:0:
475,192,48688,1,0,0:0:0:0:
329,192,48731,1,0,0:0:0:0:
402,192,48773,1,0,0:0:0:0:
109,192,48815,1,0,0:0:0:0:
475,192,48815,1,0,0:0:0:0:
329,0,48815,128,0,49324:0:0:0:0:
256,192,48858,1,0,0:0:0:0:
402,192,48900,1,0,0:0:0:0:
109,192,48943,1,0,0:0:0:0:
475,192,48943,1,0,0:0:0:0:
256,192,48985,1,0,0:0:0:0:
402,192,49027,1,0,0:0:0:0:
109,192,49070,1,0,0:0:0:0:
475,192,49070,1,0,0:0:0:0:
256,192,49112,1,0,0:0:0:0:
402,192,49154,1,0,0:0:0:0:
109,192,49197,1,0,0:0:0:0:
475,192,49197,1,0,0:0:0:0:
256,192,49239,1,0,0:0:0:0:
402,192,49281,1,0,0:0:0:0:
475,192,49324,1,0,0:0:0:0:
402,0,49324,128,0,50341:0:0:0:0:
256,0,49324,128,0,51358:0:0:0:0:
109,0,49324,128,0,53392:0:0:0:0:
329,192,49366,1,0,0:0:0:0:
182,192,49409,1,0,0:0:0:0:
36,192,49451,1,0,0:0:0:0:
475,192,49451,1,0,0:0:0:0:
329,192,49493,1,0,0:0:0:0:
182,192,49536,1,0,0:0:0:0:
36,192,49578,1,0,0:0:0:0:
475,192,49578,1,0,0:0:0:0:
329,192,49620,1,0,0:0:0:0:
182,192,49663,1,0,0:0:0:0:
36,192,49705,1,0,0:0:0:0:
475,192,49705,1,0,0:0:0:0:
329,192,49748,1,0,0:0:0:0:
182,192,49790,1,0,0:0:0:0:
36,192,49832,1,0,0:0:0:0:
475,192,49832,1,0,0:0:0:0:
329,192,49875,1,0,0:0:0:0:
182,192,49917,1,0,0:0:0:0:
36,192,49959,1,0,0:0:0:0:
475,192,49959,1,0,0:0:0:0:
329,192,50002,1,0,0:0:0:0:
182,192,50044,1,0,0:0:0:0:
36,192,50087,1,0,0:0:0:0:
475,192,50087,1,0,0:0:0:0:
329,192,50129,1,0,0:0:0:0:
182,192,50171,1,0,0:0:0:0:
36,192,50214,1,0,0:0:0:0:
475,192,50214,1,0,0:0:0:0:
329,192,50256,1,0,0:0:0:0:
182,192,50298,1,0,0:0:0:0:
36,192,50341,1,0,0:0:0:0:
329,0,50341,128,0,50849:0:0:0:0:
475,192,50341,1,0,0:0:0:0:
402,192,50383,1,0,0:0:0:0:
182,192,50426,1,0,0:0:0:0:
36,192,50468,1,0,0:0:0:0:
475,192,50468,1,0,0:0:0:0:
402,192,50510,1,0,0:0:0:0:
182,192,50553,1,0,0:0:0:0:
36,192,50595,1,0,0:0:0:0:
475,192,50595,1,0,0:0:0:0:
402,192,50637,1,0,0:0:0:0:
182,192,50680,1,0,0:0:0:0:
36,192,50722,1,0,0:0:0:0:
475,192,50722,1,0,0:0:0:0:
402,192,50765,1,0,0:0:0:0:
182,192,50807,1,0,0:0:0:0:
36,192,50849,1,0,0:0:0:0:
402,192,50849,1,0,0:0:0:0:
475,0,50849,128,0,51358:0:0:0:0:
182,192,50892,1,0,0:0:0:0:
329,192,50934,1,0,0:0:0:0:
36,192,50976,1,0,0:0:0:0:
402,192,50976,1,0,0:0:0:0:
182,192,51019,1,0,0:0:0:0:
329,192,51061,1,0,0:0:0:0:
36,192,51104,1,0,0:0:0:0:
402,192,51104,1,0,0:0:0:0:
329,192,51146,1,0,0:0:0:0:
182,192,51188,1,0,0:0:0:0:
36,192,51231,1,0,0:0:0:0:
402,192,51231,1,0,0:0:0:0:
329,192,51273,1,0,0:0:0:0:
182,192,51315,1,0,0:0:0:0:
36,192,51358,1,0,0:0:0:0:
182,0,51358,128,0,52375:0:0:0:0:
329,0,51358,128,0,52375:0:0:0:0:
402,0,51358,128,0,53392:0:0:0:0:
256,192,51400,1,0,0:0:0:0:
475,192,51443,1,0,0:0:0:0:
36,192,51485,1,0,0:0:0:0:
256,192,51527,1,0,0:0:0:0:
475,192,51570,1,0,0:0:0:0:
36,192,51612,1,0,0:0:0:0:
256,192,51654,1,0,0:0:0:0:
475,192,51697,1,0,0:0:0:0:
36,192,51739,1,0,0:0:0:0:
256,192,51781,1,0,0:0:0:0:
475,192,51824,1,0,0:0:0:0:
36,192,51866,1,0,0:0:0:0:
475,192,51866,1,0,0:0:0:0:
256,192,51909,1,0,0:0:0:0:
36,192,51951,1,0,0:0:0:0:
475,192,51993,1,0,0:0:0:0:
256,192,52036,1,0,0:0:0:0:
36,192,52078,1,0,0:0:0:0:
475,192,52120,1,0,0:0:0:0:
256,192,52163,1,0,0:0:0:0:
36,192,52205,1,0,0:0:0:0:
475,192,52248,1,0,0:0:0:0:
256,192,52290,1,0,0:0:0:0:
36,192,52332,1,0,0:0:0:0:
256,192,52375,1,0,0:0:0:0:
36,0,52375,128,0,53392:0:0:0:0:
475,0,52375,128,0,53392:0:0:0:0:
329,192,52417,1,0,0:0:0:0:
182,192,52459,1,0,0:0:0:0:
256,192,52502,1,0,0:0:0:0:
329,192,52544,1,0,0:0:0:0:
182,192,52587,1,0,0:0:0:0:
256,192,52629,1,0,0:0:0:0:
329,192,52671,1,0,0:0:0:0:
182,192,52714,1,0,0:0:0:0:
256,192,52756,1,0,0:0:0:0:
329,192,52798,1,0,0:0:0:0:
182,192,52841,1,0,0:0:0:0:
256,192,52883,1,0,0:0:0:0:
182,192,52926,1,0,0:0:0:0:
329,192,52968,1,0,0:0:0:0:
256,192,53010,1,0,0:0:0:0:
182,192,53053,1,0,0:0:0:0:
329,192,53095,1,0,0:0:0:0:
256,192,53137,1,0,0:0:0:0:
182,192,53180,1,0,0:0:0:0:
329,192,53222,1,0,0:0:0:0:
256,192,53265,1,0,0:0:0:0:
182,192,53307,1,0,0:0:0:0:
329,192,53349,1,0,0:0:0:0:
256,192,53392,1,0,0:0:0:0:
36,192,53646,1,0,0:0:0:0:
109,192,53646,1,0,0:0:0:0:
256,192,53646,1,0,0:0:0:0:
329,192,53646,1,0,0:0:0:0:
475,0,53646,128,0,53900:0:0:0:0:
36,192,53900,1,0,0:0:0:0:
402,0,53900,128,0,54027:0:0:0:0:
109,192,54027,1,0,0:0:0:0:
182,192,54027,1,0,0:0:0:0:
256,192,54027,1,0,0:0:0:0:
329,0,54027,128,0,54281:0:0:0:0:
36,192,54154,1,0,0:0:0:0:
36,192,54281,1,0,0:0:0:0:
109,192,54281,1,0,0:0:0:0:
182,192,54281,1,0,0:0:0:0:
402,192,54281,1,0,0:0:0:0:
475,192,54281,1,0,0:0:0:0:
256,0,54281,128,0,54536:0:0:0:0:
109,192,54536,1,0,0:0:0:0:
329,0,54536,128,0,54663:0:0:0:0:
402,192,54536,1,0,0:0:0:0:
36,192,54663,1,0,0:0:0:0:
256,0,54663,128,0,54790:0:0:0:0:
475,192,54663,1,0,0:0:0:0:
36,192,54790,1,0,0:0:0:0:
109,0,54790,128,0,55044:0:0:0:0:
182,192,54790,1,0,0:0:0:0:
329,192,54790,1,0,0:0:0:0:
402,192,54790,1,0,0:0:0:0:
475,192,54790,1,0,0:0:0:0:
36,192,55044,1,0,0:0:0:0:
182,0,55044,128,0,55171:0:0:0:0:
475,192,55044,1,0,0:0:0:0:
109,192,55171,1,0,0:0:0:0:
256,0,55171,128,0,55298:0:0:0:0:
329,192,55171,1,0,0:0:0:0:
402,192,55171,1,0,0:0:0:0:
36,192,55298,1,0,0:0:0:0:
475,192,55298,1,0,0:0:0:0:
329,0,55298,128,0,55426:0:0:0:0:
256,192,55426,1,0,0:0:0:0:
402,0,55426,128,0,55553:0:0:0:0:
36,192,55680,1,0,0:0:0:0:
109,192,55680,1,0,0:0:0:0:
256,192,55680,1,0,0:0:0:0:
329,192,55680,1,0,0:0:0:0:
475,0,55680,128,0,55712:0:0:0:0:
36,192,55934,1,0,0:0:0:0:
402,0,55934,128,0,55966:0:0:0:0:
109,192,56061,1,0,0:0:0:0:
182,192,56061,1,0,0:0:0:0:
256,192,56061,1,0,0:0:0:0:
329,0,56061,128,0,56093:0:0:0:0:
36,192,56188,1,0,0:0:0:0:
36,192,56315,1,0,0:0:0:0:
109,192,56315,1,0,0:0:0:0:
182,192,56315,1,0,0:0:0:0:
256,0,56315,128,0,56347:0:0:0:0:
402,192,56315,1,0,0:0:0:0:
475,192,56315,1,0,0:0:0:0:
109,192,56570,1,0,0:0:0:0:
329,0,56570,128,0,56601:0:0:0:0:
402,192,56570,1,0,0:0:0:0:
182,192,56697,1,0,0:0:0:0:
329,192,56697,1,0,0:0:0:0:
475,0,56697,128,0,56729:0:0:0:0:
36,0,56824,128,0,56856:0:0:0:0:
109,192,56824,1,0,0:0:0:0:
182,192,56824,1,0,0:0:0:0:
256,192,56824,1,0,0:0:0:0:
329,192,56824,1,0,0:0:0:0:
402,192,56824,1,0,0:0:0:0:
475,192,56824,1,0,0:0:0:0:
36,192,57078,1,0,0:0:0:0:
182,0,57078,128,0,57110:0:0:0:0:
475,192,57078,1,0,0:0:0:0:
109,192,57205,1,0,0:0:0:0:
182,192,57205,1,0,0:0:0:0:
256,0,57205,128,0,57237:0:0:0:0:
329,192,57205,1,0,0:0:0:0:
402,192,57205,1,0,0:0:0:0:
36,192,57332,1,0,0:0:0:0:
329,0,57332,128,0,57364:0:0:0:0:
475,192,57332,1,0,0:0:0:0:
256,192,57459,1,0,0:0:0:0:
402,0,57459,128,0,57587:0:0:0:0:
36,192,57714,1,0,0:0:0:0:
109,192,57714,1,0,0:0:0:0:
256,192,57714,1,0,0:0:0:0:
329,192,57714,1,0,0:0:0:0:
475,0,57714,128,0,57968:0:0:0:0:
36,192,57968,1,0,0:0:0:0:
402,0,57968,128,0,58095:0:0:0:0:
109,192,58095,1,0,0:0:0:0:
182,192,58095,1,0,0:0:0:0:
256,192,58095,1,0,0:0:0:0:
329,0,58095,128,0,58349:0:0:0:0:
36,192,58222,1,0,0:0:0:0:
36,192,58349,1,0,0:0:0:0:
109,192,58349,1,0,0:0:0:0:
182,192,58349,1,0,0:0:0:0:
402,192,58349,1,0,0:0:0:0:
475,192,58349,1,0,0:0:0:0:
256,0,58349,128,0,58604:0:0:0:0:
109,192,58604,1,0,0:0:0:0:
329,0,58604,128,0,58731:0:0:0:0:
402,192,58604,1,0,0:0:0:0:
36,192,58731,1,0,0:0:0:0:
256,0,58731,128,0,58858:0:0:0:0:
475,192,58731,1,0,0:0:0:0:
36,192,58858,1,0,0:0:0:0:
109,0,58858,128,0,59112:0:0:0:0:
182,192,58858,1,0,0:0:0:0:
329,192,58858,1,0,0:0:0:0:
402,192,58858,1,0,0:0:0:0:
475,192,58858,1,0,0:0:0:0:
36,192,59112,1,0,0:0:0:0:
182,0,59112,128,0,59239:0:0:0:0:
329,192,59112,1,0,0:0:0:0:
109,192,59239,1,0,0:0:0:0:
256,0,59239,128,0,59366:0:0:0:0:
402,192,59239,1,0,0:0:0:0:
182,192,59366,1,0,0:0:0:0:
475,192,59366,1,0,0:0:0:0:
329,0,59366,128,0,59493:0:0:0:0:
36,192,59493,1,0,0:0:0:0:
109,192,59493,1,0,0:0:0:0:
256,192,59493,1,0,0:0:0:0:
402,192,59493,1,0,0:0:0:0:
475,192,59557,1,0,0:0:0:0:
36,192,59620,1,0,0:0:0:0:
475,192,59684,1,0,0:0:0:0:
36,192,59748,1,0,0:0:0:0:
475,192,59811,1,0,0:0:0:0:
36,192,59875,1,0,0:0:0:0:
109,192,59875,1,0,0:0:0:0:
182,192,59875,1,0,0:0:0:0:
329,192,59875,1,0,0:0:0:0:
402,192,59875,1,0,0:0:0:0:
475,192,59938,1,0,0:0:0:0:
36,192,60002,1,0,0:0:0:0:
109,192,60002,1,0,0:0:0:0:
256,192,60002,1,0,0:0:0:0:
402,192,60002,1,0,0:0:0:0:
475,192,60065,1,0,0:0:0:0:
36,192,60129,1,0,0:0:0:0:
182,192,60129,1,0,0:0:0:0:
256,192,60129,1,0,0:0:0:0:
329,192,60129,1,0,0:0:0:0:
475,192,60193,1,0,0:0:0:0:
36,192,60256,1,0,0:0:0:0:
109,192,60256,1,0,0:0:0:0:
182,192,60256,1,0,0:0:0:0:
256,192,60256,1,0,0:0:0:0:
329,192,60256,1,0,0:0:0:0:
402,192,60320,1,0,0:0:0:0:
109,192,60383,1,0,0:0:0:0:
402,192,60447,1,0,0:0:0:0:
36,192,60510,1,0,0:0:0:0:
109,192,60510,1,0,0:0:0:0:
182,192,60510,1,0,0:0:0:0:
256,192,60510,1,0,0:0:0:0:
329,192,60510,1,0,0:0:0:0:
475,192,60510,1,0,0:0:0:0:
402,192,60574,1,0,0:0:0:0:
109,192,60637,1,0,0:0:0:0:
402,192,60701,1,0,0:0:0:0:
109,192,60765,1,0,0:0:0:0:
402,192,60828,1,0,0:0:0:0:
109,192,60892,1,0,0:0:0:0:
402,192,60955,1,0,0:0:0:0:
36,192,61019,1,0,0:0:0:0:
109,192,61019,1,0,0:0:0:0:
182,192,61019,1,0,0:0:0:0:
256,192,61019,1,0,0:0:0:0:
475,192,61019,1,0,0:0:0:0:
329,192,61082,1,0,0:0:0:0:
182,192,61146,1,0,0:0:0:0:
329,192,61209,1,0,0:0:0:0:
182,192,61273,1,0,0:0:0:0:
329,192,61337,1,0,0:0:0:0:
36,192,61400,1,0,0:0:0:0:
109,192,61400,1,0,0:0:0:0:
182,192,61400,1,0,0:0:0:0:
402,192,61400,1,0,0:0:0:0:
475,192,61400,1,0,0:0:0:0:
329,192,61464,1,0,0:0:0:0:
36,192,61527,1,0,0:0:0:0:
182,192,61527,1,0,0:0:0:0:
256,192,61527,1,0,0:0:0:0:
475,192,61527,1,0,0:0:0:0:
329,192,61591,1,0,0:0:0:0:
109,192,61654,1,0,0:0:0:0:
182,192,61654,1,0,0:0:0:0:
256,192,61654,1,0,0:0:0:0:
402,192,61654,1,0,0:0:0:0:
329,192,61718,1,0,0:0:0:0:
36,192,61781,1,0,0:0:0:0:
182,192,61781,1,0,0:0:0:0:
256,192,61781,1,0,0:0:0:0:
402,192,61781,1,0,0:0:0:0:
475,192,61781,1,0,0:0:0:0:
109,192,61845,1,0,0:0:0:0:
402,192,61909,1,0,0:0:0:0:
109,192,61972,1,0,0:0:0:0:
36,192,62036,1,0,0:0:0:0:
182,192,62036,1,0,0:0:0:0:
256,192,62036,1,0,0:0:0:0:
329,192,62036,1,0,0:0:0:0:
402,192,62036,1,0,0:0:0:0:
475,192,62036,1,0,0:0:0:0:
109,192,62099,1,0,0:0:0:0:
402,192,62163,1,0,0:0:0:0:
109,192,62226,1,0,0:0:0:0:
402,192,62290,1,0,0:0:0:0:
109,192,62354,1,0,0:0:0:0:
402,192,62417,1,0,0:0:0:0:
109,192,62481,1,0,0:0:0:0:
36,0,62544,128,0,62608:0:0:0:0:
182,0,62544,128,0,62608:0:0:0:0:
329,0,62608,128,0,62671:0:0:0:0:
475,0,62608,128,0,62671:0:0:0:0:
36,0,62671,128,0,62735:0:0:0:0:
182,0,62671,128,0,62735:0:0:0:0:
329,0,62735,128,0,62798:0:0:0:0:
475,0,62735,128,0,62798:0:0:0:0:
36,0,62798,128,0,62862:0:0:0:0:
182,0,62798,128,0,62862:0:0:0:0:
329,0,62862,128,0,62926:0:0:0:0:
475,0,62862,128,0,62926:0:0:0:0:
36,0,62926,128,0,62989:0:0:0:0:
182,0,62926,128,0,62989:0:0:0:0:
329,0,62989,128,0,63053:0:0:0:0:
475,0,62989,128,0,63053:0:0:0:0:
36,0,63053,128,0,63116:0:0:0:0:
182,0,63053,128,0,63116:0:0:0:0:
329,0,63116,128,0,63180:0:0:0:0:
475,0,63116,128,0,63180:0:0:0:0:
36,0,63180,128,0,63243:0:0:0:0:
182,0,63180,128,0,63243:0:0:0:0:
329,0,63243,128,0,63307:0:0:0:0:
475,0,63243,128,0,63307:0:0:0:0:
36,0,63307,128,0,63370:0:0:0:0:
182,0,63307,128,0,63370:0:0:0:0:
329,0,63370,128,0,63434:0:0:0:0:
475,0,63370,128,0,63434:0:0:0:0:
36,0,63434,128,0,63498:0:0:0:0:
182,0,63434,128,0,63498:0:0:0:0:
329,0,63498,128,0,63561:0:0:0:0:
475,0,63498,128,0,63561:0:0:0:0:
36,0,63561,128,0,63625:0:0:0:0:
182,0,63561,128,0,63625:0:0:0:0:
256,0,63561,128,0,64006:0:0:0:0:
329,0,63625,128,0,63688:0:0:0:0:
475,0,63625,128,0,63688:0:0:0:0:
36,0,63688,128,0,63752:0:0:0:0:
182,0,63688,128,0,63752:0:0:0:0:
329,0,63752,128,0,63815:0:0:0:0:
475,0,63752,128,0,63815:0:0:0:0:
36,0,63815,128,0,63879:0:0:0:0:
182,0,63815,128,0,63879:0:0:0:0:
329,0,63879,128,0,63943:0:0:0:0:
475,0,63879,128,0,63943:0:0:0:0:
36,0,63943,128,0,64006:0:0:0:0:
182,0,63943,128,0,64006:0:0:0:0:
329,0,64006,128,0,64070:0:0:0:0:
475,0,64006,128,0,64070:0:0:0:0:
36,0,64070,128,0,64133:0:0:0:0:
182,0,64070,128,0,64133:0:0:0:0:
256,0,64070,128,0,64515:0:0:0:0:
329,0,64133,128,0,64197:0:0:0:0:
475,0,64133,128,0,64197:0:0:0:0:
36,0,64197,128,0,64260:0:0:0:0:
182,0,64197,128,0,64260:0:0:0:0:
329,0,64260,128,0,64324:0:0:0:0:
475,0,64260,128,0,64324:0:0:0:0:
36,0,64324,128,0,64387:0:0:0:0:
182,0,64324,128,0,64387:0:0:0:0:
329,0,64387,128,0,64451:0:0:0:0:
475,0,64387,128,0,64451:0:0:0:0:
36,0,64451,128,0,64515:0:0:0:0:
182,0,64451,128,0,64515:0:0:0:0:
329,0,64515,128,0,64578:0:0:0:0:
475,0,64515,128,0,64578:0:0:0:0:
36,0,64578,128,0,64642:0:0:0:0:
182,0,64578,128,0,64642:0:0:0:0:
402,0,64578,128,0,64642:0:0:0:0:
256,0,64578,128,0,66612:0:0:0:0:
109,0,64642,128,0,64705:0:0:0:0:
329,0,64642,128,0,64705:0:0:0:0:
475,0,64642,128,0,64705:0:0:0:0:
36,0,64705,128,0,64769:0:0:0:0:
182,0,64705,128,0,64769:0:0:0:0:
402,0,64705,128,0,64769:0:0:0:0:
109,0,64769,128,0,64832:0:0:0:0:
329,0,64769,128,0,64832:0:0:0:0:
475,0,64769,128,0,64832:0:0:0:0:
36,0,64832,128,0,64896:0:0:0:0:
182,0,64832,128,0,64896:0:0:0:0:
402,0,64832,128,0,64896:0:0:0:0:
109,0,64896,128,0,64959:0:0:0:0:
329,0,64896,128,0,64959:0:0:0:0:
475,0,64896,128,0,64959:0:0:0:0:
36,0,64959,128,0,65023:0:0:0:0:
182,0,64959,128,0,65023:0:0:0:0:
402,0,64959,128,0,65023:0:0:0:0:
109,0,65023,128,0,65087:0:0:0:0:
329,0,65023,128,0,65087:0:0:0:0:
475,0,65023,128,0,65087:0:0:0:0:
36,0,65087,128,0,65150:0:0:0:0:
182,0,65087,128,0,65150:0:0:0:0:
402,0,65087,128,0,65150:0:0:0:0:
109,0,65150,128,0,65214:0:0:0:0:
329,0,65150,128,0,65214:0:0:0:0:
475,0,65150,128,0,65214:0:0:0:0:
36,0,65214,128,0,65277:0:0:0:0:
182,0,65214,128,0,65277:0:0:0:0:
402,0,65214,128,0,65277:0:0:0:0:
109,0,65277,128,0,65341:0:0:0:0:
329,0,65277,128,0,65341:0:0:0:0:
475,0,65277,128,0,65341:0:0:0:0:
36,0,65341,128,0,65404:0:0:0:0:
182,0,65341,128,0,65404:0:0:0:0:
402,0,65341,128,0,65404:0:0:0:0:
109,0,65404,128,0,65468:0:0:0:0:
329,0,65404,128,0,65468:0:0:0:0:
475,0,65404,128,0,65468:0:0:0:0:
36,0,65468,128,0,65531:0:0:0:0:
182,0,65468,128,0,65531:0:0:0:0:
402,0,65468,128,0,65531:0:0:0:0:
109,0,65531,128,0,65595:0:0:0:0:
329,0,65531,128,0,65595:0:0:0:0:
475,0,65531,128,0,65595:0:0:0:0:
36,0,65595,128,0,65659:0:0:0:0:
182,0,65595,128,0,65659:0:0:0:0:
402,0,65595,128,0,65659:0:0:0:0:
109,0,65659,128,0,65722:0:0:0:0:
329,0,65659,128,0,65722:0:0:0:0:
475,0,65659,128,0,65722:0:0:0:0:
36,0,65722,128,0,65786:0:0:0:0:
182,0,65722,128,0,65786:0:0:0:0:
402,0,65722,128,0,65786:0:0:0:0:
109,0,65786,128,0,65849:0:0:0:0:
329,0,65786,128,0,65849:0:0:0:0:
475,0,65786,128,0,65849:0:0:0:0:
36,0,65849,128,0,65913:0:0:0:0:
182,0,65849,128,0,65913:0:0:0:0:
402,0,65849,128,0,65913:0:0:0:0:
109,0,65913,128,0,65976:0:0:0:0:
329,0,65913,128,0,65976:0:0:0:0:
475,0,65913,128,0,65976:0:0:0:0:
36,0,65976,128,0,66040:0:0:0:0:
182,0,65976,128,0,66040:0:0:0:0:
402,0,65976,128,0,66040:0:0:0:0:
109,0,66040,128,0,66104:0:0:0:0:
329,0,66040,128,0,66104:0:0:0:0:
475,0,66040,128,0,66104:0:0:0:0:
36,0,66104,128,0,66167:0:0:0:0:
182,0,66104,128,0,66167:0:0:0:0:
402,0,66104,128,0,66167:0:0:0:0:
109,0,66167,128,0,66231:0:0:0:0:
329,0,66167,128,0,66231:0:0:0:0:
475,0,66167,128,0,66231:0:0:0:0:
36,0,66231,128,0,66294:0:0:0:0:
182,0,66231,128,0,66294:0:0:0:0:
402,0,66231,128,0,66294:0:0:0:0:
109,0,66294,128,0,66358:0:0:0:0:
329,0,66294,128,0,66358:0:0:0:0:
475,0,66294,128,0,66358:0:0:0:0:
36,0,66358,128,0,66421:0:0:0:0:
182,0,66358,128,0,66421:0:0:0:0:
402,0,66358,128,0,66421:0:0:0:0:
109,0,66421,128,0,66485:0:0:0:0:
329,0,66421,128,0,66485:0:0:0:0:
475,0,66421,128,0,66485:0:0:0:0:
36,0,66485,128,0,66548:0:0:0:0:
182,0,66485,128,0,66548:0:0:0:0:
402,0,66485,128,0,66612:0:0:0:0:
329,192,66548,1,0,0:0:0:0:
109,0,66548,128,0,66612:0:0:0:0:
475,0,66548,128,0,66612:0:0:0:0:
36,192,66612,1,0,0:0:0:0:
182,192,66612,1,0,0:0:0:0:
329,0,66612,128,0,67375:0:0:0:0:
36,192,66866,1,0,0:0:0:0:
402,192,66993,1,0,0:0:0:0:
475,192,66993,1,0,0:0:0:0:
36,192,67248,1,0,0:0:0:0:
402,192,67248,1,0,0:0:0:0:
475,192,67248,1,0,0:0:0:0:
109,192,67375,1,0,0:0:0:0:
182,192,67375,1,0,0:0:0:0:
256,192,67375,1,0,0:0:0:0:
36,0,67375,128,0,67883:0:0:0:0:
329,192,67629,1,0,0:0:0:0:
402,192,67629,1,0,0:0:0:0:
329,192,67883,1,0,0:0:0:0:
402,192,67883,1,0,0:0:0:0:
475,0,67883,128,0,68106:0:0:0:0:
36,192,68137,1,0,0:0:0:0:
182,192,68137,1,0,0:0:0:0:
256,192,68137,1,0,0:0:0:0:
475,0,68137,128,0,68646:0:0:0:0:
36,192,68392,1,0,0:0:0:0:
182,192,68519,1,0,0:0:0:0:
256,192,68519,1,0,0:0:0:0:
402,0,68646,128,0,68773:0:0:0:0:
36,192,68773,1,0,0:0:0:0:
182,192,68773,1,0,0:0:0:0:
256,192,68773,1,0,0:0:0:0:
329,0,68773,128,0,68900:0:0:0:0:
36,192,68900,1,0,0:0:0:0:
109,192,68900,1,0,0:0:0:0:
402,0,68900,128,0,69409:0:0:0:0:
256,192,69154,1,0,0:0:0:0:
329,192,69154,1,0,0:0:0:0:
475,192,69154,1,0,0:0:0:0:
109,0,69409,128,0,69536:0:0:0:0:
256,192,69409,1,0,0:0:0:0:
329,192,69409,1,0,0:0:0:0:
475,192,69409,1,0,0:0:0:0:
182,0,69536,128,0,69663:0:0:0:0:
36,192,69663,1,0,0:0:0:0:
256,0,69663,128,0,69917:0:0:0:0:
329,192,69663,1,0,0:0:0:0:
402,192,69663,1,0,0:0:0:0:
36,192,69917,1,0,0:0:0:0:
182,0,69917,128,0,70171:0:0:0:0:
329,192,70044,1,0,0:0:0:0:
402,192,70044,1,0,0:0:0:0:
109,0,70171,128,0,70426:0:0:0:0:
36,192,70298,1,0,0:0:0:0:
329,192,70298,1,0,0:0:0:0:
402,192,70298,1,0,0:0:0:0:
182,192,70426,1,0,0:0:0:0:
256,192,70426,1,0,0:0:0:0:
475,0,70426,128,0,70680:0:0:0:0:
109,192,70680,1,0,0:0:0:0:
256,192,70680,1,0,0:0:0:0:
329,0,70680,128,0,70934:0:0:0:0:
402,192,70680,1,0,0:0:0:0:
36,0,70934,128,0,71188:0:0:0:0:
109,0,70934,128,0,70966:0:0:0:0:
256,192,70934,1,0,0:0:0:0:
402,192,70934,1,0,0:0:0:0:
182,0,71061,128,0,71093:0:0:0:0:
109,192,71188,1,0,0:0:0:0:
256,0,71188,128,0,71220:0:0:0:0:
402,192,71188,1,0,0:0:0:0:
475,192,71188,1,0,0:0:0:0:
182,0,71188,128,0,72396:0:0:0:0:
109,192,71443,1,0,0:0:0:0:
329,0,71443,128,0,71474:0:0:0:0:
36,192,71570,1,0,0:0:0:0:
475,192,71570,1,0,0:0:0:0:
402,0,71697,128,0,71729:0:0:0:0:
36,192,71824,1,0,0:0:0:0:
109,192,71824,1,0,0:0:0:0:
475,192,71824,1,0,0:0:0:0:
36,192,71951,1,0,0:0:0:0:
109,192,71951,1,0,0:0:0:0:
329,0,71951,128,0,71983:0:0:0:0:
402,0,72015,128,0,72046:0:0:0:0:
329,0,72078,128,0,72110:0:0:0:0:
256,0,72205,128,0,72237:0:0:0:0:
329,192,72205,1,0,0:0:0:0:
402,192,72205,1,0,0:0:0:0:
475,192,72205,1,0,0:0:0:0:
36,0,72459,128,0,72491:0:0:0:0:
329,192,72459,1,0,0:0:0:0:
402,192,72459,1,0,0:0:0:0:
475,192,72459,1,0,0:0:0:0:
182,0,72459,128,0,72714:0:0:0:0:
256,0,72587,128,0,72714:0:0:0:0:
36,192,72714,1,0,0:0:0:0:
109,192,72714,1,0,0:0:0:0:
329,0,72714,128,0,72968:0:0:0:0:
402,192,72714,1,0,0:0:0:0:
36,0,72968,128,0,73222:0:0:0:0:
402,192,72968,1,0,0:0:0:0:
182,192,73095,1,0,0:0:0:0:
256,192,73095,1,0,0:0:0:0:
475,0,73222,128,0,73476:0:0:0:0:
182,192,73349,1,0,0:0:0:0:
256,192,73349,1,0,0:0:0:0:
402,192,73349,1,0,0:0:0:0:
109,192,73476,1,0,0:0:0:0:
329,192,73476,1,0,0:0:0:0:
256,0,73476,128,0,73731:0:0:0:0:
36,192,73731,1,0,0:0:0:0:
109,192,73731,1,0,0:0:0:0:
182,0,73731,128,0,73985:0:0:0:0:
329,0,73731,128,0,73985:0:0:0:0:
402,192,73731,1,0,0:0:0:0:
475,192,73731,1,0,0:0:0:0:
36,192,73985,1,0,0:0:0:0:
109,0,73985,128,0,74239:0:0:0:0:
256,192,73985,1,0,0:0:0:0:
402,0,73985,128,0,74239:0:0:0:0:
475,192,73985,1,0,0:0:0:0:
36,0,74239,128,0,74303:0:0:0:0:
182,0,74239,128,0,74303:0:0:0:0:
329,0,74239,128,0,74303:0:0:0:0:
475,0,74239,128,0,74303:0:0:0:0:
256,0,74239,128,0,77290:0:0:0:0:
36,0,74366,128,0,74430:0:0:0:0:
109,0,74366,128,0,74430:0:0:0:0:
182,0,74366,128,0,74430:0:0:0:0:
329,0,74366,128,0,74430:0:0:0:0:
402,0,74366,128,0,74430:0:0:0:0:
475,0,74366,128,0,74430:0:0:0:0:
36,0,74493,128,0,74557:0:0:0:0:
109,0,74493,128,0,74557:0:0:0:0:
182,0,74493,128,0,74557:0:0:0:0:
329,0,74493,128,0,74557:0:0:0:0:
402,0,74493,128,0,74557:0:0:0:0:
475,0,74493,128,0,74557:0:0:0:0:
36,0,74620,128,0,74684:0:0:0:0:
109,0,74620,128,0,74684:0:0:0:0:
182,0,74620,128,0,74684:0:0:0:0:
329,0,74620,128,0,74684:0:0:0:0:
402,0,74620,128,0,74684:0:0:0:0:
475,0,74620,128,0,74684:0:0:0:0:
36,0,74748,128,0,74811:0:0:0:0:
109,0,74748,128,0,74811:0:0:0:0:
182,0,74748,128,0,74811:0:0:0:0:
329,0,74748,128,0,74811:0:0:0:0:
402,0,74748,128,0,74811:0:0:0:0:
475,0,74748,128,0,74811:0:0:0:0:
36,0,74875,128,0,74938:0:0:0:0:
109,0,74875,128,0,74938:0:0:0:0:
182,0,74875,128,0,74938:0:0:0:0:
329,0,74875,128,0,74938:0:0:0:0:
402,0,74875,128,0,74938:0:0:0:0:
475,0,74875,128,0,74938:0:0:0:0:
36,0,75002,128,0,75065:0:0:0:0:
109,0,75002,128,0,75065:0:0:0:0:
182,0,75002,128,0,75065:0:0:0:0:
329,0,75002,128,0,75065:0:0:0:0:
402,0,75002,128,0,75065:0:0:0:0:
475,0,75002,128,0,75065:0:0:0:0:
36,0,75256,128,0,75320:0:0:0:0:
109,0,75256,128,0,75320:0:0:0:0:
182,0,75256,128,0,75320:0:0:0:0:
329,0,75256,128,0,75320:0:0:0:0:
402,0,75256,128,0,75320:0:0:0:0:
475,0,75256,128,0,75320:0:0:0:0:
182,0,75383,128,0,75447:0:0:0:0:
329,0,75383,128,0,75447:0:0:0:0:
36,192,75510,1,0,0:0:0:0:
109,0,75510,128,0,75574:0:0:0:0:
402,0,75510,128,0,75574:0:0:0:0:
475,192,75510,1,0,0:0:0:0:
36,0,75637,128,0,75701:0:0:0:0:
475,0,75637,128,0,75701:0:0:0:0:
36,0,75765,128,0,75828:0:0:0:0:
109,0,75765,128,0,75828:0:0:0:0:
182,0,75765,128,0,75828:0:0:0:0:
329,0,75765,128,0,75828:0:0:0:0:
402,0,75765,128,0,75828:0:0:0:0:
475,0,75765,128,0,75828:0:0:0:0:
36,0,75892,128,0,75955:0:0:0:0:
109,0,75892,128,0,75955:0:0:0:0:
182,0,75892,128,0,75955:0:0:0:0:
329,0,75892,128,0,75955:0:0:0:0:
402,0,75892,128,0,75955:0:0:0:0:
475,0,75892,128,0,75955:0:0:0:0:
36,0,76019,128,0,76082:0:0:0:0:
109,0,76019,128,0,76082:0:0:0:0:
182,0,76019,128,0,76082:0:0:0:0:
329,0,76019,128,0,76082:0:0:0:0:
402,0,76019,128,0,76082:0:0:0:0:
475,0,76019,128,0,76082:0:0:0:0:
36,0,76146,128,0,76209:0:0:0:0:
109,0,76146,128,0,76209:0:0:0:0:
182,0,76146,128,0,76209:0:0:0:0:
329,0,76146,128,0,76209:0:0:0:0:
402,0,76146,128,0,76209:0:0:0:0:
475,0,76146,128,0,76209:0:0:0:0:
36,0,76273,128,0,76337:0:0:0:0:
109,0,76273,128,0,76337:0:0:0:0:
182,0,76273,128,0,76337:0:0:0:0:
329,0,76273,128,0,76337:0:0:0:0:
402,0,76273,128,0,76337:0:0:0:0:
475,0,76273,128,0,76337:0:0:0:0:
36,0,76400,128,0,76464:0:0:0:0:
109,0,76400,128,0,76464:0:0:0:0:
182,0,76400,128,0,76464:0:0:0:0:
329,0,76400,128,0,76464:0:0:0:0:
402,0,76400,128,0,76464:0:0:0:0:
475,0,76400,128,0,76464:0:0:0:0:
36,0,76527,128,0,76591:0:0:0:0:
109,0,76527,128,0,76591:0:0:0:0:
182,0,76527,128,0,76591:0:0:0:0:
329,0,76527,128,0,76591:0:0:0:0:
402,0,76527,128,0,76591:0:0:0:0:
475,0,76527,128,0,76591:0:0:0:0:
36,0,76781,128,0,76845:0:0:0:0:
109,0,76781,128,0,76845:0:0:0:0:
182,0,76781,128,0,76845:0:0:0:0:
329,0,76781,128,0,76845:0:0:0:0:
402,0,76781,128,0,76845:0:0:0:0:
475,0,76781,128,0,76845:0:0:0:0:
36,0,76909,128,0,76972:0:0:0:0:
475,0,76909,128,0,76972:0:0:0:0:
109,0,77036,128,0,77099:0:0:0:0:
182,192,77036,1,0,0:0:0:0:
329,192,77036,1,0,0:0:0:0:
402,0,77036,128,0,77099:0:0:0:0:
182,0,77163,128,0,77226:0:0:0:0:
329,0,77163,128,0,77226:0:0:0:0:
36,0,77290,128,0,77354:0:0:0:0:
109,0,77290,128,0,77354:0:0:0:0:
182,0,77290,128,0,77481:0:0:0:0:
329,0,77290,128,0,77354:0:0:0:0:
402,0,77290,128,0,77354:0:0:0:0:
475,0,77290,128,0,77354:0:0:0:0:
36,0,77417,128,0,77481:0:0:0:0:
109,0,77417,128,0,77481:0:0:0:0:
256,0,77417,128,0,77608:0:0:0:0:
329,0,77417,128,0,77481:0:0:0:0:
402,0,77417,128,0,77481:0:0:0:0:
475,0,77417,128,0,77481:0:0:0:0:
36,0,77544,128,0,77608:0:0:0:0:
109,0,77544,128,0,77608:0:0:0:0:
182,0,77544,128,0,77735:0:0:0:0:
329,0,77544,128,0,77735:0:0:0:0:
402,0,77544,128,0,77608:0:0:0:0:
475,0,77544,128,0,77608:0:0:0:0:
36,0,77671,128,0,77735:0:0:0:0:
109,0,77671,128,0,77735:0:0:0:0:
402,0,77671,128,0,77735:0:0:0:0:
475,0,77671,128,0,77735:0:0:0:0:
256,0,77671,128,0,77862:0:0:0:0:
36,0,77798,128,0,77862:0:0:0:0:
109,0,77798,128,0,77862:0:0:0:0:
182,0,77798,128,0,77862:0:0:0:0:
329,0,77798,128,0,77989:0:0:0:0:
402,0,77798,128,0,77862:0:0:0:0:
475,0,77798,128,0,77862:0:0:0:0:
36,0,77926,128,0,77989:0:0:0:0:
109,0,77926,128,0,77989:0:0:0:0:
182,0,77926,128,0,77989:0:0:0:0:
256,0,77926,128,0,77989:0:0:0:0:
402,0,77926,128,0,77989:0:0:0:0:
475,0,77926,128,0,77989:0:0:0:0:
36,0,78053,128,0,78116:0:0:0:0:
109,0,78053,128,0,78116:0:0:0:0:
182,0,78053,128,0,78116:0:0:0:0:
256,0,78053,128,0,78116:0:0:0:0:
329,0,78053,128,0,78116:0:0:0:0:
402,0,78053,128,0,78116:0:0:0:0:
475,0,78053,128,0,78116:0:0:0:0:
36,0,78307,128,0,78370:0:0:0:0:
109,0,78307,128,0,78370:0:0:0:0:
182,0,78307,128,0,78370:0:0:0:0:
256,0,78307,128,0,78370:0:0:0:0:
329,0,78307,128,0,78370:0:0:0:0:
402,0,78307,128,0,78370:0:0:0:0:
475,0,78307,128,0,78370:0:0:0:0:
256,0,78434,128,0,78498:0:0:0:0:
36,192,78561,1,0,0:0:0:0:
182,0,78561,128,0,78625:0:0:0:0:
329,0,78561,128,0,78625:0:0:0:0:
475,192,78561,1,0,0:0:0:0:
109,0,78688,128,0,78752:0:0:0:0:
402,0,78688,128,0,78752:0:0:0:0:
36,0,78815,128,0,78879:0:0:0:0:
109,0,78815,128,0,78879:0:0:0:0:
182,0,78815,128,0,78879:0:0:0:0:
475,0,78815,128,0,79006:0:0:0:0:
402,0,78879,128,0,79006:0:0:0:0:
36,0,78943,128,0,79133:0:0:0:0:
109,0,78943,128,0,79070:0:0:0:0:
182,0,78943,128,0,79006:0:0:0:0:
329,0,78943,128,0,79006:0:0:0:0:
256,0,79006,128,0,79324:0:0:0:0:
182,0,79070,128,0,79260:0:0:0:0:
329,0,79070,128,0,79133:0:0:0:0:
402,0,79070,128,0,79133:0:0:0:0:
475,0,79070,128,0,79133:0:0:0:0:
109,0,79133,128,0,79197:0:0:0:0:
36,0,79197,128,0,79387:0:0:0:0:
329,0,79197,128,0,79260:0:0:0:0:
402,0,79197,128,0,79260:0:0:0:0:
475,0,79197,128,0,79260:0:0:0:0:
109,0,79260,128,0,79387:0:0:0:0:
182,0,79324,128,0,79387:0:0:0:0:
329,0,79324,128,0,79387:0:0:0:0:
402,0,79324,128,0,79451:0:0:0:0:
475,0,79324,128,0,79515:0:0:0:0:
256,0,79387,128,0,79515:0:0:0:0:
36,0,79451,128,0,79515:0:0:0:0:
109,0,79451,128,0,79642:0:0:0:0:
182,0,79451,128,0,79515:0:0:0:0:
329,0,79451,128,0,79515:0:0:0:0:
402,0,79515,128,0,79642:0:0:0:0:
36,0,79578,128,0,79642:0:0:0:0:
182,0,79578,128,0,79642:0:0:0:0:
256,0,79578,128,0,79642:0:0:0:0:
329,0,79578,128,0,79642:0:0:0:0:
475,0,79578,128,0,79642:0:0:0:0:
36,192,79832,1,0,0:0:0:0:
109,192,79832,1,0,0:0:0:0:
182,192,79832,1,0,0:0:0:0:
256,192,79832,1,0,0:0:0:0:
329,192,79832,1,0,0:0:0:0:
402,192,79832,1,0,0:0:0:0:
475,192,79832,1,0,0:0:0:0:
256,0,80087,128,0,80150:0:0:0:0:
182,0,80150,128,0,80214:0:0:0:0:
329,0,80150,128,0,80214:0:0:0:0:
109,0,80214,128,0,80277:0:0:0:0:
402,0,80214,128,0,80277:0:0:0:0:
36,0,80277,128,0,81358:0:0:0:0:
475,0,80277,128,0,81358:0:0:0:0:
109,0,80341,128,0,80595:0:0:0:0:
182,192,80341,1,0,0:0:0:0:
256,192,80341,1,0,0:0:0:0:
329,192,80341,1,0,0:0:0:0:
402,0,80341,128,0,80595:0:0:0:0:
182,192,80595,1,0,0:0:0:0:
256,192,80595,1,0,0:0:0:0:
329,192,80595,1,0,0:0:0:0:
109,0,80722,128,0,81040:0:0:0:0:
182,0,80722,128,0,81040:0:0:0:0:
329,0,80722,128,0,81040:0:0:0:0:
402,0,80722,128,0,81040:0:0:0:0:
109,0,81104,128,0,81167:0:0:0:0:
182,0,81167,128,0,81231:0:0:0:0:
256,0,81231,128,0,81294:0:0:0:0:
329,0,81294,128,0,81358:0:0:0:0:
109,192,81358,1,0,0:0:0:0:
256,0,81358,128,0,81612:0:0:0:0:
402,0,81358,128,0,81612:0:0:0:0:
36,192,81485,1,0,0:0:0:0:
475,192,81485,1,0,0:0:0:0:
109,192,81612,1,0,0:0:0:0:
182,192,81612,1,0,0:0:0:0:
329,192,81612,1,0,0:0:0:0:
36,192,81739,1,0,0:0:0:0:
402,192,81739,1,0,0:0:0:0:
475,192,81739,1,0,0:0:0:0:
109,0,81739,128,0,82057:0:0:0:0:
256,0,81739,128,0,82057:0:0:0:0:
36,192,81993,1,0,0:0:0:0:
475,192,81993,1,0,0:0:0:0:
182,0,82120,128,0,82184:0:0:0:0:
109,0,82184,128,0,82248:0:0:0:0:
36,192,82248,1,0,0:0:0:0:
182,0,82248,128,0,82311:0:0:0:0:
475,192,82248,1,0,0:0:0:0:
256,0,82311,128,0,82375:0:0:0:0:
329,0,82375,128,0,82502:0:0:0:0:
402,0,82375,128,0,82502:0:0:0:0:
36,192,82502,1,0,0:0:0:0:
109,192,82502,1,0,0:0:0:0:
182,0,82502,128,0,82629:0:0:0:0:
475,192,82502,1,0,0:0:0:0:
256,0,82629,128,0,82756:0:0:0:0:
329,0,82629,128,0,82756:0:0:0:0:
36,192,82756,1,0,0:0:0:0:
402,192,82756,1,0,0:0:0:0:
475,192,82756,1,0,0:0:0:0:
109,0,82756,128,0,82883:0:0:0:0:
256,0,82883,128,0,83010:0:0:0:0:
36,192,83010,1,0,0:0:0:0:
182,0,83010,128,0,83137:0:0:0:0:
402,192,83010,1,0,0:0:0:0:
475,192,83010,1,0,0:0:0:0:
109,0,83137,128,0,83265:0:0:0:0:
36,192,83265,1,0,0:0:0:0:
256,192,83265,1,0,0:0:0:0:
402,0,83265,128,0,83328:0:0:0:0:
475,192,83265,1,0,0:0:0:0:
329,0,83328,128,0,84154:0:0:0:0:
109,192,83392,1,0,0:0:0:0:
36,192,83519,1,0,0:0:0:0:
256,192,83519,1,0,0:0:0:0:
475,192,83519,1,0,0:0:0:0:
402,192,83646,1,0,0:0:0:0:
36,192,83773,1,0,0:0:0:0:
182,192,83773,1,0,0:0:0:0:
475,192,83773,1,0,0:0:0:0:
36,192,83900,1,0,0:0:0:0:
182,192,83900,1,0,0:0:0:0:
256,192,83900,1,0,0:0:0:0:
109,192,83964,1,0,0:0:0:0:
402,192,83964,1,0,0:0:0:0:
36,192,84027,1,0,0:0:0:0:
182,192,84027,1,0,0:0:0:0:
475,192,84027,1,0,0:0:0:0:
109,192,84091,1,0,0:0:0:0:
402,192,84091,1,0,0:0:0:0:
36,192,84154,1,0,0:0:0:0:
182,192,84154,1,0,0:0:0:0:
256,192,84154,1,0,0:0:0:0:
109,192,84218,1,0,0:0:0:0:
402,192,84218,1,0,0:0:0:0:
36,192,84281,1,0,0:0:0:0:
182,0,84281,128,0,84345:0:0:0:0:
475,0,84281,128,0,84345:0:0:0:0:
109,0,84345,128,0,84409:0:0:0:0:
402,0,84345,128,0,84409:0:0:0:0:
36,0,84409,128,0,84536:0:0:0:0:
182,192,84409,1,0,0:0:0:0:
256,192,84409,1,0,0:0:0:0:
329,192,84409,1,0,0:0:0:0:
109,0,84536,128,0,84599:0:0:0:0:
256,192,84536,1,0,0:0:0:0:
329,192,84536,1,0,0:0:0:0:
402,192,84536,1,0,0:0:0:0:
36,192,84790,1,0,0:0:0:0:
256,192,84790,1,0,0:0:0:0:
329,192,84790,1,0,0:0:0:0:
402,192,84790,1,0,0:0:0:0:
182,0,84790,128,0,85044:0:0:0:0:
475,0,84790,128,0,85044:0:0:0:0:
109,0,85044,128,0,85171:0:0:0:0:
402,0,85044,128,0,85171:0:0:0:0:
36,0,85171,128,0,85298:0:0:0:0:
329,0,85171,128,0,85298:0:0:0:0:
256,0,85298,128,0,85426:0:0:0:0:
475,0,85298,128,0,85426:0:0:0:0:
36,192,85426,1,0,0:0:0:0:
109,192,85426,1,0,0:0:0:0:
182,192,85426,1,0,0:0:0:0:
402,0,85426,128,0,85553:0:0:0:0:
109,192,85553,1,0,0:0:0:0:
182,192,85553,1,0,0:0:0:0:
256,192,85553,1,0,0:0:0:0:
475,0,85553,128,0,85616:0:0:0:0:
402,0,85616,128,0,85807:0:0:0:0:
36,192,85807,1,0,0:0:0:0:
109,192,85807,1,0,0:0:0:0:
182,192,85807,1,0,0:0:0:0:
475,192,85807,1,0,0:0:0:0:
329,0,85807,128,0,86443:0:0:0:0:
36,192,86061,1,0,0:0:0:0:
109,192,86188,1,0,0:0:0:0:
182,192,86188,1,0,0:0:0:0:
256,192,86188,1,0,0:0:0:0:
402,192,86188,1,0,0:0:0:0:
475,192,86188,1,0,0:0:0:0:
36,192,86315,1,0,0:0:0:0:
109,0,86443,128,0,86570:0:0:0:0:
402,0,86443,128,0,86570:0:0:0:0:
475,0,86443,128,0,86570:0:0:0:0:
256,0,86443,128,0,87459:0:0:0:0:
182,192,86570,1,0,0:0:0:0:
329,192,86570,1,0,0:0:0:0:
36,0,86697,128,0,86824:0:0:0:0:
109,0,86697,128,0,86824:0:0:0:0:
402,0,86697,128,0,86824:0:0:0:0:
182,192,86824,1,0,0:0:0:0:
329,192,86824,1,0,0:0:0:0:
36,192,86951,1,0,0:0:0:0:
109,192,86951,1,0,0:0:0:0:
182,192,86951,1,0,0:0:0:0:
329,192,87142,1,0,0:0:0:0:
402,192,87142,1,0,0:0:0:0:
475,192,87142,1,0,0:0:0:0:
36,192,87332,1,0,0:0:0:0:
182,192,87332,1,0,0:0:0:0:
329,192,87332,1,0,0:0:0:0:
475,192,87332,1,0,0:0:0:0:
36,192,87459,1,0,0:0:0:0:
109,192,87459,1,0,0:0:0:0:
182,192,87459,1,0,0:0:0:0:
402,0,87459,128,0,87544:0:0:0:0:
36,192,87544,1,0,0:0:0:0:
109,192,87544,1,0,0:0:0:0:
329,0,87544,128,0,87629:0:0:0:0:
475,0,87544,128,0,87629:0:0:0:0:
36,192,87629,1,0,0:0:0:0:
109,192,87629,1,0,0:0:0:0:
402,0,87629,128,0,87714:0:0:0:0:
36,192,87714,1,0,0:0:0:0:
256,0,87714,128,0,87798:0:0:0:0:
475,192,87714,1,0,0:0:0:0:
36,192,87798,1,0,0:0:0:0:
182,0,87798,128,0,87883:0:0:0:0:
329,0,87798,128,0,87883:0:0:0:0:
475,192,87798,1,0,0:0:0:0:
36,192,87883,1,0,0:0:0:0:
475,192,87883,1,0,0:0:0:0:
256,0,87883,128,0,87968:0:0:0:0:
109,0,87968,128,0,88053:0:0:0:0:
402,192,87968,1,0,0:0:0:0:
475,192,87968,1,0,0:0:0:0:
36,0,88053,128,0,88137:0:0:0:0:
182,0,88053,128,0,88137:0:0:0:0:
402,192,88053,1,0,0:0:0:0:
475,192,88053,1,0,0:0:0:0:
109,0,88137,128,0,88222:0:0:0:0:
402,192,88137,1,0,0:0:0:0:
475,192,88137,1,0,0:0:0:0:
36,192,88222,1,0,0:0:0:0:
256,0,88222,128,0,88307:0:0:0:0:
475,192,88222,1,0,0:0:0:0:
36,192,88307,1,0,0:0:0:0:
182,0,88307,128,0,88392:0:0:0:0:
329,0,88307,128,0,88392:0:0:0:0:
475,192,88307,1,0,0:0:0:0:
36,192,88392,1,0,0:0:0:0:
256,0,88392,128,0,88476:0:0:0:0:
475,192,88392,1,0,0:0:0:0:
36,0,88476,128,0,88731:0:0:0:0:
109,192,88476,1,0,0:0:0:0:
182,192,88476,1,0,0:0:0:0:
329,192,88476,1,0,0:0:0:0:
402,192,88476,1,0,0:0:0:0:
475,0,88476,128,0,88985:0:0:0:0:
182,192,88731,1,0,0:0:0:0:
256,192,88731,1,0,0:0:0:0:
329,192,88731,1,0,0:0:0:0:
109,0,88731,128,0,88985:0:0:0:0:
402,0,88731,128,0,88985:0:0:0:0:
36,0,88985,128,0,89239:0:0:0:0:
182,0,88985,128,0,89239:0:0:0:0:
256,192,88985,1,0,0:0:0:0:
329,0,88985,128,0,89239:0:0:0:0:
109,192,89239,1,0,0:0:0:0:
402,192,89239,1,0,0:0:0:0:
475,192,89239,1,0,0:0:0:0:
256,0,89239,128,0,89493:0:0:0:0:
36,0,89493,128,0,90256:0:0:0:0:
182,0,89493,128,0,90256:0:0:0:0:
329,0,89493,128,0,90256:0:0:0:0:
402,192,89493,1,0,0:0:0:0:
475,0,89493,128,0,90256:0:0:0:0:
109,192,89557,1,0,0:0:0:0:
402,192,89620,1,0,0:0:0:0:
109,192,89684,1,0,0:0:0:0:
402,192,89748,1,0,0:0:0:0:
109,192,89811,1,0,0:0:0:0:
402,192,89875,1,0,0:0:0:0:
109,192,89938,1,0,0:0:0:0:
402,192,90002,1,0,0:0:0:0:
109,192,90065,1,0,0:0:0:0:
402,192,90129,1,0,0:0:0:0:
109,192,90193,1,0,0:0:0:0:
402,192,90256,1,0,0:0:0:0:
36,192,90320,1,0,0:0:0:0:
109,192,90383,1,0,0:0:0:0:
182,192,90447,1,0,0:0:0:0:
36,192,90510,1,0,0:0:0:0:
256,0,90510,128,0,90516:0:0:0:0:
329,0,90510,128,0,90516:0:0:0:0:
402,0,90510,128,0,90516:0:0:0:0:
36,192,90637,1,0,0:0:0:0:
109,192,90637,1,0,0:0:0:0:
182,192,90637,1,0,0:0:0:0:
256,0,90701,128,0,90706:0:0:0:0:
329,0,90701,128,0,90706:0:0:0:0:
475,0,90701,128,0,90706:0:0:0:0:
109,192,90765,1,0,0:0:0:0:
36,192,90892,1,0,0:0:0:0:
109,192,90892,1,0,0:0:0:0:
182,192,90892,1,0,0:0:0:0:
256,0,90892,128,0,90897:0:0:0:0:
402,0,90892,128,0,90897:0:0:0:0:
475,0,90892,128,0,90897:0:0:0:0:
182,192,91019,1,0,0:0:0:0:
329,0,91019,128,0,91024:0:0:0:0:
402,0,91019,128,0,91024:0:0:0:0:
475,0,91019,128,0,91024:0:0:0:0:
36,192,91146,1,0,0:0:0:0:
109,192,91146,1,0,0:0:0:0:
182,192,91146,1,0,0:0:0:0:
256,0,91209,128,0,91215:0:0:0:0:
402,0,91209,128,0,91215:0:0:0:0:
475,0,91209,128,0,91215:0:0:0:0:
109,192,91273,1,0,0:0:0:0:
36,192,91400,1,0,0:0:0:0:
109,192,91400,1,0,0:0:0:0:
182,192,91400,1,0,0:0:0:0:
256,0,91400,128,0,91405:0:0:0:0:
329,0,91400,128,0,91405:0:0:0:0:
475,0,91400,128,0,91405:0:0:0:0:
36,192,91527,1,0,0:0:0:0:
109,192,91527,1,0,0:0:0:0:
182,192,91591,1,0,0:0:0:0:
36,192,91654,1,0,0:0:0:0:
256,192,91654,1,0,0:0:0:0:
329,192,91654,1,0,0:0:0:0:
402,192,91654,1,0,0:0:0:0:
475,192,91654,1,0,0:0:0:0:
182,192,91718,1,0,0:0:0:0:
36,192,91781,1,0,0:0:0:0:
109,192,91781,1,0,0:0:0:0:
182,192,91845,1,0,0:0:0:0:
36,192,91909,1,0,0:0:0:0:
256,192,91909,1,0,0:0:0:0:
329,192,91909,1,0,0:0:0:0:
402,192,91909,1,0,0:0:0:0:
475,192,91909,1,0,0:0:0:0:
182,192,91972,1,0,0:0:0:0:
36,192,92036,1,0,0:0:0:0:
109,192,92036,1,0,0:0:0:0:
182,192,92099,1,0,0:0:0:0:
256,192,92099,1,0,0:0:0:0:
36,192,92163,1,0,0:0:0:0:
109,192,92163,1,0,0:0:0:0:
329,192,92163,1,0,0:0:0:0:
402,192,92163,1,0,0:0:0:0:
475,192,92163,1,0,0:0:0:0:
182,192,92226,1,0,0:0:0:0:
256,192,92226,1,0,0:0:0:0:
36,192,92290,1,0,0:0:0:0:
329,192,92290,1,0,0:0:0:0:
109,192,92322,1,0,0:0:0:0:
182,192,92354,1,0,0:0:0:0:
402,192,92354,1,0,0:0:0:0:
256,192,92385,1,0,0:0:0:0:
329,192,92417,1,0,0:0:0:0:
475,192,92417,1,0,0:0:0:0:
402,192,92449,1,0,0:0:0:0:
475,192,92481,1,0,0:0:0:0:
36,192,92544,1,0,0:0:0:0:
109,192,92544,1,0,0:0:0:0:
182,192,92544,1,0,0:0:0:0:
329,0,92544,128,0,92671:0:0:0:0:
109,192,92671,1,0,0:0:0:0:
182,192,92671,1,0,0:0:0:0:
256,192,92671,1,0,0:0:0:0:
475,0,92671,128,0,92798:0:0:0:0:
36,0,92926,128,0,93180:0:0:0:0:
182,192,92926,1,0,0:0:0:0:
256,192,92926,1,0,0:0:0:0:
329,192,92926,1,0,0:0:0:0:
109,0,93180,128,0,93307:0:0:0:0:
36,192,93307,1,0,0:0:0:0:
182,192,93307,1,0,0:0:0:0:
256,0,93307,128,0,93434:0:0:0:0:
329,192,93307,1,0,0:0:0:0:
402,192,93307,1,0,0:0:0:0:
475,192,93307,1,0,0:0:0:0:
402,0,93434,128,0,93561:0:0:0:0:
109,192,93561,1,0,0:0:0:0:
182,192,93561,1,0,0:0:0:0:
475,0,93561,128,0,93688:0:0:0:0:
182,192,93688,1,0,0:0:0:0:
256,192,93688,1,0,0:0:0:0:
402,0,93688,128,0,93815:0:0:0:0:
36,0,93943,128,0,94197:0:0:0:0:
329,192,93943,1,0,0:0:0:0:
402,192,93943,1,0,0:0:0:0:
475,192,93943,1,0,0:0:0:0:
475,0,94197,128,0,94324:0:0:0:0:
36,192,94324,1,0,0:0:0:0:
109,192,94324,1,0,0:0:0:0:
182,192,94324,1,0,0:0:0:0:
256,0,94324,128,0,94451:0:0:0:0:
329,192,94324,1,0,0:0:0:0:
402,192,94324,1,0,0:0:0:0:
109,0,94451,128,0,94515:0:0:0:0:
36,0,94515,128,0,94578:0:0:0:0:
109,192,94578,1,0,0:0:0:0:
182,192,94578,1,0,0:0:0:0:
256,192,94578,1,0,0:0:0:0:
329,192,94578,1,0,0:0:0:0:
402,192,94578,1,0,0:0:0:0:
475,192,94578,1,0,0:0:0:0:
36,192,94832,1,0,0:0:0:0:
109,192,94832,1,0,0:0:0:0:
182,0,94832,128,0,94917:0:0:0:0:
256,192,94832,1,0,0:0:0:0:
329,0,94832,128,0,94917:0:0:0:0:
402,192,94832,1,0,0:0:0:0:
475,192,94832,1,0,0:0:0:0:
109,0,94917,128,0,95002:0:0:0:0:
256,0,94917,128,0,95002:0:0:0:0:
36,0,95002,128,0,95087:0:0:0:0:
182,0,95002,128,0,95087:0:0:0:0:
109,192,95087,1,0,0:0:0:0:
256,0,95087,128,0,95171:0:0:0:0:
329,192,95087,1,0,0:0:0:0:
402,0,95087,128,0,95171:0:0:0:0:
475,192,95087,1,0,0:0:0:0:
182,0,95171,128,0,95256:0:0:0:0:
329,0,95171,128,0,95256:0:0:0:0:
109,0,95256,128,0,95341:0:0:0:0:
256,0,95256,128,0,95341:0:0:0:0:
36,192,95341,1,0,0:0:0:0:
182,192,95341,1,0,0:0:0:0:
329,0,95341,128,0,95426:0:0:0:0:
402,192,95341,1,0,0:0:0:0:
475,0,95341,128,0,95426:0:0:0:0:
256,0,95426,128,0,95510:0:0:0:0:
402,0,95426,128,0,95510:0:0:0:0:
182,0,95510,128,0,95595:0:0:0:0:
329,0,95510,128,0,95595:0:0:0:0:
36,192,95595,1,0,0:0:0:0:
109,0,95595,128,0,95680:0:0:0:0:
256,192,95595,1,0,0:0:0:0:
402,0,95595,128,0,95680:0:0:0:0:
475,192,95595,1,0,0:0:0:0:
329,192,95637,1,0,0:0:0:0:
36,0,95680,128,0,95765:0:0:0:0:
256,192,95680,1,0,0:0:0:0:
475,0,95680,128,0,95765:0:0:0:0:
182,192,95722,1,0,0:0:0:0:
109,0,95765,128,0,95849:0:0:0:0:
256,192,95765,1,0,0:0:0:0:
402,0,95765,128,0,95849:0:0:0:0:
329,192,95807,1,0,0:0:0:0:
36,192,95849,1,0,0:0:0:0:
182,0,95849,128,0,95934:0:0:0:0:
256,192,95849,1,0,0:0:0:0:
329,0,95849,128,0,95934:0:0:0:0:
475,192,95849,1,0,0:0:0:0:
109,192,95892,1,0,0:0:0:0:
36,192,95934,1,0,0:0:0:0:
256,0,95934,128,0,96019:0:0:0:0:
109,192,95976,1,0,0:0:0:0:
402,192,95976,1,0,0:0:0:0:
182,0,96019,128,0,96104:0:0:0:0:
329,0,96019,128,0,96104:0:0:0:0:
475,192,96019,1,0,0:0:0:0:
402,192,96061,1,0,0:0:0:0:
36,192,96104,1,0,0:0:0:0:
109,0,96104,128,0,96188:0:0:0:0:
256,192,96104,1,0,0:0:0:0:
402,0,96104,128,0,96188:0:0:0:0:
475,192,96104,1,0,0:0:0:0:
182,192,96146,1,0,0:0:0:0:
36,0,96188,128,0,96273:0:0:0:0:
256,192,96188,1,0,0:0:0:0:
475,0,96188,128,0,96273:0:0:0:0:
329,192,96231,1,0,0:0:0:0:
109,0,96273,128,0,96358:0:0:0:0:
256,192,96273,1,0,0:0:0:0:
402,0,96273,128,0,96358:0:0:0:0:
182,192,96315,1,0,0:0:0:0:
36,192,96358,1,0,0:0:0:0:
182,0,96358,128,0,96443:0:0:0:0:
256,192,96358,1,0,0:0:0:0:
329,0,96358,128,0,96443:0:0:0:0:
475,192,96358,1,0,0:0:0:0:
109,192,96400,1,0,0:0:0:0:
402,192,96400,1,0,0:0:0:0:
36,192,96443,1,0,0:0:0:0:
109,0,96443,128,0,96527:0:0:0:0:
402,0,96443,128,0,96527:0:0:0:0:
475,192,96443,1,0,0:0:0:0:
182,192,96485,1,0,0:0:0:0:
329,192,96485,1,0,0:0:0:0:
256,192,96527,1,0,0:0:0:0:
36,0,96527,128,0,96612:0:0:0:0:
475,0,96527,128,0,96612:0:0:0:0:
109,192,96570,1,0,0:0:0:0:
402,192,96570,1,0,0:0:0:0:
109,0,96612,128,0,97597:0:0:0:0:
182,192,96612,1,0,0:0:0:0:
256,192,96612,1,0,0:0:0:0:
329,0,96644,128,0,97597:0:0:0:0:
402,0,96676,128,0,97597:0:0:0:0:
109,192,97629,1,0,0:0:0:0:
182,192,97629,1,0,0:0:0:0:
256,0,97629,128,0,97788:0:0:0:0:
402,192,97629,1,0,0:0:0:0:
475,0,97629,128,0,97788:0:0:0:0:
36,192,97820,1,0,0:0:0:0:
182,0,97820,128,0,97883:0:0:0:0:
256,192,97820,1,0,0:0:0:0:
329,192,97820,1,0,0:0:0:0:
402,0,97820,128,0,97883:0:0:0:0:
109,0,98010,128,0,98169:0:0:0:0:
256,192,98010,1,0,0:0:0:0:
329,0,98010,128,0,98169:0:0:0:0:
402,192,98010,1,0,0:0:0:0:
475,192,98010,1,0,0:0:0:0:
36,0,98201,128,0,98265:0:0:0:0:
109,192,98201,1,0,0:0:0:0:
256,0,98201,128,0,98265:0:0:0:0:
329,192,98201,1,0,0:0:0:0:
475,192,98201,1,0,0:0:0:0:
329,0,98392,128,0,98455:0:0:0:0:
402,0,98392,128,0,98455:0:0:0:0:
475,0,98392,128,0,98455:0:0:0:0:
36,0,98519,128,0,98582:0:0:0:0:
109,0,98519,128,0,98582:0:0:0:0:
182,0,98519,128,0,98582:0:0:0:0:
36,0,98646,128,0,98837:0:0:0:0:
109,0,98646,128,0,98900:0:0:0:0:
182,0,98646,128,0,98837:0:0:0:0:
256,0,98646,128,0,98837:0:0:0:0:
475,0,98646,128,0,98773:0:0:0:0:
329,0,98709,128,0,98837:0:0:0:0:
402,0,98773,128,0,98964:0:0:0:0:
475,0,98837,128,0,98964:0:0:0:0:
36,0,98900,128,0,99091:0:0:0:0:
182,0,98900,128,0,98964:0:0:0:0:
256,0,98900,128,0,99027:0:0:0:0:
329,0,98900,128,0,98964:0:0:0:0:
109,0,98964,128,0,99091:0:0:0:0:
182,0,99027,128,0,99091:0:0:0:0:
329,0,99027,128,0,99091:0:0:0:0:
402,0,99027,128,0,99154:0:0:0:0:
475,0,99027,128,0,99091:0:0:0:0:
256,0,99091,128,0,99409:0:0:0:0:
36,0,99154,128,0,99345:0:0:0:0:
109,0,99154,128,0,99345:0:0:0:0:
182,0,99154,128,0,99345:0:0:0:0:
329,0,99154,128,0,99345:0:0:0:0:
475,0,99154,128,0,99218:0:0:0:0:
402,0,99218,128,0,99281:0:0:0:0:
475,0,99281,128,0,99599:0:0:0:0:
402,0,99345,128,0,99599:0:0:0:0:
36,0,99409,128,0,99599:0:0:0:0:
109,0,99409,128,0,99536:0:0:0:0:
182,0,99409,128,0,99472:0:0:0:0:
329,0,99409,128,0,99599:0:0:0:0:
256,0,99472,128,0,99790:0:0:0:0:
182,0,99536,128,0,99726:0:0:0:0:
109,0,99599,128,0,99663:0:0:0:0:
36,0,99663,128,0,99854:0:0:0:0:
329,0,99663,128,0,99854:0:0:0:0:
402,0,99663,128,0,99854:0:0:0:0:
475,0,99663,128,0,99854:0:0:0:0:
109,0,99726,128,0,99854:0:0:0:0:
182,0,99790,128,0,99854:0:0:0:0:
256,0,99854,128,0,99917:0:0:0:0:
36,0,99917,128,0,100108:0:0:0:0:
109,0,99917,128,0,100044:0:0:0:0:
182,0,99917,128,0,99981:0:0:0:0:
329,0,99917,128,0,99981:0:0:0:0:
402,0,99917,128,0,100044:0:0:0:0:
475,0,99917,128,0,100108:0:0:0:0:
256,0,99981,128,0,100108:0:0:0:0:
182,0,100044,128,0,100108:0:0:0:0:
329,0,100044,128,0,100108:0:0:0:0:
109,0,100108,128,0,100171:0:0:0:0:
402,0,100108,128,0,100171:0:0:0:0:
36,0,100171,128,0,100489:0:0:0:0:
182,0,100171,128,0,100235:0:0:0:0:
256,0,100171,128,0,100298:0:0:0:0:
329,0,100171,128,0,100362:0:0:0:0:
475,0,100171,128,0,100362:0:0:0:0:
109,0,100235,128,0,100489:0:0:0:0:
402,0,100235,128,0,100362:0:0:0:0:
182,0,100298,128,0,100489:0:0:0:0:
256,0,100362,128,0,100426:0:0:0:0:
329,0,100426,128,0,100616:0:0:0:0:
402,0,100426,128,0,100616:0:0:0:0:
475,0,100426,128,0,100616:0:0:0:0:
256,0,100489,128,0,100553:0:0:0:0:
36,0,100553,128,0,100616:0:0:0:0:
182,0,100553,128,0,100616:0:0:0:0:
109,0,100553,128,0,100680:0:0:0:0:
256,0,100616,128,0,100807:0:0:0:0:
36,0,100680,128,0,101125:0:0:0:0:
182,0,100680,128,0,100743:0:0:0:0:
329,0,100680,128,0,100870:0:0:0:0:
402,0,100680,128,0,100870:0:0:0:0:
475,0,100680,128,0,100870:0:0:0:0:
109,0,100743,128,0,101061:0:0:0:0:
182,0,100807,128,0,100998:0:0:0:0:
256,0,100870,128,0,100934:0:0:0:0:
329,0,100934,128,0,101125:0:0:0:0:
402,0,100934,128,0,101125:0:0:0:0:
475,0,100934,128,0,101188:0:0:0:0:
256,0,100998,128,0,101125:0:0:0:0:
182,0,101061,128,0,101125:0:0:0:0:
109,0,101125,128,0,101379:0:0:0:0:
36,0,101188,128,0,101443:0:0:0:0:
182,0,101188,128,0,101379:0:0:0:0:
256,0,101188,128,0,101379:0:0:0:0:
329,0,101188,128,0,101315:0:0:0:0:
402,0,101188,128,0,101252:0:0:0:0:
475,0,101252,128,0,101379:0:0:0:0:
402,0,101315,128,0,101379:0:0:0:0:
329,0,101379,128,0,101506:0:0:0:0:
109,0,101443,128,0,101633:0:0:0:0:
182,0,101443,128,0,101506:0:0:0:0:
256,0,101443,128,0,101633:0:0:0:0:
402,0,101443,128,0,101570:0:0:0:0:
475,0,101443,128,0,101633:0:0:0:0:
36,0,101506,128,0,101633:0:0:0:0:
182,0,101570,128,0,101633:0:0:0:0:
329,0,101570,128,0,101697:0:0:0:0:
402,0,101633,128,0,101760:0:0:0:0:
36,0,101697,128,0,101887:0:0:0:0:
109,0,101697,128,0,101951:0:0:0:0:
182,0,101697,128,0,101887:0:0:0:0:
256,0,101697,128,0,101887:0:0:0:0:
475,0,101697,128,0,101824:0:0:0:0:
329,0,101760,128,0,101887:0:0:0:0:
402,0,101824,128,0,102015:0:0:0:0:
475,0,101887,128,0,102015:0:0:0:0:
36,0,101951,128,0,102142:0:0:0:0:
182,0,101951,128,0,102015:0:0:0:0:
256,0,101951,128,0,102078:0:0:0:0:
329,0,101951,128,0,102015:0:0:0:0:
109,0,102015,128,0,102142:0:0:0:0:
182,0,102078,128,0,102142:0:0:0:0:
329,0,102078,128,0,102142:0:0:0:0:
402,0,102078,128,0,102205:0:0:0:0:
475,0,102078,128,0,102142:0:0:0:0:
256,0,102142,128,0,102459:0:0:0:0:
36,0,102205,128,0,102396:0:0:0:0:
109,0,102205,128,0,102396:0:0:0:0:
182,0,102205,128,0,102396:0:0:0:0:
329,0,102205,128,0,102396:0:0:0:0:
475,0,102205,128,0,102269:0:0:0:0:
402,0,102269,128,0,102332:0:0:0:0:
475,0,102332,128,0,102650:0:0:0:0:
402,0,102396,128,0,102650:0:0:0:0:
36,0,102459,128,0,102650:0:0:0:0:
109,0,102459,128,0,102587:0:0:0:0:
182,0,102459,128,0,102523:0:0:0:0:
329,0,102459,128,0,102650:0:0:0:0:
256,0,102523,128,0,102841:0:0:0:0:
182,0,102587,128,0,102777:0:0:0:0:
109,0,102650,128,0,102714:0:0:0:0:
36,0,102714,128,0,102904:0:0:0:0:
329,0,102714,128,0,102904:0:0:0:0:
402,0,102714,128,0,102904:0:0:0:0:
475,0,102714,128,0,102904:0:0:0:0:
109,0,102777,128,0,102904:0:0:0:0:
182,0,102841,128,0,102904:0:0:0:0:
256,0,102904,128,0,102968:0:0:0:0:
36,0,102968,128,0,103159:0:0:0:0:
109,0,102968,128,0,103095:0:0:0:0:
182,0,102968,128,0,103031:0:0:0:0:
329,0,102968,128,0,103031:0:0:0:0:
402,0,102968,128,0,103095:0:0:0:0:
475,0,102968,128,0,103159:0:0:0:0:
256,0,103031,128,0,103159:0:0:0:0:
182,0,103095,128,0,103159:0:0:0:0:
329,0,103095,128,0,103159:0:0:0:0:
109,0,103159,128,0,103222:0:0:0:0:
402,0,103159,128,0,103222:0:0:0:0:
36,0,103222,128,0,103540:0:0:0:0:
182,0,103222,128,0,103286:0:0:0:0:
256,0,103222,128,0,103349:0:0:0:0:
329,0,103222,128,0,103413:0:0:0:0:
475,0,103222,128,0,103413:0:0:0:0:
109,0,103286,128,0,103540:0:0:0:0:
402,0,103286,128,0,103413:0:0:0:0:
182,0,103349,128,0,103540:0:0:0:0:
256,0,103413,128,0,103476:0:0:0:0:
329,0,103476,128,0,103667:0:0:0:0:
402,0,103476,128,0,103667:0:0:0:0:
475,0,103476,128,0,103667:0:0:0:0:
256,0,103540,128,0,103604:0:0:0:0:
36,0,103604,128,0,103667:0:0:0:0:
182,0,103604,128,0,103667:0:0:0:0:
109,0,103604,128,0,103731:0:0:0:0:
256,0,103667,128,0,103858:0:0:0:0:
36,0,103731,128,0,104176:0:0:0:0:
182,0,103731,128,0,103794:0:0:0:0:
329,0,103731,128,0,103921:0:0:0:0:
402,0,103731,128,0,103921:0:0:0:0:
475,0,103731,128,0,103921:0:0:0:0:
109,0,103794,128,0,104112:0:0:0:0:
182,0,103858,128,0,104048:0:0:0:0:
256,0,103921,128,0,103985:0:0:0:0:
329,0,103985,128,0,104176:0:0:0:0:
402,0,103985,128,0,104176:0:0:0:0:
475,0,103985,128,0,104239:0:0:0:0:
256,0,104048,128,0,104176:0:0:0:0:
182,0,104112,128,0,104176:0:0:0:0:
109,0,104176,128,0,104430:0:0:0:0:
36,0,104239,128,0,104493:0:0:0:0:
182,0,104239,128,0,104430:0:0:0:0:
256,0,104239,128,0,104493:0:0:0:0:
329,0,104239,128,0,104366:0:0:0:0:
402,0,104239,128,0,104303:0:0:0:0:
475,0,104303,128,0,104430:0:0:0:0:
402,0,104366,128,0,104430:0:0:0:0:
329,0,104430,128,0,104557:0:0:0:0:
109,192,104493,1,0,0:0:0:0:
182,192,104493,1,0,0:0:0:0:
402,0,104493,128,0,104620:0:0:0:0:
475,0,104493,128,0,104684:0:0:0:0:
36,192,104557,1,0,0:0:0:0:
256,192,104557,1,0,0:0:0:0:
109,192,104620,1,0,0:0:0:0:
329,192,104620,1,0,0:0:0:0:
182,192,104684,1,0,0:0:0:0:
402,192,104684,1,0,0:0:0:0:
36,0,104748,128,0,104790:0:0:0:0:
256,192,104748,1,0,0:0:0:0:
475,192,104748,1,0,0:0:0:0:
109,0,104790,128,0,104832:0:0:0:0:
182,0,104832,128,0,104875:0:0:0:0:
36,192,104875,1,0,0:0:0:0:
256,0,104875,128,0,104917:0:0:0:0:
475,192,104875,1,0,0:0:0:0:
329,0,104917,128,0,104959:0:0:0:0:
402,0,104959,128,0,105002:0:0:0:0:
36,0,105002,128,0,105044:0:0:0:0:
256,192,105002,1,0,0:0:0:0:
475,0,105002,128,0,105044:0:0:0:0:
109,0,105044,128,0,105087:0:0:0:0:
182,0,105087,128,0,105129:0:0:0:0:
36,192,105129,1,0,0:0:0:0:
256,0,105129,128,0,105171:0:0:0:0:
475,192,105129,1,0,0:0:0:0:
329,0,105171,128,0,105214:0:0:0:0:
402,0,105214,128,0,105256:0:0:0:0:
36,0,105256,128,0,105298:0:0:0:0:
256,192,105256,1,0,0:0:0:0:
475,0,105256,128,0,105298:0:0:0:0:
109,0,105298,128,0,105341:0:0:0:0:
182,0,105341,128,0,105383:0:0:0:0:
36,192,105383,1,0,0:0:0:0:
256,0,105383,128,0,105426:0:0:0:0:
475,192,105383,1,0,0:0:0:0:
329,0,105426,128,0,105468:0:0:0:0:
402,0,105468,128,0,105510:0:0:0:0:
182,192,105510,1,0,0:0:0:0:
475,0,105510,128,0,105553:0:0:0:0:
402,0,105553,128,0,105595:0:0:0:0:
329,0,105595,128,0,105637:0:0:0:0:
36,192,105637,1,0,0:0:0:0:
256,0,105637,128,0,105680:0:0:0:0:
475,192,105637,1,0,0:0:0:0:
182,0,105680,128,0,105722:0:0:0:0:
109,0,105722,128,0,105765:0:0:0:0:
36,0,105765,128,0,105807:0:0:0:0:
182,192,105765,1,0,0:0:0:0:
475,0,105765,128,0,105807:0:0:0:0:
402,0,105807,128,0,105849:0:0:0:0:
329,0,105849,128,0,105892:0:0:0:0:
36,192,105892,1,0,0:0:0:0:
256,0,105892,128,0,105934:0:0:0:0:
475,192,105892,1,0,0:0:0:0:
182,0,105934,128,0,105976:0:0:0:0:
109,0,105976,128,0,106019:0:0:0:0:
36,0,106019,128,0,106061:0:0:0:0:
182,192,106019,1,0,0:0:0:0:
475,0,106019,128,0,106061:0:0:0:0:
402,0,106061,128,0,106104:0:0:0:0:
329,0,106104,128,0,106146:0:0:0:0:
36,192,106146,1,0,0:0:0:0:
256,0,106146,128,0,106188:0:0:0:0:
475,192,106146,1,0,0:0:0:0:
182,0,106188,128,0,106231:0:0:0:0:
109,0,106231,128,0,106273:0:0:0:0:
36,0,106273,128,0,106315:0:0:0:0:
329,192,106273,1,0,0:0:0:0:
109,0,106315,128,0,106358:0:0:0:0:
182,0,106358,128,0,106400:0:0:0:0:
36,192,106400,1,0,0:0:0:0:
256,0,106400,128,0,106443:0:0:0:0:
475,192,106400,1,0,0:0:0:0:
329,0,106443,128,0,106485:0:0:0:0:
402,0,106485,128,0,106527:0:0:0:0:
36,0,106527,128,0,106570:0:0:0:0:
329,192,106527,1,0,0:0:0:0:
475,0,106527,128,0,106570:0:0:0:0:
109,0,106570,128,0,106612:0:0:0:0:
182,0,106612,128,0,106654:0:0:0:0:
36,192,106654,1,0,0:0:0:0:
256,0,106654,128,0,106697:0:0:0:0:
475,192,106654,1,0,0:0:0:0:
329,0,106697,128,0,106739:0:0:0:0:
402,0,106739,128,0,106781:0:0:0:0:
36,0,106781,128,0,106824:0:0:0:0:
329,192,106781,1,0,0:0:0:0:
475,0,106781,128,0,106824:0:0:0:0:
109,0,106824,128,0,106866:0:0:0:0:
182,0,106866,128,0,106909:0:0:0:0:
36,192,106909,1,0,0:0:0:0:
256,0,106909,128,0,106951:0:0:0:0:
475,192,106909,1,0,0:0:0:0:
329,0,106951,128,0,106993:0:0:0:0:
402,0,106993,128,0,107036:0:0:0:0:
256,192,107036,1,0,0:0:0:0:
475,0,107036,128,0,107078:0:0:0:0:
402,0,107078,128,0,107120:0:0:0:0:
329,0,107120,128,0,107163:0:0:0:0:
36,192,107163,1,0,0:0:0:0:
256,0,107163,128,0,107205:0:0:0:0:
475,192,107163,1,0,0:0:0:0:
182,0,107205,128,0,107248:0:0:0:0:
109,0,107248,128,0,107290:0:0:0:0:
36,0,107290,128,0,107332:0:0:0:0:
256,192,107290,1,0,0:0:0:0:
475,0,107290,128,0,107332:0:0:0:0:
402,0,107332,128,0,107375:0:0:0:0:
329,0,107375,128,0,107417:0:0:0:0:
36,192,107417,1,0,0:0:0:0:
256,0,107417,128,0,107459:0:0:0:0:
475,192,107417,1,0,0:0:0:0:
182,0,107459,128,0,107502:0:0:0:0:
109,0,107502,128,0,107544:0:0:0:0:
36,0,107544,128,0,107587:0:0:0:0:
256,192,107544,1,0,0:0:0:0:
475,0,107544,128,0,107587:0:0:0:0:
402,0,107587,128,0,107629:0:0:0:0:
329,0,107629,128,0,107671:0:0:0:0:
36,192,107671,1,0,0:0:0:0:
256,0,107671,128,0,107714:0:0:0:0:
475,192,107671,1,0,0:0:0:0:
182,0,107714,128,0,107756:0:0:0:0:
109,0,107756,128,0,107798:0:0:0:0:
36,0,107798,128,0,107841:0:0:0:0:
329,192,107798,1,0,0:0:0:0:
109,0,107841,128,0,107883:0:0:0:0:
182,0,107883,128,0,107926:0:0:0:0:
36,192,107926,1,0,0:0:0:0:
256,0,107926,128,0,107968:0:0:0:0:
475,192,107926,1,0,0:0:0:0:
329,0,107968,128,0,108010:0:0:0:0:
402,0,108010,128,0,108053:0:0:0:0:
36,0,108053,128,0,108095:0:0:0:0:
256,192,108053,1,0,0:0:0:0:
475,0,108053,128,0,108095:0:0:0:0:
109,0,108095,128,0,108137:0:0:0:0:
182,0,108137,128,0,108180:0:0:0:0:
36,192,108180,1,0,0:0:0:0:
256,0,108180,128,0,108222:0:0:0:0:
475,192,108180,1,0,0:0:0:0:
329,0,108222,128,0,108265:0:0:0:0:
402,0,108265,128,0,108307:0:0:0:0:
36,0,108307,128,0,108349:0:0:0:0:
182,192,108307,1,0,0:0:0:0:
475,0,108307,128,0,108349:0:0:0:0:
109,0,108349,128,0,108392:0:0:0:0:
182,0,108392,128,0,108434:0:0:0:0:
36,192,108434,1,0,0:0:0:0:
256,0,108434,128,0,108476:0:0:0:0:
475,192,108434,1,0,0:0:0:0:
329,0,108476,128,0,108519:0:0:0:0:
402,0,108519,128,0,108561:0:0:0:0:
182,192,108561,1,0,0:0:0:0:
475,0,108561,128,0,108604:0:0:0:0:
402,0,108604,128,0,108646:0:0:0:0:
329,0,108646,128,0,108688:0:0:0:0:
36,192,108688,1,0,0:0:0:0:
256,0,108688,128,0,108731:0:0:0:0:
475,192,108688,1,0,0:0:0:0:
182,0,108731,128,0,108773:0:0:0:0:
109,0,108773,128,0,108815:0:0:0:0:
36,0,108815,128,0,108858:0:0:0:0:
256,192,108815,1,0,0:0:0:0:
475,0,108815,128,0,108858:0:0:0:0:
402,0,108858,128,0,108900:0:0:0:0:
329,0,108900,128,0,108943:0:0:0:0:
36,192,108943,1,0,0:0:0:0:
256,0,108943,128,0,108985:0:0:0:0:
475,192,108943,1,0,0:0:0:0:
182,0,108985,128,0,109027:0:0:0:0:
109,0,109027,128,0,109070:0:0:0:0:
36,0,109070,128,0,109112:0:0:0:0:
329,192,109070,1,0,0:0:0:0:
475,0,109070,128,0,109112:0:0:0:0:
402,0,109112,128,0,109154:0:0:0:0:
329,0,109154,128,0,109197:0:0:0:0:
36,192,109197,1,0,0:0:0:0:
256,0,109197,128,0,109239:0:0:0:0:
475,192,109197,1,0,0:0:0:0:
182,0,109239,128,0,109281:0:0:0:0:
109,0,109281,128,0,109324:0:0:0:0:
36,192,109324,1,0,0:0:0:0:
256,192,109324,1,0,0:0:0:0:
329,192,109324,1,0,0:0:0:0:
402,192,109324,1,0,0:0:0:0:
475,192,109324,1,0,0:0:0:0:
36,192,109578,1,0,0:0:0:0:
109,192,109578,1,0,0:0:0:0:
182,192,109578,1,0,0:0:0:0:
329,192,109578,1,0,0:0:0:0:
402,192,109578,1,0,0:0:0:0:
475,192,109578,1,0,0:0:0:0:
36,192,109832,1,0,0:0:0:0:
109,192,109832,1,0,0:0:0:0:
182,192,109832,1,0,0:0:0:0:
256,192,109832,1,0,0:0:0:0:
329,192,109832,1,0,0:0:0:0:
402,192,109832,1,0,0:0:0:0:
475,192,109832,1,0,0:0:0:0:
36,0,110087,128,0,110277:0:0:0:0:
109,0,110087,128,0,110341:0:0:0:0:
182,0,110087,128,0,110277:0:0:0:0:
329,0,110087,128,0,110150:0:0:0:0:
402,0,110087,128,0,110214:0:0:0:0:
475,0,110087,128,0,110277:0:0:0:0:
256,0,110150,128,0,110277:0:0:0:0:
329,0,110214,128,0,110277:0:0:0:0:
402,0,110277,128,0,110531:0:0:0:0:
36,0,110341,128,0,110531:0:0:0:0:
182,0,110341,128,0,110404:0:0:0:0:
256,0,110341,128,0,110468:0:0:0:0:
329,0,110341,128,0,110531:0:0:0:0:
475,0,110341,128,0,110531:0:0:0:0:
109,0,110404,128,0,110531:0:0:0:0:
182,0,110468,128,0,110531:0:0:0:0:
256,0,110531,128,0,110595:0:0:0:0:
36,0,110595,128,0,110786:0:0:0:0:
109,0,110595,128,0,110722:0:0:0:0:
182,0,110595,128,0,110659:0:0:0:0:
329,0,110595,128,0,110659:0:0:0:0:
402,0,110595,128,0,110722:0:0:0:0:
475,0,110595,128,0,110786:0:0:0:0:
256,0,110659,128,0,110786:0:0:0:0:
182,0,110722,128,0,110786:0:0:0:0:
329,0,110722,128,0,110786:0:0:0:0:
109,0,110786,128,0,111188:0:0:0:0:
402,0,110786,128,0,111188:0:0:0:0:
36,0,110849,128,0,112820:0:0:0:0:
182,0,110849,128,0,112820:0:0:0:0:
256,0,110849,128,0,111188:0:0:0:0:
329,0,110849,128,0,112820:0:0:0:0:
475,0,110849,128,0,112820:0:0:0:0:
109,192,111273,1,0,0:0:0:0:
256,192,111358,1,0,0:0:0:0:
402,192,111443,1,0,0:0:0:0:
109,192,111527,1,0,0:0:0:0:
256,192,111612,1,0,0:0:0:0:
402,192,111697,1,0,0:0:0:0:
109,192,111781,1,0,0:0:0:0:
256,192,111866,1,0,0:0:0:0:
402,192,111951,1,0,0:0:0:0:
36,0,112883,128,0,112888:0:0:0:0:
109,0,112883,128,0,112888:0:0:0:0:
182,0,112883,128,0,112888:0:0:0:0:
256,0,112883,128,0,112888:0:0:0:0:
329,0,112883,128,0,112888:0:0:0:0:
402,0,112883,128,0,112888:0:0:0:0:
475,0,112883,128,0,112888:0:0:0:0:
36,0,113010,128,0,113016:0:0:0:0:
109,0,113010,128,0,113016:0:0:0:0:
182,0,113010,128,0,113016:0:0:0:0:
256,0,113010,128,0,113016:0:0:0:0:
329,0,113010,128,0,113016:0:0:0:0:
402,0,113010,128,0,113016:0:0:0:0:
475,0,113010,128,0,113016:0:0:0:0:
36,0,113137,128,0,113143:0:0:0:0:
109,0,113137,128,0,113143:0:0:0:0:
182,0,113137,128,0,113143:0:0:0:0:
256,0,113137,128,0,113143:0:0:0:0:
329,0,113137,128,0,113143:0:0:0:0:
402,0,113137,128,0,113143:0:0:0:0:
475,0,113137,128,0,113143:0:0:0:0:
36,0,113265,128,0,113270:0:0:0:0:
109,0,113265,128,0,113270:0:0:0:0:
182,0,113265,128,0,113270:0:0:0:0:
256,0,113265,128,0,113270:0:0:0:0:
329,0,113265,128,0,113270:0:0:0:0:
402,0,113265,128,0,113270:0:0:0:0:
475,0,113265,128,0,113270:0:0:0:0:
36,0,113392,128,0,113397:0:0:0:0:
109,0,113392,128,0,113397:0:0:0:0:
182,0,113392,128,0,113397:0:0:0:0:
256,0,113392,128,0,113397:0:0:0:0:
329,0,113392,128,0,113397:0:0:0:0:
402,0,113392,128,0,113397:0:0:0:0:
475,0,113392,128,0,113397:0:0:0:0:
36,0,113519,128,0,113524:0:0:0:0:
109,0,113519,128,0,113524:0:0:0:0:
182,0,113519,128,0,113524:0:0:0:0:
256,0,113519,128,0,113524:0:0:0:0:
329,0,113519,128,0,113524:0:0:0:0:
402,0,113519,128,0,113524:0:0:0:0:
475,0,113519,128,0,113524:0:0:0:0:
36,0,113646,128,0,113651:0:0:0:0:
109,0,113646,128,0,113651:0:0:0:0:
182,0,113646,128,0,113651:0:0:0:0:
256,0,113646,128,0,113651:0:0:0:0:
329,0,113646,128,0,113651:0:0:0:0:
402,0,113646,128,0,113651:0:0:0:0:
475,0,113646,128,0,113651:0:0:0:0:
36,0,113773,128,0,113778:0:0:0:0:
109,0,113773,128,0,113778:0:0:0:0:
182,0,113773,128,0,113778:0:0:0:0:
256,0,113773,128,0,113778:0:0:0:0:
329,0,113773,128,0,113778:0:0:0:0:
402,0,113773,128,0,113778:0:0:0:0:
475,0,113773,128,0,113778:0:0:0:0:
36,0,113900,128,0,113905:0:0:0:0:
109,0,113900,128,0,113905:0:0:0:0:
182,0,113900,128,0,113905:0:0:0:0:
256,0,113900,128,0,113905:0:0:0:0:
329,0,113900,128,0,113905:0:0:0:0:
402,0,113900,128,0,113905:0:0:0:0:
475,0,113900,128,0,113905:0:0:0:0:
36,0,114027,128,0,114033:0:0:0:0:
109,0,114027,128,0,114033:0:0:0:0:
182,0,114027,128,0,114033:0:0:0:0:
256,0,114027,128,0,114033:0:0:0:0:
329,0,114027,128,0,114033:0:0:0:0:
402,0,114027,128,0,114033:0:0:0:0:
475,0,114027,128,0,114033:0:0:0:0:
36,0,114154,128,0,114160:0:0:0:0:
109,0,114154,128,0,114160:0:0:0:0:
182,0,114154,128,0,114160:0:0:0:0:
256,0,114154,128,0,114160:0:0:0:0:
329,0,114154,128,0,114160:0:0:0:0:
402,0,114154,128,0,114160:0:0:0:0:
475,0,114154,128,0,114160:0:0:0:0:
36,0,114281,128,0,114287:0:0:0:0:
109,0,114281,128,0,114287:0:0:0:0:
182,0,114281,128,0,114287:0:0:0:0:
256,0,114281,128,0,114287:0:0:0:0:
329,0,114281,128,0,114287:0:0:0:0:
402,0,114281,128,0,114287:0:0:0:0:
475,0,114281,128,0,114287:0:0:0:0:
36,0,114409,128,0,114414:0:0:0:0:
109,0,114409,128,0,114414:0:0:0:0:
182,0,114409,128,0,114414:0:0:0:0:
256,0,114409,128,0,114414:0:0:0:0:
329,0,114409,128,0,114414:0:0:0:0:
402,0,114409,128,0,114414:0:0:0:0:
475,0,114409,128,0,114414:0:0:0:0:
36,0,114536,128,0,114541:0:0:0:0:
109,0,114536,128,0,114541:0:0:0:0:
182,0,114536,128,0,114541:0:0:0:0:
256,0,114536,128,0,114541:0:0:0:0:
329,0,114536,128,0,114541:0:0:0:0:
402,0,114536,128,0,114541:0:0:0:0:
475,0,114536,128,0,114541:0:0:0:0:
36,0,114663,128,0,114668:0:0:0:0:
109,0,114663,128,0,114668:0:0:0:0:
182,0,114663,128,0,114668:0:0:0:0:
256,0,114663,128,0,114668:0:0:0:0:
329,0,114663,128,0,114668:0:0:0:0:
402,0,114663,128,0,114668:0:0:0:0:
475,0,114663,128,0,114668:0:0:0:0:
36,0,114790,128,0,114795:0:0:0:0:
109,0,114790,128,0,114795:0:0:0:0:
182,0,114790,128,0,114795:0:0:0:0:
256,0,114790,128,0,114795:0:0:0:0:
329,0,114790,128,0,114795:0:0:0:0:
402,0,114790,128,0,114795:0:0:0:0:
475,0,114790,128,0,114795:0:0:0:0:
36,0,115298,128,0,115304:0:0:0:0:
109,0,115298,128,0,115304:0:0:0:0:
182,0,115298,128,0,115304:0:0:0:0:
256,0,115298,128,0,115304:0:0:0:0:
329,0,115298,128,0,115304:0:0:0:0:
402,0,115298,128,0,115304:0:0:0:0:
475,0,115298,128,0,115304:0:0:0:0:
36,192,115426,1,0,0:0:0:0:
182,192,115426,1,0,0:0:0:0:
256,192,115457,1,0,0:0:0:0:
109,192,115468,1,0,0:0:0:0:
329,192,115489,1,0,0:0:0:0:
182,192,115510,1,0,0:0:0:0:
402,192,115521,1,0,0:0:0:0:
256,192,115553,1,0,0:0:0:0:
475,192,115553,1,0,0:0:0:0:
36,192,115584,1,0,0:0:0:0:
329,192,115595,1,0,0:0:0:0:
109,192,115616,1,0,0:0:0:0:
402,192,115637,1,0,0:0:0:0:
182,192,115648,1,0,0:0:0:0:
256,192,115680,1,0,0:0:0:0:
475,192,115680,1,0,0:0:0:0:
182,192,115712,1,0,0:0:0:0:
402,192,115722,1,0,0:0:0:0:
109,192,115743,1,0,0:0:0:0:
329,192,115765,1,0,0:0:0:0:
36,192,115775,1,0,0:0:0:0:
256,192,115807,1,0,0:0:0:0:
475,192,115807,1,0,0:0:0:0:
402,192,115839,1,0,0:0:0:0:
182,192,115849,1,0,0:0:0:0:
329,192,115870,1,0,0:0:0:0:
109,192,115892,1,0,0:0:0:0:
256,192,115902,1,0,0:0:0:0:
36,192,115934,1,0,0:0:0:0:
182,192,115934,1,0,0:0:0:0:
256,192,115966,1,0,0:0:0:0:
109,192,115976,1,0,0:0:0:0:
329,192,115998,1,0,0:0:0:0:
182,192,116019,1,0,0:0:0:0:
402,192,116029,1,0,0:0:0:0:
256,192,116061,1,0,0:0:0:0:
475,192,116061,1,0,0:0:0:0:
36,192,116093,1,0,0:0:0:0:
329,192,116104,1,0,0:0:0:0:
109,192,116125,1,0,0:0:0:0:
402,192,116146,1,0,0:0:0:0:
182,192,116156,1,0,0:0:0:0:
256,192,116188,1,0,0:0:0:0:
475,192,116188,1,0,0:0:0:0:
329,192,116220,1,0,0:0:0:0:
402,192,116231,1,0,0:0:0:0:
256,192,116252,1,0,0:0:0:0:
329,192,116273,1,0,0:0:0:0:
182,192,116284,1,0,0:0:0:0:
109,192,116315,1,0,0:0:0:0:
256,192,116315,1,0,0:0:0:0:
36,192,116347,1,0,0:0:0:0:
182,192,116358,1,0,0:0:0:0:
475,192,116379,1,0,0:0:0:0:
109,192,116400,1,0,0:0:0:0:
402,192,116411,1,0,0:0:0:0:
36,192,116443,1,0,0:0:0:0:
329,192,116443,1,0,0:0:0:0:
256,192,116474,1,0,0:0:0:0:
109,192,116485,1,0,0:0:0:0:
329,192,116506,1,0,0:0:0:0:
182,192,116527,1,0,0:0:0:0:
402,192,116538,1,0,0:0:0:0:
256,192,116570,1,0,0:0:0:0:
475,192,116570,1,0,0:0:0:0:
36,192,116601,1,0,0:0:0:0:
329,192,116612,1,0,0:0:0:0:
109,192,116633,1,0,0:0:0:0:
402,192,116654,1,0,0:0:0:0:
182,192,116665,1,0,0:0:0:0:
256,192,116697,1,0,0:0:0:0:
475,192,116697,1,0,0:0:0:0:
182,192,116729,1,0,0:0:0:0:
402,192,116739,1,0,0:0:0:0:
109,192,116760,1,0,0:0:0:0:
329,192,116781,1,0,0:0:0:0:
36,192,116792,1,0,0:0:0:0:
256,192,116824,1,0,0:0:0:0:
475,192,116824,1,0,0:0:0:0:
402,192,116856,1,0,0:0:0:0:
182,192,116866,1,0,0:0:0:0:
329,192,116887,1,0,0:0:0:0:
109,192,116909,1,0,0:0:0:0:
256,192,116919,1,0,0:0:0:0:
36,192,116951,1,0,0:0:0:0:
182,192,116951,1,0,0:0:0:0:
256,192,116983,1,0,0:0:0:0:
109,192,116993,1,0,0:0:0:0:
329,192,117015,1,0,0:0:0:0:
182,192,117036,1,0,0:0:0:0:
402,192,117046,1,0,0:0:0:0:
256,192,117078,1,0,0:0:0:0:
475,192,117078,1,0,0:0:0:0:
36,192,117110,1,0,0:0:0:0:
329,192,117120,1,0,0:0:0:0:
109,192,117142,1,0,0:0:0:0:
402,192,117163,1,0,0:0:0:0:
182,192,117173,1,0,0:0:0:0:
256,192,117205,1,0,0:0:0:0:
475,192,117205,1,0,0:0:0:0:
182,192,117237,1,0,0:0:0:0:
402,192,117248,1,0,0:0:0:0:
109,192,117269,1,0,0:0:0:0:
329,192,117290,1,0,0:0:0:0:
36,192,117301,1,0,0:0:0:0:
256,192,117332,1,0,0:0:0:0:
475,192,117332,1,0,0:0:0:0:
402,192,117364,1,0,0:0:0:0:
182,192,117375,1,0,0:0:0:0:
329,192,117396,1,0,0:0:0:0:
109,192,117417,1,0,0:0:0:0:
256,192,117428,1,0,0:0:0:0:
36,192,117459,1,0,0:0:0:0:
182,192,117459,1,0,0:0:0:0:
256,192,117491,1,0,0:0:0:0:
109,192,117502,1,0,0:0:0:0:
329,192,117523,1,0,0:0:0:0:
182,192,117544,1,0,0:0:0:0:
402,192,117555,1,0,0:0:0:0:
256,192,117587,1,0,0:0:0:0:
475,192,117587,1,0,0:0:0:0:
36,192,117618,1,0,0:0:0:0:
329,192,117629,1,0,0:0:0:0:
109,192,117650,1,0,0:0:0:0:
402,192,117671,1,0,0:0:0:0:
182,192,117682,1,0,0:0:0:0:
256,192,117714,1,0,0:0:0:0:
475,192,117714,1,0,0:0:0:0:
329,192,117745,1,0,0:0:0:0:
402,192,117756,1,0,0:0:0:0:
256,192,117777,1,0,0:0:0:0:
329,192,117798,1,0,0:0:0:0:
182,192,117809,1,0,0:0:0:0:
109,192,117841,1,0,0:0:0:0:
256,192,117841,1,0,0:0:0:0:
36,192,117873,1,0,0:0:0:0:
182,192,117883,1,0,0:0:0:0:
475,192,117904,1,0,0:0:0:0:
109,192,117926,1,0,0:0:0:0:
402,192,117936,1,0,0:0:0:0:
36,192,117968,1,0,0:0:0:0:
329,192,117968,1,0,0:0:0:0:
256,192,118000,1,0,0:0:0:0:
109,192,118010,1,0,0:0:0:0:
329,192,118031,1,0,0:0:0:0:
182,192,118053,1,0,0:0:0:0:
402,192,118063,1,0,0:0:0:0:
256,192,118095,1,0,0:0:0:0:
475,192,118095,1,0,0:0:0:0:
36,192,118127,1,0,0:0:0:0:
329,192,118137,1,0,0:0:0:0:
109,192,118159,1,0,0:0:0:0:
402,192,118180,1,0,0:0:0:0:
182,192,118190,1,0,0:0:0:0:
256,192,118222,1,0,0:0:0:0:
475,192,118222,1,0,0:0:0:0:
182,192,118254,1,0,0:0:0:0:
402,192,118265,1,0,0:0:0:0:
109,192,118286,1,0,0:0:0:0:
329,192,118307,1,0,0:0:0:0:
36,192,118318,1,0,0:0:0:0:
256,192,118349,1,0,0:0:0:0:
475,192,118349,1,0,0:0:0:0:
402,192,118381,1,0,0:0:0:0:
182,192,118392,1,0,0:0:0:0:
329,192,118413,1,0,0:0:0:0:
109,192,118434,1,0,0:0:0:0:
256,192,118445,1,0,0:0:0:0:
36,192,118476,1,0,0:0:0:0:
109,192,118476,1,0,0:0:0:0:
182,192,118476,1,0,0:0:0:0:
