[Metadata]
croiX
TeamGrimoire+Amaneko
inava
Sound Voltex
72
0

[TimingPoints]
1550,307.692307692308,4,2,1,0,1,0
8934,333.333333333333,4,2,1,0,1,0
9600,352.941176470588,4,2,1,0,1,0
10305,375,4,2,1,0,1,0
13294,307.692307692308,4,2,1,0,1,0
56993,315.789473684211,4,2,1,0,1,0
57624,324.324324324324,4,2,1,0,1,0
58272,333.333333333333,4,2,1,0,1,0
58938,342.857142857143,4,2,1,0,1,0
59623,352.941176470588,4,2,1,0,1,0
60328,363.636363636364,4,2,1,0,1,0
61055,375,4,2,1,0,1,0
62555,363.636363636364,4,2,1,0,1,0
63282,352.941176470588,4,2,1,0,1,0
63987,342.857142857143,4,2,1,0,1,0
64672,333.333333333333,4,2,1,0,1,0
65338,324.324324324324,4,2,1,0,1,0
65986,315.789473684211,4,2,1,0,1,0
66617,307.692307692308,4,2,1,0,1,0
67232,307.692307692308,4,2,1,0,1,0


[HitObjects]
182,192,1549,5,0,0:0:0:0:
329,192,1703,1,0,0:0:0:0:
475,192,1857,1,0,0:0:0:0:
402,192,2011,1,0,0:0:0:0:
109,192,2165,1,0,0:0:0:0:
329,192,2165,1,0,0:0:0:0:
182,192,2319,1,0,0:0:0:0:
36,192,2473,1,0,0:0:0:0:
256,192,2473,1,0,0:0:0:0:
109,192,2626,1,0,0:0:0:0:
329,192,2626,1,0,0:0:0:0:
475,192,2780,1,0,0:0:0:0:
182,192,2780,128,0,3088:0:0:0:0:
402,192,2780,128,0,3088:0:0:0:0:
36,192,3088,1,0,0:0:0:0:
256,192,3088,1,0,0:0:0:0:
329,192,3242,1,0,0:0:0:0:
475,192,3242,1,0,0:0:0:0:
182,192,3396,1,0,0:0:0:0:
402,192,3396,1,0,0:0:0:0:
109,192,3550,1,0,0:0:0:0:
329,192,3550,1,0,0:0:0:0:
36,192,3703,1,0,0:0:0:0:
182,192,3703,1,0,0:0:0:0:
475,192,3703,1,0,0:0:0:0:
256,192,3857,1,0,0:0:0:0:
402,192,3857,1,0,0:0:0:0:
36,192,4011,1,0,0:0:0:0:
329,192,4011,1,0,0:0:0:0:
109,192,4165,1,0,0:0:0:0:
256,192,4165,1,0,0:0:0:0:
402,192,4319,1,0,0:0:0:0:
36,192,4319,1,0,0:0:0:0:
182,192,4473,1,0,0:0:0:0:
402,192,4473,1,0,0:0:0:0:
475,192,4626,1,0,0:0:0:0:
36,192,4626,1,0,0:0:0:0:
256,192,4626,1,0,0:0:0:0:
402,192,4934,1,0,0:0:0:0:
182,192,5088,1,0,0:0:0:0:
402,192,5242,1,0,0:0:0:0:
182,192,5396,1,0,0:0:0:0:
36,192,5550,1,0,0:0:0:0:
109,192,5703,1,0,0:0:0:0:
256,192,5857,1,0,0:0:0:0:
329,192,6165,1,0,0:0:0:0:
475,192,6473,1,0,0:0:0:0:
182,192,6473,1,0,0:0:0:0:
182,192,6780,1,0,0:0:0:0:
475,192,6780,1,0,0:0:0:0:
256,192,6934,1,0,0:0:0:0:
36,192,6934,1,0,0:0:0:0:
182,192,7088,1,0,0:0:0:0:
475,192,7088,1,0,0:0:0:0:
109,192,7396,1,0,0:0:0:0:
329,192,7396,1,0,0:0:0:0:
182,192,7550,1,0,0:0:0:0:
402,192,7550,1,0,0:0:0:0:
256,192,7703,1,0,0:0:0:0:
475,192,7703,1,0,0:0:0:0:
36,192,7703,1,0,0:0:0:0:
182,192,7857,1,0,0:0:0:0:
402,192,7857,1,0,0:0:0:0:
329,192,8011,1,0,0:0:0:0:
109,192,8011,1,0,0:0:0:0:
256,192,8165,1,0,0:0:0:0:
475,192,8165,1,0,0:0:0:0:
182,192,8319,1,0,0:0:0:0:
402,192,8319,1,0,0:0:0:0:
36,192,8319,1,0,0:0:0:0:
256,192,8473,1,0,0:0:0:0:
109,192,8626,1,0,0:0:0:0:
329,192,8626,1,0,0:0:0:0:
475,192,8626,1,0,0:0:0:0:
182,192,8780,1,0,0:0:0:0:
36,192,8934,1,0,0:0:0:0:
256,192,8934,1,0,0:0:0:0:
475,192,8934,1,0,0:0:0:0:
109,192,9100,1,0,0:0:0:0:
402,192,9100,1,0,0:0:0:0:
182,192,9267,1,0,0:0:0:0:
329,192,9267,1,0,0:0:0:0:
36,192,9434,1,0,0:0:0:0:
475,192,9434,1,0,0:0:0:0:
109,192,9600,1,0,0:0:0:0:
256,192,9600,1,0,0:0:0:0:
256,192,9776,1,0,0:0:0:0:
402,192,9776,1,0,0:0:0:0:
182,192,9952,1,0,0:0:0:0:
475,192,9952,1,0,0:0:0:0:
36,192,10129,1,0,0:0:0:0:
256,192,10129,1,0,0:0:0:0:
402,192,10129,1,0,0:0:0:0:
475,192,10305,1,0,0:0:0:0:
329,192,10305,1,0,0:0:0:0:
109,192,10305,1,0,0:0:0:0:
182,192,10492,1,0,0:0:0:0:
36,192,10492,1,0,0:0:0:0:
402,192,10492,1,0,0:0:0:0:
475,192,10680,1,0,0:0:0:0:
329,192,10680,1,0,0:0:0:0:
109,192,10680,1,0,0:0:0:0:
36,192,10867,1,0,0:0:0:0:
182,192,10867,1,0,0:0:0:0:
402,192,10867,1,0,0:0:0:0:
475,192,11055,1,0,0:0:0:0:
256,192,11055,1,0,0:0:0:0:
182,192,11242,1,0,0:0:0:0:
402,192,11242,1,0,0:0:0:0:
36,192,11430,128,0,16909:0:0:0:0:
329,192,11430,1,0,0:0:0:0:
109,192,11430,128,0,15755:0:0:0:0:
256,192,15755,1,0,0:0:0:0:
402,192,15755,1,0,0:0:0:0:
109,192,15832,1,0,0:0:0:0:
182,192,15909,1,0,0:0:0:0:
256,192,15986,1,0,0:0:0:0:
329,192,16063,1,0,0:0:0:0:
475,192,16063,1,0,0:0:0:0:
182,192,16140,1,0,0:0:0:0:
256,192,16217,1,0,0:0:0:0:
329,192,16294,1,0,0:0:0:0:
402,192,16370,1,0,0:0:0:0:
109,192,16370,1,0,0:0:0:0:
256,192,16447,1,0,0:0:0:0:
329,192,16524,1,0,0:0:0:0:
402,192,16601,1,0,0:0:0:0:
182,192,16678,1,0,0:0:0:0:
475,192,16678,1,0,0:0:0:0:
109,192,16755,1,0,0:0:0:0:
256,192,16832,1,0,0:0:0:0:
402,192,16909,1,0,0:0:0:0:
36,192,16986,1,0,0:0:0:0:
109,192,16986,1,0,0:0:0:0:
475,192,16986,1,0,0:0:0:0:
256,192,16986,1,0,0:0:0:0:
182,192,16986,128,0,17217:0:0:0:0:
329,192,17063,1,0,0:0:0:0:
475,192,17140,1,0,0:0:0:0:
256,192,17140,128,0,17294:0:0:0:0:
36,192,17294,1,0,0:0:0:0:
182,192,17294,1,0,0:0:0:0:
402,192,17294,1,0,0:0:0:0:
109,192,17294,1,0,0:0:0:0:
256,192,17447,1,0,0:0:0:0:
475,192,17447,1,0,0:0:0:0:
36,192,17447,1,0,0:0:0:0:
109,192,17447,1,0,0:0:0:0:
182,192,17447,128,0,17678:0:0:0:0:
329,192,17524,1,0,0:0:0:0:
475,192,17601,1,0,0:0:0:0:
256,192,17601,128,0,17755:0:0:0:0:
36,192,17755,1,0,0:0:0:0:
182,192,17755,1,0,0:0:0:0:
402,192,17755,1,0,0:0:0:0:
109,192,17755,1,0,0:0:0:0:
475,192,17909,1,0,0:0:0:0:
329,192,17909,1,0,0:0:0:0:
256,192,17909,1,0,0:0:0:0:
109,192,17909,1,0,0:0:0:0:
182,192,18063,1,0,0:0:0:0:
402,192,18063,1,0,0:0:0:0:
109,192,18140,1,0,0:0:0:0:
402,192,18217,1,0,0:0:0:0:
329,192,18217,128,0,18447:0:0:0:0:
256,192,18217,1,0,0:0:0:0:
36,192,18217,1,0,0:0:0:0:
475,192,18217,1,0,0:0:0:0:
182,192,18294,1,0,0:0:0:0:
256,192,18370,128,0,18524:0:0:0:0:
36,192,18370,1,0,0:0:0:0:
109,192,18524,1,0,0:0:0:0:
475,192,18524,1,0,0:0:0:0:
402,192,18524,1,0,0:0:0:0:
329,192,18524,1,0,0:0:0:0:
329,192,18678,128,0,18909:0:0:0:0:
256,192,18678,1,0,0:0:0:0:
36,192,18678,1,0,0:0:0:0:
475,192,18678,1,0,0:0:0:0:
402,192,18678,1,0,0:0:0:0:
182,192,18755,1,0,0:0:0:0:
36,192,18832,1,0,0:0:0:0:
256,192,18832,128,0,18986:0:0:0:0:
402,192,18986,1,0,0:0:0:0:
329,192,18986,1,0,0:0:0:0:
475,192,18986,1,0,0:0:0:0:
109,192,18986,1,0,0:0:0:0:
256,192,19140,1,0,0:0:0:0:
36,192,19140,1,0,0:0:0:0:
182,192,19140,1,0,0:0:0:0:
402,192,19140,1,0,0:0:0:0:
329,192,19294,1,0,0:0:0:0:
109,192,19294,1,0,0:0:0:0:
402,192,19370,1,0,0:0:0:0:
36,192,19447,1,0,0:0:0:0:
182,192,19447,128,0,19678:0:0:0:0:
475,192,19447,1,0,0:0:0:0:
256,192,19447,1,0,0:0:0:0:
109,192,19447,1,0,0:0:0:0:
329,192,19524,1,0,0:0:0:0:
475,192,19601,1,0,0:0:0:0:
256,192,19601,128,0,19755:0:0:0:0:
402,192,19755,1,0,0:0:0:0:
109,192,19755,1,0,0:0:0:0:
36,192,19755,1,0,0:0:0:0:
182,192,19755,1,0,0:0:0:0:
475,192,19909,1,0,0:0:0:0:
109,192,19909,1,0,0:0:0:0:
182,192,19909,128,0,20140:0:0:0:0:
256,192,19909,1,0,0:0:0:0:
36,192,19909,1,0,0:0:0:0:
329,192,19986,1,0,0:0:0:0:
256,192,20063,128,0,20217:0:0:0:0:
475,192,20063,1,0,0:0:0:0:
182,192,20217,1,0,0:0:0:0:
402,192,20217,1,0,0:0:0:0:
36,192,20217,1,0,0:0:0:0:
109,192,20217,1,0,0:0:0:0:
256,192,20370,1,0,0:0:0:0:
475,192,20370,1,0,0:0:0:0:
109,192,20370,1,0,0:0:0:0:
329,192,20370,1,0,0:0:0:0:
182,192,20524,1,0,0:0:0:0:
329,192,20524,1,0,0:0:0:0:
109,192,20601,1,0,0:0:0:0:
402,192,20601,1,0,0:0:0:0:
256,192,20678,1,0,0:0:0:0:
36,192,20678,128,0,21140:0:0:0:0:
475,192,20678,128,0,21140:0:0:0:0:
109,192,20832,1,0,0:0:0:0:
256,192,20832,1,0,0:0:0:0:
182,192,20909,1,0,0:0:0:0:
329,192,20909,1,0,0:0:0:0:
256,192,20986,1,0,0:0:0:0:
402,192,20986,1,0,0:0:0:0:
182,192,21140,1,0,0:0:0:0:
329,192,21140,1,0,0:0:0:0:
36,192,21217,1,0,0:0:0:0:
475,192,21217,1,0,0:0:0:0:
182,192,21294,128,0,21755:0:0:0:0:
329,192,21294,128,0,21755:0:0:0:0:
36,192,21447,1,0,0:0:0:0:
402,192,21447,1,0,0:0:0:0:
256,192,21524,1,0,0:0:0:0:
109,192,21601,1,0,0:0:0:0:
475,192,21601,1,0,0:0:0:0:
36,192,21755,1,0,0:0:0:0:
475,192,21755,1,0,0:0:0:0:
182,192,21832,1,0,0:0:0:0:
329,192,21832,1,0,0:0:0:0:
36,192,21909,1,0,0:0:0:0:
475,192,21909,1,0,0:0:0:0:
402,192,21909,128,0,22601:0:0:0:0:
109,192,21909,128,0,22140:0:0:0:0:
256,192,21909,1,0,0:0:0:0:
182,192,22063,128,0,22217:0:0:0:0:
329,192,22063,1,0,0:0:0:0:
36,192,22217,1,0,0:0:0:0:
109,192,22217,1,0,0:0:0:0:
256,192,22217,1,0,0:0:0:0:
475,192,22217,1,0,0:0:0:0:
36,192,22370,1,0,0:0:0:0:
109,192,22370,1,0,0:0:0:0:
329,192,22370,1,0,0:0:0:0:
36,192,22524,128,0,23063:0:0:0:0:
256,192,22524,1,0,0:0:0:0:
475,192,22678,1,0,0:0:0:0:
402,192,22678,1,0,0:0:0:0:
109,192,22678,1,0,0:0:0:0:
182,192,22678,128,0,22909:0:0:0:0:
329,192,22832,128,0,22986:0:0:0:0:
256,192,22832,1,0,0:0:0:0:
475,192,22832,1,0,0:0:0:0:
402,192,22832,1,0,0:0:0:0:
475,192,22986,128,0,23063:0:0:0:0:
182,192,22986,1,0,0:0:0:0:
329,192,23063,1,0,0:0:0:0:
402,192,23140,128,0,23832:0:0:0:0:
109,192,23140,128,0,23370:0:0:0:0:
256,192,23140,1,0,0:0:0:0:
36,192,23140,1,0,0:0:0:0:
475,192,23140,1,0,0:0:0:0:
182,192,23294,128,0,23447:0:0:0:0:
329,192,23294,1,0,0:0:0:0:
36,192,23447,1,0,0:0:0:0:
256,192,23447,1,0,0:0:0:0:
475,192,23447,1,0,0:0:0:0:
109,192,23447,1,0,0:0:0:0:
109,192,23601,1,0,0:0:0:0:
36,192,23601,1,0,0:0:0:0:
329,192,23601,128,0,23678:0:0:0:0:
182,192,23678,128,0,23755:0:0:0:0:
329,192,23755,128,0,24217:0:0:0:0:
109,192,23755,128,0,24294:0:0:0:0:
36,192,23755,1,0,0:0:0:0:
402,192,23909,1,0,0:0:0:0:
475,192,23909,1,0,0:0:0:0:
256,192,23909,1,0,0:0:0:0:
475,192,24063,1,0,0:0:0:0:
402,192,24063,1,0,0:0:0:0:
36,192,24063,1,0,0:0:0:0:
182,192,24063,128,0,24294:0:0:0:0:
256,192,24217,1,0,0:0:0:0:
36,192,24217,128,0,24370:0:0:0:0:
329,192,24294,1,0,0:0:0:0:
109,192,24370,1,0,0:0:0:0:
402,192,24370,1,0,0:0:0:0:
182,192,24370,128,0,24601:0:0:0:0:
475,192,24370,1,0,0:0:0:0:
256,192,24524,128,0,24678:0:0:0:0:
329,192,24524,1,0,0:0:0:0:
475,192,24524,1,0,0:0:0:0:
182,192,24678,1,0,0:0:0:0:
36,192,24678,1,0,0:0:0:0:
475,192,24678,1,0,0:0:0:0:
109,192,24678,1,0,0:0:0:0:
109,192,24832,1,0,0:0:0:0:
36,192,24832,1,0,0:0:0:0:
329,192,24832,128,0,25063:0:0:0:0:
256,192,24986,128,0,25140:0:0:0:0:
475,192,24986,1,0,0:0:0:0:
182,192,24986,1,0,0:0:0:0:
36,192,24986,1,0,0:0:0:0:
475,192,25140,1,0,0:0:0:0:
329,192,25140,1,0,0:0:0:0:
475,192,25294,1,0,0:0:0:0:
402,192,25294,1,0,0:0:0:0:
182,192,25294,1,0,0:0:0:0:
36,192,25294,1,0,0:0:0:0:
402,192,25447,1,0,0:0:0:0:
36,192,25447,128,0,25678:0:0:0:0:
475,192,25447,1,0,0:0:0:0:
329,192,25486,1,0,0:0:0:0:
256,192,25524,1,0,0:0:0:0:
182,192,25563,1,0,0:0:0:0:
109,192,25601,128,0,25678:0:0:0:0:
475,192,25601,1,0,0:0:0:0:
109,192,25755,1,0,0:0:0:0:
475,192,25755,128,0,25986:0:0:0:0:
36,192,25755,128,0,25832:0:0:0:0:
182,192,25794,1,0,0:0:0:0:
256,192,25832,1,0,0:0:0:0:
329,192,25870,1,0,0:0:0:0:
402,192,25909,128,0,25986:0:0:0:0:
36,192,25909,1,0,0:0:0:0:
36,192,26063,128,0,26294:0:0:0:0:
182,192,26063,1,0,0:0:0:0:
475,192,26063,128,0,26140:0:0:0:0:
256,192,26101,1,0,0:0:0:0:
329,192,26140,1,0,0:0:0:0:
109,192,26140,1,0,0:0:0:0:
402,192,26178,1,0,0:0:0:0:
475,192,26217,1,0,0:0:0:0:
182,192,26217,128,0,26294:0:0:0:0:
475,192,26370,128,0,26601:0:0:0:0:
36,192,26370,128,0,26447:0:0:0:0:
329,192,26370,1,0,0:0:0:0:
256,192,26409,1,0,0:0:0:0:
182,192,26447,1,0,0:0:0:0:
402,192,26447,1,0,0:0:0:0:
109,192,26486,1,0,0:0:0:0:
329,192,26524,1,0,0:0:0:0:
36,192,26524,1,0,0:0:0:0:
402,192,26563,1,0,0:0:0:0:
256,192,26601,1,0,0:0:0:0:
109,192,26640,1,0,0:0:0:0:
182,192,26678,1,0,0:0:0:0:
475,192,26678,128,0,26755:0:0:0:0:
36,192,26678,128,0,26755:0:0:0:0:
256,192,26717,1,0,0:0:0:0:
329,192,26755,1,0,0:0:0:0:
109,192,26755,1,0,0:0:0:0:
402,192,26794,1,0,0:0:0:0:
475,192,26832,1,0,0:0:0:0:
36,192,26832,1,0,0:0:0:0:
256,192,26832,1,0,0:0:0:0:
329,192,26832,128,0,27063:0:0:0:0:
182,192,26832,1,0,0:0:0:0:
109,192,26909,1,0,0:0:0:0:
36,192,26986,1,0,0:0:0:0:
256,192,26986,128,0,27140:0:0:0:0:
402,192,27140,1,0,0:0:0:0:
475,192,27140,1,0,0:0:0:0:
329,192,27140,1,0,0:0:0:0:
109,192,27140,1,0,0:0:0:0:
256,192,27294,1,0,0:0:0:0:
36,192,27294,1,0,0:0:0:0:
475,192,27294,1,0,0:0:0:0:
182,192,27294,1,0,0:0:0:0:
329,192,27294,128,0,27524:0:0:0:0:
109,192,27370,1,0,0:0:0:0:
36,192,27447,1,0,0:0:0:0:
256,192,27447,128,0,27601:0:0:0:0:
475,192,27601,1,0,0:0:0:0:
329,192,27601,1,0,0:0:0:0:
109,192,27601,1,0,0:0:0:0:
402,192,27601,1,0,0:0:0:0:
36,192,27755,1,0,0:0:0:0:
182,192,27755,1,0,0:0:0:0:
256,192,27755,1,0,0:0:0:0:
402,192,27755,1,0,0:0:0:0:
329,192,27909,1,0,0:0:0:0:
182,192,27909,1,0,0:0:0:0:
109,192,27986,1,0,0:0:0:0:
329,192,28063,1,0,0:0:0:0:
182,192,28063,128,0,28294:0:0:0:0:
256,192,28063,1,0,0:0:0:0:
475,192,28063,1,0,0:0:0:0:
36,192,28063,1,0,0:0:0:0:
402,192,28140,1,0,0:0:0:0:
256,192,28217,128,0,28370:0:0:0:0:
475,192,28217,1,0,0:0:0:0:
402,192,28370,1,0,0:0:0:0:
36,192,28370,1,0,0:0:0:0:
109,192,28370,1,0,0:0:0:0:
182,192,28370,1,0,0:0:0:0:
182,192,28524,128,0,28755:0:0:0:0:
256,192,28524,1,0,0:0:0:0:
475,192,28524,1,0,0:0:0:0:
36,192,28524,1,0,0:0:0:0:
329,192,28524,1,0,0:0:0:0:
402,192,28601,1,0,0:0:0:0:
475,192,28678,1,0,0:0:0:0:
256,192,28678,128,0,28832:0:0:0:0:
109,192,28832,1,0,0:0:0:0:
182,192,28832,1,0,0:0:0:0:
36,192,28832,1,0,0:0:0:0:
402,192,28832,1,0,0:0:0:0:
256,192,28986,1,0,0:0:0:0:
475,192,28986,1,0,0:0:0:0:
329,192,28986,1,0,0:0:0:0:
109,192,28986,1,0,0:0:0:0:
182,192,29140,1,0,0:0:0:0:
329,192,29140,1,0,0:0:0:0:
402,192,29217,1,0,0:0:0:0:
475,192,29294,1,0,0:0:0:0:
329,192,29294,128,0,29524:0:0:0:0:
36,192,29294,1,0,0:0:0:0:
256,192,29294,1,0,0:0:0:0:
182,192,29294,1,0,0:0:0:0:
109,192,29370,1,0,0:0:0:0:
36,192,29447,1,0,0:0:0:0:
256,192,29447,128,0,29601:0:0:0:0:
109,192,29601,1,0,0:0:0:0:
402,192,29601,1,0,0:0:0:0:
475,192,29601,1,0,0:0:0:0:
329,192,29601,1,0,0:0:0:0:
36,192,29755,1,0,0:0:0:0:
182,192,29755,1,0,0:0:0:0:
329,192,29755,128,0,29986:0:0:0:0:
256,192,29755,1,0,0:0:0:0:
475,192,29755,1,0,0:0:0:0:
109,192,29832,1,0,0:0:0:0:
256,192,29909,128,0,30063:0:0:0:0:
36,192,29909,1,0,0:0:0:0:
329,192,30063,1,0,0:0:0:0:
109,192,30063,1,0,0:0:0:0:
475,192,30063,1,0,0:0:0:0:
402,192,30063,1,0,0:0:0:0:
256,192,30217,1,0,0:0:0:0:
36,192,30217,1,0,0:0:0:0:
402,192,30217,1,0,0:0:0:0:
182,192,30217,1,0,0:0:0:0:
329,192,30370,1,0,0:0:0:0:
182,192,30370,1,0,0:0:0:0:
475,192,30447,1,0,0:0:0:0:
36,192,30447,1,0,0:0:0:0:
182,192,30524,128,0,30986:0:0:0:0:
329,192,30524,128,0,30986:0:0:0:0:
36,192,30678,1,0,0:0:0:0:
402,192,30678,1,0,0:0:0:0:
256,192,30755,1,0,0:0:0:0:
109,192,30832,1,0,0:0:0:0:
475,192,30832,1,0,0:0:0:0:
36,192,30986,1,0,0:0:0:0:
475,192,30986,1,0,0:0:0:0:
182,192,31063,1,0,0:0:0:0:
329,192,31063,1,0,0:0:0:0:
36,192,31140,128,0,31601:0:0:0:0:
475,192,31140,128,0,31601:0:0:0:0:
256,192,31140,1,0,0:0:0:0:
256,192,31294,1,0,0:0:0:0:
402,192,31294,1,0,0:0:0:0:
182,192,31370,1,0,0:0:0:0:
329,192,31370,1,0,0:0:0:0:
109,192,31447,1,0,0:0:0:0:
256,192,31447,1,0,0:0:0:0:
182,192,31601,1,0,0:0:0:0:
402,192,31601,1,0,0:0:0:0:
256,192,31678,1,0,0:0:0:0:
475,192,31755,1,0,0:0:0:0:
36,192,31755,1,0,0:0:0:0:
109,192,31755,128,0,32294:0:0:0:0:
402,192,31755,1,0,0:0:0:0:
329,192,31755,128,0,32217:0:0:0:0:
182,192,31909,1,0,0:0:0:0:
475,192,31909,1,0,0:0:0:0:
402,192,31909,1,0,0:0:0:0:
475,192,32063,1,0,0:0:0:0:
402,192,32063,1,0,0:0:0:0:
36,192,32063,1,0,0:0:0:0:
475,192,32217,1,0,0:0:0:0:
402,192,32217,1,0,0:0:0:0:
182,192,32217,1,0,0:0:0:0:
329,192,32294,1,0,0:0:0:0:
475,192,32370,128,0,32601:0:0:0:0:
256,192,32370,1,0,0:0:0:0:
109,192,32370,1,0,0:0:0:0:
36,192,32370,1,0,0:0:0:0:
182,192,32370,128,0,32832:0:0:0:0:
402,192,32524,1,0,0:0:0:0:
329,192,32524,128,0,32755:0:0:0:0:
109,192,32524,1,0,0:0:0:0:
36,192,32524,1,0,0:0:0:0:
256,192,32678,1,0,0:0:0:0:
36,192,32678,1,0,0:0:0:0:
109,192,32678,1,0,0:0:0:0:
475,192,32678,128,0,32909:0:0:0:0:
329,192,32832,128,0,32909:0:0:0:0:
109,192,32832,1,0,0:0:0:0:
36,192,32832,1,0,0:0:0:0:
182,192,32909,1,0,0:0:0:0:
109,192,32986,128,0,34140:0:0:0:0:
256,192,32986,1,0,0:0:0:0:
475,192,32986,1,0,0:0:0:0:
329,192,32986,1,0,0:0:0:0:
402,192,32986,128,0,34140:0:0:0:0:
36,192,32986,128,0,33447:0:0:0:0:
475,192,33140,1,0,0:0:0:0:
256,192,33140,1,0,0:0:0:0:
475,192,33294,1,0,0:0:0:0:
256,192,33294,1,0,0:0:0:0:
475,192,33447,1,0,0:0:0:0:
329,192,33447,128,0,33524:0:0:0:0:
256,192,33447,1,0,0:0:0:0:
182,192,33524,128,0,33601:0:0:0:0:
475,192,33601,128,0,34140:0:0:0:0:
256,192,33601,1,0,0:0:0:0:
36,192,33601,1,0,0:0:0:0:
256,192,33755,1,0,0:0:0:0:
36,192,33755,1,0,0:0:0:0:
36,192,33909,1,0,0:0:0:0:
256,192,33909,1,0,0:0:0:0:
256,192,34063,1,0,0:0:0:0:
36,192,34063,1,0,0:0:0:0:
329,192,34140,1,0,0:0:0:0:
182,192,34140,1,0,0:0:0:0:
402,192,34217,1,0,0:0:0:0:
475,192,34217,128,0,34755:0:0:0:0:
36,192,34217,1,0,0:0:0:0:
109,192,34217,1,0,0:0:0:0:
329,192,34294,1,0,0:0:0:0:
402,192,34294,128,0,34447:0:0:0:0:
256,192,34370,1,0,0:0:0:0:
329,192,34370,128,0,34447:0:0:0:0:
182,192,34447,1,0,0:0:0:0:
36,192,34524,128,0,35063:0:0:0:0:
109,192,34524,1,0,0:0:0:0:
329,192,34524,1,0,0:0:0:0:
402,192,34524,1,0,0:0:0:0:
109,192,34601,128,0,34755:0:0:0:0:
182,192,34601,1,0,0:0:0:0:
182,192,34678,128,0,34755:0:0:0:0:
256,192,34678,1,0,0:0:0:0:
329,192,34755,1,0,0:0:0:0:
402,192,34832,1,0,0:0:0:0:
182,192,34832,1,0,0:0:0:0:
109,192,34832,1,0,0:0:0:0:
475,192,34832,1,0,0:0:0:0:
329,192,34909,1,0,0:0:0:0:
402,192,34909,128,0,35063:0:0:0:0:
329,192,34986,128,0,35140:0:0:0:0:
256,192,34986,1,0,0:0:0:0:
182,192,35063,1,0,0:0:0:0:
256,192,35063,128,0,35217:0:0:0:0:
402,192,35140,1,0,0:0:0:0:
109,192,35140,1,0,0:0:0:0:
475,192,35140,1,0,0:0:0:0:
36,192,35140,1,0,0:0:0:0:
182,192,35140,128,0,35294:0:0:0:0:
329,192,35217,1,0,0:0:0:0:
109,192,35217,128,0,35370:0:0:0:0:
256,192,35294,1,0,0:0:0:0:
182,192,35370,1,0,0:0:0:0:
36,192,35447,1,0,0:0:0:0:
109,192,35447,1,0,0:0:0:0:
256,192,35447,1,0,0:0:0:0:
329,192,35447,1,0,0:0:0:0:
329,192,35524,1,0,0:0:0:0:
402,192,35524,1,0,0:0:0:0:
475,192,35524,1,0,0:0:0:0:
36,192,35601,1,0,0:0:0:0:
109,192,35601,1,0,0:0:0:0:
256,192,35601,1,0,0:0:0:0:
329,192,35601,1,0,0:0:0:0:
329,192,35678,1,0,0:0:0:0:
402,192,35678,1,0,0:0:0:0:
475,192,35678,1,0,0:0:0:0:
36,192,35755,1,0,0:0:0:0:
109,192,35755,1,0,0:0:0:0:
256,192,35755,1,0,0:0:0:0:
329,192,35755,1,0,0:0:0:0:
329,192,35832,1,0,0:0:0:0:
402,192,35832,1,0,0:0:0:0:
475,192,35832,1,0,0:0:0:0:
36,192,35909,1,0,0:0:0:0:
109,192,35909,1,0,0:0:0:0:
256,192,35909,1,0,0:0:0:0:
329,192,35909,1,0,0:0:0:0:
329,192,35986,1,0,0:0:0:0:
402,192,35986,1,0,0:0:0:0:
475,192,35986,1,0,0:0:0:0:
475,192,36063,1,0,0:0:0:0:
182,192,36063,1,0,0:0:0:0:
256,192,36063,128,0,36601:0:0:0:0:
402,192,36140,1,0,0:0:0:0:
109,192,36140,1,0,0:0:0:0:
329,192,36217,1,0,0:0:0:0:
36,192,36217,1,0,0:0:0:0:
182,192,36294,1,0,0:0:0:0:
329,192,36370,1,0,0:0:0:0:
182,192,36447,1,0,0:0:0:0:
475,192,36447,1,0,0:0:0:0:
109,192,36524,1,0,0:0:0:0:
402,192,36524,1,0,0:0:0:0:
36,192,36601,1,0,0:0:0:0:
329,192,36601,1,0,0:0:0:0:
182,192,36678,128,0,37063:0:0:0:0:
475,192,36678,128,0,36755:0:0:0:0:
402,192,36678,1,0,0:0:0:0:
256,192,36678,128,0,36755:0:0:0:0:
109,192,36832,128,0,37063:0:0:0:0:
329,192,36832,1,0,0:0:0:0:
36,192,36986,128,0,37063:0:0:0:0:
329,192,36986,1,0,0:0:0:0:
36,192,37140,128,0,37524:0:0:0:0:
402,192,37140,1,0,0:0:0:0:
475,192,37140,128,0,37217:0:0:0:0:
256,192,37140,128,0,37217:0:0:0:0:
109,192,37294,128,0,37524:0:0:0:0:
329,192,37294,1,0,0:0:0:0:
329,192,37447,1,0,0:0:0:0:
182,192,37447,128,0,37524:0:0:0:0:
182,192,37601,128,0,37986:0:0:0:0:
475,192,37601,128,0,37678:0:0:0:0:
402,192,37601,1,0,0:0:0:0:
256,192,37601,128,0,37678:0:0:0:0:
109,192,37755,128,0,37986:0:0:0:0:
329,192,37755,1,0,0:0:0:0:
402,192,37832,1,0,0:0:0:0:
329,192,37909,1,0,0:0:0:0:
36,192,37909,128,0,37986:0:0:0:0:
36,192,38063,128,0,38447:0:0:0:0:
475,192,38063,128,0,38140:0:0:0:0:
256,192,38063,128,0,38140:0:0:0:0:
402,192,38063,1,0,0:0:0:0:
109,192,38217,128,0,38447:0:0:0:0:
329,192,38217,1,0,0:0:0:0:
182,192,38370,128,0,38447:0:0:0:0:
329,192,38370,1,0,0:0:0:0:
329,192,38524,128,0,38755:0:0:0:0:
182,192,38524,128,0,38755:0:0:0:0:
256,192,38524,128,0,38601:0:0:0:0:
475,192,38524,128,0,38909:0:0:0:0:
36,192,38524,128,0,38909:0:0:0:0:
109,192,38678,128,0,38755:0:0:0:0:
402,192,38678,128,0,38755:0:0:0:0:
256,192,38832,128,0,38909:0:0:0:0:
182,192,38832,128,0,38909:0:0:0:0:
329,192,38832,128,0,38909:0:0:0:0:
256,192,38986,1,0,0:0:0:0:
36,192,38986,1,0,0:0:0:0:
475,192,38986,1,0,0:0:0:0:
182,192,39063,1,0,0:0:0:0:
402,192,39063,1,0,0:0:0:0:
329,192,39140,128,0,39524:0:0:0:0:
36,192,39140,128,0,39217:0:0:0:0:
109,192,39140,1,0,0:0:0:0:
256,192,39140,128,0,39217:0:0:0:0:
402,192,39294,128,0,39524:0:0:0:0:
182,192,39294,1,0,0:0:0:0:
475,192,39447,128,0,39524:0:0:0:0:
182,192,39447,1,0,0:0:0:0:
475,192,39601,128,0,39986:0:0:0:0:
109,192,39601,1,0,0:0:0:0:
36,192,39601,128,0,39678:0:0:0:0:
256,192,39601,128,0,39678:0:0:0:0:
402,192,39755,128,0,39986:0:0:0:0:
182,192,39755,1,0,0:0:0:0:
182,192,39909,1,0,0:0:0:0:
329,192,39909,128,0,39986:0:0:0:0:
329,192,40063,128,0,40447:0:0:0:0:
36,192,40063,128,0,40140:0:0:0:0:
109,192,40063,1,0,0:0:0:0:
256,192,40063,128,0,40140:0:0:0:0:
402,192,40217,128,0,40447:0:0:0:0:
182,192,40217,1,0,0:0:0:0:
109,192,40294,1,0,0:0:0:0:
182,192,40370,1,0,0:0:0:0:
475,192,40370,128,0,40447:0:0:0:0:
36,192,40524,128,0,40601:0:0:0:0:
475,192,40524,128,0,40909:0:0:0:0:
256,192,40524,128,0,40601:0:0:0:0:
109,192,40524,1,0,0:0:0:0:
182,192,40601,1,0,0:0:0:0:
402,192,40678,128,0,40909:0:0:0:0:
109,192,40678,1,0,0:0:0:0:
182,192,40755,1,0,0:0:0:0:
329,192,40832,128,0,40909:0:0:0:0:
109,192,40832,1,0,0:0:0:0:
182,192,40986,128,0,41063:0:0:0:0:
329,192,40986,128,0,41063:0:0:0:0:
256,192,40986,128,0,41370:0:0:0:0:
36,192,40986,128,0,41370:0:0:0:0:
475,192,40986,128,0,41370:0:0:0:0:
109,192,41140,1,0,0:0:0:0:
402,192,41140,1,0,0:0:0:0:
182,192,41217,1,0,0:0:0:0:
329,192,41217,1,0,0:0:0:0:
109,192,41294,1,0,0:0:0:0:
402,192,41294,1,0,0:0:0:0:
182,192,41370,1,0,0:0:0:0:
329,192,41370,1,0,0:0:0:0:
256,192,41447,1,0,0:0:0:0:
475,192,41447,1,0,0:0:0:0:
36,192,41447,1,0,0:0:0:0:
109,192,41447,1,0,0:0:0:0:
402,192,41447,1,0,0:0:0:0:
36,192,41601,128,0,41986:0:0:0:0:
475,192,41601,128,0,41678:0:0:0:0:
402,192,41601,1,0,0:0:0:0:
256,192,41601,128,0,41678:0:0:0:0:
109,192,41755,128,0,41986:0:0:0:0:
329,192,41755,1,0,0:0:0:0:
182,192,41909,128,0,41986:0:0:0:0:
475,192,41909,1,0,0:0:0:0:
329,192,41909,128,0,42140:0:0:0:0:
182,192,42063,128,0,42447:0:0:0:0:
402,192,42063,1,0,0:0:0:0:
475,192,42063,128,0,42140:0:0:0:0:
256,192,42063,128,0,42140:0:0:0:0:
109,192,42217,128,0,42447:0:0:0:0:
329,192,42217,1,0,0:0:0:0:
329,192,42370,1,0,0:0:0:0:
36,192,42370,128,0,42447:0:0:0:0:
36,192,42524,128,0,42909:0:0:0:0:
475,192,42524,128,0,42601:0:0:0:0:
402,192,42524,1,0,0:0:0:0:
256,192,42524,128,0,42601:0:0:0:0:
109,192,42678,128,0,42909:0:0:0:0:
329,192,42678,1,0,0:0:0:0:
402,192,42755,1,0,0:0:0:0:
329,192,42832,1,0,0:0:0:0:
182,192,42832,128,0,42909:0:0:0:0:
182,192,42986,128,0,43370:0:0:0:0:
475,192,42986,128,0,43063:0:0:0:0:
256,192,42986,128,0,43063:0:0:0:0:
402,192,42986,1,0,0:0:0:0:
109,192,43140,128,0,43370:0:0:0:0:
329,192,43140,1,0,0:0:0:0:
36,192,43294,128,0,43370:0:0:0:0:
329,192,43294,1,0,0:0:0:0:
475,192,43447,128,0,43678:0:0:0:0:
36,192,43447,128,0,43678:0:0:0:0:
256,192,43447,128,0,43524:0:0:0:0:
329,192,43447,128,0,43832:0:0:0:0:
182,192,43447,128,0,43832:0:0:0:0:
109,192,43601,128,0,43678:0:0:0:0:
402,192,43601,128,0,43678:0:0:0:0:
256,192,43755,128,0,43832:0:0:0:0:
36,192,43755,128,0,43832:0:0:0:0:
475,192,43755,128,0,43832:0:0:0:0:
256,192,43909,1,0,0:0:0:0:
36,192,43909,1,0,0:0:0:0:
475,192,43909,1,0,0:0:0:0:
182,192,43986,1,0,0:0:0:0:
402,192,43986,1,0,0:0:0:0:
475,192,44063,128,0,44447:0:0:0:0:
36,192,44063,128,0,44140:0:0:0:0:
109,192,44063,1,0,0:0:0:0:
256,192,44063,128,0,44140:0:0:0:0:
402,192,44217,128,0,44447:0:0:0:0:
182,192,44217,1,0,0:0:0:0:
329,192,44370,128,0,44447:0:0:0:0:
182,192,44370,128,0,44601:0:0:0:0:
36,192,44370,1,0,0:0:0:0:
329,192,44524,128,0,44909:0:0:0:0:
109,192,44524,1,0,0:0:0:0:
36,192,44524,128,0,44601:0:0:0:0:
256,192,44524,128,0,44601:0:0:0:0:
402,192,44678,128,0,44909:0:0:0:0:
182,192,44678,1,0,0:0:0:0:
182,192,44832,1,0,0:0:0:0:
475,192,44832,128,0,44909:0:0:0:0:
475,192,44986,128,0,45370:0:0:0:0:
36,192,44986,128,0,45063:0:0:0:0:
109,192,44986,1,0,0:0:0:0:
256,192,44986,128,0,45063:0:0:0:0:
402,192,45140,128,0,45370:0:0:0:0:
182,192,45140,1,0,0:0:0:0:
109,192,45217,1,0,0:0:0:0:
182,192,45294,1,0,0:0:0:0:
329,192,45294,128,0,45370:0:0:0:0:
36,192,45447,128,0,45524:0:0:0:0:
329,192,45447,128,0,45832:0:0:0:0:
256,192,45447,128,0,45524:0:0:0:0:
109,192,45447,1,0,0:0:0:0:
182,192,45524,1,0,0:0:0:0:
402,192,45601,128,0,45832:0:0:0:0:
109,192,45601,1,0,0:0:0:0:
182,192,45678,1,0,0:0:0:0:
475,192,45755,128,0,45832:0:0:0:0:
109,192,45755,1,0,0:0:0:0:
109,192,45909,128,0,45986:0:0:0:0:
402,192,45909,128,0,45986:0:0:0:0:
36,192,45909,128,0,46447:0:0:0:0:
256,192,45909,128,0,46447:0:0:0:0:
475,192,45909,128,0,46447:0:0:0:0:
182,192,46063,1,0,0:0:0:0:
329,192,46063,1,0,0:0:0:0:
109,192,46140,1,0,0:0:0:0:
402,192,46140,1,0,0:0:0:0:
182,192,46217,1,0,0:0:0:0:
329,192,46217,1,0,0:0:0:0:
109,192,46370,1,0,0:0:0:0:
402,192,46370,1,0,0:0:0:0:
182,192,46447,1,0,0:0:0:0:
329,192,46447,1,0,0:0:0:0:
36,192,46524,128,0,46601:0:0:0:0:
109,192,46524,128,0,46601:0:0:0:0:
402,192,46524,1,0,0:0:0:0:
256,192,46524,1,0,0:0:0:0:
475,192,46524,1,0,0:0:0:0:
182,192,46678,128,0,46755:0:0:0:0:
256,192,46678,128,0,46755:0:0:0:0:
329,192,46832,128,0,46909:0:0:0:0:
402,192,46832,128,0,46909:0:0:0:0:
36,192,46832,1,0,0:0:0:0:
182,192,46832,1,0,0:0:0:0:
109,192,46986,128,0,47063:0:0:0:0:
182,192,46986,128,0,47063:0:0:0:0:
329,192,46986,1,0,0:0:0:0:
402,192,46986,1,0,0:0:0:0:
475,192,46986,1,0,0:0:0:0:
402,192,47140,128,0,47217:0:0:0:0:
475,192,47140,128,0,47217:0:0:0:0:
256,192,47294,128,0,47370:0:0:0:0:
329,192,47294,128,0,47370:0:0:0:0:
36,192,47294,1,0,0:0:0:0:
182,192,47294,1,0,0:0:0:0:
109,192,47447,128,0,47524:0:0:0:0:
182,192,47447,128,0,47524:0:0:0:0:
329,192,47447,1,0,0:0:0:0:
402,192,47447,1,0,0:0:0:0:
475,192,47447,1,0,0:0:0:0:
329,192,47601,128,0,47678:0:0:0:0:
402,192,47601,128,0,47678:0:0:0:0:
36,192,47601,1,0,0:0:0:0:
109,192,47601,1,0,0:0:0:0:
256,192,47678,1,0,0:0:0:0:
475,192,47755,1,0,0:0:0:0:
36,192,47755,128,0,47986:0:0:0:0:
109,192,47755,128,0,47986:0:0:0:0:
402,192,47755,1,0,0:0:0:0:
256,192,47909,128,0,48140:0:0:0:0:
182,192,47909,128,0,48140:0:0:0:0:
329,192,47909,1,0,0:0:0:0:
36,192,48063,128,0,48294:0:0:0:0:
109,192,48063,128,0,48294:0:0:0:0:
402,192,48063,1,0,0:0:0:0:
475,192,48063,1,0,0:0:0:0:
182,192,48217,128,0,48294:0:0:0:0:
256,192,48217,128,0,48294:0:0:0:0:
329,192,48217,1,0,0:0:0:0:
475,192,48370,128,0,48601:0:0:0:0:
402,192,48370,128,0,48601:0:0:0:0:
36,192,48370,1,0,0:0:0:0:
256,192,48370,1,0,0:0:0:0:
109,192,48370,1,0,0:0:0:0:
329,192,48524,128,0,48755:0:0:0:0:
256,192,48524,128,0,48755:0:0:0:0:
182,192,48524,1,0,0:0:0:0:
109,192,48678,1,0,0:0:0:0:
402,192,48678,128,0,48909:0:0:0:0:
475,192,48678,128,0,48909:0:0:0:0:
36,192,48678,1,0,0:0:0:0:
182,192,48755,1,0,0:0:0:0:
329,192,48832,128,0,48909:0:0:0:0:
256,192,48832,128,0,48909:0:0:0:0:
36,192,48832,1,0,0:0:0:0:
182,192,48909,1,0,0:0:0:0:
475,192,48986,128,0,49063:0:0:0:0:
402,192,48986,128,0,49063:0:0:0:0:
36,192,48986,1,0,0:0:0:0:
109,192,48986,1,0,0:0:0:0:
256,192,48986,1,0,0:0:0:0:
329,192,49140,128,0,49217:0:0:0:0:
256,192,49140,128,0,49217:0:0:0:0:
182,192,49294,128,0,49370:0:0:0:0:
109,192,49294,128,0,49370:0:0:0:0:
475,192,49294,1,0,0:0:0:0:
329,192,49294,1,0,0:0:0:0:
402,192,49447,128,0,49524:0:0:0:0:
329,192,49447,128,0,49524:0:0:0:0:
182,192,49447,1,0,0:0:0:0:
109,192,49447,1,0,0:0:0:0:
36,192,49447,1,0,0:0:0:0:
109,192,49601,128,0,49678:0:0:0:0:
36,192,49601,128,0,49678:0:0:0:0:
256,192,49755,128,0,49832:0:0:0:0:
182,192,49755,128,0,49832:0:0:0:0:
475,192,49755,1,0,0:0:0:0:
329,192,49755,1,0,0:0:0:0:
402,192,49909,128,0,49986:0:0:0:0:
329,192,49909,128,0,49986:0:0:0:0:
182,192,49909,1,0,0:0:0:0:
109,192,49909,1,0,0:0:0:0:
36,192,49909,1,0,0:0:0:0:
182,192,50063,128,0,50140:0:0:0:0:
109,192,50063,128,0,50140:0:0:0:0:
475,192,50063,1,0,0:0:0:0:
402,192,50063,1,0,0:0:0:0:
329,192,50140,1,0,0:0:0:0:
36,192,50217,1,0,0:0:0:0:
256,192,50217,1,0,0:0:0:0:
475,192,50217,1,0,0:0:0:0:
109,192,50294,1,0,0:0:0:0:
402,192,50294,1,0,0:0:0:0:
182,192,50370,1,0,0:0:0:0:
329,192,50370,1,0,0:0:0:0:
109,192,50447,1,0,0:0:0:0:
402,192,50447,1,0,0:0:0:0:
36,192,50524,1,0,0:0:0:0:
475,192,50524,1,0,0:0:0:0:
256,192,50524,1,0,0:0:0:0:
182,192,50601,1,0,0:0:0:0:
329,192,50601,1,0,0:0:0:0:
109,192,50678,1,0,0:0:0:0:
402,192,50678,1,0,0:0:0:0:
329,192,50755,1,0,0:0:0:0:
182,192,50755,1,0,0:0:0:0:
256,192,50832,1,0,0:0:0:0:
36,192,50832,1,0,0:0:0:0:
475,192,50832,1,0,0:0:0:0:
109,192,50909,1,0,0:0:0:0:
402,192,50909,1,0,0:0:0:0:
182,192,50986,1,0,0:0:0:0:
329,192,50986,1,0,0:0:0:0:
109,192,51063,1,0,0:0:0:0:
402,192,51063,1,0,0:0:0:0:
36,192,51140,1,0,0:0:0:0:
256,192,51140,1,0,0:0:0:0:
475,192,51140,1,0,0:0:0:0:
182,192,51217,1,0,0:0:0:0:
329,192,51217,1,0,0:0:0:0:
36,192,51294,1,0,0:0:0:0:
475,192,51294,1,0,0:0:0:0:
329,192,51370,1,0,0:0:0:0:
182,192,51370,1,0,0:0:0:0:
36,192,51447,128,0,51524:0:0:0:0:
109,192,51447,128,0,51524:0:0:0:0:
402,192,51447,1,0,0:0:0:0:
256,192,51447,1,0,0:0:0:0:
475,192,51447,1,0,0:0:0:0:
182,192,51601,128,0,51678:0:0:0:0:
256,192,51601,128,0,51678:0:0:0:0:
329,192,51755,128,0,51832:0:0:0:0:
402,192,51755,128,0,51832:0:0:0:0:
36,192,51755,1,0,0:0:0:0:
182,192,51755,1,0,0:0:0:0:
109,192,51909,128,0,51986:0:0:0:0:
182,192,51909,128,0,51986:0:0:0:0:
329,192,51909,1,0,0:0:0:0:
402,192,51909,1,0,0:0:0:0:
475,192,51909,1,0,0:0:0:0:
402,192,52063,128,0,52140:0:0:0:0:
475,192,52063,128,0,52140:0:0:0:0:
256,192,52217,128,0,52294:0:0:0:0:
329,192,52217,128,0,52294:0:0:0:0:
36,192,52217,1,0,0:0:0:0:
182,192,52217,1,0,0:0:0:0:
109,192,52370,128,0,52447:0:0:0:0:
182,192,52370,128,0,52447:0:0:0:0:
329,192,52370,1,0,0:0:0:0:
402,192,52370,1,0,0:0:0:0:
475,192,52370,1,0,0:0:0:0:
329,192,52524,128,0,52601:0:0:0:0:
402,192,52524,128,0,52601:0:0:0:0:
36,192,52524,1,0,0:0:0:0:
109,192,52524,1,0,0:0:0:0:
256,192,52601,1,0,0:0:0:0:
475,192,52678,1,0,0:0:0:0:
36,192,52678,128,0,52909:0:0:0:0:
109,192,52678,128,0,52909:0:0:0:0:
402,192,52678,1,0,0:0:0:0:
256,192,52832,128,0,53063:0:0:0:0:
182,192,52832,128,0,53063:0:0:0:0:
329,192,52832,1,0,0:0:0:0:
36,192,52986,128,0,53217:0:0:0:0:
109,192,52986,128,0,53217:0:0:0:0:
402,192,52986,1,0,0:0:0:0:
475,192,52986,1,0,0:0:0:0:
182,192,53140,128,0,53217:0:0:0:0:
256,192,53140,128,0,53217:0:0:0:0:
329,192,53140,1,0,0:0:0:0:
475,192,53294,128,0,53524:0:0:0:0:
402,192,53294,128,0,53524:0:0:0:0:
36,192,53294,1,0,0:0:0:0:
256,192,53294,1,0,0:0:0:0:
109,192,53294,1,0,0:0:0:0:
329,192,53447,128,0,53678:0:0:0:0:
256,192,53447,128,0,53678:0:0:0:0:
182,192,53447,1,0,0:0:0:0:
109,192,53601,1,0,0:0:0:0:
402,192,53601,128,0,53832:0:0:0:0:
475,192,53601,128,0,53832:0:0:0:0:
36,192,53601,1,0,0:0:0:0:
182,192,53678,1,0,0:0:0:0:
329,192,53755,128,0,53832:0:0:0:0:
256,192,53755,128,0,53832:0:0:0:0:
36,192,53755,1,0,0:0:0:0:
182,192,53832,1,0,0:0:0:0:
475,192,53909,128,0,53986:0:0:0:0:
402,192,53909,128,0,53986:0:0:0:0:
109,192,53909,1,0,0:0:0:0:
256,192,53909,1,0,0:0:0:0:
36,192,53909,1,0,0:0:0:0:
329,192,54063,128,0,54140:0:0:0:0:
256,192,54063,128,0,54140:0:0:0:0:
182,192,54217,128,0,54294:0:0:0:0:
109,192,54217,128,0,54294:0:0:0:0:
475,192,54217,1,0,0:0:0:0:
329,192,54217,1,0,0:0:0:0:
402,192,54370,128,0,54447:0:0:0:0:
329,192,54370,128,0,54447:0:0:0:0:
182,192,54370,1,0,0:0:0:0:
109,192,54370,1,0,0:0:0:0:
36,192,54370,1,0,0:0:0:0:
109,192,54524,128,0,54601:0:0:0:0:
36,192,54524,128,0,54601:0:0:0:0:
256,192,54678,128,0,54755:0:0:0:0:
182,192,54678,128,0,54755:0:0:0:0:
475,192,54678,1,0,0:0:0:0:
329,192,54678,1,0,0:0:0:0:
402,192,54832,128,0,54909:0:0:0:0:
329,192,54832,128,0,54909:0:0:0:0:
182,192,54832,1,0,0:0:0:0:
109,192,54832,1,0,0:0:0:0:
36,192,54832,1,0,0:0:0:0:
182,192,54986,128,0,55063:0:0:0:0:
109,192,54986,128,0,55063:0:0:0:0:
475,192,54986,1,0,0:0:0:0:
402,192,54986,1,0,0:0:0:0:
329,192,55063,1,0,0:0:0:0:
36,192,55140,5,0,0:0:0:0:
256,192,55140,1,0,0:0:0:0:
475,192,55140,1,0,0:0:0:0:
109,192,55217,1,0,0:0:0:0:
402,192,55217,1,0,0:0:0:0:
182,192,55294,1,0,0:0:0:0:
329,192,55294,1,0,0:0:0:0:
109,192,55370,1,0,0:0:0:0:
402,192,55370,1,0,0:0:0:0:
256,192,55370,128,0,55832:0:0:0:0:
36,192,55447,1,0,0:0:0:0:
475,192,55447,1,0,0:0:0:0:
182,192,55447,128,0,55755:0:0:0:0:
329,192,55447,128,0,55755:0:0:0:0:
109,192,55524,128,0,55678:0:0:0:0:
402,192,55524,128,0,55678:0:0:0:0:
36,192,55601,1,0,0:0:0:0:
475,192,55601,1,0,0:0:0:0:
36,192,55755,1,0,0:0:0:0:
475,192,55755,1,0,0:0:0:0:
109,192,55832,1,0,0:0:0:0:
402,192,55832,1,0,0:0:0:0:
475,192,55909,128,0,56294:0:0:0:0:
329,192,55909,1,0,0:0:0:0:
182,192,55909,1,0,0:0:0:0:
36,192,55909,128,0,56294:0:0:0:0:
256,192,55986,1,0,0:0:0:0:
109,192,55986,128,0,56217:0:0:0:0:
402,192,55986,128,0,56217:0:0:0:0:
182,192,56063,128,0,56140:0:0:0:0:
329,192,56063,128,0,56140:0:0:0:0:
256,192,56140,1,0,0:0:0:0:
182,192,56217,1,0,0:0:0:0:
329,192,56217,1,0,0:0:0:0:
402,192,56294,1,0,0:0:0:0:
109,192,56294,1,0,0:0:0:0:
36,192,56370,128,0,56678:0:0:0:0:
475,192,56370,1,0,0:0:0:0:
256,192,56370,1,0,0:0:0:0:
475,192,56524,1,0,0:0:0:0:
256,192,56524,1,0,0:0:0:0:
182,192,56678,128,0,56832:0:0:0:0:
256,192,56832,128,0,56986:0:0:0:0:
182,192,56909,1,0,0:0:0:0:
109,192,56986,128,0,57308:0:0:0:0:
475,192,56986,1,0,0:0:0:0:
329,192,56986,1,0,0:0:0:0:
182,192,57071,1,0,0:0:0:0:
475,192,57150,1,0,0:0:0:0:
329,192,57150,1,0,0:0:0:0:
256,192,57308,128,0,57466:0:0:0:0:
329,192,57466,128,0,57624:0:0:0:0:
256,192,57545,1,0,0:0:0:0:
182,192,57624,128,0,57948:0:0:0:0:
36,192,57624,1,0,0:0:0:0:
402,192,57624,1,0,0:0:0:0:
256,192,57705,1,0,0:0:0:0:
36,192,57786,1,0,0:0:0:0:
402,192,57786,1,0,0:0:0:0:
329,192,57948,128,0,58110:0:0:0:0:
402,192,58110,128,0,58272:0:0:0:0:
329,192,58191,1,0,0:0:0:0:
256,192,58272,128,0,58605:0:0:0:0:
109,192,58272,1,0,0:0:0:0:
475,192,58272,1,0,0:0:0:0:
329,192,58355,1,0,0:0:0:0:
109,192,58438,1,0,0:0:0:0:
475,192,58438,1,0,0:0:0:0:
329,192,58522,1,0,0:0:0:0:
182,192,58605,128,0,58772:0:0:0:0:
475,192,58605,1,0,0:0:0:0:
36,192,58605,1,0,0:0:0:0:
329,192,58772,128,0,58938:0:0:0:0:
109,192,58772,1,0,0:0:0:0:
182,192,58855,1,0,0:0:0:0:
475,192,58938,128,0,59109:0:0:0:0:
402,192,58938,1,0,0:0:0:0:
256,192,58938,1,0,0:0:0:0:
329,192,59023,1,0,0:0:0:0:
36,192,59109,128,0,59280:0:0:0:0:
109,192,59109,1,0,0:0:0:0:
256,192,59109,1,0,0:0:0:0:
182,192,59280,128,0,59452:0:0:0:0:
329,192,59280,1,0,0:0:0:0:
475,192,59280,1,0,0:0:0:0:
402,192,59452,128,0,59623:0:0:0:0:
182,192,59538,1,0,0:0:0:0:
256,192,59623,128,0,59799:0:0:0:0:
329,192,59623,1,0,0:0:0:0:
36,192,59623,1,0,0:0:0:0:
182,192,59711,1,0,0:0:0:0:
109,192,59799,128,0,59975:0:0:0:0:
329,192,59799,1,0,0:0:0:0:
36,192,59799,1,0,0:0:0:0:
256,192,59887,1,0,0:0:0:0:
36,192,59975,128,0,60152:0:0:0:0:
182,192,59975,1,0,0:0:0:0:
329,192,60064,1,0,0:0:0:0:
256,192,60152,128,0,60328:0:0:0:0:
182,192,60152,1,0,0:0:0:0:
329,192,60240,1,0,0:0:0:0:
475,192,60328,128,0,60509:0:0:0:0:
402,192,60328,1,0,0:0:0:0:
109,192,60328,1,0,0:0:0:0:
256,192,60418,1,0,0:0:0:0:
109,192,60509,1,0,0:0:0:0:
36,192,60509,128,0,60691:0:0:0:0:
402,192,60509,1,0,0:0:0:0:
182,192,60691,128,0,60873:0:0:0:0:
256,192,60691,1,0,0:0:0:0:
36,192,60782,1,0,0:0:0:0:
256,192,60873,1,0,0:0:0:0:
329,192,60873,128,0,61055:0:0:0:0:
475,192,60964,1,0,0:0:0:0:
402,192,61055,128,0,61242:0:0:0:0:
256,192,61055,1,0,0:0:0:0:
36,192,61055,1,0,0:0:0:0:
329,192,61148,1,0,0:0:0:0:
109,192,61242,128,0,61430:0:0:0:0:
256,192,61242,1,0,0:0:0:0:
36,192,61242,1,0,0:0:0:0:
182,192,61336,1,0,0:0:0:0:
329,192,61430,128,0,61617:0:0:0:0:
256,192,61430,1,0,0:0:0:0:
475,192,61430,1,0,0:0:0:0:
182,192,61617,128,0,61805:0:0:0:0:
36,192,61617,1,0,0:0:0:0:
109,192,61617,1,0,0:0:0:0:
256,192,61711,1,0,0:0:0:0:
329,192,61805,128,0,62086:0:0:0:0:
475,192,61805,1,0,0:0:0:0:
402,192,61805,1,0,0:0:0:0:
109,192,61992,128,0,62273:0:0:0:0:
182,192,61992,1,0,0:0:0:0:
36,192,61992,1,0,0:0:0:0:
256,192,62086,1,0,0:0:0:0:
329,192,62180,1,0,0:0:0:0:
402,192,62180,128,0,62461:0:0:0:0:
475,192,62180,1,0,0:0:0:0:
109,192,62367,1,0,0:0:0:0:
182,192,62367,128,0,62645:0:0:0:0:
256,192,62461,1,0,0:0:0:0:
402,192,62555,1,0,0:0:0:0:
329,192,62555,128,0,62827:0:0:0:0:
36,192,62555,1,0,0:0:0:0:
182,192,62736,1,0,0:0:0:0:
109,192,62736,128,0,63009:0:0:0:0:
475,192,62736,1,0,0:0:0:0:
256,192,62827,1,0,0:0:0:0:
36,192,62918,1,0,0:0:0:0:
329,192,62918,1,0,0:0:0:0:
402,192,62918,128,0,63191:0:0:0:0:
109,192,63100,1,0,0:0:0:0:
182,192,63100,128,0,63370:0:0:0:0:
256,192,63191,1,0,0:0:0:0:
402,192,63282,1,0,0:0:0:0:
475,192,63282,128,0,63546:0:0:0:0:
36,192,63282,1,0,0:0:0:0:
182,192,63458,1,0,0:0:0:0:
109,192,63458,128,0,63723:0:0:0:0:
329,192,63546,1,0,0:0:0:0:
475,192,63634,1,0,0:0:0:0:
402,192,63634,128,0,63899:0:0:0:0:
256,192,63634,1,0,0:0:0:0:
109,192,63811,1,0,0:0:0:0:
36,192,63811,128,0,64072:0:0:0:0:
256,192,63899,1,0,0:0:0:0:
329,192,63987,128,0,64244:0:0:0:0:
182,192,63987,1,0,0:0:0:0:
402,192,63987,1,0,0:0:0:0:
36,192,64158,1,0,0:0:0:0:
109,192,64158,128,0,64415:0:0:0:0:
182,192,64244,1,0,0:0:0:0:
329,192,64329,1,0,0:0:0:0:
256,192,64329,128,0,64587:0:0:0:0:
475,192,64329,1,0,0:0:0:0:
402,192,64501,128,0,64755:0:0:0:0:
109,192,64501,1,0,0:0:0:0:
329,192,64587,1,0,0:0:0:0:
256,192,64672,1,0,0:0:0:0:
182,192,64672,128,0,64922:0:0:0:0:
475,192,64672,1,0,0:0:0:0:
36,192,64755,1,0,0:0:0:0:
109,192,64755,1,0,0:0:0:0:
256,192,64838,1,0,0:0:0:0:
475,192,64838,128,0,65088:0:0:0:0:
402,192,64922,1,0,0:0:0:0:
329,192,64922,1,0,0:0:0:0:
256,192,65005,1,0,0:0:0:0:
109,192,65005,128,0,65255:0:0:0:0:
182,192,65088,1,0,0:0:0:0:
36,192,65088,1,0,0:0:0:0:
256,192,65172,1,0,0:0:0:0:
402,192,65172,128,0,65419:0:0:0:0:
475,192,65255,1,0,0:0:0:0:
329,192,65255,1,0,0:0:0:0:
256,192,65338,1,0,0:0:0:0:
36,192,65338,128,0,65581:0:0:0:0:
109,192,65419,1,0,0:0:0:0:
182,192,65419,1,0,0:0:0:0:
256,192,65500,1,0,0:0:0:0:
329,192,65500,128,0,65743:0:0:0:0:
402,192,65581,1,0,0:0:0:0:
475,192,65581,1,0,0:0:0:0:
256,192,65662,1,0,0:0:0:0:
182,192,65662,128,0,65905:0:0:0:0:
109,192,65743,1,0,0:0:0:0:
36,192,65743,1,0,0:0:0:0:
256,192,65824,1,0,0:0:0:0:
475,192,65824,128,0,66064:0:0:0:0:
402,192,65905,1,0,0:0:0:0:
329,192,65905,1,0,0:0:0:0:
256,192,65986,1,0,0:0:0:0:
36,192,65986,1,0,0:0:0:0:
182,192,65986,1,0,0:0:0:0:
109,192,66064,1,0,0:0:0:0:
329,192,66064,1,0,0:0:0:0:
182,192,66143,1,0,0:0:0:0:
402,192,66143,1,0,0:0:0:0:
475,192,66222,1,0,0:0:0:0:
256,192,66222,1,0,0:0:0:0:
36,192,66301,1,0,0:0:0:0:
329,192,66301,1,0,0:0:0:0:
109,192,66301,1,0,0:0:0:0:
402,192,66301,1,0,0:0:0:0:
182,192,66380,1,0,0:0:0:0:
475,192,66380,1,0,0:0:0:0:
36,192,66459,1,0,0:0:0:0:
329,192,66459,1,0,0:0:0:0:
109,192,66459,1,0,0:0:0:0:
402,192,66459,1,0,0:0:0:0:
182,192,66538,1,0,0:0:0:0:
475,192,66538,1,0,0:0:0:0:
402,192,66617,1,0,0:0:0:0:
109,192,66617,1,0,0:0:0:0:
256,192,66617,1,0,0:0:0:0:
402,192,66693,1,0,0:0:0:0:
109,192,66693,1,0,0:0:0:0:
475,192,66770,1,0,0:0:0:0:
182,192,66770,1,0,0:0:0:0:
329,192,66847,1,0,0:0:0:0:
36,192,66847,1,0,0:0:0:0:
109,192,66924,1,0,0:0:0:0:
402,192,66924,1,0,0:0:0:0:
256,192,66924,1,0,0:0:0:0:
109,192,67001,1,0,0:0:0:0:
402,192,67001,1,0,0:0:0:0:
475,192,67078,1,0,0:0:0:0:
182,192,67078,1,0,0:0:0:0:
329,192,67155,1,0,0:0:0:0:
36,192,67155,1,0,0:0:0:0:
256,192,67232,1,0,0:0:0:0:
109,192,67232,128,0,68078:0:0:0:0:
36,192,67232,1,0,0:0:0:0:
475,192,67232,1,0,0:0:0:0:
329,192,67308,1,0,0:0:0:0:
402,192,67385,1,0,0:0:0:0:
182,192,67385,1,0,0:0:0:0:
475,192,67462,1,0,0:0:0:0:
256,192,67539,1,0,0:0:0:0:
36,192,67539,1,0,0:0:0:0:
329,192,67616,1,0,0:0:0:0:
182,192,67693,1,0,0:0:0:0:
402,192,67693,1,0,0:0:0:0:
475,192,67770,1,0,0:0:0:0:
36,192,67847,1,0,0:0:0:0:
256,192,67847,1,0,0:0:0:0:
475,192,67924,1,0,0:0:0:0:
182,192,68001,1,0,0:0:0:0:
402,192,68001,1,0,0:0:0:0:
256,192,68078,1,0,0:0:0:0:
109,192,68155,1,0,0:0:0:0:
475,192,68155,128,0,68385:0:0:0:0:
36,192,68155,1,0,0:0:0:0:
329,192,68155,1,0,0:0:0:0:
256,192,68232,1,0,0:0:0:0:
182,192,68308,1,0,0:0:0:0:
402,192,68308,1,0,0:0:0:0:
109,192,68385,1,0,0:0:0:0:
329,192,68462,128,0,69001:0:0:0:0:
36,192,68462,1,0,0:0:0:0:
256,192,68462,1,0,0:0:0:0:
475,192,68462,1,0,0:0:0:0:
109,192,68539,1,0,0:0:0:0:
182,192,68616,1,0,0:0:0:0:
402,192,68616,1,0,0:0:0:0:
256,192,68693,1,0,0:0:0:0:
36,192,68770,1,0,0:0:0:0:
475,192,68770,1,0,0:0:0:0:
256,192,68847,1,0,0:0:0:0:
402,192,68924,128,0,69078:0:0:0:0:
109,192,68924,1,0,0:0:0:0:
182,192,69001,1,0,0:0:0:0:
256,192,69078,128,0,69232:0:0:0:0:
329,192,69078,1,0,0:0:0:0:
475,192,69078,1,0,0:0:0:0:
36,192,69078,1,0,0:0:0:0:
402,192,69155,1,0,0:0:0:0:
182,192,69232,128,0,69385:0:0:0:0:
329,192,69232,1,0,0:0:0:0:
256,192,69308,1,0,0:0:0:0:
109,192,69385,128,0,69539:0:0:0:0:
329,192,69385,1,0,0:0:0:0:
475,192,69385,1,0,0:0:0:0:
36,192,69385,1,0,0:0:0:0:
256,192,69462,1,0,0:0:0:0:
36,192,69539,128,0,69693:0:0:0:0:
182,192,69539,1,0,0:0:0:0:
475,192,69539,1,0,0:0:0:0:
329,192,69539,1,0,0:0:0:0:
109,192,69616,1,0,0:0:0:0:
329,192,69693,128,0,70232:0:0:0:0:
256,192,69693,1,0,0:0:0:0:
475,192,69693,1,0,0:0:0:0:
36,192,69770,1,0,0:0:0:0:
109,192,69847,1,0,0:0:0:0:
402,192,69847,1,0,0:0:0:0:
182,192,69924,1,0,0:0:0:0:
256,192,70001,1,0,0:0:0:0:
475,192,70001,1,0,0:0:0:0:
36,192,70001,1,0,0:0:0:0:
109,192,70078,1,0,0:0:0:0:
36,192,70155,128,0,70385:0:0:0:0:
182,192,70155,1,0,0:0:0:0:
402,192,70155,1,0,0:0:0:0:
256,192,70232,1,0,0:0:0:0:
182,192,70308,128,0,70539:0:0:0:0:
329,192,70308,1,0,0:0:0:0:
475,192,70308,1,0,0:0:0:0:
402,192,70385,1,0,0:0:0:0:
36,192,70462,128,0,70539:0:0:0:0:
256,192,70462,1,0,0:0:0:0:
475,192,70462,1,0,0:0:0:0:
329,192,70539,1,0,0:0:0:0:
475,192,70616,128,0,70847:0:0:0:0:
36,192,70616,1,0,0:0:0:0:
182,192,70616,1,0,0:0:0:0:
402,192,70616,1,0,0:0:0:0:
256,192,70693,1,0,0:0:0:0:
329,192,70770,128,0,70924:0:0:0:0:
36,192,70770,1,0,0:0:0:0:
109,192,70770,1,0,0:0:0:0:
182,192,70847,1,0,0:0:0:0:
256,192,70847,1,0,0:0:0:0:
402,192,70924,128,0,71462:0:0:0:0:
475,192,70924,1,0,0:0:0:0:
36,192,70924,1,0,0:0:0:0:
109,192,70924,1,0,0:0:0:0:
182,192,71001,1,0,0:0:0:0:
256,192,71078,1,0,0:0:0:0:
36,192,71078,1,0,0:0:0:0:
329,192,71155,1,0,0:0:0:0:
182,192,71232,1,0,0:0:0:0:
256,192,71232,1,0,0:0:0:0:
475,192,71232,1,0,0:0:0:0:
36,192,71308,1,0,0:0:0:0:
475,192,71385,128,0,71539:0:0:0:0:
109,192,71385,1,0,0:0:0:0:
329,192,71385,1,0,0:0:0:0:
182,192,71462,1,0,0:0:0:0:
329,192,71539,128,0,71693:0:0:0:0:
402,192,71539,1,0,0:0:0:0:
256,192,71539,1,0,0:0:0:0:
36,192,71539,1,0,0:0:0:0:
475,192,71616,1,0,0:0:0:0:
256,192,71693,128,0,71847:0:0:0:0:
182,192,71693,1,0,0:0:0:0:
402,192,71693,1,0,0:0:0:0:
329,192,71770,1,0,0:0:0:0:
182,192,71847,128,0,72001:0:0:0:0:
109,192,71847,1,0,0:0:0:0:
402,192,71847,1,0,0:0:0:0:
475,192,71924,1,0,0:0:0:0:
109,192,72001,128,0,72155:0:0:0:0:
36,192,72001,1,0,0:0:0:0:
402,192,72001,1,0,0:0:0:0:
329,192,72078,1,0,0:0:0:0:
256,192,72155,1,0,0:0:0:0:
475,192,72155,1,0,0:0:0:0:
36,192,72155,128,0,72385:0:0:0:0:
329,192,72232,1,0,0:0:0:0:
109,192,72232,1,0,0:0:0:0:
182,192,72308,128,0,72539:0:0:0:0:
402,192,72308,1,0,0:0:0:0:
256,192,72385,128,0,72616:0:0:0:0:
475,192,72385,1,0,0:0:0:0:
329,192,72462,128,0,72847:0:0:0:0:
36,192,72462,128,0,73001:0:0:0:0:
402,192,72539,1,0,0:0:0:0:
109,192,72539,128,0,72924:0:0:0:0:
182,192,72616,1,0,0:0:0:0:
475,192,72616,128,0,72693:0:0:0:0:
256,192,72693,1,0,0:0:0:0:
475,192,72770,1,0,0:0:0:0:
256,192,72770,128,0,73001:0:0:0:0:
402,192,72847,1,0,0:0:0:0:
329,192,72924,1,0,0:0:0:0:
182,192,72924,1,0,0:0:0:0:
109,192,73001,1,0,0:0:0:0:
256,192,73078,1,0,0:0:0:0:
36,192,73078,1,0,0:0:0:0:
475,192,73078,1,0,0:0:0:0:
402,192,73155,1,0,0:0:0:0:
109,192,73155,1,0,0:0:0:0:
36,192,73232,1,0,0:0:0:0:
256,192,73232,1,0,0:0:0:0:
475,192,73232,1,0,0:0:0:0:
109,192,73308,1,0,0:0:0:0:
402,192,73308,1,0,0:0:0:0:
36,192,73385,1,0,0:0:0:0:
475,192,73385,128,0,73616:0:0:0:0:
256,192,73385,1,0,0:0:0:0:
402,192,73462,1,0,0:0:0:0:
182,192,73462,1,0,0:0:0:0:
329,192,73539,128,0,73770:0:0:0:0:
109,192,73539,1,0,0:0:0:0:
256,192,73616,128,0,73847:0:0:0:0:
36,192,73616,1,0,0:0:0:0:
182,192,73693,128,0,74078:0:0:0:0:
475,192,73693,128,0,74232:0:0:0:0:
402,192,73770,128,0,74155:0:0:0:0:
109,192,73770,1,0,0:0:0:0:
36,192,73847,128,0,73924:0:0:0:0:
329,192,73847,1,0,0:0:0:0:
256,192,73924,1,0,0:0:0:0:
36,192,74001,1,0,0:0:0:0:
256,192,74001,128,0,74232:0:0:0:0:
109,192,74078,1,0,0:0:0:0:
182,192,74155,1,0,0:0:0:0:
329,192,74155,1,0,0:0:0:0:
402,192,74232,1,0,0:0:0:0:
475,192,74308,1,0,0:0:0:0:
36,192,74308,1,0,0:0:0:0:
256,192,74308,1,0,0:0:0:0:
182,192,74385,1,0,0:0:0:0:
329,192,74385,1,0,0:0:0:0:
475,192,74462,1,0,0:0:0:0:
36,192,74462,1,0,0:0:0:0:
256,192,74462,1,0,0:0:0:0:
182,192,74539,1,0,0:0:0:0:
329,192,74539,1,0,0:0:0:0:
402,192,74616,1,0,0:0:0:0:
475,192,74616,1,0,0:0:0:0:
256,192,74616,128,0,75155:0:0:0:0:
36,192,74616,1,0,0:0:0:0:
109,192,74616,1,0,0:0:0:0:
182,192,74770,1,0,0:0:0:0:
329,192,74770,1,0,0:0:0:0:
402,192,74770,1,0,0:0:0:0:
109,192,74770,1,0,0:0:0:0:
36,192,74924,1,0,0:0:0:0:
109,192,74924,1,0,0:0:0:0:
402,192,74924,1,0,0:0:0:0:
475,192,74924,1,0,0:0:0:0:
182,192,75078,1,0,0:0:0:0:
329,192,75078,1,0,0:0:0:0:
402,192,75078,1,0,0:0:0:0:
109,192,75078,1,0,0:0:0:0:
256,192,75232,128,0,75770:0:0:0:0:
36,192,75232,1,0,0:0:0:0:
182,192,75232,1,0,0:0:0:0:
329,192,75232,1,0,0:0:0:0:
475,192,75232,1,0,0:0:0:0:
182,192,75385,1,0,0:0:0:0:
329,192,75385,1,0,0:0:0:0:
402,192,75385,1,0,0:0:0:0:
109,192,75385,1,0,0:0:0:0:
36,192,75539,1,0,0:0:0:0:
109,192,75539,1,0,0:0:0:0:
402,192,75539,1,0,0:0:0:0:
475,192,75539,1,0,0:0:0:0:
182,192,75693,1,0,0:0:0:0:
329,192,75693,1,0,0:0:0:0:
36,192,75693,1,0,0:0:0:0:
475,192,75693,1,0,0:0:0:0:
329,192,75847,1,0,0:0:0:0:
36,192,75847,128,0,76232:0:0:0:0:
256,192,75847,1,0,0:0:0:0:
109,192,75847,128,0,76078:0:0:0:0:
182,192,75847,128,0,75924:0:0:0:0:
402,192,75924,1,0,0:0:0:0:
475,192,75924,128,0,76770:0:0:0:0:
256,192,76001,1,0,0:0:0:0:
182,192,76001,1,0,0:0:0:0:
329,192,76078,1,0,0:0:0:0:
402,192,76078,128,0,76616:0:0:0:0:
182,192,76155,1,0,0:0:0:0:
109,192,76155,1,0,0:0:0:0:
256,192,76232,1,0,0:0:0:0:
329,192,76232,128,0,76462:0:0:0:0:
109,192,76308,1,0,0:0:0:0:
36,192,76308,1,0,0:0:0:0:
256,192,76385,1,0,0:0:0:0:
182,192,76385,1,0,0:0:0:0:
109,192,76462,1,0,0:0:0:0:
36,192,76462,128,0,77001:0:0:0:0:
329,192,76539,1,0,0:0:0:0:
256,192,76539,1,0,0:0:0:0:
182,192,76616,1,0,0:0:0:0:
109,192,76616,128,0,77001:0:0:0:0:
402,192,76693,1,0,0:0:0:0:
329,192,76693,1,0,0:0:0:0:
256,192,76770,1,0,0:0:0:0:
182,192,76770,128,0,77001:0:0:0:0:
475,192,76847,1,0,0:0:0:0:
402,192,76847,1,0,0:0:0:0:
329,192,76924,1,0,0:0:0:0:
256,192,76924,128,0,77001:0:0:0:0:
402,192,77001,1,0,0:0:0:0:
475,192,77001,1,0,0:0:0:0:
329,192,77078,128,0,78232:0:0:0:0:
475,192,77078,1,0,0:0:0:0:
36,192,77078,1,0,0:0:0:0:
109,192,77078,1,0,0:0:0:0:
182,192,77078,128,0,77155:0:0:0:0:
182,192,77232,1,0,0:0:0:0:
402,192,77232,1,0,0:0:0:0:
256,192,77232,1,0,0:0:0:0:
475,192,77385,1,0,0:0:0:0:
36,192,77385,1,0,0:0:0:0:
182,192,77385,1,0,0:0:0:0:
402,192,77385,1,0,0:0:0:0:
402,192,77539,1,0,0:0:0:0:
109,192,77539,1,0,0:0:0:0:
256,192,77539,1,0,0:0:0:0:
475,192,77693,1,0,0:0:0:0:
36,192,77693,1,0,0:0:0:0:
109,192,77693,1,0,0:0:0:0:
402,192,77847,1,0,0:0:0:0:
182,192,77847,1,0,0:0:0:0:
256,192,77847,1,0,0:0:0:0:
475,192,78001,128,0,78308:0:0:0:0:
36,192,78001,1,0,0:0:0:0:
182,192,78001,1,0,0:0:0:0:
402,192,78155,1,0,0:0:0:0:
109,192,78155,1,0,0:0:0:0:
256,192,78155,1,0,0:0:0:0:
329,192,78308,1,0,0:0:0:0:
36,192,78308,1,0,0:0:0:0:
109,192,78308,1,0,0:0:0:0:
256,192,78308,128,0,78847:0:0:0:0:
182,192,78308,128,0,78385:0:0:0:0:
109,192,78462,1,0,0:0:0:0:
402,192,78462,1,0,0:0:0:0:
475,192,78462,1,0,0:0:0:0:
36,192,78616,1,0,0:0:0:0:
182,192,78616,1,0,0:0:0:0:
329,192,78616,1,0,0:0:0:0:
402,192,78770,128,0,78924:0:0:0:0:
109,192,78770,1,0,0:0:0:0:
475,192,78770,1,0,0:0:0:0:
256,192,78924,1,0,0:0:0:0:
182,192,78924,128,0,79155:0:0:0:0:
36,192,78924,1,0,0:0:0:0:
329,192,78924,1,0,0:0:0:0:
109,192,79078,128,0,79308:0:0:0:0:
329,192,79078,1,0,0:0:0:0:
402,192,79078,1,0,0:0:0:0:
475,192,79078,1,0,0:0:0:0:
36,192,79232,128,0,79462:0:0:0:0:
256,192,79232,1,0,0:0:0:0:
182,192,79232,1,0,0:0:0:0:
182,192,79385,128,0,79539:0:0:0:0:
329,192,79385,1,0,0:0:0:0:
402,192,79385,1,0,0:0:0:0:
475,192,79385,1,0,0:0:0:0:
36,192,79539,1,0,0:0:0:0:
109,192,79539,128,0,80001:0:0:0:0:
329,192,79539,128,0,79847:0:0:0:0:
475,192,79539,128,0,79616:0:0:0:0:
256,192,79616,128,0,80078:0:0:0:0:
402,192,79693,128,0,80155:0:0:0:0:
182,192,79693,128,0,79770:0:0:0:0:
36,192,79770,128,0,80616:0:0:0:0:
182,192,79847,128,0,80155:0:0:0:0:
329,192,79924,128,0,80001:0:0:0:0:
475,192,80001,128,0,80385:0:0:0:0:
109,192,80078,128,0,80155:0:0:0:0:
329,192,80078,128,0,80462:0:0:0:0:
256,192,80155,128,0,80232:0:0:0:0:
402,192,80232,128,0,80308:0:0:0:0:
182,192,80232,128,0,80539:0:0:0:0:
256,192,80308,128,0,80385:0:0:0:0:
109,192,80385,128,0,80462:0:0:0:0:
475,192,80462,128,0,80539:0:0:0:0:
329,192,80539,128,0,80616:0:0:0:0:
182,192,80616,128,0,80693:0:0:0:0:
36,192,80693,128,0,80770:0:0:0:0:
475,192,80770,128,0,81001:0:0:0:0:
256,192,80770,1,0,0:0:0:0:
402,192,80847,128,0,81078:0:0:0:0:
182,192,80847,1,0,0:0:0:0:
329,192,80924,128,0,81155:0:0:0:0:
109,192,80924,1,0,0:0:0:0:
256,192,81001,128,0,81232:0:0:0:0:
36,192,81001,1,0,0:0:0:0:
475,192,81078,1,0,0:0:0:0:
109,192,81078,1,0,0:0:0:0:
402,192,81155,1,0,0:0:0:0:
182,192,81155,1,0,0:0:0:0:
329,192,81232,1,0,0:0:0:0:
475,192,81232,128,0,81616:0:0:0:0:
256,192,81308,1,0,0:0:0:0:
402,192,81308,128,0,81539:0:0:0:0:
36,192,81385,128,0,81924:0:0:0:0:
182,192,81385,1,0,0:0:0:0:
329,192,81385,128,0,81462:0:0:0:0:
109,192,81462,128,0,81847:0:0:0:0:
256,192,81462,1,0,0:0:0:0:
182,192,81539,128,0,81770:0:0:0:0:
329,192,81539,1,0,0:0:0:0:
256,192,81616,128,0,81693:0:0:0:0:
402,192,81616,1,0,0:0:0:0:
329,192,81693,1,0,0:0:0:0:
475,192,81693,1,0,0:0:0:0:
256,192,81770,1,0,0:0:0:0:
402,192,81770,1,0,0:0:0:0:
182,192,81847,1,0,0:0:0:0:
329,192,81847,1,0,0:0:0:0:
109,192,81924,1,0,0:0:0:0:
256,192,81924,1,0,0:0:0:0:
36,192,82001,1,0,0:0:0:0:
182,192,82001,1,0,0:0:0:0:
402,192,82001,128,0,83155:0:0:0:0:
256,192,82078,1,0,0:0:0:0:
329,192,82155,1,0,0:0:0:0:
475,192,82155,1,0,0:0:0:0:
109,192,82155,1,0,0:0:0:0:
256,192,82232,1,0,0:0:0:0:
36,192,82308,1,0,0:0:0:0:
182,192,82308,1,0,0:0:0:0:
256,192,82385,1,0,0:0:0:0:
329,192,82462,1,0,0:0:0:0:
475,192,82462,1,0,0:0:0:0:
109,192,82462,1,0,0:0:0:0:
256,192,82539,1,0,0:0:0:0:
36,192,82616,1,0,0:0:0:0:
182,192,82616,1,0,0:0:0:0:
256,192,82693,1,0,0:0:0:0:
329,192,82770,1,0,0:0:0:0:
475,192,82770,1,0,0:0:0:0:
109,192,82770,1,0,0:0:0:0:
256,192,82847,1,0,0:0:0:0:
36,192,82924,128,0,83155:0:0:0:0:
182,192,82924,1,0,0:0:0:0:
256,192,83001,1,0,0:0:0:0:
329,192,83078,1,0,0:0:0:0:
475,192,83078,1,0,0:0:0:0:
109,192,83078,1,0,0:0:0:0:
182,192,83155,1,0,0:0:0:0:
256,192,83232,1,0,0:0:0:0:
402,192,83232,1,0,0:0:0:0:
475,192,83232,128,0,83616:0:0:0:0:
36,192,83232,1,0,0:0:0:0:
182,192,83308,1,0,0:0:0:0:
329,192,83385,1,0,0:0:0:0:
36,192,83385,1,0,0:0:0:0:
182,192,83462,1,0,0:0:0:0:
329,192,83539,128,0,83616:0:0:0:0:
36,192,83539,1,0,0:0:0:0:
256,192,83539,1,0,0:0:0:0:
182,192,83616,1,0,0:0:0:0:
329,192,83693,128,0,84462:0:0:0:0:
36,192,83693,1,0,0:0:0:0:
475,192,83693,1,0,0:0:0:0:
182,192,83770,1,0,0:0:0:0:
36,192,83847,1,0,0:0:0:0:
256,192,83847,1,0,0:0:0:0:
402,192,83847,1,0,0:0:0:0:
182,192,83924,1,0,0:0:0:0:
36,192,84001,1,0,0:0:0:0:
475,192,84001,1,0,0:0:0:0:
182,192,84078,1,0,0:0:0:0:
36,192,84155,1,0,0:0:0:0:
109,192,84155,128,0,84385:0:0:0:0:
256,192,84155,1,0,0:0:0:0:
402,192,84308,128,0,84462:0:0:0:0:
256,192,84308,1,0,0:0:0:0:
475,192,84308,1,0,0:0:0:0:
36,192,84462,128,0,85693:0:0:0:0:
475,192,84462,128,0,85616:0:0:0:0:
109,192,84462,1,0,0:0:0:0:
182,192,84462,1,0,0:0:0:0:
256,192,84462,1,0,0:0:0:0:
256,192,84616,1,0,0:0:0:0:
402,192,84770,1,0,0:0:0:0:
329,192,84770,1,0,0:0:0:0:
256,192,84770,1,0,0:0:0:0:
256,192,84924,1,0,0:0:0:0:
182,192,85078,1,0,0:0:0:0:
109,192,85078,1,0,0:0:0:0:
256,192,85078,1,0,0:0:0:0:
256,192,85232,1,0,0:0:0:0:
329,192,85385,128,0,85539:0:0:0:0:
402,192,85385,1,0,0:0:0:0:
256,192,85385,1,0,0:0:0:0:
182,192,85462,128,0,85616:0:0:0:0:
256,192,85539,128,0,85693:0:0:0:0:
109,192,85539,1,0,0:0:0:0:
329,192,85616,1,0,0:0:0:0:
402,192,85693,128,0,86232:0:0:0:0:
475,192,85693,1,0,0:0:0:0:
182,192,85693,1,0,0:0:0:0:
329,192,85732,1,0,0:0:0:0:
256,192,85770,1,0,0:0:0:0:
182,192,85808,1,0,0:0:0:0:
109,192,85847,1,0,0:0:0:0:
475,192,85847,1,0,0:0:0:0:
36,192,85847,1,0,0:0:0:0:
329,192,85885,1,0,0:0:0:0:
256,192,85924,1,0,0:0:0:0:
182,192,85962,1,0,0:0:0:0:
36,192,86001,1,0,0:0:0:0:
329,192,86001,1,0,0:0:0:0:
109,192,86001,1,0,0:0:0:0:
182,192,86078,1,0,0:0:0:0:
329,192,86155,1,0,0:0:0:0:
36,192,86155,1,0,0:0:0:0:
475,192,86155,1,0,0:0:0:0:
182,192,86232,1,0,0:0:0:0:
402,192,86308,1,0,0:0:0:0:
109,192,86308,1,0,0:0:0:0:
475,192,86308,128,0,86847:0:0:0:0:
36,192,86308,128,0,86847:0:0:0:0:
256,192,86308,1,0,0:0:0:0:
329,192,86462,1,0,0:0:0:0:
256,192,86539,1,0,0:0:0:0:
109,192,86616,1,0,0:0:0:0:
182,192,86616,1,0,0:0:0:0:
329,192,86693,1,0,0:0:0:0:
402,192,86693,1,0,0:0:0:0:
109,192,86770,1,0,0:0:0:0:
182,192,86770,1,0,0:0:0:0:
329,192,86847,1,0,0:0:0:0:
402,192,86847,1,0,0:0:0:0:
256,192,86924,1,0,0:0:0:0:
182,192,86924,128,0,87155:0:0:0:0:
475,192,86924,1,0,0:0:0:0:
36,192,86924,1,0,0:0:0:0:
109,192,86924,1,0,0:0:0:0:
402,192,87001,1,0,0:0:0:0:
329,192,87001,1,0,0:0:0:0:
256,192,87078,128,0,87232:0:0:0:0:
475,192,87078,1,0,0:0:0:0:
402,192,87232,1,0,0:0:0:0:
109,192,87232,1,0,0:0:0:0:
36,192,87232,1,0,0:0:0:0:
182,192,87232,1,0,0:0:0:0:
109,192,87385,1,0,0:0:0:0:
182,192,87385,128,0,87616:0:0:0:0:
36,192,87385,1,0,0:0:0:0:
256,192,87385,1,0,0:0:0:0:
475,192,87385,1,0,0:0:0:0:
329,192,87462,1,0,0:0:0:0:
402,192,87462,1,0,0:0:0:0:
256,192,87539,128,0,87693:0:0:0:0:
475,192,87539,1,0,0:0:0:0:
402,192,87693,1,0,0:0:0:0:
109,192,87693,1,0,0:0:0:0:
36,192,87693,1,0,0:0:0:0:
182,192,87693,1,0,0:0:0:0:
256,192,87847,1,0,0:0:0:0:
109,192,87847,1,0,0:0:0:0:
475,192,87847,1,0,0:0:0:0:
329,192,87847,1,0,0:0:0:0:
402,192,88001,1,0,0:0:0:0:
182,192,88001,1,0,0:0:0:0:
109,192,88078,1,0,0:0:0:0:
36,192,88155,1,0,0:0:0:0:
475,192,88155,1,0,0:0:0:0:
256,192,88155,1,0,0:0:0:0:
402,192,88155,1,0,0:0:0:0:
329,192,88155,128,0,88385:0:0:0:0:
182,192,88232,1,0,0:0:0:0:
109,192,88232,1,0,0:0:0:0:
36,192,88308,1,0,0:0:0:0:
256,192,88308,128,0,88462:0:0:0:0:
402,192,88462,1,0,0:0:0:0:
329,192,88462,1,0,0:0:0:0:
109,192,88462,1,0,0:0:0:0:
475,192,88462,1,0,0:0:0:0:
475,192,88616,1,0,0:0:0:0:
402,192,88616,1,0,0:0:0:0:
36,192,88616,1,0,0:0:0:0:
329,192,88616,128,0,88847:0:0:0:0:
256,192,88616,1,0,0:0:0:0:
182,192,88693,1,0,0:0:0:0:
109,192,88693,1,0,0:0:0:0:
256,192,88770,128,0,88924:0:0:0:0:
36,192,88770,1,0,0:0:0:0:
475,192,88924,1,0,0:0:0:0:
109,192,88924,1,0,0:0:0:0:
402,192,88924,1,0,0:0:0:0:
329,192,88924,1,0,0:0:0:0:
182,192,89078,1,0,0:0:0:0:
402,192,89078,1,0,0:0:0:0:
256,192,89078,1,0,0:0:0:0:
36,192,89078,1,0,0:0:0:0:
109,192,89232,1,0,0:0:0:0:
329,192,89232,1,0,0:0:0:0:
402,192,89308,1,0,0:0:0:0:
256,192,89385,1,0,0:0:0:0:
109,192,89385,1,0,0:0:0:0:
475,192,89385,1,0,0:0:0:0:
36,192,89385,1,0,0:0:0:0:
182,192,89385,128,0,89616:0:0:0:0:
329,192,89462,1,0,0:0:0:0:
402,192,89462,1,0,0:0:0:0:
256,192,89539,128,0,89693:0:0:0:0:
475,192,89539,1,0,0:0:0:0:
36,192,89693,1,0,0:0:0:0:
182,192,89693,1,0,0:0:0:0:
402,192,89693,1,0,0:0:0:0:
109,192,89693,1,0,0:0:0:0:
256,192,89847,1,0,0:0:0:0:
36,192,89847,1,0,0:0:0:0:
182,192,89847,128,0,90078:0:0:0:0:
475,192,89847,1,0,0:0:0:0:
109,192,89847,1,0,0:0:0:0:
329,192,89924,1,0,0:0:0:0:
402,192,89924,1,0,0:0:0:0:
475,192,90001,1,0,0:0:0:0:
256,192,90001,128,0,90155:0:0:0:0:
36,192,90155,1,0,0:0:0:0:
109,192,90155,1,0,0:0:0:0:
182,192,90155,1,0,0:0:0:0:
402,192,90155,1,0,0:0:0:0:
109,192,90308,1,0,0:0:0:0:
329,192,90308,1,0,0:0:0:0:
256,192,90308,1,0,0:0:0:0:
475,192,90308,1,0,0:0:0:0:
329,192,90462,1,0,0:0:0:0:
182,192,90462,1,0,0:0:0:0:
402,192,90539,1,0,0:0:0:0:
109,192,90539,1,0,0:0:0:0:
475,192,90616,128,0,91078:0:0:0:0:
36,192,90616,128,0,91078:0:0:0:0:
256,192,90616,1,0,0:0:0:0:
256,192,90770,1,0,0:0:0:0:
109,192,90770,1,0,0:0:0:0:
329,192,90847,1,0,0:0:0:0:
182,192,90847,1,0,0:0:0:0:
402,192,90924,1,0,0:0:0:0:
256,192,90924,1,0,0:0:0:0:
329,192,91078,1,0,0:0:0:0:
182,192,91078,1,0,0:0:0:0:
475,192,91155,1,0,0:0:0:0:
36,192,91155,1,0,0:0:0:0:
329,192,91232,128,0,91693:0:0:0:0:
182,192,91232,128,0,91693:0:0:0:0:
402,192,91385,1,0,0:0:0:0:
36,192,91385,1,0,0:0:0:0:
256,192,91462,1,0,0:0:0:0:
475,192,91539,1,0,0:0:0:0:
109,192,91539,1,0,0:0:0:0:
475,192,91693,1,0,0:0:0:0:
36,192,91693,1,0,0:0:0:0:
329,192,91770,1,0,0:0:0:0:
182,192,91770,1,0,0:0:0:0:
109,192,91847,128,0,92078:0:0:0:0:
256,192,91847,1,0,0:0:0:0:
402,192,91847,128,0,92539:0:0:0:0:
36,192,91847,1,0,0:0:0:0:
475,192,91847,1,0,0:0:0:0:
329,192,92001,1,0,0:0:0:0:
182,192,92001,128,0,92155:0:0:0:0:
256,192,92155,1,0,0:0:0:0:
475,192,92155,1,0,0:0:0:0:
36,192,92155,1,0,0:0:0:0:
109,192,92155,1,0,0:0:0:0:
329,192,92308,1,0,0:0:0:0:
109,192,92308,1,0,0:0:0:0:
36,192,92308,1,0,0:0:0:0:
256,192,92462,1,0,0:0:0:0:
36,192,92462,128,0,93001:0:0:0:0:
109,192,92616,1,0,0:0:0:0:
182,192,92616,128,0,92847:0:0:0:0:
475,192,92616,1,0,0:0:0:0:
402,192,92616,1,0,0:0:0:0:
475,192,92770,1,0,0:0:0:0:
402,192,92770,1,0,0:0:0:0:
329,192,92770,128,0,92924:0:0:0:0:
256,192,92770,1,0,0:0:0:0:
182,192,92924,1,0,0:0:0:0:
475,192,92924,128,0,93001:0:0:0:0:
329,192,93001,1,0,0:0:0:0:
36,192,93078,1,0,0:0:0:0:
475,192,93078,1,0,0:0:0:0:
256,192,93078,1,0,0:0:0:0:
402,192,93078,128,0,93770:0:0:0:0:
109,192,93078,128,0,93308:0:0:0:0:
329,192,93232,1,0,0:0:0:0:
182,192,93232,128,0,93385:0:0:0:0:
475,192,93385,1,0,0:0:0:0:
109,192,93385,1,0,0:0:0:0:
36,192,93385,1,0,0:0:0:0:
256,192,93385,1,0,0:0:0:0:
329,192,93539,128,0,93616:0:0:0:0:
36,192,93539,1,0,0:0:0:0:
109,192,93539,1,0,0:0:0:0:
182,192,93616,128,0,93693:0:0:0:0:
36,192,93693,1,0,0:0:0:0:
109,192,93693,128,0,94232:0:0:0:0:
329,192,93693,128,0,94155:0:0:0:0:
256,192,93847,1,0,0:0:0:0:
475,192,93847,1,0,0:0:0:0:
402,192,93847,1,0,0:0:0:0:
36,192,94001,1,0,0:0:0:0:
182,192,94001,128,0,94232:0:0:0:0:
475,192,94001,1,0,0:0:0:0:
402,192,94001,1,0,0:0:0:0:
36,192,94155,128,0,94308:0:0:0:0:
256,192,94155,1,0,0:0:0:0:
329,192,94232,1,0,0:0:0:0:
182,192,94308,128,0,94539:0:0:0:0:
475,192,94308,1,0,0:0:0:0:
109,192,94308,1,0,0:0:0:0:
402,192,94308,1,0,0:0:0:0:
475,192,94462,1,0,0:0:0:0:
329,192,94462,1,0,0:0:0:0:
256,192,94462,128,0,94616:0:0:0:0:
475,192,94616,1,0,0:0:0:0:
109,192,94616,1,0,0:0:0:0:
182,192,94616,1,0,0:0:0:0:
36,192,94616,1,0,0:0:0:0:
329,192,94770,128,0,95001:0:0:0:0:
36,192,94770,1,0,0:0:0:0:
109,192,94770,1,0,0:0:0:0:
182,192,94924,1,0,0:0:0:0:
36,192,94924,1,0,0:0:0:0:
256,192,94924,128,0,95078:0:0:0:0:
475,192,94924,1,0,0:0:0:0:
329,192,95078,1,0,0:0:0:0:
475,192,95078,1,0,0:0:0:0:
182,192,95232,1,0,0:0:0:0:
36,192,95232,1,0,0:0:0:0:
475,192,95232,1,0,0:0:0:0:
402,192,95232,1,0,0:0:0:0:
475,192,95385,1,0,0:0:0:0:
36,192,95385,128,0,95616:0:0:0:0:
402,192,95385,1,0,0:0:0:0:
329,192,95424,1,0,0:0:0:0:
256,192,95462,1,0,0:0:0:0:
182,192,95501,1,0,0:0:0:0:
475,192,95539,1,0,0:0:0:0:
109,192,95539,128,0,95616:0:0:0:0:
36,192,95693,128,0,95770:0:0:0:0:
475,192,95693,128,0,95924:0:0:0:0:
109,192,95693,1,0,0:0:0:0:
182,192,95732,1,0,0:0:0:0:
256,192,95770,1,0,0:0:0:0:
329,192,95808,1,0,0:0:0:0:
36,192,95847,1,0,0:0:0:0:
402,192,95847,128,0,95924:0:0:0:0:
475,192,96001,128,0,96078:0:0:0:0:
182,192,96001,1,0,0:0:0:0:
36,192,96001,128,0,96232:0:0:0:0:
256,192,96039,1,0,0:0:0:0:
109,192,96078,1,0,0:0:0:0:
329,192,96078,1,0,0:0:0:0:
402,192,96116,1,0,0:0:0:0:
182,192,96155,128,0,96232:0:0:0:0:
475,192,96155,1,0,0:0:0:0:
329,192,96308,1,0,0:0:0:0:
36,192,96308,128,0,96385:0:0:0:0:
475,192,96308,128,0,96539:0:0:0:0:
256,192,96347,1,0,0:0:0:0:
402,192,96385,1,0,0:0:0:0:
182,192,96385,1,0,0:0:0:0:
109,192,96424,1,0,0:0:0:0:
36,192,96462,1,0,0:0:0:0:
329,192,96462,1,0,0:0:0:0:
402,192,96501,1,0,0:0:0:0:
256,192,96539,1,0,0:0:0:0:
109,192,96578,1,0,0:0:0:0:
36,192,96616,128,0,96693:0:0:0:0:
475,192,96616,128,0,96693:0:0:0:0:
182,192,96616,1,0,0:0:0:0:
256,192,96655,1,0,0:0:0:0:
109,192,96693,1,0,0:0:0:0:
329,192,96693,1,0,0:0:0:0:
402,192,96732,1,0,0:0:0:0:
329,192,96770,128,0,97001:0:0:0:0:
256,192,96770,1,0,0:0:0:0:
475,192,96770,1,0,0:0:0:0:
36,192,96770,1,0,0:0:0:0:
182,192,96770,1,0,0:0:0:0:
109,192,96847,1,0,0:0:0:0:
182,192,96847,1,0,0:0:0:0:
256,192,96924,128,0,97078:0:0:0:0:
36,192,96924,1,0,0:0:0:0:
475,192,96924,1,0,0:0:0:0:
329,192,97078,1,0,0:0:0:0:
109,192,97078,1,0,0:0:0:0:
402,192,97078,1,0,0:0:0:0:
475,192,97078,1,0,0:0:0:0:
182,192,97232,1,0,0:0:0:0:
329,192,97232,128,0,97462:0:0:0:0:
475,192,97232,1,0,0:0:0:0:
256,192,97232,1,0,0:0:0:0:
36,192,97232,1,0,0:0:0:0:
109,192,97308,1,0,0:0:0:0:
256,192,97385,128,0,97539:0:0:0:0:
36,192,97385,1,0,0:0:0:0:
475,192,97385,1,0,0:0:0:0:
109,192,97539,1,0,0:0:0:0:
402,192,97539,1,0,0:0:0:0:
475,192,97539,1,0,0:0:0:0:
329,192,97539,1,0,0:0:0:0:
256,192,97693,1,0,0:0:0:0:
402,192,97693,1,0,0:0:0:0:
36,192,97693,1,0,0:0:0:0:
182,192,97693,1,0,0:0:0:0:
475,192,97693,1,0,0:0:0:0:
182,192,97847,1,0,0:0:0:0:
329,192,97847,1,0,0:0:0:0:
475,192,97847,1,0,0:0:0:0:
109,192,97924,1,0,0:0:0:0:
475,192,98001,1,0,0:0:0:0:
36,192,98001,1,0,0:0:0:0:
256,192,98001,1,0,0:0:0:0:
329,192,98001,1,0,0:0:0:0:
182,192,98001,128,0,98232:0:0:0:0:
402,192,98078,1,0,0:0:0:0:
329,192,98078,1,0,0:0:0:0:
475,192,98155,1,0,0:0:0:0:
256,192,98155,128,0,98308:0:0:0:0:
36,192,98155,1,0,0:0:0:0:
109,192,98308,1,0,0:0:0:0:
182,192,98308,1,0,0:0:0:0:
402,192,98308,1,0,0:0:0:0:
36,192,98308,1,0,0:0:0:0:
36,192,98462,1,0,0:0:0:0:
329,192,98462,1,0,0:0:0:0:
475,192,98462,1,0,0:0:0:0:
182,192,98462,128,0,98693:0:0:0:0:
256,192,98462,1,0,0:0:0:0:
402,192,98539,1,0,0:0:0:0:
256,192,98616,128,0,98770:0:0:0:0:
475,192,98616,1,0,0:0:0:0:
36,192,98616,1,0,0:0:0:0:
36,192,98770,1,0,0:0:0:0:
402,192,98770,1,0,0:0:0:0:
109,192,98770,1,0,0:0:0:0:
182,192,98770,1,0,0:0:0:0:
329,192,98924,1,0,0:0:0:0:
109,192,98924,1,0,0:0:0:0:
256,192,98924,1,0,0:0:0:0:
475,192,98924,1,0,0:0:0:0:
36,192,98924,1,0,0:0:0:0:
329,192,99078,1,0,0:0:0:0:
182,192,99078,1,0,0:0:0:0:
36,192,99078,1,0,0:0:0:0:
402,192,99155,1,0,0:0:0:0:
256,192,99232,1,0,0:0:0:0:
182,192,99232,1,0,0:0:0:0:
36,192,99232,1,0,0:0:0:0:
475,192,99232,1,0,0:0:0:0:
329,192,99232,128,0,99462:0:0:0:0:
109,192,99308,1,0,0:0:0:0:
182,192,99308,1,0,0:0:0:0:
256,192,99385,128,0,99539:0:0:0:0:
36,192,99385,1,0,0:0:0:0:
475,192,99385,1,0,0:0:0:0:
475,192,99539,1,0,0:0:0:0:
329,192,99539,1,0,0:0:0:0:
109,192,99539,1,0,0:0:0:0:
402,192,99539,1,0,0:0:0:0:
256,192,99693,1,0,0:0:0:0:
475,192,99693,1,0,0:0:0:0:
329,192,99693,128,0,99924:0:0:0:0:
36,192,99693,1,0,0:0:0:0:
182,192,99693,1,0,0:0:0:0:
109,192,99770,1,0,0:0:0:0:
182,192,99770,1,0,0:0:0:0:
36,192,99847,1,0,0:0:0:0:
256,192,99847,128,0,100001:0:0:0:0:
475,192,99847,1,0,0:0:0:0:
475,192,100001,1,0,0:0:0:0:
402,192,100001,1,0,0:0:0:0:
329,192,100001,1,0,0:0:0:0:
109,192,100001,1,0,0:0:0:0:
402,192,100155,1,0,0:0:0:0:
182,192,100155,1,0,0:0:0:0:
256,192,100155,1,0,0:0:0:0:
36,192,100155,1,0,0:0:0:0:
475,192,100155,1,0,0:0:0:0:
36,192,100308,1,0,0:0:0:0:
475,192,100308,1,0,0:0:0:0:
109,192,100308,1,0,0:0:0:0:
402,192,100308,1,0,0:0:0:0:
182,192,100385,1,0,0:0:0:0:
329,192,100385,1,0,0:0:0:0:
256,192,100462,1,0,0:0:0:0:
36,192,100462,128,0,100924:0:0:0:0:
475,192,100462,128,0,100924:0:0:0:0:
109,192,100462,1,0,0:0:0:0:
402,192,100462,1,0,0:0:0:0:
109,192,100616,1,0,0:0:0:0:
256,192,100616,1,0,0:0:0:0:
402,192,100616,1,0,0:0:0:0:
329,192,100693,1,0,0:0:0:0:
182,192,100693,1,0,0:0:0:0:
402,192,100770,1,0,0:0:0:0:
109,192,100770,1,0,0:0:0:0:
256,192,100770,128,0,100924:0:0:0:0:
182,192,100924,1,0,0:0:0:0:
329,192,100924,1,0,0:0:0:0:
36,192,101001,1,0,0:0:0:0:
475,192,101001,1,0,0:0:0:0:
109,192,101001,1,0,0:0:0:0:
402,192,101001,1,0,0:0:0:0:
256,192,101001,1,0,0:0:0:0:
329,192,101078,128,0,101308:0:0:0:0:
182,192,101078,128,0,101308:0:0:0:0:
475,192,101232,1,0,0:0:0:0:
36,192,101232,1,0,0:0:0:0:
109,192,101232,1,0,0:0:0:0:
402,192,101232,1,0,0:0:0:0:
256,192,101308,1,0,0:0:0:0:
402,192,101385,1,0,0:0:0:0:
109,192,101385,1,0,0:0:0:0:
475,192,101385,128,0,101539:0:0:0:0:
36,192,101385,128,0,101539:0:0:0:0:
329,192,101424,1,0,0:0:0:0:
256,192,101462,1,0,0:0:0:0:
182,192,101501,1,0,0:0:0:0:
109,192,101539,1,0,0:0:0:0:
402,192,101539,1,0,0:0:0:0:
182,192,101616,1,0,0:0:0:0:
329,192,101616,1,0,0:0:0:0:
402,192,101693,1,0,0:0:0:0:
256,192,101693,128,0,102847:0:0:0:0:
109,192,101693,128,0,102232:0:0:0:0:
475,192,101693,1,0,0:0:0:0:
36,192,101693,1,0,0:0:0:0:
329,192,101770,1,0,0:0:0:0:
402,192,101847,1,0,0:0:0:0:
475,192,101847,1,0,0:0:0:0:
182,192,101847,1,0,0:0:0:0:
329,192,101924,1,0,0:0:0:0:
36,192,102001,1,0,0:0:0:0:
402,192,102001,1,0,0:0:0:0:
475,192,102001,1,0,0:0:0:0:
329,192,102078,1,0,0:0:0:0:
182,192,102155,1,0,0:0:0:0:
402,192,102155,1,0,0:0:0:0:
475,192,102155,1,0,0:0:0:0:
329,192,102232,1,0,0:0:0:0:
36,192,102308,1,0,0:0:0:0:
109,192,102308,1,0,0:0:0:0:
475,192,102308,128,0,102539:0:0:0:0:
402,192,102308,1,0,0:0:0:0:
182,192,102385,1,0,0:0:0:0:
109,192,102462,1,0,0:0:0:0:
36,192,102462,1,0,0:0:0:0:
329,192,102462,128,0,102693:0:0:0:0:
182,192,102539,1,0,0:0:0:0:
109,192,102616,1,0,0:0:0:0:
475,192,102616,128,0,102847:0:0:0:0:
402,192,102616,1,0,0:0:0:0:
36,192,102616,1,0,0:0:0:0:
182,192,102693,1,0,0:0:0:0:
36,192,102770,1,0,0:0:0:0:
109,192,102770,1,0,0:0:0:0:
329,192,102770,128,0,102847:0:0:0:0:
182,192,102847,1,0,0:0:0:0:
109,192,102924,128,0,103385:0:0:0:0:
36,192,102924,1,0,0:0:0:0:
475,192,102924,1,0,0:0:0:0:
329,192,102924,1,0,0:0:0:0:
256,192,103001,1,0,0:0:0:0:
329,192,103078,1,0,0:0:0:0:
475,192,103078,1,0,0:0:0:0:
256,192,103155,1,0,0:0:0:0:
36,192,103232,1,0,0:0:0:0:
329,192,103232,1,0,0:0:0:0:
475,192,103232,1,0,0:0:0:0:
256,192,103308,1,0,0:0:0:0:
329,192,103385,1,0,0:0:0:0:
475,192,103385,1,0,0:0:0:0:
402,192,103385,128,0,103462:0:0:0:0:
109,192,103462,128,0,103539:0:0:0:0:
256,192,103462,1,0,0:0:0:0:
402,192,103539,128,0,104078:0:0:0:0:
36,192,103539,1,0,0:0:0:0:
182,192,103539,1,0,0:0:0:0:
475,192,103539,1,0,0:0:0:0:
256,192,103616,1,0,0:0:0:0:
36,192,103693,1,0,0:0:0:0:
182,192,103693,1,0,0:0:0:0:
256,192,103770,1,0,0:0:0:0:
36,192,103847,1,0,0:0:0:0:
182,192,103847,1,0,0:0:0:0:
329,192,103847,128,0,104078:0:0:0:0:
475,192,103847,128,0,103924:0:0:0:0:
256,192,103924,1,0,0:0:0:0:
182,192,104001,1,0,0:0:0:0:
36,192,104001,1,0,0:0:0:0:
256,192,104078,1,0,0:0:0:0:
36,192,104155,1,0,0:0:0:0:
402,192,104155,1,0,0:0:0:0:
475,192,104155,128,0,104693:0:0:0:0:
109,192,104155,128,0,104385:0:0:0:0:
402,192,104232,128,0,104385:0:0:0:0:
329,192,104232,1,0,0:0:0:0:
329,192,104308,128,0,104385:0:0:0:0:
256,192,104308,1,0,0:0:0:0:
182,192,104385,1,0,0:0:0:0:
329,192,104462,1,0,0:0:0:0:
36,192,104462,128,0,105001:0:0:0:0:
109,192,104462,1,0,0:0:0:0:
402,192,104462,128,0,104693:0:0:0:0:
182,192,104539,1,0,0:0:0:0:
109,192,104539,128,0,104693:0:0:0:0:
256,192,104616,1,0,0:0:0:0:
182,192,104616,128,0,104693:0:0:0:0:
329,192,104693,1,0,0:0:0:0:
475,192,104770,1,0,0:0:0:0:
402,192,104770,1,0,0:0:0:0:
182,192,104770,1,0,0:0:0:0:
109,192,104770,128,0,105001:0:0:0:0:
402,192,104847,128,0,105001:0:0:0:0:
329,192,104847,1,0,0:0:0:0:
256,192,104924,1,0,0:0:0:0:
329,192,104924,128,0,105078:0:0:0:0:
256,192,105001,128,0,105155:0:0:0:0:
182,192,105001,1,0,0:0:0:0:
36,192,105078,1,0,0:0:0:0:
182,192,105078,128,0,105232:0:0:0:0:
475,192,105078,1,0,0:0:0:0:
402,192,105078,1,0,0:0:0:0:
109,192,105078,1,0,0:0:0:0:
109,192,105155,128,0,105308:0:0:0:0:
329,192,105155,1,0,0:0:0:0:
256,192,105232,1,0,0:0:0:0:
182,192,105308,1,0,0:0:0:0:
256,192,105385,1,0,0:0:0:0:
329,192,105385,1,0,0:0:0:0:
36,192,105385,1,0,0:0:0:0:
109,192,105385,1,0,0:0:0:0:
475,192,105462,1,0,0:0:0:0:
402,192,105462,1,0,0:0:0:0:
329,192,105462,1,0,0:0:0:0:
182,192,105462,1,0,0:0:0:0:
256,192,105539,1,0,0:0:0:0:
329,192,105539,1,0,0:0:0:0:
36,192,105539,1,0,0:0:0:0:
109,192,105539,1,0,0:0:0:0:
475,192,105616,1,0,0:0:0:0:
402,192,105616,1,0,0:0:0:0:
329,192,105616,1,0,0:0:0:0:
182,192,105616,1,0,0:0:0:0:
256,192,105693,1,0,0:0:0:0:
329,192,105693,1,0,0:0:0:0:
36,192,105693,1,0,0:0:0:0:
109,192,105693,1,0,0:0:0:0:
475,192,105770,1,0,0:0:0:0:
402,192,105770,1,0,0:0:0:0:
329,192,105770,1,0,0:0:0:0:
182,192,105770,1,0,0:0:0:0:
256,192,105847,1,0,0:0:0:0:
329,192,105847,1,0,0:0:0:0:
36,192,105847,1,0,0:0:0:0:
109,192,105847,1,0,0:0:0:0:
475,192,105924,1,0,0:0:0:0:
402,192,105924,1,0,0:0:0:0:
329,192,105924,1,0,0:0:0:0:
182,192,105924,1,0,0:0:0:0:
256,192,106001,128,0,106232:0:0:0:0:
329,192,106001,1,0,0:0:0:0:
36,192,106001,1,0,0:0:0:0:
402,192,106078,1,0,0:0:0:0:
109,192,106078,1,0,0:0:0:0:
36,192,106078,128,0,106308:0:0:0:0:
475,192,106155,1,0,0:0:0:0:
182,192,106155,1,0,0:0:0:0:
402,192,106155,128,0,106385:0:0:0:0:
109,192,106155,128,0,106385:0:0:0:0:
329,192,106232,1,0,0:0:0:0:
475,192,106232,128,0,106462:0:0:0:0:
182,192,106308,1,0,0:0:0:0:
256,192,106308,128,0,106539:0:0:0:0:
36,192,106385,1,0,0:0:0:0:
329,192,106385,1,0,0:0:0:0:
109,192,106462,1,0,0:0:0:0:
402,192,106462,1,0,0:0:0:0:
182,192,106539,1,0,0:0:0:0:
475,192,106539,1,0,0:0:0:0:
36,192,106616,1,0,0:0:0:0:
402,192,106616,1,0,0:0:0:0:
256,192,106616,1,0,0:0:0:0:
109,192,106693,1,0,0:0:0:0:
329,192,106693,1,0,0:0:0:0:
182,192,106770,1,0,0:0:0:0:
402,192,106770,1,0,0:0:0:0:
256,192,106847,1,0,0:0:0:0:
475,192,106847,1,0,0:0:0:0:
182,192,106924,1,0,0:0:0:0:
36,192,106924,1,0,0:0:0:0:
256,192,107001,1,0,0:0:0:0:
329,192,107078,1,0,0:0:0:0:
402,192,107155,1,0,0:0:0:0:
475,192,107232,1,0,0:0:0:0:
182,192,107232,1,0,0:0:0:0:
402,192,107308,1,0,0:0:0:0:
109,192,107308,1,0,0:0:0:0:
256,192,107385,1,0,0:0:0:0:
36,192,107385,1,0,0:0:0:0:
329,192,107462,1,0,0:0:0:0:
475,192,107462,1,0,0:0:0:0:
402,192,107539,1,0,0:0:0:0:
182,192,107539,1,0,0:0:0:0:
329,192,107616,1,0,0:0:0:0:
256,192,107693,1,0,0:0:0:0:
182,192,107770,1,0,0:0:0:0:
36,192,107847,1,0,0:0:0:0:
256,192,107847,1,0,0:0:0:0:
475,192,107847,1,0,0:0:0:0:
109,192,107924,1,0,0:0:0:0:
402,192,107924,1,0,0:0:0:0:
182,192,108001,1,0,0:0:0:0:
329,192,108001,1,0,0:0:0:0:
256,192,108078,1,0,0:0:0:0:
475,192,108078,1,0,0:0:0:0:
182,192,108155,1,0,0:0:0:0:
36,192,108155,1,0,0:0:0:0:
256,192,108232,1,0,0:0:0:0:
329,192,108308,1,0,0:0:0:0:
402,192,108385,1,0,0:0:0:0:
475,192,108462,1,0,0:0:0:0:
256,192,108462,1,0,0:0:0:0:
402,192,108539,1,0,0:0:0:0:
182,192,108539,1,0,0:0:0:0:
329,192,108616,1,0,0:0:0:0:
109,192,108616,1,0,0:0:0:0:
256,192,108693,1,0,0:0:0:0:
36,192,108693,1,0,0:0:0:0:
329,192,108770,1,0,0:0:0:0:
475,192,108770,1,0,0:0:0:0:
256,192,108847,1,0,0:0:0:0:
182,192,108924,1,0,0:0:0:0:
109,192,109001,1,0,0:0:0:0:
256,192,109078,1,0,0:0:0:0:
36,192,109078,1,0,0:0:0:0:
475,192,109078,1,0,0:0:0:0:
329,192,109155,1,0,0:0:0:0:
109,192,109155,1,0,0:0:0:0:
182,192,109232,1,0,0:0:0:0:
402,192,109232,1,0,0:0:0:0:
256,192,109308,1,0,0:0:0:0:
475,192,109308,1,0,0:0:0:0:
182,192,109385,1,0,0:0:0:0:
36,192,109385,1,0,0:0:0:0:
256,192,109462,1,0,0:0:0:0:
329,192,109539,1,0,0:0:0:0:
475,192,109616,1,0,0:0:0:0:
36,192,109693,1,0,0:0:0:0:
256,192,109693,1,0,0:0:0:0:
402,192,109693,1,0,0:0:0:0:
109,192,109770,1,0,0:0:0:0:
329,192,109770,1,0,0:0:0:0:
182,192,109847,1,0,0:0:0:0:
402,192,109847,1,0,0:0:0:0:
256,192,109924,1,0,0:0:0:0:
36,192,109924,1,0,0:0:0:0:
329,192,110001,1,0,0:0:0:0:
475,192,110001,1,0,0:0:0:0:
182,192,110078,1,0,0:0:0:0:
256,192,110155,1,0,0:0:0:0:
329,192,110232,1,0,0:0:0:0:
475,192,110308,1,0,0:0:0:0:
256,192,110308,1,0,0:0:0:0:
36,192,110308,1,0,0:0:0:0:
402,192,110385,1,0,0:0:0:0:
182,192,110385,1,0,0:0:0:0:
329,192,110462,1,0,0:0:0:0:
109,192,110462,1,0,0:0:0:0:
256,192,110539,1,0,0:0:0:0:
36,192,110539,1,0,0:0:0:0:
182,192,110616,1,0,0:0:0:0:
402,192,110616,1,0,0:0:0:0:
329,192,110693,1,0,0:0:0:0:
256,192,110770,1,0,0:0:0:0:
182,192,110847,1,0,0:0:0:0:
256,192,110924,1,0,0:0:0:0:
475,192,110924,1,0,0:0:0:0:
182,192,111001,1,0,0:0:0:0:
402,192,111001,1,0,0:0:0:0:
329,192,111078,1,0,0:0:0:0:
109,192,111078,1,0,0:0:0:0:
256,192,111155,1,0,0:0:0:0:
36,192,111155,1,0,0:0:0:0:
329,192,111232,1,0,0:0:0:0:
475,192,111232,1,0,0:0:0:0:
256,192,111308,1,0,0:0:0:0:
402,192,111308,1,0,0:0:0:0:
182,192,111385,1,0,0:0:0:0:
329,192,111385,1,0,0:0:0:0:
109,192,111462,1,0,0:0:0:0:
256,192,111462,1,0,0:0:0:0:
182,192,111539,128,0,115232:0:0:0:0:
402,192,111539,128,0,115232:0:0:0:0:
36,192,111539,128,0,115232:0:0:0:0:
329,192,111539,128,0,115232:0:0:0:0:
475,192,111539,128,0,115232:0:0:0:0:
