[Metadata]
HE4VEN 〜天国へようこそ〜
kamome sano Electric Orchestra
Destiny19
HE4VEN ~Tengoku e Youkoso~ sdvx konami
82
0.661

[TimingPoints]
0,312.5,4,2,2,100,1,0
1217,312.5,4,2,2,100,1,0


[HitObjects]
402,0,1217,128,0,2188:0:0:0:0:
329,0,1217,128,0,5000:0:0:0:0:
475,0,2188,128,0,2656:0:0:0:0:
182,0,2656,128,0,3125:0:0:0:0:
256,0,3125,128,0,5000:0:0:0:0:
109,192,4062,1,0,0:0:0:0:
402,192,4531,1,0,0:0:0:0:
36,192,5000,1,0,0:0:0:0:
182,192,5000,1,0,0:0:0:0:
109,192,5117,1,0,0:0:0:0:
256,192,5117,1,0,0:0:0:0:
182,192,5234,1,0,0:0:0:0:
329,192,5234,1,0,0:0:0:0:
256,192,5352,1,0,0:0:0:0:
402,192,5352,1,0,0:0:0:0:
36,192,5469,1,0,0:0:0:0:
182,192,5469,1,0,0:0:0:0:
109,192,5586,1,0,0:0:0:0:
256,192,5586,1,0,0:0:0:0:
182,192,5703,1,0,0:0:0:0:
329,192,5703,1,0,0:0:0:0:
256,192,5820,1,0,0:0:0:0:
402,192,5820,1,0,0:0:0:0:
329,192,5938,1,0,0:0:0:0:
475,192,5938,1,0,0:0:0:0:
256,192,6055,1,0,0:0:0:0:
402,192,6055,1,0,0:0:0:0:
182,192,6172,1,0,0:0:0:0:
329,192,6172,1,0,0:0:0:0:
109,192,6289,1,0,0:0:0:0:
256,192,6289,1,0,0:0:0:0:
329,192,6406,1,0,0:0:0:0:
475,192,6406,1,0,0:0:0:0:
256,192,6523,1,0,0:0:0:0:
402,192,6523,1,0,0:0:0:0:
182,192,6641,1,0,0:0:0:0:
329,192,6641,1,0,0:0:0:0:
109,192,6758,1,0,0:0:0:0:
256,192,6758,1,0,0:0:0:0:
475,192,6758,1,0,0:0:0:0:
36,192,6875,1,0,0:0:0:0:
182,192,6875,1,0,0:0:0:0:
475,0,6875,128,0,8750:0:0:0:0:
109,192,6992,1,0,0:0:0:0:
256,192,6992,1,0,0:0:0:0:
182,192,7109,1,0,0:0:0:0:
329,192,7109,1,0,0:0:0:0:
256,192,7227,1,0,0:0:0:0:
402,192,7227,1,0,0:0:0:0:
36,192,7344,1,0,0:0:0:0:
182,192,7344,1,0,0:0:0:0:
109,192,7461,1,0,0:0:0:0:
256,192,7461,1,0,0:0:0:0:
182,192,7578,1,0,0:0:0:0:
329,192,7578,1,0,0:0:0:0:
36,192,7695,1,0,0:0:0:0:
256,192,7695,1,0,0:0:0:0:
402,192,7695,1,0,0:0:0:0:
182,192,7813,1,0,0:0:0:0:
329,0,7813,128,0,7930:0:0:0:0:
36,0,7813,128,0,8750:0:0:0:0:
109,192,7930,1,0,0:0:0:0:
256,0,7930,128,0,8047:0:0:0:0:
182,0,8047,128,0,8164:0:0:0:0:
402,192,8047,1,0,0:0:0:0:
109,0,8164,128,0,8281:0:0:0:0:
329,192,8164,1,0,0:0:0:0:
256,192,8281,1,0,0:0:0:0:
402,0,8281,128,0,8398:0:0:0:0:
182,192,8398,1,0,0:0:0:0:
329,0,8398,128,0,8516:0:0:0:0:
109,192,8516,1,0,0:0:0:0:
256,0,8516,128,0,8633:0:0:0:0:
402,192,8633,1,0,0:0:0:0:
182,0,8633,128,0,8750:0:0:0:0:
109,0,8750,128,0,8809:0:0:0:0:
329,192,8750,1,0,0:0:0:0:
36,0,8809,128,0,8867:0:0:0:0:
402,192,8809,1,0,0:0:0:0:
182,0,8867,128,0,8926:0:0:0:0:
475,192,8867,1,0,0:0:0:0:
109,0,8926,128,0,8984:0:0:0:0:
402,192,8926,1,0,0:0:0:0:
256,0,8984,128,0,9043:0:0:0:0:
329,192,8984,1,0,0:0:0:0:
182,0,9043,128,0,9102:0:0:0:0:
329,0,9102,128,0,9160:0:0:0:0:
256,0,9160,128,0,9219:0:0:0:0:
182,192,9219,1,0,0:0:0:0:
402,0,9219,128,0,9277:0:0:0:0:
109,192,9277,1,0,0:0:0:0:
475,0,9277,128,0,9336:0:0:0:0:
36,192,9336,1,0,0:0:0:0:
329,0,9336,128,0,9395:0:0:0:0:
109,192,9395,1,0,0:0:0:0:
402,0,9395,128,0,9453:0:0:0:0:
182,192,9453,1,0,0:0:0:0:
256,0,9453,128,0,9512:0:0:0:0:
329,0,9512,128,0,9570:0:0:0:0:
182,0,9570,128,0,9629:0:0:0:0:
256,0,9629,128,0,9688:0:0:0:0:
109,0,9688,128,0,9746:0:0:0:0:
329,192,9688,1,0,0:0:0:0:
36,0,9746,128,0,9805:0:0:0:0:
402,192,9746,1,0,0:0:0:0:
182,0,9805,128,0,9863:0:0:0:0:
475,192,9805,1,0,0:0:0:0:
109,0,9863,128,0,9922:0:0:0:0:
402,192,9863,1,0,0:0:0:0:
256,0,9922,128,0,9980:0:0:0:0:
329,192,9922,1,0,0:0:0:0:
182,0,9980,128,0,10039:0:0:0:0:
329,0,10039,128,0,10098:0:0:0:0:
256,0,10098,128,0,10156:0:0:0:0:
182,192,10156,1,0,0:0:0:0:
402,0,10156,128,0,10215:0:0:0:0:
109,192,10215,1,0,0:0:0:0:
475,0,10215,128,0,10273:0:0:0:0:
36,192,10273,1,0,0:0:0:0:
329,0,10273,128,0,10332:0:0:0:0:
109,192,10332,1,0,0:0:0:0:
402,0,10332,128,0,10391:0:0:0:0:
182,192,10391,1,0,0:0:0:0:
256,0,10391,128,0,10449:0:0:0:0:
329,0,10449,128,0,10508:0:0:0:0:
182,0,10508,128,0,10566:0:0:0:0:
256,0,10566,128,0,10625:0:0:0:0:
182,192,10625,1,0,0:0:0:0:
329,192,10625,1,0,0:0:0:0:
109,192,10664,1,0,0:0:0:0:
402,192,10684,1,0,0:0:0:0:
36,192,10703,1,0,0:0:0:0:
256,192,10742,1,0,0:0:0:0:
475,192,10742,1,0,0:0:0:0:
182,192,10781,1,0,0:0:0:0:
402,192,10801,1,0,0:0:0:0:
109,192,10820,1,0,0:0:0:0:
329,192,10859,1,0,0:0:0:0:
256,192,10898,1,0,0:0:0:0:
182,192,10938,1,0,0:0:0:0:
402,192,10977,1,0,0:0:0:0:
329,192,11016,1,0,0:0:0:0:
256,192,11055,1,0,0:0:0:0:
182,192,11094,1,0,0:0:0:0:
329,192,11094,1,0,0:0:0:0:
402,192,11133,1,0,0:0:0:0:
109,192,11152,1,0,0:0:0:0:
475,192,11172,1,0,0:0:0:0:
36,192,11211,1,0,0:0:0:0:
256,192,11211,1,0,0:0:0:0:
329,192,11250,1,0,0:0:0:0:
109,192,11270,1,0,0:0:0:0:
402,192,11289,1,0,0:0:0:0:
182,192,11328,1,0,0:0:0:0:
256,192,11367,1,0,0:0:0:0:
329,192,11406,1,0,0:0:0:0:
109,192,11445,1,0,0:0:0:0:
182,192,11484,1,0,0:0:0:0:
256,192,11523,1,0,0:0:0:0:
182,192,11562,1,0,0:0:0:0:
329,192,11562,1,0,0:0:0:0:
109,192,11602,1,0,0:0:0:0:
402,192,11621,1,0,0:0:0:0:
36,192,11641,1,0,0:0:0:0:
256,192,11680,1,0,0:0:0:0:
475,192,11680,1,0,0:0:0:0:
182,192,11719,1,0,0:0:0:0:
402,192,11738,1,0,0:0:0:0:
109,192,11758,1,0,0:0:0:0:
329,192,11797,1,0,0:0:0:0:
256,192,11836,1,0,0:0:0:0:
182,192,11875,1,0,0:0:0:0:
402,192,11914,1,0,0:0:0:0:
329,192,11953,1,0,0:0:0:0:
256,192,11992,1,0,0:0:0:0:
36,192,12031,1,0,0:0:0:0:
475,192,12031,1,0,0:0:0:0:
109,192,12090,1,0,0:0:0:0:
402,192,12090,1,0,0:0:0:0:
182,192,12148,1,0,0:0:0:0:
329,192,12148,1,0,0:0:0:0:
36,192,12207,1,0,0:0:0:0:
475,192,12207,1,0,0:0:0:0:
182,192,12266,1,0,0:0:0:0:
329,192,12266,1,0,0:0:0:0:
109,192,12324,1,0,0:0:0:0:
402,192,12324,1,0,0:0:0:0:
36,192,12383,1,0,0:0:0:0:
475,192,12383,1,0,0:0:0:0:
182,192,12441,1,0,0:0:0:0:
329,192,12441,1,0,0:0:0:0:
36,192,12500,1,0,0:0:0:0:
109,192,12500,1,0,0:0:0:0:
256,192,12500,1,0,0:0:0:0:
402,192,12500,1,0,0:0:0:0:
475,192,12500,1,0,0:0:0:0:
36,192,12617,1,0,0:0:0:0:
109,192,12617,1,0,0:0:0:0:
256,192,12617,1,0,0:0:0:0:
402,192,12617,1,0,0:0:0:0:
475,192,12617,1,0,0:0:0:0:
36,192,12852,1,0,0:0:0:0:
109,192,12852,1,0,0:0:0:0:
256,192,12852,1,0,0:0:0:0:
402,192,12852,1,0,0:0:0:0:
475,192,12852,1,0,0:0:0:0:
36,192,12969,1,0,0:0:0:0:
109,192,12969,1,0,0:0:0:0:
256,192,12969,1,0,0:0:0:0:
402,192,12969,1,0,0:0:0:0:
475,192,12969,1,0,0:0:0:0:
36,192,13203,1,0,0:0:0:0:
109,192,13203,1,0,0:0:0:0:
256,192,13203,1,0,0:0:0:0:
402,192,13203,1,0,0:0:0:0:
475,192,13203,1,0,0:0:0:0:
36,192,13320,1,0,0:0:0:0:
109,192,13320,1,0,0:0:0:0:
256,192,13320,1,0,0:0:0:0:
402,192,13320,1,0,0:0:0:0:
475,192,13320,1,0,0:0:0:0:
36,192,13555,1,0,0:0:0:0:
109,192,13555,1,0,0:0:0:0:
256,192,13555,1,0,0:0:0:0:
402,192,13555,1,0,0:0:0:0:
475,192,13555,1,0,0:0:0:0:
36,192,13672,1,0,0:0:0:0:
109,192,13672,1,0,0:0:0:0:
256,192,13672,1,0,0:0:0:0:
402,192,13672,1,0,0:0:0:0:
475,192,13672,1,0,0:0:0:0:
256,0,13906,128,0,14141:0:0:0:0:
36,192,14141,1,0,0:0:0:0:
109,192,14141,1,0,0:0:0:0:
182,192,14141,1,0,0:0:0:0:
329,192,14141,1,0,0:0:0:0:
402,192,14141,1,0,0:0:0:0:
475,192,14141,1,0,0:0:0:0:
36,192,14258,1,0,0:0:0:0:
109,192,14258,1,0,0:0:0:0:
182,192,14258,1,0,0:0:0:0:
329,192,14258,1,0,0:0:0:0:
402,192,14258,1,0,0:0:0:0:
475,192,14258,1,0,0:0:0:0:
36,192,14492,1,0,0:0:0:0:
109,192,14492,1,0,0:0:0:0:
182,192,14492,1,0,0:0:0:0:
329,192,14492,1,0,0:0:0:0:
402,192,14492,1,0,0:0:0:0:
475,192,14492,1,0,0:0:0:0:
36,192,14609,1,0,0:0:0:0:
109,192,14609,1,0,0:0:0:0:
182,192,14609,1,0,0:0:0:0:
329,192,14609,1,0,0:0:0:0:
402,192,14609,1,0,0:0:0:0:
475,192,14609,1,0,0:0:0:0:
36,192,14844,1,0,0:0:0:0:
109,192,14844,1,0,0:0:0:0:
182,192,14844,1,0,0:0:0:0:
329,192,14844,1,0,0:0:0:0:
402,192,14844,1,0,0:0:0:0:
475,192,14844,1,0,0:0:0:0:
36,192,14961,1,0,0:0:0:0:
109,192,14961,1,0,0:0:0:0:
182,192,14961,1,0,0:0:0:0:
329,192,14961,1,0,0:0:0:0:
402,192,14961,1,0,0:0:0:0:
475,192,14961,1,0,0:0:0:0:
36,192,15195,1,0,0:0:0:0:
109,192,15195,1,0,0:0:0:0:
182,192,15195,1,0,0:0:0:0:
329,192,15195,1,0,0:0:0:0:
402,192,15195,1,0,0:0:0:0:
475,192,15195,1,0,0:0:0:0:
36,192,15312,1,0,0:0:0:0:
109,192,15312,1,0,0:0:0:0:
182,192,15312,1,0,0:0:0:0:
329,192,15312,1,0,0:0:0:0:
402,192,15312,1,0,0:0:0:0:
475,192,15312,1,0,0:0:0:0:
109,192,15430,1,0,0:0:0:0:
402,192,15488,1,0,0:0:0:0:
182,192,15547,1,0,0:0:0:0:
329,192,15605,1,0,0:0:0:0:
109,192,15664,1,0,0:0:0:0:
402,192,15723,1,0,0:0:0:0:
36,192,15781,1,0,0:0:0:0:
182,192,15781,1,0,0:0:0:0:
256,192,15781,1,0,0:0:0:0:
329,192,15781,1,0,0:0:0:0:
475,192,15781,1,0,0:0:0:0:
36,192,15898,1,0,0:0:0:0:
182,0,15898,128,0,16016:0:0:0:0:
256,192,15898,1,0,0:0:0:0:
329,192,15898,1,0,0:0:0:0:
475,192,15898,1,0,0:0:0:0:
109,192,16016,1,0,0:0:0:0:
402,192,16016,1,0,0:0:0:0:
36,192,16133,1,0,0:0:0:0:
182,192,16133,1,0,0:0:0:0:
256,192,16133,1,0,0:0:0:0:
329,192,16133,1,0,0:0:0:0:
475,192,16133,1,0,0:0:0:0:
36,192,16250,1,0,0:0:0:0:
182,192,16250,1,0,0:0:0:0:
256,192,16250,1,0,0:0:0:0:
329,0,16250,128,0,16367:0:0:0:0:
475,192,16250,1,0,0:0:0:0:
109,192,16367,1,0,0:0:0:0:
402,192,16367,1,0,0:0:0:0:
36,192,16484,1,0,0:0:0:0:
182,192,16484,1,0,0:0:0:0:
256,192,16484,1,0,0:0:0:0:
329,192,16484,1,0,0:0:0:0:
475,192,16484,1,0,0:0:0:0:
36,192,16602,1,0,0:0:0:0:
182,0,16602,128,0,16719:0:0:0:0:
256,192,16602,1,0,0:0:0:0:
329,192,16602,1,0,0:0:0:0:
475,192,16602,1,0,0:0:0:0:
109,192,16719,1,0,0:0:0:0:
402,192,16719,1,0,0:0:0:0:
36,192,16836,1,0,0:0:0:0:
182,192,16836,1,0,0:0:0:0:
256,192,16836,1,0,0:0:0:0:
329,192,16836,1,0,0:0:0:0:
475,192,16836,1,0,0:0:0:0:
36,192,16953,1,0,0:0:0:0:
182,192,16953,1,0,0:0:0:0:
256,192,16953,1,0,0:0:0:0:
329,0,16953,128,0,17070:0:0:0:0:
475,192,16953,1,0,0:0:0:0:
109,192,17070,1,0,0:0:0:0:
402,192,17070,1,0,0:0:0:0:
36,192,17188,1,0,0:0:0:0:
182,192,17188,1,0,0:0:0:0:
256,192,17188,1,0,0:0:0:0:
329,192,17188,1,0,0:0:0:0:
475,192,17188,1,0,0:0:0:0:
36,192,17305,1,0,0:0:0:0:
182,192,17305,1,0,0:0:0:0:
256,192,17305,1,0,0:0:0:0:
329,192,17305,1,0,0:0:0:0:
475,192,17305,1,0,0:0:0:0:
109,192,17363,1,0,0:0:0:0:
402,192,17422,1,0,0:0:0:0:
109,192,17480,1,0,0:0:0:0:
36,192,17539,1,0,0:0:0:0:
182,192,17539,1,0,0:0:0:0:
256,192,17539,1,0,0:0:0:0:
329,192,17539,1,0,0:0:0:0:
475,192,17539,1,0,0:0:0:0:
182,192,17891,1,0,0:0:0:0:
36,0,17891,128,0,19531:0:0:0:0:
109,0,17891,128,0,19004:0:0:0:0:
402,0,17891,128,0,19004:0:0:0:0:
475,0,17891,128,0,19531:0:0:0:0:
256,192,17949,1,0,0:0:0:0:
329,192,18008,1,0,0:0:0:0:
256,192,18066,1,0,0:0:0:0:
182,192,18125,1,0,0:0:0:0:
329,192,18184,1,0,0:0:0:0:
256,192,18242,1,0,0:0:0:0:
182,192,18301,1,0,0:0:0:0:
256,192,18359,1,0,0:0:0:0:
329,192,18418,1,0,0:0:0:0:
182,192,18477,1,0,0:0:0:0:
256,192,18535,1,0,0:0:0:0:
329,192,18594,1,0,0:0:0:0:
256,192,18652,1,0,0:0:0:0:
182,192,18711,1,0,0:0:0:0:
329,192,18770,1,0,0:0:0:0:
256,192,18828,1,0,0:0:0:0:
182,192,18887,1,0,0:0:0:0:
256,192,18945,1,0,0:0:0:0:
329,192,19004,1,0,0:0:0:0:
109,192,19063,1,0,0:0:0:0:
182,192,19121,1,0,0:0:0:0:
256,192,19180,1,0,0:0:0:0:
182,192,19238,1,0,0:0:0:0:
109,192,19297,1,0,0:0:0:0:
402,192,19297,1,0,0:0:0:0:
329,192,19355,1,0,0:0:0:0:
256,192,19414,1,0,0:0:0:0:
329,192,19473,1,0,0:0:0:0:
182,0,19531,128,0,19590:0:0:0:0:
402,192,19531,1,0,0:0:0:0:
109,0,19590,128,0,19648:0:0:0:0:
36,0,19648,128,0,19707:0:0:0:0:
256,0,19648,128,0,19707:0:0:0:0:
182,0,19707,128,0,19766:0:0:0:0:
109,0,19766,128,0,19824:0:0:0:0:
329,0,19766,128,0,19824:0:0:0:0:
256,0,19824,128,0,19883:0:0:0:0:
182,0,19883,128,0,19941:0:0:0:0:
402,0,19883,128,0,19941:0:0:0:0:
329,0,19941,128,0,20000:0:0:0:0:
256,0,20000,128,0,20059:0:0:0:0:
475,0,20000,128,0,20059:0:0:0:0:
402,0,20059,128,0,20117:0:0:0:0:
36,192,20117,1,0,0:0:0:0:
329,0,20117,128,0,20176:0:0:0:0:
109,192,20176,1,0,0:0:0:0:
182,192,20234,1,0,0:0:0:0:
256,192,20293,1,0,0:0:0:0:
329,192,20352,1,0,0:0:0:0:
36,192,20410,1,0,0:0:0:0:
182,192,20410,1,0,0:0:0:0:
402,192,20410,1,0,0:0:0:0:
182,0,20586,128,0,20703:0:0:0:0:
329,0,20703,128,0,20820:0:0:0:0:
182,0,20820,128,0,20938:0:0:0:0:
402,0,20938,128,0,21055:0:0:0:0:
109,0,21055,128,0,21172:0:0:0:0:
329,0,21172,128,0,21406:0:0:0:0:
475,0,21172,128,0,21406:0:0:0:0:
36,192,21406,1,0,0:0:0:0:
109,192,21406,1,0,0:0:0:0:
256,192,21406,1,0,0:0:0:0:
182,192,21641,1,0,0:0:0:0:
109,192,21758,1,0,0:0:0:0:
36,192,21992,1,0,0:0:0:0:
182,192,22109,1,0,0:0:0:0:
256,192,22109,1,0,0:0:0:0:
402,192,22109,1,0,0:0:0:0:
329,192,22344,1,0,0:0:0:0:
256,192,22461,1,0,0:0:0:0:
182,192,22695,1,0,0:0:0:0:
36,192,22813,1,0,0:0:0:0:
109,192,22930,1,0,0:0:0:0:
182,192,23047,1,0,0:0:0:0:
329,192,23047,1,0,0:0:0:0:
402,192,23047,1,0,0:0:0:0:
256,0,23398,128,0,24453:0:0:0:0:
182,192,24453,1,0,0:0:0:0:
36,192,24512,1,0,0:0:0:0:
182,192,24570,1,0,0:0:0:0:
36,192,24629,1,0,0:0:0:0:
256,192,24688,1,0,0:0:0:0:
329,192,24688,1,0,0:0:0:0:
475,192,24688,1,0,0:0:0:0:
402,192,24922,1,0,0:0:0:0:
329,192,25039,1,0,0:0:0:0:
256,192,25273,1,0,0:0:0:0:
36,192,25391,1,0,0:0:0:0:
182,192,25391,1,0,0:0:0:0:
402,192,25391,1,0,0:0:0:0:
329,192,25625,1,0,0:0:0:0:
256,192,25742,1,0,0:0:0:0:
36,192,25977,1,0,0:0:0:0:
182,192,26094,1,0,0:0:0:0:
36,192,26211,1,0,0:0:0:0:
109,192,26328,1,0,0:0:0:0:
329,192,26328,1,0,0:0:0:0:
402,192,26328,1,0,0:0:0:0:
36,192,26680,1,0,0:0:0:0:
182,0,26680,128,0,27500:0:0:0:0:
109,192,26738,1,0,0:0:0:0:
256,192,26797,1,0,0:0:0:0:
329,192,26855,1,0,0:0:0:0:
109,192,26914,1,0,0:0:0:0:
256,192,26973,1,0,0:0:0:0:
329,192,27031,1,0,0:0:0:0:
402,192,27090,1,0,0:0:0:0:
256,192,27148,1,0,0:0:0:0:
329,192,27207,1,0,0:0:0:0:
402,192,27266,1,0,0:0:0:0:
36,0,27266,128,0,27500:0:0:0:0:
475,192,27324,1,0,0:0:0:0:
256,192,27383,1,0,0:0:0:0:
329,192,27441,1,0,0:0:0:0:
109,0,27500,128,0,27734:0:0:0:0:
402,192,27500,1,0,0:0:0:0:
182,0,27734,128,0,27969:0:0:0:0:
36,192,27969,1,0,0:0:0:0:
402,0,27969,128,0,28320:0:0:0:0:
329,0,27969,128,0,29023:0:0:0:0:
109,192,28086,1,0,0:0:0:0:
182,192,28203,1,0,0:0:0:0:
256,192,28320,1,0,0:0:0:0:
475,0,28320,128,0,28672:0:0:0:0:
109,192,28438,1,0,0:0:0:0:
182,192,28555,1,0,0:0:0:0:
36,192,28672,1,0,0:0:0:0:
402,0,28672,128,0,29023:0:0:0:0:
109,192,28789,1,0,0:0:0:0:
182,192,28906,1,0,0:0:0:0:
256,192,29023,1,0,0:0:0:0:
36,0,29141,128,0,29258:0:0:0:0:
329,192,29141,1,0,0:0:0:0:
182,0,29258,128,0,29375:0:0:0:0:
402,192,29258,1,0,0:0:0:0:
109,0,29375,128,0,29727:0:0:0:0:
475,192,29375,1,0,0:0:0:0:
256,0,29375,128,0,30078:0:0:0:0:
402,192,29492,1,0,0:0:0:0:
329,192,29609,1,0,0:0:0:0:
182,192,29727,1,0,0:0:0:0:
36,0,29727,128,0,30078:0:0:0:0:
402,192,29844,1,0,0:0:0:0:
329,192,29961,1,0,0:0:0:0:
182,0,30078,128,0,30781:0:0:0:0:
475,192,30078,1,0,0:0:0:0:
402,192,30195,1,0,0:0:0:0:
329,192,30313,1,0,0:0:0:0:
109,0,30430,128,0,30781:0:0:0:0:
256,192,30430,1,0,0:0:0:0:
402,192,30547,1,0,0:0:0:0:
329,192,30664,1,0,0:0:0:0:
36,192,30781,1,0,0:0:0:0:
256,0,30781,128,0,32188:0:0:0:0:
109,192,30898,1,0,0:0:0:0:
182,192,31016,1,0,0:0:0:0:
329,192,31133,1,0,0:0:0:0:
475,192,31250,1,0,0:0:0:0:
402,192,31309,1,0,0:0:0:0:
329,192,31367,1,0,0:0:0:0:
182,192,31426,1,0,0:0:0:0:
402,192,31484,1,0,0:0:0:0:
329,192,31543,1,0,0:0:0:0:
182,192,31602,1,0,0:0:0:0:
109,192,31660,1,0,0:0:0:0:
329,192,31719,1,0,0:0:0:0:
182,192,31777,1,0,0:0:0:0:
109,192,31836,1,0,0:0:0:0:
36,192,31895,1,0,0:0:0:0:
329,192,31953,1,0,0:0:0:0:
402,192,31953,1,0,0:0:0:0:
109,192,32012,1,0,0:0:0:0:
182,192,32012,1,0,0:0:0:0:
329,192,32070,1,0,0:0:0:0:
402,192,32070,1,0,0:0:0:0:
109,192,32129,1,0,0:0:0:0:
182,192,32129,1,0,0:0:0:0:
36,192,32188,1,0,0:0:0:0:
329,192,32188,1,0,0:0:0:0:
402,192,32188,1,0,0:0:0:0:
475,192,32188,1,0,0:0:0:0:
109,192,32305,1,0,0:0:0:0:
256,192,32305,1,0,0:0:0:0:
329,192,32305,1,0,0:0:0:0:
402,192,32305,1,0,0:0:0:0:
182,192,32422,1,0,0:0:0:0:
256,192,32422,1,0,0:0:0:0:
329,0,32422,128,0,32539:0:0:0:0:
36,192,32539,1,0,0:0:0:0:
109,192,32539,1,0,0:0:0:0:
182,192,32539,1,0,0:0:0:0:
475,192,32539,1,0,0:0:0:0:
109,192,32656,1,0,0:0:0:0:
182,192,32656,1,0,0:0:0:0:
256,192,32656,1,0,0:0:0:0:
402,192,32656,1,0,0:0:0:0:
182,192,32773,1,0,0:0:0:0:
256,192,32773,1,0,0:0:0:0:
329,192,32773,1,0,0:0:0:0:
182,192,32832,1,0,0:0:0:0:
256,192,32832,1,0,0:0:0:0:
36,192,32891,1,0,0:0:0:0:
329,192,32891,1,0,0:0:0:0:
402,192,32891,1,0,0:0:0:0:
475,192,32891,1,0,0:0:0:0:
109,192,33008,1,0,0:0:0:0:
256,192,33008,1,0,0:0:0:0:
329,192,33008,1,0,0:0:0:0:
402,192,33008,1,0,0:0:0:0:
109,192,33066,1,0,0:0:0:0:
402,192,33066,1,0,0:0:0:0:
182,192,33125,1,0,0:0:0:0:
256,192,33125,1,0,0:0:0:0:
329,0,33125,128,0,33242:0:0:0:0:
36,192,33242,1,0,0:0:0:0:
109,192,33242,1,0,0:0:0:0:
182,192,33242,1,0,0:0:0:0:
475,192,33242,1,0,0:0:0:0:
109,192,33359,1,0,0:0:0:0:
182,192,33359,1,0,0:0:0:0:
256,192,33359,1,0,0:0:0:0:
402,192,33359,1,0,0:0:0:0:
182,192,33477,1,0,0:0:0:0:
256,192,33477,1,0,0:0:0:0:
329,192,33477,1,0,0:0:0:0:
182,192,33535,1,0,0:0:0:0:
256,192,33535,1,0,0:0:0:0:
329,192,33535,1,0,0:0:0:0:
36,0,33828,128,0,34180:0:0:0:0:
182,0,33828,128,0,33945:0:0:0:0:
402,0,33828,128,0,33887:0:0:0:0:
475,0,33828,128,0,33887:0:0:0:0:
109,0,33945,128,0,34062:0:0:0:0:
402,192,33945,1,0,0:0:0:0:
475,192,33945,1,0,0:0:0:0:
182,0,34062,128,0,34414:0:0:0:0:
256,0,34062,128,0,34121:0:0:0:0:
329,0,34062,128,0,34121:0:0:0:0:
109,0,34180,128,0,34297:0:0:0:0:
256,192,34180,1,0,0:0:0:0:
329,192,34180,1,0,0:0:0:0:
36,0,34297,128,0,34414:0:0:0:0:
402,0,34297,128,0,34355:0:0:0:0:
475,0,34297,128,0,34355:0:0:0:0:
402,192,34414,1,0,0:0:0:0:
475,192,34414,1,0,0:0:0:0:
36,0,34531,128,0,34590:0:0:0:0:
109,0,34531,128,0,34590:0:0:0:0:
329,0,34531,128,0,34648:0:0:0:0:
475,0,34531,128,0,34883:0:0:0:0:
36,192,34648,1,0,0:0:0:0:
109,192,34648,1,0,0:0:0:0:
402,0,34648,128,0,34766:0:0:0:0:
182,0,34766,128,0,34824:0:0:0:0:
256,0,34766,128,0,34824:0:0:0:0:
329,0,34766,128,0,35117:0:0:0:0:
182,192,34883,1,0,0:0:0:0:
256,192,34883,1,0,0:0:0:0:
402,0,34883,128,0,35000:0:0:0:0:
36,0,35000,128,0,35059:0:0:0:0:
109,0,35000,128,0,35059:0:0:0:0:
475,0,35000,128,0,35117:0:0:0:0:
36,192,35117,1,0,0:0:0:0:
109,192,35117,1,0,0:0:0:0:
36,0,35234,128,0,35352:0:0:0:0:
182,0,35234,128,0,35352:0:0:0:0:
256,192,35234,1,0,0:0:0:0:
109,0,35352,128,0,35469:0:0:0:0:
256,0,35352,128,0,35469:0:0:0:0:
329,192,35352,1,0,0:0:0:0:
182,0,35469,128,0,35820:0:0:0:0:
329,0,35469,128,0,35820:0:0:0:0:
402,0,35469,128,0,35527:0:0:0:0:
475,0,35469,128,0,35527:0:0:0:0:
402,192,35586,1,0,0:0:0:0:
475,192,35586,1,0,0:0:0:0:
36,0,35703,128,0,35762:0:0:0:0:
109,0,35703,128,0,35762:0:0:0:0:
36,192,35820,1,0,0:0:0:0:
109,192,35820,1,0,0:0:0:0:
256,0,35820,128,0,36875:0:0:0:0:
402,0,35820,128,0,36875:0:0:0:0:
329,0,35938,128,0,35996:0:0:0:0:
475,0,35938,128,0,35996:0:0:0:0:
329,192,36055,1,0,0:0:0:0:
475,192,36055,1,0,0:0:0:0:
36,0,36172,128,0,36230:0:0:0:0:
182,0,36172,128,0,36230:0:0:0:0:
36,192,36289,1,0,0:0:0:0:
182,192,36289,1,0,0:0:0:0:
329,0,36406,128,0,36465:0:0:0:0:
475,0,36406,128,0,36465:0:0:0:0:
329,192,36523,1,0,0:0:0:0:
475,192,36523,1,0,0:0:0:0:
36,0,36641,128,0,36699:0:0:0:0:
182,0,36641,128,0,36699:0:0:0:0:
36,192,36758,1,0,0:0:0:0:
182,192,36758,1,0,0:0:0:0:
329,192,36875,1,0,0:0:0:0:
475,192,36875,1,0,0:0:0:0:
256,192,36934,1,0,0:0:0:0:
402,192,36934,1,0,0:0:0:0:
182,192,36992,1,0,0:0:0:0:
329,192,36992,1,0,0:0:0:0:
109,192,37051,1,0,0:0:0:0:
256,192,37051,1,0,0:0:0:0:
36,0,37109,128,0,37227:0:0:0:0:
182,0,37109,128,0,37461:0:0:0:0:
329,0,37109,128,0,37168:0:0:0:0:
475,0,37109,128,0,37168:0:0:0:0:
109,0,37227,128,0,37344:0:0:0:0:
329,192,37227,1,0,0:0:0:0:
475,192,37227,1,0,0:0:0:0:
402,0,37344,128,0,37402:0:0:0:0:
36,0,37344,128,0,37695:0:0:0:0:
256,0,37344,128,0,37695:0:0:0:0:
402,192,37461,1,0,0:0:0:0:
109,0,37461,128,0,37578:0:0:0:0:
182,0,37578,128,0,37695:0:0:0:0:
329,0,37578,128,0,37637:0:0:0:0:
475,0,37578,128,0,37637:0:0:0:0:
329,192,37695,1,0,0:0:0:0:
475,192,37695,1,0,0:0:0:0:
36,0,37812,128,0,37871:0:0:0:0:
182,0,37812,128,0,37871:0:0:0:0:
329,0,37812,128,0,38164:0:0:0:0:
475,0,37812,128,0,37930:0:0:0:0:
36,192,37930,1,0,0:0:0:0:
182,192,37930,1,0,0:0:0:0:
402,0,37930,128,0,38047:0:0:0:0:
36,192,37988,1,0,0:0:0:0:
182,192,37988,1,0,0:0:0:0:
109,0,38047,128,0,38105:0:0:0:0:
256,0,38047,128,0,38398:0:0:0:0:
475,0,38047,128,0,38398:0:0:0:0:
109,192,38164,1,0,0:0:0:0:
402,0,38164,128,0,38281:0:0:0:0:
36,0,38281,128,0,38340:0:0:0:0:
182,0,38281,128,0,38340:0:0:0:0:
329,0,38281,128,0,38398:0:0:0:0:
36,192,38398,1,0,0:0:0:0:
182,192,38398,1,0,0:0:0:0:
109,0,38516,128,0,38633:0:0:0:0:
256,0,38516,128,0,38633:0:0:0:0:
402,0,38516,128,0,38633:0:0:0:0:
182,0,38633,128,0,38750:0:0:0:0:
329,0,38633,128,0,38750:0:0:0:0:
475,0,38633,128,0,38750:0:0:0:0:
36,0,38750,128,0,39102:0:0:0:0:
109,0,38750,128,0,38809:0:0:0:0:
256,0,38750,128,0,38809:0:0:0:0:
402,0,38750,128,0,38809:0:0:0:0:
109,192,38867,1,0,0:0:0:0:
256,192,38867,1,0,0:0:0:0:
402,192,38867,1,0,0:0:0:0:
182,192,38984,1,0,0:0:0:0:
329,192,38984,1,0,0:0:0:0:
475,192,38984,1,0,0:0:0:0:
109,0,39102,128,0,39453:0:0:0:0:
182,192,39102,1,0,0:0:0:0:
402,192,39102,1,0,0:0:0:0:
475,192,39102,1,0,0:0:0:0:
256,192,39160,1,0,0:0:0:0:
329,192,39160,1,0,0:0:0:0:
256,192,39219,1,0,0:0:0:0:
329,192,39219,1,0,0:0:0:0:
36,192,39336,1,0,0:0:0:0:
182,192,39336,1,0,0:0:0:0:
402,192,39336,1,0,0:0:0:0:
475,192,39336,1,0,0:0:0:0:
36,192,39453,1,0,0:0:0:0:
182,0,39453,128,0,39805:0:0:0:0:
402,192,39453,1,0,0:0:0:0:
475,192,39453,1,0,0:0:0:0:
256,192,39512,1,0,0:0:0:0:
329,192,39512,1,0,0:0:0:0:
256,192,39570,1,0,0:0:0:0:
329,192,39570,1,0,0:0:0:0:
36,192,39688,1,0,0:0:0:0:
109,192,39688,1,0,0:0:0:0:
402,192,39688,1,0,0:0:0:0:
475,192,39688,1,0,0:0:0:0:
109,192,39805,1,0,0:0:0:0:
256,192,39805,1,0,0:0:0:0:
329,0,39805,128,0,40039:0:0:0:0:
109,192,39863,1,0,0:0:0:0:
256,192,39863,1,0,0:0:0:0:
36,192,39922,1,0,0:0:0:0:
182,192,39922,1,0,0:0:0:0:
402,192,39922,1,0,0:0:0:0:
475,192,39922,1,0,0:0:0:0:
109,192,40039,1,0,0:0:0:0:
256,192,40039,1,0,0:0:0:0:
182,0,40156,128,0,40215:0:0:0:0:
256,0,40215,128,0,40273:0:0:0:0:
329,0,40273,128,0,40332:0:0:0:0:
402,0,40332,128,0,40391:0:0:0:0:
36,192,40391,1,0,0:0:0:0:
109,0,40391,128,0,40859:0:0:0:0:
182,192,40391,1,0,0:0:0:0:
256,0,40391,128,0,40859:0:0:0:0:
475,0,40391,128,0,40859:0:0:0:0:
36,192,40859,1,0,0:0:0:0:
182,192,40859,1,0,0:0:0:0:
109,192,40977,1,0,0:0:0:0:
256,192,40977,1,0,0:0:0:0:
182,192,41094,1,0,0:0:0:0:
329,192,41094,1,0,0:0:0:0:
36,192,41211,1,0,0:0:0:0:
109,192,41211,1,0,0:0:0:0:
475,192,41211,1,0,0:0:0:0:
256,0,41211,128,0,41797:0:0:0:0:
402,0,41211,128,0,41797:0:0:0:0:
329,0,41797,128,0,42031:0:0:0:0:
182,192,42031,1,0,0:0:0:0:
475,192,42031,1,0,0:0:0:0:
36,0,42031,128,0,42500:0:0:0:0:
256,0,42031,128,0,42500:0:0:0:0:
402,0,42031,128,0,42500:0:0:0:0:
109,0,42500,128,0,42617:0:0:0:0:
182,192,42500,1,0,0:0:0:0:
256,0,42617,128,0,42734:0:0:0:0:
329,192,42617,1,0,0:0:0:0:
329,0,42734,128,0,42852:0:0:0:0:
402,192,42734,1,0,0:0:0:0:
36,0,42852,128,0,43672:0:0:0:0:
109,0,42852,128,0,43672:0:0:0:0:
182,192,42852,1,0,0:0:0:0:
256,192,42852,1,0,0:0:0:0:
475,0,42852,128,0,43672:0:0:0:0:
182,192,43438,1,0,0:0:0:0:
256,192,43496,1,0,0:0:0:0:
329,192,43555,1,0,0:0:0:0:
402,192,43613,1,0,0:0:0:0:
182,192,43672,1,0,0:0:0:0:
256,192,43672,1,0,0:0:0:0:
329,192,43906,1,0,0:0:0:0:
402,192,43906,1,0,0:0:0:0:
329,0,44023,128,0,44258:0:0:0:0:
402,0,44023,128,0,44258:0:0:0:0:
182,0,44258,128,0,44492:0:0:0:0:
256,0,44258,128,0,44492:0:0:0:0:
36,192,44492,1,0,0:0:0:0:
109,192,44492,1,0,0:0:0:0:
329,0,44492,128,0,44844:0:0:0:0:
402,0,44492,128,0,44844:0:0:0:0:
182,192,44609,1,0,0:0:0:0:
256,192,44609,1,0,0:0:0:0:
36,0,44844,128,0,45078:0:0:0:0:
182,0,44961,128,0,45078:0:0:0:0:
329,0,45078,128,0,45430:0:0:0:0:
475,0,45078,128,0,45430:0:0:0:0:
36,192,45312,1,0,0:0:0:0:
182,192,45371,1,0,0:0:0:0:
36,192,45430,1,0,0:0:0:0:
402,0,45430,128,0,46250:0:0:0:0:
182,192,45488,1,0,0:0:0:0:
36,192,45547,1,0,0:0:0:0:
109,192,45547,1,0,0:0:0:0:
256,192,45547,1,0,0:0:0:0:
182,0,45664,128,0,45781:0:0:0:0:
329,0,45781,128,0,45898:0:0:0:0:
182,0,45898,128,0,46016:0:0:0:0:
36,0,46016,128,0,46133:0:0:0:0:
109,192,46016,1,0,0:0:0:0:
256,192,46016,1,0,0:0:0:0:
182,0,46133,128,0,46250:0:0:0:0:
109,192,46250,1,0,0:0:0:0:
329,0,46250,128,0,46367:0:0:0:0:
182,0,46367,128,0,46484:0:0:0:0:
256,192,46367,1,0,0:0:0:0:
36,192,46484,1,0,0:0:0:0:
109,192,46484,1,0,0:0:0:0:
402,192,46484,1,0,0:0:0:0:
475,0,46484,128,0,46719:0:0:0:0:
329,0,46602,128,0,46719:0:0:0:0:
36,192,46719,1,0,0:0:0:0:
109,192,46719,1,0,0:0:0:0:
402,0,46719,128,0,46953:0:0:0:0:
182,192,46777,1,0,0:0:0:0:
36,192,46836,1,0,0:0:0:0:
109,192,46836,1,0,0:0:0:0:
256,0,46836,128,0,46953:0:0:0:0:
182,192,46895,1,0,0:0:0:0:
36,192,46953,1,0,0:0:0:0:
109,192,46953,1,0,0:0:0:0:
329,0,46953,128,0,47188:0:0:0:0:
36,0,47070,128,0,47188:0:0:0:0:
109,192,47070,1,0,0:0:0:0:
256,192,47070,1,0,0:0:0:0:
402,192,47070,1,0,0:0:0:0:
475,192,47070,1,0,0:0:0:0:
109,0,47188,128,0,47305:0:0:0:0:
182,192,47188,1,0,0:0:0:0:
402,192,47188,1,0,0:0:0:0:
475,192,47188,1,0,0:0:0:0:
329,192,47246,1,0,0:0:0:0:
182,0,47305,128,0,47422:0:0:0:0:
256,192,47305,1,0,0:0:0:0:
402,192,47305,1,0,0:0:0:0:
475,192,47305,1,0,0:0:0:0:
329,192,47363,1,0,0:0:0:0:
36,192,47422,1,0,0:0:0:0:
109,192,47422,1,0,0:0:0:0:
256,192,47422,1,0,0:0:0:0:
402,192,47422,1,0,0:0:0:0:
475,192,47422,1,0,0:0:0:0:
36,192,47539,1,0,0:0:0:0:
109,192,47539,1,0,0:0:0:0:
256,192,47539,1,0,0:0:0:0:
402,192,47539,1,0,0:0:0:0:
475,192,47539,1,0,0:0:0:0:
109,192,47773,1,0,0:0:0:0:
182,192,47773,1,0,0:0:0:0:
256,192,47773,1,0,0:0:0:0:
329,192,47773,1,0,0:0:0:0:
402,192,47773,1,0,0:0:0:0:
109,192,47891,1,0,0:0:0:0:
182,192,47891,1,0,0:0:0:0:
256,192,47891,1,0,0:0:0:0:
329,192,47891,1,0,0:0:0:0:
402,192,47891,1,0,0:0:0:0:
36,192,48125,1,0,0:0:0:0:
182,192,48125,1,0,0:0:0:0:
256,192,48125,1,0,0:0:0:0:
329,192,48125,1,0,0:0:0:0:
475,192,48125,1,0,0:0:0:0:
36,192,48242,1,0,0:0:0:0:
182,192,48242,1,0,0:0:0:0:
256,192,48242,1,0,0:0:0:0:
329,192,48242,1,0,0:0:0:0:
475,192,48242,1,0,0:0:0:0:
109,192,48477,1,0,0:0:0:0:
256,192,48477,1,0,0:0:0:0:
402,192,48477,1,0,0:0:0:0:
109,192,48594,1,0,0:0:0:0:
182,192,48594,1,0,0:0:0:0:
329,192,48594,1,0,0:0:0:0:
402,192,48594,1,0,0:0:0:0:
256,0,48828,128,0,49062:0:0:0:0:
36,192,49062,1,0,0:0:0:0:
182,192,49062,1,0,0:0:0:0:
329,192,49062,1,0,0:0:0:0:
402,192,49062,1,0,0:0:0:0:
475,192,49062,1,0,0:0:0:0:
109,192,49180,1,0,0:0:0:0:
256,192,49180,1,0,0:0:0:0:
329,192,49180,1,0,0:0:0:0:
402,192,49180,1,0,0:0:0:0:
475,192,49180,1,0,0:0:0:0:
36,192,49414,1,0,0:0:0:0:
109,192,49414,1,0,0:0:0:0:
182,192,49414,1,0,0:0:0:0:
329,192,49414,1,0,0:0:0:0:
475,192,49414,1,0,0:0:0:0:
36,192,49531,1,0,0:0:0:0:
109,192,49531,1,0,0:0:0:0:
182,192,49531,1,0,0:0:0:0:
256,192,49531,1,0,0:0:0:0:
402,192,49531,1,0,0:0:0:0:
36,192,49766,1,0,0:0:0:0:
182,192,49766,1,0,0:0:0:0:
329,192,49766,1,0,0:0:0:0:
402,192,49766,1,0,0:0:0:0:
475,192,49766,1,0,0:0:0:0:
109,192,49883,1,0,0:0:0:0:
256,192,49883,1,0,0:0:0:0:
329,192,49883,1,0,0:0:0:0:
402,192,49883,1,0,0:0:0:0:
475,192,49883,1,0,0:0:0:0:
36,192,50117,1,0,0:0:0:0:
109,192,50117,1,0,0:0:0:0:
182,192,50117,1,0,0:0:0:0:
329,192,50117,1,0,0:0:0:0:
475,192,50117,1,0,0:0:0:0:
36,192,50234,1,0,0:0:0:0:
109,192,50234,1,0,0:0:0:0:
182,192,50234,1,0,0:0:0:0:
256,192,50234,1,0,0:0:0:0:
402,192,50234,1,0,0:0:0:0:
109,0,50469,128,0,50586:0:0:0:0:
182,0,50586,128,0,50703:0:0:0:0:
402,0,50703,128,0,50820:0:0:0:0:
329,0,50820,128,0,50938:0:0:0:0:
36,0,50938,128,0,51055:0:0:0:0:
109,0,51055,128,0,51172:0:0:0:0:
256,0,51172,128,0,51289:0:0:0:0:
329,0,51289,128,0,51406:0:0:0:0:
402,0,51406,128,0,51523:0:0:0:0:
475,0,51523,128,0,51641:0:0:0:0:
329,0,51641,128,0,51758:0:0:0:0:
182,0,51758,128,0,51875:0:0:0:0:
329,0,51875,128,0,51992:0:0:0:0:
475,0,51992,128,0,52109:0:0:0:0:
36,192,52109,1,0,0:0:0:0:
182,192,52109,1,0,0:0:0:0:
329,0,52109,128,0,52402:0:0:0:0:
402,0,52109,128,0,52402:0:0:0:0:
36,192,52344,1,0,0:0:0:0:
182,192,52402,1,0,0:0:0:0:
36,192,52461,1,0,0:0:0:0:
256,0,52461,128,0,52754:0:0:0:0:
329,0,52461,128,0,52754:0:0:0:0:
182,192,52520,1,0,0:0:0:0:
182,0,52812,128,0,53105:0:0:0:0:
256,0,52812,128,0,53105:0:0:0:0:
109,0,53164,128,0,53457:0:0:0:0:
182,0,53164,128,0,53457:0:0:0:0:
402,0,53164,128,0,53223:0:0:0:0:
475,0,53164,128,0,53223:0:0:0:0:
329,0,53281,128,0,53340:0:0:0:0:
402,0,53281,128,0,53340:0:0:0:0:
256,0,53398,128,0,53457:0:0:0:0:
329,0,53398,128,0,53457:0:0:0:0:
182,0,53516,128,0,53574:0:0:0:0:
256,0,53516,128,0,53574:0:0:0:0:
109,0,53633,128,0,53691:0:0:0:0:
182,0,53633,128,0,53691:0:0:0:0:
36,192,53750,1,0,0:0:0:0:
109,192,53750,1,0,0:0:0:0:
182,192,53750,1,0,0:0:0:0:
329,192,53750,1,0,0:0:0:0:
475,192,53750,1,0,0:0:0:0:
36,192,53867,1,0,0:0:0:0:
109,192,53867,1,0,0:0:0:0:
182,192,53867,1,0,0:0:0:0:
329,192,53867,1,0,0:0:0:0:
402,192,53867,1,0,0:0:0:0:
36,192,54102,1,0,0:0:0:0:
182,192,54102,1,0,0:0:0:0:
329,192,54102,1,0,0:0:0:0:
402,192,54102,1,0,0:0:0:0:
475,192,54102,1,0,0:0:0:0:
109,192,54219,1,0,0:0:0:0:
182,192,54219,1,0,0:0:0:0:
329,192,54219,1,0,0:0:0:0:
402,192,54219,1,0,0:0:0:0:
475,192,54219,1,0,0:0:0:0:
36,192,54453,1,0,0:0:0:0:
109,192,54453,1,0,0:0:0:0:
182,192,54453,1,0,0:0:0:0:
329,192,54453,1,0,0:0:0:0:
475,192,54453,1,0,0:0:0:0:
36,192,54570,1,0,0:0:0:0:
109,192,54570,1,0,0:0:0:0:
182,192,54570,1,0,0:0:0:0:
329,192,54570,1,0,0:0:0:0:
402,192,54570,1,0,0:0:0:0:
36,192,54805,1,0,0:0:0:0:
182,192,54805,1,0,0:0:0:0:
329,192,54805,1,0,0:0:0:0:
402,192,54805,1,0,0:0:0:0:
475,192,54805,1,0,0:0:0:0:
109,192,54922,1,0,0:0:0:0:
182,192,54922,1,0,0:0:0:0:
329,192,54922,1,0,0:0:0:0:
402,192,54922,1,0,0:0:0:0:
475,192,54922,1,0,0:0:0:0:
109,0,55039,128,0,55098:0:0:0:0:
402,0,55039,128,0,55098:0:0:0:0:
36,0,55098,128,0,55156:0:0:0:0:
475,0,55098,128,0,55156:0:0:0:0:
182,0,55156,128,0,55215:0:0:0:0:
329,0,55156,128,0,55215:0:0:0:0:
109,0,55215,128,0,55273:0:0:0:0:
402,0,55215,128,0,55273:0:0:0:0:
256,0,55273,128,0,55332:0:0:0:0:
182,0,55332,128,0,55391:0:0:0:0:
329,0,55332,128,0,55391:0:0:0:0:
36,192,55391,1,0,0:0:0:0:
109,192,55391,1,0,0:0:0:0:
256,192,55391,1,0,0:0:0:0:
402,192,55391,1,0,0:0:0:0:
475,192,55391,1,0,0:0:0:0:
36,192,55508,1,0,0:0:0:0:
109,192,55508,1,0,0:0:0:0:
256,192,55508,1,0,0:0:0:0:
402,192,55508,1,0,0:0:0:0:
475,192,55508,1,0,0:0:0:0:
109,192,55742,1,0,0:0:0:0:
182,192,55742,1,0,0:0:0:0:
256,192,55742,1,0,0:0:0:0:
329,192,55742,1,0,0:0:0:0:
402,192,55742,1,0,0:0:0:0:
109,192,55859,1,0,0:0:0:0:
182,192,55859,1,0,0:0:0:0:
256,192,55859,1,0,0:0:0:0:
329,192,55859,1,0,0:0:0:0:
402,192,55859,1,0,0:0:0:0:
36,192,56094,1,0,0:0:0:0:
109,192,56094,1,0,0:0:0:0:
182,192,56094,1,0,0:0:0:0:
256,192,56094,1,0,0:0:0:0:
329,192,56094,1,0,0:0:0:0:
36,192,56211,1,0,0:0:0:0:
109,192,56211,1,0,0:0:0:0:
182,192,56211,1,0,0:0:0:0:
256,192,56211,1,0,0:0:0:0:
329,192,56211,1,0,0:0:0:0:
36,192,56445,1,0,0:0:0:0:
109,192,56445,1,0,0:0:0:0:
256,192,56445,1,0,0:0:0:0:
329,192,56445,1,0,0:0:0:0:
475,192,56445,1,0,0:0:0:0:
36,192,56562,1,0,0:0:0:0:
109,0,56562,128,0,56797:0:0:0:0:
329,192,56562,1,0,0:0:0:0:
402,192,56562,1,0,0:0:0:0:
475,192,56562,1,0,0:0:0:0:
182,0,56621,128,0,56680:0:0:0:0:
256,0,56680,128,0,56738:0:0:0:0:
329,0,56738,128,0,56797:0:0:0:0:
182,0,56797,128,0,57031:0:0:0:0:
256,0,56855,128,0,56914:0:0:0:0:
329,0,56914,128,0,56973:0:0:0:0:
402,0,56973,128,0,57031:0:0:0:0:
256,0,57031,128,0,57266:0:0:0:0:
329,0,57090,128,0,57148:0:0:0:0:
402,0,57148,128,0,57207:0:0:0:0:
475,0,57207,128,0,57266:0:0:0:0:
36,192,57266,1,0,0:0:0:0:
109,192,57266,1,0,0:0:0:0:
402,192,57266,1,0,0:0:0:0:
182,0,57266,128,0,57559:0:0:0:0:
329,0,57266,128,0,57559:0:0:0:0:
36,192,57617,1,0,0:0:0:0:
109,0,57617,128,0,57910:0:0:0:0:
182,192,57617,1,0,0:0:0:0:
329,192,57617,1,0,0:0:0:0:
402,0,57617,128,0,57910:0:0:0:0:
475,192,57617,1,0,0:0:0:0:
36,0,57969,128,0,58379:0:0:0:0:
109,192,57969,1,0,0:0:0:0:
182,192,57969,1,0,0:0:0:0:
329,192,57969,1,0,0:0:0:0:
402,192,57969,1,0,0:0:0:0:
475,0,57969,128,0,58379:0:0:0:0:
402,192,58438,1,0,0:0:0:0:
475,192,58438,1,0,0:0:0:0:
329,192,58496,1,0,0:0:0:0:
402,192,58496,1,0,0:0:0:0:
256,192,58555,1,0,0:0:0:0:
329,192,58555,1,0,0:0:0:0:
182,192,58613,1,0,0:0:0:0:
256,192,58613,1,0,0:0:0:0:
109,192,58672,1,0,0:0:0:0:
182,192,58672,1,0,0:0:0:0:
36,192,58730,1,0,0:0:0:0:
109,192,58730,1,0,0:0:0:0:
256,192,58789,1,0,0:0:0:0:
329,192,58789,1,0,0:0:0:0:
402,192,58789,1,0,0:0:0:0:
475,192,58789,1,0,0:0:0:0:
182,192,58906,1,0,0:0:0:0:
256,192,58906,1,0,0:0:0:0:
329,192,58906,1,0,0:0:0:0:
402,192,58906,1,0,0:0:0:0:
109,192,59023,1,0,0:0:0:0:
182,192,59023,1,0,0:0:0:0:
256,192,59023,1,0,0:0:0:0:
329,192,59023,1,0,0:0:0:0:
36,0,59141,128,0,59434:0:0:0:0:
109,192,59141,1,0,0:0:0:0:
182,0,59141,128,0,59434:0:0:0:0:
256,192,59141,1,0,0:0:0:0:
402,192,59141,1,0,0:0:0:0:
475,192,59141,1,0,0:0:0:0:
36,192,59492,1,0,0:0:0:0:
109,0,59492,128,0,59785:0:0:0:0:
182,192,59492,1,0,0:0:0:0:
256,0,59492,128,0,59785:0:0:0:0:
329,192,59492,1,0,0:0:0:0:
402,192,59492,1,0,0:0:0:0:
36,192,59844,1,0,0:0:0:0:
109,192,59844,1,0,0:0:0:0:
256,192,59844,1,0,0:0:0:0:
475,0,59844,128,0,59902:0:0:0:0:
182,0,59844,128,0,60547:0:0:0:0:
329,0,59844,128,0,60547:0:0:0:0:
402,0,59902,128,0,59961:0:0:0:0:
256,0,59961,128,0,60020:0:0:0:0:
36,0,60020,128,0,60078:0:0:0:0:
109,0,60078,128,0,60137:0:0:0:0:
256,0,60137,128,0,60195:0:0:0:0:
475,0,60195,128,0,60254:0:0:0:0:
402,0,60254,128,0,60312:0:0:0:0:
256,0,60312,128,0,60371:0:0:0:0:
36,0,60371,128,0,60430:0:0:0:0:
109,0,60430,128,0,60488:0:0:0:0:
256,0,60488,128,0,60547:0:0:0:0:
36,192,60547,1,0,0:0:0:0:
109,192,60547,1,0,0:0:0:0:
402,192,60547,1,0,0:0:0:0:
475,192,60547,1,0,0:0:0:0:
109,0,60898,128,0,61895:0:0:0:0:
256,0,60898,128,0,61426:0:0:0:0:
402,0,60898,128,0,61895:0:0:0:0:
36,0,60898,128,0,62832:0:0:0:0:
475,0,60898,128,0,62832:0:0:0:0:
182,0,61484,128,0,61895:0:0:0:0:
256,192,61484,1,0,0:0:0:0:
329,0,61484,128,0,61895:0:0:0:0:
109,0,61953,128,0,62129:0:0:0:0:
182,0,61953,128,0,62129:0:0:0:0:
329,0,61953,128,0,62129:0:0:0:0:
402,0,61953,128,0,62129:0:0:0:0:
109,0,62188,128,0,62363:0:0:0:0:
182,0,62188,128,0,62363:0:0:0:0:
329,0,62188,128,0,62363:0:0:0:0:
402,0,62188,128,0,62363:0:0:0:0:
109,0,62422,128,0,62598:0:0:0:0:
182,0,62422,128,0,62598:0:0:0:0:
256,0,62422,128,0,62598:0:0:0:0:
329,0,62422,128,0,62598:0:0:0:0:
402,0,62422,128,0,62598:0:0:0:0:
109,0,62656,128,0,62832:0:0:0:0:
182,0,62656,128,0,62832:0:0:0:0:
256,0,62656,128,0,62832:0:0:0:0:
329,0,62656,128,0,62832:0:0:0:0:
402,0,62656,128,0,62832:0:0:0:0:
36,192,62891,1,0,0:0:0:0:
109,192,62891,1,0,0:0:0:0:
182,192,62891,1,0,0:0:0:0:
256,192,62891,1,0,0:0:0:0:
329,192,62891,1,0,0:0:0:0:
402,192,62891,1,0,0:0:0:0:
475,192,62891,1,0,0:0:0:0:
36,192,63008,1,0,0:0:0:0:
109,192,63008,1,0,0:0:0:0:
182,0,63008,128,0,63184:0:0:0:0:
256,192,63008,1,0,0:0:0:0:
329,0,63008,128,0,63184:0:0:0:0:
402,192,63008,1,0,0:0:0:0:
475,192,63008,1,0,0:0:0:0:
36,192,63242,1,0,0:0:0:0:
109,192,63242,1,0,0:0:0:0:
182,192,63242,1,0,0:0:0:0:
256,192,63242,1,0,0:0:0:0:
329,192,63242,1,0,0:0:0:0:
402,192,63242,1,0,0:0:0:0:
475,192,63242,1,0,0:0:0:0:
36,192,63359,1,0,0:0:0:0:
109,192,63359,1,0,0:0:0:0:
182,0,63359,128,0,63535:0:0:0:0:
256,192,63359,1,0,0:0:0:0:
329,0,63359,128,0,63535:0:0:0:0:
402,192,63359,1,0,0:0:0:0:
475,192,63359,1,0,0:0:0:0:
36,192,63594,1,0,0:0:0:0:
109,192,63594,1,0,0:0:0:0:
256,192,63594,1,0,0:0:0:0:
402,192,63594,1,0,0:0:0:0:
475,192,63594,1,0,0:0:0:0:
36,192,63711,1,0,0:0:0:0:
475,192,63711,1,0,0:0:0:0:
109,0,63711,128,0,63887:0:0:0:0:
256,0,63711,128,0,63887:0:0:0:0:
402,0,63711,128,0,63887:0:0:0:0:
36,192,63945,1,0,0:0:0:0:
109,192,63945,1,0,0:0:0:0:
256,192,63945,1,0,0:0:0:0:
402,192,63945,1,0,0:0:0:0:
475,192,63945,1,0,0:0:0:0:
36,192,64062,1,0,0:0:0:0:
109,0,64062,128,0,64238:0:0:0:0:
256,0,64062,128,0,64238:0:0:0:0:
402,0,64062,128,0,64238:0:0:0:0:
475,192,64062,1,0,0:0:0:0:
109,0,64297,128,0,64355:0:0:0:0:
402,0,64297,128,0,64355:0:0:0:0:
36,0,64355,128,0,64414:0:0:0:0:
475,0,64355,128,0,64414:0:0:0:0:
182,0,64414,128,0,64473:0:0:0:0:
329,0,64414,128,0,64473:0:0:0:0:
109,0,64473,128,0,64531:0:0:0:0:
402,0,64473,128,0,64531:0:0:0:0:
36,0,64531,128,0,64590:0:0:0:0:
475,0,64531,128,0,64590:0:0:0:0:
182,0,64590,128,0,64648:0:0:0:0:
329,0,64590,128,0,64648:0:0:0:0:
36,0,64648,128,0,64707:0:0:0:0:
475,0,64648,128,0,64707:0:0:0:0:
256,0,64707,128,0,64766:0:0:0:0:
36,0,64766,128,0,64941:0:0:0:0:
182,192,64766,1,0,0:0:0:0:
329,192,64766,1,0,0:0:0:0:
475,192,64766,1,0,0:0:0:0:
402,0,64766,128,0,65234:0:0:0:0:
109,0,64824,128,0,64883:0:0:0:0:
182,0,64883,128,0,64941:0:0:0:0:
256,0,64941,128,0,65000:0:0:0:0:
36,192,65000,1,0,0:0:0:0:
109,0,65000,128,0,65176:0:0:0:0:
329,192,65000,1,0,0:0:0:0:
475,192,65000,1,0,0:0:0:0:
182,0,65059,128,0,65117:0:0:0:0:
256,0,65117,128,0,65176:0:0:0:0:
329,0,65176,128,0,65234:0:0:0:0:
36,192,65234,1,0,0:0:0:0:
109,0,65234,128,0,65703:0:0:0:0:
182,192,65234,1,0,0:0:0:0:
475,0,65234,128,0,65410:0:0:0:0:
402,0,65293,128,0,65352:0:0:0:0:
329,0,65352,128,0,65410:0:0:0:0:
256,0,65410,128,0,65469:0:0:0:0:
36,192,65469,1,0,0:0:0:0:
182,192,65469,1,0,0:0:0:0:
402,0,65469,128,0,65645:0:0:0:0:
475,192,65469,1,0,0:0:0:0:
329,0,65527,128,0,65586:0:0:0:0:
256,0,65586,128,0,65645:0:0:0:0:
182,0,65645,128,0,65703:0:0:0:0:
36,0,65703,128,0,65879:0:0:0:0:
329,192,65703,1,0,0:0:0:0:
402,0,65703,128,0,66172:0:0:0:0:
475,192,65703,1,0,0:0:0:0:
109,0,65762,128,0,65820:0:0:0:0:
182,0,65820,128,0,65879:0:0:0:0:
256,0,65879,128,0,65938:0:0:0:0:
36,192,65938,1,0,0:0:0:0:
109,0,65938,128,0,66113:0:0:0:0:
329,192,65938,1,0,0:0:0:0:
475,192,65938,1,0,0:0:0:0:
182,0,65996,128,0,66055:0:0:0:0:
256,0,66055,128,0,66113:0:0:0:0:
329,0,66113,128,0,66172:0:0:0:0:
36,192,66172,1,0,0:0:0:0:
182,192,66172,1,0,0:0:0:0:
109,0,66172,128,0,66582:0:0:0:0:
475,0,66172,128,0,66348:0:0:0:0:
402,0,66230,128,0,66289:0:0:0:0:
329,0,66289,128,0,66348:0:0:0:0:
256,0,66348,128,0,66406:0:0:0:0:
36,192,66406,1,0,0:0:0:0:
182,192,66406,1,0,0:0:0:0:
402,0,66406,128,0,66582:0:0:0:0:
475,192,66406,1,0,0:0:0:0:
329,0,66465,128,0,66523:0:0:0:0:
256,0,66523,128,0,66582:0:0:0:0:
182,0,66582,128,0,66641:0:0:0:0:
36,0,66641,128,0,66699:0:0:0:0:
109,0,66641,128,0,66816:0:0:0:0:
402,0,66641,128,0,66699:0:0:0:0:
475,0,66641,128,0,67051:0:0:0:0:
182,192,66699,1,0,0:0:0:0:
256,192,66758,1,0,0:0:0:0:
329,192,66816,1,0,0:0:0:0:
36,0,66875,128,0,67051:0:0:0:0:
182,0,66875,128,0,66934:0:0:0:0:
256,0,66875,128,0,66934:0:0:0:0:
402,0,66875,128,0,66934:0:0:0:0:
109,192,66934,1,0,0:0:0:0:
182,192,66992,1,0,0:0:0:0:
256,192,67051,1,0,0:0:0:0:
109,0,67109,128,0,67168:0:0:0:0:
402,0,67109,128,0,67285:0:0:0:0:
475,0,67109,128,0,67168:0:0:0:0:
36,0,67109,128,0,67520:0:0:0:0:
329,192,67168,1,0,0:0:0:0:
256,192,67227,1,0,0:0:0:0:
182,192,67285,1,0,0:0:0:0:
109,0,67344,128,0,67402:0:0:0:0:
256,0,67344,128,0,67402:0:0:0:0:
329,0,67344,128,0,67402:0:0:0:0:
475,0,67344,128,0,67520:0:0:0:0:
402,192,67402,1,0,0:0:0:0:
329,192,67461,1,0,0:0:0:0:
256,192,67520,1,0,0:0:0:0:
36,0,67578,128,0,67637:0:0:0:0:
109,0,67578,128,0,67754:0:0:0:0:
402,0,67578,128,0,67637:0:0:0:0:
475,0,67578,128,0,67988:0:0:0:0:
182,192,67637,1,0,0:0:0:0:
256,192,67695,1,0,0:0:0:0:
329,192,67754,1,0,0:0:0:0:
36,0,67813,128,0,67988:0:0:0:0:
182,0,67813,128,0,67871:0:0:0:0:
256,0,67813,128,0,67871:0:0:0:0:
402,0,67813,128,0,67871:0:0:0:0:
109,192,67871,1,0,0:0:0:0:
182,192,67930,1,0,0:0:0:0:
256,192,67988,1,0,0:0:0:0:
36,0,68047,128,0,68457:0:0:0:0:
109,0,68047,128,0,68105:0:0:0:0:
402,0,68047,128,0,68223:0:0:0:0:
475,0,68047,128,0,68105:0:0:0:0:
329,192,68105,1,0,0:0:0:0:
256,192,68164,1,0,0:0:0:0:
182,192,68223,1,0,0:0:0:0:
109,0,68281,128,0,68340:0:0:0:0:
256,0,68281,128,0,68340:0:0:0:0:
329,0,68281,128,0,68340:0:0:0:0:
475,0,68281,128,0,68457:0:0:0:0:
402,192,68340,1,0,0:0:0:0:
329,192,68398,1,0,0:0:0:0:
256,192,68457,1,0,0:0:0:0:
36,0,68516,128,0,68691:0:0:0:0:
182,192,68516,1,0,0:0:0:0:
329,192,68516,1,0,0:0:0:0:
475,192,68516,1,0,0:0:0:0:
402,0,68516,128,0,68984:0:0:0:0:
109,0,68574,128,0,68633:0:0:0:0:
182,0,68633,128,0,68691:0:0:0:0:
256,0,68691,128,0,68750:0:0:0:0:
36,192,68750,1,0,0:0:0:0:
109,0,68750,128,0,68926:0:0:0:0:
329,192,68750,1,0,0:0:0:0:
475,192,68750,1,0,0:0:0:0:
182,0,68809,128,0,68867:0:0:0:0:
256,0,68867,128,0,68926:0:0:0:0:
329,0,68926,128,0,68984:0:0:0:0:
36,192,68984,1,0,0:0:0:0:
109,0,68984,128,0,69453:0:0:0:0:
182,192,68984,1,0,0:0:0:0:
475,0,68984,128,0,69160:0:0:0:0:
402,0,69043,128,0,69102:0:0:0:0:
329,0,69102,128,0,69160:0:0:0:0:
256,0,69160,128,0,69219:0:0:0:0:
36,192,69219,1,0,0:0:0:0:
182,192,69219,1,0,0:0:0:0:
402,0,69219,128,0,69395:0:0:0:0:
475,192,69219,1,0,0:0:0:0:
329,0,69277,128,0,69336:0:0:0:0:
256,0,69336,128,0,69395:0:0:0:0:
182,0,69395,128,0,69453:0:0:0:0:
36,0,69453,128,0,69629:0:0:0:0:
329,192,69453,1,0,0:0:0:0:
402,0,69453,128,0,69922:0:0:0:0:
475,192,69453,1,0,0:0:0:0:
109,0,69512,128,0,69570:0:0:0:0:
182,0,69570,128,0,69629:0:0:0:0:
256,0,69629,128,0,69688:0:0:0:0:
36,192,69688,1,0,0:0:0:0:
109,0,69688,128,0,69863:0:0:0:0:
329,192,69688,1,0,0:0:0:0:
475,192,69688,1,0,0:0:0:0:
182,0,69746,128,0,69805:0:0:0:0:
256,0,69805,128,0,69863:0:0:0:0:
329,0,69863,128,0,69922:0:0:0:0:
36,192,69922,1,0,0:0:0:0:
182,192,69922,1,0,0:0:0:0:
109,0,69922,128,0,70332:0:0:0:0:
475,0,69922,128,0,70098:0:0:0:0:
402,0,69980,128,0,70039:0:0:0:0:
329,0,70039,128,0,70098:0:0:0:0:
256,0,70098,128,0,70156:0:0:0:0:
36,192,70156,1,0,0:0:0:0:
182,192,70156,1,0,0:0:0:0:
402,0,70156,128,0,70332:0:0:0:0:
475,192,70156,1,0,0:0:0:0:
329,0,70215,128,0,70273:0:0:0:0:
256,0,70273,128,0,70332:0:0:0:0:
182,0,70332,128,0,70391:0:0:0:0:
36,0,70391,128,0,70742:0:0:0:0:
109,192,70391,1,0,0:0:0:0:
256,192,70391,1,0,0:0:0:0:
402,192,70391,1,0,0:0:0:0:
475,0,70391,128,0,70742:0:0:0:0:
109,192,70625,1,0,0:0:0:0:
256,192,70625,1,0,0:0:0:0:
402,192,70625,1,0,0:0:0:0:
109,192,70742,1,0,0:0:0:0:
182,0,70742,128,0,71094:0:0:0:0:
256,192,70742,1,0,0:0:0:0:
329,0,70742,128,0,71094:0:0:0:0:
402,192,70742,1,0,0:0:0:0:
109,192,70977,1,0,0:0:0:0:
256,192,70977,1,0,0:0:0:0:
402,192,70977,1,0,0:0:0:0:
109,192,71094,1,0,0:0:0:0:
256,192,71094,1,0,0:0:0:0:
402,192,71094,1,0,0:0:0:0:
36,0,71094,128,0,71328:0:0:0:0:
475,0,71094,128,0,71328:0:0:0:0:
109,192,71328,1,0,0:0:0:0:
256,192,71328,1,0,0:0:0:0:
402,192,71328,1,0,0:0:0:0:
182,192,71387,1,0,0:0:0:0:
329,192,71387,1,0,0:0:0:0:
36,192,71445,1,0,0:0:0:0:
109,192,71445,1,0,0:0:0:0:
256,192,71445,1,0,0:0:0:0:
402,192,71445,1,0,0:0:0:0:
475,192,71445,1,0,0:0:0:0:
36,192,71563,1,0,0:0:0:0:
109,192,71563,1,0,0:0:0:0:
182,192,71563,1,0,0:0:0:0:
329,192,71621,1,0,0:0:0:0:
402,192,71621,1,0,0:0:0:0:
475,192,71621,1,0,0:0:0:0:
36,192,71680,1,0,0:0:0:0:
109,192,71680,1,0,0:0:0:0:
182,192,71680,1,0,0:0:0:0:
329,192,71738,1,0,0:0:0:0:
402,192,71738,1,0,0:0:0:0:
475,192,71738,1,0,0:0:0:0:
36,192,71797,1,0,0:0:0:0:
109,192,71797,1,0,0:0:0:0:
182,192,71797,1,0,0:0:0:0:
256,192,71797,1,0,0:0:0:0:
109,192,71914,1,0,0:0:0:0:
182,192,71914,1,0,0:0:0:0:
256,192,71914,1,0,0:0:0:0:
329,192,71914,1,0,0:0:0:0:
182,192,72031,1,0,0:0:0:0:
256,192,72031,1,0,0:0:0:0:
329,192,72031,1,0,0:0:0:0:
402,192,72031,1,0,0:0:0:0:
256,192,72148,1,0,0:0:0:0:
329,192,72148,1,0,0:0:0:0:
402,192,72148,1,0,0:0:0:0:
475,192,72148,1,0,0:0:0:0:
36,0,72500,128,0,72676:0:0:0:0:
109,192,72500,1,0,0:0:0:0:
182,0,72500,128,0,72559:0:0:0:0:
256,192,72500,1,0,0:0:0:0:
329,0,72500,128,0,72559:0:0:0:0:
402,0,72500,128,0,72793:0:0:0:0:
475,192,72500,1,0,0:0:0:0:
182,192,72617,1,0,0:0:0:0:
329,192,72617,1,0,0:0:0:0:
36,192,72734,1,0,0:0:0:0:
109,0,72734,128,0,73027:0:0:0:0:
182,0,72734,128,0,72793:0:0:0:0:
256,192,72734,1,0,0:0:0:0:
329,0,72734,128,0,72793:0:0:0:0:
475,0,72734,128,0,72910:0:0:0:0:
182,192,72852,1,0,0:0:0:0:
329,192,72852,1,0,0:0:0:0:
36,0,72969,128,0,73145:0:0:0:0:
182,192,72969,1,0,0:0:0:0:
256,0,72969,128,0,73027:0:0:0:0:
329,0,72969,128,0,73262:0:0:0:0:
402,0,72969,128,0,73027:0:0:0:0:
475,192,72969,1,0,0:0:0:0:
256,192,73086,1,0,0:0:0:0:
402,192,73086,1,0,0:0:0:0:
36,192,73203,1,0,0:0:0:0:
109,0,73203,128,0,73262:0:0:0:0:
182,0,73203,128,0,73496:0:0:0:0:
256,0,73203,128,0,73262:0:0:0:0:
402,192,73203,1,0,0:0:0:0:
475,0,73203,128,0,73379:0:0:0:0:
109,192,73320,1,0,0:0:0:0:
256,192,73320,1,0,0:0:0:0:
36,0,73438,128,0,73613:0:0:0:0:
109,192,73438,1,0,0:0:0:0:
256,192,73438,1,0,0:0:0:0:
329,0,73438,128,0,73496:0:0:0:0:
402,0,73438,128,0,73730:0:0:0:0:
475,0,73438,128,0,73496:0:0:0:0:
329,192,73555,1,0,0:0:0:0:
475,192,73555,1,0,0:0:0:0:
36,0,73672,128,0,73730:0:0:0:0:
182,0,73672,128,0,73730:0:0:0:0:
256,192,73672,1,0,0:0:0:0:
329,192,73672,1,0,0:0:0:0:
109,0,73672,128,0,73965:0:0:0:0:
475,0,73672,128,0,73848:0:0:0:0:
36,192,73789,1,0,0:0:0:0:
182,192,73789,1,0,0:0:0:0:
36,0,73906,128,0,74082:0:0:0:0:
182,192,73906,1,0,0:0:0:0:
256,0,73906,128,0,73965:0:0:0:0:
329,0,73906,128,0,74199:0:0:0:0:
402,0,73906,128,0,73965:0:0:0:0:
475,192,73906,1,0,0:0:0:0:
256,192,74023,1,0,0:0:0:0:
402,192,74023,1,0,0:0:0:0:
36,192,74141,1,0,0:0:0:0:
109,0,74141,128,0,74199:0:0:0:0:
182,0,74141,128,0,74434:0:0:0:0:
256,0,74141,128,0,74199:0:0:0:0:
402,192,74141,1,0,0:0:0:0:
475,0,74141,128,0,74316:0:0:0:0:
109,192,74258,1,0,0:0:0:0:
256,192,74258,1,0,0:0:0:0:
36,0,74375,128,0,74551:0:0:0:0:
109,192,74375,1,0,0:0:0:0:
256,192,74375,1,0,0:0:0:0:
329,0,74375,128,0,74434:0:0:0:0:
402,0,74375,128,0,74668:0:0:0:0:
475,0,74375,128,0,74434:0:0:0:0:
329,192,74492,1,0,0:0:0:0:
475,192,74492,1,0,0:0:0:0:
36,0,74609,128,0,74668:0:0:0:0:
109,0,74609,128,0,74902:0:0:0:0:
182,0,74609,128,0,74668:0:0:0:0:
256,192,74609,1,0,0:0:0:0:
329,192,74609,1,0,0:0:0:0:
475,0,74609,128,0,74785:0:0:0:0:
36,192,74727,1,0,0:0:0:0:
182,192,74727,1,0,0:0:0:0:
182,192,74844,1,0,0:0:0:0:
256,0,74844,128,0,74902:0:0:0:0:
402,0,74844,128,0,74902:0:0:0:0:
475,192,74844,1,0,0:0:0:0:
36,0,74844,128,0,75020:0:0:0:0:
329,0,74844,128,0,75137:0:0:0:0:
256,192,74961,1,0,0:0:0:0:
402,192,74961,1,0,0:0:0:0:
36,192,75078,1,0,0:0:0:0:
109,0,75078,128,0,75137:0:0:0:0:
182,0,75078,128,0,75371:0:0:0:0:
256,0,75078,128,0,75137:0:0:0:0:
402,192,75078,1,0,0:0:0:0:
475,0,75078,128,0,75254:0:0:0:0:
109,192,75195,1,0,0:0:0:0:
256,192,75195,1,0,0:0:0:0:
36,0,75313,128,0,75488:0:0:0:0:
109,192,75313,1,0,0:0:0:0:
256,192,75313,1,0,0:0:0:0:
329,0,75313,128,0,75371:0:0:0:0:
402,0,75313,128,0,75547:0:0:0:0:
475,0,75313,128,0,75371:0:0:0:0:
329,192,75430,1,0,0:0:0:0:
475,192,75430,1,0,0:0:0:0:
36,0,75547,128,0,75664:0:0:0:0:
109,192,75547,1,0,0:0:0:0:
182,0,75547,128,0,75605:0:0:0:0:
256,192,75547,1,0,0:0:0:0:
109,0,75664,128,0,75781:0:0:0:0:
182,192,75664,1,0,0:0:0:0:
256,0,75664,128,0,75723:0:0:0:0:
329,192,75664,1,0,0:0:0:0:
182,0,75781,128,0,75898:0:0:0:0:
256,192,75781,1,0,0:0:0:0:
329,0,75781,128,0,75840:0:0:0:0:
402,192,75781,1,0,0:0:0:0:
256,0,75898,128,0,76016:0:0:0:0:
329,192,75898,1,0,0:0:0:0:
402,0,75898,128,0,75957:0:0:0:0:
475,192,75898,1,0,0:0:0:0:
36,0,76016,128,0,76074:0:0:0:0:
182,0,76016,128,0,76074:0:0:0:0:
329,0,76016,128,0,76074:0:0:0:0:
402,0,76016,128,0,76074:0:0:0:0:
475,0,76016,128,0,76074:0:0:0:0:
109,0,76133,128,0,76191:0:0:0:0:
256,0,76133,128,0,76191:0:0:0:0:
329,0,76133,128,0,76191:0:0:0:0:
402,0,76133,128,0,76191:0:0:0:0:
475,0,76133,128,0,76191:0:0:0:0:
36,0,76250,128,0,76309:0:0:0:0:
109,0,76250,128,0,76309:0:0:0:0:
182,0,76250,128,0,76309:0:0:0:0:
329,0,76250,128,0,76309:0:0:0:0:
475,0,76250,128,0,76309:0:0:0:0:
36,0,76367,128,0,76426:0:0:0:0:
109,0,76367,128,0,76426:0:0:0:0:
182,0,76367,128,0,76426:0:0:0:0:
256,0,76367,128,0,76426:0:0:0:0:
402,0,76367,128,0,76426:0:0:0:0:
182,0,76484,128,0,76602:0:0:0:0:
329,0,76484,128,0,76602:0:0:0:0:
475,0,76484,128,0,76602:0:0:0:0:
109,0,76602,128,0,76719:0:0:0:0:
256,0,76602,128,0,76719:0:0:0:0:
402,0,76602,128,0,76719:0:0:0:0:
36,192,76719,1,0,0:0:0:0:
182,192,76719,1,0,0:0:0:0:
329,192,76719,1,0,0:0:0:0:
475,192,76719,1,0,0:0:0:0:
36,0,76836,128,0,77012:0:0:0:0:
182,0,76836,128,0,77012:0:0:0:0:
329,0,76836,128,0,77012:0:0:0:0:
475,0,76836,128,0,77012:0:0:0:0:
36,192,77070,1,0,0:0:0:0:
182,192,77070,1,0,0:0:0:0:
329,192,77070,1,0,0:0:0:0:
475,192,77070,1,0,0:0:0:0:
36,0,77188,128,0,77363:0:0:0:0:
182,0,77188,128,0,77363:0:0:0:0:
329,0,77188,128,0,77363:0:0:0:0:
475,0,77188,128,0,77363:0:0:0:0:
182,192,77422,1,0,0:0:0:0:
329,192,77422,1,0,0:0:0:0:
109,0,77422,128,0,77773:0:0:0:0:
402,0,77422,128,0,77773:0:0:0:0:
182,0,77773,128,0,77891:0:0:0:0:
256,0,77773,128,0,78125:0:0:0:0:
329,0,77773,128,0,77891:0:0:0:0:
109,0,77891,128,0,77969:0:0:0:0:
402,0,77891,128,0,77969:0:0:0:0:
36,0,77969,128,0,78047:0:0:0:0:
475,0,77969,128,0,78047:0:0:0:0:
109,0,78047,128,0,78125:0:0:0:0:
402,0,78047,128,0,78125:0:0:0:0:
182,0,78125,128,0,78203:0:0:0:0:
329,0,78125,128,0,78203:0:0:0:0:
109,0,78203,128,0,78281:0:0:0:0:
402,0,78203,128,0,78281:0:0:0:0:
36,0,78281,128,0,78359:0:0:0:0:
475,0,78281,128,0,78359:0:0:0:0:
109,0,78359,128,0,78438:0:0:0:0:
329,0,78359,128,0,78438:0:0:0:0:
182,0,78438,128,0,78516:0:0:0:0:
402,0,78438,128,0,78516:0:0:0:0:
36,0,78516,128,0,78594:0:0:0:0:
256,0,78516,128,0,78594:0:0:0:0:
475,0,78516,128,0,78594:0:0:0:0:
109,0,78594,128,0,78672:0:0:0:0:
329,0,78594,128,0,78672:0:0:0:0:
182,0,78672,128,0,78750:0:0:0:0:
402,0,78672,128,0,78750:0:0:0:0:
36,0,78750,128,0,78828:0:0:0:0:
256,0,78750,128,0,78828:0:0:0:0:
475,0,78750,128,0,78828:0:0:0:0:
182,0,78828,128,0,78906:0:0:0:0:
402,0,78828,128,0,78906:0:0:0:0:
109,0,78906,128,0,78984:0:0:0:0:
329,0,78906,128,0,78984:0:0:0:0:
36,0,78984,128,0,79063:0:0:0:0:
256,0,78984,128,0,79063:0:0:0:0:
109,0,79063,128,0,79141:0:0:0:0:
329,0,79063,128,0,79141:0:0:0:0:
182,0,79141,128,0,79219:0:0:0:0:
402,0,79141,128,0,79219:0:0:0:0:
109,0,79219,128,0,79297:0:0:0:0:
329,0,79219,128,0,79297:0:0:0:0:
36,0,79297,128,0,79375:0:0:0:0:
256,0,79297,128,0,79375:0:0:0:0:
475,0,79297,128,0,79375:0:0:0:0:
182,0,79375,128,0,79453:0:0:0:0:
402,0,79375,128,0,79453:0:0:0:0:
109,0,79453,128,0,79531:0:0:0:0:
329,0,79453,128,0,79531:0:0:0:0:
182,0,79531,128,0,79609:0:0:0:0:
402,0,79531,128,0,79609:0:0:0:0:
36,0,79609,128,0,79688:0:0:0:0:
256,0,79609,128,0,79688:0:0:0:0:
475,0,79609,128,0,79688:0:0:0:0:
182,0,79688,128,0,79766:0:0:0:0:
402,0,79688,128,0,79766:0:0:0:0:
109,0,79766,128,0,79844:0:0:0:0:
329,0,79766,128,0,79844:0:0:0:0:
182,0,79844,128,0,79922:0:0:0:0:
402,0,79844,128,0,79922:0:0:0:0:
36,0,79922,128,0,80000:0:0:0:0:
256,0,79922,128,0,80000:0:0:0:0:
475,0,79922,128,0,80000:0:0:0:0:
109,0,80000,128,0,80078:0:0:0:0:
329,0,80000,128,0,80078:0:0:0:0:
182,0,80078,128,0,80156:0:0:0:0:
402,0,80078,128,0,80156:0:0:0:0:
109,0,80156,128,0,80234:0:0:0:0:
329,0,80156,128,0,80234:0:0:0:0:
36,0,80234,128,0,80313:0:0:0:0:
256,0,80234,128,0,80313:0:0:0:0:
475,0,80234,128,0,80313:0:0:0:0:
109,0,80313,128,0,80391:0:0:0:0:
329,0,80313,128,0,80391:0:0:0:0:
182,0,80391,128,0,80469:0:0:0:0:
402,0,80391,128,0,80469:0:0:0:0:
36,0,80469,128,0,80547:0:0:0:0:
256,0,80469,128,0,80547:0:0:0:0:
475,0,80469,128,0,80547:0:0:0:0:
182,0,80547,128,0,80625:0:0:0:0:
402,0,80547,128,0,80625:0:0:0:0:
109,0,80625,128,0,80703:0:0:0:0:
329,0,80625,128,0,80703:0:0:0:0:
36,0,80703,128,0,80781:0:0:0:0:
256,0,80703,128,0,80781:0:0:0:0:
109,0,80781,128,0,80859:0:0:0:0:
329,0,80781,128,0,80859:0:0:0:0:
182,0,80859,128,0,80938:0:0:0:0:
402,0,80859,128,0,80938:0:0:0:0:
109,0,80938,128,0,81016:0:0:0:0:
329,0,80938,128,0,81016:0:0:0:0:
36,0,81016,128,0,81094:0:0:0:0:
256,0,81016,128,0,81094:0:0:0:0:
475,0,81016,128,0,81094:0:0:0:0:
182,0,81094,128,0,81172:0:0:0:0:
402,0,81094,128,0,81172:0:0:0:0:
109,0,81172,128,0,81250:0:0:0:0:
329,0,81172,128,0,81250:0:0:0:0:
36,0,81250,128,0,81328:0:0:0:0:
256,0,81250,128,0,81328:0:0:0:0:
109,0,81328,128,0,81406:0:0:0:0:
329,0,81328,128,0,81406:0:0:0:0:
182,0,81406,128,0,81484:0:0:0:0:
402,0,81406,128,0,81484:0:0:0:0:
109,0,81484,128,0,81563:0:0:0:0:
329,0,81484,128,0,81563:0:0:0:0:
36,0,81563,128,0,81641:0:0:0:0:
256,0,81563,128,0,81641:0:0:0:0:
329,0,81641,128,0,81699:0:0:0:0:
402,0,81699,128,0,81758:0:0:0:0:
256,0,81758,128,0,81816:0:0:0:0:
475,0,81758,128,0,81816:0:0:0:0:
329,0,81816,128,0,81875:0:0:0:0:
182,0,81875,128,0,81934:0:0:0:0:
402,0,81875,128,0,81934:0:0:0:0:
256,0,81934,128,0,81992:0:0:0:0:
109,0,81992,128,0,82051:0:0:0:0:
329,0,81992,128,0,82051:0:0:0:0:
182,0,82051,128,0,82109:0:0:0:0:
36,0,82109,128,0,82168:0:0:0:0:
256,0,82109,128,0,82168:0:0:0:0:
109,0,82168,128,0,82227:0:0:0:0:
182,0,82227,128,0,82285:0:0:0:0:
329,0,82227,128,0,82285:0:0:0:0:
402,0,82285,128,0,82344:0:0:0:0:
256,0,82344,128,0,82402:0:0:0:0:
475,0,82344,128,0,82402:0:0:0:0:
329,0,82402,128,0,82461:0:0:0:0:
182,0,82461,128,0,82520:0:0:0:0:
402,0,82461,128,0,82520:0:0:0:0:
256,0,82520,128,0,82578:0:0:0:0:
182,0,82578,128,0,82637:0:0:0:0:
329,0,82578,128,0,82637:0:0:0:0:
109,0,82637,128,0,82695:0:0:0:0:
36,0,82695,128,0,82754:0:0:0:0:
256,0,82695,128,0,82754:0:0:0:0:
182,0,82754,128,0,82813:0:0:0:0:
109,0,82813,128,0,82871:0:0:0:0:
329,0,82813,128,0,82871:0:0:0:0:
256,0,82871,128,0,82930:0:0:0:0:
182,0,82930,128,0,82988:0:0:0:0:
402,0,82930,128,0,82988:0:0:0:0:
329,0,82988,128,0,83047:0:0:0:0:
256,0,83047,128,0,83105:0:0:0:0:
475,0,83047,128,0,83105:0:0:0:0:
402,0,83105,128,0,83164:0:0:0:0:
182,0,83164,128,0,83223:0:0:0:0:
329,0,83164,128,0,83223:0:0:0:0:
109,0,83223,128,0,83281:0:0:0:0:
36,0,83281,128,0,83340:0:0:0:0:
256,0,83281,128,0,83340:0:0:0:0:
182,0,83340,128,0,83398:0:0:0:0:
109,0,83398,128,0,83457:0:0:0:0:
329,0,83398,128,0,83457:0:0:0:0:
256,0,83457,128,0,83516:0:0:0:0:
182,0,83516,128,0,83555:0:0:0:0:
109,0,83555,128,0,83594:0:0:0:0:
36,0,83594,128,0,83633:0:0:0:0:
256,0,83633,128,0,83672:0:0:0:0:
182,0,83672,128,0,83711:0:0:0:0:
109,0,83711,128,0,83750:0:0:0:0:
329,0,83750,128,0,83789:0:0:0:0:
256,0,83789,128,0,83828:0:0:0:0:
182,0,83828,128,0,83867:0:0:0:0:
402,0,83867,128,0,83906:0:0:0:0:
329,0,83906,128,0,83945:0:0:0:0:
256,0,83945,128,0,83984:0:0:0:0:
475,0,83984,128,0,84023:0:0:0:0:
402,0,84023,128,0,84063:0:0:0:0:
329,0,84063,128,0,84102:0:0:0:0:
36,0,84102,128,0,84141:0:0:0:0:
109,0,84141,128,0,84180:0:0:0:0:
182,0,84180,128,0,84219:0:0:0:0:
475,0,84219,128,0,84258:0:0:0:0:
402,0,84258,128,0,84297:0:0:0:0:
329,0,84297,128,0,84336:0:0:0:0:
36,0,84336,128,0,84375:0:0:0:0:
109,0,84375,128,0,84414:0:0:0:0:
182,0,84414,128,0,84453:0:0:0:0:
256,0,84453,128,0,84922:0:0:0:0:
36,0,84922,128,0,84980:0:0:0:0:
182,0,84922,128,0,84980:0:0:0:0:
329,0,84980,128,0,85039:0:0:0:0:
475,0,84980,128,0,85039:0:0:0:0:
109,0,85039,128,0,85098:0:0:0:0:
402,0,85098,128,0,85156:0:0:0:0:
36,0,85156,128,0,85215:0:0:0:0:
182,0,85156,128,0,85215:0:0:0:0:
329,0,85215,128,0,85273:0:0:0:0:
475,0,85215,128,0,85273:0:0:0:0:
109,0,85273,128,0,85332:0:0:0:0:
402,0,85332,128,0,85391:0:0:0:0:
36,192,85391,1,0,0:0:0:0:
182,192,85391,1,0,0:0:0:0:
256,192,85391,1,0,0:0:0:0:
329,192,85391,1,0,0:0:0:0:
475,192,85391,1,0,0:0:0:0:
36,192,85508,1,0,0:0:0:0:
109,0,85508,128,0,85742:0:0:0:0:
182,192,85508,1,0,0:0:0:0:
256,192,85508,1,0,0:0:0:0:
329,192,85508,1,0,0:0:0:0:
475,192,85508,1,0,0:0:0:0:
36,192,85742,1,0,0:0:0:0:
182,192,85742,1,0,0:0:0:0:
256,192,85742,1,0,0:0:0:0:
329,192,85742,1,0,0:0:0:0:
475,192,85742,1,0,0:0:0:0:
36,192,85859,1,0,0:0:0:0:
182,192,85859,1,0,0:0:0:0:
256,192,85859,1,0,0:0:0:0:
329,192,85859,1,0,0:0:0:0:
402,0,85859,128,0,86094:0:0:0:0:
475,192,85859,1,0,0:0:0:0:
36,192,86094,1,0,0:0:0:0:
182,192,86094,1,0,0:0:0:0:
256,192,86094,1,0,0:0:0:0:
329,192,86094,1,0,0:0:0:0:
475,192,86094,1,0,0:0:0:0:
36,192,86211,1,0,0:0:0:0:
182,192,86211,1,0,0:0:0:0:
256,192,86211,1,0,0:0:0:0:
329,192,86211,1,0,0:0:0:0:
475,192,86211,1,0,0:0:0:0:
109,0,86211,128,0,86445:0:0:0:0:
36,192,86445,1,0,0:0:0:0:
182,192,86445,1,0,0:0:0:0:
256,192,86445,1,0,0:0:0:0:
329,192,86445,1,0,0:0:0:0:
475,192,86445,1,0,0:0:0:0:
36,192,86563,1,0,0:0:0:0:
182,192,86563,1,0,0:0:0:0:
256,192,86563,1,0,0:0:0:0:
329,192,86563,1,0,0:0:0:0:
402,0,86563,128,0,86797:0:0:0:0:
475,192,86563,1,0,0:0:0:0:
36,0,86797,128,0,86855:0:0:0:0:
109,0,86797,128,0,86855:0:0:0:0:
182,0,86797,128,0,86855:0:0:0:0:
256,0,86797,128,0,86855:0:0:0:0:
109,0,86914,128,0,86973:0:0:0:0:
182,0,86914,128,0,86973:0:0:0:0:
256,0,86914,128,0,86973:0:0:0:0:
329,0,86914,128,0,86973:0:0:0:0:
182,0,87031,128,0,87090:0:0:0:0:
256,0,87031,128,0,87090:0:0:0:0:
329,0,87031,128,0,87090:0:0:0:0:
402,0,87031,128,0,87090:0:0:0:0:
256,0,87148,128,0,87207:0:0:0:0:
329,0,87148,128,0,87207:0:0:0:0:
402,0,87148,128,0,87207:0:0:0:0:
475,0,87148,128,0,87207:0:0:0:0:
36,192,87266,1,0,0:0:0:0:
109,192,87266,1,0,0:0:0:0:
256,192,87266,1,0,0:0:0:0:
402,192,87266,1,0,0:0:0:0:
475,192,87266,1,0,0:0:0:0:
36,192,87383,1,0,0:0:0:0:
109,192,87383,1,0,0:0:0:0:
256,192,87383,1,0,0:0:0:0:
402,192,87383,1,0,0:0:0:0:
475,192,87383,1,0,0:0:0:0:
182,0,87383,128,0,87617:0:0:0:0:
36,192,87617,1,0,0:0:0:0:
109,192,87617,1,0,0:0:0:0:
256,192,87617,1,0,0:0:0:0:
402,192,87617,1,0,0:0:0:0:
475,192,87617,1,0,0:0:0:0:
36,192,87734,1,0,0:0:0:0:
109,192,87734,1,0,0:0:0:0:
256,192,87734,1,0,0:0:0:0:
329,0,87734,128,0,87969:0:0:0:0:
402,192,87734,1,0,0:0:0:0:
475,192,87734,1,0,0:0:0:0:
36,192,87969,1,0,0:0:0:0:
109,192,87969,1,0,0:0:0:0:
256,192,87969,1,0,0:0:0:0:
402,192,87969,1,0,0:0:0:0:
475,192,87969,1,0,0:0:0:0:
36,192,88086,1,0,0:0:0:0:
109,192,88086,1,0,0:0:0:0:
182,0,88086,128,0,88320:0:0:0:0:
256,192,88086,1,0,0:0:0:0:
402,192,88086,1,0,0:0:0:0:
475,192,88086,1,0,0:0:0:0:
36,192,88320,1,0,0:0:0:0:
109,192,88320,1,0,0:0:0:0:
256,192,88320,1,0,0:0:0:0:
402,192,88320,1,0,0:0:0:0:
475,192,88320,1,0,0:0:0:0:
36,192,88438,1,0,0:0:0:0:
109,192,88438,1,0,0:0:0:0:
256,192,88438,1,0,0:0:0:0:
402,192,88438,1,0,0:0:0:0:
475,192,88438,1,0,0:0:0:0:
329,0,88438,128,0,89141:0:0:0:0:
36,0,88555,128,0,88613:0:0:0:0:
109,0,88555,128,0,88613:0:0:0:0:
109,0,88672,128,0,88730:0:0:0:0:
182,0,88672,128,0,88730:0:0:0:0:
182,0,88789,128,0,88848:0:0:0:0:
256,0,88789,128,0,88848:0:0:0:0:
256,0,88906,128,0,88965:0:0:0:0:
402,0,88906,128,0,88965:0:0:0:0:
402,0,89023,128,0,89082:0:0:0:0:
475,0,89023,128,0,89082:0:0:0:0:
36,0,89141,128,0,89258:0:0:0:0:
109,0,89141,128,0,89258:0:0:0:0:
182,0,89141,128,0,89258:0:0:0:0:
256,0,89141,128,0,89258:0:0:0:0:
329,192,89258,1,0,0:0:0:0:
402,192,89258,1,0,0:0:0:0:
475,192,89258,1,0,0:0:0:0:
329,192,89375,1,0,0:0:0:0:
402,192,89375,1,0,0:0:0:0:
475,192,89375,1,0,0:0:0:0:
36,0,89492,128,0,89609:0:0:0:0:
109,0,89492,128,0,89609:0:0:0:0:
182,0,89492,128,0,89609:0:0:0:0:
256,0,89492,128,0,89609:0:0:0:0:
329,192,89609,1,0,0:0:0:0:
402,192,89609,1,0,0:0:0:0:
475,192,89609,1,0,0:0:0:0:
329,192,89727,1,0,0:0:0:0:
402,192,89727,1,0,0:0:0:0:
475,192,89727,1,0,0:0:0:0:
36,0,89844,128,0,89961:0:0:0:0:
109,0,89844,128,0,89961:0:0:0:0:
182,0,89844,128,0,89961:0:0:0:0:
256,0,89844,128,0,89961:0:0:0:0:
329,192,89961,1,0,0:0:0:0:
402,192,89961,1,0,0:0:0:0:
475,192,89961,1,0,0:0:0:0:
329,192,90078,1,0,0:0:0:0:
402,192,90078,1,0,0:0:0:0:
475,192,90078,1,0,0:0:0:0:
36,0,90195,128,0,90313:0:0:0:0:
109,0,90195,128,0,90313:0:0:0:0:
182,0,90195,128,0,90313:0:0:0:0:
256,0,90195,128,0,90313:0:0:0:0:
329,192,90313,1,0,0:0:0:0:
402,192,90313,1,0,0:0:0:0:
475,192,90313,1,0,0:0:0:0:
329,192,90430,1,0,0:0:0:0:
402,192,90430,1,0,0:0:0:0:
475,192,90430,1,0,0:0:0:0:
36,0,90547,128,0,90664:0:0:0:0:
109,0,90547,128,0,90664:0:0:0:0:
182,0,90547,128,0,90664:0:0:0:0:
256,0,90547,128,0,90664:0:0:0:0:
329,192,90664,1,0,0:0:0:0:
402,192,90664,1,0,0:0:0:0:
475,192,90664,1,0,0:0:0:0:
36,192,90781,1,0,0:0:0:0:
109,192,90781,1,0,0:0:0:0:
182,192,90781,1,0,0:0:0:0:
256,192,90781,1,0,0:0:0:0:
109,192,90898,1,0,0:0:0:0:
182,192,90898,1,0,0:0:0:0:
256,192,90898,1,0,0:0:0:0:
329,192,90898,1,0,0:0:0:0:
329,192,91016,1,0,0:0:0:0:
402,192,91016,1,0,0:0:0:0:
475,192,91016,1,0,0:0:0:0:
36,192,91074,1,0,0:0:0:0:
109,192,91074,1,0,0:0:0:0:
182,192,91074,1,0,0:0:0:0:
329,192,91133,1,0,0:0:0:0:
402,192,91133,1,0,0:0:0:0:
475,192,91133,1,0,0:0:0:0:
36,192,91191,1,0,0:0:0:0:
109,192,91191,1,0,0:0:0:0:
182,192,91191,1,0,0:0:0:0:
329,192,91250,1,0,0:0:0:0:
402,192,91250,1,0,0:0:0:0:
475,192,91250,1,0,0:0:0:0:
36,192,91309,1,0,0:0:0:0:
109,192,91309,1,0,0:0:0:0:
182,192,91309,1,0,0:0:0:0:
329,192,91367,1,0,0:0:0:0:
402,192,91367,1,0,0:0:0:0:
475,192,91367,1,0,0:0:0:0:
36,192,91426,1,0,0:0:0:0:
109,192,91426,1,0,0:0:0:0:
182,192,91426,1,0,0:0:0:0:
329,192,91484,1,0,0:0:0:0:
402,192,91484,1,0,0:0:0:0:
475,192,91484,1,0,0:0:0:0:
36,192,91543,1,0,0:0:0:0:
109,192,91543,1,0,0:0:0:0:
182,192,91543,1,0,0:0:0:0:
329,192,91602,1,0,0:0:0:0:
402,192,91602,1,0,0:0:0:0:
475,192,91602,1,0,0:0:0:0:
36,192,91660,1,0,0:0:0:0:
109,192,91660,1,0,0:0:0:0:
182,192,91660,1,0,0:0:0:0:
329,192,91719,1,0,0:0:0:0:
402,192,91719,1,0,0:0:0:0:
475,192,91719,1,0,0:0:0:0:
36,192,91777,1,0,0:0:0:0:
109,192,91777,1,0,0:0:0:0:
182,192,91777,1,0,0:0:0:0:
329,192,91836,1,0,0:0:0:0:
402,192,91836,1,0,0:0:0:0:
475,192,91836,1,0,0:0:0:0:
36,192,91895,1,0,0:0:0:0:
109,192,91895,1,0,0:0:0:0:
182,192,91895,1,0,0:0:0:0:
329,192,91953,1,0,0:0:0:0:
402,192,91953,1,0,0:0:0:0:
475,192,91953,1,0,0:0:0:0:
36,192,92012,1,0,0:0:0:0:
109,192,92012,1,0,0:0:0:0:
182,192,92012,1,0,0:0:0:0:
329,192,92070,1,0,0:0:0:0:
402,192,92070,1,0,0:0:0:0:
475,192,92070,1,0,0:0:0:0:
36,192,92129,1,0,0:0:0:0:
109,192,92129,1,0,0:0:0:0:
182,192,92129,1,0,0:0:0:0:
329,192,92188,1,0,0:0:0:0:
402,192,92188,1,0,0:0:0:0:
475,192,92188,1,0,0:0:0:0:
36,192,92246,1,0,0:0:0:0:
109,192,92246,1,0,0:0:0:0:
182,192,92246,1,0,0:0:0:0:
329,192,92305,1,0,0:0:0:0:
402,192,92305,1,0,0:0:0:0:
475,192,92305,1,0,0:0:0:0:
36,192,92363,1,0,0:0:0:0:
109,192,92363,1,0,0:0:0:0:
182,192,92363,1,0,0:0:0:0:
329,0,92422,128,0,92656:0:0:0:0:
402,0,92422,128,0,92656:0:0:0:0:
475,0,92422,128,0,92656:0:0:0:0:
182,0,92891,128,0,93359:0:0:0:0:
109,0,92891,128,0,94297:0:0:0:0:
256,0,93359,128,0,93828:0:0:0:0:
329,0,93828,128,0,94297:0:0:0:0:
402,0,93828,128,0,94297:0:0:0:0:
182,0,94297,128,0,94648:0:0:0:0:
256,0,94648,128,0,94707:0:0:0:0:
182,0,94707,128,0,94766:0:0:0:0:
256,0,94766,128,0,94824:0:0:0:0:
329,0,94824,128,0,94883:0:0:0:0:
402,0,94883,128,0,95469:0:0:0:0:
256,0,95443,128,0,95469:0:0:0:0:
329,0,95469,128,0,96172:0:0:0:0:
182,0,95677,128,0,95703:0:0:0:0:
256,0,95703,128,0,96172:0:0:0:0:
109,0,95911,128,0,95938:0:0:0:0:
182,0,95938,128,0,96172:0:0:0:0:
329,192,96406,1,0,0:0:0:0:
402,192,96406,1,0,0:0:0:0:
475,192,96406,1,0,0:0:0:0:
36,192,96465,1,0,0:0:0:0:
109,192,96465,1,0,0:0:0:0:
182,192,96465,1,0,0:0:0:0:
329,192,96523,1,0,0:0:0:0:
475,192,96523,1,0,0:0:0:0:
256,192,96582,1,0,0:0:0:0:
402,192,96582,1,0,0:0:0:0:
36,192,96641,1,0,0:0:0:0:
109,0,96641,128,0,96875:0:0:0:0:
182,192,96641,1,0,0:0:0:0:
329,192,96641,1,0,0:0:0:0:
182,192,96758,1,0,0:0:0:0:
329,192,96758,1,0,0:0:0:0:
402,0,96758,128,0,96875:0:0:0:0:
475,192,96758,1,0,0:0:0:0:
182,192,96875,1,0,0:0:0:0:
256,0,96875,128,0,96934:0:0:0:0:
329,0,96875,128,0,96934:0:0:0:0:
36,0,96875,128,0,97520:0:0:0:0:
402,0,96934,128,0,96992:0:0:0:0:
109,192,96992,1,0,0:0:0:0:
182,0,96992,128,0,97051:0:0:0:0:
256,0,96992,128,0,97051:0:0:0:0:
329,0,97051,128,0,97109:0:0:0:0:
109,0,97109,128,0,97168:0:0:0:0:
182,0,97109,128,0,97168:0:0:0:0:
402,192,97109,1,0,0:0:0:0:
475,192,97109,1,0,0:0:0:0:
256,0,97168,128,0,97227:0:0:0:0:
109,0,97227,128,0,97285:0:0:0:0:
329,192,97227,1,0,0:0:0:0:
402,192,97227,1,0,0:0:0:0:
475,0,97227,128,0,97285:0:0:0:0:
182,0,97285,128,0,97344:0:0:0:0:
256,192,97344,1,0,0:0:0:0:
329,192,97344,1,0,0:0:0:0:
402,0,97344,128,0,97402:0:0:0:0:
475,0,97344,128,0,97402:0:0:0:0:
109,0,97402,128,0,97461:0:0:0:0:
182,192,97461,1,0,0:0:0:0:
256,192,97461,1,0,0:0:0:0:
329,0,97461,128,0,97520:0:0:0:0:
402,0,97461,128,0,97520:0:0:0:0:
475,0,97520,128,0,97578:0:0:0:0:
36,192,97578,1,0,0:0:0:0:
109,0,97578,128,0,97988:0:0:0:0:
182,0,97578,128,0,97637:0:0:0:0:
256,0,97578,128,0,97637:0:0:0:0:
329,0,97637,128,0,97695:0:0:0:0:
36,0,97695,128,0,97754:0:0:0:0:
182,0,97695,128,0,97754:0:0:0:0:
402,192,97695,1,0,0:0:0:0:
475,192,97695,1,0,0:0:0:0:
256,0,97754,128,0,97813:0:0:0:0:
36,0,97813,128,0,97871:0:0:0:0:
329,192,97813,1,0,0:0:0:0:
402,192,97813,1,0,0:0:0:0:
475,0,97813,128,0,97871:0:0:0:0:
182,0,97871,128,0,97930:0:0:0:0:
256,192,97930,1,0,0:0:0:0:
329,192,97930,1,0,0:0:0:0:
402,0,97930,128,0,97988:0:0:0:0:
475,0,97930,128,0,97988:0:0:0:0:
36,0,97988,128,0,98047:0:0:0:0:
109,192,98047,1,0,0:0:0:0:
182,192,98047,1,0,0:0:0:0:
256,0,98047,128,0,98398:0:0:0:0:
329,192,98105,1,0,0:0:0:0:
402,192,98105,1,0,0:0:0:0:
109,192,98164,1,0,0:0:0:0:
182,192,98164,1,0,0:0:0:0:
329,192,98223,1,0,0:0:0:0:
402,192,98223,1,0,0:0:0:0:
109,192,98281,1,0,0:0:0:0:
182,0,98281,128,0,98516:0:0:0:0:
329,0,98398,128,0,98516:0:0:0:0:
402,192,98398,1,0,0:0:0:0:
109,192,98516,1,0,0:0:0:0:
256,0,98516,128,0,98633:0:0:0:0:
36,0,98516,128,0,98984:0:0:0:0:
109,192,98633,1,0,0:0:0:0:
182,192,98633,1,0,0:0:0:0:
329,0,98633,128,0,98750:0:0:0:0:
182,192,98750,1,0,0:0:0:0:
256,192,98750,1,0,0:0:0:0:
402,0,98750,128,0,98867:0:0:0:0:
109,192,98867,1,0,0:0:0:0:
256,192,98867,1,0,0:0:0:0:
329,192,98867,1,0,0:0:0:0:
475,0,98867,128,0,98984:0:0:0:0:
182,192,98926,1,0,0:0:0:0:
109,192,98984,1,0,0:0:0:0:
256,192,98984,1,0,0:0:0:0:
402,192,98984,1,0,0:0:0:0:
182,192,99043,1,0,0:0:0:0:
329,192,99043,1,0,0:0:0:0:
109,192,99102,1,0,0:0:0:0:
256,192,99102,1,0,0:0:0:0:
402,192,99102,1,0,0:0:0:0:
182,192,99160,1,0,0:0:0:0:
329,192,99160,1,0,0:0:0:0:
36,0,99219,128,0,99277:0:0:0:0:
109,192,99219,1,0,0:0:0:0:
402,0,99219,128,0,99277:0:0:0:0:
475,0,99219,128,0,99453:0:0:0:0:
182,192,99277,1,0,0:0:0:0:
256,192,99336,1,0,0:0:0:0:
329,192,99395,1,0,0:0:0:0:
36,0,99453,128,0,99688:0:0:0:0:
109,0,99453,128,0,99512:0:0:0:0:
182,0,99453,128,0,99512:0:0:0:0:
402,192,99453,1,0,0:0:0:0:
329,192,99512,1,0,0:0:0:0:
256,192,99570,1,0,0:0:0:0:
182,192,99629,1,0,0:0:0:0:
109,192,99688,1,0,0:0:0:0:
329,0,99688,128,0,99746:0:0:0:0:
402,0,99688,128,0,99922:0:0:0:0:
475,0,99688,128,0,99746:0:0:0:0:
182,192,99746,1,0,0:0:0:0:
256,192,99805,1,0,0:0:0:0:
329,192,99863,1,0,0:0:0:0:
36,0,99922,128,0,100156:0:0:0:0:
109,0,99922,128,0,100156:0:0:0:0:
182,0,99922,128,0,100156:0:0:0:0:
36,192,100215,1,0,0:0:0:0:
109,192,100215,1,0,0:0:0:0:
182,192,100215,1,0,0:0:0:0:
256,192,100215,1,0,0:0:0:0:
329,192,100215,1,0,0:0:0:0:
402,192,100215,1,0,0:0:0:0:
475,192,100215,1,0,0:0:0:0:
329,0,100273,128,0,100508:0:0:0:0:
402,0,100273,128,0,100508:0:0:0:0:
475,0,100273,128,0,100508:0:0:0:0:
36,192,100566,1,0,0:0:0:0:
109,192,100566,1,0,0:0:0:0:
182,192,100566,1,0,0:0:0:0:
256,192,100566,1,0,0:0:0:0:
329,192,100566,1,0,0:0:0:0:
402,192,100566,1,0,0:0:0:0:
475,192,100566,1,0,0:0:0:0:
36,0,100625,128,0,100859:0:0:0:0:
109,0,100625,128,0,100859:0:0:0:0:
182,0,100625,128,0,100859:0:0:0:0:
36,192,100918,1,0,0:0:0:0:
109,192,100918,1,0,0:0:0:0:
182,192,100918,1,0,0:0:0:0:
256,192,100918,1,0,0:0:0:0:
329,192,100918,1,0,0:0:0:0:
402,192,100918,1,0,0:0:0:0:
475,192,100918,1,0,0:0:0:0:
329,0,100977,128,0,101211:0:0:0:0:
402,0,100977,128,0,101211:0:0:0:0:
475,0,100977,128,0,101211:0:0:0:0:
36,192,101270,1,0,0:0:0:0:
109,192,101270,1,0,0:0:0:0:
182,192,101270,1,0,0:0:0:0:
256,192,101270,1,0,0:0:0:0:
329,192,101270,1,0,0:0:0:0:
402,192,101270,1,0,0:0:0:0:
475,192,101270,1,0,0:0:0:0:
36,192,101328,1,0,0:0:0:0:
109,192,101328,1,0,0:0:0:0:
182,192,101387,1,0,0:0:0:0:
256,192,101387,1,0,0:0:0:0:
402,192,101445,1,0,0:0:0:0:
475,192,101445,1,0,0:0:0:0:
256,192,101504,1,0,0:0:0:0:
329,192,101504,1,0,0:0:0:0:
36,192,101563,1,0,0:0:0:0:
109,192,101563,1,0,0:0:0:0:
182,192,101621,1,0,0:0:0:0:
256,192,101621,1,0,0:0:0:0:
402,192,101680,1,0,0:0:0:0:
475,192,101680,1,0,0:0:0:0:
256,192,101738,1,0,0:0:0:0:
329,192,101738,1,0,0:0:0:0:
109,0,101797,128,0,101855:0:0:0:0:
182,192,101797,1,0,0:0:0:0:
402,192,101797,1,0,0:0:0:0:
475,0,101797,128,0,102266:0:0:0:0:
36,192,101855,1,0,0:0:0:0:
182,0,101914,128,0,101973:0:0:0:0:
256,192,101914,1,0,0:0:0:0:
329,192,101914,1,0,0:0:0:0:
109,192,101973,1,0,0:0:0:0:
36,192,102031,1,0,0:0:0:0:
256,0,102031,128,0,102090:0:0:0:0:
329,192,102031,1,0,0:0:0:0:
402,192,102031,1,0,0:0:0:0:
182,192,102090,1,0,0:0:0:0:
36,192,102148,1,0,0:0:0:0:
109,192,102148,1,0,0:0:0:0:
329,0,102148,128,0,102207:0:0:0:0:
402,192,102148,1,0,0:0:0:0:
256,192,102207,1,0,0:0:0:0:
36,0,102266,128,0,102383:0:0:0:0:
182,0,102266,128,0,102383:0:0:0:0:
402,0,102266,128,0,102383:0:0:0:0:
329,192,102383,1,0,0:0:0:0:
109,0,102383,128,0,102500:0:0:0:0:
256,0,102383,128,0,102500:0:0:0:0:
182,0,102500,128,0,102617:0:0:0:0:
329,0,102500,128,0,102617:0:0:0:0:
402,192,102500,1,0,0:0:0:0:
256,0,102617,128,0,102852:0:0:0:0:
402,0,102617,128,0,102910:0:0:0:0:
475,0,102617,128,0,103027:0:0:0:0:
36,0,102852,128,0,102969:0:0:0:0:
182,0,102852,128,0,102910:0:0:0:0:
109,0,102910,128,0,102969:0:0:0:0:
256,0,102910,128,0,102969:0:0:0:0:
182,0,102969,128,0,103086:0:0:0:0:
329,0,102969,128,0,103027:0:0:0:0:
402,192,102969,1,0,0:0:0:0:
36,0,103027,128,0,103262:0:0:0:0:
109,192,103027,1,0,0:0:0:0:
329,0,103086,128,0,103145:0:0:0:0:
475,0,103086,128,0,103203:0:0:0:0:
256,0,103145,128,0,103203:0:0:0:0:
402,0,103145,128,0,103203:0:0:0:0:
109,192,103203,1,0,0:0:0:0:
182,0,103203,128,0,103262:0:0:0:0:
329,0,103203,128,0,103320:0:0:0:0:
402,192,103262,1,0,0:0:0:0:
475,0,103262,128,0,103613:0:0:0:0:
36,0,103320,128,0,103438:0:0:0:0:
182,0,103320,128,0,103379:0:0:0:0:
109,0,103379,128,0,103438:0:0:0:0:
256,0,103379,128,0,103438:0:0:0:0:
182,0,103438,128,0,103613:0:0:0:0:
329,0,103438,128,0,103613:0:0:0:0:
402,192,103438,1,0,0:0:0:0:
36,0,103496,128,0,103613:0:0:0:0:
109,192,103496,1,0,0:0:0:0:
36,0,103672,128,0,103730:0:0:0:0:
475,0,103672,128,0,103730:0:0:0:0:
256,0,103672,128,0,103789:0:0:0:0:
109,0,103730,128,0,103789:0:0:0:0:
329,0,103730,128,0,103848:0:0:0:0:
182,0,103789,128,0,103848:0:0:0:0:
402,0,103789,128,0,103906:0:0:0:0:
36,192,103848,1,0,0:0:0:0:
256,0,103848,128,0,103906:0:0:0:0:
475,0,103848,128,0,103965:0:0:0:0:
109,192,103906,1,0,0:0:0:0:
329,0,103906,128,0,103965:0:0:0:0:
182,192,103965,1,0,0:0:0:0:
402,0,103965,128,0,104023:0:0:0:0:
36,192,104023,1,0,0:0:0:0:
109,192,104023,1,0,0:0:0:0:
256,0,104023,128,0,104141:0:0:0:0:
329,192,104023,1,0,0:0:0:0:
109,192,104141,1,0,0:0:0:0:
182,192,104141,1,0,0:0:0:0:
329,0,104141,128,0,104258:0:0:0:0:
402,192,104141,1,0,0:0:0:0:
182,192,104258,1,0,0:0:0:0:
256,192,104258,1,0,0:0:0:0:
402,0,104258,128,0,104434:0:0:0:0:
475,192,104258,1,0,0:0:0:0:
182,0,104375,128,0,104492:0:0:0:0:
256,0,104375,128,0,104434:0:0:0:0:
329,0,104375,128,0,104434:0:0:0:0:
475,0,104375,128,0,104551:0:0:0:0:
36,0,104434,128,0,104668:0:0:0:0:
109,0,104434,128,0,104492:0:0:0:0:
256,0,104492,128,0,104609:0:0:0:0:
329,0,104492,128,0,104551:0:0:0:0:
402,0,104492,128,0,104551:0:0:0:0:
109,0,104551,128,0,104785:0:0:0:0:
182,0,104551,128,0,104609:0:0:0:0:
329,0,104609,128,0,104727:0:0:0:0:
402,0,104609,128,0,104668:0:0:0:0:
475,0,104609,128,0,104668:0:0:0:0:
182,0,104668,128,0,104902:0:0:0:0:
256,0,104668,128,0,104727:0:0:0:0:
36,0,104727,128,0,104785:0:0:0:0:
402,0,104727,128,0,104844:0:0:0:0:
475,0,104727,128,0,104785:0:0:0:0:
329,0,104785,128,0,104844:0:0:0:0:
256,0,104785,128,0,105020:0:0:0:0:
36,0,104844,128,0,104902:0:0:0:0:
109,0,104844,128,0,104902:0:0:0:0:
475,0,104844,128,0,104961:0:0:0:0:
402,0,104902,128,0,104961:0:0:0:0:
329,0,104902,128,0,105137:0:0:0:0:
36,0,104961,128,0,105078:0:0:0:0:
109,0,104961,128,0,105020:0:0:0:0:
182,0,104961,128,0,105020:0:0:0:0:
402,0,105020,128,0,105254:0:0:0:0:
475,0,105020,128,0,105078:0:0:0:0:
109,0,105078,128,0,105195:0:0:0:0:
182,0,105078,128,0,105137:0:0:0:0:
256,0,105078,128,0,105137:0:0:0:0:
36,0,105137,128,0,105195:0:0:0:0:
475,0,105137,128,0,105371:0:0:0:0:
182,0,105195,128,0,105313:0:0:0:0:
256,0,105195,128,0,105254:0:0:0:0:
329,0,105195,128,0,105254:0:0:0:0:
36,0,105254,128,0,105488:0:0:0:0:
109,0,105254,128,0,105313:0:0:0:0:
256,0,105313,128,0,105430:0:0:0:0:
329,0,105313,128,0,105371:0:0:0:0:
402,0,105313,128,0,105371:0:0:0:0:
109,0,105371,128,0,105488:0:0:0:0:
182,0,105371,128,0,105430:0:0:0:0:
329,0,105430,128,0,105488:0:0:0:0:
402,0,105430,128,0,105488:0:0:0:0:
475,0,105430,128,0,105488:0:0:0:0:
182,0,105488,128,0,105547:0:0:0:0:
256,0,105488,128,0,105547:0:0:0:0:
36,0,105547,128,0,105605:0:0:0:0:
109,0,105547,128,0,105605:0:0:0:0:
329,0,105547,128,0,105605:0:0:0:0:
402,0,105547,128,0,105605:0:0:0:0:
475,0,105547,128,0,105605:0:0:0:0:
36,0,105664,128,0,105723:0:0:0:0:
182,0,105664,128,0,105723:0:0:0:0:
256,0,105664,128,0,105723:0:0:0:0:
329,0,105664,128,0,105723:0:0:0:0:
402,0,105664,128,0,105723:0:0:0:0:
36,0,105781,128,0,105840:0:0:0:0:
109,0,105781,128,0,105840:0:0:0:0:
182,0,105781,128,0,105840:0:0:0:0:
402,0,105781,128,0,105840:0:0:0:0:
475,0,105781,128,0,105840:0:0:0:0:
109,0,105898,128,0,105957:0:0:0:0:
182,0,105898,128,0,105957:0:0:0:0:
256,0,105898,128,0,105957:0:0:0:0:
329,0,105898,128,0,105957:0:0:0:0:
475,0,105898,128,0,105957:0:0:0:0:
36,0,106016,128,0,106074:0:0:0:0:
109,0,106016,128,0,106074:0:0:0:0:
182,0,106016,128,0,106074:0:0:0:0:
256,0,106016,128,0,106074:0:0:0:0:
109,0,106133,128,0,106191:0:0:0:0:
182,0,106133,128,0,106191:0:0:0:0:
256,0,106133,128,0,106191:0:0:0:0:
329,0,106133,128,0,106191:0:0:0:0:
182,0,106250,128,0,106309:0:0:0:0:
256,0,106250,128,0,106309:0:0:0:0:
329,0,106250,128,0,106309:0:0:0:0:
402,0,106250,128,0,106309:0:0:0:0:
36,0,106367,128,0,107129:0:0:0:0:
475,0,106367,128,0,107129:0:0:0:0:
109,192,106602,1,0,0:0:0:0:
182,192,106602,1,0,0:0:0:0:
256,192,106602,1,0,0:0:0:0:
329,192,106602,1,0,0:0:0:0:
402,192,106602,1,0,0:0:0:0:
182,192,106719,1,0,0:0:0:0:
329,192,106719,1,0,0:0:0:0:
109,192,106836,1,0,0:0:0:0:
182,192,106836,1,0,0:0:0:0:
256,192,106836,1,0,0:0:0:0:
329,192,106836,1,0,0:0:0:0:
402,192,106836,1,0,0:0:0:0:
182,192,106953,1,0,0:0:0:0:
329,192,106953,1,0,0:0:0:0:
109,0,107070,128,0,107129:0:0:0:0:
182,0,107070,128,0,107129:0:0:0:0:
329,0,107070,128,0,107129:0:0:0:0:
402,0,107070,128,0,107129:0:0:0:0:
36,0,107188,128,0,107246:0:0:0:0:
109,0,107188,128,0,107246:0:0:0:0:
182,0,107188,128,0,107246:0:0:0:0:
402,192,107188,1,0,0:0:0:0:
475,192,107188,1,0,0:0:0:0:
329,192,107246,1,0,0:0:0:0:
109,0,107305,128,0,107363:0:0:0:0:
182,0,107305,128,0,107363:0:0:0:0:
256,0,107305,128,0,107363:0:0:0:0:
402,192,107305,1,0,0:0:0:0:
475,192,107305,1,0,0:0:0:0:
329,192,107363,1,0,0:0:0:0:
36,0,107422,128,0,107480:0:0:0:0:
182,0,107422,128,0,107480:0:0:0:0:
256,0,107422,128,0,107480:0:0:0:0:
402,0,107422,128,0,107480:0:0:0:0:
475,0,107422,128,0,107480:0:0:0:0:
109,0,107539,128,0,107598:0:0:0:0:
256,0,107539,128,0,107598:0:0:0:0:
329,0,107539,128,0,107598:0:0:0:0:
402,0,107539,128,0,107598:0:0:0:0:
475,0,107539,128,0,107598:0:0:0:0:
36,0,107656,128,0,107715:0:0:0:0:
109,0,107656,128,0,107715:0:0:0:0:
256,0,107656,128,0,107715:0:0:0:0:
329,0,107656,128,0,107715:0:0:0:0:
475,0,107656,128,0,107715:0:0:0:0:
36,0,107773,128,0,107832:0:0:0:0:
109,0,107773,128,0,107832:0:0:0:0:
182,0,107773,128,0,107832:0:0:0:0:
256,0,107773,128,0,107832:0:0:0:0:
402,0,107773,128,0,107832:0:0:0:0:
256,0,107891,128,0,107949:0:0:0:0:
329,0,107891,128,0,107949:0:0:0:0:
402,0,107891,128,0,107949:0:0:0:0:
475,0,107891,128,0,108008:0:0:0:0:
182,0,108008,128,0,108066:0:0:0:0:
256,0,108008,128,0,108066:0:0:0:0:
329,0,108008,128,0,108066:0:0:0:0:
402,0,108008,128,0,108125:0:0:0:0:
109,0,108125,128,0,108184:0:0:0:0:
182,0,108125,128,0,108184:0:0:0:0:
256,0,108125,128,0,108184:0:0:0:0:
329,0,108125,128,0,108242:0:0:0:0:
36,0,108242,128,0,108711:0:0:0:0:
475,0,108242,128,0,108711:0:0:0:0:
109,0,108477,128,0,108594:0:0:0:0:
182,192,108477,1,0,0:0:0:0:
256,0,108477,128,0,108594:0:0:0:0:
329,192,108477,1,0,0:0:0:0:
402,0,108477,128,0,108594:0:0:0:0:
182,0,108594,128,0,108711:0:0:0:0:
329,0,108594,128,0,108711:0:0:0:0:
109,0,108711,128,0,108828:0:0:0:0:
256,0,108711,128,0,108828:0:0:0:0:
402,0,108711,128,0,108828:0:0:0:0:
36,0,108828,128,0,108887:0:0:0:0:
182,0,108828,128,0,108887:0:0:0:0:
109,0,108887,128,0,108945:0:0:0:0:
256,0,108887,128,0,108945:0:0:0:0:
182,0,108945,128,0,109004:0:0:0:0:
329,0,108945,128,0,109004:0:0:0:0:
256,0,109004,128,0,109063:0:0:0:0:
402,0,109004,128,0,109063:0:0:0:0:
329,0,109063,128,0,109121:0:0:0:0:
475,0,109063,128,0,109121:0:0:0:0:
256,0,109121,128,0,109180:0:0:0:0:
402,0,109121,128,0,109180:0:0:0:0:
182,0,109180,128,0,109238:0:0:0:0:
329,0,109180,128,0,109238:0:0:0:0:
109,0,109238,128,0,109297:0:0:0:0:
256,0,109238,128,0,109297:0:0:0:0:
329,0,109297,128,0,109355:0:0:0:0:
402,0,109297,128,0,109355:0:0:0:0:
475,0,109297,128,0,109355:0:0:0:0:
256,0,109414,128,0,109473:0:0:0:0:
329,0,109414,128,0,109473:0:0:0:0:
402,0,109414,128,0,109473:0:0:0:0:
182,0,109531,128,0,109590:0:0:0:0:
256,0,109531,128,0,109590:0:0:0:0:
329,0,109531,128,0,109590:0:0:0:0:
109,0,109648,128,0,109707:0:0:0:0:
182,0,109648,128,0,109707:0:0:0:0:
256,0,109648,128,0,109707:0:0:0:0:
36,0,109766,128,0,109824:0:0:0:0:
109,0,109766,128,0,109824:0:0:0:0:
182,0,109766,128,0,109824:0:0:0:0:
329,0,109766,128,0,109824:0:0:0:0:
402,0,109766,128,0,109824:0:0:0:0:
475,0,109766,128,0,109824:0:0:0:0:
36,0,109883,128,0,109941:0:0:0:0:
182,0,109883,128,0,109941:0:0:0:0:
329,0,109883,128,0,109941:0:0:0:0:
475,0,109883,128,0,109941:0:0:0:0:
109,0,110000,128,0,110059:0:0:0:0:
182,0,110000,128,0,110059:0:0:0:0:
329,0,110000,128,0,110059:0:0:0:0:
402,0,110000,128,0,110059:0:0:0:0:
36,0,110117,128,0,110352:0:0:0:0:
256,0,110117,128,0,110352:0:0:0:0:
475,0,110117,128,0,110352:0:0:0:0:
109,192,110234,1,0,0:0:0:0:
182,192,110234,1,0,0:0:0:0:
329,192,110234,1,0,0:0:0:0:
402,192,110234,1,0,0:0:0:0:
109,192,110352,1,0,0:0:0:0:
182,0,110352,128,0,110703:0:0:0:0:
329,0,110352,128,0,110703:0:0:0:0:
402,192,110352,1,0,0:0:0:0:
36,192,110703,1,0,0:0:0:0:
109,0,110703,128,0,110938:0:0:0:0:
256,192,110703,1,0,0:0:0:0:
402,0,110703,128,0,110938:0:0:0:0:
475,192,110703,1,0,0:0:0:0:
182,0,111055,128,0,111875:0:0:0:0:
329,0,111055,128,0,111875:0:0:0:0:
36,192,111172,1,0,0:0:0:0:
109,192,111289,1,0,0:0:0:0:
402,192,111406,1,0,0:0:0:0:
475,192,111523,1,0,0:0:0:0:
256,192,111641,1,0,0:0:0:0:
109,192,111758,1,0,0:0:0:0:
402,192,111758,1,0,0:0:0:0:
36,192,111992,1,0,0:0:0:0:
182,192,112109,1,0,0:0:0:0:
256,192,112227,1,0,0:0:0:0:
329,192,112344,1,0,0:0:0:0:
475,192,112461,1,0,0:0:0:0:
109,192,112695,1,0,0:0:0:0:
182,192,112813,1,0,0:0:0:0:
256,192,112930,1,0,0:0:0:0:
329,192,113047,1,0,0:0:0:0:
475,192,113164,1,0,0:0:0:0:
36,192,113398,1,0,0:0:0:0:
109,192,113516,1,0,0:0:0:0:
182,192,113633,1,0,0:0:0:0:
256,192,113750,1,0,0:0:0:0:
402,192,113867,1,0,0:0:0:0:
182,0,113984,128,0,114219:0:0:0:0:
402,192,114102,1,0,0:0:0:0:
36,0,114219,128,0,114453:0:0:0:0:
256,192,114219,1,0,0:0:0:0:
329,192,114336,1,0,0:0:0:0:
182,0,114453,128,0,114688:0:0:0:0:
402,192,114453,1,0,0:0:0:0:
475,192,114570,1,0,0:0:0:0:
329,0,114688,128,0,114922:0:0:0:0:
36,192,114805,1,0,0:0:0:0:
109,192,114922,1,0,0:0:0:0:
475,0,114922,128,0,115156:0:0:0:0:
182,192,115039,1,0,0:0:0:0:
256,192,115156,1,0,0:0:0:0:
329,0,115156,128,0,115391:0:0:0:0:
402,192,115273,1,0,0:0:0:0:
182,0,115391,128,0,115625:0:0:0:0:
402,192,115508,1,0,0:0:0:0:
36,0,115625,128,0,115859:0:0:0:0:
256,192,115625,1,0,0:0:0:0:
329,192,115742,1,0,0:0:0:0:
182,0,115859,128,0,116094:0:0:0:0:
402,192,115859,1,0,0:0:0:0:
475,192,115977,1,0,0:0:0:0:
329,0,116094,128,0,116328:0:0:0:0:
36,192,116211,1,0,0:0:0:0:
109,192,116328,1,0,0:0:0:0:
475,0,116328,128,0,116563:0:0:0:0:
182,192,116445,1,0,0:0:0:0:
256,192,116563,1,0,0:0:0:0:
329,0,116563,128,0,116797:0:0:0:0:
402,192,116680,1,0,0:0:0:0:
36,192,116797,1,0,0:0:0:0:
109,192,116797,1,0,0:0:0:0:
182,192,116797,1,0,0:0:0:0:
475,192,116797,1,0,0:0:0:0:
36,0,116914,128,0,117090:0:0:0:0:
109,0,116914,128,0,117090:0:0:0:0:
182,0,116914,128,0,117090:0:0:0:0:
402,192,117031,1,0,0:0:0:0:
36,0,117148,128,0,117324:0:0:0:0:
109,0,117148,128,0,117324:0:0:0:0:
182,0,117148,128,0,117324:0:0:0:0:
329,192,117266,1,0,0:0:0:0:
36,192,117383,1,0,0:0:0:0:
109,192,117383,1,0,0:0:0:0:
182,192,117383,1,0,0:0:0:0:
36,192,117500,1,0,0:0:0:0:
329,192,117500,1,0,0:0:0:0:
402,192,117500,1,0,0:0:0:0:
475,192,117500,1,0,0:0:0:0:
329,0,117617,128,0,117793:0:0:0:0:
402,0,117617,128,0,117793:0:0:0:0:
475,0,117617,128,0,117793:0:0:0:0:
109,192,117734,1,0,0:0:0:0:
329,0,117852,128,0,118027:0:0:0:0:
402,0,117852,128,0,118027:0:0:0:0:
475,0,117852,128,0,118027:0:0:0:0:
182,192,117969,1,0,0:0:0:0:
329,192,118086,1,0,0:0:0:0:
402,192,118086,1,0,0:0:0:0:
475,192,118086,1,0,0:0:0:0:
36,192,118203,1,0,0:0:0:0:
109,192,118203,1,0,0:0:0:0:
182,192,118203,1,0,0:0:0:0:
475,192,118203,1,0,0:0:0:0:
36,0,118320,128,0,118496:0:0:0:0:
109,0,118320,128,0,118496:0:0:0:0:
182,0,118320,128,0,118496:0:0:0:0:
475,192,118320,1,0,0:0:0:0:
402,192,118438,1,0,0:0:0:0:
36,0,118555,128,0,118730:0:0:0:0:
109,0,118555,128,0,118730:0:0:0:0:
182,0,118555,128,0,118730:0:0:0:0:
402,192,118555,1,0,0:0:0:0:
329,192,118672,1,0,0:0:0:0:
36,192,118789,1,0,0:0:0:0:
109,192,118789,1,0,0:0:0:0:
182,192,118789,1,0,0:0:0:0:
329,192,118789,1,0,0:0:0:0:
36,192,118906,1,0,0:0:0:0:
329,192,118906,1,0,0:0:0:0:
402,192,118906,1,0,0:0:0:0:
475,192,118906,1,0,0:0:0:0:
109,192,118965,1,0,0:0:0:0:
182,192,119023,1,0,0:0:0:0:
329,0,119023,128,0,119199:0:0:0:0:
402,0,119023,128,0,119199:0:0:0:0:
475,0,119023,128,0,119199:0:0:0:0:
256,192,119082,1,0,0:0:0:0:
182,192,119141,1,0,0:0:0:0:
109,192,119199,1,0,0:0:0:0:
36,192,119258,1,0,0:0:0:0:
329,0,119258,128,0,119434:0:0:0:0:
402,0,119258,128,0,119434:0:0:0:0:
475,0,119258,128,0,119434:0:0:0:0:
109,192,119316,1,0,0:0:0:0:
182,192,119375,1,0,0:0:0:0:
256,192,119434,1,0,0:0:0:0:
329,192,119492,1,0,0:0:0:0:
402,192,119492,1,0,0:0:0:0:
475,192,119492,1,0,0:0:0:0:
109,192,119844,1,0,0:0:0:0:
182,192,119844,1,0,0:0:0:0:
36,0,119844,128,0,120547:0:0:0:0:
475,0,119844,128,0,120547:0:0:0:0:
402,0,119902,128,0,119961:0:0:0:0:
329,0,119961,128,0,120020:0:0:0:0:
256,0,120020,128,0,120078:0:0:0:0:
402,0,120078,128,0,120137:0:0:0:0:
329,0,120137,128,0,120195:0:0:0:0:
256,0,120195,128,0,120254:0:0:0:0:
182,0,120254,128,0,120313:0:0:0:0:
329,0,120313,128,0,120371:0:0:0:0:
256,0,120371,128,0,120430:0:0:0:0:
182,0,120430,128,0,120488:0:0:0:0:
109,0,120488,128,0,120547:0:0:0:0:
109,192,120625,1,0,0:0:0:0:
182,192,120625,1,0,0:0:0:0:
329,192,120625,1,0,0:0:0:0:
402,192,120625,1,0,0:0:0:0:
109,192,120703,1,0,0:0:0:0:
182,192,120703,1,0,0:0:0:0:
329,192,120703,1,0,0:0:0:0:
402,192,120703,1,0,0:0:0:0:
109,192,120781,1,0,0:0:0:0:
182,192,120781,1,0,0:0:0:0:
329,192,120781,1,0,0:0:0:0:
402,192,120781,1,0,0:0:0:0:
