[Metadata]
Trickl4sh 220
t*pazolite
Destiny19
sdvx sound voltex
84
0.879

[TimingPoints]
0,272.727272727273,4,2,2,100,1,0
1097,272.727272727273,4,2,2,100,1,0
5182,181.818181818182,4,2,2,100,1,0
5216,545.454545454546,4,2,2,100,1,0
5250,181.818181818182,4,2,2,100,1,0
5284,545.454545454546,4,2,2,100,1,0
5318,181.818181818182,4,2,2,100,1,0
5352,545.454545454546,4,2,2,100,1,0
5386,181.818181818182,4,2,2,100,1,0
5420,545.454545454546,4,2,2,100,1,0
5455,272.727272727273,4,2,2,100,1,0
9409,181.818181818182,4,2,2,100,1,0
9443,545.454545454546,4,2,2,100,1,0
9477,181.818181818182,4,2,2,100,1,0
9511,545.454545454546,4,2,2,100,1,0
9545,181.818181818182,4,2,2,100,1,0
9580,545.454545454546,4,2,2,100,1,0
9614,181.818181818182,4,2,2,100,1,0
9648,545.454545454546,4,2,2,100,1,0
9682,181.818181818182,4,2,2,100,1,0
9716,545.454545454546,4,2,2,100,1,0
9750,181.818181818182,4,2,2,100,1,0
9784,545.454545454546,4,2,2,100,1,0
9818,136.363636363636,4,2,2,100,1,0
9955,545.454545454546,4,2,2,100,1,0
10227,136.363636363636,4,2,2,100,1,0
10364,545.454545454546,4,2,2,100,1,0
10636,181.818181818182,4,2,2,100,1,0
10773,545.454545454546,4,2,2,100,1,0
10909,272.727272727273,4,2,2,100,1,0
12000,136.363636363636,4,2,2,100,1,0
12136,545.454545454546,4,2,2,100,1,0
12409,136.363636363636,4,2,2,100,1,0
12545,545.454545454546,4,2,2,100,1,0
12818,136.363636363636,4,2,2,100,1,0
12955,545.454545454546,4,2,2,100,1,0
13227,136.363636363636,4,2,2,100,1,0
13364,545.454545454546,4,2,2,100,1,0
13636,181.818181818182,4,2,2,100,1,0
13773,545.454545454546,4,2,2,100,1,0
13909,181.818181818182,4,2,2,100,1,0
14045,545.454545454546,4,2,2,100,1,0
14182,136.363636363636,4,2,2,100,1,0
14318,545.454545454546,4,2,2,100,1,0
14591,136.363636363636,4,2,2,100,1,0
14727,545.454545454546,4,2,2,100,1,0
15000,181.818181818182,4,2,2,100,1,0
15136,545.454545454546,4,2,2,100,1,0
15273,272.727272727273,4,2,2,100,1,0
16364,136.363636363636,4,2,2,100,1,0
16500,545.454545454546,4,2,2,100,1,0
16773,136.363636363636,4,2,2,100,1,0
16909,545.454545454546,4,2,2,100,1,0
17182,136.363636363636,4,2,2,100,1,0
17318,545.454545454546,4,2,2,100,1,0
17591,136.363636363636,4,2,2,100,1,0
17727,545.454545454546,4,2,2,100,1,0
18000,90.9090909090909,4,2,2,100,1,0
18068,779.220779220779,4,2,2,100,1,0
18263,181.818181818182,4,2,2,100,1,0
18399,545.454545454546,4,2,2,100,1,0
18536,272.727272727273,4,2,2,100,1,0
22354,218.181818181818,4,2,2,100,1,0
22422,363.636363636364,4,2,2,100,1,0
22490,218.181818181818,4,2,2,100,1,0
22558,363.636363636364,4,2,2,100,1,0
22627,90.9090909090909,4,2,2,100,1,0
22695,779.220779220779,4,2,2,100,1,0
22890,272.727272727273,4,2,2,100,1,0
26162,363.636363636364,4,2,2,100,1,0
27253,272.727272727273,4,2,2,100,1,0
28344,136.363636363636,4,2,2,100,1,0
28412,545.454545454546,4,2,2,100,1,0
28549,136.363636363636,4,2,2,100,1,0
28617,545.454545454546,4,2,2,100,1,0
28753,181.818181818182,4,2,2,100,1,0
28821,545.454545454546,4,2,2,100,1,0
28890,272.727272727273,4,2,2,100,1,0
29162,90.9090909090909,4,2,2,100,1,0
29231,779.220779220779,4,2,2,100,1,0
29425,272.727272727273,4,2,2,100,1,0
30516,181.818181818182,4,2,2,100,1,0
30584,545.454545454546,4,2,2,100,1,0
30653,136.363636363636,4,2,2,100,1,0
30721,545.454545454546,4,2,2,100,1,0
30857,90.9090909090909,4,2,2,100,1,0
30925,779.220779220779,4,2,2,100,1,0
31120,272.727272727273,4,2,2,100,1,0
34870,363.636363636364,4,2,2,100,1,0
40325,272.727272727273,4,2,2,100,1,0
46325,90.9090909090909,4,2,2,100,1,0
46393,908.182700354747,4,2,2,100,1,0
46620,90.9090909090909,4,2,2,100,1,0
46688,800,4,2,2,100,1,0
46888,272.727272727273,4,2,2,100,1,0
53502,545.454545454546,4,2,2,100,1,0
53570,363.636363636364,4,2,2,100,1,0
53638,272.727272727273,4,2,2,100,1,0
53706,218.181818181818,4,2,2,100,1,0
53774,181.818181818182,4,2,2,100,1,0
53843,90.9090909090909,4,2,2,100,1,0
53911,789.473684210526,4,2,2,100,1,0
54108,90.9090909090909,4,2,2,100,1,0
54176,789.473684210526,4,2,2,100,1,0
54374,272.727272727273,4,2,2,100,1,0
62215,545.454545454546,4,2,2,100,1,0
62283,363.636363636364,4,2,2,100,1,0
62351,272.727272727273,4,2,2,100,1,0
62419,218.181818181818,4,2,2,100,1,0
62487,181.818181818182,4,2,2,100,1,0
62556,90.9090909090909,4,2,2,100,1,0
62624,789.473684210526,4,2,2,100,1,0
62821,90.9090909090909,4,2,2,100,1,0
62889,789.473684210526,4,2,2,100,1,0
63087,272.727272727273,4,2,2,100,1,0
68132,363.636363636364,4,2,2,100,1,0
68678,272.727272727273,4,2,2,100,1,0
71950,363.636363636364,4,2,2,100,1,0
73041,272.727272727273,4,2,2,100,1,0
85041,22.7272727272727,4,2,2,100,1,0
85587,1090.90909090909,4,2,2,100,1,0
85859,272.727272727273,4,2,2,100,1,0
92678,181.818181818182,4,2,2,100,1,0
92746,545.454545454546,4,2,2,100,1,0
92814,272.727272727273,4,2,2,100,1,0
93087,90.9090909090909,4,2,2,100,1,0
93155,789.473684210526,4,2,2,100,1,0
93352,90.9090909090909,4,2,2,100,1,0
93420,789.473684210526,4,2,2,100,1,0
93618,272.727272727273,4,2,2,100,1,0
94572,545.454545454546,4,2,2,100,1,0
94640,363.636363636364,4,2,2,100,1,0
94709,218.181818181818,4,2,2,100,1,0
94777,181.818181818182,4,2,2,100,1,0
94845,181.818181818182,4,2,2,100,1,0
94879,545.454545454546,4,2,2,100,1,0
94913,272.727272727273,4,2,2,100,1,0
94981,181.818181818182,4,2,2,100,1,0
95015,545.454545454546,4,2,2,100,1,0
95050,272.727272727273,4,2,2,100,1,0
95118,181.818181818182,4,2,2,100,1,0
95152,545.454545454546,4,2,2,100,1,0
95186,272.727272727273,4,2,2,100,1,0
95254,181.818181818182,4,2,2,100,1,0
95288,545.454545454546,4,2,2,100,1,0
95322,272.727272727273,4,2,2,100,1,0
95390,181.818181818182,4,2,2,100,1,0
95425,545.454545454546,4,2,2,100,1,0
95459,272.727272727273,4,2,2,100,1,0
95527,181.818181818182,4,2,2,100,1,0
95561,545.454545454546,4,2,2,100,1,0
95595,272.727272727273,4,2,2,100,1,0
95663,181.818181818182,4,2,2,100,1,0
95697,545.454545454546,4,2,2,100,1,0
95731,272.727272727273,4,2,2,100,1,0
95800,181.818181818182,4,2,2,100,1,0
95834,545.454545454546,4,2,2,100,1,0
95868,272.727272727273,4,2,2,100,1,0
95936,181.818181818182,4,2,2,100,1,0
95970,545.454545454546,4,2,2,100,1,0
96004,272.727272727273,4,2,2,100,1,0
96072,181.818181818182,4,2,2,100,1,0
96106,545.454545454546,4,2,2,100,1,0
96140,272.727272727273,4,2,2,100,1,0
96209,181.818181818182,4,2,2,100,1,0
96243,545.454545454546,4,2,2,100,1,0
96277,272.727272727273,4,2,2,100,1,0
96345,181.818181818182,4,2,2,100,1,0
96379,545.454545454546,4,2,2,100,1,0
96413,181.818181818182,4,2,2,100,1,0
96447,545.454545454546,4,2,2,100,1,0
96481,181.818181818182,4,2,2,100,1,0
96515,545.454545454546,4,2,2,100,1,0
96550,272.727272727273,4,2,2,100,1,0
96618,181.818181818182,4,2,2,100,1,0
96652,545.454545454546,4,2,2,100,1,0
96686,272.727272727273,4,2,2,100,1,0
96754,181.818181818182,4,2,2,100,1,0
96822,545.454545454546,4,2,2,100,1,0
96890,181.818181818182,4,2,2,100,1,0
96959,545.454545454546,4,2,2,100,1,0
97027,272.727272727273,4,2,2,100,1,0
98663,272.727272727273,4,2,2,100,1,0
98936,545.454545454546,4,2,2,100,1,0
99004,363.636363636364,4,2,2,100,1,0
99072,218.181818181818,4,2,2,100,1,0
99140,181.818181818182,4,2,2,100,1,0
99209,181.818181818182,4,2,2,100,1,0
99243,545.454545454546,4,2,2,100,1,0
99277,272.727272727273,4,2,2,100,1,0
99345,181.818181818182,4,2,2,100,1,0
99379,545.454545454546,4,2,2,100,1,0
99413,272.727272727273,4,2,2,100,1,0
99481,181.818181818182,4,2,2,100,1,0
99515,545.454545454546,4,2,2,100,1,0
99550,272.727272727273,4,2,2,100,1,0
99618,181.818181818182,4,2,2,100,1,0
99652,545.454545454546,4,2,2,100,1,0
99686,272.727272727273,4,2,2,100,1,0
99754,181.818181818182,4,2,2,100,1,0
99788,545.454545454546,4,2,2,100,1,0
99822,272.727272727273,4,2,2,100,1,0
99890,181.818181818182,4,2,2,100,1,0
99925,545.454545454546,4,2,2,100,1,0
99959,272.727272727273,4,2,2,100,1,0
100027,181.818181818182,4,2,2,100,1,0
100061,545.454545454546,4,2,2,100,1,0
100095,272.727272727273,4,2,2,100,1,0
100163,181.818181818182,4,2,2,100,1,0
100197,545.454545454546,4,2,2,100,1,0
100231,272.727272727273,4,2,2,100,1,0
100300,181.818181818182,4,2,2,100,1,0
100334,545.454545454546,4,2,2,100,1,0
100368,272.727272727273,4,2,2,100,1,0
100436,181.818181818182,4,2,2,100,1,0
100470,545.454545454546,4,2,2,100,1,0
100504,272.727272727273,4,2,2,100,1,0
100572,181.818181818182,4,2,2,100,1,0
100606,545.454545454546,4,2,2,100,1,0
100640,272.727272727273,4,2,2,100,1,0
100709,181.818181818182,4,2,2,100,1,0
100743,545.454545454546,4,2,2,100,1,0
100777,181.818181818182,4,2,2,100,1,0
100811,545.454545454546,4,2,2,100,1,0
100845,181.818181818182,4,2,2,100,1,0
100879,545.454545454546,4,2,2,100,1,0
100913,272.727272727273,4,2,2,100,1,0
100981,181.818181818182,4,2,2,100,1,0
101015,545.454545454546,4,2,2,100,1,0
101050,272.727272727273,4,2,2,100,1,0
101390,181.818181818182,4,2,2,100,1,0
101459,545.454545454546,4,2,2,100,1,0
101527,272.727272727273,4,2,2,100,1,0
101800,90.9090909090909,4,2,2,100,1,0
101868,789.473684210526,4,2,2,100,1,0
102065,90.9090909090909,4,2,2,100,1,0
102133,789.473684210526,4,2,2,100,1,0
102331,545.454545454546,4,2,2,100,1,0
102399,363.636363636364,4,2,2,100,1,0
102467,218.181818181818,4,2,2,100,1,0
102535,181.818181818182,4,2,2,100,1,0
102603,272.727272727273,4,2,2,100,1,0
103558,136.363636363636,4,2,2,100,1,0
103694,545.454545454546,4,2,2,100,1,0
103967,136.363636363636,4,2,2,100,1,0
104103,545.454545454546,4,2,2,100,1,0
104376,90.9090909090909,4,2,2,100,1,0
104444,789.473684210526,4,2,2,100,1,0
104642,272.727272727273,4,2,2,100,1,0
105733,136.363636363636,4,2,2,100,1,0
105869,545.454545454546,4,2,2,100,1,0
106142,136.363636363636,4,2,2,100,1,0
106278,545.454545454546,4,2,2,100,1,0
106551,136.363636363636,4,2,2,100,1,0
106687,545.454545454546,4,2,2,100,1,0
106960,136.363636363636,4,2,2,100,1,0
107096,545.454545454546,4,2,2,100,1,0
107369,90.9090909090909,4,2,2,100,1,0
107437,789.473684210526,4,2,2,100,1,0
107634,90.9090909090909,4,2,2,100,1,0
107703,789.473684210526,4,2,2,100,1,0
107900,136.363636363636,4,2,2,100,1,0
108036,545.454545454546,4,2,2,100,1,0
108309,136.363636363636,4,2,2,100,1,0
108446,545.454545454546,4,2,2,100,1,0
108718,136.363636363636,4,2,2,100,1,0
108855,545.454545454546,4,2,2,100,1,0
109127,272.727272727273,4,2,2,100,1,0


[HitObjects]
36,192,1091,5,0,0:0:0:0:
182,192,1091,1,0,0:0:0:0:
256,192,1091,1,0,0:0:0:0:
402,192,1091,1,0,0:0:0:0:
109,192,1227,1,0,0:0:0:0:
329,192,1227,1,0,0:0:0:0:
402,192,1227,1,0,0:0:0:0:
36,192,1358,1,0,0:0:0:0:
182,192,1358,1,0,0:0:0:0:
256,192,1358,1,0,0:0:0:0:
475,192,1358,1,0,0:0:0:0:
109,192,1500,1,0,0:0:0:0:
402,192,1500,1,0,0:0:0:0:
109,192,1636,1,0,0:0:0:0:
402,192,1636,1,0,0:0:0:0:
182,192,1705,1,0,0:0:0:0:
329,192,1705,1,0,0:0:0:0:
36,192,1767,1,0,0:0:0:0:
256,192,1767,1,0,0:0:0:0:
475,192,1767,1,0,0:0:0:0:
109,192,2045,1,0,0:0:0:0:
256,192,2045,1,0,0:0:0:0:
402,192,2045,1,0,0:0:0:0:
36,192,2176,1,0,0:0:0:0:
182,192,2176,1,0,0:0:0:0:
329,192,2176,1,0,0:0:0:0:
475,192,2176,1,0,0:0:0:0:
109,192,2318,1,0,0:0:0:0:
182,192,2318,1,0,0:0:0:0:
329,192,2318,1,0,0:0:0:0:
402,192,2318,1,0,0:0:0:0:
36,192,2455,1,0,0:0:0:0:
182,192,2455,1,0,0:0:0:0:
256,192,2455,1,0,0:0:0:0:
329,192,2455,1,0,0:0:0:0:
475,192,2455,1,0,0:0:0:0:
109,192,2591,1,0,0:0:0:0:
256,192,2591,1,0,0:0:0:0:
402,192,2591,1,0,0:0:0:0:
36,0,2727,128,0,2858:0:0:0:0:
182,0,2727,128,0,2858:0:0:0:0:
329,192,2858,1,0,0:0:0:0:
475,192,2858,1,0,0:0:0:0:
109,192,3136,1,0,0:0:0:0:
402,192,3136,1,0,0:0:0:0:
182,192,3267,1,0,0:0:0:0:
329,192,3267,1,0,0:0:0:0:
109,0,3267,128,0,3545:0:0:0:0:
402,0,3267,128,0,3545:0:0:0:0:
182,192,3409,1,0,0:0:0:0:
329,192,3409,1,0,0:0:0:0:
182,192,3477,1,0,0:0:0:0:
329,192,3477,1,0,0:0:0:0:
256,0,3545,128,0,3676:0:0:0:0:
109,0,3676,128,0,3818:0:0:0:0:
182,192,3676,1,0,0:0:0:0:
329,192,3676,1,0,0:0:0:0:
402,0,3676,128,0,3818:0:0:0:0:
36,192,3818,1,0,0:0:0:0:
182,192,3818,1,0,0:0:0:0:
256,192,3818,1,0,0:0:0:0:
109,192,3955,1,0,0:0:0:0:
256,0,3955,128,0,4227:0:0:0:0:
329,192,3955,1,0,0:0:0:0:
182,192,4227,1,0,0:0:0:0:
329,192,4227,1,0,0:0:0:0:
402,192,4227,1,0,0:0:0:0:
109,192,4358,1,0,0:0:0:0:
256,192,4358,1,0,0:0:0:0:
36,0,4358,128,0,4636:0:0:0:0:
329,0,4500,128,0,4636:0:0:0:0:
475,0,4500,128,0,4636:0:0:0:0:
109,0,4636,128,0,4767:0:0:0:0:
182,0,4636,128,0,4767:0:0:0:0:
329,0,4767,128,0,4909:0:0:0:0:
402,0,4767,128,0,4909:0:0:0:0:
256,0,4909,128,0,5045:0:0:0:0:
36,192,5045,1,0,0:0:0:0:
182,192,5045,1,0,0:0:0:0:
329,192,5045,1,0,0:0:0:0:
475,192,5045,1,0,0:0:0:0:
109,192,5176,1,0,0:0:0:0:
182,192,5176,1,0,0:0:0:0:
109,192,5250,1,0,0:0:0:0:
182,192,5250,1,0,0:0:0:0:
329,192,5318,1,0,0:0:0:0:
402,192,5318,1,0,0:0:0:0:
329,192,5386,1,0,0:0:0:0:
402,192,5386,1,0,0:0:0:0:
36,0,5455,128,0,5727:0:0:0:0:
109,192,5455,1,0,0:0:0:0:
256,192,5455,1,0,0:0:0:0:
475,192,5455,1,0,0:0:0:0:
109,0,5591,128,0,5727:0:0:0:0:
182,192,5591,1,0,0:0:0:0:
182,0,5727,128,0,6000:0:0:0:0:
256,192,5727,1,0,0:0:0:0:
256,0,5858,128,0,6000:0:0:0:0:
329,192,5858,1,0,0:0:0:0:
36,0,6000,128,0,6136:0:0:0:0:
109,0,6000,128,0,6136:0:0:0:0:
402,0,6000,128,0,6136:0:0:0:0:
475,0,6000,128,0,6136:0:0:0:0:
182,0,6136,128,0,6267:0:0:0:0:
329,0,6136,128,0,6267:0:0:0:0:
36,192,6267,1,0,0:0:0:0:
109,192,6267,1,0,0:0:0:0:
402,192,6267,1,0,0:0:0:0:
475,192,6267,1,0,0:0:0:0:
182,0,6409,128,0,6608:0:0:0:0:
329,0,6409,128,0,6608:0:0:0:0:
182,192,6676,1,0,0:0:0:0:
329,192,6676,1,0,0:0:0:0:
182,192,6750,1,0,0:0:0:0:
329,192,6750,1,0,0:0:0:0:
109,0,6818,128,0,6955:0:0:0:0:
256,0,6818,128,0,6955:0:0:0:0:
402,0,6818,128,0,6955:0:0:0:0:
182,0,6955,128,0,7091:0:0:0:0:
329,0,6955,128,0,7091:0:0:0:0:
36,0,7091,128,0,7227:0:0:0:0:
109,0,7091,128,0,7227:0:0:0:0:
402,192,7227,1,0,0:0:0:0:
475,192,7227,1,0,0:0:0:0:
256,192,7500,1,0,0:0:0:0:
36,0,7636,128,0,8045:0:0:0:0:
109,0,7636,128,0,8045:0:0:0:0:
329,0,7636,128,0,7705:0:0:0:0:
402,0,7636,128,0,7767:0:0:0:0:
475,0,7636,128,0,7767:0:0:0:0:
182,0,7705,128,0,7977:0:0:0:0:
256,0,7767,128,0,7909:0:0:0:0:
329,192,7841,1,0,0:0:0:0:
402,0,7909,128,0,8318:0:0:0:0:
475,0,7909,128,0,8318:0:0:0:0:
329,0,7977,128,0,8250:0:0:0:0:
256,0,8045,128,0,8176:0:0:0:0:
182,192,8108,1,0,0:0:0:0:
36,0,8176,128,0,8591:0:0:0:0:
109,0,8176,128,0,8591:0:0:0:0:
182,0,8250,128,0,8517:0:0:0:0:
256,0,8318,128,0,8455:0:0:0:0:
329,192,8386,1,0,0:0:0:0:
402,0,8455,128,0,8727:0:0:0:0:
475,0,8455,128,0,8727:0:0:0:0:
329,0,8517,128,0,8727:0:0:0:0:
256,0,8591,128,0,8727:0:0:0:0:
182,192,8659,1,0,0:0:0:0:
36,0,8727,128,0,8858:0:0:0:0:
109,0,8727,128,0,8858:0:0:0:0:
256,0,8858,128,0,9000:0:0:0:0:
329,0,8858,128,0,9000:0:0:0:0:
109,0,9000,128,0,9136:0:0:0:0:
182,0,9000,128,0,9136:0:0:0:0:
329,192,9136,1,0,0:0:0:0:
402,192,9136,1,0,0:0:0:0:
36,192,9409,1,0,0:0:0:0:
109,192,9409,1,0,0:0:0:0:
256,0,9409,128,0,9750:0:0:0:0:
402,192,9409,1,0,0:0:0:0:
475,192,9409,1,0,0:0:0:0:
182,192,9477,1,0,0:0:0:0:
329,192,9477,1,0,0:0:0:0:
36,192,9545,1,0,0:0:0:0:
109,192,9545,1,0,0:0:0:0:
402,192,9545,1,0,0:0:0:0:
475,192,9545,1,0,0:0:0:0:
182,192,9602,1,0,0:0:0:0:
329,192,9602,1,0,0:0:0:0:
36,192,9670,1,0,0:0:0:0:
109,192,9670,1,0,0:0:0:0:
402,192,9670,1,0,0:0:0:0:
475,192,9670,1,0,0:0:0:0:
182,192,9750,1,0,0:0:0:0:
329,192,9750,1,0,0:0:0:0:
36,192,9818,1,0,0:0:0:0:
109,192,9818,1,0,0:0:0:0:
256,192,9818,1,0,0:0:0:0:
402,192,9818,1,0,0:0:0:0:
475,192,9818,1,0,0:0:0:0:
36,192,10227,1,0,0:0:0:0:
182,192,10227,1,0,0:0:0:0:
256,192,10227,1,0,0:0:0:0:
329,192,10227,1,0,0:0:0:0:
475,192,10227,1,0,0:0:0:0:
36,192,10636,1,0,0:0:0:0:
109,192,10636,1,0,0:0:0:0:
256,192,10636,1,0,0:0:0:0:
402,192,10636,1,0,0:0:0:0:
475,192,10636,1,0,0:0:0:0:
36,192,10909,1,0,0:0:0:0:
109,0,10909,128,0,11045:0:0:0:0:
182,0,10909,128,0,11045:0:0:0:0:
329,0,11045,128,0,11176:0:0:0:0:
402,0,11045,128,0,11176:0:0:0:0:
475,192,11045,1,0,0:0:0:0:
36,0,11176,128,0,11318:0:0:0:0:
109,192,11176,1,0,0:0:0:0:
182,0,11176,128,0,11318:0:0:0:0:
329,0,11318,128,0,11455:0:0:0:0:
402,192,11318,1,0,0:0:0:0:
475,0,11318,128,0,11455:0:0:0:0:
36,192,11455,1,0,0:0:0:0:
109,192,11455,1,0,0:0:0:0:
182,192,11455,1,0,0:0:0:0:
256,0,11455,128,0,12000:0:0:0:0:
329,192,11591,1,0,0:0:0:0:
402,192,11591,1,0,0:0:0:0:
109,192,11659,1,0,0:0:0:0:
182,192,11659,1,0,0:0:0:0:
402,192,11727,1,0,0:0:0:0:
475,192,11727,1,0,0:0:0:0:
36,192,11795,1,0,0:0:0:0:
109,192,11795,1,0,0:0:0:0:
329,192,11858,1,0,0:0:0:0:
402,192,11858,1,0,0:0:0:0:
109,192,11926,1,0,0:0:0:0:
182,192,11926,1,0,0:0:0:0:
36,192,12000,1,0,0:0:0:0:
109,192,12000,1,0,0:0:0:0:
182,192,12000,1,0,0:0:0:0:
329,192,12000,1,0,0:0:0:0:
402,192,12000,1,0,0:0:0:0:
475,192,12000,1,0,0:0:0:0:
36,192,12409,1,0,0:0:0:0:
109,192,12409,1,0,0:0:0:0:
182,192,12409,1,0,0:0:0:0:
256,192,12409,1,0,0:0:0:0:
329,192,12409,1,0,0:0:0:0:
109,192,12818,1,0,0:0:0:0:
182,192,12818,1,0,0:0:0:0:
256,192,12818,1,0,0:0:0:0:
329,192,12818,1,0,0:0:0:0:
402,192,12818,1,0,0:0:0:0:
182,192,13227,1,0,0:0:0:0:
256,192,13227,1,0,0:0:0:0:
329,192,13227,1,0,0:0:0:0:
402,192,13227,1,0,0:0:0:0:
475,192,13227,1,0,0:0:0:0:
36,192,13636,1,0,0:0:0:0:
329,0,13636,128,0,13723:0:0:0:0:
402,0,13636,128,0,13682:0:0:0:0:
475,192,13636,1,0,0:0:0:0:
109,192,13648,1,0,0:0:0:0:
182,192,13659,1,0,0:0:0:0:
256,192,13670,1,0,0:0:0:0:
36,192,13909,1,0,0:0:0:0:
109,0,13909,128,0,13955:0:0:0:0:
182,0,13909,128,0,14000:0:0:0:0:
475,192,13909,1,0,0:0:0:0:
402,192,13920,1,0,0:0:0:0:
329,192,13932,1,0,0:0:0:0:
256,192,13943,1,0,0:0:0:0:
36,0,14182,128,0,14594:0:0:0:0:
109,192,14182,1,0,0:0:0:0:
182,0,14182,128,0,14202:0:0:0:0:
256,0,14182,128,0,14219:0:0:0:0:
329,0,14182,128,0,14202:0:0:0:0:
402,192,14182,1,0,0:0:0:0:
109,192,14594,1,0,0:0:0:0:
182,0,14594,128,0,14611:0:0:0:0:
256,0,14594,128,0,14628:0:0:0:0:
329,0,14594,128,0,14611:0:0:0:0:
402,192,14594,1,0,0:0:0:0:
475,0,14594,128,0,15004:0:0:0:0:
109,192,15004,1,0,0:0:0:0:
182,0,15004,128,0,15027:0:0:0:0:
256,0,15004,128,0,15049:0:0:0:0:
329,0,15004,128,0,15027:0:0:0:0:
402,192,15004,1,0,0:0:0:0:
36,0,15004,128,0,15273:0:0:0:0:
256,0,15273,128,0,15347:0:0:0:0:
329,0,15273,128,0,15347:0:0:0:0:
402,0,15273,128,0,15347:0:0:0:0:
475,0,15273,128,0,15415:0:0:0:0:
182,0,15415,128,0,15483:0:0:0:0:
256,0,15415,128,0,15483:0:0:0:0:
329,0,15415,128,0,15483:0:0:0:0:
402,0,15415,128,0,15551:0:0:0:0:
109,0,15551,128,0,15614:0:0:0:0:
182,0,15551,128,0,15614:0:0:0:0:
256,0,15551,128,0,15614:0:0:0:0:
329,0,15551,128,0,15682:0:0:0:0:
36,0,15682,128,0,15756:0:0:0:0:
109,0,15682,128,0,15756:0:0:0:0:
182,0,15682,128,0,15756:0:0:0:0:
256,0,15682,128,0,15824:0:0:0:0:
329,192,15824,1,0,0:0:0:0:
402,0,15824,128,0,15960:0:0:0:0:
475,0,15824,128,0,15960:0:0:0:0:
36,0,15960,128,0,16097:0:0:0:0:
109,0,15960,128,0,16097:0:0:0:0:
182,192,15960,1,0,0:0:0:0:
329,0,16097,128,0,16233:0:0:0:0:
402,0,16097,128,0,16233:0:0:0:0:
475,192,16097,1,0,0:0:0:0:
36,192,16233,1,0,0:0:0:0:
109,0,16233,128,0,16364:0:0:0:0:
182,0,16233,128,0,16364:0:0:0:0:
256,192,16364,1,0,0:0:0:0:
329,192,16364,1,0,0:0:0:0:
402,192,16364,1,0,0:0:0:0:
475,192,16364,1,0,0:0:0:0:
182,192,16773,1,0,0:0:0:0:
256,192,16773,1,0,0:0:0:0:
329,192,16773,1,0,0:0:0:0:
402,192,16773,1,0,0:0:0:0:
109,192,17182,1,0,0:0:0:0:
182,192,17182,1,0,0:0:0:0:
256,192,17182,1,0,0:0:0:0:
329,192,17182,1,0,0:0:0:0:
36,192,17591,1,0,0:0:0:0:
109,192,17591,1,0,0:0:0:0:
182,192,17591,1,0,0:0:0:0:
256,192,17591,1,0,0:0:0:0:
36,192,18000,1,0,0:0:0:0:
182,192,18000,1,0,0:0:0:0:
256,192,18000,1,0,0:0:0:0:
329,192,18000,1,0,0:0:0:0:
475,192,18000,1,0,0:0:0:0:
109,0,18263,128,0,18308:0:0:0:0:
402,0,18263,128,0,18308:0:0:0:0:
36,0,18536,128,0,18598:0:0:0:0:
109,0,18536,128,0,18666:0:0:0:0:
329,0,18536,128,0,18808:0:0:0:0:
402,192,18536,1,0,0:0:0:0:
475,192,18536,1,0,0:0:0:0:
182,0,18598,128,0,18740:0:0:0:0:
256,0,18666,128,0,18808:0:0:0:0:
402,192,18666,1,0,0:0:0:0:
475,192,18666,1,0,0:0:0:0:
36,192,18808,1,0,0:0:0:0:
109,192,18808,1,0,0:0:0:0:
182,0,18808,128,0,19081:0:0:0:0:
402,0,18808,128,0,18945:0:0:0:0:
475,0,18808,128,0,18877:0:0:0:0:
329,0,18877,128,0,19007:0:0:0:0:
36,192,18945,1,0,0:0:0:0:
109,192,18945,1,0,0:0:0:0:
256,0,18945,128,0,19081:0:0:0:0:
36,0,19081,128,0,19558:0:0:0:0:
109,192,19081,1,0,0:0:0:0:
329,192,19081,1,0,0:0:0:0:
256,0,19149,128,0,19286:0:0:0:0:
402,192,19149,1,0,0:0:0:0:
109,192,19218,1,0,0:0:0:0:
182,0,19218,128,0,19286:0:0:0:0:
329,0,19218,128,0,19348:0:0:0:0:
475,192,19218,1,0,0:0:0:0:
402,0,19286,128,0,19416:0:0:0:0:
109,192,19348,1,0,0:0:0:0:
182,192,19348,1,0,0:0:0:0:
256,0,19348,128,0,19416:0:0:0:0:
475,0,19348,128,0,19490:0:0:0:0:
329,0,19416,128,0,19490:0:0:0:0:
109,192,19490,1,0,0:0:0:0:
182,192,19490,1,0,0:0:0:0:
256,192,19490,1,0,0:0:0:0:
402,0,19490,128,0,19558:0:0:0:0:
36,192,19627,1,0,0:0:0:0:
109,192,19627,1,0,0:0:0:0:
182,0,19627,128,0,19899:0:0:0:0:
402,0,19627,128,0,19757:0:0:0:0:
475,0,19627,128,0,19695:0:0:0:0:
329,0,19695,128,0,19831:0:0:0:0:
36,192,19757,1,0,0:0:0:0:
109,192,19757,1,0,0:0:0:0:
256,0,19757,128,0,19899:0:0:0:0:
36,0,19899,128,0,19968:0:0:0:0:
109,0,19899,128,0,20036:0:0:0:0:
329,0,19899,128,0,20166:0:0:0:0:
402,192,19899,1,0,0:0:0:0:
475,192,19899,1,0,0:0:0:0:
182,0,19968,128,0,20098:0:0:0:0:
256,0,20036,128,0,20166:0:0:0:0:
402,192,20036,1,0,0:0:0:0:
475,192,20036,1,0,0:0:0:0:
182,192,20166,1,0,0:0:0:0:
402,192,20166,1,0,0:0:0:0:
475,0,20166,128,0,20649:0:0:0:0:
475,0,20166,128,0,21808:0:0:0:0:
109,192,20240,1,0,0:0:0:0:
256,0,20240,128,0,20377:0:0:0:0:
36,192,20308,1,0,0:0:0:0:
182,0,20308,128,0,20445:0:0:0:0:
329,0,20308,128,0,20377:0:0:0:0:
402,192,20308,1,0,0:0:0:0:
109,0,20377,128,0,20507:0:0:0:0:
36,0,20445,128,0,20581:0:0:0:0:
256,0,20445,128,0,20507:0:0:0:0:
329,192,20445,1,0,0:0:0:0:
402,192,20445,1,0,0:0:0:0:
182,0,20507,128,0,20581:0:0:0:0:
109,0,20581,128,0,20649:0:0:0:0:
256,192,20581,1,0,0:0:0:0:
329,192,20581,1,0,0:0:0:0:
402,192,20581,1,0,0:0:0:0:
36,0,20718,128,0,21257:0:0:0:0:
109,0,20718,128,0,20848:0:0:0:0:
182,0,20718,128,0,20848:0:0:0:0:
329,192,20848,1,0,0:0:0:0:
402,192,20848,1,0,0:0:0:0:
329,192,20916,1,0,0:0:0:0:
402,192,20916,1,0,0:0:0:0:
109,192,21058,1,0,0:0:0:0:
182,192,21058,1,0,0:0:0:0:
109,192,21127,1,0,0:0:0:0:
182,192,21127,1,0,0:0:0:0:
329,192,21257,1,0,0:0:0:0:
402,192,21257,1,0,0:0:0:0:
329,0,21331,128,0,21536:0:0:0:0:
402,0,21331,128,0,21536:0:0:0:0:
182,192,21399,1,0,0:0:0:0:
256,192,21399,1,0,0:0:0:0:
182,0,21468,128,0,21536:0:0:0:0:
256,0,21468,128,0,21536:0:0:0:0:
36,0,21536,128,0,21808:0:0:0:0:
109,0,21536,128,0,21808:0:0:0:0:
329,0,21666,128,0,21808:0:0:0:0:
402,0,21666,128,0,21808:0:0:0:0:
182,0,21808,128,0,21945:0:0:0:0:
256,0,21808,128,0,21945:0:0:0:0:
182,0,22007,128,0,22149:0:0:0:0:
256,0,22007,128,0,22149:0:0:0:0:
182,0,22218,128,0,22348:0:0:0:0:
256,0,22218,128,0,22348:0:0:0:0:
329,192,22348,1,0,0:0:0:0:
402,192,22348,1,0,0:0:0:0:
475,192,22348,1,0,0:0:0:0:
36,192,22490,1,0,0:0:0:0:
109,192,22490,1,0,0:0:0:0:
182,192,22490,1,0,0:0:0:0:
329,192,22627,1,0,0:0:0:0:
402,192,22627,1,0,0:0:0:0:
475,192,22627,1,0,0:0:0:0:
256,0,22627,128,0,22890:0:0:0:0:
36,0,22890,128,0,22958:0:0:0:0:
109,0,22890,128,0,23026:0:0:0:0:
329,0,22890,128,0,23157:0:0:0:0:
402,192,22890,1,0,0:0:0:0:
475,0,22890,128,0,22958:0:0:0:0:
182,0,22958,128,0,23088:0:0:0:0:
256,0,23026,128,0,23157:0:0:0:0:
402,192,23026,1,0,0:0:0:0:
475,0,23026,128,0,23088:0:0:0:0:
36,0,23157,128,0,23231:0:0:0:0:
109,192,23157,1,0,0:0:0:0:
182,0,23157,128,0,23435:0:0:0:0:
402,0,23157,128,0,23299:0:0:0:0:
475,0,23157,128,0,23231:0:0:0:0:
329,0,23231,128,0,23367:0:0:0:0:
36,0,23299,128,0,23367:0:0:0:0:
109,192,23299,1,0,0:0:0:0:
256,0,23299,128,0,23435:0:0:0:0:
36,0,23435,128,0,23907:0:0:0:0:
109,192,23435,1,0,0:0:0:0:
329,192,23435,1,0,0:0:0:0:
256,0,23498,128,0,23640:0:0:0:0:
402,192,23498,1,0,0:0:0:0:
109,192,23571,1,0,0:0:0:0:
182,0,23571,128,0,23640:0:0:0:0:
329,0,23571,128,0,23708:0:0:0:0:
475,192,23571,1,0,0:0:0:0:
402,0,23640,128,0,23776:0:0:0:0:
109,192,23708,1,0,0:0:0:0:
182,192,23708,1,0,0:0:0:0:
256,0,23708,128,0,23776:0:0:0:0:
475,0,23708,128,0,23838:0:0:0:0:
329,0,23776,128,0,23838:0:0:0:0:
109,192,23838,1,0,0:0:0:0:
182,192,23838,1,0,0:0:0:0:
256,192,23838,1,0,0:0:0:0:
402,0,23838,128,0,23907:0:0:0:0:
36,192,23981,1,0,0:0:0:0:
109,0,23981,128,0,24049:0:0:0:0:
182,0,23981,128,0,24248:0:0:0:0:
402,0,23981,128,0,24117:0:0:0:0:
475,0,23981,128,0,24049:0:0:0:0:
329,0,24049,128,0,24185:0:0:0:0:
36,192,24117,1,0,0:0:0:0:
109,0,24117,128,0,24185:0:0:0:0:
256,0,24117,128,0,24248:0:0:0:0:
36,0,24248,128,0,24321:0:0:0:0:
109,0,24248,128,0,24390:0:0:0:0:
329,0,24248,128,0,24526:0:0:0:0:
402,0,24248,128,0,24321:0:0:0:0:
475,192,24248,1,0,0:0:0:0:
182,0,24321,128,0,24458:0:0:0:0:
256,0,24390,128,0,24526:0:0:0:0:
402,0,24390,128,0,24458:0:0:0:0:
475,192,24390,1,0,0:0:0:0:
182,192,24526,1,0,0:0:0:0:
402,192,24526,1,0,0:0:0:0:
475,0,24526,128,0,24998:0:0:0:0:
109,192,24588,1,0,0:0:0:0:
256,0,24588,128,0,24731:0:0:0:0:
36,192,24657,1,0,0:0:0:0:
182,0,24657,128,0,24799:0:0:0:0:
329,0,24657,128,0,24731:0:0:0:0:
402,192,24657,1,0,0:0:0:0:
109,0,24731,128,0,24867:0:0:0:0:
36,0,24799,128,0,24935:0:0:0:0:
256,0,24799,128,0,24867:0:0:0:0:
329,192,24799,1,0,0:0:0:0:
402,192,24799,1,0,0:0:0:0:
182,0,24867,128,0,24935:0:0:0:0:
109,0,24935,128,0,24998:0:0:0:0:
256,192,24935,1,0,0:0:0:0:
329,192,24935,1,0,0:0:0:0:
402,192,24935,1,0,0:0:0:0:
329,0,25071,128,0,25208:0:0:0:0:
402,0,25071,128,0,25208:0:0:0:0:
475,0,25071,128,0,25617:0:0:0:0:
109,192,25208,1,0,0:0:0:0:
182,192,25208,1,0,0:0:0:0:
109,192,25276,1,0,0:0:0:0:
182,192,25276,1,0,0:0:0:0:
329,192,25407,1,0,0:0:0:0:
402,192,25407,1,0,0:0:0:0:
329,192,25481,1,0,0:0:0:0:
402,192,25481,1,0,0:0:0:0:
109,192,25617,1,0,0:0:0:0:
182,192,25617,1,0,0:0:0:0:
36,0,25617,128,0,26162:0:0:0:0:
109,0,25685,128,0,25890:0:0:0:0:
182,0,25685,128,0,25890:0:0:0:0:
256,192,25748,1,0,0:0:0:0:
329,192,25748,1,0,0:0:0:0:
256,0,25821,128,0,25890:0:0:0:0:
329,0,25821,128,0,25890:0:0:0:0:
402,0,25895,128,0,26162:0:0:0:0:
475,0,25895,128,0,26162:0:0:0:0:
109,0,26032,128,0,26162:0:0:0:0:
182,0,26032,128,0,26162:0:0:0:0:
256,0,26162,128,0,26435:0:0:0:0:
329,0,26162,128,0,26435:0:0:0:0:
36,0,26435,128,0,26708:0:0:0:0:
109,0,26435,128,0,26708:0:0:0:0:
329,0,26708,128,0,26981:0:0:0:0:
402,0,26708,128,0,26981:0:0:0:0:
109,0,26981,128,0,27253:0:0:0:0:
182,0,26981,128,0,27253:0:0:0:0:
36,192,27253,1,0,0:0:0:0:
256,0,27253,128,0,27321:0:0:0:0:
329,192,27253,1,0,0:0:0:0:
402,192,27253,1,0,0:0:0:0:
475,0,27253,128,0,27799:0:0:0:0:
182,0,27321,128,0,27390:0:0:0:0:
36,192,27390,1,0,0:0:0:0:
109,192,27390,1,0,0:0:0:0:
329,0,27390,128,0,27458:0:0:0:0:
402,192,27390,1,0,0:0:0:0:
256,0,27458,128,0,27526:0:0:0:0:
36,192,27526,1,0,0:0:0:0:
109,192,27526,1,0,0:0:0:0:
182,192,27526,1,0,0:0:0:0:
402,0,27526,128,0,27594:0:0:0:0:
329,0,27594,128,0,27662:0:0:0:0:
36,192,27662,1,0,0:0:0:0:
109,192,27662,1,0,0:0:0:0:
182,192,27662,1,0,0:0:0:0:
256,0,27662,128,0,27731:0:0:0:0:
402,0,27731,128,0,27799:0:0:0:0:
36,0,27799,128,0,28344:0:0:0:0:
109,192,27799,1,0,0:0:0:0:
182,192,27799,1,0,0:0:0:0:
256,192,27799,1,0,0:0:0:0:
329,0,27799,128,0,27867:0:0:0:0:
402,0,27867,128,0,27935:0:0:0:0:
109,192,27935,1,0,0:0:0:0:
182,192,27935,1,0,0:0:0:0:
256,0,27935,128,0,28003:0:0:0:0:
475,192,27935,1,0,0:0:0:0:
329,0,28003,128,0,28071:0:0:0:0:
109,192,28071,1,0,0:0:0:0:
182,0,28071,128,0,28140:0:0:0:0:
402,192,28071,1,0,0:0:0:0:
475,192,28071,1,0,0:0:0:0:
256,0,28140,128,0,28208:0:0:0:0:
109,0,28208,128,0,28276:0:0:0:0:
329,192,28208,1,0,0:0:0:0:
402,192,28208,1,0,0:0:0:0:
475,192,28208,1,0,0:0:0:0:
182,0,28276,128,0,28344:0:0:0:0:
256,192,28344,1,0,0:0:0:0:
329,192,28344,1,0,0:0:0:0:
402,192,28344,1,0,0:0:0:0:
475,192,28344,1,0,0:0:0:0:
182,192,28549,1,0,0:0:0:0:
256,192,28549,1,0,0:0:0:0:
329,192,28549,1,0,0:0:0:0:
402,192,28549,1,0,0:0:0:0:
109,192,28753,1,0,0:0:0:0:
182,192,28753,1,0,0:0:0:0:
256,192,28753,1,0,0:0:0:0:
329,192,28753,1,0,0:0:0:0:
36,0,28890,128,0,29026:0:0:0:0:
109,0,28890,128,0,29026:0:0:0:0:
402,0,28890,128,0,29026:0:0:0:0:
475,0,28890,128,0,29026:0:0:0:0:
182,0,29026,128,0,29162:0:0:0:0:
329,0,29026,128,0,29162:0:0:0:0:
109,192,29162,1,0,0:0:0:0:
256,192,29162,1,0,0:0:0:0:
402,192,29162,1,0,0:0:0:0:
109,192,29425,1,0,0:0:0:0:
182,192,29425,1,0,0:0:0:0:
256,192,29425,1,0,0:0:0:0:
329,0,29425,128,0,29494:0:0:0:0:
36,0,29425,128,0,29971:0:0:0:0:
402,0,29494,128,0,29562:0:0:0:0:
109,192,29562,1,0,0:0:0:0:
182,192,29562,1,0,0:0:0:0:
256,0,29562,128,0,29630:0:0:0:0:
475,192,29562,1,0,0:0:0:0:
329,0,29630,128,0,29698:0:0:0:0:
109,192,29698,1,0,0:0:0:0:
182,0,29698,128,0,29766:0:0:0:0:
402,192,29698,1,0,0:0:0:0:
475,192,29698,1,0,0:0:0:0:
256,0,29766,128,0,29834:0:0:0:0:
109,0,29834,128,0,29903:0:0:0:0:
329,192,29834,1,0,0:0:0:0:
402,192,29834,1,0,0:0:0:0:
475,192,29834,1,0,0:0:0:0:
182,0,29903,128,0,29971:0:0:0:0:
109,192,29971,1,0,0:0:0:0:
256,0,29971,128,0,30039:0:0:0:0:
329,192,29971,1,0,0:0:0:0:
402,192,29971,1,0,0:0:0:0:
475,0,29971,128,0,30516:0:0:0:0:
182,0,30039,128,0,30107:0:0:0:0:
36,192,30107,1,0,0:0:0:0:
109,192,30107,1,0,0:0:0:0:
329,0,30107,128,0,30175:0:0:0:0:
402,192,30107,1,0,0:0:0:0:
256,0,30175,128,0,30244:0:0:0:0:
36,192,30244,1,0,0:0:0:0:
109,192,30244,1,0,0:0:0:0:
182,192,30244,1,0,0:0:0:0:
402,0,30244,128,0,30312:0:0:0:0:
329,0,30312,128,0,30380:0:0:0:0:
36,192,30380,1,0,0:0:0:0:
109,192,30380,1,0,0:0:0:0:
182,192,30380,1,0,0:0:0:0:
256,0,30380,128,0,30448:0:0:0:0:
402,0,30448,128,0,30516:0:0:0:0:
36,192,30516,1,0,0:0:0:0:
109,192,30516,1,0,0:0:0:0:
182,192,30516,1,0,0:0:0:0:
256,192,30516,1,0,0:0:0:0:
109,192,30653,1,0,0:0:0:0:
182,192,30653,1,0,0:0:0:0:
256,192,30653,1,0,0:0:0:0:
329,192,30653,1,0,0:0:0:0:
182,192,30857,1,0,0:0:0:0:
256,192,30857,1,0,0:0:0:0:
329,192,30857,1,0,0:0:0:0:
402,192,30857,1,0,0:0:0:0:
109,192,31120,1,0,0:0:0:0:
182,192,31120,1,0,0:0:0:0:
329,192,31120,1,0,0:0:0:0:
402,192,31120,1,0,0:0:0:0:
109,192,31188,1,0,0:0:0:0:
182,192,31188,1,0,0:0:0:0:
329,192,31188,1,0,0:0:0:0:
402,192,31188,1,0,0:0:0:0:
256,192,31325,1,0,0:0:0:0:
182,192,31461,1,0,0:0:0:0:
256,192,31461,1,0,0:0:0:0:
329,192,31461,1,0,0:0:0:0:
182,0,31597,128,0,31802:0:0:0:0:
256,0,31597,128,0,31802:0:0:0:0:
475,192,31597,1,0,0:0:0:0:
109,0,31666,128,0,31734:0:0:0:0:
329,192,31666,1,0,0:0:0:0:
402,0,31666,128,0,31734:0:0:0:0:
36,192,31734,1,0,0:0:0:0:
475,192,31734,1,0,0:0:0:0:
109,192,31802,1,0,0:0:0:0:
329,192,31802,1,0,0:0:0:0:
182,192,31870,1,0,0:0:0:0:
256,192,31870,1,0,0:0:0:0:
402,0,31870,128,0,32075:0:0:0:0:
475,0,31870,128,0,32075:0:0:0:0:
36,192,31938,1,0,0:0:0:0:
109,0,31938,128,0,32006:0:0:0:0:
329,0,31938,128,0,32006:0:0:0:0:
182,192,32006,1,0,0:0:0:0:
256,192,32006,1,0,0:0:0:0:
36,192,32075,1,0,0:0:0:0:
329,192,32075,1,0,0:0:0:0:
182,0,32143,128,0,32347:0:0:0:0:
256,0,32143,128,0,32347:0:0:0:0:
402,0,32143,128,0,32211:0:0:0:0:
475,192,32143,1,0,0:0:0:0:
109,0,32211,128,0,32279:0:0:0:0:
329,192,32211,1,0,0:0:0:0:
36,192,32279,1,0,0:0:0:0:
475,192,32279,1,0,0:0:0:0:
109,192,32347,1,0,0:0:0:0:
329,192,32347,1,0,0:0:0:0:
182,192,32416,1,0,0:0:0:0:
256,192,32416,1,0,0:0:0:0:
402,0,32416,128,0,32620:0:0:0:0:
475,0,32416,128,0,32620:0:0:0:0:
36,192,32484,1,0,0:0:0:0:
109,0,32484,128,0,32552:0:0:0:0:
329,0,32484,128,0,32552:0:0:0:0:
182,192,32552,1,0,0:0:0:0:
256,192,32552,1,0,0:0:0:0:
36,192,32620,1,0,0:0:0:0:
329,192,32620,1,0,0:0:0:0:
109,192,32688,1,0,0:0:0:0:
182,192,32688,1,0,0:0:0:0:
402,192,32688,1,0,0:0:0:0:
475,0,32688,128,0,33234:0:0:0:0:
256,192,32756,1,0,0:0:0:0:
36,192,32825,1,0,0:0:0:0:
109,192,32825,1,0,0:0:0:0:
329,192,32825,1,0,0:0:0:0:
402,192,32825,1,0,0:0:0:0:
182,192,32893,1,0,0:0:0:0:
36,192,32961,1,0,0:0:0:0:
256,192,32961,1,0,0:0:0:0:
402,192,32961,1,0,0:0:0:0:
109,192,33029,1,0,0:0:0:0:
182,192,33097,1,0,0:0:0:0:
256,192,33097,1,0,0:0:0:0:
402,192,33097,1,0,0:0:0:0:
109,192,33166,1,0,0:0:0:0:
329,192,33166,1,0,0:0:0:0:
36,0,33234,128,0,33779:0:0:0:0:
182,192,33234,1,0,0:0:0:0:
256,192,33234,1,0,0:0:0:0:
402,192,33234,1,0,0:0:0:0:
329,192,33302,1,0,0:0:0:0:
109,192,33370,1,0,0:0:0:0:
256,192,33370,1,0,0:0:0:0:
475,192,33370,1,0,0:0:0:0:
402,192,33438,1,0,0:0:0:0:
109,192,33506,1,0,0:0:0:0:
182,192,33506,1,0,0:0:0:0:
329,192,33506,1,0,0:0:0:0:
256,192,33575,1,0,0:0:0:0:
109,192,33643,1,0,0:0:0:0:
182,192,33643,1,0,0:0:0:0:
402,192,33643,1,0,0:0:0:0:
475,192,33643,1,0,0:0:0:0:
329,192,33711,1,0,0:0:0:0:
109,0,33779,128,0,33916:0:0:0:0:
182,192,33779,1,0,0:0:0:0:
256,0,33779,128,0,33916:0:0:0:0:
182,192,33916,1,0,0:0:0:0:
402,192,33916,1,0,0:0:0:0:
329,0,33916,128,0,34052:0:0:0:0:
475,0,33916,128,0,34052:0:0:0:0:
109,0,34052,128,0,34188:0:0:0:0:
182,192,34052,1,0,0:0:0:0:
256,0,34052,128,0,34188:0:0:0:0:
402,192,34052,1,0,0:0:0:0:
182,192,34188,1,0,0:0:0:0:
329,0,34188,128,0,34325:0:0:0:0:
402,192,34188,1,0,0:0:0:0:
475,0,34188,128,0,34325:0:0:0:0:
36,0,34325,128,0,34461:0:0:0:0:
109,192,34325,1,0,0:0:0:0:
182,0,34325,128,0,34461:0:0:0:0:
256,0,34325,128,0,34870:0:0:0:0:
402,192,34325,1,0,0:0:0:0:
109,192,34461,1,0,0:0:0:0:
329,0,34461,128,0,34597:0:0:0:0:
402,192,34461,1,0,0:0:0:0:
475,0,34461,128,0,34597:0:0:0:0:
36,0,34597,128,0,34734:0:0:0:0:
109,192,34597,1,0,0:0:0:0:
182,0,34597,128,0,34734:0:0:0:0:
402,192,34597,1,0,0:0:0:0:
109,192,34734,1,0,0:0:0:0:
329,0,34734,128,0,34870:0:0:0:0:
402,192,34734,1,0,0:0:0:0:
475,0,34734,128,0,34870:0:0:0:0:
109,192,34870,1,0,0:0:0:0:
402,192,34870,1,0,0:0:0:0:
36,0,34870,128,0,35416:0:0:0:0:
182,0,34870,128,0,35416:0:0:0:0:
256,192,35143,1,0,0:0:0:0:
329,192,35143,1,0,0:0:0:0:
402,192,35279,1,0,0:0:0:0:
475,192,35279,1,0,0:0:0:0:
109,192,35416,1,0,0:0:0:0:
256,0,35416,128,0,35688:0:0:0:0:
329,0,35416,128,0,35688:0:0:0:0:
182,192,35552,1,0,0:0:0:0:
109,0,35688,128,0,35961:0:0:0:0:
402,0,35688,128,0,35961:0:0:0:0:
182,192,35961,1,0,0:0:0:0:
329,192,35961,1,0,0:0:0:0:
475,192,35961,1,0,0:0:0:0:
256,0,35961,128,0,36779:0:0:0:0:
475,192,36234,1,0,0:0:0:0:
475,192,36506,1,0,0:0:0:0:
109,0,36779,128,0,36916:0:0:0:0:
475,192,36779,1,0,0:0:0:0:
182,0,36916,128,0,37052:0:0:0:0:
36,192,37052,1,0,0:0:0:0:
256,0,37052,128,0,37597:0:0:0:0:
36,192,37325,1,0,0:0:0:0:
36,192,37597,1,0,0:0:0:0:
402,0,37597,128,0,38143:0:0:0:0:
36,192,37870,1,0,0:0:0:0:
36,192,38143,1,0,0:0:0:0:
329,0,38143,128,0,38552:0:0:0:0:
475,192,38143,1,0,0:0:0:0:
475,192,38416,1,0,0:0:0:0:
109,0,38552,128,0,38961:0:0:0:0:
475,192,38688,1,0,0:0:0:0:
329,0,38961,128,0,39234:0:0:0:0:
475,192,38961,1,0,0:0:0:0:
402,192,39234,1,0,0:0:0:0:
256,0,39234,128,0,39643:0:0:0:0:
402,192,39506,1,0,0:0:0:0:
182,0,39643,128,0,39711:0:0:0:0:
109,0,39711,128,0,39779:0:0:0:0:
36,0,39779,128,0,40325:0:0:0:0:
402,192,39779,1,0,0:0:0:0:
182,0,40052,128,0,40325:0:0:0:0:
256,192,40052,1,0,0:0:0:0:
402,192,40052,1,0,0:0:0:0:
256,192,40188,1,0,0:0:0:0:
329,192,40188,1,0,0:0:0:0:
109,192,40325,1,0,0:0:0:0:
256,192,40325,1,0,0:0:0:0:
402,192,40325,1,0,0:0:0:0:
475,192,40325,1,0,0:0:0:0:
36,0,40597,128,0,40870:0:0:0:0:
475,0,40597,128,0,40870:0:0:0:0:
182,192,40870,1,0,0:0:0:0:
256,192,40870,1,0,0:0:0:0:
329,192,40870,1,0,0:0:0:0:
109,0,41143,128,0,41279:0:0:0:0:
256,0,41143,128,0,41279:0:0:0:0:
402,192,41143,1,0,0:0:0:0:
475,192,41143,1,0,0:0:0:0:
182,0,41279,128,0,41416:0:0:0:0:
329,0,41279,128,0,41416:0:0:0:0:
36,192,41416,1,0,0:0:0:0:
109,192,41416,1,0,0:0:0:0:
256,0,41416,128,0,41961:0:0:0:0:
402,0,41416,128,0,41961:0:0:0:0:
109,192,41688,1,0,0:0:0:0:
36,192,41961,1,0,0:0:0:0:
329,0,41961,128,0,42506:0:0:0:0:
475,0,41961,128,0,42506:0:0:0:0:
109,192,41978,1,0,0:0:0:0:
182,192,41995,1,0,0:0:0:0:
109,192,42234,1,0,0:0:0:0:
36,192,42506,1,0,0:0:0:0:
109,192,42506,1,0,0:0:0:0:
182,0,42506,128,0,42916:0:0:0:0:
256,0,42506,128,0,42916:0:0:0:0:
402,192,42506,1,0,0:0:0:0:
402,192,42779,1,0,0:0:0:0:
36,0,42916,128,0,43325:0:0:0:0:
109,0,42916,128,0,43325:0:0:0:0:
256,192,43052,1,0,0:0:0:0:
329,192,43052,1,0,0:0:0:0:
475,192,43052,1,0,0:0:0:0:
182,0,43325,128,0,43597:0:0:0:0:
256,0,43325,128,0,43597:0:0:0:0:
329,192,43325,1,0,0:0:0:0:
402,192,43325,1,0,0:0:0:0:
36,192,43597,1,0,0:0:0:0:
109,192,43597,1,0,0:0:0:0:
329,0,43597,128,0,44006:0:0:0:0:
402,0,43597,128,0,44006:0:0:0:0:
475,192,43597,1,0,0:0:0:0:
109,192,43870,1,0,0:0:0:0:
182,0,44006,128,0,44416:0:0:0:0:
256,0,44006,128,0,44416:0:0:0:0:
36,192,44143,1,0,0:0:0:0:
329,192,44143,1,0,0:0:0:0:
402,192,44143,1,0,0:0:0:0:
475,192,44143,1,0,0:0:0:0:
36,0,44416,128,0,44688:0:0:0:0:
109,0,44416,128,0,44688:0:0:0:0:
329,192,44416,1,0,0:0:0:0:
402,192,44416,1,0,0:0:0:0:
329,192,44552,1,0,0:0:0:0:
402,192,44552,1,0,0:0:0:0:
256,0,44688,128,0,46052:0:0:0:0:
182,192,46052,1,0,0:0:0:0:
109,192,46069,1,0,0:0:0:0:
36,192,46086,1,0,0:0:0:0:
329,192,46325,1,0,0:0:0:0:
402,0,46325,128,0,46620:0:0:0:0:
109,0,46620,128,0,46888:0:0:0:0:
182,192,46620,1,0,0:0:0:0:
36,192,46888,1,0,0:0:0:0:
182,192,46888,1,0,0:0:0:0:
329,0,46888,128,0,46922:0:0:0:0:
475,0,46888,128,0,47024:0:0:0:0:
256,0,46956,128,0,46990:0:0:0:0:
402,0,46956,128,0,47093:0:0:0:0:
36,192,47024,1,0,0:0:0:0:
109,192,47024,1,0,0:0:0:0:
182,0,47024,128,0,47059:0:0:0:0:
329,0,47024,128,0,47161:0:0:0:0:
256,0,47093,128,0,47229:0:0:0:0:
475,0,47093,128,0,47161:0:0:0:0:
36,192,47161,1,0,0:0:0:0:
109,192,47161,1,0,0:0:0:0:
182,0,47161,128,0,47297:0:0:0:0:
402,0,47161,128,0,47229:0:0:0:0:
329,0,47229,128,0,47297:0:0:0:0:
36,192,47297,1,0,0:0:0:0:
109,0,47297,128,0,47365:0:0:0:0:
256,0,47297,128,0,47365:0:0:0:0:
182,0,47365,128,0,47434:0:0:0:0:
36,0,47434,128,0,47502:0:0:0:0:
109,0,47434,128,0,47502:0:0:0:0:
402,0,47434,128,0,47502:0:0:0:0:
475,0,47434,128,0,47502:0:0:0:0:
256,0,47502,128,0,47570:0:0:0:0:
329,0,47502,128,0,47570:0:0:0:0:
36,0,47570,128,0,47638:0:0:0:0:
109,0,47570,128,0,47638:0:0:0:0:
402,0,47570,128,0,47638:0:0:0:0:
475,0,47570,128,0,47638:0:0:0:0:
182,0,47638,128,0,47706:0:0:0:0:
256,0,47638,128,0,47706:0:0:0:0:
36,0,47706,128,0,47843:0:0:0:0:
109,0,47706,128,0,47979:0:0:0:0:
329,0,47706,128,0,47843:0:0:0:0:
475,0,47706,128,0,47843:0:0:0:0:
182,192,47843,1,0,0:0:0:0:
256,0,47843,128,0,47979:0:0:0:0:
402,0,47843,128,0,47979:0:0:0:0:
36,0,47979,128,0,48115:0:0:0:0:
182,0,47979,128,0,48013:0:0:0:0:
329,192,47979,1,0,0:0:0:0:
475,192,47979,1,0,0:0:0:0:
109,0,48047,128,0,48184:0:0:0:0:
256,0,48047,128,0,48081:0:0:0:0:
182,0,48115,128,0,48252:0:0:0:0:
329,0,48115,128,0,48149:0:0:0:0:
402,192,48115,1,0,0:0:0:0:
475,192,48115,1,0,0:0:0:0:
36,0,48184,128,0,48252:0:0:0:0:
256,0,48184,128,0,48320:0:0:0:0:
109,0,48252,128,0,48320:0:0:0:0:
329,0,48252,128,0,48388:0:0:0:0:
402,192,48252,1,0,0:0:0:0:
475,192,48252,1,0,0:0:0:0:
182,0,48320,128,0,48388:0:0:0:0:
256,0,48388,128,0,48456:0:0:0:0:
402,0,48388,128,0,48456:0:0:0:0:
475,192,48388,1,0,0:0:0:0:
329,0,48456,128,0,48524:0:0:0:0:
36,0,48524,128,0,48593:0:0:0:0:
109,0,48524,128,0,48593:0:0:0:0:
402,0,48524,128,0,48593:0:0:0:0:
475,0,48524,128,0,48593:0:0:0:0:
182,0,48593,128,0,48661:0:0:0:0:
256,0,48593,128,0,48661:0:0:0:0:
36,0,48661,128,0,48729:0:0:0:0:
109,0,48661,128,0,48729:0:0:0:0:
402,0,48661,128,0,48729:0:0:0:0:
475,0,48661,128,0,48729:0:0:0:0:
256,0,48729,128,0,48797:0:0:0:0:
329,0,48729,128,0,48797:0:0:0:0:
36,0,48797,128,0,48934:0:0:0:0:
109,0,48797,128,0,48934:0:0:0:0:
182,0,48797,128,0,48934:0:0:0:0:
329,0,48934,128,0,49070:0:0:0:0:
402,192,48934,1,0,0:0:0:0:
475,192,48934,1,0,0:0:0:0:
109,0,49070,128,0,49206:0:0:0:0:
182,0,49070,128,0,49138:0:0:0:0:
256,192,49070,1,0,0:0:0:0:
402,0,49070,128,0,49206:0:0:0:0:
475,192,49070,1,0,0:0:0:0:
36,0,49138,128,0,49206:0:0:0:0:
182,0,49206,128,0,49343:0:0:0:0:
256,0,49206,128,0,49274:0:0:0:0:
329,192,49206,1,0,0:0:0:0:
475,0,49206,128,0,49343:0:0:0:0:
109,0,49274,128,0,49343:0:0:0:0:
36,0,49343,128,0,49479:0:0:0:0:
256,0,49343,128,0,49479:0:0:0:0:
329,0,49343,128,0,49411:0:0:0:0:
402,192,49343,1,0,0:0:0:0:
182,0,49411,128,0,49479:0:0:0:0:
329,0,49479,128,0,49547:0:0:0:0:
402,0,49479,128,0,49547:0:0:0:0:
475,192,49479,1,0,0:0:0:0:
109,0,49479,128,0,49615:0:0:0:0:
256,0,49547,128,0,49615:0:0:0:0:
36,192,49615,1,0,0:0:0:0:
182,0,49615,128,0,49752:0:0:0:0:
329,0,49615,128,0,49684:0:0:0:0:
402,0,49615,128,0,49752:0:0:0:0:
475,0,49684,128,0,49752:0:0:0:0:
36,192,49752,1,0,0:0:0:0:
109,0,49752,128,0,49888:0:0:0:0:
256,0,49752,128,0,49820:0:0:0:0:
329,0,49752,128,0,49888:0:0:0:0:
402,0,49820,128,0,49888:0:0:0:0:
36,0,49888,128,0,50024:0:0:0:0:
182,0,49888,128,0,49956:0:0:0:0:
256,0,49888,128,0,50024:0:0:0:0:
475,0,49888,128,0,50024:0:0:0:0:
329,0,49956,128,0,50024:0:0:0:0:
109,0,50024,128,0,50093:0:0:0:0:
182,0,50024,128,0,50093:0:0:0:0:
402,0,50024,128,0,50161:0:0:0:0:
256,0,50093,128,0,50161:0:0:0:0:
109,0,50161,128,0,50297:0:0:0:0:
182,0,50161,128,0,50229:0:0:0:0:
329,0,50161,128,0,50297:0:0:0:0:
475,192,50161,1,0,0:0:0:0:
36,0,50229,128,0,50297:0:0:0:0:
182,0,50297,128,0,50434:0:0:0:0:
256,0,50297,128,0,50365:0:0:0:0:
402,0,50297,128,0,50434:0:0:0:0:
475,192,50297,1,0,0:0:0:0:
109,0,50365,128,0,50434:0:0:0:0:
36,0,50434,128,0,50570:0:0:0:0:
256,0,50434,128,0,50570:0:0:0:0:
329,0,50434,128,0,50502:0:0:0:0:
475,0,50434,128,0,50570:0:0:0:0:
182,0,50502,128,0,50570:0:0:0:0:
329,0,50570,128,0,50638:0:0:0:0:
402,0,50570,128,0,50638:0:0:0:0:
109,0,50570,128,0,50706:0:0:0:0:
256,0,50638,128,0,50706:0:0:0:0:
36,0,50706,128,0,51184:0:0:0:0:
182,0,50706,128,0,50809:0:0:0:0:
329,0,50706,128,0,50809:0:0:0:0:
402,192,50706,1,0,0:0:0:0:
475,0,50706,128,0,50809:0:0:0:0:
182,192,50843,1,0,0:0:0:0:
256,0,50843,128,0,50945:0:0:0:0:
329,192,50843,1,0,0:0:0:0:
402,0,50843,128,0,50945:0:0:0:0:
475,192,50843,1,0,0:0:0:0:
182,0,50979,128,0,51184:0:0:0:0:
256,192,50979,1,0,0:0:0:0:
329,0,50979,128,0,51184:0:0:0:0:
402,192,50979,1,0,0:0:0:0:
475,0,50979,128,0,51184:0:0:0:0:
36,0,51252,128,0,51388:0:0:0:0:
182,0,51252,128,0,51286:0:0:0:0:
329,192,51252,1,0,0:0:0:0:
475,192,51252,1,0,0:0:0:0:
109,0,51320,128,0,51456:0:0:0:0:
256,0,51320,128,0,51354:0:0:0:0:
182,0,51388,128,0,51524:0:0:0:0:
329,0,51388,128,0,51422:0:0:0:0:
402,192,51388,1,0,0:0:0:0:
475,192,51388,1,0,0:0:0:0:
36,0,51456,128,0,51524:0:0:0:0:
256,0,51456,128,0,51593:0:0:0:0:
109,0,51524,128,0,51593:0:0:0:0:
329,0,51524,128,0,51661:0:0:0:0:
402,192,51524,1,0,0:0:0:0:
475,192,51524,1,0,0:0:0:0:
182,0,51593,128,0,51661:0:0:0:0:
256,0,51661,128,0,51729:0:0:0:0:
402,0,51661,128,0,51729:0:0:0:0:
475,192,51661,1,0,0:0:0:0:
329,0,51729,128,0,51797:0:0:0:0:
36,0,51797,128,0,51865:0:0:0:0:
109,0,51797,128,0,51865:0:0:0:0:
402,0,51797,128,0,51865:0:0:0:0:
475,0,51797,128,0,51865:0:0:0:0:
182,0,51865,128,0,51934:0:0:0:0:
256,0,51865,128,0,51934:0:0:0:0:
36,0,51934,128,0,52002:0:0:0:0:
109,0,51934,128,0,52002:0:0:0:0:
402,0,51934,128,0,52002:0:0:0:0:
475,0,51934,128,0,52002:0:0:0:0:
256,0,52002,128,0,52070:0:0:0:0:
329,0,52002,128,0,52070:0:0:0:0:
36,0,52070,128,0,52206:0:0:0:0:
109,0,52070,128,0,52343:0:0:0:0:
182,0,52070,128,0,52206:0:0:0:0:
256,0,52206,128,0,52343:0:0:0:0:
329,192,52206,1,0,0:0:0:0:
402,0,52206,128,0,52343:0:0:0:0:
36,192,52343,1,0,0:0:0:0:
182,192,52343,1,0,0:0:0:0:
329,0,52343,128,0,52377:0:0:0:0:
475,0,52343,128,0,52479:0:0:0:0:
256,0,52411,128,0,52445:0:0:0:0:
402,0,52411,128,0,52547:0:0:0:0:
36,192,52479,1,0,0:0:0:0:
109,192,52479,1,0,0:0:0:0:
182,0,52479,128,0,52513:0:0:0:0:
329,0,52479,128,0,52615:0:0:0:0:
256,0,52547,128,0,52684:0:0:0:0:
475,0,52547,128,0,52615:0:0:0:0:
36,192,52615,1,0,0:0:0:0:
109,192,52615,1,0,0:0:0:0:
182,0,52615,128,0,52752:0:0:0:0:
402,0,52615,128,0,52684:0:0:0:0:
329,0,52684,128,0,52752:0:0:0:0:
36,192,52752,1,0,0:0:0:0:
109,0,52752,128,0,52820:0:0:0:0:
256,0,52752,128,0,52820:0:0:0:0:
182,0,52820,128,0,52888:0:0:0:0:
36,0,52888,128,0,52956:0:0:0:0:
109,0,52888,128,0,52956:0:0:0:0:
402,0,52888,128,0,52956:0:0:0:0:
475,0,52888,128,0,52956:0:0:0:0:
256,0,52956,128,0,53024:0:0:0:0:
329,0,52956,128,0,53024:0:0:0:0:
36,0,53024,128,0,53093:0:0:0:0:
109,0,53024,128,0,53093:0:0:0:0:
402,0,53024,128,0,53093:0:0:0:0:
475,0,53024,128,0,53093:0:0:0:0:
182,0,53093,128,0,53161:0:0:0:0:
256,0,53093,128,0,53161:0:0:0:0:
329,0,53161,128,0,53297:0:0:0:0:
402,192,53161,1,0,0:0:0:0:
475,0,53161,128,0,53297:0:0:0:0:
36,0,53297,128,0,53434:0:0:0:0:
109,192,53297,1,0,0:0:0:0:
182,0,53297,128,0,53434:0:0:0:0:
256,0,53434,128,0,53747:0:0:0:0:
329,192,53434,1,0,0:0:0:0:
402,192,53434,1,0,0:0:0:0:
475,192,53434,1,0,0:0:0:0:
36,192,53843,1,0,0:0:0:0:
109,192,53843,1,0,0:0:0:0:
182,192,53843,1,0,0:0:0:0:
329,192,53843,1,0,0:0:0:0:
475,192,53843,1,0,0:0:0:0:
36,192,54108,1,0,0:0:0:0:
182,192,54108,1,0,0:0:0:0:
329,192,54108,1,0,0:0:0:0:
402,192,54108,1,0,0:0:0:0:
475,192,54108,1,0,0:0:0:0:
109,0,54374,128,0,54578:0:0:0:0:
182,192,54374,1,0,0:0:0:0:
256,0,54374,128,0,54715:0:0:0:0:
329,192,54374,1,0,0:0:0:0:
402,0,54374,128,0,54851:0:0:0:0:
36,192,54646,1,0,0:0:0:0:
109,0,54646,128,0,54783:0:0:0:0:
182,192,54646,1,0,0:0:0:0:
182,192,54783,1,0,0:0:0:0:
256,0,54783,128,0,54919:0:0:0:0:
329,192,54783,1,0,0:0:0:0:
329,192,54919,1,0,0:0:0:0:
475,192,54919,1,0,0:0:0:0:
402,0,54919,128,0,55056:0:0:0:0:
36,0,55056,128,0,55192:0:0:0:0:
109,0,55056,128,0,55192:0:0:0:0:
256,0,55056,128,0,55192:0:0:0:0:
182,0,55192,128,0,55328:0:0:0:0:
109,0,55328,128,0,55601:0:0:0:0:
402,0,55328,128,0,55465:0:0:0:0:
475,0,55328,128,0,55465:0:0:0:0:
36,0,55601,128,0,55669:0:0:0:0:
182,192,55601,1,0,0:0:0:0:
329,0,55601,128,0,55635:0:0:0:0:
475,0,55601,128,0,55737:0:0:0:0:
256,0,55669,128,0,55703:0:0:0:0:
402,0,55669,128,0,55806:0:0:0:0:
36,192,55737,1,0,0:0:0:0:
109,0,55737,128,0,55806:0:0:0:0:
182,0,55737,128,0,55771:0:0:0:0:
329,0,55737,128,0,55874:0:0:0:0:
256,0,55806,128,0,55942:0:0:0:0:
475,0,55806,128,0,55874:0:0:0:0:
36,0,55874,128,0,55942:0:0:0:0:
109,192,55874,1,0,0:0:0:0:
182,0,55874,128,0,56010:0:0:0:0:
402,0,55874,128,0,55942:0:0:0:0:
329,0,55942,128,0,56010:0:0:0:0:
36,192,56010,1,0,0:0:0:0:
109,0,56010,128,0,56078:0:0:0:0:
256,0,56010,128,0,56078:0:0:0:0:
182,0,56078,128,0,56146:0:0:0:0:
36,0,56146,128,0,56215:0:0:0:0:
109,0,56146,128,0,56215:0:0:0:0:
402,0,56146,128,0,56215:0:0:0:0:
475,0,56146,128,0,56215:0:0:0:0:
256,0,56215,128,0,56283:0:0:0:0:
329,0,56215,128,0,56283:0:0:0:0:
36,0,56283,128,0,56351:0:0:0:0:
109,0,56283,128,0,56351:0:0:0:0:
402,0,56283,128,0,56351:0:0:0:0:
475,0,56283,128,0,56351:0:0:0:0:
182,0,56351,128,0,56419:0:0:0:0:
256,0,56351,128,0,56419:0:0:0:0:
36,0,56419,128,0,56556:0:0:0:0:
109,0,56419,128,0,56692:0:0:0:0:
329,0,56419,128,0,56556:0:0:0:0:
475,0,56419,128,0,56556:0:0:0:0:
182,192,56556,1,0,0:0:0:0:
256,0,56556,128,0,56692:0:0:0:0:
402,0,56556,128,0,56692:0:0:0:0:
36,0,56692,128,0,56828:0:0:0:0:
182,0,56692,128,0,56726:0:0:0:0:
329,192,56692,1,0,0:0:0:0:
475,0,56692,128,0,56760:0:0:0:0:
109,0,56760,128,0,56896:0:0:0:0:
256,0,56760,128,0,56794:0:0:0:0:
182,0,56828,128,0,56965:0:0:0:0:
329,0,56828,128,0,56862:0:0:0:0:
402,0,56828,128,0,56896:0:0:0:0:
475,192,56828,1,0,0:0:0:0:
36,0,56896,128,0,56965:0:0:0:0:
256,0,56896,128,0,57033:0:0:0:0:
109,0,56965,128,0,57033:0:0:0:0:
329,0,56965,128,0,57101:0:0:0:0:
402,192,56965,1,0,0:0:0:0:
475,0,56965,128,0,57033:0:0:0:0:
182,0,57033,128,0,57101:0:0:0:0:
256,0,57101,128,0,57169:0:0:0:0:
402,0,57101,128,0,57169:0:0:0:0:
475,192,57101,1,0,0:0:0:0:
329,0,57169,128,0,57237:0:0:0:0:
36,0,57237,128,0,57306:0:0:0:0:
109,0,57237,128,0,57306:0:0:0:0:
402,0,57237,128,0,57306:0:0:0:0:
475,0,57237,128,0,57306:0:0:0:0:
182,0,57306,128,0,57374:0:0:0:0:
256,0,57306,128,0,57374:0:0:0:0:
36,0,57374,128,0,57442:0:0:0:0:
109,0,57374,128,0,57442:0:0:0:0:
402,0,57374,128,0,57442:0:0:0:0:
475,0,57374,128,0,57442:0:0:0:0:
256,0,57442,128,0,57510:0:0:0:0:
329,0,57442,128,0,57510:0:0:0:0:
36,0,57510,128,0,57646:0:0:0:0:
109,0,57510,128,0,57646:0:0:0:0:
182,0,57510,128,0,57646:0:0:0:0:
329,0,57646,128,0,57783:0:0:0:0:
402,192,57646,1,0,0:0:0:0:
475,192,57646,1,0,0:0:0:0:
109,0,57783,128,0,57919:0:0:0:0:
182,0,57783,128,0,57851:0:0:0:0:
256,192,57783,1,0,0:0:0:0:
402,0,57783,128,0,57919:0:0:0:0:
475,192,57783,1,0,0:0:0:0:
36,0,57851,128,0,57919:0:0:0:0:
182,0,57919,128,0,58056:0:0:0:0:
256,0,57919,128,0,57987:0:0:0:0:
329,192,57919,1,0,0:0:0:0:
475,0,57919,128,0,58056:0:0:0:0:
109,0,57987,128,0,58056:0:0:0:0:
36,0,58056,128,0,58192:0:0:0:0:
256,0,58056,128,0,58192:0:0:0:0:
329,0,58056,128,0,58124:0:0:0:0:
402,192,58056,1,0,0:0:0:0:
182,0,58124,128,0,58192:0:0:0:0:
329,0,58192,128,0,58260:0:0:0:0:
402,0,58192,128,0,58260:0:0:0:0:
475,192,58192,1,0,0:0:0:0:
109,0,58192,128,0,58328:0:0:0:0:
256,0,58260,128,0,58328:0:0:0:0:
36,192,58328,1,0,0:0:0:0:
182,0,58328,128,0,58465:0:0:0:0:
329,0,58328,128,0,58396:0:0:0:0:
402,0,58328,128,0,58465:0:0:0:0:
475,0,58396,128,0,58465:0:0:0:0:
36,192,58465,1,0,0:0:0:0:
109,0,58465,128,0,58601:0:0:0:0:
256,0,58465,128,0,58533:0:0:0:0:
329,0,58465,128,0,58601:0:0:0:0:
402,0,58533,128,0,58601:0:0:0:0:
36,0,58601,128,0,58737:0:0:0:0:
182,0,58601,128,0,58669:0:0:0:0:
256,0,58601,128,0,58737:0:0:0:0:
475,0,58601,128,0,58737:0:0:0:0:
329,0,58669,128,0,58737:0:0:0:0:
109,0,58737,128,0,58806:0:0:0:0:
182,0,58737,128,0,58806:0:0:0:0:
402,0,58737,128,0,58874:0:0:0:0:
256,0,58806,128,0,58874:0:0:0:0:
109,0,58874,128,0,59010:0:0:0:0:
182,0,58874,128,0,58942:0:0:0:0:
329,0,58874,128,0,59010:0:0:0:0:
475,192,58874,1,0,0:0:0:0:
36,0,58942,128,0,59010:0:0:0:0:
182,0,59010,128,0,59146:0:0:0:0:
256,0,59010,128,0,59078:0:0:0:0:
402,0,59010,128,0,59146:0:0:0:0:
475,192,59010,1,0,0:0:0:0:
109,0,59078,128,0,59146:0:0:0:0:
36,0,59146,128,0,59283:0:0:0:0:
256,0,59146,128,0,59283:0:0:0:0:
329,0,59146,128,0,59215:0:0:0:0:
475,0,59146,128,0,59283:0:0:0:0:
182,0,59215,128,0,59283:0:0:0:0:
329,0,59283,128,0,59351:0:0:0:0:
402,0,59283,128,0,59351:0:0:0:0:
109,0,59283,128,0,59419:0:0:0:0:
256,0,59351,128,0,59419:0:0:0:0:
36,0,59419,128,0,59896:0:0:0:0:
182,0,59419,128,0,59521:0:0:0:0:
329,0,59419,128,0,59521:0:0:0:0:
402,192,59419,1,0,0:0:0:0:
475,0,59419,128,0,59521:0:0:0:0:
182,192,59556,1,0,0:0:0:0:
256,0,59556,128,0,59658:0:0:0:0:
329,192,59556,1,0,0:0:0:0:
402,0,59556,128,0,59658:0:0:0:0:
475,192,59556,1,0,0:0:0:0:
182,0,59692,128,0,59896:0:0:0:0:
256,192,59692,1,0,0:0:0:0:
329,0,59692,128,0,59896:0:0:0:0:
402,192,59692,1,0,0:0:0:0:
475,0,59692,128,0,59896:0:0:0:0:
36,0,59965,128,0,60101:0:0:0:0:
182,0,59965,128,0,59999:0:0:0:0:
329,192,59965,1,0,0:0:0:0:
475,0,59965,128,0,60033:0:0:0:0:
109,0,60033,128,0,60169:0:0:0:0:
256,0,60033,128,0,60067:0:0:0:0:
182,0,60101,128,0,60237:0:0:0:0:
329,0,60101,128,0,60135:0:0:0:0:
402,0,60101,128,0,60169:0:0:0:0:
475,192,60101,1,0,0:0:0:0:
36,0,60169,128,0,60237:0:0:0:0:
256,0,60169,128,0,60306:0:0:0:0:
109,0,60237,128,0,60306:0:0:0:0:
329,0,60237,128,0,60374:0:0:0:0:
402,192,60237,1,0,0:0:0:0:
475,0,60237,128,0,60306:0:0:0:0:
182,0,60306,128,0,60374:0:0:0:0:
256,0,60374,128,0,60442:0:0:0:0:
402,0,60374,128,0,60442:0:0:0:0:
475,192,60374,1,0,0:0:0:0:
329,0,60442,128,0,60510:0:0:0:0:
36,0,60510,128,0,60578:0:0:0:0:
109,0,60510,128,0,60578:0:0:0:0:
402,0,60510,128,0,60578:0:0:0:0:
475,0,60510,128,0,60578:0:0:0:0:
182,0,60578,128,0,60646:0:0:0:0:
256,0,60578,128,0,60646:0:0:0:0:
36,0,60646,128,0,60715:0:0:0:0:
109,0,60646,128,0,60715:0:0:0:0:
402,0,60646,128,0,60715:0:0:0:0:
475,0,60646,128,0,60715:0:0:0:0:
256,0,60715,128,0,60783:0:0:0:0:
329,0,60715,128,0,60783:0:0:0:0:
36,0,60783,128,0,60919:0:0:0:0:
109,0,60783,128,0,61056:0:0:0:0:
182,0,60783,128,0,60919:0:0:0:0:
256,0,60919,128,0,61056:0:0:0:0:
329,192,60919,1,0,0:0:0:0:
402,0,60919,128,0,61056:0:0:0:0:
36,0,61056,128,0,61124:0:0:0:0:
182,192,61056,1,0,0:0:0:0:
329,0,61056,128,0,61090:0:0:0:0:
475,0,61056,128,0,61192:0:0:0:0:
256,0,61124,128,0,61158:0:0:0:0:
402,0,61124,128,0,61260:0:0:0:0:
36,192,61192,1,0,0:0:0:0:
109,0,61192,128,0,61260:0:0:0:0:
182,0,61192,128,0,61226:0:0:0:0:
329,0,61192,128,0,61328:0:0:0:0:
256,0,61260,128,0,61396:0:0:0:0:
475,0,61260,128,0,61328:0:0:0:0:
36,0,61328,128,0,61396:0:0:0:0:
109,192,61328,1,0,0:0:0:0:
182,0,61328,128,0,61465:0:0:0:0:
402,0,61328,128,0,61396:0:0:0:0:
329,0,61396,128,0,61465:0:0:0:0:
36,192,61465,1,0,0:0:0:0:
109,0,61465,128,0,61533:0:0:0:0:
256,0,61465,128,0,61533:0:0:0:0:
182,0,61533,128,0,61601:0:0:0:0:
36,0,61601,128,0,61669:0:0:0:0:
109,0,61601,128,0,61669:0:0:0:0:
402,0,61601,128,0,61669:0:0:0:0:
475,0,61601,128,0,61669:0:0:0:0:
256,0,61669,128,0,61737:0:0:0:0:
329,0,61669,128,0,61737:0:0:0:0:
36,0,61737,128,0,61806:0:0:0:0:
109,0,61737,128,0,61806:0:0:0:0:
402,0,61737,128,0,61806:0:0:0:0:
475,0,61737,128,0,61806:0:0:0:0:
182,0,61806,128,0,61874:0:0:0:0:
256,0,61806,128,0,61874:0:0:0:0:
329,0,61874,128,0,62010:0:0:0:0:
402,0,61874,128,0,62010:0:0:0:0:
475,0,61874,128,0,62010:0:0:0:0:
36,0,62010,128,0,62146:0:0:0:0:
109,0,62010,128,0,62146:0:0:0:0:
182,0,62010,128,0,62146:0:0:0:0:
256,0,62146,128,0,62460:0:0:0:0:
329,192,62146,1,0,0:0:0:0:
402,192,62146,1,0,0:0:0:0:
475,192,62146,1,0,0:0:0:0:
36,192,62556,1,0,0:0:0:0:
109,192,62556,1,0,0:0:0:0:
182,192,62556,1,0,0:0:0:0:
256,192,62556,1,0,0:0:0:0:
329,192,62556,1,0,0:0:0:0:
109,192,62821,1,0,0:0:0:0:
182,192,62821,1,0,0:0:0:0:
256,192,62821,1,0,0:0:0:0:
329,192,62821,1,0,0:0:0:0:
402,192,62821,1,0,0:0:0:0:
109,0,63087,128,0,63291:0:0:0:0:
182,0,63087,128,0,63291:0:0:0:0:
256,0,63087,128,0,63428:0:0:0:0:
329,0,63087,128,0,63428:0:0:0:0:
402,0,63087,128,0,63564:0:0:0:0:
475,0,63087,128,0,63564:0:0:0:0:
182,192,63359,1,0,0:0:0:0:
109,0,63359,128,0,63768:0:0:0:0:
329,192,63496,1,0,0:0:0:0:
256,0,63496,128,0,63768:0:0:0:0:
475,192,63632,1,0,0:0:0:0:
402,0,63632,128,0,63768:0:0:0:0:
36,0,63768,128,0,64041:0:0:0:0:
182,0,63768,128,0,64041:0:0:0:0:
329,0,64041,128,0,64314:0:0:0:0:
475,0,64041,128,0,64314:0:0:0:0:
109,192,64314,1,0,0:0:0:0:
182,0,64314,128,0,64587:0:0:0:0:
256,192,64314,1,0,0:0:0:0:
402,192,64314,1,0,0:0:0:0:
36,0,64314,128,0,64859:0:0:0:0:
109,192,64587,1,0,0:0:0:0:
256,192,64587,1,0,0:0:0:0:
402,192,64587,1,0,0:0:0:0:
329,0,64587,128,0,64859:0:0:0:0:
109,0,64859,128,0,64996:0:0:0:0:
182,0,64859,128,0,64928:0:0:0:0:
256,192,64859,1,0,0:0:0:0:
475,0,64859,128,0,65405:0:0:0:0:
182,0,64996,128,0,65132:0:0:0:0:
256,0,64996,128,0,65064:0:0:0:0:
329,192,64996,1,0,0:0:0:0:
256,0,65132,128,0,65405:0:0:0:0:
329,0,65132,128,0,65200:0:0:0:0:
402,192,65132,1,0,0:0:0:0:
109,192,65405,1,0,0:0:0:0:
182,192,65405,1,0,0:0:0:0:
329,192,65405,1,0,0:0:0:0:
402,0,65405,128,0,65541:0:0:0:0:
36,0,65405,128,0,65950:0:0:0:0:
182,192,65541,1,0,0:0:0:0:
256,0,65541,128,0,65678:0:0:0:0:
329,192,65541,1,0,0:0:0:0:
109,0,65678,128,0,65814:0:0:0:0:
182,192,65678,1,0,0:0:0:0:
329,192,65678,1,0,0:0:0:0:
402,192,65678,1,0,0:0:0:0:
182,192,65814,1,0,0:0:0:0:
329,192,65814,1,0,0:0:0:0:
256,0,65814,128,0,65950:0:0:0:0:
109,0,65950,128,0,66087:0:0:0:0:
329,192,65950,1,0,0:0:0:0:
402,192,65950,1,0,0:0:0:0:
475,0,65950,128,0,66496:0:0:0:0:
182,192,66087,1,0,0:0:0:0:
256,0,66087,128,0,66223:0:0:0:0:
329,192,66087,1,0,0:0:0:0:
36,0,66223,128,0,66359:0:0:0:0:
402,0,66223,128,0,66496:0:0:0:0:
109,0,66257,128,0,66359:0:0:0:0:
182,0,66291,128,0,66359:0:0:0:0:
182,192,66496,1,0,0:0:0:0:
256,192,66496,1,0,0:0:0:0:
329,192,66496,1,0,0:0:0:0:
36,192,66632,1,0,0:0:0:0:
109,192,66632,1,0,0:0:0:0:
402,192,66700,1,0,0:0:0:0:
475,192,66700,1,0,0:0:0:0:
109,192,66768,1,0,0:0:0:0:
182,192,66768,1,0,0:0:0:0:
329,192,66837,1,0,0:0:0:0:
402,192,66837,1,0,0:0:0:0:
182,0,66905,128,0,67041:0:0:0:0:
256,0,66905,128,0,67041:0:0:0:0:
36,0,67041,128,0,67314:0:0:0:0:
109,0,67041,128,0,67587:0:0:0:0:
329,0,67041,128,0,67109:0:0:0:0:
475,0,67041,128,0,67109:0:0:0:0:
329,192,67178,1,0,0:0:0:0:
475,192,67178,1,0,0:0:0:0:
182,0,67314,128,0,67587:0:0:0:0:
256,0,67314,128,0,67382:0:0:0:0:
402,0,67314,128,0,67382:0:0:0:0:
256,192,67450,1,0,0:0:0:0:
402,192,67450,1,0,0:0:0:0:
36,0,67587,128,0,67655:0:0:0:0:
256,0,67587,128,0,67655:0:0:0:0:
475,0,67587,128,0,67859:0:0:0:0:
402,0,67587,128,0,68132:0:0:0:0:
36,192,67723,1,0,0:0:0:0:
256,192,67723,1,0,0:0:0:0:
109,0,67859,128,0,67928:0:0:0:0:
182,0,67859,128,0,67928:0:0:0:0:
329,0,67859,128,0,68132:0:0:0:0:
109,192,67996,1,0,0:0:0:0:
182,192,67996,1,0,0:0:0:0:
109,0,68132,128,0,68405:0:0:0:0:
182,0,68132,128,0,68405:0:0:0:0:
329,0,68405,128,0,68678:0:0:0:0:
402,0,68405,128,0,68678:0:0:0:0:
36,0,68678,128,0,69223:0:0:0:0:
109,192,68678,1,0,0:0:0:0:
182,0,68678,128,0,68950:0:0:0:0:
256,192,68678,1,0,0:0:0:0:
256,192,68950,1,0,0:0:0:0:
329,0,68950,128,0,69223:0:0:0:0:
402,192,68950,1,0,0:0:0:0:
109,0,69223,128,0,69768:0:0:0:0:
182,0,69223,128,0,69359:0:0:0:0:
256,0,69223,128,0,69359:0:0:0:0:
36,192,69359,1,0,0:0:0:0:
329,0,69359,128,0,69496:0:0:0:0:
402,0,69359,128,0,69496:0:0:0:0:
475,192,69359,1,0,0:0:0:0:
36,192,69496,1,0,0:0:0:0:
182,192,69496,1,0,0:0:0:0:
256,0,69496,128,0,69768:0:0:0:0:
475,192,69496,1,0,0:0:0:0:
36,192,69768,1,0,0:0:0:0:
182,192,69768,1,0,0:0:0:0:
329,0,69768,128,0,69905:0:0:0:0:
402,192,69768,1,0,0:0:0:0:
475,0,69768,128,0,70314:0:0:0:0:
36,192,69905,1,0,0:0:0:0:
109,192,69905,1,0,0:0:0:0:
256,0,69905,128,0,70041:0:0:0:0:
402,192,69905,1,0,0:0:0:0:
36,192,70041,1,0,0:0:0:0:
182,0,70041,128,0,70178:0:0:0:0:
329,192,70041,1,0,0:0:0:0:
402,192,70041,1,0,0:0:0:0:
36,192,70178,1,0,0:0:0:0:
109,0,70178,128,0,70314:0:0:0:0:
256,192,70178,1,0,0:0:0:0:
402,192,70178,1,0,0:0:0:0:
182,192,70314,1,0,0:0:0:0:
402,192,70314,1,0,0:0:0:0:
36,0,70314,128,0,70859:0:0:0:0:
329,0,70314,128,0,70450:0:0:0:0:
109,192,70450,1,0,0:0:0:0:
182,0,70450,128,0,70587:0:0:0:0:
256,192,70450,1,0,0:0:0:0:
256,0,70587,128,0,70859:0:0:0:0:
475,0,70587,128,0,70723:0:0:0:0:
402,0,70621,128,0,70723:0:0:0:0:
329,0,70655,128,0,70723:0:0:0:0:
109,192,70859,1,0,0:0:0:0:
182,192,70859,1,0,0:0:0:0:
329,192,70859,1,0,0:0:0:0:
402,192,70859,1,0,0:0:0:0:
36,192,70996,1,0,0:0:0:0:
109,192,70996,1,0,0:0:0:0:
182,192,70996,1,0,0:0:0:0:
329,192,71064,1,0,0:0:0:0:
402,192,71064,1,0,0:0:0:0:
475,192,71064,1,0,0:0:0:0:
36,192,71132,1,0,0:0:0:0:
109,192,71132,1,0,0:0:0:0:
182,192,71132,1,0,0:0:0:0:
329,192,71200,1,0,0:0:0:0:
402,192,71200,1,0,0:0:0:0:
475,192,71200,1,0,0:0:0:0:
182,0,71268,128,0,71405:0:0:0:0:
256,0,71268,128,0,71405:0:0:0:0:
402,0,71405,128,0,71473:0:0:0:0:
475,0,71405,128,0,71473:0:0:0:0:
36,0,71405,128,0,71678:0:0:0:0:
109,0,71405,128,0,71950:0:0:0:0:
402,192,71541,1,0,0:0:0:0:
475,192,71541,1,0,0:0:0:0:
182,0,71678,128,0,71950:0:0:0:0:
256,0,71678,128,0,71746:0:0:0:0:
329,0,71678,128,0,71746:0:0:0:0:
256,192,71814,1,0,0:0:0:0:
329,192,71814,1,0,0:0:0:0:
36,0,71950,128,0,72496:0:0:0:0:
402,0,71950,128,0,72223:0:0:0:0:
256,0,72087,128,0,72223:0:0:0:0:
329,0,72223,128,0,72496:0:0:0:0:
182,0,72359,128,0,72496:0:0:0:0:
256,0,72496,128,0,72768:0:0:0:0:
475,0,72496,128,0,73041:0:0:0:0:
109,0,72632,128,0,72768:0:0:0:0:
182,0,72768,128,0,73041:0:0:0:0:
36,0,72905,128,0,73041:0:0:0:0:
109,0,73041,128,0,73314:0:0:0:0:
256,0,73041,128,0,73314:0:0:0:0:
329,0,73041,128,0,73109:0:0:0:0:
402,0,73041,128,0,73109:0:0:0:0:
475,0,73178,128,0,73246:0:0:0:0:
36,0,73314,128,0,73587:0:0:0:0:
182,0,73314,128,0,73587:0:0:0:0:
329,0,73314,128,0,73382:0:0:0:0:
402,0,73314,128,0,73382:0:0:0:0:
475,0,73450,128,0,73518:0:0:0:0:
109,0,73587,128,0,73859:0:0:0:0:
329,0,73587,128,0,73655:0:0:0:0:
402,0,73587,128,0,73655:0:0:0:0:
256,0,73723,128,0,73859:0:0:0:0:
475,0,73723,128,0,73791:0:0:0:0:
329,0,73859,128,0,73928:0:0:0:0:
402,0,73859,128,0,73928:0:0:0:0:
182,0,73859,128,0,74132:0:0:0:0:
475,0,73996,128,0,74064:0:0:0:0:
36,0,74132,128,0,74200:0:0:0:0:
109,0,74132,128,0,74200:0:0:0:0:
329,0,74132,128,0,74268:0:0:0:0:
402,0,74132,128,0,74405:0:0:0:0:
182,0,74268,128,0,74337:0:0:0:0:
256,0,74268,128,0,74405:0:0:0:0:
36,0,74405,128,0,74473:0:0:0:0:
109,0,74405,128,0,74473:0:0:0:0:
329,0,74405,128,0,74541:0:0:0:0:
475,0,74405,128,0,74678:0:0:0:0:
182,0,74541,128,0,74609:0:0:0:0:
402,0,74541,128,0,74678:0:0:0:0:
36,0,74678,128,0,74746:0:0:0:0:
109,0,74678,128,0,74746:0:0:0:0:
256,0,74678,128,0,74814:0:0:0:0:
329,0,74678,128,0,74814:0:0:0:0:
182,0,74814,128,0,74882:0:0:0:0:
402,0,74814,128,0,74950:0:0:0:0:
475,0,74814,128,0,74950:0:0:0:0:
36,0,74950,128,0,75018:0:0:0:0:
109,0,74950,128,0,75018:0:0:0:0:
256,0,74950,128,0,75223:0:0:0:0:
329,0,74950,128,0,75223:0:0:0:0:
182,0,75087,128,0,75155:0:0:0:0:
36,192,75223,1,0,0:0:0:0:
109,192,75223,1,0,0:0:0:0:
402,192,75223,1,0,0:0:0:0:
475,192,75223,1,0,0:0:0:0:
182,192,75359,1,0,0:0:0:0:
329,192,75359,1,0,0:0:0:0:
182,192,75428,1,0,0:0:0:0:
329,192,75428,1,0,0:0:0:0:
256,192,75564,1,0,0:0:0:0:
256,192,75632,1,0,0:0:0:0:
256,192,75700,1,0,0:0:0:0:
36,192,75768,1,0,0:0:0:0:
109,192,75768,1,0,0:0:0:0:
402,192,75768,1,0,0:0:0:0:
475,192,75768,1,0,0:0:0:0:
182,192,75837,1,0,0:0:0:0:
329,192,75837,1,0,0:0:0:0:
36,192,75905,1,0,0:0:0:0:
109,192,75905,1,0,0:0:0:0:
402,192,75905,1,0,0:0:0:0:
475,192,75905,1,0,0:0:0:0:
182,192,75973,1,0,0:0:0:0:
329,192,75973,1,0,0:0:0:0:
109,0,76041,128,0,76143:0:0:0:0:
256,0,76041,128,0,76143:0:0:0:0:
402,0,76041,128,0,76143:0:0:0:0:
109,0,76178,128,0,76280:0:0:0:0:
256,0,76178,128,0,76280:0:0:0:0:
402,0,76178,128,0,76280:0:0:0:0:
182,0,76314,128,0,76484:0:0:0:0:
329,0,76314,128,0,76484:0:0:0:0:
182,0,76518,128,0,76689:0:0:0:0:
329,0,76518,128,0,76689:0:0:0:0:
182,0,76723,128,0,76859:0:0:0:0:
329,0,76723,128,0,76859:0:0:0:0:
256,192,76859,1,0,0:0:0:0:
109,0,76859,128,0,77337:0:0:0:0:
402,192,76996,1,0,0:0:0:0:
256,0,76996,128,0,77337:0:0:0:0:
36,192,77132,1,0,0:0:0:0:
182,192,77132,1,0,0:0:0:0:
402,0,77132,128,0,77337:0:0:0:0:
329,192,77268,1,0,0:0:0:0:
475,192,77268,1,0,0:0:0:0:
36,0,77405,128,0,77678:0:0:0:0:
109,192,77405,1,0,0:0:0:0:
182,192,77405,1,0,0:0:0:0:
329,0,77405,128,0,77473:0:0:0:0:
109,192,77541,1,0,0:0:0:0:
182,192,77541,1,0,0:0:0:0:
256,0,77541,128,0,77609:0:0:0:0:
182,0,77678,128,0,77746:0:0:0:0:
329,192,77678,1,0,0:0:0:0:
402,192,77678,1,0,0:0:0:0:
475,0,77678,128,0,77950:0:0:0:0:
256,0,77814,128,0,77882:0:0:0:0:
329,192,77814,1,0,0:0:0:0:
402,192,77814,1,0,0:0:0:0:
36,192,77950,1,0,0:0:0:0:
182,192,77950,1,0,0:0:0:0:
109,0,77950,128,0,78496:0:0:0:0:
182,192,78087,1,0,0:0:0:0:
329,192,78087,1,0,0:0:0:0:
256,0,78087,128,0,78496:0:0:0:0:
329,192,78223,1,0,0:0:0:0:
475,192,78223,1,0,0:0:0:0:
402,0,78223,128,0,78496:0:0:0:0:
36,192,78359,1,0,0:0:0:0:
182,192,78359,1,0,0:0:0:0:
329,0,78496,128,0,78564:0:0:0:0:
475,0,78496,128,0,78564:0:0:0:0:
329,0,78632,128,0,78700:0:0:0:0:
475,0,78632,128,0,78700:0:0:0:0:
36,0,78768,128,0,78837:0:0:0:0:
182,0,78768,128,0,78837:0:0:0:0:
36,0,78905,128,0,78973:0:0:0:0:
182,0,78905,128,0,78973:0:0:0:0:
329,0,79041,128,0,79178:0:0:0:0:
402,0,79041,128,0,79178:0:0:0:0:
182,0,79178,128,0,79314:0:0:0:0:
256,0,79178,128,0,79314:0:0:0:0:
36,0,79314,128,0,79587:0:0:0:0:
109,0,79314,128,0,79587:0:0:0:0:
475,0,79314,128,0,79450:0:0:0:0:
402,0,79348,128,0,79450:0:0:0:0:
329,0,79382,128,0,79450:0:0:0:0:
329,0,79587,128,0,79723:0:0:0:0:
402,192,79587,1,0,0:0:0:0:
475,0,79587,128,0,79723:0:0:0:0:
36,0,79723,128,0,79859:0:0:0:0:
109,192,79723,1,0,0:0:0:0:
182,0,79723,128,0,79859:0:0:0:0:
402,192,79723,1,0,0:0:0:0:
109,192,79859,1,0,0:0:0:0:
329,0,79859,128,0,79996:0:0:0:0:
402,192,79859,1,0,0:0:0:0:
475,0,79859,128,0,79996:0:0:0:0:
36,0,79996,128,0,80132:0:0:0:0:
109,192,79996,1,0,0:0:0:0:
182,0,79996,128,0,80132:0:0:0:0:
402,192,79996,1,0,0:0:0:0:
109,192,80132,1,0,0:0:0:0:
329,0,80132,128,0,80268:0:0:0:0:
402,192,80132,1,0,0:0:0:0:
475,0,80132,128,0,80268:0:0:0:0:
256,0,80132,128,0,80678:0:0:0:0:
36,0,80268,128,0,80405:0:0:0:0:
109,192,80268,1,0,0:0:0:0:
182,0,80268,128,0,80405:0:0:0:0:
402,192,80268,1,0,0:0:0:0:
109,192,80405,1,0,0:0:0:0:
402,192,80405,1,0,0:0:0:0:
329,0,80405,128,0,80541:0:0:0:0:
475,0,80405,128,0,80541:0:0:0:0:
36,0,80541,128,0,80678:0:0:0:0:
109,192,80541,1,0,0:0:0:0:
182,0,80541,128,0,80678:0:0:0:0:
402,192,80541,1,0,0:0:0:0:
109,192,80678,1,0,0:0:0:0:
329,0,80678,128,0,80950:0:0:0:0:
475,0,80678,128,0,81223:0:0:0:0:
182,192,80950,1,0,0:0:0:0:
256,0,80950,128,0,81087:0:0:0:0:
402,0,80950,128,0,81223:0:0:0:0:
109,192,81087,1,0,0:0:0:0:
182,0,81087,128,0,81223:0:0:0:0:
256,0,81223,128,0,81496:0:0:0:0:
329,0,81223,128,0,81496:0:0:0:0:
36,0,81496,128,0,81768:0:0:0:0:
109,0,81496,128,0,81768:0:0:0:0:
182,0,81768,128,0,81905:0:0:0:0:
329,0,81768,128,0,81905:0:0:0:0:
402,192,81768,1,0,0:0:0:0:
475,192,81768,1,0,0:0:0:0:
109,0,81905,128,0,82041:0:0:0:0:
256,0,81905,128,0,82041:0:0:0:0:
182,0,82041,128,0,82178:0:0:0:0:
329,0,82041,128,0,82178:0:0:0:0:
256,0,82178,128,0,82314:0:0:0:0:
402,0,82178,128,0,82314:0:0:0:0:
36,0,82314,128,0,82382:0:0:0:0:
182,0,82314,128,0,82382:0:0:0:0:
329,0,82314,128,0,82382:0:0:0:0:
475,0,82314,128,0,82382:0:0:0:0:
109,0,82382,128,0,82450:0:0:0:0:
256,0,82382,128,0,82450:0:0:0:0:
402,0,82382,128,0,82450:0:0:0:0:
36,0,82450,128,0,82518:0:0:0:0:
182,0,82450,128,0,82518:0:0:0:0:
329,0,82450,128,0,82518:0:0:0:0:
475,0,82450,128,0,82518:0:0:0:0:
109,0,82518,128,0,82587:0:0:0:0:
256,0,82518,128,0,82587:0:0:0:0:
402,0,82518,128,0,82587:0:0:0:0:
182,0,82587,128,0,82859:0:0:0:0:
329,0,82587,128,0,82859:0:0:0:0:
36,0,82723,128,0,82859:0:0:0:0:
475,0,82723,128,0,82859:0:0:0:0:
402,0,82859,128,0,82996:0:0:0:0:
109,0,82996,128,0,83132:0:0:0:0:
256,0,83132,128,0,83268:0:0:0:0:
402,0,83268,128,0,83405:0:0:0:0:
109,0,83405,128,0,83473:0:0:0:0:
256,0,83473,128,0,83541:0:0:0:0:
182,0,83541,128,0,83609:0:0:0:0:
109,0,83609,128,0,83678:0:0:0:0:
256,0,83678,128,0,83814:0:0:0:0:
329,0,83678,128,0,83814:0:0:0:0:
402,0,83814,128,0,83950:0:0:0:0:
475,0,83814,128,0,83950:0:0:0:0:
36,0,83950,128,0,84291:0:0:0:0:
109,0,83950,128,0,84291:0:0:0:0:
182,0,83950,128,0,84291:0:0:0:0:
256,192,84087,1,0,0:0:0:0:
402,192,84223,1,0,0:0:0:0:
36,0,84359,128,0,84564:0:0:0:0:
109,0,84359,128,0,84564:0:0:0:0:
182,0,84359,128,0,84564:0:0:0:0:
329,0,84359,128,0,84564:0:0:0:0:
402,0,84359,128,0,84564:0:0:0:0:
475,0,84359,128,0,84564:0:0:0:0:
36,0,84632,128,0,84837:0:0:0:0:
109,0,84632,128,0,84837:0:0:0:0:
182,0,84632,128,0,84837:0:0:0:0:
329,0,84632,128,0,84837:0:0:0:0:
402,0,84632,128,0,84837:0:0:0:0:
475,0,84632,128,0,84837:0:0:0:0:
36,192,84905,1,0,0:0:0:0:
109,192,84905,1,0,0:0:0:0:
182,192,84905,1,0,0:0:0:0:
329,192,84905,1,0,0:0:0:0:
402,192,84905,1,0,0:0:0:0:
475,192,84905,1,0,0:0:0:0:
109,0,85041,128,0,85859:0:0:0:0:
402,0,85042,128,0,85859:0:0:0:0:
182,192,85859,1,0,0:0:0:0:
256,192,85859,1,0,0:0:0:0:
329,192,85859,1,0,0:0:0:0:
36,0,86132,128,0,86405:0:0:0:0:
109,192,86132,1,0,0:0:0:0:
182,192,86132,1,0,0:0:0:0:
329,0,86132,128,0,86200:0:0:0:0:
402,192,86132,1,0,0:0:0:0:
256,192,86200,1,0,0:0:0:0:
475,0,86200,128,0,86337:0:0:0:0:
109,0,86268,128,0,86337:0:0:0:0:
182,0,86268,128,0,86337:0:0:0:0:
329,192,86268,1,0,0:0:0:0:
402,0,86268,128,0,86337:0:0:0:0:
256,192,86337,1,0,0:0:0:0:
109,192,86405,1,0,0:0:0:0:
182,0,86405,128,0,86473:0:0:0:0:
329,192,86405,1,0,0:0:0:0:
402,192,86405,1,0,0:0:0:0:
475,0,86405,128,0,86678:0:0:0:0:
36,0,86473,128,0,86609:0:0:0:0:
256,192,86473,1,0,0:0:0:0:
109,0,86541,128,0,86609:0:0:0:0:
182,192,86541,1,0,0:0:0:0:
329,0,86541,128,0,86609:0:0:0:0:
402,0,86541,128,0,86609:0:0:0:0:
256,192,86609,1,0,0:0:0:0:
36,0,86678,128,0,86746:0:0:0:0:
182,0,86678,128,0,86746:0:0:0:0:
329,0,86678,128,0,86746:0:0:0:0:
109,0,86746,128,0,86814:0:0:0:0:
256,0,86746,128,0,86814:0:0:0:0:
402,0,86746,128,0,86814:0:0:0:0:
182,0,86814,128,0,86882:0:0:0:0:
329,0,86814,128,0,86882:0:0:0:0:
475,0,86814,128,0,86882:0:0:0:0:
109,0,86882,128,0,86950:0:0:0:0:
256,0,86882,128,0,86950:0:0:0:0:
402,0,86882,128,0,86950:0:0:0:0:
36,0,86950,128,0,87087:0:0:0:0:
182,0,86950,128,0,87087:0:0:0:0:
329,0,87087,128,0,87223:0:0:0:0:
475,0,87087,128,0,87223:0:0:0:0:
36,0,87223,128,0,87496:0:0:0:0:
109,192,87223,1,0,0:0:0:0:
182,192,87223,1,0,0:0:0:0:
256,0,87223,128,0,87291:0:0:0:0:
329,0,87291,128,0,87359:0:0:0:0:
109,192,87359,1,0,0:0:0:0:
182,0,87359,128,0,87428:0:0:0:0:
402,192,87359,1,0,0:0:0:0:
475,192,87359,1,0,0:0:0:0:
256,0,87428,128,0,87496:0:0:0:0:
109,0,87496,128,0,87564:0:0:0:0:
329,192,87496,1,0,0:0:0:0:
402,192,87496,1,0,0:0:0:0:
475,0,87496,128,0,87768:0:0:0:0:
182,0,87564,128,0,87632:0:0:0:0:
36,0,87632,128,0,87700:0:0:0:0:
256,192,87632,1,0,0:0:0:0:
329,192,87632,1,0,0:0:0:0:
402,192,87632,1,0,0:0:0:0:
109,0,87700,128,0,87768:0:0:0:0:
182,0,87768,128,0,87837:0:0:0:0:
329,0,87768,128,0,87837:0:0:0:0:
109,0,87837,128,0,87905:0:0:0:0:
256,0,87837,128,0,87905:0:0:0:0:
402,0,87837,128,0,87905:0:0:0:0:
182,0,87905,128,0,87973:0:0:0:0:
329,0,87905,128,0,87973:0:0:0:0:
109,0,87973,128,0,88041:0:0:0:0:
256,0,87973,128,0,88041:0:0:0:0:
402,0,87973,128,0,88041:0:0:0:0:
182,0,88041,128,0,88178:0:0:0:0:
329,0,88041,128,0,88178:0:0:0:0:
475,0,88041,128,0,88178:0:0:0:0:
109,0,88178,128,0,88314:0:0:0:0:
256,0,88178,128,0,88314:0:0:0:0:
402,0,88178,128,0,88314:0:0:0:0:
36,0,88314,128,0,88518:0:0:0:0:
329,0,88314,128,0,88518:0:0:0:0:
475,0,88314,128,0,88518:0:0:0:0:
109,0,88382,128,0,88587:0:0:0:0:
182,0,88450,128,0,88655:0:0:0:0:
402,0,88450,128,0,88655:0:0:0:0:
256,0,88518,128,0,88723:0:0:0:0:
36,0,88587,128,0,88791:0:0:0:0:
475,0,88587,128,0,88791:0:0:0:0:
329,0,88587,128,0,88928:0:0:0:0:
109,0,88655,128,0,88928:0:0:0:0:
182,0,88723,128,0,88791:0:0:0:0:
402,0,88723,128,0,88859:0:0:0:0:
256,0,88791,128,0,88996:0:0:0:0:
36,0,88859,128,0,89064:0:0:0:0:
182,0,88859,128,0,89064:0:0:0:0:
475,0,88859,128,0,89064:0:0:0:0:
402,0,88928,128,0,89132:0:0:0:0:
109,0,88996,128,0,89200:0:0:0:0:
329,0,88996,128,0,89200:0:0:0:0:
256,0,89064,128,0,89268:0:0:0:0:
36,0,89132,128,0,89337:0:0:0:0:
182,0,89132,128,0,89405:0:0:0:0:
475,0,89132,128,0,89337:0:0:0:0:
402,0,89200,128,0,89337:0:0:0:0:
109,0,89268,128,0,89337:0:0:0:0:
329,0,89268,128,0,89541:0:0:0:0:
256,0,89337,128,0,89473:0:0:0:0:
36,0,89405,128,0,89609:0:0:0:0:
109,0,89405,128,0,89609:0:0:0:0:
402,0,89405,128,0,89609:0:0:0:0:
475,0,89405,128,0,89609:0:0:0:0:
182,0,89473,128,0,89814:0:0:0:0:
256,0,89541,128,0,89746:0:0:0:0:
329,0,89609,128,0,89678:0:0:0:0:
36,0,89678,128,0,89882:0:0:0:0:
109,0,89678,128,0,89882:0:0:0:0:
402,0,89678,128,0,90155:0:0:0:0:
475,0,89678,128,0,90155:0:0:0:0:
329,0,89746,128,0,90018:0:0:0:0:
256,0,89814,128,0,90018:0:0:0:0:
182,0,89882,128,0,90018:0:0:0:0:
36,0,89950,128,0,90155:0:0:0:0:
109,0,89950,128,0,90155:0:0:0:0:
182,0,90087,128,0,90223:0:0:0:0:
256,0,90087,128,0,90223:0:0:0:0:
329,0,90087,128,0,90223:0:0:0:0:
36,0,90223,128,0,90428:0:0:0:0:
109,0,90223,128,0,90428:0:0:0:0:
402,0,90223,128,0,90428:0:0:0:0:
475,0,90223,128,0,90428:0:0:0:0:
109,192,90496,1,0,0:0:0:0:
182,0,90496,128,0,90564:0:0:0:0:
329,192,90496,1,0,0:0:0:0:
402,192,90496,1,0,0:0:0:0:
475,0,90496,128,0,90768:0:0:0:0:
36,0,90564,128,0,90700:0:0:0:0:
256,192,90564,1,0,0:0:0:0:
109,0,90632,128,0,90700:0:0:0:0:
182,192,90632,1,0,0:0:0:0:
329,0,90632,128,0,90700:0:0:0:0:
402,0,90632,128,0,90700:0:0:0:0:
256,192,90700,1,0,0:0:0:0:
36,0,90768,128,0,91041:0:0:0:0:
109,192,90768,1,0,0:0:0:0:
182,192,90768,1,0,0:0:0:0:
329,0,90768,128,0,90837:0:0:0:0:
402,192,90768,1,0,0:0:0:0:
256,192,90837,1,0,0:0:0:0:
475,0,90837,128,0,90973:0:0:0:0:
109,0,90905,128,0,90973:0:0:0:0:
182,0,90905,128,0,90973:0:0:0:0:
329,192,90905,1,0,0:0:0:0:
402,0,90905,128,0,90973:0:0:0:0:
256,192,90973,1,0,0:0:0:0:
182,0,91041,128,0,91109:0:0:0:0:
329,0,91041,128,0,91109:0:0:0:0:
475,0,91041,128,0,91109:0:0:0:0:
109,0,91109,128,0,91178:0:0:0:0:
256,0,91109,128,0,91178:0:0:0:0:
402,0,91109,128,0,91178:0:0:0:0:
36,0,91178,128,0,91246:0:0:0:0:
182,0,91178,128,0,91246:0:0:0:0:
329,0,91178,128,0,91246:0:0:0:0:
109,0,91246,128,0,91314:0:0:0:0:
256,0,91246,128,0,91314:0:0:0:0:
402,0,91246,128,0,91314:0:0:0:0:
329,0,91314,128,0,91450:0:0:0:0:
475,0,91314,128,0,91450:0:0:0:0:
36,0,91450,128,0,91587:0:0:0:0:
182,0,91450,128,0,91587:0:0:0:0:
109,192,91587,1,0,0:0:0:0:
256,0,91587,128,0,91655:0:0:0:0:
329,192,91587,1,0,0:0:0:0:
402,192,91587,1,0,0:0:0:0:
475,0,91587,128,0,91859:0:0:0:0:
182,0,91655,128,0,91723:0:0:0:0:
36,192,91723,1,0,0:0:0:0:
109,192,91723,1,0,0:0:0:0:
329,0,91723,128,0,91791:0:0:0:0:
402,192,91723,1,0,0:0:0:0:
256,0,91791,128,0,91859:0:0:0:0:
36,0,91859,128,0,92132:0:0:0:0:
109,192,91859,1,0,0:0:0:0:
182,192,91859,1,0,0:0:0:0:
402,0,91859,128,0,91928:0:0:0:0:
329,0,91928,128,0,91996:0:0:0:0:
109,192,91996,1,0,0:0:0:0:
182,192,91996,1,0,0:0:0:0:
256,192,91996,1,0,0:0:0:0:
475,0,91996,128,0,92064:0:0:0:0:
402,0,92064,128,0,92132:0:0:0:0:
182,0,92132,128,0,92200:0:0:0:0:
329,0,92132,128,0,92200:0:0:0:0:
109,0,92200,128,0,92268:0:0:0:0:
256,0,92200,128,0,92268:0:0:0:0:
402,0,92200,128,0,92268:0:0:0:0:
182,0,92268,128,0,92337:0:0:0:0:
329,0,92268,128,0,92337:0:0:0:0:
109,0,92337,128,0,92405:0:0:0:0:
256,0,92337,128,0,92405:0:0:0:0:
402,0,92337,128,0,92405:0:0:0:0:
36,0,92405,128,0,92541:0:0:0:0:
182,0,92405,128,0,92541:0:0:0:0:
329,0,92405,128,0,92541:0:0:0:0:
109,0,92541,128,0,92678:0:0:0:0:
256,0,92541,128,0,92678:0:0:0:0:
402,0,92541,128,0,92678:0:0:0:0:
36,0,92678,128,0,92746:0:0:0:0:
182,0,92678,128,0,92746:0:0:0:0:
329,0,92678,128,0,92746:0:0:0:0:
475,0,92678,128,0,92746:0:0:0:0:
36,192,92814,1,0,0:0:0:0:
182,192,92814,1,0,0:0:0:0:
329,192,92814,1,0,0:0:0:0:
475,192,92814,1,0,0:0:0:0:
36,192,93087,1,0,0:0:0:0:
109,192,93087,1,0,0:0:0:0:
256,192,93087,1,0,0:0:0:0:
402,192,93087,1,0,0:0:0:0:
475,192,93087,1,0,0:0:0:0:
36,192,93352,1,0,0:0:0:0:
182,192,93352,1,0,0:0:0:0:
256,192,93352,1,0,0:0:0:0:
329,192,93352,1,0,0:0:0:0:
475,192,93352,1,0,0:0:0:0:
36,192,93618,1,0,0:0:0:0:
109,0,93618,128,0,93822:0:0:0:0:
256,0,93618,128,0,93959:0:0:0:0:
402,0,93618,128,0,94095:0:0:0:0:
475,192,93618,1,0,0:0:0:0:
36,0,93890,128,0,94231:0:0:0:0:
109,192,93890,1,0,0:0:0:0:
182,192,93890,1,0,0:0:0:0:
256,192,94027,1,0,0:0:0:0:
329,192,94027,1,0,0:0:0:0:
182,0,94027,128,0,94368:0:0:0:0:
402,192,94163,1,0,0:0:0:0:
475,192,94163,1,0,0:0:0:0:
329,0,94163,128,0,94504:0:0:0:0:
109,192,94300,1,0,0:0:0:0:
36,0,94300,128,0,94572:0:0:0:0:
182,0,94436,128,0,94572:0:0:0:0:
256,192,94436,1,0,0:0:0:0:
109,192,94572,1,0,0:0:0:0:
329,192,94572,1,0,0:0:0:0:
402,192,94572,1,0,0:0:0:0:
475,192,94572,1,0,0:0:0:0:
36,192,94845,1,0,0:0:0:0:
109,192,94845,1,0,0:0:0:0:
256,192,94845,1,0,0:0:0:0:
329,192,94845,1,0,0:0:0:0:
402,192,94845,1,0,0:0:0:0:
475,192,94845,1,0,0:0:0:0:
182,192,94913,1,0,0:0:0:0:
36,192,94981,1,0,0:0:0:0:
256,192,94981,1,0,0:0:0:0:
329,192,94981,1,0,0:0:0:0:
402,192,94981,1,0,0:0:0:0:
475,192,94981,1,0,0:0:0:0:
109,192,95050,1,0,0:0:0:0:
182,192,95118,1,0,0:0:0:0:
256,192,95118,1,0,0:0:0:0:
329,192,95118,1,0,0:0:0:0:
402,192,95118,1,0,0:0:0:0:
475,192,95118,1,0,0:0:0:0:
36,192,95186,1,0,0:0:0:0:
109,192,95254,1,0,0:0:0:0:
182,192,95254,1,0,0:0:0:0:
256,192,95254,1,0,0:0:0:0:
329,192,95254,1,0,0:0:0:0:
402,192,95254,1,0,0:0:0:0:
475,192,95322,1,0,0:0:0:0:
36,192,95390,1,0,0:0:0:0:
109,192,95390,1,0,0:0:0:0:
182,192,95390,1,0,0:0:0:0:
256,192,95390,1,0,0:0:0:0:
329,192,95390,1,0,0:0:0:0:
402,192,95459,1,0,0:0:0:0:
36,192,95527,1,0,0:0:0:0:
109,192,95527,1,0,0:0:0:0:
182,192,95527,1,0,0:0:0:0:
256,192,95527,1,0,0:0:0:0:
475,192,95527,1,0,0:0:0:0:
329,192,95595,1,0,0:0:0:0:
36,192,95663,1,0,0:0:0:0:
109,192,95663,1,0,0:0:0:0:
182,192,95663,1,0,0:0:0:0:
402,192,95663,1,0,0:0:0:0:
475,192,95663,1,0,0:0:0:0:
256,192,95731,1,0,0:0:0:0:
36,192,95800,1,0,0:0:0:0:
109,192,95800,1,0,0:0:0:0:
329,192,95800,1,0,0:0:0:0:
402,192,95800,1,0,0:0:0:0:
475,192,95800,1,0,0:0:0:0:
182,192,95868,1,0,0:0:0:0:
36,192,95936,1,0,0:0:0:0:
256,192,95936,1,0,0:0:0:0:
329,192,95936,1,0,0:0:0:0:
402,192,95936,1,0,0:0:0:0:
475,192,95936,1,0,0:0:0:0:
182,192,96004,1,0,0:0:0:0:
36,192,96072,1,0,0:0:0:0:
109,192,96072,1,0,0:0:0:0:
329,192,96072,1,0,0:0:0:0:
402,192,96072,1,0,0:0:0:0:
475,192,96072,1,0,0:0:0:0:
256,192,96140,1,0,0:0:0:0:
36,192,96209,1,0,0:0:0:0:
109,192,96209,1,0,0:0:0:0:
182,192,96209,1,0,0:0:0:0:
402,192,96209,1,0,0:0:0:0:
475,192,96209,1,0,0:0:0:0:
329,192,96277,1,0,0:0:0:0:
36,192,96345,1,0,0:0:0:0:
109,192,96345,1,0,0:0:0:0:
182,192,96345,1,0,0:0:0:0:
256,192,96345,1,0,0:0:0:0:
256,192,96413,1,0,0:0:0:0:
329,192,96413,1,0,0:0:0:0:
402,192,96413,1,0,0:0:0:0:
475,192,96413,1,0,0:0:0:0:
36,192,96481,1,0,0:0:0:0:
109,192,96481,1,0,0:0:0:0:
182,192,96481,1,0,0:0:0:0:
256,192,96481,1,0,0:0:0:0:
329,192,96550,1,0,0:0:0:0:
36,192,96618,1,0,0:0:0:0:
109,192,96618,1,0,0:0:0:0:
182,192,96618,1,0,0:0:0:0:
402,192,96618,1,0,0:0:0:0:
475,192,96618,1,0,0:0:0:0:
256,192,96686,1,0,0:0:0:0:
36,0,96754,128,0,96890:0:0:0:0:
109,192,96754,1,0,0:0:0:0:
182,192,96754,1,0,0:0:0:0:
329,192,96754,1,0,0:0:0:0:
402,192,96754,1,0,0:0:0:0:
475,0,96754,128,0,96890:0:0:0:0:
109,0,96890,128,0,97027:0:0:0:0:
182,192,96890,1,0,0:0:0:0:
256,192,96890,1,0,0:0:0:0:
329,192,96890,1,0,0:0:0:0:
402,0,96890,128,0,97027:0:0:0:0:
36,192,97027,1,0,0:0:0:0:
182,192,97027,1,0,0:0:0:0:
256,192,97027,1,0,0:0:0:0:
329,192,97027,1,0,0:0:0:0:
475,192,97027,1,0,0:0:0:0:
36,192,97231,1,0,0:0:0:0:
182,192,97231,1,0,0:0:0:0:
256,192,97231,1,0,0:0:0:0:
329,192,97231,1,0,0:0:0:0:
475,192,97231,1,0,0:0:0:0:
36,192,97436,1,0,0:0:0:0:
182,192,97436,1,0,0:0:0:0:
256,192,97436,1,0,0:0:0:0:
329,192,97436,1,0,0:0:0:0:
475,192,97436,1,0,0:0:0:0:
109,192,97572,1,0,0:0:0:0:
182,192,97572,1,0,0:0:0:0:
256,192,97572,1,0,0:0:0:0:
329,192,97572,1,0,0:0:0:0:
402,192,97572,1,0,0:0:0:0:
109,192,97777,1,0,0:0:0:0:
182,192,97777,1,0,0:0:0:0:
256,192,97777,1,0,0:0:0:0:
329,192,97777,1,0,0:0:0:0:
402,192,97777,1,0,0:0:0:0:
109,192,97981,1,0,0:0:0:0:
182,192,97981,1,0,0:0:0:0:
256,192,97981,1,0,0:0:0:0:
329,192,97981,1,0,0:0:0:0:
402,192,97981,1,0,0:0:0:0:
36,192,98118,1,0,0:0:0:0:
109,192,98118,1,0,0:0:0:0:
182,192,98118,1,0,0:0:0:0:
256,192,98118,1,0,0:0:0:0:
109,192,98254,1,0,0:0:0:0:
182,192,98254,1,0,0:0:0:0:
256,192,98254,1,0,0:0:0:0:
329,192,98254,1,0,0:0:0:0:
182,192,98390,1,0,0:0:0:0:
256,192,98390,1,0,0:0:0:0:
329,192,98390,1,0,0:0:0:0:
402,192,98390,1,0,0:0:0:0:
256,192,98527,1,0,0:0:0:0:
329,192,98527,1,0,0:0:0:0:
402,192,98527,1,0,0:0:0:0:
475,192,98527,1,0,0:0:0:0:
36,0,98663,128,0,98800:0:0:0:0:
109,0,98663,128,0,98800:0:0:0:0:
182,0,98663,128,0,98800:0:0:0:0:
256,0,98800,128,0,98936:0:0:0:0:
329,0,98800,128,0,98936:0:0:0:0:
36,192,98936,1,0,0:0:0:0:
109,192,98936,1,0,0:0:0:0:
182,192,98936,1,0,0:0:0:0:
402,0,98936,128,0,99209:0:0:0:0:
475,0,98936,128,0,99209:0:0:0:0:
36,192,99209,1,0,0:0:0:0:
109,192,99209,1,0,0:0:0:0:
182,192,99209,1,0,0:0:0:0:
256,192,99209,1,0,0:0:0:0:
329,192,99209,1,0,0:0:0:0:
402,192,99277,1,0,0:0:0:0:
36,192,99345,1,0,0:0:0:0:
109,192,99345,1,0,0:0:0:0:
182,192,99345,1,0,0:0:0:0:
256,192,99345,1,0,0:0:0:0:
475,192,99345,1,0,0:0:0:0:
329,192,99413,1,0,0:0:0:0:
36,192,99481,1,0,0:0:0:0:
109,192,99481,1,0,0:0:0:0:
182,192,99481,1,0,0:0:0:0:
402,192,99481,1,0,0:0:0:0:
475,192,99481,1,0,0:0:0:0:
256,192,99550,1,0,0:0:0:0:
36,192,99618,1,0,0:0:0:0:
109,192,99618,1,0,0:0:0:0:
329,192,99618,1,0,0:0:0:0:
402,192,99618,1,0,0:0:0:0:
475,192,99618,1,0,0:0:0:0:
182,192,99686,1,0,0:0:0:0:
36,192,99754,1,0,0:0:0:0:
256,192,99754,1,0,0:0:0:0:
329,192,99754,1,0,0:0:0:0:
402,192,99754,1,0,0:0:0:0:
475,192,99754,1,0,0:0:0:0:
109,192,99822,1,0,0:0:0:0:
182,192,99890,1,0,0:0:0:0:
256,192,99890,1,0,0:0:0:0:
329,192,99890,1,0,0:0:0:0:
402,192,99890,1,0,0:0:0:0:
475,192,99890,1,0,0:0:0:0:
36,192,99959,1,0,0:0:0:0:
109,192,100027,1,0,0:0:0:0:
182,192,100027,1,0,0:0:0:0:
256,192,100027,1,0,0:0:0:0:
329,192,100027,1,0,0:0:0:0:
402,192,100027,1,0,0:0:0:0:
475,192,100095,1,0,0:0:0:0:
36,192,100163,1,0,0:0:0:0:
109,192,100163,1,0,0:0:0:0:
256,192,100163,1,0,0:0:0:0:
329,192,100163,1,0,0:0:0:0:
402,192,100231,1,0,0:0:0:0:
36,192,100300,1,0,0:0:0:0:
109,192,100300,1,0,0:0:0:0:
182,192,100300,1,0,0:0:0:0:
329,192,100300,1,0,0:0:0:0:
475,192,100300,1,0,0:0:0:0:
256,192,100368,1,0,0:0:0:0:
36,192,100436,1,0,0:0:0:0:
109,192,100436,1,0,0:0:0:0:
182,192,100436,1,0,0:0:0:0:
402,192,100436,1,0,0:0:0:0:
475,192,100436,1,0,0:0:0:0:
329,192,100504,1,0,0:0:0:0:
36,192,100572,1,0,0:0:0:0:
109,192,100572,1,0,0:0:0:0:
182,192,100572,1,0,0:0:0:0:
256,192,100572,1,0,0:0:0:0:
475,192,100572,1,0,0:0:0:0:
402,192,100640,1,0,0:0:0:0:
36,192,100709,1,0,0:0:0:0:
109,192,100709,1,0,0:0:0:0:
182,192,100709,1,0,0:0:0:0:
256,192,100709,1,0,0:0:0:0:
256,192,100777,1,0,0:0:0:0:
329,192,100777,1,0,0:0:0:0:
402,192,100777,1,0,0:0:0:0:
475,192,100777,1,0,0:0:0:0:
36,192,100845,1,0,0:0:0:0:
109,192,100845,1,0,0:0:0:0:
182,192,100845,1,0,0:0:0:0:
256,192,100845,1,0,0:0:0:0:
109,192,100981,1,0,0:0:0:0:
182,192,100981,1,0,0:0:0:0:
256,192,100981,1,0,0:0:0:0:
329,192,100981,1,0,0:0:0:0:
36,0,101118,128,0,101254:0:0:0:0:
109,0,101118,128,0,101254:0:0:0:0:
402,0,101118,128,0,101254:0:0:0:0:
475,0,101118,128,0,101254:0:0:0:0:
182,0,101254,128,0,101390:0:0:0:0:
256,0,101254,128,0,101390:0:0:0:0:
329,0,101254,128,0,101390:0:0:0:0:
36,0,101390,128,0,101459:0:0:0:0:
109,0,101390,128,0,101459:0:0:0:0:
402,0,101390,128,0,101459:0:0:0:0:
475,0,101390,128,0,101459:0:0:0:0:
36,192,101527,1,0,0:0:0:0:
109,192,101527,1,0,0:0:0:0:
402,192,101527,1,0,0:0:0:0:
475,192,101527,1,0,0:0:0:0:
109,192,101800,1,0,0:0:0:0:
182,192,101800,1,0,0:0:0:0:
256,192,101800,1,0,0:0:0:0:
329,192,101800,1,0,0:0:0:0:
402,192,101800,1,0,0:0:0:0:
36,192,102065,1,0,0:0:0:0:
182,192,102065,1,0,0:0:0:0:
256,192,102065,1,0,0:0:0:0:
329,192,102065,1,0,0:0:0:0:
475,192,102065,1,0,0:0:0:0:
36,0,102331,128,0,102558:0:0:0:0:
109,0,102331,128,0,102558:0:0:0:0:
256,0,102331,128,0,102558:0:0:0:0:
402,0,102331,128,0,102558:0:0:0:0:
475,0,102331,128,0,102558:0:0:0:0:
36,192,102603,1,0,0:0:0:0:
109,192,102603,1,0,0:0:0:0:
256,192,102603,1,0,0:0:0:0:
402,192,102603,1,0,0:0:0:0:
475,192,102603,1,0,0:0:0:0:
182,0,102740,128,0,103012:0:0:0:0:
329,0,102740,128,0,103012:0:0:0:0:
109,0,103012,128,0,103285:0:0:0:0:
402,0,103012,128,0,103285:0:0:0:0:
36,0,103285,128,0,103558:0:0:0:0:
475,0,103285,128,0,103558:0:0:0:0:
109,0,103558,128,0,103967:0:0:0:0:
182,0,103558,128,0,103592:0:0:0:0:
256,0,103558,128,0,103575:0:0:0:0:
329,192,103558,1,0,0:0:0:0:
256,0,103967,128,0,104001:0:0:0:0:
329,0,103967,128,0,103984:0:0:0:0:
402,192,103967,1,0,0:0:0:0:
182,0,103967,128,0,104376:0:0:0:0:
256,0,104376,128,0,104642:0:0:0:0:
329,0,104376,128,0,104399:0:0:0:0:
402,0,104376,128,0,104387:0:0:0:0:
475,192,104376,1,0,0:0:0:0:
329,0,104642,128,0,104778:0:0:0:0:
402,192,104642,1,0,0:0:0:0:
475,0,104642,128,0,104778:0:0:0:0:
36,0,104778,128,0,104914:0:0:0:0:
109,192,104778,1,0,0:0:0:0:
182,0,104778,128,0,104914:0:0:0:0:
329,0,104914,128,0,105051:0:0:0:0:
402,0,104914,128,0,105051:0:0:0:0:
475,192,104914,1,0,0:0:0:0:
36,192,105051,1,0,0:0:0:0:
109,0,105051,128,0,105187:0:0:0:0:
182,0,105051,128,0,105187:0:0:0:0:
256,0,105187,128,0,105255:0:0:0:0:
329,0,105187,128,0,105255:0:0:0:0:
402,0,105187,128,0,105255:0:0:0:0:
475,0,105187,128,0,105323:0:0:0:0:
182,0,105323,128,0,105392:0:0:0:0:
256,0,105323,128,0,105392:0:0:0:0:
329,0,105323,128,0,105392:0:0:0:0:
402,0,105323,128,0,105460:0:0:0:0:
109,0,105460,128,0,105528:0:0:0:0:
182,0,105460,128,0,105528:0:0:0:0:
256,0,105460,128,0,105528:0:0:0:0:
329,0,105460,128,0,105596:0:0:0:0:
36,0,105596,128,0,105664:0:0:0:0:
109,0,105596,128,0,105664:0:0:0:0:
182,0,105596,128,0,105664:0:0:0:0:
256,0,105596,128,0,105733:0:0:0:0:
36,0,105733,128,0,105869:0:0:0:0:
109,192,105733,1,0,0:0:0:0:
182,0,105733,128,0,105869:0:0:0:0:
329,0,105733,128,0,105869:0:0:0:0:
402,192,105733,1,0,0:0:0:0:
475,0,105733,128,0,105869:0:0:0:0:
182,192,106142,1,0,0:0:0:0:
329,192,106142,1,0,0:0:0:0:
109,0,106142,128,0,106278:0:0:0:0:
256,0,106142,128,0,106278:0:0:0:0:
402,0,106142,128,0,106278:0:0:0:0:
36,0,106551,128,0,106687:0:0:0:0:
109,192,106551,1,0,0:0:0:0:
182,0,106551,128,0,106687:0:0:0:0:
256,192,106551,1,0,0:0:0:0:
329,0,106551,128,0,106687:0:0:0:0:
109,0,106960,128,0,107096:0:0:0:0:
182,192,106960,1,0,0:0:0:0:
256,0,106960,128,0,107096:0:0:0:0:
329,192,106960,1,0,0:0:0:0:
402,0,106960,128,0,107096:0:0:0:0:
36,192,107369,1,0,0:0:0:0:
182,192,107369,1,0,0:0:0:0:
329,192,107369,1,0,0:0:0:0:
475,192,107369,1,0,0:0:0:0:
109,0,107369,128,0,107703:0:0:0:0:
402,0,107369,128,0,107703:0:0:0:0:
182,0,107634,128,0,107703:0:0:0:0:
256,192,107634,1,0,0:0:0:0:
329,0,107634,128,0,107703:0:0:0:0:
36,0,107900,128,0,108309:0:0:0:0:
109,192,107900,1,0,0:0:0:0:
182,0,107900,128,0,107917:0:0:0:0:
256,0,107900,128,0,107934:0:0:0:0:
329,0,107900,128,0,107917:0:0:0:0:
402,192,107900,1,0,0:0:0:0:
109,192,108309,1,0,0:0:0:0:
182,0,108309,128,0,108326:0:0:0:0:
256,0,108309,128,0,108343:0:0:0:0:
329,0,108309,128,0,108326:0:0:0:0:
402,192,108309,1,0,0:0:0:0:
475,0,108309,128,0,108718:0:0:0:0:
36,0,108718,128,0,109127:0:0:0:0:
109,192,108718,1,0,0:0:0:0:
182,0,108718,128,0,108735:0:0:0:0:
256,0,108718,128,0,108752:0:0:0:0:
329,0,108718,128,0,108735:0:0:0:0:
402,192,108718,1,0,0:0:0:0:
109,0,109127,128,0,109264:0:0:0:0:
182,0,109127,128,0,109196:0:0:0:0:
256,0,109127,128,0,109196:0:0:0:0:
182,0,109264,128,0,109400:0:0:0:0:
256,0,109264,128,0,109332:0:0:0:0:
329,0,109264,128,0,109332:0:0:0:0:
256,0,109400,128,0,109536:0:0:0:0:
329,0,109400,128,0,109468:0:0:0:0:
402,0,109400,128,0,109468:0:0:0:0:
36,192,109536,1,0,0:0:0:0:
109,192,109536,1,0,0:0:0:0:
182,192,109536,1,0,0:0:0:0:
329,192,109536,1,0,0:0:0:0:
475,192,109536,1,0,0:0:0:0:
256,192,109673,1,0,0:0:0:0:
329,192,109673,1,0,0:0:0:0:
402,192,109673,1,0,0:0:0:0:
36,192,109809,1,0,0:0:0:0:
109,192,109809,1,0,0:0:0:0:
182,192,109809,1,0,0:0:0:0:
329,192,109877,1,0,0:0:0:0:
402,192,109877,1,0,0:0:0:0:
475,192,109877,1,0,0:0:0:0:
36,192,109946,1,0,0:0:0:0:
109,192,109946,1,0,0:0:0:0:
182,192,109946,1,0,0:0:0:0:
36,0,110082,128,0,110355:0:0:0:0:
109,0,110082,128,0,110355:0:0:0:0:
182,0,110082,128,0,110355:0:0:0:0:
329,0,110082,128,0,110355:0:0:0:0:
402,0,110082,128,0,110355:0:0:0:0:
475,0,110082,128,0,110355:0:0:0:0:
36,0,110491,128,0,110559:0:0:0:0:
109,0,110491,128,0,110559:0:0:0:0:
182,0,110491,128,0,110559:0:0:0:0:
329,0,110491,128,0,110559:0:0:0:0:
402,0,110491,128,0,110559:0:0:0:0:
475,0,110491,128,0,110559:0:0:0:0:
36,0,110764,128,0,110832:0:0:0:0:
109,0,110764,128,0,110832:0:0:0:0:
182,0,110764,128,0,110832:0:0:0:0:
329,0,110764,128,0,110832:0:0:0:0:
402,0,110764,128,0,110832:0:0:0:0:
475,0,110764,128,0,110832:0:0:0:0:
36,192,111036,1,0,0:0:0:0:
109,192,111036,1,0,0:0:0:0:
182,192,111036,1,0,0:0:0:0:
329,192,111036,1,0,0:0:0:0:
402,192,111036,1,0,0:0:0:0:
475,192,111036,1,0,0:0:0:0:
36,0,111173,128,0,111718:0:0:0:0:
109,0,111173,128,0,111718:0:0:0:0:
182,0,111173,128,0,111582:0:0:0:0:
256,0,111173,128,0,111582:0:0:0:0:
329,0,111173,128,0,111582:0:0:0:0:
402,0,111173,128,0,111446:0:0:0:0:
475,0,111173,128,0,111446:0:0:0:0:
