[Metadata]
Trigger*Happy
P*Light
LCH
sound voltex konami
65
0


[TimingPoints]
0,324.324324324324,4,2,2,100,1,0
1297,162.162162162162,4,2,2,100,1,0
1378,324.324324324324,4,2,2,100,1,0
1459,648.648648648649,4,2,2,100,1,0
1622,324.324324324324,4,2,2,100,1,0
1784,162.162162162162,4,2,2,100,1,0
1865,324.324324324324,4,2,2,100,1,0
1946,648.648648648649,4,2,2,100,1,0
2108,324.324324324324,4,2,2,100,1,0
2595,162.162162162162,4,2,2,100,1,0
2676,324.324324324324,4,2,2,100,1,0
2757,648.648648648649,4,2,2,100,1,0
2919,324.324324324324,4,2,2,100,1,0
3081,648.648648648649,4,2,2,100,1,0
3162,324.324324324324,4,2,2,100,1,0
3203,162.162162162162,4,2,2,100,1,0
3243,324.324324324324,4,2,2,100,1,0
3892,162.162162162162,4,2,2,100,1,0
3973,324.324324324324,4,2,2,100,1,0
4054,648.648648648649,4,2,2,100,1,0
4216,324.324324324324,4,2,2,100,1,0
4378,162.162162162162,4,2,2,100,1,0
4459,324.324324324324,4,2,2,100,1,0
4541,648.648648648649,4,2,2,100,1,0
4703,324.324324324324,4,2,2,100,1,0
5838,648.648648648649,4,2,2,100,1,0
6000,324.324324324324,4,2,2,100,1,0
6081,162.162162162162,4,2,2,100,1,0
6162,324.324324324324,4,2,2,100,1,0
11027,648.648648648649,4,2,2,100,1,0
11189,324.324324324324,4,2,2,100,1,0
11270,162.162162162162,4,2,2,100,1,0
11351,324.324324324324,4,2,2,100,1,0
20108,648.648648648649,4,2,2,100,1,0
20189,324.324324324324,4,2,2,100,1,0
20230,162.162162162162,4,2,2,100,1,0
20270,648.648648648649,4,2,2,100,1,0
20351,324.324324324324,4,2,2,100,1,0
20392,162.162162162162,4,2,2,100,1,0
20432,648.648648648649,4,2,2,100,1,0
20514,324.324324324324,4,2,2,100,1,0
20554,162.162162162162,4,2,2,100,1,0
20595,648.648648648649,4,2,2,100,1,0
20676,324.324324324324,4,2,2,100,1,0
20716,162.162162162162,4,2,2,100,1,0
20757,324.324324324324,4,2,2,100,1,0
21405,648.648648648649,4,2,2,100,1,0
21568,324.324324324324,4,2,2,100,1,0
21649,162.162162162162,4,2,2,100,1,0
21730,324.324324324324,4,2,2,100,1,0
28541,162.162162162162,4,2,2,100,1,0
28622,324.324324324324,4,2,2,100,1,0
28703,648.648648648649,4,2,2,100,1,0
28865,432.432432432432,4,2,2,100,1,0
29514,216.216216216216,4,2,2,100,1,0
29838,324.324324324324,4,2,2,100,1,0
30811,216.216216216216,4,2,2,100,1,0
31135,432.432432432432,4,2,2,100,1,0
31784,648.648648648649,4,2,2,100,1,0
31946,324.324324324324,4,2,2,100,1,0
32027,162.162162162162,4,2,2,100,1,0
32108,324.324324324324,4,2,2,100,1,0
32432,648.648648648649,4,2,2,100,1,0
32595,324.324324324324,4,2,2,100,1,0
32676,162.162162162162,4,2,2,100,1,0
32757,648.648648648649,4,2,2,100,1,0
32838,324.324324324324,4,2,2,100,1,0
32878,162.162162162162,4,2,2,100,1,0
32919,648.648648648649,4,2,2,100,1,0
33081,324.324324324324,4,2,2,100,1,0
33162,162.162162162162,4,2,2,100,1,0
33243,648.648648648649,4,2,2,100,1,0
33405,324.324324324324,4,2,2,100,1,0
33486,162.162162162162,4,2,2,100,1,0
33568,324.324324324324,4,2,2,100,1,0
36000,162.162162162162,4,2,2,100,1,0
36081,324.324324324324,4,2,2,100,1,0
36162,648.648648648649,4,2,2,100,1,0
36324,324.324324324324,4,2,2,100,1,0
36486,648.648648648649,4,2,2,100,1,0
36568,324.324324324324,4,2,2,100,1,0
36608,162.162162162162,4,2,2,100,1,0
36649,324.324324324324,4,2,2,100,1,0
36811,648.648648648649,4,2,2,100,1,0
36892,324.324324324324,4,2,2,100,1,0
36932,162.162162162162,4,2,2,100,1,0
36973,648.648648648649,4,2,2,100,1,0
37135,324.324324324324,4,2,2,100,1,0
37216,162.162162162162,4,2,2,100,1,0
37297,324.324324324324,4,2,2,100,1,0
42162,432.432432432432,4,2,2,100,1,0
42486,259.459459459459,4,2,2,100,1,0
42811,162.162162162162,4,2,2,100,1,0
42892,324.324324324324,4,2,2,100,1,0
42973,648.648648648649,4,2,2,100,1,0
43135,324.324324324324,4,2,2,100,1,0
43297,162.162162162162,4,2,2,100,1,0
43378,324.324324324324,4,2,2,100,1,0
43459,648.648648648649,4,2,2,100,1,0
43622,324.324324324324,4,2,2,100,1,0
44108,162.162162162162,4,2,2,100,1,0
44149,324.324324324324,4,2,2,100,1,0
44189,648.648648648649,4,2,2,100,1,0
44270,162.162162162162,4,2,2,100,1,0
44311,324.324324324324,4,2,2,100,1,0
44351,648.648648648649,4,2,2,100,1,0
44432,324.324324324324,4,2,2,100,1,0
44757,648.648648648649,4,2,2,100,1,0
44919,324.324324324324,4,2,2,100,1,0
45000,162.162162162162,4,2,2,100,1,0
45081,324.324324324324,4,2,2,100,1,0
45405,162.162162162162,4,2,2,100,1,0
45486,324.324324324324,4,2,2,100,1,0
45568,648.648648648649,4,2,2,100,1,0
45730,324.324324324324,4,2,2,100,1,0
45892,162.162162162162,4,2,2,100,1,0
45973,324.324324324324,4,2,2,100,1,0
46054,648.648648648649,4,2,2,100,1,0
46216,324.324324324324,4,2,2,100,1,0
46378,648.648648648649,4,2,2,100,1,0
46541,324.324324324324,4,2,2,100,1,0
46622,162.162162162162,4,2,2,100,1,0
46703,648.648648648649,4,2,2,100,1,0
46784,162.162162162162,4,2,2,100,1,0
46865,648.648648648649,4,2,2,100,1,0
46946,162.162162162162,4,2,2,100,1,0
47027,648.648648648649,4,2,2,100,1,0
47108,162.162162162162,4,2,2,100,1,0
47189,648.648648648649,4,2,2,100,1,0
47270,162.162162162162,4,2,2,100,1,0
47351,432.432432432432,4,2,2,100,1,0
47676,324.324324324324,4,2,2,100,1,0
48000,452.556940498895,4,2,2,100,1,0
52865,324.324324324324,4,2,2,100,1,0
55946,648.648648648649,4,2,2,100,1,0
56108,162.162162162162,4,2,2,100,1,0
56189,648.648648648649,4,2,2,100,1,0
56351,162.162162162162,4,2,2,100,1,0
56433,648.648648648649,4,2,2,100,1,0
56595,162.162162162162,4,2,2,100,1,0
56676,648.648648648649,4,2,2,100,1,0
56838,162.162162162162,4,2,2,100,1,0
56919,648.648648648649,4,2,2,100,1,0
57081,324.324324324324,4,2,2,100,1,0
57162,162.162162162162,4,2,2,100,1,0
57243,324.324324324324,4,2,2,100,1,0
60487,648.648648648649,4,2,2,100,1,0
60568,324.324324324324,4,2,2,100,1,0
60608,162.162162162162,4,2,2,100,1,0
60649,324.324324324324,4,2,2,100,1,0
81081,648.648648648649,4,2,2,100,1,0
81243,324.324324324324,4,2,2,100,1,0
81324,162.162162162162,4,2,2,100,1,0
81406,324.324324324324,4,2,2,100,1,0
85622,648.648648648649,4,2,2,100,1,0
85703,324.324324324324,4,2,2,100,1,0
85743,162.162162162162,4,2,2,100,1,0
85784,648.648648648649,4,2,2,100,1,0
85946,324.324324324324,4,2,2,100,1,0
86027,162.162162162162,4,2,2,100,1,0
86108,648.648648648649,4,2,2,100,1,0
86189,324.324324324324,4,2,2,100,1,0
86230,162.162162162162,4,2,2,100,1,0
86270,648.648648648649,4,2,2,100,1,0
86433,324.324324324324,4,2,2,100,1,0
86514,162.162162162162,4,2,2,100,1,0
86595,324.324324324324,4,2,2,100,1,0
95351,648.648648648649,4,2,2,100,1,0
95433,324.324324324324,4,2,2,100,1,0
95473,162.162162162162,4,2,2,100,1,0
95514,648.648648648649,4,2,2,100,1,0
95595,324.324324324324,4,2,2,100,1,0
95635,162.162162162162,4,2,2,100,1,0
95676,648.648648648649,4,2,2,100,1,0
95757,324.324324324324,4,2,2,100,1,0
95797,162.162162162162,4,2,2,100,1,0
95838,648.648648648649,4,2,2,100,1,0
95919,324.324324324324,4,2,2,100,1,0
95960,162.162162162162,4,2,2,100,1,0
96000,324.324324324324,4,2,2,100,1,0
96649,648.648648648649,4,2,2,100,1,0
96811,324.324324324324,4,2,2,100,1,0
96892,162.162162162162,4,2,2,100,1,0
96973,324.324324324324,4,2,2,100,1,0
103784,162.162162162162,4,2,2,100,1,0
103865,324.324324324324,4,2,2,100,1,0
103946,648.648648648649,4,2,2,100,1,0
104108,432.432432432432,4,2,2,100,1,0
104757,216.216216216216,4,2,2,100,1,0
105081,324.324324324324,4,2,2,100,1,0
106379,648.648648648649,4,2,2,100,1,0
106541,324.324324324324,4,2,2,100,1,0
106622,162.162162162162,4,2,2,100,1,0
106703,324.324324324324,4,2,2,100,1,0
110270,81.0810810810811,4,2,2,100,1,0
111892,648.648648648649,4,2,2,100,1,0


[HitObjects]
36,192,1297,5,0,0:0:0:0:
109,192,1297,1,0,0:0:0:0:
182,0,1297,128,0,1459:0:0:0:0:
329,0,1297,128,0,1459:0:0:0:0:
402,192,1297,1,0,0:0:0:0:
475,192,1297,1,0,0:0:0:0:
36,192,1784,1,0,0:0:0:0:
109,192,1784,1,0,0:0:0:0:
182,0,1784,128,0,2108:0:0:0:0:
329,0,1784,128,0,2108:0:0:0:0:
402,192,1784,1,0,0:0:0:0:
475,192,1784,1,0,0:0:0:0:
256,192,2270,1,0,0:0:0:0:
256,192,2432,1,0,0:0:0:0:
256,192,2514,1,0,0:0:0:0:
36,192,2595,1,0,0:0:0:0:
109,192,2595,1,0,0:0:0:0:
182,0,2595,128,0,2757:0:0:0:0:
329,0,2595,128,0,2757:0:0:0:0:
402,192,2595,1,0,0:0:0:0:
475,192,2595,1,0,0:0:0:0:
109,192,3081,1,0,0:0:0:0:
182,192,3081,1,0,0:0:0:0:
256,192,3081,1,0,0:0:0:0:
329,192,3081,1,0,0:0:0:0:
402,192,3081,1,0,0:0:0:0:
36,0,3243,128,0,3405:0:0:0:0:
475,0,3243,128,0,3405:0:0:0:0:
109,0,3405,128,0,3568:0:0:0:0:
402,0,3405,128,0,3568:0:0:0:0:
182,0,3568,128,0,3649:0:0:0:0:
256,0,3649,128,0,3730:0:0:0:0:
182,0,3730,128,0,3811:0:0:0:0:
256,0,3811,128,0,3892:0:0:0:0:
36,192,3892,1,0,0:0:0:0:
109,192,3892,1,0,0:0:0:0:
182,0,3892,128,0,4054:0:0:0:0:
329,0,3892,128,0,4054:0:0:0:0:
402,192,3892,1,0,0:0:0:0:
475,192,3892,1,0,0:0:0:0:
36,192,4378,1,0,0:0:0:0:
109,192,4378,1,0,0:0:0:0:
182,0,4378,128,0,4703:0:0:0:0:
329,0,4378,128,0,4703:0:0:0:0:
402,192,4378,1,0,0:0:0:0:
475,192,4378,1,0,0:0:0:0:
256,192,4865,1,0,0:0:0:0:
256,192,5027,1,0,0:0:0:0:
256,192,5108,1,0,0:0:0:0:
36,0,5189,128,0,5514:0:0:0:0:
109,192,5189,1,0,0:0:0:0:
182,0,5189,128,0,5351:0:0:0:0:
402,192,5189,1,0,0:0:0:0:
475,192,5189,1,0,0:0:0:0:
256,192,5351,1,0,0:0:0:0:
182,0,5514,128,0,5676:0:0:0:0:
36,192,5676,1,0,0:0:0:0:
109,192,5676,1,0,0:0:0:0:
256,192,5676,1,0,0:0:0:0:
402,192,5676,1,0,0:0:0:0:
475,192,5676,1,0,0:0:0:0:
36,192,5838,1,0,0:0:0:0:
109,192,5838,1,0,0:0:0:0:
256,192,5838,1,0,0:0:0:0:
402,192,5838,1,0,0:0:0:0:
475,192,5838,1,0,0:0:0:0:
109,192,6162,1,0,0:0:0:0:
182,192,6203,1,0,0:0:0:0:
329,192,6243,1,0,0:0:0:0:
402,192,6284,1,0,0:0:0:0:
109,192,6324,1,0,0:0:0:0:
182,192,6365,1,0,0:0:0:0:
329,192,6405,1,0,0:0:0:0:
402,192,6446,1,0,0:0:0:0:
36,192,6486,1,0,0:0:0:0:
256,192,6486,1,0,0:0:0:0:
475,0,6486,128,0,6811:0:0:0:0:
182,192,6649,1,0,0:0:0:0:
36,192,6811,1,0,0:0:0:0:
256,192,6811,1,0,0:0:0:0:
182,192,6973,1,0,0:0:0:0:
475,0,6973,128,0,7297:0:0:0:0:
36,192,7135,1,0,0:0:0:0:
256,192,7135,1,0,0:0:0:0:
109,192,7297,1,0,0:0:0:0:
182,192,7378,1,0,0:0:0:0:
36,192,7459,1,0,0:0:0:0:
256,192,7459,1,0,0:0:0:0:
329,192,7459,1,0,0:0:0:0:
182,192,7622,1,0,0:0:0:0:
329,192,7622,1,0,0:0:0:0:
329,192,7703,1,0,0:0:0:0:
109,0,7784,128,0,7946:0:0:0:0:
256,192,7784,1,0,0:0:0:0:
475,192,7784,1,0,0:0:0:0:
36,192,7946,1,0,0:0:0:0:
329,192,7946,1,0,0:0:0:0:
402,0,7946,128,0,8108:0:0:0:0:
36,192,8108,1,0,0:0:0:0:
256,192,8108,1,0,0:0:0:0:
475,192,8108,1,0,0:0:0:0:
36,192,8270,1,0,0:0:0:0:
329,192,8270,1,0,0:0:0:0:
402,0,8270,128,0,8432:0:0:0:0:
36,192,8351,1,0,0:0:0:0:
182,0,8432,128,0,8595:0:0:0:0:
256,192,8432,1,0,0:0:0:0:
329,0,8432,128,0,8595:0:0:0:0:
475,192,8432,1,0,0:0:0:0:
109,0,8595,128,0,8757:0:0:0:0:
402,0,8676,128,0,8838:0:0:0:0:
256,192,8757,1,0,0:0:0:0:
329,192,8757,1,0,0:0:0:0:
36,0,8757,128,0,9081:0:0:0:0:
256,192,8919,1,0,0:0:0:0:
475,0,8919,128,0,9081:0:0:0:0:
109,192,9081,1,0,0:0:0:0:
182,192,9081,1,0,0:0:0:0:
256,0,9081,128,0,9324:0:0:0:0:
329,192,9243,1,0,0:0:0:0:
402,192,9243,1,0,0:0:0:0:
109,192,9405,1,0,0:0:0:0:
182,192,9405,1,0,0:0:0:0:
256,0,9405,128,0,9649:0:0:0:0:
329,192,9568,1,0,0:0:0:0:
402,192,9568,1,0,0:0:0:0:
36,192,9730,1,0,0:0:0:0:
256,192,9730,1,0,0:0:0:0:
109,192,9811,1,0,0:0:0:0:
329,192,9811,1,0,0:0:0:0:
182,192,9892,1,0,0:0:0:0:
402,192,9892,1,0,0:0:0:0:
256,192,9973,1,0,0:0:0:0:
475,192,9973,1,0,0:0:0:0:
36,192,10054,1,0,0:0:0:0:
109,192,10095,1,0,0:0:0:0:
182,192,10135,1,0,0:0:0:0:
256,192,10176,1,0,0:0:0:0:
182,192,10216,1,0,0:0:0:0:
256,192,10257,1,0,0:0:0:0:
329,192,10297,1,0,0:0:0:0:
402,192,10338,1,0,0:0:0:0:
475,0,10378,128,0,10459:0:0:0:0:
329,192,10459,1,0,0:0:0:0:
36,0,10541,128,0,10622:0:0:0:0:
182,192,10622,1,0,0:0:0:0:
475,0,10703,128,0,10784:0:0:0:0:
329,192,10784,1,0,0:0:0:0:
36,0,10865,128,0,10946:0:0:0:0:
109,192,10865,1,0,0:0:0:0:
256,192,11027,1,0,0:0:0:0:
329,0,11027,128,0,11351:0:0:0:0:
36,192,11351,1,0,0:0:0:0:
109,192,11351,1,0,0:0:0:0:
182,192,11351,1,0,0:0:0:0:
256,192,11351,1,0,0:0:0:0:
402,192,11351,1,0,0:0:0:0:
475,192,11351,1,0,0:0:0:0:
36,192,11676,1,0,0:0:0:0:
329,192,11676,1,0,0:0:0:0:
402,0,11676,128,0,11838:0:0:0:0:
475,0,11676,128,0,12000:0:0:0:0:
109,192,11757,1,0,0:0:0:0:
182,192,11838,1,0,0:0:0:0:
256,192,11838,1,0,0:0:0:0:
329,0,11838,128,0,12243:0:0:0:0:
109,192,11919,1,0,0:0:0:0:
36,192,12000,1,0,0:0:0:0:
256,0,12000,128,0,12081:0:0:0:0:
402,192,12000,1,0,0:0:0:0:
109,192,12081,1,0,0:0:0:0:
182,0,12081,128,0,12243:0:0:0:0:
36,192,12162,1,0,0:0:0:0:
256,192,12162,1,0,0:0:0:0:
109,192,12243,1,0,0:0:0:0:
402,0,12243,128,0,12486:0:0:0:0:
475,0,12243,128,0,12486:0:0:0:0:
182,192,12324,1,0,0:0:0:0:
329,192,12324,1,0,0:0:0:0:
36,192,12486,1,0,0:0:0:0:
182,192,12486,1,0,0:0:0:0:
109,192,12568,1,0,0:0:0:0:
256,192,12568,1,0,0:0:0:0:
182,192,12649,1,0,0:0:0:0:
329,192,12649,1,0,0:0:0:0:
402,192,12649,1,0,0:0:0:0:
109,192,12730,1,0,0:0:0:0:
256,192,12730,1,0,0:0:0:0:
182,192,12811,1,0,0:0:0:0:
329,192,12811,1,0,0:0:0:0:
36,0,12973,128,0,13297:0:0:0:0:
109,192,12973,1,0,0:0:0:0:
402,192,12973,1,0,0:0:0:0:
475,0,12973,128,0,13135:0:0:0:0:
182,192,13054,1,0,0:0:0:0:
256,192,13135,1,0,0:0:0:0:
329,192,13135,1,0,0:0:0:0:
402,0,13135,128,0,13541:0:0:0:0:
182,192,13216,1,0,0:0:0:0:
109,192,13297,1,0,0:0:0:0:
329,0,13297,128,0,13378:0:0:0:0:
475,192,13297,1,0,0:0:0:0:
182,192,13378,1,0,0:0:0:0:
256,0,13378,128,0,13541:0:0:0:0:
109,192,13459,1,0,0:0:0:0:
329,192,13459,1,0,0:0:0:0:
36,0,13541,128,0,13784:0:0:0:0:
182,192,13541,1,0,0:0:0:0:
475,0,13541,128,0,13784:0:0:0:0:
256,192,13622,1,0,0:0:0:0:
402,192,13622,1,0,0:0:0:0:
182,192,13784,1,0,0:0:0:0:
329,192,13784,1,0,0:0:0:0:
109,192,13865,1,0,0:0:0:0:
402,192,13865,1,0,0:0:0:0:
36,192,13946,1,0,0:0:0:0:
256,192,13946,1,0,0:0:0:0:
475,192,13946,1,0,0:0:0:0:
109,192,14027,1,0,0:0:0:0:
402,192,14027,1,0,0:0:0:0:
182,192,14108,1,0,0:0:0:0:
256,192,14108,1,0,0:0:0:0:
329,192,14108,1,0,0:0:0:0:
36,0,14270,128,0,14595:0:0:0:0:
109,0,14270,128,0,14432:0:0:0:0:
182,192,14270,1,0,0:0:0:0:
475,192,14270,1,0,0:0:0:0:
402,192,14351,1,0,0:0:0:0:
182,0,14432,128,0,14838:0:0:0:0:
256,192,14432,1,0,0:0:0:0:
329,192,14432,1,0,0:0:0:0:
402,192,14514,1,0,0:0:0:0:
109,192,14595,1,0,0:0:0:0:
256,0,14595,128,0,14676:0:0:0:0:
475,192,14595,1,0,0:0:0:0:
329,0,14676,128,0,14838:0:0:0:0:
402,192,14676,1,0,0:0:0:0:
256,192,14757,1,0,0:0:0:0:
475,192,14757,1,0,0:0:0:0:
36,0,14838,128,0,15081:0:0:0:0:
109,0,14838,128,0,15081:0:0:0:0:
402,192,14838,1,0,0:0:0:0:
182,192,14919,1,0,0:0:0:0:
329,192,14919,1,0,0:0:0:0:
256,192,15081,1,0,0:0:0:0:
402,192,15081,1,0,0:0:0:0:
182,192,15162,1,0,0:0:0:0:
329,192,15162,1,0,0:0:0:0:
36,192,15243,1,0,0:0:0:0:
109,192,15243,1,0,0:0:0:0:
256,192,15243,1,0,0:0:0:0:
182,192,15324,1,0,0:0:0:0:
329,192,15324,1,0,0:0:0:0:
109,192,15405,1,0,0:0:0:0:
256,192,15405,1,0,0:0:0:0:
182,0,15568,128,0,15892:0:0:0:0:
256,0,15568,128,0,15649:0:0:0:0:
402,192,15568,1,0,0:0:0:0:
475,192,15568,1,0,0:0:0:0:
36,0,15649,128,0,15730:0:0:0:0:
109,0,15649,128,0,15730:0:0:0:0:
256,0,15730,128,0,15811:0:0:0:0:
329,0,15730,128,0,16054:0:0:0:0:
402,0,15811,128,0,15892:0:0:0:0:
475,0,15811,128,0,15892:0:0:0:0:
109,0,15892,128,0,16216:0:0:0:0:
256,0,15892,128,0,15973:0:0:0:0:
36,0,15973,128,0,16054:0:0:0:0:
182,0,15973,128,0,16054:0:0:0:0:
256,0,16054,128,0,16135:0:0:0:0:
402,0,16054,128,0,16378:0:0:0:0:
329,0,16135,128,0,16216:0:0:0:0:
475,0,16135,128,0,16216:0:0:0:0:
36,0,16216,128,0,16378:0:0:0:0:
182,0,16216,128,0,16297:0:0:0:0:
109,0,16297,128,0,16378:0:0:0:0:
256,0,16297,128,0,16378:0:0:0:0:
329,0,16378,128,0,16459:0:0:0:0:
475,0,16378,128,0,16541:0:0:0:0:
256,0,16459,128,0,16541:0:0:0:0:
402,0,16459,128,0,16541:0:0:0:0:
36,192,16541,1,0,0:0:0:0:
109,0,16541,128,0,16703:0:0:0:0:
182,0,16541,128,0,16703:0:0:0:0:
36,192,16703,1,0,0:0:0:0:
36,0,16865,128,0,17027:0:0:0:0:
109,192,16865,1,0,0:0:0:0:
402,192,16865,1,0,0:0:0:0:
475,0,16865,128,0,17189:0:0:0:0:
329,192,16946,1,0,0:0:0:0:
109,0,17027,128,0,17432:0:0:0:0:
182,192,17027,1,0,0:0:0:0:
256,192,17027,1,0,0:0:0:0:
329,192,17108,1,0,0:0:0:0:
36,192,17189,1,0,0:0:0:0:
182,0,17189,128,0,17270:0:0:0:0:
402,192,17189,1,0,0:0:0:0:
256,0,17270,128,0,17432:0:0:0:0:
329,192,17270,1,0,0:0:0:0:
182,192,17351,1,0,0:0:0:0:
402,192,17351,1,0,0:0:0:0:
36,0,17432,128,0,17676:0:0:0:0:
329,192,17432,1,0,0:0:0:0:
475,0,17432,128,0,17676:0:0:0:0:
109,192,17514,1,0,0:0:0:0:
256,192,17514,1,0,0:0:0:0:
109,192,17676,1,0,0:0:0:0:
402,192,17676,1,0,0:0:0:0:
182,192,17757,1,0,0:0:0:0:
329,192,17757,1,0,0:0:0:0:
36,192,17838,1,0,0:0:0:0:
256,192,17838,1,0,0:0:0:0:
475,192,17838,1,0,0:0:0:0:
109,192,17919,1,0,0:0:0:0:
402,192,17919,1,0,0:0:0:0:
36,192,18000,1,0,0:0:0:0:
475,192,18000,1,0,0:0:0:0:
109,192,18162,1,0,0:0:0:0:
182,0,18162,128,0,18324:0:0:0:0:
256,0,18162,128,0,18324:0:0:0:0:
329,0,18162,128,0,18324:0:0:0:0:
402,192,18162,1,0,0:0:0:0:
36,192,18324,1,0,0:0:0:0:
109,0,18324,128,0,18486:0:0:0:0:
402,0,18324,128,0,18486:0:0:0:0:
475,192,18324,1,0,0:0:0:0:
36,0,18486,128,0,18568:0:0:0:0:
182,0,18486,128,0,18568:0:0:0:0:
256,192,18486,1,0,0:0:0:0:
329,0,18486,128,0,18568:0:0:0:0:
475,0,18486,128,0,18568:0:0:0:0:
109,0,18568,128,0,18730:0:0:0:0:
402,0,18568,128,0,18730:0:0:0:0:
36,0,18730,128,0,18973:0:0:0:0:
182,0,18730,128,0,18973:0:0:0:0:
256,0,18730,128,0,19054:0:0:0:0:
329,0,18730,128,0,18973:0:0:0:0:
475,0,18730,128,0,18973:0:0:0:0:
109,192,18811,1,0,0:0:0:0:
402,192,18811,1,0,0:0:0:0:
109,0,18973,128,0,19054:0:0:0:0:
402,0,18973,128,0,19054:0:0:0:0:
182,0,19054,128,0,19135:0:0:0:0:
329,0,19054,128,0,19135:0:0:0:0:
36,0,19135,128,0,19216:0:0:0:0:
256,0,19135,128,0,19297:0:0:0:0:
475,0,19135,128,0,19216:0:0:0:0:
109,0,19216,128,0,19297:0:0:0:0:
402,0,19216,128,0,19297:0:0:0:0:
182,0,19297,128,0,19459:0:0:0:0:
329,0,19297,128,0,19459:0:0:0:0:
36,0,19459,128,0,19622:0:0:0:0:
109,0,19459,128,0,19541:0:0:0:0:
256,192,19459,1,0,0:0:0:0:
402,0,19459,128,0,19541:0:0:0:0:
475,0,19459,128,0,19622:0:0:0:0:
109,192,19622,1,0,0:0:0:0:
256,0,19622,128,0,19784:0:0:0:0:
402,192,19622,1,0,0:0:0:0:
36,192,19784,1,0,0:0:0:0:
182,0,19784,128,0,19865:0:0:0:0:
329,0,19784,128,0,19865:0:0:0:0:
475,192,19784,1,0,0:0:0:0:
109,0,19865,128,0,20027:0:0:0:0:
402,0,19865,128,0,20027:0:0:0:0:
182,0,20027,128,0,20108:0:0:0:0:
329,0,20027,128,0,20108:0:0:0:0:
36,192,20108,1,0,0:0:0:0:
109,192,20108,1,0,0:0:0:0:
256,192,20108,1,0,0:0:0:0:
402,192,20108,1,0,0:0:0:0:
475,192,20108,1,0,0:0:0:0:
36,192,20270,1,0,0:0:0:0:
109,192,20270,1,0,0:0:0:0:
256,192,20270,1,0,0:0:0:0:
402,192,20270,1,0,0:0:0:0:
475,192,20270,1,0,0:0:0:0:
36,192,20432,1,0,0:0:0:0:
109,192,20432,1,0,0:0:0:0:
256,192,20432,1,0,0:0:0:0:
402,192,20432,1,0,0:0:0:0:
475,192,20432,1,0,0:0:0:0:
36,192,20595,1,0,0:0:0:0:
109,192,20595,1,0,0:0:0:0:
256,192,20595,1,0,0:0:0:0:
402,192,20595,1,0,0:0:0:0:
475,192,20595,1,0,0:0:0:0:
182,0,20757,128,0,20838:0:0:0:0:
329,0,20757,128,0,20838:0:0:0:0:
256,0,20838,128,0,20919:0:0:0:0:
182,0,20919,128,0,21000:0:0:0:0:
329,0,20919,128,0,21000:0:0:0:0:
36,192,21081,1,0,0:0:0:0:
256,192,21081,1,0,0:0:0:0:
475,192,21081,1,0,0:0:0:0:
109,192,21243,1,0,0:0:0:0:
402,192,21243,1,0,0:0:0:0:
182,0,21405,128,0,21568:0:0:0:0:
256,192,21405,1,0,0:0:0:0:
329,0,21405,128,0,21568:0:0:0:0:
36,192,21730,1,0,0:0:0:0:
109,192,21770,1,0,0:0:0:0:
402,192,21811,1,0,0:0:0:0:
475,192,21851,1,0,0:0:0:0:
36,192,21892,1,0,0:0:0:0:
109,192,21932,1,0,0:0:0:0:
402,192,21973,1,0,0:0:0:0:
475,192,22014,1,0,0:0:0:0:
36,0,22054,128,0,22135:0:0:0:0:
182,192,22054,1,0,0:0:0:0:
256,192,22054,1,0,0:0:0:0:
329,0,22054,128,0,22216:0:0:0:0:
109,192,22135,1,0,0:0:0:0:
36,0,22216,128,0,22378:0:0:0:0:
182,192,22216,1,0,0:0:0:0:
402,192,22216,1,0,0:0:0:0:
475,0,22216,128,0,22378:0:0:0:0:
256,192,22297,1,0,0:0:0:0:
109,0,22378,128,0,22459:0:0:0:0:
182,192,22378,1,0,0:0:0:0:
329,192,22378,1,0,0:0:0:0:
36,0,22459,128,0,22622:0:0:0:0:
256,192,22459,1,0,0:0:0:0:
109,192,22541,1,0,0:0:0:0:
329,192,22541,1,0,0:0:0:0:
475,0,22541,128,0,22622:0:0:0:0:
182,0,22622,128,0,22865:0:0:0:0:
256,0,22622,128,0,22865:0:0:0:0:
402,192,22622,1,0,0:0:0:0:
36,192,22703,1,0,0:0:0:0:
475,0,22703,128,0,22865:0:0:0:0:
36,0,22865,128,0,22946:0:0:0:0:
329,0,22865,128,0,23027:0:0:0:0:
109,0,22946,128,0,23027:0:0:0:0:
182,0,23027,128,0,23108:0:0:0:0:
256,192,23027,1,0,0:0:0:0:
402,192,23027,1,0,0:0:0:0:
475,192,23027,1,0,0:0:0:0:
109,0,23108,128,0,23189:0:0:0:0:
36,0,23189,128,0,23270:0:0:0:0:
256,192,23189,1,0,0:0:0:0:
475,0,23189,128,0,23351:0:0:0:0:
182,192,23270,1,0,0:0:0:0:
109,0,23351,128,0,23432:0:0:0:0:
256,192,23351,1,0,0:0:0:0:
329,192,23351,1,0,0:0:0:0:
402,0,23351,128,0,23514:0:0:0:0:
182,192,23432,1,0,0:0:0:0:
36,0,23514,128,0,23676:0:0:0:0:
109,0,23514,128,0,23676:0:0:0:0:
256,192,23514,1,0,0:0:0:0:
475,192,23514,1,0,0:0:0:0:
329,192,23595,1,0,0:0:0:0:
182,0,23676,128,0,23757:0:0:0:0:
256,192,23676,1,0,0:0:0:0:
402,192,23676,1,0,0:0:0:0:
109,0,23757,128,0,23919:0:0:0:0:
329,192,23757,1,0,0:0:0:0:
36,0,23838,128,0,24000:0:0:0:0:
182,192,23838,1,0,0:0:0:0:
402,192,23838,1,0,0:0:0:0:
256,0,23919,128,0,24162:0:0:0:0:
329,0,23919,128,0,24162:0:0:0:0:
475,192,23919,1,0,0:0:0:0:
109,192,24000,1,0,0:0:0:0:
402,0,24000,128,0,24324:0:0:0:0:
182,0,24081,128,0,24162:0:0:0:0:
109,0,24162,128,0,24243:0:0:0:0:
475,0,24162,128,0,24486:0:0:0:0:
36,0,24243,128,0,24324:0:0:0:0:
109,0,24324,128,0,24405:0:0:0:0:
256,192,24324,1,0,0:0:0:0:
329,0,24324,128,0,24486:0:0:0:0:
182,0,24405,128,0,24486:0:0:0:0:
109,0,24486,128,0,24568:0:0:0:0:
256,192,24486,1,0,0:0:0:0:
402,0,24486,128,0,24649:0:0:0:0:
36,0,24568,128,0,24649:0:0:0:0:
182,0,24649,128,0,24811:0:0:0:0:
256,192,24649,1,0,0:0:0:0:
329,192,24649,1,0,0:0:0:0:
475,0,24649,128,0,24730:0:0:0:0:
402,192,24730,1,0,0:0:0:0:
36,0,24811,128,0,24973:0:0:0:0:
109,192,24811,1,0,0:0:0:0:
329,192,24811,1,0,0:0:0:0:
475,0,24811,128,0,24973:0:0:0:0:
256,192,24892,1,0,0:0:0:0:
182,192,24973,1,0,0:0:0:0:
329,192,24973,1,0,0:0:0:0:
402,0,24973,128,0,25054:0:0:0:0:
256,192,25054,1,0,0:0:0:0:
475,0,25054,128,0,25216:0:0:0:0:
36,0,25135,128,0,25216:0:0:0:0:
182,192,25135,1,0,0:0:0:0:
402,192,25135,1,0,0:0:0:0:
109,192,25216,1,0,0:0:0:0:
256,0,25216,128,0,25459:0:0:0:0:
329,0,25216,128,0,25459:0:0:0:0:
36,0,25297,128,0,25459:0:0:0:0:
475,192,25297,1,0,0:0:0:0:
182,0,25459,128,0,25622:0:0:0:0:
475,0,25459,128,0,25541:0:0:0:0:
402,0,25541,128,0,25622:0:0:0:0:
36,192,25622,1,0,0:0:0:0:
109,192,25622,1,0,0:0:0:0:
256,192,25622,1,0,0:0:0:0:
329,0,25622,128,0,25703:0:0:0:0:
402,0,25703,128,0,25784:0:0:0:0:
256,192,25784,1,0,0:0:0:0:
475,0,25784,128,0,25865:0:0:0:0:
36,0,25784,128,0,25946:0:0:0:0:
329,192,25865,1,0,0:0:0:0:
182,0,25946,128,0,26027:0:0:0:0:
256,0,25946,128,0,26027:0:0:0:0:
475,0,25946,128,0,26108:0:0:0:0:
36,0,26027,128,0,26108:0:0:0:0:
109,0,26027,128,0,26108:0:0:0:0:
256,0,26108,128,0,26189:0:0:0:0:
329,0,26108,128,0,26189:0:0:0:0:
402,0,26108,128,0,26270:0:0:0:0:
109,0,26189,128,0,26270:0:0:0:0:
182,0,26189,128,0,26270:0:0:0:0:
36,0,26270,128,0,26432:0:0:0:0:
256,0,26270,128,0,26351:0:0:0:0:
329,0,26270,128,0,26351:0:0:0:0:
402,0,26351,128,0,26432:0:0:0:0:
475,0,26351,128,0,26432:0:0:0:0:
109,0,26432,128,0,26595:0:0:0:0:
182,0,26432,128,0,26514:0:0:0:0:
256,0,26432,128,0,26514:0:0:0:0:
329,0,26514,128,0,26595:0:0:0:0:
402,0,26514,128,0,26595:0:0:0:0:
36,192,26595,1,0,0:0:0:0:
182,192,26595,1,0,0:0:0:0:
256,0,26595,128,0,26919:0:0:0:0:
475,0,26595,128,0,26676:0:0:0:0:
402,0,26676,128,0,26757:0:0:0:0:
36,192,26757,1,0,0:0:0:0:
182,192,26757,1,0,0:0:0:0:
329,0,26757,128,0,26838:0:0:0:0:
402,0,26838,128,0,26919:0:0:0:0:
36,192,26919,1,0,0:0:0:0:
109,192,26919,1,0,0:0:0:0:
182,192,26919,1,0,0:0:0:0:
329,0,26919,128,0,27243:0:0:0:0:
475,0,26919,128,0,27243:0:0:0:0:
36,192,27081,1,0,0:0:0:0:
109,192,27081,1,0,0:0:0:0:
182,192,27081,1,0,0:0:0:0:
109,0,27243,128,0,27405:0:0:0:0:
182,192,27243,1,0,0:0:0:0:
256,192,27243,1,0,0:0:0:0:
402,0,27243,128,0,27324:0:0:0:0:
329,192,27324,1,0,0:0:0:0:
36,192,27405,1,0,0:0:0:0:
256,192,27405,1,0,0:0:0:0:
402,0,27405,128,0,27568:0:0:0:0:
475,0,27405,128,0,27568:0:0:0:0:
182,192,27486,1,0,0:0:0:0:
109,192,27568,1,0,0:0:0:0:
256,192,27568,1,0,0:0:0:0:
329,0,27568,128,0,27649:0:0:0:0:
182,192,27649,1,0,0:0:0:0:
402,0,27649,128,0,27811:0:0:0:0:
109,192,27730,1,0,0:0:0:0:
329,192,27730,1,0,0:0:0:0:
475,0,27730,128,0,27811:0:0:0:0:
36,192,27811,1,0,0:0:0:0:
182,0,27811,128,0,28054:0:0:0:0:
256,0,27811,128,0,28054:0:0:0:0:
402,192,27892,1,0,0:0:0:0:
475,0,27892,128,0,28054:0:0:0:0:
109,0,28054,128,0,28216:0:0:0:0:
402,0,28054,128,0,28135:0:0:0:0:
329,0,28135,128,0,28216:0:0:0:0:
36,192,28216,1,0,0:0:0:0:
182,192,28216,1,0,0:0:0:0:
256,0,28216,128,0,28297:0:0:0:0:
475,192,28216,1,0,0:0:0:0:
329,0,28297,128,0,28378:0:0:0:0:
182,192,28378,1,0,0:0:0:0:
402,0,28378,128,0,28459:0:0:0:0:
475,0,28378,128,0,28541:0:0:0:0:
256,192,28459,1,0,0:0:0:0:
36,192,28541,1,0,0:0:0:0:
109,192,28541,1,0,0:0:0:0:
182,192,28541,1,0,0:0:0:0:
329,192,28541,1,0,0:0:0:0:
256,192,28703,1,0,0:0:0:0:
256,192,28865,1,0,0:0:0:0:
182,192,29027,1,0,0:0:0:0:
256,192,29108,1,0,0:0:0:0:
36,192,29189,1,0,0:0:0:0:
109,192,29189,1,0,0:0:0:0:
329,192,29189,1,0,0:0:0:0:
475,192,29189,1,0,0:0:0:0:
402,192,29351,1,0,0:0:0:0:
182,0,29514,128,0,29838:0:0:0:0:
256,0,29514,128,0,29838:0:0:0:0:
329,0,29514,128,0,29838:0:0:0:0:
36,192,29838,1,0,0:0:0:0:
109,192,29838,1,0,0:0:0:0:
402,192,29838,1,0,0:0:0:0:
475,192,29838,1,0,0:0:0:0:
182,192,30000,1,0,0:0:0:0:
256,192,30000,1,0,0:0:0:0:
329,192,30000,1,0,0:0:0:0:
36,192,30162,1,0,0:0:0:0:
109,192,30162,1,0,0:0:0:0:
402,192,30162,1,0,0:0:0:0:
475,192,30162,1,0,0:0:0:0:
182,192,30324,1,0,0:0:0:0:
256,192,30324,1,0,0:0:0:0:
329,192,30324,1,0,0:0:0:0:
36,192,30486,1,0,0:0:0:0:
109,192,30486,1,0,0:0:0:0:
329,192,30568,1,0,0:0:0:0:
402,192,30568,1,0,0:0:0:0:
109,192,30649,1,0,0:0:0:0:
182,192,30649,1,0,0:0:0:0:
402,192,30730,1,0,0:0:0:0:
475,192,30730,1,0,0:0:0:0:
36,0,30811,128,0,31081:0:0:0:0:
109,0,30811,128,0,31081:0:0:0:0:
182,0,30811,128,0,31081:0:0:0:0:
256,0,30811,128,0,31081:0:0:0:0:
329,0,30811,128,0,31081:0:0:0:0:
36,192,31135,1,0,0:0:0:0:
109,192,31135,1,0,0:0:0:0:
182,192,31135,1,0,0:0:0:0:
402,0,31135,128,0,32068:0:0:0:0:
475,0,31135,128,0,32068:0:0:0:0:
256,192,31297,1,0,0:0:0:0:
182,192,31459,1,0,0:0:0:0:
256,192,31622,1,0,0:0:0:0:
182,0,31784,128,0,32108:0:0:0:0:
36,192,32108,1,0,0:0:0:0:
109,192,32108,1,0,0:0:0:0:
256,192,32108,1,0,0:0:0:0:
329,192,32108,1,0,0:0:0:0:
402,192,32108,1,0,0:0:0:0:
475,192,32108,1,0,0:0:0:0:
36,192,32432,1,0,0:0:0:0:
182,192,32432,1,0,0:0:0:0:
329,192,32432,1,0,0:0:0:0:
36,192,32757,1,0,0:0:0:0:
182,192,32757,1,0,0:0:0:0:
329,192,32757,1,0,0:0:0:0:
109,192,32919,1,0,0:0:0:0:
256,192,32919,1,0,0:0:0:0:
402,192,32919,1,0,0:0:0:0:
109,192,33243,1,0,0:0:0:0:
256,192,33243,1,0,0:0:0:0:
402,192,33243,1,0,0:0:0:0:
182,0,33568,128,0,34541:0:0:0:0:
329,0,33568,128,0,34541:0:0:0:0:
475,0,33568,128,0,35027:0:0:0:0:
36,0,34703,128,0,34784:0:0:0:0:
109,0,34703,128,0,34784:0:0:0:0:
182,192,35027,1,0,0:0:0:0:
256,192,35027,1,0,0:0:0:0:
329,192,35027,1,0,0:0:0:0:
182,192,35189,1,0,0:0:0:0:
329,192,35189,1,0,0:0:0:0:
36,192,35351,1,0,0:0:0:0:
475,192,35351,1,0,0:0:0:0:
36,192,35432,1,0,0:0:0:0:
475,192,35432,1,0,0:0:0:0:
109,192,35514,1,0,0:0:0:0:
402,192,35514,1,0,0:0:0:0:
182,192,35676,1,0,0:0:0:0:
329,192,35676,1,0,0:0:0:0:
109,192,35757,1,0,0:0:0:0:
402,192,35757,1,0,0:0:0:0:
36,192,35838,1,0,0:0:0:0:
475,192,35838,1,0,0:0:0:0:
109,192,35919,1,0,0:0:0:0:
402,192,35919,1,0,0:0:0:0:
36,192,36000,1,0,0:0:0:0:
182,192,36000,1,0,0:0:0:0:
256,192,36000,1,0,0:0:0:0:
329,192,36000,1,0,0:0:0:0:
475,192,36000,1,0,0:0:0:0:
182,192,36324,1,0,0:0:0:0:
256,192,36324,1,0,0:0:0:0:
329,192,36324,1,0,0:0:0:0:
402,192,36405,1,0,0:0:0:0:
475,192,36486,1,0,0:0:0:0:
109,192,36649,1,0,0:0:0:0:
182,192,36649,1,0,0:0:0:0:
256,192,36649,1,0,0:0:0:0:
329,192,36730,1,0,0:0:0:0:
402,192,36811,1,0,0:0:0:0:
36,192,36973,1,0,0:0:0:0:
109,192,36973,1,0,0:0:0:0:
182,192,36973,1,0,0:0:0:0:
256,192,36973,1,0,0:0:0:0:
36,192,37297,1,0,0:0:0:0:
109,192,37297,1,0,0:0:0:0:
182,192,37297,1,0,0:0:0:0:
256,192,37297,1,0,0:0:0:0:
329,192,37297,1,0,0:0:0:0:
402,192,37297,1,0,0:0:0:0:
475,192,37297,1,0,0:0:0:0:
36,0,37622,128,0,37784:0:0:0:0:
109,0,37662,128,0,37784:0:0:0:0:
182,0,37703,128,0,37784:0:0:0:0:
256,0,37743,128,0,37784:0:0:0:0:
329,0,37784,128,0,38351:0:0:0:0:
402,0,37784,128,0,38027:0:0:0:0:
475,0,37784,128,0,38027:0:0:0:0:
256,0,37946,128,0,38108:0:0:0:0:
182,0,37986,128,0,38108:0:0:0:0:
109,0,38027,128,0,38108:0:0:0:0:
36,0,38068,128,0,38108:0:0:0:0:
402,0,38108,128,0,38351:0:0:0:0:
475,0,38108,128,0,38676:0:0:0:0:
109,0,38270,128,0,38351:0:0:0:0:
256,192,38270,1,0,0:0:0:0:
36,0,38351,128,0,38432:0:0:0:0:
109,0,38432,128,0,38514:0:0:0:0:
402,0,38432,128,0,38676:0:0:0:0:
329,0,38432,128,0,39000:0:0:0:0:
182,0,38514,128,0,38595:0:0:0:0:
36,192,38595,1,0,0:0:0:0:
256,0,38595,128,0,38757:0:0:0:0:
402,0,38757,128,0,39000:0:0:0:0:
475,0,38757,128,0,39324:0:0:0:0:
36,192,38919,1,0,0:0:0:0:
109,0,38919,128,0,39000:0:0:0:0:
182,0,39000,128,0,39081:0:0:0:0:
256,0,39081,128,0,39162:0:0:0:0:
329,0,39081,128,0,39486:0:0:0:0:
402,0,39081,128,0,39324:0:0:0:0:
182,0,39243,128,0,39324:0:0:0:0:
256,192,39243,1,0,0:0:0:0:
109,0,39324,128,0,39405:0:0:0:0:
36,0,39405,128,0,39486:0:0:0:0:
402,0,39405,128,0,39486:0:0:0:0:
475,0,39405,128,0,39486:0:0:0:0:
36,0,39568,128,0,39730:0:0:0:0:
109,192,39568,1,0,0:0:0:0:
182,192,39568,1,0,0:0:0:0:
475,0,39568,128,0,39730:0:0:0:0:
256,192,39649,1,0,0:0:0:0:
109,0,39730,128,0,39892:0:0:0:0:
182,0,39730,128,0,39892:0:0:0:0:
329,192,39730,1,0,0:0:0:0:
402,192,39730,1,0,0:0:0:0:
36,192,39892,1,0,0:0:0:0:
256,0,39892,128,0,40054:0:0:0:0:
329,0,39892,128,0,40054:0:0:0:0:
402,0,39892,128,0,40054:0:0:0:0:
475,192,39892,1,0,0:0:0:0:
36,192,40054,1,0,0:0:0:0:
475,192,40054,1,0,0:0:0:0:
475,0,40216,128,0,40378:0:0:0:0:
402,0,40257,128,0,40378:0:0:0:0:
329,0,40297,128,0,40378:0:0:0:0:
256,0,40338,128,0,40378:0:0:0:0:
36,0,40378,128,0,40622:0:0:0:0:
109,0,40378,128,0,40622:0:0:0:0:
182,0,40378,128,0,40946:0:0:0:0:
256,0,40541,128,0,40703:0:0:0:0:
329,0,40581,128,0,40703:0:0:0:0:
402,0,40622,128,0,40703:0:0:0:0:
475,0,40662,128,0,40703:0:0:0:0:
36,0,40703,128,0,41270:0:0:0:0:
109,0,40703,128,0,40946:0:0:0:0:
256,192,40865,1,0,0:0:0:0:
402,0,40865,128,0,40946:0:0:0:0:
475,0,40946,128,0,41027:0:0:0:0:
109,0,41027,128,0,41270:0:0:0:0:
182,0,41027,128,0,41432:0:0:0:0:
402,0,41027,128,0,41108:0:0:0:0:
329,0,41108,128,0,41189:0:0:0:0:
256,0,41189,128,0,41351:0:0:0:0:
475,192,41189,1,0,0:0:0:0:
36,0,41351,128,0,41432:0:0:0:0:
109,0,41351,128,0,41432:0:0:0:0:
329,192,41351,1,0,0:0:0:0:
402,192,41351,1,0,0:0:0:0:
36,192,41514,1,0,0:0:0:0:
109,192,41514,1,0,0:0:0:0:
182,192,41514,1,0,0:0:0:0:
256,192,41514,1,0,0:0:0:0:
329,192,41554,1,0,0:0:0:0:
402,192,41595,1,0,0:0:0:0:
475,192,41635,1,0,0:0:0:0:
36,192,41676,1,0,0:0:0:0:
109,192,41676,1,0,0:0:0:0:
182,192,41676,1,0,0:0:0:0:
256,192,41676,1,0,0:0:0:0:
329,192,41716,1,0,0:0:0:0:
402,192,41757,1,0,0:0:0:0:
475,192,41797,1,0,0:0:0:0:
36,192,41838,1,0,0:0:0:0:
109,192,41838,1,0,0:0:0:0:
182,192,41838,1,0,0:0:0:0:
256,192,41838,1,0,0:0:0:0:
329,192,41878,1,0,0:0:0:0:
402,192,41919,1,0,0:0:0:0:
475,192,41959,1,0,0:0:0:0:
36,192,42000,1,0,0:0:0:0:
109,192,42000,1,0,0:0:0:0:
182,192,42000,1,0,0:0:0:0:
256,192,42000,1,0,0:0:0:0:
329,192,42041,1,0,0:0:0:0:
402,192,42081,1,0,0:0:0:0:
475,192,42122,1,0,0:0:0:0:
36,192,42162,1,0,0:0:0:0:
109,192,42162,1,0,0:0:0:0:
475,0,42324,128,0,42486:0:0:0:0:
36,192,42486,1,0,0:0:0:0:
109,192,42486,1,0,0:0:0:0:
182,192,42486,1,0,0:0:0:0:
256,192,42486,1,0,0:0:0:0:
329,192,42486,1,0,0:0:0:0:
402,192,42486,1,0,0:0:0:0:
36,0,42811,128,0,42973:0:0:0:0:
109,0,42811,128,0,42973:0:0:0:0:
182,192,42811,1,0,0:0:0:0:
256,192,42811,1,0,0:0:0:0:
329,192,42811,1,0,0:0:0:0:
36,192,43135,1,0,0:0:0:0:
109,192,43135,1,0,0:0:0:0:
182,0,43297,128,0,43459:0:0:0:0:
256,0,43297,128,0,43459:0:0:0:0:
329,192,43297,1,0,0:0:0:0:
402,192,43297,1,0,0:0:0:0:
475,192,43297,1,0,0:0:0:0:
36,192,43459,1,0,0:0:0:0:
109,192,43459,1,0,0:0:0:0:
182,192,43622,1,0,0:0:0:0:
256,192,43622,1,0,0:0:0:0:
329,192,43784,1,0,0:0:0:0:
402,192,43784,1,0,0:0:0:0:
475,192,43784,1,0,0:0:0:0:
109,0,44108,128,0,44149:0:0:0:0:
182,0,44108,128,0,44149:0:0:0:0:
256,192,44108,1,0,0:0:0:0:
329,192,44108,1,0,0:0:0:0:
402,192,44108,1,0,0:0:0:0:
109,0,44270,128,0,44311:0:0:0:0:
182,0,44270,128,0,44311:0:0:0:0:
256,192,44270,1,0,0:0:0:0:
329,192,44270,1,0,0:0:0:0:
402,192,44270,1,0,0:0:0:0:
36,192,44432,1,0,0:0:0:0:
475,192,44432,1,0,0:0:0:0:
36,192,44595,1,0,0:0:0:0:
475,192,44595,1,0,0:0:0:0:
109,192,44757,1,0,0:0:0:0:
182,192,44757,1,0,0:0:0:0:
256,192,44757,1,0,0:0:0:0:
329,192,44757,1,0,0:0:0:0:
402,192,44757,1,0,0:0:0:0:
36,192,45081,1,0,0:0:0:0:
109,192,45081,1,0,0:0:0:0:
36,192,45243,1,0,0:0:0:0:
109,192,45243,1,0,0:0:0:0:
182,192,45405,1,0,0:0:0:0:
256,192,45405,1,0,0:0:0:0:
329,192,45405,1,0,0:0:0:0:
402,0,45405,128,0,45568:0:0:0:0:
475,0,45405,128,0,45568:0:0:0:0:
402,192,45730,1,0,0:0:0:0:
475,192,45730,1,0,0:0:0:0:
36,192,45892,1,0,0:0:0:0:
109,192,45892,1,0,0:0:0:0:
182,192,45892,1,0,0:0:0:0:
256,0,45892,128,0,46054:0:0:0:0:
329,0,45892,128,0,46054:0:0:0:0:
402,192,46054,1,0,0:0:0:0:
475,192,46054,1,0,0:0:0:0:
256,192,46216,1,0,0:0:0:0:
329,192,46216,1,0,0:0:0:0:
402,192,46216,1,0,0:0:0:0:
475,192,46216,1,0,0:0:0:0:
36,192,46378,1,0,0:0:0:0:
109,192,46378,1,0,0:0:0:0:
182,192,46378,1,0,0:0:0:0:
402,192,46378,1,0,0:0:0:0:
475,192,46378,1,0,0:0:0:0:
36,192,46703,1,0,0:0:0:0:
109,192,46703,1,0,0:0:0:0:
182,192,46703,1,0,0:0:0:0:
256,192,46703,1,0,0:0:0:0:
329,192,46703,1,0,0:0:0:0:
402,192,46703,1,0,0:0:0:0:
475,192,46703,1,0,0:0:0:0:
36,192,46865,1,0,0:0:0:0:
109,192,46865,1,0,0:0:0:0:
182,192,46865,1,0,0:0:0:0:
256,192,46865,1,0,0:0:0:0:
329,192,46865,1,0,0:0:0:0:
402,192,46865,1,0,0:0:0:0:
475,192,46865,1,0,0:0:0:0:
36,192,47027,1,0,0:0:0:0:
109,192,47027,1,0,0:0:0:0:
182,192,47027,1,0,0:0:0:0:
256,192,47027,1,0,0:0:0:0:
329,192,47027,1,0,0:0:0:0:
402,192,47027,1,0,0:0:0:0:
475,192,47027,1,0,0:0:0:0:
36,192,47189,1,0,0:0:0:0:
109,192,47189,1,0,0:0:0:0:
182,192,47189,1,0,0:0:0:0:
256,192,47189,1,0,0:0:0:0:
329,192,47189,1,0,0:0:0:0:
402,192,47189,1,0,0:0:0:0:
475,192,47189,1,0,0:0:0:0:
36,0,47351,128,0,47568:0:0:0:0:
109,0,47351,128,0,47568:0:0:0:0:
182,0,47351,128,0,47568:0:0:0:0:
256,0,47351,128,0,47568:0:0:0:0:
329,0,47351,128,0,47568:0:0:0:0:
402,0,47351,128,0,47568:0:0:0:0:
475,0,47351,128,0,47568:0:0:0:0:
36,192,47676,1,0,0:0:0:0:
109,192,47676,1,0,0:0:0:0:
182,192,47676,1,0,0:0:0:0:
256,192,47676,1,0,0:0:0:0:
329,192,47676,1,0,0:0:0:0:
402,192,47676,1,0,0:0:0:0:
475,192,47676,1,0,0:0:0:0:
36,0,48000,128,0,48566:0:0:0:0:
256,192,48000,1,0,0:0:0:0:
475,192,48000,1,0,0:0:0:0:
475,192,48198,1,0,0:0:0:0:
475,192,48396,1,0,0:0:0:0:
109,192,48566,1,0,0:0:0:0:
182,192,48651,1,0,0:0:0:0:
109,192,48735,1,0,0:0:0:0:
182,192,48820,1,0,0:0:0:0:
329,0,48905,128,0,49188:0:0:0:0:
402,0,48905,128,0,49188:0:0:0:0:
109,0,49245,128,0,49414:0:0:0:0:
256,0,49245,128,0,49414:0:0:0:0:
36,0,49414,128,0,49584:0:0:0:0:
182,0,49414,128,0,49584:0:0:0:0:
109,0,49584,128,0,49754:0:0:0:0:
256,0,49584,128,0,49754:0:0:0:0:
182,0,49754,128,0,49923:0:0:0:0:
329,0,49754,128,0,49923:0:0:0:0:
256,0,49923,128,0,50602:0:0:0:0:
402,0,49923,128,0,50602:0:0:0:0:
36,192,50602,1,0,0:0:0:0:
329,192,50602,1,0,0:0:0:0:
475,0,50602,128,0,51168:0:0:0:0:
36,192,50800,1,0,0:0:0:0:
36,192,50998,1,0,0:0:0:0:
402,192,51168,1,0,0:0:0:0:
329,192,51253,1,0,0:0:0:0:
402,192,51338,1,0,0:0:0:0:
329,192,51422,1,0,0:0:0:0:
109,0,51507,128,0,51790:0:0:0:0:
182,0,51507,128,0,51790:0:0:0:0:
256,0,51847,128,0,52016:0:0:0:0:
329,0,51847,128,0,52016:0:0:0:0:
402,0,52016,128,0,52186:0:0:0:0:
475,0,52016,128,0,52186:0:0:0:0:
256,0,52186,128,0,52356:0:0:0:0:
329,0,52186,128,0,52356:0:0:0:0:
109,0,52356,128,0,52526:0:0:0:0:
182,0,52356,128,0,52526:0:0:0:0:
36,0,52526,128,0,52695:0:0:0:0:
475,0,52526,128,0,52695:0:0:0:0:
109,0,52695,128,0,52865:0:0:0:0:
402,0,52695,128,0,52865:0:0:0:0:
182,0,52865,128,0,53027:0:0:0:0:
329,0,52865,128,0,53027:0:0:0:0:
36,0,53189,128,0,53676:0:0:0:0:
109,0,53189,128,0,53676:0:0:0:0:
182,192,53189,1,0,0:0:0:0:
256,192,53189,1,0,0:0:0:0:
329,192,53514,1,0,0:0:0:0:
402,192,53514,1,0,0:0:0:0:
475,192,53514,1,0,0:0:0:0:
182,192,53676,1,0,0:0:0:0:
256,192,53676,1,0,0:0:0:0:
402,0,53676,128,0,54162:0:0:0:0:
475,0,53676,128,0,54162:0:0:0:0:
109,192,54000,1,0,0:0:0:0:
182,192,54000,1,0,0:0:0:0:
36,192,54162,1,0,0:0:0:0:
109,192,54162,1,0,0:0:0:0:
182,192,54162,1,0,0:0:0:0:
256,0,54162,128,0,54487:0:0:0:0:
329,0,54162,128,0,54487:0:0:0:0:
109,0,54487,128,0,54973:0:0:0:0:
182,0,54487,128,0,54973:0:0:0:0:
402,192,54487,1,0,0:0:0:0:
475,192,54487,1,0,0:0:0:0:
402,192,54649,1,0,0:0:0:0:
475,192,54649,1,0,0:0:0:0:
36,192,54811,1,0,0:0:0:0:
256,192,54811,1,0,0:0:0:0:
329,192,54811,1,0,0:0:0:0:
36,0,54973,128,0,55297:0:0:0:0:
256,0,54973,128,0,55297:0:0:0:0:
402,192,54973,1,0,0:0:0:0:
475,192,54973,1,0,0:0:0:0:
109,192,55297,1,0,0:0:0:0:
182,192,55297,1,0,0:0:0:0:
329,0,55297,128,0,55460:0:0:0:0:
36,0,55460,128,0,55622:0:0:0:0:
256,192,55460,1,0,0:0:0:0:
402,0,55460,128,0,55622:0:0:0:0:
182,192,55541,1,0,0:0:0:0:
329,192,55622,1,0,0:0:0:0:
109,0,55622,128,0,55784:0:0:0:0:
475,0,55622,128,0,55784:0:0:0:0:
256,192,55703,1,0,0:0:0:0:
36,192,55946,1,0,0:0:0:0:
109,192,55946,1,0,0:0:0:0:
182,192,55946,1,0,0:0:0:0:
256,192,55946,1,0,0:0:0:0:
329,192,55946,1,0,0:0:0:0:
36,192,56189,1,0,0:0:0:0:
109,192,56189,1,0,0:0:0:0:
182,192,56189,1,0,0:0:0:0:
256,192,56189,1,0,0:0:0:0:
329,192,56189,1,0,0:0:0:0:
36,192,56433,1,0,0:0:0:0:
109,192,56433,1,0,0:0:0:0:
182,192,56433,1,0,0:0:0:0:
256,192,56433,1,0,0:0:0:0:
329,192,56433,1,0,0:0:0:0:
36,192,56676,1,0,0:0:0:0:
109,192,56676,1,0,0:0:0:0:
182,192,56676,1,0,0:0:0:0:
256,192,56676,1,0,0:0:0:0:
329,192,56676,1,0,0:0:0:0:
36,192,56919,1,0,0:0:0:0:
109,192,56919,1,0,0:0:0:0:
36,192,57000,1,0,0:0:0:0:
109,192,57000,1,0,0:0:0:0:
182,192,57243,1,0,0:0:0:0:
256,192,57243,1,0,0:0:0:0:
329,192,57243,1,0,0:0:0:0:
402,192,57243,1,0,0:0:0:0:
475,192,57243,1,0,0:0:0:0:
182,192,57487,1,0,0:0:0:0:
256,192,57487,1,0,0:0:0:0:
329,192,57487,1,0,0:0:0:0:
402,192,57487,1,0,0:0:0:0:
475,192,57487,1,0,0:0:0:0:
36,192,57730,1,0,0:0:0:0:
109,192,57730,1,0,0:0:0:0:
182,192,57730,1,0,0:0:0:0:
256,192,57730,1,0,0:0:0:0:
329,192,57730,1,0,0:0:0:0:
402,192,57730,1,0,0:0:0:0:
475,192,57811,1,0,0:0:0:0:
36,192,57892,1,0,0:0:0:0:
109,192,57973,1,0,0:0:0:0:
182,192,57973,1,0,0:0:0:0:
256,192,57973,1,0,0:0:0:0:
329,192,57973,1,0,0:0:0:0:
402,192,57973,1,0,0:0:0:0:
475,192,57973,1,0,0:0:0:0:
36,192,58054,1,0,0:0:0:0:
475,192,58135,1,0,0:0:0:0:
36,192,58216,1,0,0:0:0:0:
109,192,58216,1,0,0:0:0:0:
182,192,58216,1,0,0:0:0:0:
256,192,58216,1,0,0:0:0:0:
329,192,58216,1,0,0:0:0:0:
402,192,58216,1,0,0:0:0:0:
475,192,58297,1,0,0:0:0:0:
36,192,58379,1,0,0:0:0:0:
109,192,58379,1,0,0:0:0:0:
182,192,58379,1,0,0:0:0:0:
256,192,58379,1,0,0:0:0:0:
329,192,58379,1,0,0:0:0:0:
402,192,58379,1,0,0:0:0:0:
256,192,59351,1,0,0:0:0:0:
256,192,59676,1,0,0:0:0:0:
256,192,59919,1,0,0:0:0:0:
256,192,60162,1,0,0:0:0:0:
36,192,60324,1,0,0:0:0:0:
256,192,60324,1,0,0:0:0:0:
475,192,60324,1,0,0:0:0:0:
109,192,60406,1,0,0:0:0:0:
402,192,60406,1,0,0:0:0:0:
36,192,60487,1,0,0:0:0:0:
256,192,60487,1,0,0:0:0:0:
475,192,60487,1,0,0:0:0:0:
109,192,60649,1,0,0:0:0:0:
182,192,60649,1,0,0:0:0:0:
256,192,60649,1,0,0:0:0:0:
329,192,60649,1,0,0:0:0:0:
402,192,60649,1,0,0:0:0:0:
36,192,60973,1,0,0:0:0:0:
109,192,60973,1,0,0:0:0:0:
182,192,60973,1,0,0:0:0:0:
329,192,60973,1,0,0:0:0:0:
402,192,61135,1,0,0:0:0:0:
329,192,61297,1,0,0:0:0:0:
402,192,61460,1,0,0:0:0:0:
256,192,61622,1,0,0:0:0:0:
182,192,61784,1,0,0:0:0:0:
256,192,61865,1,0,0:0:0:0:
182,192,62027,1,0,0:0:0:0:
256,192,62108,1,0,0:0:0:0:
36,192,62270,1,0,0:0:0:0:
109,192,62433,1,0,0:0:0:0:
36,192,62514,1,0,0:0:0:0:
109,192,62595,1,0,0:0:0:0:
36,192,62757,1,0,0:0:0:0:
475,192,62919,1,0,0:0:0:0:
402,192,63081,1,0,0:0:0:0:
475,192,63162,1,0,0:0:0:0:
402,192,63324,1,0,0:0:0:0:
475,192,63406,1,0,0:0:0:0:
256,192,63487,1,0,0:0:0:0:
329,192,63568,1,0,0:0:0:0:
402,192,63730,1,0,0:0:0:0:
329,192,63892,1,0,0:0:0:0:
402,192,64054,1,0,0:0:0:0:
256,192,64216,1,0,0:0:0:0:
182,192,64379,1,0,0:0:0:0:
256,192,64460,1,0,0:0:0:0:
182,192,64622,1,0,0:0:0:0:
256,192,64703,1,0,0:0:0:0:
36,192,64865,1,0,0:0:0:0:
182,192,65027,1,0,0:0:0:0:
109,192,65189,1,0,0:0:0:0:
256,192,65351,1,0,0:0:0:0:
475,192,65514,1,0,0:0:0:0:
329,192,65676,1,0,0:0:0:0:
402,192,65757,1,0,0:0:0:0:
256,192,65838,1,0,0:0:0:0:
182,192,66000,1,0,0:0:0:0:
36,192,66081,1,0,0:0:0:0:
329,192,66162,1,0,0:0:0:0:
109,0,66162,128,0,67460:0:0:0:0:
402,192,66324,1,0,0:0:0:0:
329,192,66487,1,0,0:0:0:0:
402,192,66649,1,0,0:0:0:0:
256,192,66811,1,0,0:0:0:0:
182,192,66973,1,0,0:0:0:0:
256,192,67054,1,0,0:0:0:0:
182,192,67216,1,0,0:0:0:0:
256,192,67297,1,0,0:0:0:0:
36,192,67460,1,0,0:0:0:0:
402,0,67460,128,0,67946:0:0:0:0:
109,192,67622,1,0,0:0:0:0:
36,192,67703,1,0,0:0:0:0:
109,192,67784,1,0,0:0:0:0:
36,192,67946,1,0,0:0:0:0:
256,0,67946,128,0,68433:0:0:0:0:
475,192,68108,1,0,0:0:0:0:
402,192,68270,1,0,0:0:0:0:
475,192,68351,1,0,0:0:0:0:
36,0,68433,128,0,68757:0:0:0:0:
402,192,68514,1,0,0:0:0:0:
475,192,68595,1,0,0:0:0:0:
256,192,68676,1,0,0:0:0:0:
329,192,68757,1,0,0:0:0:0:
109,0,68757,128,0,70054:0:0:0:0:
402,192,68919,1,0,0:0:0:0:
329,192,69081,1,0,0:0:0:0:
402,192,69243,1,0,0:0:0:0:
256,192,69406,1,0,0:0:0:0:
182,192,69568,1,0,0:0:0:0:
256,192,69649,1,0,0:0:0:0:
182,192,69811,1,0,0:0:0:0:
256,192,69892,1,0,0:0:0:0:
36,192,70054,1,0,0:0:0:0:
402,0,70054,128,0,70216:0:0:0:0:
475,0,70054,128,0,71351:0:0:0:0:
182,192,70216,1,0,0:0:0:0:
329,192,70216,1,0,0:0:0:0:
109,192,70379,1,0,0:0:0:0:
402,0,70379,128,0,70541:0:0:0:0:
256,192,70541,1,0,0:0:0:0:
329,192,70541,1,0,0:0:0:0:
36,0,70703,128,0,71027:0:0:0:0:
402,192,70703,1,0,0:0:0:0:
256,192,70865,1,0,0:0:0:0:
329,192,70946,1,0,0:0:0:0:
182,192,71027,1,0,0:0:0:0:
256,192,71027,1,0,0:0:0:0:
402,192,71027,1,0,0:0:0:0:
109,192,71189,1,0,0:0:0:0:
36,192,71270,1,0,0:0:0:0:
182,192,71351,1,0,0:0:0:0:
256,192,71351,1,0,0:0:0:0:
329,0,71351,128,0,71676:0:0:0:0:
402,0,71351,128,0,71514:0:0:0:0:
36,192,71676,1,0,0:0:0:0:
109,192,71676,1,0,0:0:0:0:
256,192,71838,1,0,0:0:0:0:
329,192,71838,1,0,0:0:0:0:
402,0,71838,128,0,72162:0:0:0:0:
475,0,71838,128,0,72000:0:0:0:0:
256,192,72162,1,0,0:0:0:0:
329,192,72162,1,0,0:0:0:0:
36,192,72324,1,0,0:0:0:0:
109,192,72324,1,0,0:0:0:0:
182,192,72324,1,0,0:0:0:0:
36,192,72487,1,0,0:0:0:0:
36,192,72568,1,0,0:0:0:0:
182,192,72649,1,0,0:0:0:0:
256,192,72649,1,0,0:0:0:0:
329,0,72649,128,0,72811:0:0:0:0:
402,0,72649,128,0,72973:0:0:0:0:
36,192,72973,1,0,0:0:0:0:
109,192,72973,1,0,0:0:0:0:
182,192,73135,1,0,0:0:0:0:
256,192,73135,1,0,0:0:0:0:
475,192,73135,1,0,0:0:0:0:
329,0,73297,128,0,73460:0:0:0:0:
182,192,73460,1,0,0:0:0:0:
256,192,73460,1,0,0:0:0:0:
402,192,73460,1,0,0:0:0:0:
36,192,73622,1,0,0:0:0:0:
109,192,73622,1,0,0:0:0:0:
329,0,73622,128,0,73784:0:0:0:0:
402,192,73784,1,0,0:0:0:0:
109,0,73946,128,0,74108:0:0:0:0:
182,0,73946,128,0,74270:0:0:0:0:
256,192,73946,1,0,0:0:0:0:
329,192,73946,1,0,0:0:0:0:
402,192,74270,1,0,0:0:0:0:
475,192,74270,1,0,0:0:0:0:
36,0,74433,128,0,74595:0:0:0:0:
109,0,74433,128,0,74757:0:0:0:0:
182,192,74433,1,0,0:0:0:0:
256,192,74433,1,0,0:0:0:0:
182,192,74757,1,0,0:0:0:0:
256,192,74757,1,0,0:0:0:0:
329,192,74919,1,0,0:0:0:0:
402,192,74919,1,0,0:0:0:0:
475,192,74919,1,0,0:0:0:0:
475,192,75081,1,0,0:0:0:0:
475,192,75162,1,0,0:0:0:0:
182,0,75243,128,0,75406:0:0:0:0:
329,192,75243,1,0,0:0:0:0:
402,192,75243,1,0,0:0:0:0:
109,192,75406,1,0,0:0:0:0:
182,0,75568,128,0,75730:0:0:0:0:
256,192,75568,1,0,0:0:0:0:
475,192,75568,1,0,0:0:0:0:
109,192,75730,1,0,0:0:0:0:
329,192,75730,1,0,0:0:0:0:
402,192,75730,1,0,0:0:0:0:
256,192,75892,1,0,0:0:0:0:
256,192,76054,1,0,0:0:0:0:
329,192,76054,1,0,0:0:0:0:
402,192,76054,1,0,0:0:0:0:
36,192,76216,1,0,0:0:0:0:
109,192,76216,1,0,0:0:0:0:
182,192,76216,1,0,0:0:0:0:
256,192,76216,1,0,0:0:0:0:
256,192,76379,1,0,0:0:0:0:
36,0,76541,128,0,76865:0:0:0:0:
109,0,76541,128,0,76703:0:0:0:0:
256,192,76541,1,0,0:0:0:0:
329,192,76541,1,0,0:0:0:0:
402,192,76541,1,0,0:0:0:0:
475,192,76541,1,0,0:0:0:0:
402,0,77027,128,0,77189:0:0:0:0:
475,0,77027,128,0,77351:0:0:0:0:
36,192,77189,1,0,0:0:0:0:
109,192,77189,1,0,0:0:0:0:
182,192,77189,1,0,0:0:0:0:
256,192,77189,1,0,0:0:0:0:
36,192,77514,1,0,0:0:0:0:
36,192,77676,1,0,0:0:0:0:
36,192,77757,1,0,0:0:0:0:
109,192,77838,1,0,0:0:0:0:
256,192,77838,1,0,0:0:0:0:
329,192,77838,1,0,0:0:0:0:
402,192,77838,1,0,0:0:0:0:
475,192,77838,1,0,0:0:0:0:
182,192,78000,1,0,0:0:0:0:
475,192,78162,1,0,0:0:0:0:
475,192,78324,1,0,0:0:0:0:
475,192,78406,1,0,0:0:0:0:
36,192,78487,1,0,0:0:0:0:
109,192,78487,1,0,0:0:0:0:
182,192,78487,1,0,0:0:0:0:
256,192,78487,1,0,0:0:0:0:
402,0,78487,128,0,78649:0:0:0:0:
329,0,78649,128,0,78811:0:0:0:0:
475,192,78811,1,0,0:0:0:0:
36,0,78811,128,0,79135:0:0:0:0:
402,192,78892,1,0,0:0:0:0:
475,192,78973,1,0,0:0:0:0:
402,192,79054,1,0,0:0:0:0:
109,192,79135,1,0,0:0:0:0:
182,192,79135,1,0,0:0:0:0:
256,192,79135,1,0,0:0:0:0:
256,192,79297,1,0,0:0:0:0:
329,192,79297,1,0,0:0:0:0:
402,192,79297,1,0,0:0:0:0:
109,192,79460,1,0,0:0:0:0:
182,192,79460,1,0,0:0:0:0:
256,192,79460,1,0,0:0:0:0:
256,192,79622,1,0,0:0:0:0:
329,192,79622,1,0,0:0:0:0:
402,192,79622,1,0,0:0:0:0:
109,192,79784,1,0,0:0:0:0:
182,192,79784,1,0,0:0:0:0:
36,192,79865,1,0,0:0:0:0:
109,192,79865,1,0,0:0:0:0:
182,192,79946,1,0,0:0:0:0:
256,192,79946,1,0,0:0:0:0:
109,192,80027,1,0,0:0:0:0:
182,192,80027,1,0,0:0:0:0:
329,192,80108,1,0,0:0:0:0:
402,192,80108,1,0,0:0:0:0:
256,192,80189,1,0,0:0:0:0:
329,192,80189,1,0,0:0:0:0:
402,192,80270,1,0,0:0:0:0:
475,192,80270,1,0,0:0:0:0:
329,192,80351,1,0,0:0:0:0:
402,192,80351,1,0,0:0:0:0:
36,192,80433,1,0,0:0:0:0:
182,0,80433,128,0,80595:0:0:0:0:
329,192,80595,1,0,0:0:0:0:
36,192,80757,1,0,0:0:0:0:
182,0,80757,128,0,80919:0:0:0:0:
475,192,80757,1,0,0:0:0:0:
329,192,80919,1,0,0:0:0:0:
36,192,81081,1,0,0:0:0:0:
109,0,81081,128,0,81406:0:0:0:0:
256,192,81081,1,0,0:0:0:0:
402,0,81081,128,0,81406:0:0:0:0:
475,192,81081,1,0,0:0:0:0:
36,192,81406,1,0,0:0:0:0:
182,192,81406,1,0,0:0:0:0:
256,192,81406,1,0,0:0:0:0:
329,192,81406,1,0,0:0:0:0:
475,192,81406,1,0,0:0:0:0:
109,0,81730,128,0,81892:0:0:0:0:
182,192,81730,1,0,0:0:0:0:
256,192,81730,1,0,0:0:0:0:
329,192,81730,1,0,0:0:0:0:
475,0,81730,128,0,82379:0:0:0:0:
402,0,81811,128,0,81892:0:0:0:0:
36,0,81892,128,0,82054:0:0:0:0:
329,0,81973,128,0,82054:0:0:0:0:
109,0,82054,128,0,82135:0:0:0:0:
182,0,82135,128,0,82297:0:0:0:0:
109,0,82297,128,0,82379:0:0:0:0:
182,192,82379,1,0,0:0:0:0:
256,192,82379,1,0,0:0:0:0:
329,192,82379,1,0,0:0:0:0:
402,0,82379,128,0,82541:0:0:0:0:
36,0,82379,128,0,83027:0:0:0:0:
475,0,82541,128,0,82703:0:0:0:0:
402,0,82703,128,0,82784:0:0:0:0:
329,0,82784,128,0,82946:0:0:0:0:
402,0,82946,128,0,83027:0:0:0:0:
109,0,83027,128,0,83189:0:0:0:0:
182,192,83027,1,0,0:0:0:0:
256,192,83027,1,0,0:0:0:0:
329,192,83027,1,0,0:0:0:0:
475,0,83027,128,0,83676:0:0:0:0:
402,0,83108,128,0,83189:0:0:0:0:
36,0,83189,128,0,83351:0:0:0:0:
329,0,83270,128,0,83351:0:0:0:0:
109,0,83351,128,0,83433:0:0:0:0:
182,0,83433,128,0,83595:0:0:0:0:
109,0,83595,128,0,83676:0:0:0:0:
182,192,83676,1,0,0:0:0:0:
256,192,83676,1,0,0:0:0:0:
329,192,83676,1,0,0:0:0:0:
402,0,83676,128,0,83838:0:0:0:0:
36,0,83676,128,0,84324:0:0:0:0:
475,0,83838,128,0,84000:0:0:0:0:
402,0,84000,128,0,84081:0:0:0:0:
329,0,84081,128,0,84243:0:0:0:0:
402,0,84243,128,0,84324:0:0:0:0:
182,192,84324,1,0,0:0:0:0:
475,0,84324,128,0,84406:0:0:0:0:
109,192,84406,1,0,0:0:0:0:
402,0,84406,128,0,84487:0:0:0:0:
36,192,84487,1,0,0:0:0:0:
329,0,84487,128,0,84568:0:0:0:0:
109,192,84568,1,0,0:0:0:0:
256,0,84568,128,0,84649:0:0:0:0:
182,192,84649,1,0,0:0:0:0:
475,0,84649,128,0,85216:0:0:0:0:
109,192,84730,1,0,0:0:0:0:
402,0,84730,128,0,85135:0:0:0:0:
36,192,84811,1,0,0:0:0:0:
329,0,84811,128,0,85054:0:0:0:0:
109,192,84892,1,0,0:0:0:0:
256,0,84892,128,0,84973:0:0:0:0:
182,0,84973,128,0,85054:0:0:0:0:
36,0,84973,128,0,85622:0:0:0:0:
109,0,85054,128,0,85460:0:0:0:0:
256,0,85054,128,0,85135:0:0:0:0:
182,0,85135,128,0,85379:0:0:0:0:
329,0,85135,128,0,85216:0:0:0:0:
256,0,85216,128,0,85297:0:0:0:0:
402,0,85216,128,0,85297:0:0:0:0:
329,0,85297,128,0,85379:0:0:0:0:
475,0,85297,128,0,85622:0:0:0:0:
256,0,85379,128,0,85460:0:0:0:0:
402,0,85379,128,0,85622:0:0:0:0:
182,0,85460,128,0,85622:0:0:0:0:
329,0,85460,128,0,85622:0:0:0:0:
109,0,85541,128,0,85622:0:0:0:0:
256,0,85541,128,0,85622:0:0:0:0:
109,192,85784,1,0,0:0:0:0:
182,192,85784,1,0,0:0:0:0:
329,192,85784,1,0,0:0:0:0:
402,192,85784,1,0,0:0:0:0:
109,192,86108,1,0,0:0:0:0:
182,192,86108,1,0,0:0:0:0:
329,192,86108,1,0,0:0:0:0:
402,192,86108,1,0,0:0:0:0:
109,192,86270,1,0,0:0:0:0:
182,192,86270,1,0,0:0:0:0:
329,192,86270,1,0,0:0:0:0:
402,192,86270,1,0,0:0:0:0:
36,192,86595,1,0,0:0:0:0:
109,192,86595,1,0,0:0:0:0:
182,192,86595,1,0,0:0:0:0:
256,192,86595,1,0,0:0:0:0:
329,192,86595,1,0,0:0:0:0:
402,192,86595,1,0,0:0:0:0:
475,192,86595,1,0,0:0:0:0:
36,0,86919,128,0,87406:0:0:0:0:
256,0,86919,128,0,87081:0:0:0:0:
329,192,86919,1,0,0:0:0:0:
402,0,86919,128,0,87000:0:0:0:0:
475,0,87000,128,0,87081:0:0:0:0:
109,0,87081,128,0,87162:0:0:0:0:
182,192,87081,1,0,0:0:0:0:
402,0,87081,128,0,87162:0:0:0:0:
329,0,87162,128,0,87243:0:0:0:0:
109,0,87243,128,0,87406:0:0:0:0:
256,0,87243,128,0,87324:0:0:0:0:
475,192,87243,1,0,0:0:0:0:
182,0,87324,128,0,87406:0:0:0:0:
329,0,87324,128,0,87406:0:0:0:0:
402,0,87406,128,0,87487:0:0:0:0:
36,0,87487,128,0,87730:0:0:0:0:
109,0,87487,128,0,87649:0:0:0:0:
182,0,87487,128,0,87568:0:0:0:0:
329,0,87487,128,0,87568:0:0:0:0:
256,192,87568,1,0,0:0:0:0:
402,0,87568,128,0,87730:0:0:0:0:
475,0,87568,128,0,87811:0:0:0:0:
182,192,87649,1,0,0:0:0:0:
109,192,87730,1,0,0:0:0:0:
329,0,87730,128,0,87811:0:0:0:0:
36,192,87811,1,0,0:0:0:0:
256,0,87811,128,0,87892:0:0:0:0:
182,0,87892,128,0,87973:0:0:0:0:
402,192,87892,1,0,0:0:0:0:
475,0,87892,128,0,88135:0:0:0:0:
109,0,87973,128,0,88054:0:0:0:0:
329,192,87973,1,0,0:0:0:0:
36,0,88054,128,0,88135:0:0:0:0:
256,192,88054,1,0,0:0:0:0:
182,192,88135,1,0,0:0:0:0:
109,0,88216,128,0,88703:0:0:0:0:
329,0,88216,128,0,88379:0:0:0:0:
402,192,88216,1,0,0:0:0:0:
475,0,88216,128,0,88297:0:0:0:0:
36,0,88297,128,0,88379:0:0:0:0:
182,0,88379,128,0,88460:0:0:0:0:
256,192,88379,1,0,0:0:0:0:
475,0,88379,128,0,88460:0:0:0:0:
402,0,88460,128,0,88541:0:0:0:0:
36,192,88541,1,0,0:0:0:0:
182,0,88541,128,0,88703:0:0:0:0:
329,0,88541,128,0,88622:0:0:0:0:
256,0,88622,128,0,88703:0:0:0:0:
402,0,88622,128,0,88703:0:0:0:0:
475,0,88703,128,0,88784:0:0:0:0:
109,0,88784,128,0,89027:0:0:0:0:
182,0,88784,128,0,88946:0:0:0:0:
256,0,88784,128,0,88865:0:0:0:0:
402,0,88784,128,0,88865:0:0:0:0:
36,0,88865,128,0,89108:0:0:0:0:
329,192,88865,1,0,0:0:0:0:
475,0,88865,128,0,89027:0:0:0:0:
256,192,88946,1,0,0:0:0:0:
182,192,89027,1,0,0:0:0:0:
402,0,89027,128,0,89108:0:0:0:0:
109,192,89108,1,0,0:0:0:0:
329,0,89108,128,0,89189:0:0:0:0:
36,0,89189,128,0,89433:0:0:0:0:
256,0,89189,128,0,89270:0:0:0:0:
475,192,89189,1,0,0:0:0:0:
182,0,89270,128,0,89351:0:0:0:0:
402,192,89270,1,0,0:0:0:0:
109,0,89351,128,0,89433:0:0:0:0:
329,192,89351,1,0,0:0:0:0:
256,192,89433,1,0,0:0:0:0:
36,0,89514,128,0,89595:0:0:0:0:
182,0,89514,128,0,90000:0:0:0:0:
402,0,89514,128,0,89676:0:0:0:0:
475,192,89514,1,0,0:0:0:0:
109,0,89595,128,0,89676:0:0:0:0:
36,0,89676,128,0,89757:0:0:0:0:
256,0,89676,128,0,89757:0:0:0:0:
329,192,89676,1,0,0:0:0:0:
475,0,89757,128,0,89838:0:0:0:0:
109,192,89838,1,0,0:0:0:0:
256,0,89838,128,0,90000:0:0:0:0:
402,0,89838,128,0,89919:0:0:0:0:
329,0,89919,128,0,90000:0:0:0:0:
475,0,89919,128,0,90000:0:0:0:0:
36,0,90000,128,0,90081:0:0:0:0:
182,0,90081,128,0,90324:0:0:0:0:
256,0,90081,128,0,90243:0:0:0:0:
329,0,90081,128,0,90162:0:0:0:0:
475,0,90081,128,0,90162:0:0:0:0:
36,0,90162,128,0,90324:0:0:0:0:
109,0,90162,128,0,90406:0:0:0:0:
402,192,90162,1,0,0:0:0:0:
329,192,90243,1,0,0:0:0:0:
256,192,90324,1,0,0:0:0:0:
475,0,90324,128,0,90406:0:0:0:0:
182,192,90406,1,0,0:0:0:0:
402,0,90406,128,0,90487:0:0:0:0:
36,192,90487,1,0,0:0:0:0:
109,0,90487,128,0,90730:0:0:0:0:
329,0,90487,128,0,90568:0:0:0:0:
256,0,90568,128,0,90649:0:0:0:0:
475,192,90568,1,0,0:0:0:0:
182,0,90649,128,0,90730:0:0:0:0:
402,192,90649,1,0,0:0:0:0:
329,192,90730,1,0,0:0:0:0:
109,0,90811,128,0,90973:0:0:0:0:
182,0,90811,128,0,91135:0:0:0:0:
36,0,90892,128,0,90973:0:0:0:0:
256,0,90892,128,0,90973:0:0:0:0:
329,0,90973,128,0,91297:0:0:0:0:
402,0,90973,128,0,91135:0:0:0:0:
256,0,91054,128,0,91135:0:0:0:0:
475,0,91054,128,0,91135:0:0:0:0:
36,0,91135,128,0,91297:0:0:0:0:
109,0,91135,128,0,91460:0:0:0:0:
182,0,91216,128,0,91297:0:0:0:0:
256,0,91216,128,0,91297:0:0:0:0:
402,0,91297,128,0,91622:0:0:0:0:
475,0,91297,128,0,91460:0:0:0:0:
256,0,91379,128,0,91460:0:0:0:0:
329,0,91379,128,0,91460:0:0:0:0:
36,0,91460,128,0,91622:0:0:0:0:
182,0,91460,128,0,91622:0:0:0:0:
109,0,91541,128,0,91622:0:0:0:0:
256,0,91541,128,0,91622:0:0:0:0:
329,0,91622,128,0,91784:0:0:0:0:
475,0,91622,128,0,91784:0:0:0:0:
256,0,91703,128,0,91784:0:0:0:0:
402,0,91703,128,0,91784:0:0:0:0:
36,192,91784,1,0,0:0:0:0:
109,0,91784,128,0,91946:0:0:0:0:
182,0,91784,128,0,91946:0:0:0:0:
36,192,91946,1,0,0:0:0:0:
109,0,92108,128,0,92189:0:0:0:0:
182,192,92108,1,0,0:0:0:0:
256,0,92108,128,0,92270:0:0:0:0:
475,0,92108,128,0,92595:0:0:0:0:
36,0,92189,128,0,92270:0:0:0:0:
109,0,92270,128,0,92351:0:0:0:0:
329,192,92270,1,0,0:0:0:0:
402,0,92270,128,0,92351:0:0:0:0:
182,0,92351,128,0,92433:0:0:0:0:
36,192,92433,1,0,0:0:0:0:
256,0,92433,128,0,92514:0:0:0:0:
402,0,92433,128,0,92595:0:0:0:0:
182,0,92514,128,0,92595:0:0:0:0:
329,0,92514,128,0,92595:0:0:0:0:
109,0,92595,128,0,92676:0:0:0:0:
182,0,92676,128,0,92757:0:0:0:0:
329,0,92676,128,0,92757:0:0:0:0:
402,0,92676,128,0,92838:0:0:0:0:
475,0,92676,128,0,92919:0:0:0:0:
36,0,92757,128,0,93000:0:0:0:0:
109,0,92757,128,0,92919:0:0:0:0:
256,192,92757,1,0,0:0:0:0:
329,192,92838,1,0,0:0:0:0:
182,0,92919,128,0,93000:0:0:0:0:
402,192,92919,1,0,0:0:0:0:
256,0,93000,128,0,93081:0:0:0:0:
475,192,93000,1,0,0:0:0:0:
36,0,93081,128,0,93324:0:0:0:0:
109,192,93081,1,0,0:0:0:0:
329,0,93081,128,0,93162:0:0:0:0:
182,192,93162,1,0,0:0:0:0:
402,0,93162,128,0,93243:0:0:0:0:
256,192,93243,1,0,0:0:0:0:
475,0,93243,128,0,93324:0:0:0:0:
329,192,93324,1,0,0:0:0:0:
36,0,93406,128,0,93487:0:0:0:0:
109,192,93406,1,0,0:0:0:0:
182,0,93406,128,0,93568:0:0:0:0:
402,0,93406,128,0,93892:0:0:0:0:
475,0,93487,128,0,93568:0:0:0:0:
36,0,93568,128,0,93649:0:0:0:0:
256,192,93568,1,0,0:0:0:0:
329,0,93568,128,0,93649:0:0:0:0:
109,0,93649,128,0,93730:0:0:0:0:
182,0,93730,128,0,93811:0:0:0:0:
329,0,93730,128,0,93892:0:0:0:0:
475,192,93730,1,0,0:0:0:0:
109,0,93811,128,0,93892:0:0:0:0:
256,0,93811,128,0,93892:0:0:0:0:
36,0,93892,128,0,93973:0:0:0:0:
109,0,93973,128,0,94054:0:0:0:0:
256,0,93973,128,0,94054:0:0:0:0:
329,0,93973,128,0,94135:0:0:0:0:
402,0,93973,128,0,94216:0:0:0:0:
36,0,94054,128,0,94216:0:0:0:0:
182,192,94054,1,0,0:0:0:0:
475,0,94054,128,0,94297:0:0:0:0:
256,192,94135,1,0,0:0:0:0:
109,0,94216,128,0,94379:0:0:0:0:
329,192,94216,1,0,0:0:0:0:
182,0,94297,128,0,94460:0:0:0:0:
402,192,94297,1,0,0:0:0:0:
36,192,94379,1,0,0:0:0:0:
256,0,94379,128,0,94541:0:0:0:0:
475,0,94379,128,0,94622:0:0:0:0:
109,192,94460,1,0,0:0:0:0:
329,0,94460,128,0,94622:0:0:0:0:
182,192,94541,1,0,0:0:0:0:
402,0,94541,128,0,94703:0:0:0:0:
256,192,94622,1,0,0:0:0:0:
36,0,94703,128,0,95027:0:0:0:0:
109,0,94703,128,0,94865:0:0:0:0:
182,192,94703,1,0,0:0:0:0:
329,192,94703,1,0,0:0:0:0:
402,192,94784,1,0,0:0:0:0:
182,0,94865,128,0,95027:0:0:0:0:
256,0,94865,128,0,95027:0:0:0:0:
475,192,94865,1,0,0:0:0:0:
402,192,94946,1,0,0:0:0:0:
109,0,95027,128,0,95108:0:0:0:0:
329,192,95027,1,0,0:0:0:0:
475,192,95027,1,0,0:0:0:0:
36,0,95108,128,0,95270:0:0:0:0:
256,192,95108,1,0,0:0:0:0:
182,192,95189,1,0,0:0:0:0:
402,0,95189,128,0,95351:0:0:0:0:
109,0,95270,128,0,95351:0:0:0:0:
256,192,95270,1,0,0:0:0:0:
36,192,95351,1,0,0:0:0:0:
182,192,95351,1,0,0:0:0:0:
329,192,95351,1,0,0:0:0:0:
475,192,95351,1,0,0:0:0:0:
36,192,95514,1,0,0:0:0:0:
182,192,95514,1,0,0:0:0:0:
329,192,95514,1,0,0:0:0:0:
475,192,95514,1,0,0:0:0:0:
36,192,95676,1,0,0:0:0:0:
182,192,95676,1,0,0:0:0:0:
329,192,95676,1,0,0:0:0:0:
475,192,95676,1,0,0:0:0:0:
36,192,95838,1,0,0:0:0:0:
182,192,95838,1,0,0:0:0:0:
329,192,95838,1,0,0:0:0:0:
475,192,95838,1,0,0:0:0:0:
36,192,96000,1,0,0:0:0:0:
182,192,96000,1,0,0:0:0:0:
256,0,96000,128,0,96081:0:0:0:0:
329,192,96000,1,0,0:0:0:0:
475,192,96000,1,0,0:0:0:0:
109,192,96162,1,0,0:0:0:0:
402,192,96162,1,0,0:0:0:0:
109,192,96243,1,0,0:0:0:0:
402,192,96243,1,0,0:0:0:0:
36,192,96324,1,0,0:0:0:0:
256,192,96324,1,0,0:0:0:0:
475,192,96324,1,0,0:0:0:0:
109,192,96487,1,0,0:0:0:0:
256,192,96487,1,0,0:0:0:0:
402,192,96487,1,0,0:0:0:0:
182,0,96649,128,0,96811:0:0:0:0:
256,192,96649,1,0,0:0:0:0:
329,0,96649,128,0,96811:0:0:0:0:
36,192,96973,1,0,0:0:0:0:
109,192,97014,1,0,0:0:0:0:
402,192,97054,1,0,0:0:0:0:
475,192,97095,1,0,0:0:0:0:
36,192,97135,1,0,0:0:0:0:
109,192,97176,1,0,0:0:0:0:
402,192,97216,1,0,0:0:0:0:
475,192,97257,1,0,0:0:0:0:
36,0,97297,128,0,97622:0:0:0:0:
256,192,97297,1,0,0:0:0:0:
329,192,97297,1,0,0:0:0:0:
402,192,97379,1,0,0:0:0:0:
182,192,97460,1,0,0:0:0:0:
256,192,97460,1,0,0:0:0:0:
475,0,97460,128,0,97622:0:0:0:0:
329,192,97541,1,0,0:0:0:0:
109,192,97622,1,0,0:0:0:0:
182,192,97622,1,0,0:0:0:0:
402,0,97622,128,0,97784:0:0:0:0:
36,192,97703,1,0,0:0:0:0:
475,0,97703,128,0,97784:0:0:0:0:
182,192,97784,1,0,0:0:0:0:
256,192,97784,1,0,0:0:0:0:
109,192,97865,1,0,0:0:0:0:
402,0,97865,128,0,97946:0:0:0:0:
475,0,97865,128,0,98027:0:0:0:0:
36,0,97946,128,0,98189:0:0:0:0:
256,192,97946,1,0,0:0:0:0:
329,0,97946,128,0,98108:0:0:0:0:
109,0,98027,128,0,98108:0:0:0:0:
182,0,98108,128,0,98351:0:0:0:0:
475,0,98108,128,0,98189:0:0:0:0:
109,0,98189,128,0,98270:0:0:0:0:
402,0,98189,128,0,98270:0:0:0:0:
36,0,98270,128,0,98514:0:0:0:0:
256,192,98270,1,0,0:0:0:0:
329,0,98270,128,0,98351:0:0:0:0:
109,0,98351,128,0,98433:0:0:0:0:
402,0,98351,128,0,98433:0:0:0:0:
182,0,98433,128,0,98514:0:0:0:0:
329,192,98433,1,0,0:0:0:0:
475,0,98433,128,0,98514:0:0:0:0:
402,192,98514,1,0,0:0:0:0:
109,0,98514,128,0,98595:0:0:0:0:
36,0,98595,128,0,98757:0:0:0:0:
256,192,98595,1,0,0:0:0:0:
329,192,98595,1,0,0:0:0:0:
475,192,98676,1,0,0:0:0:0:
109,0,98757,128,0,98919:0:0:0:0:
182,192,98757,1,0,0:0:0:0:
256,192,98757,1,0,0:0:0:0:
402,192,98838,1,0,0:0:0:0:
182,192,98919,1,0,0:0:0:0:
256,192,98919,1,0,0:0:0:0:
475,0,98919,128,0,99000:0:0:0:0:
36,192,99000,1,0,0:0:0:0:
402,0,99000,128,0,99162:0:0:0:0:
256,192,99081,1,0,0:0:0:0:
329,192,99081,1,0,0:0:0:0:
109,192,99162,1,0,0:0:0:0:
475,0,99162,128,0,99406:0:0:0:0:
36,0,99243,128,0,99406:0:0:0:0:
402,192,99243,1,0,0:0:0:0:
329,192,99324,1,0,0:0:0:0:
109,0,99406,128,0,99568:0:0:0:0:
256,192,99406,1,0,0:0:0:0:
402,0,99406,128,0,99487:0:0:0:0:
182,192,99487,1,0,0:0:0:0:
329,0,99487,128,0,99568:0:0:0:0:
36,0,99568,128,0,99730:0:0:0:0:
256,0,99568,128,0,99649:0:0:0:0:
402,192,99568,1,0,0:0:0:0:
475,192,99568,1,0,0:0:0:0:
182,192,99649,1,0,0:0:0:0:
329,0,99649,128,0,99730:0:0:0:0:
256,192,99730,1,0,0:0:0:0:
402,0,99730,128,0,99811:0:0:0:0:
109,0,99730,128,0,99892:0:0:0:0:
329,192,99811,1,0,0:0:0:0:
182,192,99892,1,0,0:0:0:0:
256,192,99892,1,0,0:0:0:0:
475,0,99892,128,0,100216:0:0:0:0:
109,192,99973,1,0,0:0:0:0:
36,0,100054,128,0,100216:0:0:0:0:
256,192,100054,1,0,0:0:0:0:
329,192,100054,1,0,0:0:0:0:
182,192,100135,1,0,0:0:0:0:
109,0,100216,128,0,100379:0:0:0:0:
329,192,100216,1,0,0:0:0:0:
402,192,100216,1,0,0:0:0:0:
36,0,100297,128,0,100379:0:0:0:0:
475,192,100297,1,0,0:0:0:0:
256,192,100379,1,0,0:0:0:0:
329,192,100379,1,0,0:0:0:0:
36,0,100460,128,0,100622:0:0:0:0:
109,0,100460,128,0,100541:0:0:0:0:
402,192,100460,1,0,0:0:0:0:
182,0,100541,128,0,100703:0:0:0:0:
256,192,100541,1,0,0:0:0:0:
475,0,100541,128,0,100784:0:0:0:0:
402,0,100622,128,0,100703:0:0:0:0:
36,0,100703,128,0,100784:0:0:0:0:
329,0,100703,128,0,100946:0:0:0:0:
109,0,100784,128,0,100865:0:0:0:0:
402,0,100784,128,0,100865:0:0:0:0:
182,0,100865,128,0,100946:0:0:0:0:
256,192,100865,1,0,0:0:0:0:
475,0,100865,128,0,101108:0:0:0:0:
109,0,100946,128,0,101027:0:0:0:0:
402,0,100946,128,0,101027:0:0:0:0:
36,0,101027,128,0,101108:0:0:0:0:
256,192,101027,1,0,0:0:0:0:
329,0,101027,128,0,101108:0:0:0:0:
182,192,101108,1,0,0:0:0:0:
402,0,101108,128,0,101189:0:0:0:0:
36,0,101189,128,0,101351:0:0:0:0:
256,0,101189,128,0,101351:0:0:0:0:
475,0,101189,128,0,101351:0:0:0:0:
182,0,101270,128,0,101433:0:0:0:0:
329,0,101270,128,0,101433:0:0:0:0:
109,0,101351,128,0,101595:0:0:0:0:
402,0,101351,128,0,101595:0:0:0:0:
36,0,101433,128,0,101514:0:0:0:0:
475,0,101433,128,0,101514:0:0:0:0:
182,0,101514,128,0,101676:0:0:0:0:
256,0,101514,128,0,101676:0:0:0:0:
329,0,101514,128,0,101676:0:0:0:0:
36,0,101595,128,0,101838:0:0:0:0:
475,0,101595,128,0,101838:0:0:0:0:
109,0,101676,128,0,101757:0:0:0:0:
402,0,101676,128,0,101757:0:0:0:0:
182,0,101757,128,0,102000:0:0:0:0:
329,0,101757,128,0,102000:0:0:0:0:
109,0,101838,128,0,101919:0:0:0:0:
256,0,101838,128,0,101919:0:0:0:0:
402,0,101838,128,0,101919:0:0:0:0:
36,0,101919,128,0,102000:0:0:0:0:
475,0,101919,128,0,102000:0:0:0:0:
109,0,102000,128,0,102081:0:0:0:0:
256,0,102000,128,0,102081:0:0:0:0:
402,0,102000,128,0,102081:0:0:0:0:
182,0,102081,128,0,102162:0:0:0:0:
329,0,102081,128,0,102162:0:0:0:0:
36,0,102162,128,0,102406:0:0:0:0:
256,0,102162,128,0,102243:0:0:0:0:
475,0,102162,128,0,102406:0:0:0:0:
256,0,102324,128,0,102406:0:0:0:0:
36,192,102487,1,0,0:0:0:0:
182,0,102487,128,0,102649:0:0:0:0:
329,0,102487,128,0,102649:0:0:0:0:
475,192,102487,1,0,0:0:0:0:
256,192,102568,1,0,0:0:0:0:
36,192,102649,1,0,0:0:0:0:
109,0,102649,128,0,102811:0:0:0:0:
402,0,102649,128,0,102811:0:0:0:0:
475,192,102649,1,0,0:0:0:0:
256,192,102730,1,0,0:0:0:0:
36,0,102811,128,0,102892:0:0:0:0:
182,192,102811,1,0,0:0:0:0:
329,192,102811,1,0,0:0:0:0:
475,0,102811,128,0,102892:0:0:0:0:
109,0,102892,128,0,103054:0:0:0:0:
256,192,102892,1,0,0:0:0:0:
402,0,102892,128,0,103054:0:0:0:0:
182,192,102973,1,0,0:0:0:0:
329,192,102973,1,0,0:0:0:0:
36,0,103054,128,0,103297:0:0:0:0:
256,192,103054,1,0,0:0:0:0:
475,0,103054,128,0,103297:0:0:0:0:
109,192,103135,1,0,0:0:0:0:
402,192,103135,1,0,0:0:0:0:
182,192,103216,1,0,0:0:0:0:
329,192,103216,1,0,0:0:0:0:
256,0,103297,128,0,103379:0:0:0:0:
182,0,103379,128,0,103460:0:0:0:0:
329,0,103379,128,0,103460:0:0:0:0:
36,192,103460,1,0,0:0:0:0:
109,0,103460,128,0,103541:0:0:0:0:
402,0,103460,128,0,103541:0:0:0:0:
475,192,103460,1,0,0:0:0:0:
182,0,103541,128,0,103622:0:0:0:0:
329,0,103541,128,0,103622:0:0:0:0:
36,192,103622,1,0,0:0:0:0:
256,0,103622,128,0,103703:0:0:0:0:
475,192,103622,1,0,0:0:0:0:
109,192,103784,1,0,0:0:0:0:
182,192,103784,1,0,0:0:0:0:
329,192,103784,1,0,0:0:0:0:
402,192,103784,1,0,0:0:0:0:
256,192,103946,1,0,0:0:0:0:
256,192,104108,1,0,0:0:0:0:
182,192,104270,1,0,0:0:0:0:
256,192,104351,1,0,0:0:0:0:
36,192,104433,1,0,0:0:0:0:
109,192,104433,1,0,0:0:0:0:
329,192,104433,1,0,0:0:0:0:
475,192,104433,1,0,0:0:0:0:
402,192,104595,1,0,0:0:0:0:
182,0,104757,128,0,105081:0:0:0:0:
256,0,104757,128,0,105081:0:0:0:0:
329,0,104757,128,0,105081:0:0:0:0:
36,192,105081,1,0,0:0:0:0:
109,192,105081,1,0,0:0:0:0:
402,192,105081,1,0,0:0:0:0:
475,192,105081,1,0,0:0:0:0:
182,192,105243,1,0,0:0:0:0:
256,192,105243,1,0,0:0:0:0:
329,192,105243,1,0,0:0:0:0:
36,192,105406,1,0,0:0:0:0:
109,192,105406,1,0,0:0:0:0:
402,192,105406,1,0,0:0:0:0:
475,192,105406,1,0,0:0:0:0:
182,192,105568,1,0,0:0:0:0:
256,192,105568,1,0,0:0:0:0:
329,192,105568,1,0,0:0:0:0:
36,192,105730,1,0,0:0:0:0:
109,192,105730,1,0,0:0:0:0:
329,192,105811,1,0,0:0:0:0:
402,192,105811,1,0,0:0:0:0:
109,192,105892,1,0,0:0:0:0:
182,192,105892,1,0,0:0:0:0:
402,192,105973,1,0,0:0:0:0:
475,192,105973,1,0,0:0:0:0:
36,192,106054,1,0,0:0:0:0:
256,192,106054,1,0,0:0:0:0:
109,192,106095,1,0,0:0:0:0:
329,192,106095,1,0,0:0:0:0:
182,192,106135,1,0,0:0:0:0:
402,192,106135,1,0,0:0:0:0:
256,192,106176,1,0,0:0:0:0:
475,192,106176,1,0,0:0:0:0:
36,192,106216,1,0,0:0:0:0:
329,192,106216,1,0,0:0:0:0:
109,192,106257,1,0,0:0:0:0:
402,192,106257,1,0,0:0:0:0:
182,192,106297,1,0,0:0:0:0:
475,192,106297,1,0,0:0:0:0:
256,192,106338,1,0,0:0:0:0:
329,192,106338,1,0,0:0:0:0:
36,0,106703,128,0,107270:0:0:0:0:
109,0,106703,128,0,107270:0:0:0:0:
182,192,106703,1,0,0:0:0:0:
329,192,106703,1,0,0:0:0:0:
402,0,106703,128,0,107270:0:0:0:0:
475,0,106703,128,0,107270:0:0:0:0:
256,0,106703,128,0,107676:0:0:0:0:
36,192,107351,1,0,0:0:0:0:
109,192,107351,1,0,0:0:0:0:
402,192,107351,1,0,0:0:0:0:
475,192,107351,1,0,0:0:0:0:
182,0,107676,128,0,110189:0:0:0:0:
329,0,107676,128,0,110189:0:0:0:0:
109,0,109297,128,0,109419:0:0:0:0:
402,0,109297,128,0,109419:0:0:0:0:
109,192,109460,1,0,0:0:0:0:
402,192,109460,1,0,0:0:0:0:
182,192,110270,1,0,0:0:0:0:
256,192,110270,1,0,0:0:0:0:
329,192,110270,1,0,0:0:0:0:
