[Metadata]
Miracle∞Hinacle
IOSYS
혜리 & EXIT
3L touhou kagiyama hina zun
64
0.975

[TimingPoints]
0,375,4,2,2,100,1,0
26062,750,4,2,2,100,1,0
26250,187.5,4,2,2,100,1,0
26344,375,4,2,2,100,1,0
36000,187.5,4,2,2,100,1,0
36094,375,4,2,2,100,1,0
36375,187.5,4,2,2,100,1,0
36469,375,4,2,2,100,1,0
36750,187.5,4,2,2,100,1,0
36844,375,4,2,2,100,1,0
37125,187.5,4,2,2,100,1,0
37219,375,4,2,2,100,1,0
38250,750,4,2,2,100,1,0
39000,375,4,2,2,100,1,0
52500,750,4,2,2,100,1,0
52781,150,4,2,2,100,1,0
52875,375,4,2,2,100,1,0
55500,750,4,2,2,100,1,0
55781,150,4,2,2,100,1,0
55875,375,4,2,2,100,1,0
85312,187.5,4,2,2,100,1,0
85406,375,4,2,2,100,1,0
85500,750,4,2,2,100,1,0
85688,375,4,2,2,100,1,0
86062,187.5,4,2,2,100,1,0
86156,375,4,2,2,100,1,0
86250,750,4,2,2,100,1,0
86438,375,4,2,2,100,1,0
91688,375,4,2,2,100,1,0
91734,187.5,4,2,2,100,1,0
91781,750,4,2,2,100,1,0
91875,375,4,2,2,100,1,0
91922,187.5,4,2,2,100,1,0
91969,750,4,2,2,100,1,0
92062,375,4,2,2,100,1,0
92109,187.5,4,2,2,100,1,0
92156,750,4,2,2,100,1,0
92250,375,4,2,2,100,1,0
92297,187.5,4,2,2,100,1,0
92344,750,4,2,2,100,1,0
92438,375,4,2,2,100,1,0
92484,187.5,4,2,2,100,1,0
92531,750,4,2,2,100,1,0
92625,375,4,2,2,100,1,0
96000,750,4,2,2,100,1,0
96250,166.666666666667,4,2,2,100,1,0
96361,750,4,2,2,100,1,0
96611,166.666666666667,4,2,2,100,1,0
96722,750,4,2,2,100,1,0
96972,187.5,4,2,2,100,1,0
97097,375,4,2,2,100,1,0


[HitObjects]
256,192,1500,1,0,0:0:0:0:
109,192,1687,5,0,0:0:0:0:
402,192,1687,1,0,0:0:0:0:
109,192,1875,1,0,0:0:0:0:
402,192,1875,1,0,0:0:0:0:
256,192,2062,1,0,0:0:0:0:
109,192,2250,1,0,0:0:0:0:
402,192,2250,1,0,0:0:0:0:
109,192,2437,1,0,0:0:0:0:
402,192,2437,1,0,0:0:0:0:
109,192,2625,1,0,0:0:0:0:
402,192,2625,1,0,0:0:0:0:
182,192,2718,1,0,0:0:0:0:
329,192,2718,1,0,0:0:0:0:
109,192,2812,1,0,0:0:0:0:
402,192,2812,1,0,0:0:0:0:
182,192,2906,1,0,0:0:0:0:
329,192,2906,1,0,0:0:0:0:
36,0,3000,128,0,3046:0:0:0:0:
109,192,3000,1,0,0:0:0:0:
256,0,3000,128,0,3046:0:0:0:0:
182,192,3375,1,0,0:0:0:0:
256,0,3375,128,0,3421:0:0:0:0:
402,192,3375,1,0,0:0:0:0:
475,192,3375,1,0,0:0:0:0:
109,192,3562,1,0,0:0:0:0:
329,0,3562,128,0,3609:0:0:0:0:
36,192,3750,1,0,0:0:0:0:
256,192,3750,1,0,0:0:0:0:
402,0,3750,128,0,3796:0:0:0:0:
109,192,3937,1,0,0:0:0:0:
329,0,4031,128,0,4078:0:0:0:0:
182,192,4125,1,0,0:0:0:0:
402,192,4125,1,0,0:0:0:0:
475,192,4125,1,0,0:0:0:0:
36,0,4312,128,0,4359:0:0:0:0:
256,0,4312,128,0,4359:0:0:0:0:
329,192,4312,1,0,0:0:0:0:
109,192,4500,1,0,0:0:0:0:
475,192,4500,1,0,0:0:0:0:
256,0,4687,128,0,4734:0:0:0:0:
36,192,4875,1,0,0:0:0:0:
182,192,4875,1,0,0:0:0:0:
256,0,4875,128,0,4921:0:0:0:0:
402,192,4875,1,0,0:0:0:0:
475,192,4875,1,0,0:0:0:0:
109,192,5062,1,0,0:0:0:0:
329,0,5062,128,0,5109:0:0:0:0:
182,192,5250,1,0,0:0:0:0:
256,192,5250,1,0,0:0:0:0:
402,0,5250,128,0,5296:0:0:0:0:
475,192,5250,1,0,0:0:0:0:
36,192,5625,1,0,0:0:0:0:
109,192,5625,1,0,0:0:0:0:
182,192,5625,1,0,0:0:0:0:
329,192,5625,1,0,0:0:0:0:
402,192,5625,1,0,0:0:0:0:
475,0,5625,128,0,5671:0:0:0:0:
109,192,6000,1,0,0:0:0:0:
182,192,6000,1,0,0:0:0:0:
256,192,6187,1,0,0:0:0:0:
36,192,6375,1,0,0:0:0:0:
109,192,6375,1,0,0:0:0:0:
402,192,6375,1,0,0:0:0:0:
475,0,6375,128,0,6562:0:0:0:0:
182,192,6562,1,0,0:0:0:0:
329,0,6562,128,0,6750:0:0:0:0:
256,192,6656,1,0,0:0:0:0:
182,192,6750,1,0,0:0:0:0:
402,0,6750,128,0,6937:0:0:0:0:
109,192,6843,1,0,0:0:0:0:
36,192,6937,1,0,0:0:0:0:
256,0,6937,128,0,7125:0:0:0:0:
109,0,7125,128,0,7312:0:0:0:0:
329,192,7125,1,0,0:0:0:0:
402,192,7125,1,0,0:0:0:0:
475,192,7125,1,0,0:0:0:0:
36,192,7312,1,0,0:0:0:0:
182,0,7312,128,0,7500:0:0:0:0:
256,192,7500,1,0,0:0:0:0:
329,192,7500,1,0,0:0:0:0:
402,0,7687,128,0,7875:0:0:0:0:
36,192,7875,1,0,0:0:0:0:
182,192,7875,1,0,0:0:0:0:
256,0,7875,128,0,8062:0:0:0:0:
475,192,7875,1,0,0:0:0:0:
109,0,8062,128,0,8250:0:0:0:0:
402,192,8062,1,0,0:0:0:0:
329,192,8156,1,0,0:0:0:0:
256,192,8250,1,0,0:0:0:0:
475,0,8250,128,0,8437:0:0:0:0:
182,192,8343,1,0,0:0:0:0:
109,192,8437,1,0,0:0:0:0:
329,0,8437,128,0,8625:0:0:0:0:
36,192,8625,1,0,0:0:0:0:
182,0,8625,128,0,8812:0:0:0:0:
256,192,8625,1,0,0:0:0:0:
402,192,8625,1,0,0:0:0:0:
475,192,8625,1,0,0:0:0:0:
402,192,8812,1,0,0:0:0:0:
475,192,8812,1,0,0:0:0:0:
109,0,8812,128,0,9000:0:0:0:0:
402,192,8906,1,0,0:0:0:0:
475,192,8906,1,0,0:0:0:0:
36,0,9000,128,0,9046:0:0:0:0:
182,192,9000,1,0,0:0:0:0:
256,0,9000,128,0,9046:0:0:0:0:
329,192,9000,1,0,0:0:0:0:
475,192,9000,1,0,0:0:0:0:
36,192,9375,1,0,0:0:0:0:
182,192,9375,1,0,0:0:0:0:
256,0,9375,128,0,9421:0:0:0:0:
402,192,9375,1,0,0:0:0:0:
475,192,9375,1,0,0:0:0:0:
109,192,9562,1,0,0:0:0:0:
329,0,9562,128,0,9609:0:0:0:0:
36,192,9750,1,0,0:0:0:0:
256,192,9750,1,0,0:0:0:0:
402,0,9750,128,0,9796:0:0:0:0:
109,192,9937,1,0,0:0:0:0:
329,0,10031,128,0,10078:0:0:0:0:
109,192,10125,1,0,0:0:0:0:
182,192,10125,1,0,0:0:0:0:
402,192,10125,1,0,0:0:0:0:
475,192,10125,1,0,0:0:0:0:
36,0,10312,128,0,10359:0:0:0:0:
256,0,10312,128,0,10359:0:0:0:0:
329,192,10312,1,0,0:0:0:0:
402,192,10500,1,0,0:0:0:0:
475,192,10500,1,0,0:0:0:0:
256,0,10687,128,0,10734:0:0:0:0:
36,192,10875,1,0,0:0:0:0:
109,192,10875,1,0,0:0:0:0:
182,192,10875,1,0,0:0:0:0:
256,0,10875,128,0,10921:0:0:0:0:
329,0,11062,128,0,11109:0:0:0:0:
475,192,11062,1,0,0:0:0:0:
36,192,11250,1,0,0:0:0:0:
182,192,11250,1,0,0:0:0:0:
402,0,11250,128,0,11296:0:0:0:0:
109,192,11437,1,0,0:0:0:0:
256,192,11437,1,0,0:0:0:0:
182,192,11625,1,0,0:0:0:0:
329,192,11625,1,0,0:0:0:0:
402,192,11625,1,0,0:0:0:0:
475,0,11625,128,0,11671:0:0:0:0:
256,192,12000,1,0,0:0:0:0:
109,192,12187,1,0,0:0:0:0:
402,192,12187,1,0,0:0:0:0:
109,192,12375,1,0,0:0:0:0:
402,192,12375,1,0,0:0:0:0:
109,192,12750,1,0,0:0:0:0:
402,192,12750,1,0,0:0:0:0:
109,192,12937,1,0,0:0:0:0:
402,192,12937,1,0,0:0:0:0:
36,192,13125,1,0,0:0:0:0:
182,192,13125,1,0,0:0:0:0:
329,192,13125,1,0,0:0:0:0:
475,192,13125,1,0,0:0:0:0:
109,192,13218,1,0,0:0:0:0:
256,192,13218,1,0,0:0:0:0:
402,192,13218,1,0,0:0:0:0:
36,192,13312,1,0,0:0:0:0:
182,192,13312,1,0,0:0:0:0:
329,192,13312,1,0,0:0:0:0:
475,192,13312,1,0,0:0:0:0:
109,192,13406,1,0,0:0:0:0:
256,192,13406,1,0,0:0:0:0:
402,192,13406,1,0,0:0:0:0:
182,192,13500,1,0,0:0:0:0:
329,192,13687,1,0,0:0:0:0:
402,192,13687,1,0,0:0:0:0:
329,192,13875,1,0,0:0:0:0:
256,192,13875,1,0,0:0:0:0:
182,192,14062,1,0,0:0:0:0:
256,192,14062,1,0,0:0:0:0:
182,192,14250,1,0,0:0:0:0:
109,192,14250,1,0,0:0:0:0:
36,192,14625,1,0,0:0:0:0:
109,192,14625,1,0,0:0:0:0:
256,192,14625,1,0,0:0:0:0:
402,192,14625,1,0,0:0:0:0:
475,192,14625,1,0,0:0:0:0:
109,192,14718,1,0,0:0:0:0:
402,192,14718,1,0,0:0:0:0:
109,192,14812,1,0,0:0:0:0:
402,192,14812,1,0,0:0:0:0:
109,192,14906,1,0,0:0:0:0:
402,192,14906,1,0,0:0:0:0:
36,192,15000,1,0,0:0:0:0:
182,192,15000,1,0,0:0:0:0:
256,192,15000,1,0,0:0:0:0:
329,192,15000,1,0,0:0:0:0:
475,0,15000,128,0,15375:0:0:0:0:
36,192,15375,1,0,0:0:0:0:
109,192,15375,1,0,0:0:0:0:
182,192,15375,1,0,0:0:0:0:
402,192,15375,1,0,0:0:0:0:
329,192,15562,1,0,0:0:0:0:
402,192,15656,1,0,0:0:0:0:
256,192,15750,1,0,0:0:0:0:
475,192,15750,1,0,0:0:0:0:
329,192,15843,1,0,0:0:0:0:
36,0,15937,128,0,16125:0:0:0:0:
402,192,15937,1,0,0:0:0:0:
109,192,16125,1,0,0:0:0:0:
182,192,16125,1,0,0:0:0:0:
256,192,16125,1,0,0:0:0:0:
329,192,16125,1,0,0:0:0:0:
475,192,16125,1,0,0:0:0:0:
36,0,16500,128,0,16875:0:0:0:0:
182,192,16500,1,0,0:0:0:0:
256,192,16500,1,0,0:0:0:0:
402,192,16500,1,0,0:0:0:0:
182,192,16687,1,0,0:0:0:0:
109,192,16875,1,0,0:0:0:0:
329,192,16875,1,0,0:0:0:0:
402,192,16875,1,0,0:0:0:0:
475,192,16875,1,0,0:0:0:0:
182,192,17062,1,0,0:0:0:0:
109,192,17156,1,0,0:0:0:0:
36,192,17250,1,0,0:0:0:0:
256,192,17250,1,0,0:0:0:0:
182,192,17343,1,0,0:0:0:0:
109,192,17437,1,0,0:0:0:0:
475,0,17437,128,0,17625:0:0:0:0:
36,192,17625,1,0,0:0:0:0:
182,192,17625,1,0,0:0:0:0:
256,192,17625,1,0,0:0:0:0:
329,192,17625,1,0,0:0:0:0:
402,192,17625,1,0,0:0:0:0:
109,192,18000,1,0,0:0:0:0:
182,192,18000,1,0,0:0:0:0:
329,0,18000,128,0,18375:0:0:0:0:
475,192,18000,1,0,0:0:0:0:
36,192,18375,1,0,0:0:0:0:
109,192,18375,1,0,0:0:0:0:
182,192,18375,1,0,0:0:0:0:
402,192,18375,1,0,0:0:0:0:
475,192,18375,1,0,0:0:0:0:
256,192,18562,1,0,0:0:0:0:
182,192,18656,1,0,0:0:0:0:
329,192,18656,1,0,0:0:0:0:
109,192,18750,1,0,0:0:0:0:
402,192,18750,1,0,0:0:0:0:
182,192,18843,1,0,0:0:0:0:
329,192,18843,1,0,0:0:0:0:
256,192,18937,1,0,0:0:0:0:
36,192,19125,1,0,0:0:0:0:
182,192,19125,1,0,0:0:0:0:
329,192,19125,1,0,0:0:0:0:
475,192,19125,1,0,0:0:0:0:
402,0,19312,128,0,19687:0:0:0:0:
475,0,19312,128,0,20250:0:0:0:0:
329,192,19500,1,0,0:0:0:0:
36,0,19687,128,0,20250:0:0:0:0:
109,0,19687,128,0,19875:0:0:0:0:
256,192,19687,1,0,0:0:0:0:
182,192,19875,1,0,0:0:0:0:
256,192,19875,1,0,0:0:0:0:
329,0,19875,128,0,20062:0:0:0:0:
402,0,19875,128,0,20250:0:0:0:0:
109,0,20062,128,0,20250:0:0:0:0:
182,0,20062,128,0,20625:0:0:0:0:
256,0,20250,128,0,20578:0:0:0:0:
329,0,20250,128,0,20625:0:0:0:0:
36,192,20625,1,0,0:0:0:0:
109,192,20625,1,0,0:0:0:0:
256,192,20625,1,0,0:0:0:0:
402,192,20625,1,0,0:0:0:0:
475,192,20625,1,0,0:0:0:0:
182,192,20718,1,0,0:0:0:0:
329,192,20812,1,0,0:0:0:0:
182,192,20906,1,0,0:0:0:0:
36,0,21000,128,0,21375:0:0:0:0:
109,192,21000,1,0,0:0:0:0:
256,192,21000,1,0,0:0:0:0:
402,192,21000,1,0,0:0:0:0:
475,192,21000,1,0,0:0:0:0:
109,192,21375,1,0,0:0:0:0:
182,192,21375,1,0,0:0:0:0:
256,192,21375,1,0,0:0:0:0:
402,192,21375,1,0,0:0:0:0:
329,192,21562,1,0,0:0:0:0:
475,192,21562,1,0,0:0:0:0:
402,192,21656,1,0,0:0:0:0:
36,192,21750,1,0,0:0:0:0:
182,192,21750,1,0,0:0:0:0:
329,192,21750,1,0,0:0:0:0:
109,192,21843,1,0,0:0:0:0:
36,192,21937,1,0,0:0:0:0:
256,0,21937,128,0,22125:0:0:0:0:
109,192,22125,1,0,0:0:0:0:
182,192,22125,1,0,0:0:0:0:
329,192,22125,1,0,0:0:0:0:
402,192,22125,1,0,0:0:0:0:
109,0,22500,128,0,22875:0:0:0:0:
329,192,22500,1,0,0:0:0:0:
402,192,22500,1,0,0:0:0:0:
475,192,22500,1,0,0:0:0:0:
182,192,22687,1,0,0:0:0:0:
256,192,22875,1,0,0:0:0:0:
329,192,22875,1,0,0:0:0:0:
402,192,22875,1,0,0:0:0:0:
475,192,22875,1,0,0:0:0:0:
36,192,23062,1,0,0:0:0:0:
182,192,23062,1,0,0:0:0:0:
109,192,23156,1,0,0:0:0:0:
182,192,23250,1,0,0:0:0:0:
329,192,23250,1,0,0:0:0:0:
475,0,23250,128,0,23531:0:0:0:0:
402,192,23343,1,0,0:0:0:0:
36,192,23437,1,0,0:0:0:0:
256,0,23437,128,0,23625:0:0:0:0:
329,0,23531,128,0,23812:0:0:0:0:
109,192,23625,1,0,0:0:0:0:
182,192,23625,1,0,0:0:0:0:
402,192,23625,1,0,0:0:0:0:
475,192,23625,1,0,0:0:0:0:
256,192,23812,1,0,0:0:0:0:
36,192,24000,1,0,0:0:0:0:
329,0,24000,128,0,24375:0:0:0:0:
475,192,24000,1,0,0:0:0:0:
109,192,24375,1,0,0:0:0:0:
182,192,24375,1,0,0:0:0:0:
256,192,24375,1,0,0:0:0:0:
402,192,24375,1,0,0:0:0:0:
475,192,24375,1,0,0:0:0:0:
36,192,24562,1,0,0:0:0:0:
109,192,24656,1,0,0:0:0:0:
36,192,24750,1,0,0:0:0:0:
475,192,24750,1,0,0:0:0:0:
402,192,24843,1,0,0:0:0:0:
36,192,24937,1,0,0:0:0:0:
182,0,24937,128,0,25125:0:0:0:0:
475,192,24937,1,0,0:0:0:0:
109,192,25125,1,0,0:0:0:0:
256,192,25125,1,0,0:0:0:0:
402,192,25125,1,0,0:0:0:0:
36,192,25312,1,0,0:0:0:0:
182,192,25312,1,0,0:0:0:0:
329,0,25312,128,0,25687:0:0:0:0:
475,0,25312,128,0,25687:0:0:0:0:
109,192,25500,1,0,0:0:0:0:
402,192,25500,1,0,0:0:0:0:
36,0,25687,128,0,25875:0:0:0:0:
182,0,25687,128,0,25875:0:0:0:0:
256,192,25687,1,0,0:0:0:0:
109,192,25875,1,0,0:0:0:0:
256,192,25875,1,0,0:0:0:0:
329,0,25875,128,0,26062:0:0:0:0:
402,192,25875,1,0,0:0:0:0:
475,0,25875,128,0,26062:0:0:0:0:
36,0,26062,128,0,26625:0:0:0:0:
109,192,26062,1,0,0:0:0:0:
182,0,26062,128,0,26625:0:0:0:0:
402,192,26062,1,0,0:0:0:0:
256,192,26437,1,0,0:0:0:0:
475,0,26625,128,0,26672:0:0:0:0:
402,0,26672,128,0,26719:0:0:0:0:
329,0,26719,128,0,26765:0:0:0:0:
256,0,26765,128,0,26812:0:0:0:0:
182,0,26812,128,0,26859:0:0:0:0:
109,0,26859,128,0,26906:0:0:0:0:
36,0,26906,128,0,27000:0:0:0:0:
329,0,27000,128,0,27375:0:0:0:0:
402,192,27000,1,0,0:0:0:0:
475,0,27000,128,0,27375:0:0:0:0:
36,192,27375,1,0,0:0:0:0:
109,192,27375,1,0,0:0:0:0:
182,192,27375,1,0,0:0:0:0:
256,192,27375,1,0,0:0:0:0:
402,192,27375,1,0,0:0:0:0:
182,192,27562,1,0,0:0:0:0:
329,192,27562,1,0,0:0:0:0:
256,192,27656,1,0,0:0:0:0:
109,192,27750,1,0,0:0:0:0:
402,192,27750,1,0,0:0:0:0:
182,192,27844,1,0,0:0:0:0:
329,192,27844,1,0,0:0:0:0:
36,192,27937,1,0,0:0:0:0:
475,192,27937,1,0,0:0:0:0:
109,192,28125,1,0,0:0:0:0:
256,192,28125,1,0,0:0:0:0:
402,192,28125,1,0,0:0:0:0:
36,0,28500,128,0,29906:0:0:0:0:
109,192,28500,1,0,0:0:0:0:
109,0,28687,128,0,29719:0:0:0:0:
182,192,28687,1,0,0:0:0:0:
182,0,28875,128,0,29531:0:0:0:0:
329,192,28875,1,0,0:0:0:0:
402,192,28875,1,0,0:0:0:0:
475,192,28875,1,0,0:0:0:0:
256,0,29062,128,0,29344:0:0:0:0:
402,192,29062,1,0,0:0:0:0:
475,192,29156,1,0,0:0:0:0:
329,0,29250,128,0,29344:0:0:0:0:
402,192,29250,1,0,0:0:0:0:
475,192,29344,1,0,0:0:0:0:
256,0,29437,128,0,29531:0:0:0:0:
402,192,29437,1,0,0:0:0:0:
182,0,29625,128,0,29719:0:0:0:0:
329,192,29625,1,0,0:0:0:0:
402,192,29625,1,0,0:0:0:0:
475,192,29625,1,0,0:0:0:0:
109,0,29812,128,0,29906:0:0:0:0:
36,0,30000,128,0,30094:0:0:0:0:
182,192,30000,1,0,0:0:0:0:
329,0,30000,128,0,30375:0:0:0:0:
402,0,30000,128,0,30375:0:0:0:0:
36,192,30375,1,0,0:0:0:0:
109,192,30375,1,0,0:0:0:0:
182,192,30375,1,0,0:0:0:0:
256,192,30375,1,0,0:0:0:0:
475,192,30375,1,0,0:0:0:0:
256,192,30562,1,0,0:0:0:0:
182,192,30656,1,0,0:0:0:0:
329,192,30656,1,0,0:0:0:0:
109,192,30750,1,0,0:0:0:0:
402,192,30750,1,0,0:0:0:0:
36,192,30844,1,0,0:0:0:0:
182,192,30844,1,0,0:0:0:0:
329,192,30844,1,0,0:0:0:0:
475,192,30844,1,0,0:0:0:0:
109,192,30937,1,0,0:0:0:0:
402,192,30937,1,0,0:0:0:0:
36,192,31125,1,0,0:0:0:0:
182,192,31125,1,0,0:0:0:0:
256,192,31125,1,0,0:0:0:0:
329,192,31125,1,0,0:0:0:0:
475,192,31125,1,0,0:0:0:0:
109,192,31500,1,0,0:0:0:0:
256,192,31500,1,0,0:0:0:0:
402,192,31500,1,0,0:0:0:0:
36,0,31687,128,0,31781:0:0:0:0:
256,192,31687,1,0,0:0:0:0:
475,0,31687,128,0,31781:0:0:0:0:
36,192,31875,1,0,0:0:0:0:
109,0,31875,128,0,31969:0:0:0:0:
182,192,31875,1,0,0:0:0:0:
329,192,31875,1,0,0:0:0:0:
402,0,31875,128,0,31969:0:0:0:0:
475,192,31875,1,0,0:0:0:0:
36,192,32062,1,0,0:0:0:0:
182,0,32062,128,0,32156:0:0:0:0:
329,0,32062,128,0,32156:0:0:0:0:
475,192,32062,1,0,0:0:0:0:
109,192,32156,1,0,0:0:0:0:
402,192,32156,1,0,0:0:0:0:
36,192,32250,1,0,0:0:0:0:
256,0,32250,128,0,32344:0:0:0:0:
329,192,32250,1,0,0:0:0:0:
109,192,32344,1,0,0:0:0:0:
402,192,32344,1,0,0:0:0:0:
36,192,32437,1,0,0:0:0:0:
182,0,32437,128,0,32531:0:0:0:0:
329,0,32437,128,0,32531:0:0:0:0:
475,192,32437,1,0,0:0:0:0:
36,192,32625,1,0,0:0:0:0:
109,0,32625,128,0,32719:0:0:0:0:
256,192,32625,1,0,0:0:0:0:
402,0,32625,128,0,32719:0:0:0:0:
475,192,32625,1,0,0:0:0:0:
36,0,32812,128,0,32906:0:0:0:0:
256,192,32812,1,0,0:0:0:0:
475,0,32812,128,0,32906:0:0:0:0:
256,192,32906,1,0,0:0:0:0:
109,0,33000,128,0,33328:0:0:0:0:
182,0,33000,128,0,33328:0:0:0:0:
329,0,33000,128,0,33328:0:0:0:0:
402,0,33000,128,0,33328:0:0:0:0:
36,192,33375,1,0,0:0:0:0:
109,192,33375,1,0,0:0:0:0:
402,192,33375,1,0,0:0:0:0:
475,192,33375,1,0,0:0:0:0:
256,192,33562,1,0,0:0:0:0:
182,192,33656,1,0,0:0:0:0:
329,192,33656,1,0,0:0:0:0:
109,192,33750,1,0,0:0:0:0:
402,192,33750,1,0,0:0:0:0:
182,192,33844,1,0,0:0:0:0:
329,192,33844,1,0,0:0:0:0:
256,192,33937,1,0,0:0:0:0:
36,192,34125,1,0,0:0:0:0:
182,192,34125,1,0,0:0:0:0:
329,192,34125,1,0,0:0:0:0:
475,192,34125,1,0,0:0:0:0:
256,192,34500,1,0,0:0:0:0:
256,192,34687,1,0,0:0:0:0:
36,192,34875,1,0,0:0:0:0:
109,192,34875,1,0,0:0:0:0:
402,192,34875,1,0,0:0:0:0:
475,192,34875,1,0,0:0:0:0:
182,192,35062,1,0,0:0:0:0:
256,192,35062,1,0,0:0:0:0:
329,192,35062,1,0,0:0:0:0:
109,192,35250,1,0,0:0:0:0:
182,192,35250,1,0,0:0:0:0:
256,192,35250,1,0,0:0:0:0:
329,192,35250,1,0,0:0:0:0:
402,192,35250,1,0,0:0:0:0:
256,192,35437,1,0,0:0:0:0:
36,192,35625,1,0,0:0:0:0:
109,192,35625,1,0,0:0:0:0:
182,192,35625,1,0,0:0:0:0:
329,192,35625,1,0,0:0:0:0:
402,192,35625,1,0,0:0:0:0:
475,192,35625,1,0,0:0:0:0:
36,0,36000,128,0,36046:0:0:0:0:
109,0,36000,128,0,36046:0:0:0:0:
182,0,36000,128,0,36046:0:0:0:0:
329,0,36000,128,0,36046:0:0:0:0:
109,0,36375,128,0,36421:0:0:0:0:
256,0,36375,128,0,36421:0:0:0:0:
329,0,36375,128,0,36421:0:0:0:0:
475,0,36375,128,0,36421:0:0:0:0:
36,0,36750,128,0,36796:0:0:0:0:
182,0,36750,128,0,36796:0:0:0:0:
256,0,36750,128,0,36796:0:0:0:0:
402,0,36750,128,0,36796:0:0:0:0:
182,0,37125,128,0,37171:0:0:0:0:
329,0,37125,128,0,37171:0:0:0:0:
402,0,37125,128,0,37171:0:0:0:0:
475,0,37125,128,0,37171:0:0:0:0:
329,192,37500,1,0,0:0:0:0:
475,0,37500,128,0,38156:0:0:0:0:
256,192,37594,1,0,0:0:0:0:
402,0,37594,128,0,38062:0:0:0:0:
182,192,37687,1,0,0:0:0:0:
329,0,37687,128,0,37969:0:0:0:0:
109,192,37781,1,0,0:0:0:0:
256,0,37781,128,0,37875:0:0:0:0:
36,0,37875,128,0,38250:0:0:0:0:
182,192,37875,1,0,0:0:0:0:
109,0,37969,128,0,38250:0:0:0:0:
256,192,37969,1,0,0:0:0:0:
182,0,38062,128,0,38250:0:0:0:0:
329,192,38062,1,0,0:0:0:0:
256,0,38156,128,0,38250:0:0:0:0:
402,192,38156,1,0,0:0:0:0:
329,192,38250,1,0,0:0:0:0:
475,192,38250,1,0,0:0:0:0:
36,192,38437,1,0,0:0:0:0:
182,192,38437,1,0,0:0:0:0:
329,192,38625,1,0,0:0:0:0:
402,192,38625,1,0,0:0:0:0:
109,192,38812,1,0,0:0:0:0:
182,192,38812,1,0,0:0:0:0:
36,0,39000,128,0,39375:0:0:0:0:
256,0,39000,128,0,39093:0:0:0:0:
109,0,39093,128,0,39187:0:0:0:0:
329,0,39093,128,0,39187:0:0:0:0:
182,0,39187,128,0,39281:0:0:0:0:
402,0,39187,128,0,39281:0:0:0:0:
256,0,39281,128,0,39375:0:0:0:0:
475,0,39281,128,0,39375:0:0:0:0:
182,0,39375,128,0,39468:0:0:0:0:
402,0,39375,128,0,39468:0:0:0:0:
109,0,39468,128,0,39562:0:0:0:0:
329,0,39468,128,0,39562:0:0:0:0:
36,0,39562,128,0,39656:0:0:0:0:
256,0,39562,128,0,39656:0:0:0:0:
475,192,39562,1,0,0:0:0:0:
109,0,39656,128,0,39750:0:0:0:0:
329,0,39656,128,0,39750:0:0:0:0:
36,192,39750,1,0,0:0:0:0:
182,0,39750,128,0,39843:0:0:0:0:
402,0,39750,128,0,39843:0:0:0:0:
256,0,39843,128,0,39937:0:0:0:0:
475,0,39843,128,0,39937:0:0:0:0:
182,0,39937,128,0,40031:0:0:0:0:
402,0,39937,128,0,40031:0:0:0:0:
109,0,40031,128,0,40125:0:0:0:0:
329,0,40031,128,0,40125:0:0:0:0:
475,192,40031,1,0,0:0:0:0:
36,0,40125,128,0,40218:0:0:0:0:
256,0,40125,128,0,40218:0:0:0:0:
109,0,40218,128,0,40312:0:0:0:0:
329,0,40218,128,0,40312:0:0:0:0:
36,192,40312,1,0,0:0:0:0:
182,0,40312,128,0,40406:0:0:0:0:
402,0,40312,128,0,40406:0:0:0:0:
256,0,40406,128,0,40500:0:0:0:0:
475,0,40406,128,0,40500:0:0:0:0:
109,192,40500,1,0,0:0:0:0:
402,192,40500,1,0,0:0:0:0:
36,192,40593,1,0,0:0:0:0:
329,192,40593,1,0,0:0:0:0:
109,192,40687,1,0,0:0:0:0:
402,192,40687,1,0,0:0:0:0:
182,192,40781,1,0,0:0:0:0:
475,192,40781,1,0,0:0:0:0:
36,192,40875,1,0,0:0:0:0:
182,0,40875,128,0,41156:0:0:0:0:
256,192,40875,1,0,0:0:0:0:
329,0,40875,128,0,40968:0:0:0:0:
402,0,40875,128,0,40968:0:0:0:0:
475,0,40875,128,0,41156:0:0:0:0:
109,0,40968,128,0,41062:0:0:0:0:
36,0,41062,128,0,41343:0:0:0:0:
329,0,41062,128,0,41343:0:0:0:0:
402,0,41062,128,0,41156:0:0:0:0:
109,192,41156,1,0,0:0:0:0:
256,0,41250,128,0,41531:0:0:0:0:
402,0,41250,128,0,41343:0:0:0:0:
475,0,41250,128,0,41531:0:0:0:0:
182,0,41343,128,0,41437:0:0:0:0:
36,0,41437,128,0,41718:0:0:0:0:
109,0,41437,128,0,41718:0:0:0:0:
402,0,41437,128,0,41531:0:0:0:0:
182,192,41531,1,0,0:0:0:0:
256,192,41625,1,0,0:0:0:0:
402,0,41625,128,0,41718:0:0:0:0:
475,0,41625,128,0,41906:0:0:0:0:
329,0,41625,128,0,42000:0:0:0:0:
256,0,41718,128,0,41812:0:0:0:0:
36,0,41812,128,0,41906:0:0:0:0:
109,0,41812,128,0,41906:0:0:0:0:
182,0,41812,128,0,42000:0:0:0:0:
402,192,41906,1,0,0:0:0:0:
256,0,42000,128,0,42093:0:0:0:0:
475,0,42000,128,0,42375:0:0:0:0:
182,0,42093,128,0,42187:0:0:0:0:
402,0,42093,128,0,42187:0:0:0:0:
109,0,42187,128,0,42281:0:0:0:0:
329,0,42187,128,0,42281:0:0:0:0:
36,0,42281,128,0,42375:0:0:0:0:
256,0,42281,128,0,42375:0:0:0:0:
109,0,42375,128,0,42468:0:0:0:0:
329,0,42375,128,0,42468:0:0:0:0:
182,0,42468,128,0,42562:0:0:0:0:
402,0,42468,128,0,42562:0:0:0:0:
36,192,42562,1,0,0:0:0:0:
256,0,42562,128,0,42656:0:0:0:0:
475,0,42562,128,0,42656:0:0:0:0:
182,0,42656,128,0,42750:0:0:0:0:
402,0,42656,128,0,42750:0:0:0:0:
109,0,42750,128,0,42843:0:0:0:0:
329,0,42750,128,0,42843:0:0:0:0:
475,192,42750,1,0,0:0:0:0:
36,0,42843,128,0,42937:0:0:0:0:
256,0,42843,128,0,42937:0:0:0:0:
109,0,42937,128,0,43031:0:0:0:0:
329,0,42937,128,0,43031:0:0:0:0:
36,192,43031,1,0,0:0:0:0:
182,0,43031,128,0,43125:0:0:0:0:
402,0,43031,128,0,43125:0:0:0:0:
256,0,43125,128,0,43218:0:0:0:0:
475,0,43125,128,0,43218:0:0:0:0:
182,0,43218,128,0,43312:0:0:0:0:
402,0,43218,128,0,43312:0:0:0:0:
109,0,43312,128,0,43406:0:0:0:0:
329,0,43312,128,0,43406:0:0:0:0:
475,192,43312,1,0,0:0:0:0:
36,0,43406,128,0,43500:0:0:0:0:
256,0,43406,128,0,43500:0:0:0:0:
109,192,43500,1,0,0:0:0:0:
402,192,43500,1,0,0:0:0:0:
182,192,43593,1,0,0:0:0:0:
475,192,43593,1,0,0:0:0:0:
109,192,43687,1,0,0:0:0:0:
402,192,43687,1,0,0:0:0:0:
36,192,43781,1,0,0:0:0:0:
329,192,43781,1,0,0:0:0:0:
36,0,43875,128,0,44156:0:0:0:0:
109,0,43875,128,0,43968:0:0:0:0:
182,0,43875,128,0,43968:0:0:0:0:
256,192,43875,1,0,0:0:0:0:
329,0,43875,128,0,44156:0:0:0:0:
475,192,43875,1,0,0:0:0:0:
402,0,43968,128,0,44062:0:0:0:0:
109,0,44062,128,0,44156:0:0:0:0:
182,0,44062,128,0,44343:0:0:0:0:
475,0,44062,128,0,44343:0:0:0:0:
402,192,44156,1,0,0:0:0:0:
36,0,44250,128,0,44531:0:0:0:0:
109,0,44250,128,0,44343:0:0:0:0:
256,0,44250,128,0,44531:0:0:0:0:
329,0,44343,128,0,44437:0:0:0:0:
109,0,44437,128,0,44531:0:0:0:0:
402,0,44437,128,0,44718:0:0:0:0:
475,0,44437,128,0,44718:0:0:0:0:
329,192,44531,1,0,0:0:0:0:
36,0,44625,128,0,44906:0:0:0:0:
109,0,44625,128,0,44718:0:0:0:0:
256,192,44625,1,0,0:0:0:0:
182,0,44625,128,0,45000:0:0:0:0:
256,0,44718,128,0,44812:0:0:0:0:
402,0,44812,128,0,44906:0:0:0:0:
475,0,44812,128,0,44906:0:0:0:0:
329,0,44812,128,0,45000:0:0:0:0:
109,192,44906,1,0,0:0:0:0:
256,0,45000,128,0,45187:0:0:0:0:
402,0,45000,128,0,45187:0:0:0:0:
475,0,45000,128,0,45093:0:0:0:0:
36,0,45093,128,0,45187:0:0:0:0:
182,0,45093,128,0,45187:0:0:0:0:
109,0,45187,128,0,45281:0:0:0:0:
329,192,45187,1,0,0:0:0:0:
475,0,45281,128,0,45375:0:0:0:0:
36,0,45375,128,0,45562:0:0:0:0:
182,0,45375,128,0,45468:0:0:0:0:
256,0,45375,128,0,45750:0:0:0:0:
402,192,45375,1,0,0:0:0:0:
329,0,45468,128,0,45656:0:0:0:0:
109,192,45562,1,0,0:0:0:0:
402,0,45562,128,0,45750:0:0:0:0:
475,0,45562,128,0,45656:0:0:0:0:
182,0,45656,128,0,45843:0:0:0:0:
36,0,45750,128,0,45937:0:0:0:0:
109,0,45750,128,0,45843:0:0:0:0:
329,0,45843,128,0,45937:0:0:0:0:
475,0,45843,128,0,46031:0:0:0:0:
109,0,45937,128,0,46218:0:0:0:0:
182,192,45937,1,0,0:0:0:0:
256,0,45937,128,0,46125:0:0:0:0:
402,0,45937,128,0,46031:0:0:0:0:
36,0,46125,128,0,46312:0:0:0:0:
182,0,46125,128,0,46218:0:0:0:0:
329,0,46125,128,0,46406:0:0:0:0:
475,192,46125,1,0,0:0:0:0:
402,0,46218,128,0,46406:0:0:0:0:
256,192,46312,1,0,0:0:0:0:
475,0,46312,128,0,46500:0:0:0:0:
109,0,46406,128,0,46593:0:0:0:0:
182,0,46406,128,0,46500:0:0:0:0:
36,0,46500,128,0,46781:0:0:0:0:
256,0,46500,128,0,46593:0:0:0:0:
329,0,46593,128,0,46687:0:0:0:0:
402,0,46593,128,0,46687:0:0:0:0:
182,0,46687,128,0,46875:0:0:0:0:
256,192,46687,1,0,0:0:0:0:
475,0,46687,128,0,46781:0:0:0:0:
109,0,46781,128,0,46875:0:0:0:0:
256,0,46875,128,0,47062:0:0:0:0:
329,0,46875,128,0,46968:0:0:0:0:
402,192,46875,1,0,0:0:0:0:
36,0,46968,128,0,47156:0:0:0:0:
475,0,46968,128,0,47437:0:0:0:0:
109,0,47062,128,0,47156:0:0:0:0:
182,192,47062,1,0,0:0:0:0:
329,0,47156,128,0,47250:0:0:0:0:
402,0,47156,128,0,47437:0:0:0:0:
182,0,47250,128,0,47343:0:0:0:0:
256,192,47250,1,0,0:0:0:0:
36,0,47343,128,0,47531:0:0:0:0:
109,0,47343,128,0,47625:0:0:0:0:
329,192,47437,1,0,0:0:0:0:
182,192,47531,1,0,0:0:0:0:
256,0,47531,128,0,47625:0:0:0:0:
329,0,47625,128,0,47718:0:0:0:0:
402,0,47625,128,0,47906:0:0:0:0:
475,0,47625,128,0,47812:0:0:0:0:
36,0,47718,128,0,47906:0:0:0:0:
182,192,47718,1,0,0:0:0:0:
256,192,47812,1,0,0:0:0:0:
109,0,47812,128,0,48000:0:0:0:0:
182,0,47906,128,0,48093:0:0:0:0:
329,0,47906,128,0,48000:0:0:0:0:
256,0,48000,128,0,48187:0:0:0:0:
475,0,48000,128,0,48187:0:0:0:0:
36,0,48093,128,0,48281:0:0:0:0:
402,0,48093,128,0,48187:0:0:0:0:
109,0,48187,128,0,48281:0:0:0:0:
329,192,48187,1,0,0:0:0:0:
182,0,48281,128,0,48468:0:0:0:0:
402,0,48281,128,0,48375:0:0:0:0:
256,192,48375,1,0,0:0:0:0:
329,0,48375,128,0,48468:0:0:0:0:
475,0,48375,128,0,48562:0:0:0:0:
36,0,48468,128,0,48656:0:0:0:0:
109,0,48468,128,0,48656:0:0:0:0:
256,0,48562,128,0,48937:0:0:0:0:
402,0,48562,128,0,48750:0:0:0:0:
182,0,48656,128,0,48843:0:0:0:0:
329,192,48750,1,0,0:0:0:0:
475,0,48750,128,0,49406:0:0:0:0:
109,192,48843,1,0,0:0:0:0:
36,0,48843,128,0,49500:0:0:0:0:
329,192,48937,1,0,0:0:0:0:
402,0,48937,128,0,49125:0:0:0:0:
109,0,49031,128,0,49218:0:0:0:0:
182,192,49031,1,0,0:0:0:0:
329,192,49125,1,0,0:0:0:0:
182,192,49218,1,0,0:0:0:0:
256,0,49218,128,0,49406:0:0:0:0:
329,0,49312,128,0,49406:0:0:0:0:
402,0,49312,128,0,49406:0:0:0:0:
109,0,49406,128,0,49500:0:0:0:0:
182,0,49406,128,0,49500:0:0:0:0:
256,192,49500,1,0,0:0:0:0:
329,192,49500,1,0,0:0:0:0:
402,192,49500,1,0,0:0:0:0:
475,192,49500,1,0,0:0:0:0:
182,192,49593,1,0,0:0:0:0:
109,192,49687,1,0,0:0:0:0:
329,192,49687,1,0,0:0:0:0:
475,192,49687,1,0,0:0:0:0:
36,192,49781,1,0,0:0:0:0:
36,192,49875,1,0,0:0:0:0:
109,192,49875,1,0,0:0:0:0:
182,192,49875,1,0,0:0:0:0:
256,192,49875,1,0,0:0:0:0:
329,192,49968,1,0,0:0:0:0:
36,192,50062,1,0,0:0:0:0:
182,192,50062,1,0,0:0:0:0:
402,192,50062,1,0,0:0:0:0:
475,192,50156,1,0,0:0:0:0:
36,192,50250,1,0,0:0:0:0:
109,192,50250,1,0,0:0:0:0:
182,192,50250,1,0,0:0:0:0:
402,192,50250,1,0,0:0:0:0:
475,0,50250,128,0,50906:0:0:0:0:
402,0,50343,128,0,50812:0:0:0:0:
256,192,50437,1,0,0:0:0:0:
329,0,50437,128,0,50718:0:0:0:0:
256,0,50531,128,0,50625:0:0:0:0:
109,192,50625,1,0,0:0:0:0:
36,0,50625,128,0,51000:0:0:0:0:
109,0,50718,128,0,51000:0:0:0:0:
256,192,50812,1,0,0:0:0:0:
182,0,50812,128,0,51000:0:0:0:0:
256,0,50906,128,0,51000:0:0:0:0:
329,0,51000,128,0,51093:0:0:0:0:
402,0,51000,128,0,51562:0:0:0:0:
475,192,51000,1,0,0:0:0:0:
256,0,51093,128,0,51187:0:0:0:0:
182,0,51187,128,0,51281:0:0:0:0:
475,192,51187,1,0,0:0:0:0:
109,0,51281,128,0,51375:0:0:0:0:
36,0,51375,128,0,51468:0:0:0:0:
182,192,51375,1,0,0:0:0:0:
256,192,51375,1,0,0:0:0:0:
329,192,51375,1,0,0:0:0:0:
109,0,51468,128,0,51562:0:0:0:0:
36,192,51562,1,0,0:0:0:0:
182,0,51562,128,0,51656:0:0:0:0:
475,0,51562,128,0,51750:0:0:0:0:
256,0,51656,128,0,51750:0:0:0:0:
36,0,51750,128,0,52031:0:0:0:0:
109,192,51750,1,0,0:0:0:0:
182,192,51750,1,0,0:0:0:0:
329,0,51750,128,0,51843:0:0:0:0:
402,0,51843,128,0,51937:0:0:0:0:
256,192,51937,1,0,0:0:0:0:
475,0,51937,128,0,52031:0:0:0:0:
109,0,52031,128,0,52312:0:0:0:0:
402,0,52031,128,0,52125:0:0:0:0:
36,192,52125,1,0,0:0:0:0:
182,192,52125,1,0,0:0:0:0:
256,192,52125,1,0,0:0:0:0:
329,0,52125,128,0,52218:0:0:0:0:
256,0,52218,128,0,52312:0:0:0:0:
36,0,52312,128,0,52406:0:0:0:0:
475,192,52312,1,0,0:0:0:0:
182,0,52312,128,0,52500:0:0:0:0:
109,0,52406,128,0,52500:0:0:0:0:
256,0,52500,128,0,52593:0:0:0:0:
329,192,52500,1,0,0:0:0:0:
36,192,52875,1,0,0:0:0:0:
109,192,52875,1,0,0:0:0:0:
182,192,52875,1,0,0:0:0:0:
256,192,52875,1,0,0:0:0:0:
329,192,52875,1,0,0:0:0:0:
402,192,52875,1,0,0:0:0:0:
475,192,52875,1,0,0:0:0:0:
256,0,53062,128,0,53250:0:0:0:0:
329,192,53156,1,0,0:0:0:0:
402,192,53156,1,0,0:0:0:0:
182,0,53250,128,0,53437:0:0:0:0:
475,0,53250,128,0,53437:0:0:0:0:
256,192,53343,1,0,0:0:0:0:
329,192,53343,1,0,0:0:0:0:
109,0,53437,128,0,53625:0:0:0:0:
402,0,53437,128,0,53625:0:0:0:0:
182,192,53531,1,0,0:0:0:0:
256,192,53531,1,0,0:0:0:0:
36,0,53625,128,0,53812:0:0:0:0:
329,0,53625,128,0,53812:0:0:0:0:
109,192,53718,1,0,0:0:0:0:
182,192,53718,1,0,0:0:0:0:
256,0,53812,128,0,54000:0:0:0:0:
36,192,53906,1,0,0:0:0:0:
109,192,53906,1,0,0:0:0:0:
36,192,54000,1,0,0:0:0:0:
109,0,54000,128,0,54562:0:0:0:0:
182,0,54000,128,0,54093:0:0:0:0:
402,192,54000,1,0,0:0:0:0:
475,192,54000,1,0,0:0:0:0:
256,0,54093,128,0,54187:0:0:0:0:
36,192,54187,1,0,0:0:0:0:
329,0,54187,128,0,54281:0:0:0:0:
402,0,54281,128,0,54375:0:0:0:0:
182,192,54375,1,0,0:0:0:0:
256,192,54375,1,0,0:0:0:0:
329,192,54375,1,0,0:0:0:0:
475,0,54375,128,0,54468:0:0:0:0:
402,0,54468,128,0,54562:0:0:0:0:
36,0,54562,128,0,54750:0:0:0:0:
329,0,54562,128,0,54656:0:0:0:0:
475,192,54562,1,0,0:0:0:0:
256,0,54656,128,0,54750:0:0:0:0:
182,0,54750,128,0,54843:0:0:0:0:
329,192,54750,1,0,0:0:0:0:
402,192,54750,1,0,0:0:0:0:
475,0,54750,128,0,55031:0:0:0:0:
109,0,54843,128,0,54937:0:0:0:0:
36,0,54937,128,0,55031:0:0:0:0:
256,192,54937,1,0,0:0:0:0:
109,0,55031,128,0,55125:0:0:0:0:
402,0,55031,128,0,55312:0:0:0:0:
182,0,55125,128,0,55218:0:0:0:0:
256,192,55125,1,0,0:0:0:0:
329,192,55125,1,0,0:0:0:0:
475,192,55125,1,0,0:0:0:0:
256,0,55218,128,0,55312:0:0:0:0:
36,192,55312,1,0,0:0:0:0:
475,0,55312,128,0,55406:0:0:0:0:
329,0,55312,128,0,55500:0:0:0:0:
402,0,55406,128,0,55500:0:0:0:0:
182,192,55500,1,0,0:0:0:0:
256,0,55500,128,0,55593:0:0:0:0:
36,192,55875,1,0,0:0:0:0:
109,192,55875,1,0,0:0:0:0:
182,192,55875,1,0,0:0:0:0:
256,192,55875,1,0,0:0:0:0:
329,192,55875,1,0,0:0:0:0:
402,192,55875,1,0,0:0:0:0:
475,192,55875,1,0,0:0:0:0:
256,0,56062,128,0,56250:0:0:0:0:
109,192,56156,1,0,0:0:0:0:
182,192,56156,1,0,0:0:0:0:
36,0,56250,128,0,56437:0:0:0:0:
329,0,56250,128,0,56437:0:0:0:0:
182,192,56343,1,0,0:0:0:0:
256,192,56343,1,0,0:0:0:0:
109,0,56437,128,0,56625:0:0:0:0:
402,0,56437,128,0,56625:0:0:0:0:
256,192,56531,1,0,0:0:0:0:
329,192,56531,1,0,0:0:0:0:
36,0,56625,128,0,56812:0:0:0:0:
182,0,56625,128,0,56812:0:0:0:0:
475,0,56625,128,0,56812:0:0:0:0:
329,192,56718,1,0,0:0:0:0:
402,192,56718,1,0,0:0:0:0:
109,0,56812,128,0,57000:0:0:0:0:
256,0,56812,128,0,57000:0:0:0:0:
402,192,56906,1,0,0:0:0:0:
475,192,56906,1,0,0:0:0:0:
36,0,57000,128,0,58125:0:0:0:0:
182,192,57000,1,0,0:0:0:0:
329,192,57000,1,0,0:0:0:0:
475,0,57000,128,0,57750:0:0:0:0:
256,192,57187,1,0,0:0:0:0:
109,192,57375,1,0,0:0:0:0:
182,192,57375,1,0,0:0:0:0:
329,192,57375,1,0,0:0:0:0:
402,192,57375,1,0,0:0:0:0:
256,192,57468,1,0,0:0:0:0:
329,192,57562,1,0,0:0:0:0:
402,192,57656,1,0,0:0:0:0:
109,192,57750,1,0,0:0:0:0:
182,192,57750,1,0,0:0:0:0:
256,192,57750,1,0,0:0:0:0:
402,192,57937,1,0,0:0:0:0:
475,192,57937,1,0,0:0:0:0:
256,192,58125,1,0,0:0:0:0:
329,192,58125,1,0,0:0:0:0:
402,192,58125,1,0,0:0:0:0:
475,192,58125,1,0,0:0:0:0:
36,0,58312,128,0,58359:0:0:0:0:
109,0,58312,128,0,58359:0:0:0:0:
182,0,58312,128,0,58359:0:0:0:0:
256,0,58312,128,0,58359:0:0:0:0:
256,0,58500,128,0,58546:0:0:0:0:
329,0,58500,128,0,58546:0:0:0:0:
402,0,58500,128,0,58546:0:0:0:0:
475,0,58500,128,0,58546:0:0:0:0:
182,0,58687,128,0,58734:0:0:0:0:
256,0,58687,128,0,58734:0:0:0:0:
329,0,58687,128,0,58734:0:0:0:0:
402,0,58687,128,0,58734:0:0:0:0:
109,0,58875,128,0,58921:0:0:0:0:
182,0,58875,128,0,58921:0:0:0:0:
256,0,58875,128,0,58921:0:0:0:0:
329,0,58875,128,0,58921:0:0:0:0:
36,0,59062,128,0,59109:0:0:0:0:
109,0,59062,128,0,59109:0:0:0:0:
182,0,59062,128,0,59109:0:0:0:0:
256,0,59062,128,0,59109:0:0:0:0:
109,0,59250,128,0,59296:0:0:0:0:
182,0,59250,128,0,59296:0:0:0:0:
256,0,59250,128,0,59296:0:0:0:0:
329,0,59250,128,0,59296:0:0:0:0:
36,192,59437,1,0,0:0:0:0:
36,192,59625,1,0,0:0:0:0:
109,192,59625,1,0,0:0:0:0:
182,192,59625,1,0,0:0:0:0:
256,0,59625,128,0,59812:0:0:0:0:
329,0,59625,128,0,59812:0:0:0:0:
402,0,59812,128,0,60000:0:0:0:0:
475,0,59812,128,0,60000:0:0:0:0:
109,0,60000,128,0,60937:0:0:0:0:
182,0,60000,128,0,60093:0:0:0:0:
329,192,60000,1,0,0:0:0:0:
36,0,60000,128,0,62953:0:0:0:0:
256,0,60093,128,0,60187:0:0:0:0:
182,192,60187,1,0,0:0:0:0:
329,0,60187,128,0,60281:0:0:0:0:
475,192,60187,1,0,0:0:0:0:
402,0,60281,128,0,60375:0:0:0:0:
182,192,60375,1,0,0:0:0:0:
256,192,60375,1,0,0:0:0:0:
329,192,60375,1,0,0:0:0:0:
475,0,60375,128,0,60468:0:0:0:0:
402,0,60468,128,0,60562:0:0:0:0:
182,192,60562,1,0,0:0:0:0:
329,0,60562,128,0,60656:0:0:0:0:
475,192,60562,1,0,0:0:0:0:
256,0,60656,128,0,60750:0:0:0:0:
182,0,60750,128,0,60843:0:0:0:0:
402,192,60750,1,0,0:0:0:0:
475,192,60750,1,0,0:0:0:0:
329,0,60843,128,0,60937:0:0:0:0:
182,192,60937,1,0,0:0:0:0:
256,0,60937,128,0,61125:0:0:0:0:
402,0,60937,128,0,61031:0:0:0:0:
475,0,61031,128,0,61125:0:0:0:0:
109,0,61125,128,0,61218:0:0:0:0:
182,192,61125,1,0,0:0:0:0:
329,192,61125,1,0,0:0:0:0:
402,0,61125,128,0,61312:0:0:0:0:
182,0,61218,128,0,61312:0:0:0:0:
109,192,61312,1,0,0:0:0:0:
256,0,61312,128,0,61406:0:0:0:0:
475,0,61312,128,0,62953:0:0:0:0:
329,0,61406,128,0,61500:0:0:0:0:
109,192,61500,1,0,0:0:0:0:
182,192,61500,1,0,0:0:0:0:
402,0,61500,128,0,61593:0:0:0:0:
329,0,61593,128,0,61687:0:0:0:0:
109,192,61687,1,0,0:0:0:0:
256,0,61687,128,0,61781:0:0:0:0:
402,192,61687,1,0,0:0:0:0:
182,0,61781,128,0,61875:0:0:0:0:
109,0,61875,128,0,61968:0:0:0:0:
256,192,61875,1,0,0:0:0:0:
329,192,61875,1,0,0:0:0:0:
402,192,61875,1,0,0:0:0:0:
182,0,61968,128,0,62062:0:0:0:0:
256,0,62062,128,0,62156:0:0:0:0:
402,192,62062,1,0,0:0:0:0:
329,0,62156,128,0,62250:0:0:0:0:
109,192,62250,1,0,0:0:0:0:
402,0,62250,128,0,62296:0:0:0:0:
182,192,62437,1,0,0:0:0:0:
329,0,62437,128,0,62484:0:0:0:0:
256,0,62625,128,0,62671:0:0:0:0:
329,192,62625,1,0,0:0:0:0:
182,0,62812,128,0,62859:0:0:0:0:
402,192,62812,1,0,0:0:0:0:
36,0,63000,128,0,63046:0:0:0:0:
109,192,63000,1,0,0:0:0:0:
256,0,63000,128,0,63046:0:0:0:0:
182,192,63375,1,0,0:0:0:0:
256,0,63375,128,0,63421:0:0:0:0:
402,192,63375,1,0,0:0:0:0:
475,192,63375,1,0,0:0:0:0:
109,192,63562,1,0,0:0:0:0:
329,0,63562,128,0,63609:0:0:0:0:
36,192,63750,1,0,0:0:0:0:
256,192,63750,1,0,0:0:0:0:
402,0,63750,128,0,63796:0:0:0:0:
109,192,63937,1,0,0:0:0:0:
329,0,64031,128,0,64078:0:0:0:0:
182,192,64125,1,0,0:0:0:0:
402,192,64125,1,0,0:0:0:0:
475,192,64125,1,0,0:0:0:0:
36,0,64312,128,0,64359:0:0:0:0:
256,0,64312,128,0,64359:0:0:0:0:
329,192,64312,1,0,0:0:0:0:
109,192,64500,1,0,0:0:0:0:
475,192,64500,1,0,0:0:0:0:
256,0,64687,128,0,64734:0:0:0:0:
36,192,64875,1,0,0:0:0:0:
182,192,64875,1,0,0:0:0:0:
256,0,64875,128,0,64921:0:0:0:0:
402,192,64875,1,0,0:0:0:0:
475,192,64875,1,0,0:0:0:0:
109,192,65062,1,0,0:0:0:0:
329,0,65062,128,0,65109:0:0:0:0:
182,192,65250,1,0,0:0:0:0:
256,192,65250,1,0,0:0:0:0:
402,0,65250,128,0,65296:0:0:0:0:
475,192,65250,1,0,0:0:0:0:
36,192,65625,1,0,0:0:0:0:
109,192,65625,1,0,0:0:0:0:
182,192,65625,1,0,0:0:0:0:
329,192,65625,1,0,0:0:0:0:
402,192,65625,1,0,0:0:0:0:
475,0,65625,128,0,65671:0:0:0:0:
109,192,66000,1,0,0:0:0:0:
182,192,66000,1,0,0:0:0:0:
256,192,66187,1,0,0:0:0:0:
36,192,66375,1,0,0:0:0:0:
109,192,66375,1,0,0:0:0:0:
402,192,66375,1,0,0:0:0:0:
475,0,66375,128,0,66562:0:0:0:0:
182,192,66562,1,0,0:0:0:0:
329,0,66562,128,0,66750:0:0:0:0:
256,192,66656,1,0,0:0:0:0:
182,192,66750,1,0,0:0:0:0:
402,0,66750,128,0,66937:0:0:0:0:
109,192,66843,1,0,0:0:0:0:
36,192,66937,1,0,0:0:0:0:
256,0,66937,128,0,67125:0:0:0:0:
109,0,67125,128,0,67312:0:0:0:0:
329,192,67125,1,0,0:0:0:0:
402,192,67125,1,0,0:0:0:0:
475,192,67125,1,0,0:0:0:0:
36,192,67312,1,0,0:0:0:0:
182,0,67312,128,0,67500:0:0:0:0:
256,192,67500,1,0,0:0:0:0:
329,192,67500,1,0,0:0:0:0:
402,0,67687,128,0,67875:0:0:0:0:
36,192,67875,1,0,0:0:0:0:
182,192,67875,1,0,0:0:0:0:
256,0,67875,128,0,68062:0:0:0:0:
475,192,67875,1,0,0:0:0:0:
109,0,68062,128,0,68250:0:0:0:0:
402,192,68062,1,0,0:0:0:0:
329,192,68156,1,0,0:0:0:0:
256,192,68250,1,0,0:0:0:0:
475,0,68250,128,0,68437:0:0:0:0:
182,192,68343,1,0,0:0:0:0:
109,192,68437,1,0,0:0:0:0:
329,0,68437,128,0,68625:0:0:0:0:
36,192,68625,1,0,0:0:0:0:
182,0,68625,128,0,68812:0:0:0:0:
256,192,68625,1,0,0:0:0:0:
402,192,68625,1,0,0:0:0:0:
475,192,68625,1,0,0:0:0:0:
402,192,68812,1,0,0:0:0:0:
475,192,68812,1,0,0:0:0:0:
109,0,68812,128,0,69000:0:0:0:0:
402,192,68906,1,0,0:0:0:0:
475,192,68906,1,0,0:0:0:0:
36,0,69000,128,0,69046:0:0:0:0:
182,192,69000,1,0,0:0:0:0:
256,0,69000,128,0,69046:0:0:0:0:
329,192,69000,1,0,0:0:0:0:
402,192,69000,1,0,0:0:0:0:
36,192,69375,1,0,0:0:0:0:
182,192,69375,1,0,0:0:0:0:
256,0,69375,128,0,69421:0:0:0:0:
402,192,69375,1,0,0:0:0:0:
475,192,69375,1,0,0:0:0:0:
109,192,69562,1,0,0:0:0:0:
329,0,69562,128,0,69609:0:0:0:0:
36,192,69750,1,0,0:0:0:0:
256,192,69750,1,0,0:0:0:0:
402,0,69750,128,0,69796:0:0:0:0:
109,192,69937,1,0,0:0:0:0:
329,0,70031,128,0,70078:0:0:0:0:
109,192,70125,1,0,0:0:0:0:
182,192,70125,1,0,0:0:0:0:
402,192,70125,1,0,0:0:0:0:
475,192,70125,1,0,0:0:0:0:
36,0,70312,128,0,70359:0:0:0:0:
256,0,70312,128,0,70359:0:0:0:0:
329,192,70312,1,0,0:0:0:0:
402,192,70500,1,0,0:0:0:0:
475,192,70500,1,0,0:0:0:0:
256,0,70687,128,0,70734:0:0:0:0:
36,192,70875,1,0,0:0:0:0:
109,192,70875,1,0,0:0:0:0:
182,192,70875,1,0,0:0:0:0:
256,0,70875,128,0,70921:0:0:0:0:
329,0,71062,128,0,71109:0:0:0:0:
475,192,71062,1,0,0:0:0:0:
36,192,71250,1,0,0:0:0:0:
182,192,71250,1,0,0:0:0:0:
402,0,71250,128,0,71296:0:0:0:0:
109,192,71437,1,0,0:0:0:0:
256,192,71437,1,0,0:0:0:0:
182,192,71625,1,0,0:0:0:0:
329,192,71625,1,0,0:0:0:0:
402,192,71625,1,0,0:0:0:0:
475,0,71625,128,0,71671:0:0:0:0:
36,0,72000,128,0,72187:0:0:0:0:
256,192,72000,1,0,0:0:0:0:
109,192,72187,1,0,0:0:0:0:
329,0,72187,128,0,72375:0:0:0:0:
402,192,72187,1,0,0:0:0:0:
109,192,72375,1,0,0:0:0:0:
182,0,72375,128,0,72562:0:0:0:0:
402,192,72375,1,0,0:0:0:0:
475,0,72562,128,0,72750:0:0:0:0:
109,192,72750,1,0,0:0:0:0:
329,0,72750,128,0,72937:0:0:0:0:
402,192,72750,1,0,0:0:0:0:
109,192,72937,1,0,0:0:0:0:
256,0,72937,128,0,73125:0:0:0:0:
402,192,72937,1,0,0:0:0:0:
36,192,73125,1,0,0:0:0:0:
182,192,73125,1,0,0:0:0:0:
329,192,73125,1,0,0:0:0:0:
475,192,73125,1,0,0:0:0:0:
109,192,73218,1,0,0:0:0:0:
256,192,73218,1,0,0:0:0:0:
402,192,73218,1,0,0:0:0:0:
36,192,73312,1,0,0:0:0:0:
182,192,73312,1,0,0:0:0:0:
329,192,73312,1,0,0:0:0:0:
475,192,73312,1,0,0:0:0:0:
109,192,73406,1,0,0:0:0:0:
256,192,73406,1,0,0:0:0:0:
402,192,73406,1,0,0:0:0:0:
182,192,73500,1,0,0:0:0:0:
329,192,73687,1,0,0:0:0:0:
402,192,73687,1,0,0:0:0:0:
329,192,73875,1,0,0:0:0:0:
256,192,73875,1,0,0:0:0:0:
182,192,74062,1,0,0:0:0:0:
256,192,74062,1,0,0:0:0:0:
182,192,74250,1,0,0:0:0:0:
109,192,74250,1,0,0:0:0:0:
36,192,74625,1,0,0:0:0:0:
109,192,74625,1,0,0:0:0:0:
256,192,74625,1,0,0:0:0:0:
402,192,74625,1,0,0:0:0:0:
475,192,74625,1,0,0:0:0:0:
182,192,74718,1,0,0:0:0:0:
329,192,74718,1,0,0:0:0:0:
109,192,74812,1,0,0:0:0:0:
256,192,74812,1,0,0:0:0:0:
402,192,74812,1,0,0:0:0:0:
182,192,74906,1,0,0:0:0:0:
329,192,74906,1,0,0:0:0:0:
36,0,75000,128,0,75187:0:0:0:0:
109,192,75000,1,0,0:0:0:0:
256,192,75000,1,0,0:0:0:0:
402,192,75000,1,0,0:0:0:0:
475,0,75000,128,0,75093:0:0:0:0:
109,0,75187,128,0,75562:0:0:0:0:
256,0,75187,128,0,75281:0:0:0:0:
329,192,75187,1,0,0:0:0:0:
402,192,75187,1,0,0:0:0:0:
329,192,75375,1,0,0:0:0:0:
475,0,75375,128,0,75468:0:0:0:0:
182,0,75562,128,0,75750:0:0:0:0:
256,192,75562,1,0,0:0:0:0:
402,0,75562,128,0,75656:0:0:0:0:
36,0,75750,128,0,75843:0:0:0:0:
256,0,75750,128,0,75937:0:0:0:0:
329,192,75750,1,0,0:0:0:0:
109,192,75937,1,0,0:0:0:0:
329,0,75937,128,0,76125:0:0:0:0:
109,192,76031,1,0,0:0:0:0:
256,192,76125,1,0,0:0:0:0:
182,192,76218,1,0,0:0:0:0:
475,0,76218,128,0,76312:0:0:0:0:
109,192,76312,1,0,0:0:0:0:
402,0,76312,128,0,76406:0:0:0:0:
109,192,76406,1,0,0:0:0:0:
329,0,76406,128,0,76500:0:0:0:0:
36,192,76500,1,0,0:0:0:0:
256,0,76500,128,0,76593:0:0:0:0:
475,0,76500,128,0,76875:0:0:0:0:
182,0,76593,128,0,76687:0:0:0:0:
109,0,76687,128,0,76781:0:0:0:0:
329,192,76687,1,0,0:0:0:0:
182,0,76781,128,0,76875:0:0:0:0:
36,0,76875,128,0,77250:0:0:0:0:
109,192,76875,1,0,0:0:0:0:
256,0,76875,128,0,76968:0:0:0:0:
329,0,76968,128,0,77062:0:0:0:0:
182,192,77062,1,0,0:0:0:0:
402,0,77062,128,0,77156:0:0:0:0:
329,0,77156,128,0,77250:0:0:0:0:
256,0,77250,128,0,77343:0:0:0:0:
402,192,77250,1,0,0:0:0:0:
182,0,77343,128,0,77437:0:0:0:0:
109,192,77437,1,0,0:0:0:0:
329,0,77437,128,0,77531:0:0:0:0:
256,0,77531,128,0,77625:0:0:0:0:
182,0,77625,128,0,77718:0:0:0:0:
329,192,77625,1,0,0:0:0:0:
475,0,77625,128,0,77718:0:0:0:0:
109,0,77718,128,0,77812:0:0:0:0:
402,0,77718,128,0,77812:0:0:0:0:
36,0,77812,128,0,77906:0:0:0:0:
182,192,77812,1,0,0:0:0:0:
329,0,77812,128,0,77906:0:0:0:0:
256,0,77906,128,0,78000:0:0:0:0:
36,192,78000,1,0,0:0:0:0:
109,192,78000,1,0,0:0:0:0:
182,0,78000,128,0,78093:0:0:0:0:
475,0,78000,128,0,78187:0:0:0:0:
109,192,78187,1,0,0:0:0:0:
256,0,78187,128,0,78281:0:0:0:0:
329,192,78187,1,0,0:0:0:0:
402,0,78187,128,0,78562:0:0:0:0:
36,192,78375,1,0,0:0:0:0:
182,0,78375,128,0,78468:0:0:0:0:
256,192,78375,1,0,0:0:0:0:
36,192,78562,1,0,0:0:0:0:
109,192,78562,1,0,0:0:0:0:
256,0,78562,128,0,78656:0:0:0:0:
329,0,78562,128,0,78750:0:0:0:0:
182,0,78750,128,0,78843:0:0:0:0:
256,0,78750,128,0,78937:0:0:0:0:
402,192,78750,1,0,0:0:0:0:
475,192,78750,1,0,0:0:0:0:
109,192,78937,1,0,0:0:0:0:
182,0,78937,128,0,79312:0:0:0:0:
329,0,78937,128,0,79031:0:0:0:0:
402,192,78937,1,0,0:0:0:0:
256,192,79031,1,0,0:0:0:0:
109,192,79125,1,0,0:0:0:0:
329,192,79125,1,0,0:0:0:0:
256,192,79218,1,0,0:0:0:0:
402,192,79218,1,0,0:0:0:0:
329,192,79312,1,0,0:0:0:0:
475,192,79312,1,0,0:0:0:0:
36,0,79312,128,0,79687:0:0:0:0:
109,0,79687,128,0,79875:0:0:0:0:
256,192,79687,1,0,0:0:0:0:
402,0,79687,128,0,79875:0:0:0:0:
182,0,79875,128,0,80062:0:0:0:0:
256,192,79875,1,0,0:0:0:0:
475,0,79875,128,0,80062:0:0:0:0:
109,0,80062,128,0,80250:0:0:0:0:
256,192,80062,1,0,0:0:0:0:
402,0,80062,128,0,80250:0:0:0:0:
182,192,80250,1,0,0:0:0:0:
256,0,80250,128,0,80625:0:0:0:0:
329,192,80250,1,0,0:0:0:0:
109,192,80343,1,0,0:0:0:0:
402,192,80343,1,0,0:0:0:0:
475,192,80343,1,0,0:0:0:0:
36,192,80437,1,0,0:0:0:0:
182,192,80437,1,0,0:0:0:0:
329,192,80437,1,0,0:0:0:0:
109,192,80625,1,0,0:0:0:0:
182,192,80625,1,0,0:0:0:0:
329,192,80625,1,0,0:0:0:0:
402,192,80625,1,0,0:0:0:0:
109,192,80718,1,0,0:0:0:0:
182,192,80718,1,0,0:0:0:0:
329,192,80718,1,0,0:0:0:0:
402,192,80718,1,0,0:0:0:0:
109,192,80812,1,0,0:0:0:0:
182,192,80812,1,0,0:0:0:0:
329,192,80812,1,0,0:0:0:0:
402,192,80812,1,0,0:0:0:0:
109,192,80906,1,0,0:0:0:0:
182,192,80906,1,0,0:0:0:0:
329,192,80906,1,0,0:0:0:0:
402,192,80906,1,0,0:0:0:0:
36,192,81000,1,0,0:0:0:0:
182,192,81000,1,0,0:0:0:0:
256,0,81000,128,0,81093:0:0:0:0:
475,0,81000,128,0,81187:0:0:0:0:
36,0,81093,128,0,81187:0:0:0:0:
109,192,81187,1,0,0:0:0:0:
256,192,81187,1,0,0:0:0:0:
402,0,81187,128,0,81562:0:0:0:0:
36,0,81281,128,0,81375:0:0:0:0:
256,192,81375,1,0,0:0:0:0:
109,0,81468,128,0,81562:0:0:0:0:
182,192,81468,1,0,0:0:0:0:
329,0,81562,128,0,81750:0:0:0:0:
109,192,81656,1,0,0:0:0:0:
182,0,81656,128,0,81750:0:0:0:0:
475,192,81750,1,0,0:0:0:0:
109,192,81843,1,0,0:0:0:0:
182,0,81843,128,0,81937:0:0:0:0:
402,192,81843,1,0,0:0:0:0:
329,192,81937,1,0,0:0:0:0:
36,0,82031,128,0,82125:0:0:0:0:
182,192,82031,1,0,0:0:0:0:
402,192,82031,1,0,0:0:0:0:
109,192,82125,1,0,0:0:0:0:
329,192,82125,1,0,0:0:0:0:
36,192,82218,1,0,0:0:0:0:
256,192,82218,1,0,0:0:0:0:
182,192,82312,1,0,0:0:0:0:
475,0,82312,128,0,82593:0:0:0:0:
109,192,82406,1,0,0:0:0:0:
109,0,82500,128,0,82593:0:0:0:0:
256,192,82500,1,0,0:0:0:0:
402,0,82593,128,0,82781:0:0:0:0:
36,192,82687,1,0,0:0:0:0:
109,192,82687,1,0,0:0:0:0:
109,0,82781,128,0,82875:0:0:0:0:
256,192,82781,1,0,0:0:0:0:
329,0,82781,128,0,83156:0:0:0:0:
36,192,82875,1,0,0:0:0:0:
402,0,82875,128,0,82968:0:0:0:0:
475,192,82875,1,0,0:0:0:0:
36,0,82968,128,0,83062:0:0:0:0:
109,192,82968,1,0,0:0:0:0:
256,192,82968,1,0,0:0:0:0:
402,192,83062,1,0,0:0:0:0:
475,0,83062,128,0,83156:0:0:0:0:
36,192,83156,1,0,0:0:0:0:
109,0,83156,128,0,83250:0:0:0:0:
256,192,83156,1,0,0:0:0:0:
402,0,83250,128,0,83437:0:0:0:0:
475,192,83250,1,0,0:0:0:0:
182,192,83343,1,0,0:0:0:0:
329,0,83343,128,0,83531:0:0:0:0:
36,192,83437,1,0,0:0:0:0:
109,192,83437,1,0,0:0:0:0:
256,0,83437,128,0,83625:0:0:0:0:
475,192,83437,1,0,0:0:0:0:
182,0,83531,128,0,83718:0:0:0:0:
109,0,83625,128,0,83812:0:0:0:0:
402,192,83625,1,0,0:0:0:0:
475,192,83625,1,0,0:0:0:0:
36,0,83718,128,0,83906:0:0:0:0:
182,192,83812,1,0,0:0:0:0:
329,192,83812,1,0,0:0:0:0:
475,0,83906,128,0,84093:0:0:0:0:
109,192,84000,1,0,0:0:0:0:
256,192,84000,1,0,0:0:0:0:
402,192,84000,1,0,0:0:0:0:
329,0,84093,128,0,84468:0:0:0:0:
109,192,84187,1,0,0:0:0:0:
256,192,84187,1,0,0:0:0:0:
109,192,84375,1,0,0:0:0:0:
256,192,84375,1,0,0:0:0:0:
402,192,84375,1,0,0:0:0:0:
182,192,84468,1,0,0:0:0:0:
109,192,84562,1,0,0:0:0:0:
402,192,84562,1,0,0:0:0:0:
36,192,84656,1,0,0:0:0:0:
475,192,84656,1,0,0:0:0:0:
182,192,84750,1,0,0:0:0:0:
256,192,84750,1,0,0:0:0:0:
36,192,84843,1,0,0:0:0:0:
109,192,84843,1,0,0:0:0:0:
402,192,84843,1,0,0:0:0:0:
475,192,84843,1,0,0:0:0:0:
182,192,84937,1,0,0:0:0:0:
256,192,84937,1,0,0:0:0:0:
36,192,85031,1,0,0:0:0:0:
109,192,85031,1,0,0:0:0:0:
329,192,85031,1,0,0:0:0:0:
402,192,85031,1,0,0:0:0:0:
182,192,85125,1,0,0:0:0:0:
256,192,85125,1,0,0:0:0:0:
475,192,85125,1,0,0:0:0:0:
36,192,85218,1,0,0:0:0:0:
109,192,85218,1,0,0:0:0:0:
329,192,85218,1,0,0:0:0:0:
402,192,85218,1,0,0:0:0:0:
182,192,85312,1,0,0:0:0:0:
475,192,85312,1,0,0:0:0:0:
109,0,85312,128,0,85688:0:0:0:0:
402,0,85312,128,0,85688:0:0:0:0:
36,192,85688,1,0,0:0:0:0:
182,192,85688,1,0,0:0:0:0:
329,192,85688,1,0,0:0:0:0:
475,192,85688,1,0,0:0:0:0:
36,192,85875,1,0,0:0:0:0:
182,192,85875,1,0,0:0:0:0:
36,192,86062,1,0,0:0:0:0:
109,0,86062,128,0,86531:0:0:0:0:
182,192,86062,1,0,0:0:0:0:
329,192,86062,1,0,0:0:0:0:
402,0,86062,128,0,86531:0:0:0:0:
475,192,86062,1,0,0:0:0:0:
256,192,86438,1,0,0:0:0:0:
182,192,86531,1,0,0:0:0:0:
329,192,86531,1,0,0:0:0:0:
475,0,86531,128,0,86625:0:0:0:0:
36,0,86625,128,0,86719:0:0:0:0:
109,192,86625,1,0,0:0:0:0:
256,192,86625,1,0,0:0:0:0:
402,0,86625,128,0,86719:0:0:0:0:
182,192,86719,1,0,0:0:0:0:
329,0,86719,128,0,86813:0:0:0:0:
475,192,86719,1,0,0:0:0:0:
109,192,86813,1,0,0:0:0:0:
256,0,86813,128,0,86906:0:0:0:0:
402,192,86813,1,0,0:0:0:0:
36,192,86906,1,0,0:0:0:0:
329,192,86906,1,0,0:0:0:0:
182,0,86906,128,0,87000:0:0:0:0:
36,0,87000,128,0,87188:0:0:0:0:
256,0,87000,128,0,87750:0:0:0:0:
475,0,87000,128,0,87188:0:0:0:0:
109,0,87094,128,0,87188:0:0:0:0:
402,0,87094,128,0,87281:0:0:0:0:
182,0,87188,128,0,87375:0:0:0:0:
329,0,87188,128,0,87375:0:0:0:0:
109,0,87281,128,0,87375:0:0:0:0:
36,0,87375,128,0,87563:0:0:0:0:
475,0,87375,128,0,87563:0:0:0:0:
109,0,87469,128,0,87563:0:0:0:0:
402,0,87469,128,0,87656:0:0:0:0:
182,0,87563,128,0,87750:0:0:0:0:
329,0,87563,128,0,87750:0:0:0:0:
109,0,87656,128,0,87750:0:0:0:0:
36,192,87750,1,0,0:0:0:0:
475,0,87750,128,0,87938:0:0:0:0:
109,192,87844,1,0,0:0:0:0:
182,192,87938,1,0,0:0:0:0:
402,0,87938,128,0,88125:0:0:0:0:
109,192,88031,1,0,0:0:0:0:
182,192,88125,1,0,0:0:0:0:
329,0,88125,128,0,88313:0:0:0:0:
475,192,88125,1,0,0:0:0:0:
109,192,88219,1,0,0:0:0:0:
36,192,88313,1,0,0:0:0:0:
402,192,88313,1,0,0:0:0:0:
256,0,88313,128,0,89531:0:0:0:0:
109,192,88500,1,0,0:0:0:0:
402,192,88500,1,0,0:0:0:0:
182,0,88688,128,0,88781:0:0:0:0:
329,0,88688,128,0,88781:0:0:0:0:
109,0,88875,128,0,88969:0:0:0:0:
182,0,88875,128,0,89344:0:0:0:0:
329,0,88875,128,0,89344:0:0:0:0:
402,0,88875,128,0,88969:0:0:0:0:
36,0,89063,128,0,89156:0:0:0:0:
109,0,89063,128,0,89156:0:0:0:0:
402,0,89063,128,0,89156:0:0:0:0:
475,0,89063,128,0,89156:0:0:0:0:
36,0,89250,128,0,89719:0:0:0:0:
109,0,89250,128,0,89344:0:0:0:0:
402,0,89250,128,0,89344:0:0:0:0:
475,0,89250,128,0,89719:0:0:0:0:
182,0,89438,128,0,89531:0:0:0:0:
329,0,89438,128,0,89531:0:0:0:0:
109,0,89625,128,0,89719:0:0:0:0:
256,192,89625,1,0,0:0:0:0:
402,0,89625,128,0,89719:0:0:0:0:
182,0,89625,128,0,90000:0:0:0:0:
329,0,89625,128,0,90000:0:0:0:0:
109,0,89813,128,0,89906:0:0:0:0:
402,0,89813,128,0,89906:0:0:0:0:
109,192,90000,1,0,0:0:0:0:
256,0,90000,128,0,90750:0:0:0:0:
402,192,90000,1,0,0:0:0:0:
182,192,90188,1,0,0:0:0:0:
329,192,90188,1,0,0:0:0:0:
109,192,90375,1,0,0:0:0:0:
329,192,90375,1,0,0:0:0:0:
182,192,90563,1,0,0:0:0:0:
329,192,90563,1,0,0:0:0:0:
402,192,90563,1,0,0:0:0:0:
36,0,90750,128,0,91406:0:0:0:0:
109,192,90750,1,0,0:0:0:0:
402,192,90750,1,0,0:0:0:0:
475,192,90750,1,0,0:0:0:0:
109,0,90938,128,0,91406:0:0:0:0:
329,192,90938,1,0,0:0:0:0:
402,192,90938,1,0,0:0:0:0:
475,192,91031,1,0,0:0:0:0:
182,0,91125,128,0,91406:0:0:0:0:
402,192,91125,1,0,0:0:0:0:
329,192,91219,1,0,0:0:0:0:
256,0,91313,128,0,91406:0:0:0:0:
402,192,91313,1,0,0:0:0:0:
475,192,91313,1,0,0:0:0:0:
475,192,91406,1,0,0:0:0:0:
36,192,91688,1,0,0:0:0:0:
109,0,91688,128,0,91757:0:0:0:0:
182,0,91688,128,0,91945:0:0:0:0:
256,0,91688,128,0,92132:0:0:0:0:
329,0,91688,128,0,92320:0:0:0:0:
402,0,91688,128,0,92507:0:0:0:0:
475,0,91688,128,0,92718:0:0:0:0:
109,192,91875,1,0,0:0:0:0:
182,192,92062,1,0,0:0:0:0:
256,192,92250,1,0,0:0:0:0:
329,192,92438,1,0,0:0:0:0:
182,192,92625,1,0,0:0:0:0:
329,192,92625,1,0,0:0:0:0:
402,192,92625,1,0,0:0:0:0:
182,192,92812,1,0,0:0:0:0:
329,192,92812,1,0,0:0:0:0:
475,192,92812,1,0,0:0:0:0:
182,192,92906,1,0,0:0:0:0:
329,192,92906,1,0,0:0:0:0:
256,0,93000,128,0,93375:0:0:0:0:
36,192,93375,1,0,0:0:0:0:
109,0,93375,128,0,93656:0:0:0:0:
402,0,93375,128,0,93656:0:0:0:0:
475,192,93375,1,0,0:0:0:0:
182,0,93375,128,0,94781:0:0:0:0:
329,0,93375,128,0,94781:0:0:0:0:
36,192,94125,1,0,0:0:0:0:
109,192,94125,1,0,0:0:0:0:
402,192,94125,1,0,0:0:0:0:
475,192,94125,1,0,0:0:0:0:
256,0,94125,128,0,94781:0:0:0:0:
36,0,94500,128,0,94781:0:0:0:0:
475,0,94500,128,0,94781:0:0:0:0:
109,0,94687,128,0,95906:0:0:0:0:
402,0,94687,128,0,95906:0:0:0:0:
36,192,94875,1,0,0:0:0:0:
182,192,94875,1,0,0:0:0:0:
256,0,94875,128,0,95250:0:0:0:0:
329,192,94875,1,0,0:0:0:0:
475,192,94875,1,0,0:0:0:0:
182,0,95250,128,0,95531:0:0:0:0:
329,0,95250,128,0,95531:0:0:0:0:
36,192,95625,1,0,0:0:0:0:
182,192,95625,1,0,0:0:0:0:
256,192,95625,1,0,0:0:0:0:
329,192,95625,1,0,0:0:0:0:
475,192,95625,1,0,0:0:0:0:
182,192,96000,1,0,0:0:0:0:
256,0,96000,128,0,96093:0:0:0:0:
329,0,96000,128,0,96093:0:0:0:0:
402,0,96000,128,0,96093:0:0:0:0:
475,0,96000,128,0,96093:0:0:0:0:
109,192,96361,1,0,0:0:0:0:
182,0,96361,128,0,96454:0:0:0:0:
256,0,96361,128,0,96454:0:0:0:0:
329,0,96361,128,0,96454:0:0:0:0:
402,0,96361,128,0,96454:0:0:0:0:
36,0,96722,128,0,96815:0:0:0:0:
109,0,96722,128,0,96815:0:0:0:0:
182,0,96722,128,0,96815:0:0:0:0:
256,0,96722,128,0,96815:0:0:0:0:
329,192,96722,1,0,0:0:0:0:
36,192,97097,1,0,0:0:0:0:
109,0,97097,128,0,97190:0:0:0:0:
182,0,97097,128,0,97190:0:0:0:0:
256,0,97097,128,0,97190:0:0:0:0:
329,0,97097,128,0,97190:0:0:0:0:
402,0,97097,128,0,97190:0:0:0:0:
475,192,97097,1,0,0:0:0:0:
36,192,97190,1,0,0:0:0:0:
475,192,97190,1,0,0:0:0:0:
36,192,97472,1,0,0:0:0:0:
36,0,97565,128,0,98222:0:0:0:0:
109,192,97565,1,0,0:0:0:0:
109,0,97659,128,0,98222:0:0:0:0:
182,192,97659,1,0,0:0:0:0:
182,0,97753,128,0,98222:0:0:0:0:
256,192,97753,1,0,0:0:0:0:
256,0,97847,128,0,98222:0:0:0:0:
329,192,97847,1,0,0:0:0:0:
329,0,97940,128,0,98222:0:0:0:0:
402,192,97940,1,0,0:0:0:0:
402,0,98034,128,0,98222:0:0:0:0:
475,0,98222,128,0,98409:0:0:0:0:
256,192,98409,1,0,0:0:0:0:
402,0,98409,128,0,98597:0:0:0:0:
182,192,98597,1,0,0:0:0:0:
329,0,98597,128,0,98784:0:0:0:0:
109,192,98784,1,0,0:0:0:0:
256,0,98784,128,0,98972:0:0:0:0:
36,192,98972,1,0,0:0:0:0:
182,192,98972,1,0,0:0:0:0:
475,0,98972,128,0,99159:0:0:0:0:
402,0,99065,128,0,99159:0:0:0:0:
109,192,99159,1,0,0:0:0:0:
182,192,99159,1,0,0:0:0:0:
329,0,99159,128,0,99347:0:0:0:0:
256,0,99253,128,0,99347:0:0:0:0:
36,192,99347,1,0,0:0:0:0:
182,0,99347,128,0,99534:0:0:0:0:
402,192,99347,1,0,0:0:0:0:
109,0,99440,128,0,99534:0:0:0:0:
36,0,99534,128,0,99722:0:0:0:0:
256,192,99534,1,0,0:0:0:0:
402,192,99534,1,0,0:0:0:0:
109,0,99628,128,0,99722:0:0:0:0:
182,0,99722,128,0,99909:0:0:0:0:
329,192,99722,1,0,0:0:0:0:
402,192,99722,1,0,0:0:0:0:
256,0,99815,128,0,99909:0:0:0:0:
36,192,99909,1,0,0:0:0:0:
109,192,99909,1,0,0:0:0:0:
329,0,99909,128,0,100097:0:0:0:0:
402,0,100003,128,0,100097:0:0:0:0:
36,192,100097,1,0,0:0:0:0:
182,192,100097,1,0,0:0:0:0:
475,0,100097,128,0,100284:0:0:0:0:
402,0,100190,128,0,100284:0:0:0:0:
109,192,100284,1,0,0:0:0:0:
256,192,100284,1,0,0:0:0:0:
329,0,100284,128,0,100472:0:0:0:0:
256,0,100378,128,0,100472:0:0:0:0:
182,0,100472,128,0,100940:0:0:0:0:
402,192,100472,1,0,0:0:0:0:
475,0,100472,128,0,100847:0:0:0:0:
109,192,100565,1,0,0:0:0:0:
329,192,100565,1,0,0:0:0:0:
36,192,100659,1,0,0:0:0:0:
256,192,100659,1,0,0:0:0:0:
36,0,100847,128,0,101128:0:0:0:0:
109,0,100847,128,0,100940:0:0:0:0:
256,192,100847,1,0,0:0:0:0:
329,0,100847,128,0,101034:0:0:0:0:
402,192,100847,1,0,0:0:0:0:
109,0,101034,128,0,101128:0:0:0:0:
182,0,101034,128,0,101315:0:0:0:0:
402,0,101034,128,0,101222:0:0:0:0:
475,192,101034,1,0,0:0:0:0:
36,0,101222,128,0,101315:0:0:0:0:
109,0,101222,128,0,101503:0:0:0:0:
256,192,101222,1,0,0:0:0:0:
329,0,101222,128,0,101409:0:0:0:0:
36,0,101409,128,0,101690:0:0:0:0:
182,0,101409,128,0,101503:0:0:0:0:
402,192,101409,1,0,0:0:0:0:
475,0,101409,128,0,101597:0:0:0:0:
109,0,101597,128,0,101690:0:0:0:0:
256,192,101597,1,0,0:0:0:0:
329,0,101597,128,0,101784:0:0:0:0:
402,192,101597,1,0,0:0:0:0:
182,0,101597,128,0,101972:0:0:0:0:
475,192,101784,1,0,0:0:0:0:
36,0,101784,128,0,101972:0:0:0:0:
109,0,101784,128,0,101972:0:0:0:0:
402,0,101784,128,0,101972:0:0:0:0:
256,0,101972,128,0,102159:0:0:0:0:
329,192,101972,1,0,0:0:0:0:
475,192,101972,1,0,0:0:0:0:
182,0,102065,128,0,102159:0:0:0:0:
109,0,102159,128,0,102347:0:0:0:0:
329,192,102159,1,0,0:0:0:0:
402,192,102159,1,0,0:0:0:0:
36,0,102253,128,0,102347:0:0:0:0:
182,0,102347,128,0,102534:0:0:0:0:
256,192,102347,1,0,0:0:0:0:
402,192,102347,1,0,0:0:0:0:
256,0,102440,128,0,102534:0:0:0:0:
36,192,102534,1,0,0:0:0:0:
109,192,102534,1,0,0:0:0:0:
329,0,102534,128,0,102722:0:0:0:0:
402,0,102628,128,0,102722:0:0:0:0:
182,192,102722,1,0,0:0:0:0:
256,192,102722,1,0,0:0:0:0:
475,0,102722,128,0,102909:0:0:0:0:
402,0,102815,128,0,102909:0:0:0:0:
36,192,102909,1,0,0:0:0:0:
109,192,102909,1,0,0:0:0:0:
329,0,102909,128,0,103097:0:0:0:0:
256,0,103003,128,0,103097:0:0:0:0:
182,0,103097,128,0,103284:0:0:0:0:
402,192,103097,1,0,0:0:0:0:
475,192,103097,1,0,0:0:0:0:
109,0,103190,128,0,103284:0:0:0:0:
256,192,103284,1,0,0:0:0:0:
402,192,103284,1,0,0:0:0:0:
36,0,103284,128,0,103472:0:0:0:0:
109,0,103378,128,0,103472:0:0:0:0:
182,192,103472,1,0,0:0:0:0:
256,0,103472,128,0,103847:0:0:0:0:
402,192,103472,1,0,0:0:0:0:
182,192,103565,1,0,0:0:0:0:
402,192,103565,1,0,0:0:0:0:
109,192,103659,1,0,0:0:0:0:
329,192,103659,1,0,0:0:0:0:
36,192,103847,1,0,0:0:0:0:
182,0,103847,128,0,104034:0:0:0:0:
329,0,103847,128,0,103940:0:0:0:0:
402,0,103847,128,0,104128:0:0:0:0:
475,0,103847,128,0,103940:0:0:0:0:
36,192,104034,1,0,0:0:0:0:
109,0,104034,128,0,104222:0:0:0:0:
329,0,104034,128,0,104128:0:0:0:0:
475,0,104034,128,0,104315:0:0:0:0:
36,192,104222,1,0,0:0:0:0:
182,0,104222,128,0,104409:0:0:0:0:
256,192,104222,1,0,0:0:0:0:
329,0,104222,128,0,104315:0:0:0:0:
402,0,104222,128,0,104503:0:0:0:0:
36,0,104409,128,0,104597:0:0:0:0:
109,192,104409,1,0,0:0:0:0:
329,0,104409,128,0,104690:0:0:0:0:
475,0,104409,128,0,104503:0:0:0:0:
109,192,104597,1,0,0:0:0:0:
182,0,104597,128,0,104784:0:0:0:0:
256,192,104597,1,0,0:0:0:0:
402,0,104597,128,0,104690:0:0:0:0:
475,0,104597,128,0,104878:0:0:0:0:
36,192,104784,1,0,0:0:0:0:
329,0,104784,128,0,104878:0:0:0:0:
402,0,104784,128,0,104878:0:0:0:0:
109,0,104784,128,0,104972:0:0:0:0:
36,192,104972,1,0,0:0:0:0:
182,192,104972,1,0,0:0:0:0:
256,192,104972,1,0,0:0:0:0:
109,192,105159,1,0,0:0:0:0:
182,192,105159,1,0,0:0:0:0:
329,192,105159,1,0,0:0:0:0:
182,192,105347,1,0,0:0:0:0:
256,192,105347,1,0,0:0:0:0:
402,192,105347,1,0,0:0:0:0:
256,192,105534,1,0,0:0:0:0:
329,192,105534,1,0,0:0:0:0:
475,192,105534,1,0,0:0:0:0:
109,192,105722,1,0,0:0:0:0:
256,192,105722,1,0,0:0:0:0:
329,192,105722,1,0,0:0:0:0:
36,192,105909,1,0,0:0:0:0:
182,192,105909,1,0,0:0:0:0:
256,192,105909,1,0,0:0:0:0:
109,192,106097,1,0,0:0:0:0:
182,192,106097,1,0,0:0:0:0:
329,192,106097,1,0,0:0:0:0:
475,0,106097,128,0,106284:0:0:0:0:
36,192,106284,1,0,0:0:0:0:
182,192,106284,1,0,0:0:0:0:
256,192,106284,1,0,0:0:0:0:
329,0,106284,128,0,106472:0:0:0:0:
36,0,106472,128,0,106659:0:0:0:0:
109,192,106472,1,0,0:0:0:0:
182,0,106472,128,0,106565:0:0:0:0:
256,192,106472,1,0,0:0:0:0:
109,0,106659,128,0,106847:0:0:0:0:
256,0,106659,128,0,106753:0:0:0:0:
329,192,106659,1,0,0:0:0:0:
36,192,106847,1,0,0:0:0:0:
182,0,106847,128,0,107034:0:0:0:0:
329,0,106847,128,0,106940:0:0:0:0:
402,192,106847,1,0,0:0:0:0:
475,192,106847,1,0,0:0:0:0:
109,192,107034,1,0,0:0:0:0:
256,0,107034,128,0,107222:0:0:0:0:
329,192,107034,1,0,0:0:0:0:
402,0,107034,128,0,107128:0:0:0:0:
36,192,107222,1,0,0:0:0:0:
182,0,107222,128,0,107597:0:0:0:0:
329,192,107222,1,0,0:0:0:0:
402,192,107222,1,0,0:0:0:0:
475,0,107222,128,0,107315:0:0:0:0:
109,192,107409,1,0,0:0:0:0:
256,192,107409,1,0,0:0:0:0:
329,192,107409,1,0,0:0:0:0:
36,0,107597,128,0,107690:0:0:0:0:
329,192,107597,1,0,0:0:0:0:
402,192,107597,1,0,0:0:0:0:
109,192,107784,1,0,0:0:0:0:
182,192,107784,1,0,0:0:0:0:
329,0,107784,128,0,107878:0:0:0:0:
475,192,107784,1,0,0:0:0:0:
36,0,107972,128,0,108065:0:0:0:0:
182,192,107972,1,0,0:0:0:0:
256,0,107972,128,0,108628:0:0:0:0:
182,0,108065,128,0,108159:0:0:0:0:
36,192,108159,1,0,0:0:0:0:
36,0,108253,128,0,108347:0:0:0:0:
182,192,108253,1,0,0:0:0:0:
182,0,108347,128,0,108440:0:0:0:0:
36,192,108440,1,0,0:0:0:0:
36,0,108534,128,0,108628:0:0:0:0:
182,192,108534,1,0,0:0:0:0:
109,0,108722,128,0,108815:0:0:0:0:
256,192,108722,1,0,0:0:0:0:
329,0,108722,128,0,109378:0:0:0:0:
256,0,108815,128,0,108909:0:0:0:0:
109,192,108909,1,0,0:0:0:0:
109,0,109003,128,0,109097:0:0:0:0:
256,192,109003,1,0,0:0:0:0:
256,0,109097,128,0,109190:0:0:0:0:
109,192,109190,1,0,0:0:0:0:
109,0,109284,128,0,109378:0:0:0:0:
256,0,109284,128,0,109378:0:0:0:0:
36,0,109472,128,0,109565:0:0:0:0:
182,192,109472,1,0,0:0:0:0:
329,0,109472,128,0,109659:0:0:0:0:
182,0,109565,128,0,109659:0:0:0:0:
36,192,109659,1,0,0:0:0:0:
402,0,109659,128,0,109847:0:0:0:0:
109,0,109753,128,0,109847:0:0:0:0:
256,192,109753,1,0,0:0:0:0:
256,0,109847,128,0,109940:0:0:0:0:
475,0,109847,128,0,110034:0:0:0:0:
109,192,109940,1,0,0:0:0:0:
182,0,110034,128,0,110128:0:0:0:0:
329,192,110034,1,0,0:0:0:0:
329,0,110128,128,0,110222:0:0:0:0:
36,0,110222,128,0,110409:0:0:0:0:
182,192,110222,1,0,0:0:0:0:
256,0,110315,128,0,110409:0:0:0:0:
402,192,110315,1,0,0:0:0:0:
109,0,110409,128,0,110597:0:0:0:0:
402,0,110409,128,0,110503:0:0:0:0:
256,192,110503,1,0,0:0:0:0:
182,0,110597,128,0,110784:0:0:0:0:
329,0,110597,128,0,110690:0:0:0:0:
475,192,110597,1,0,0:0:0:0:
475,0,110690,128,0,110784:0:0:0:0:
329,192,110784,1,0,0:0:0:0:
36,0,110972,128,0,111722:0:0:0:0:
109,0,110972,128,0,111159:0:0:0:0:
329,192,110972,1,0,0:0:0:0:
182,0,111065,128,0,111159:0:0:0:0:
402,192,111065,1,0,0:0:0:0:
256,0,111159,128,0,111347:0:0:0:0:
475,192,111159,1,0,0:0:0:0:
329,0,111253,128,0,111347:0:0:0:0:
109,192,111347,1,0,0:0:0:0:
402,0,111347,128,0,111534:0:0:0:0:
475,192,111347,1,0,0:0:0:0:
182,192,111440,1,0,0:0:0:0:
329,0,111440,128,0,111534:0:0:0:0:
256,0,111534,128,0,111722:0:0:0:0:
475,192,111534,1,0,0:0:0:0:
182,0,111628,128,0,111722:0:0:0:0:
109,192,111722,1,0,0:0:0:0:
329,0,111722,128,0,111909:0:0:0:0:
402,0,111722,128,0,112847:0:0:0:0:
182,192,111815,1,0,0:0:0:0:
475,0,111815,128,0,111909:0:0:0:0:
109,192,111909,1,0,0:0:0:0:
256,0,111909,128,0,112097:0:0:0:0:
182,0,112003,128,0,112097:0:0:0:0:
36,192,112097,1,0,0:0:0:0:
109,0,112097,128,0,112284:0:0:0:0:
329,192,112097,1,0,0:0:0:0:
182,0,112190,128,0,112284:0:0:0:0:
475,192,112190,1,0,0:0:0:0:
36,192,112284,1,0,0:0:0:0:
256,0,112284,128,0,112472:0:0:0:0:
329,0,112378,128,0,112472:0:0:0:0:
36,192,112472,1,0,0:0:0:0:
109,0,112472,128,0,112940:0:0:0:0:
182,0,112472,128,0,113128:0:0:0:0:
475,0,112472,128,0,112847:0:0:0:0:
256,192,112565,1,0,0:0:0:0:
36,192,112659,1,0,0:0:0:0:
329,192,112659,1,0,0:0:0:0:
36,0,112847,128,0,112940:0:0:0:0:
256,0,112847,128,0,113503:0:0:0:0:
329,192,112847,1,0,0:0:0:0:
475,192,112940,1,0,0:0:0:0:
36,0,113034,128,0,113128:0:0:0:0:
109,0,113034,128,0,113128:0:0:0:0:
475,192,113128,1,0,0:0:0:0:
36,0,113222,128,0,113878:0:0:0:0:
109,0,113222,128,0,113315:0:0:0:0:
182,0,113222,128,0,113315:0:0:0:0:
329,0,113222,128,0,113878:0:0:0:0:
475,192,113315,1,0,0:0:0:0:
109,0,113409,128,0,113503:0:0:0:0:
182,0,113409,128,0,113503:0:0:0:0:
475,192,113503,1,0,0:0:0:0:
109,0,113597,128,0,113878:0:0:0:0:
182,0,113597,128,0,113690:0:0:0:0:
256,0,113597,128,0,113690:0:0:0:0:
475,192,113690,1,0,0:0:0:0:
182,0,113784,128,0,113878:0:0:0:0:
256,0,113784,128,0,113878:0:0:0:0:
475,192,113878,1,0,0:0:0:0:
182,192,113972,1,0,0:0:0:0:
402,0,113972,128,0,114159:0:0:0:0:
475,0,113972,128,0,114722:0:0:0:0:
109,192,114065,1,0,0:0:0:0:
329,0,114065,128,0,114159:0:0:0:0:
36,192,114159,1,0,0:0:0:0:
256,0,114159,128,0,114347:0:0:0:0:
109,192,114253,1,0,0:0:0:0:
182,0,114253,128,0,114347:0:0:0:0:
402,192,114253,1,0,0:0:0:0:
109,0,114347,128,0,114534:0:0:0:0:
329,192,114347,1,0,0:0:0:0:
36,0,114440,128,0,114534:0:0:0:0:
182,192,114440,1,0,0:0:0:0:
402,192,114440,1,0,0:0:0:0:
256,0,114534,128,0,114722:0:0:0:0:
109,192,114628,1,0,0:0:0:0:
329,0,114628,128,0,114722:0:0:0:0:
36,0,114722,128,0,114909:0:0:0:0:
402,0,114722,128,0,114909:0:0:0:0:
182,0,114722,128,0,115472:0:0:0:0:
109,192,114815,1,0,0:0:0:0:
329,0,114815,128,0,114909:0:0:0:0:
475,192,114815,1,0,0:0:0:0:
256,0,114909,128,0,115097:0:0:0:0:
36,192,115003,1,0,0:0:0:0:
329,0,115003,128,0,115097:0:0:0:0:
475,192,115003,1,0,0:0:0:0:
109,0,115097,128,0,115284:0:0:0:0:
475,0,115097,128,0,115284:0:0:0:0:
36,192,115190,1,0,0:0:0:0:
256,192,115190,1,0,0:0:0:0:
402,0,115190,128,0,115284:0:0:0:0:
329,0,115284,128,0,115472:0:0:0:0:
36,192,115378,1,0,0:0:0:0:
256,0,115378,128,0,115472:0:0:0:0:
36,0,115472,128,0,115847:0:0:0:0:
109,0,115472,128,0,115847:0:0:0:0:
402,0,115472,128,0,115940:0:0:0:0:
475,0,115472,128,0,115940:0:0:0:0:
256,192,115565,1,0,0:0:0:0:
182,192,115659,1,0,0:0:0:0:
329,192,115659,1,0,0:0:0:0:
182,0,115847,128,0,115940:0:0:0:0:
256,0,115847,128,0,116503:0:0:0:0:
329,0,115847,128,0,116128:0:0:0:0:
36,192,115940,1,0,0:0:0:0:
182,0,116034,128,0,116128:0:0:0:0:
402,0,116034,128,0,116128:0:0:0:0:
475,0,116034,128,0,116128:0:0:0:0:
36,192,116128,1,0,0:0:0:0:
182,0,116222,128,0,116315:0:0:0:0:
329,0,116222,128,0,116315:0:0:0:0:
402,0,116222,128,0,116315:0:0:0:0:
475,0,116222,128,0,116690:0:0:0:0:
36,192,116315,1,0,0:0:0:0:
182,0,116409,128,0,116878:0:0:0:0:
329,0,116409,128,0,116503:0:0:0:0:
402,0,116409,128,0,116503:0:0:0:0:
36,192,116503,1,0,0:0:0:0:
256,0,116597,128,0,116690:0:0:0:0:
329,0,116597,128,0,116690:0:0:0:0:
402,0,116597,128,0,116878:0:0:0:0:
36,192,116690,1,0,0:0:0:0:
256,0,116784,128,0,116878:0:0:0:0:
329,0,116784,128,0,116878:0:0:0:0:
475,0,116784,128,0,116878:0:0:0:0:
36,192,116878,1,0,0:0:0:0:
36,0,116972,128,0,117722:0:0:0:0:
109,192,116972,1,0,0:0:0:0:
182,192,116972,1,0,0:0:0:0:
329,192,116972,1,0,0:0:0:0:
182,192,117159,1,0,0:0:0:0:
329,192,117159,1,0,0:0:0:0:
402,192,117159,1,0,0:0:0:0:
182,0,117347,128,0,117722:0:0:0:0:
256,192,117347,1,0,0:0:0:0:
329,192,117347,1,0,0:0:0:0:
475,192,117347,1,0,0:0:0:0:
109,192,117534,1,0,0:0:0:0:
256,192,117534,1,0,0:0:0:0:
402,192,117534,1,0,0:0:0:0:
256,192,117722,1,0,0:0:0:0:
329,192,117722,1,0,0:0:0:0:
402,192,117722,1,0,0:0:0:0:
475,0,117722,128,0,118472:0:0:0:0:
109,192,117909,1,0,0:0:0:0:
182,192,117909,1,0,0:0:0:0:
329,192,117909,1,0,0:0:0:0:
36,192,118097,1,0,0:0:0:0:
256,192,118097,1,0,0:0:0:0:
402,192,118097,1,0,0:0:0:0:
182,0,118097,128,0,118472:0:0:0:0:
109,192,118284,1,0,0:0:0:0:
256,192,118284,1,0,0:0:0:0:
329,192,118284,1,0,0:0:0:0:
36,192,118472,1,0,0:0:0:0:
109,0,118472,128,0,119222:0:0:0:0:
256,192,118472,1,0,0:0:0:0:
402,192,118472,1,0,0:0:0:0:
182,192,118659,1,0,0:0:0:0:
256,192,118659,1,0,0:0:0:0:
402,192,118659,1,0,0:0:0:0:
36,192,118847,1,0,0:0:0:0:
182,192,118847,1,0,0:0:0:0:
329,0,118847,128,0,119222:0:0:0:0:
475,192,118847,1,0,0:0:0:0:
36,192,119034,1,0,0:0:0:0:
256,192,119034,1,0,0:0:0:0:
402,192,119034,1,0,0:0:0:0:
182,192,119222,1,0,0:0:0:0:
256,192,119222,1,0,0:0:0:0:
475,192,119222,1,0,0:0:0:0:
402,0,119222,128,0,119972:0:0:0:0:
36,192,119409,1,0,0:0:0:0:
109,192,119409,1,0,0:0:0:0:
256,192,119409,1,0,0:0:0:0:
109,192,119597,1,0,0:0:0:0:
256,192,119597,1,0,0:0:0:0:
329,192,119597,1,0,0:0:0:0:
182,0,119597,128,0,119972:0:0:0:0:
256,192,119784,1,0,0:0:0:0:
329,192,119784,1,0,0:0:0:0:
475,192,119784,1,0,0:0:0:0:
36,0,119972,128,0,120159:0:0:0:0:
109,192,119972,1,0,0:0:0:0:
256,192,119972,1,0,0:0:0:0:
329,192,119972,1,0,0:0:0:0:
109,0,120159,128,0,120347:0:0:0:0:
182,192,120159,1,0,0:0:0:0:
256,192,120159,1,0,0:0:0:0:
402,192,120159,1,0,0:0:0:0:
182,192,120347,1,0,0:0:0:0:
256,0,120347,128,0,120534:0:0:0:0:
329,192,120347,1,0,0:0:0:0:
475,192,120347,1,0,0:0:0:0:
36,192,120534,1,0,0:0:0:0:
109,192,120534,1,0,0:0:0:0:
182,0,120534,128,0,120722:0:0:0:0:
402,192,120534,1,0,0:0:0:0:
109,192,120722,1,0,0:0:0:0:
256,192,120722,1,0,0:0:0:0:
329,0,120722,128,0,120909:0:0:0:0:
402,192,120722,1,0,0:0:0:0:
475,192,120722,1,0,0:0:0:0:
36,192,120909,1,0,0:0:0:0:
109,192,120909,1,0,0:0:0:0:
182,0,120909,128,0,121097:0:0:0:0:
256,192,120909,1,0,0:0:0:0:
475,192,120909,1,0,0:0:0:0:
109,192,121097,1,0,0:0:0:0:
256,192,121097,1,0,0:0:0:0:
329,192,121097,1,0,0:0:0:0:
402,0,121097,128,0,121284:0:0:0:0:
109,192,121284,1,0,0:0:0:0:
182,192,121284,1,0,0:0:0:0:
329,192,121284,1,0,0:0:0:0:
256,0,121284,128,0,121472:0:0:0:0:
109,192,121472,1,0,0:0:0:0:
182,192,121472,1,0,0:0:0:0:
402,192,121472,1,0,0:0:0:0:
475,0,121472,128,0,121659:0:0:0:0:
109,192,121659,1,0,0:0:0:0:
256,192,121659,1,0,0:0:0:0:
329,192,121659,1,0,0:0:0:0:
402,0,121659,128,0,121847:0:0:0:0:
36,192,121847,1,0,0:0:0:0:
109,192,121847,1,0,0:0:0:0:
256,0,121847,128,0,122034:0:0:0:0:
329,192,121847,1,0,0:0:0:0:
109,192,122034,1,0,0:0:0:0:
182,0,122034,128,0,122222:0:0:0:0:
329,192,122034,1,0,0:0:0:0:
475,192,122034,1,0,0:0:0:0:
109,192,122222,1,0,0:0:0:0:
256,192,122222,1,0,0:0:0:0:
329,0,122222,128,0,122315:0:0:0:0:
402,192,122222,1,0,0:0:0:0:
475,0,122222,128,0,122315:0:0:0:0:
109,192,122409,1,0,0:0:0:0:
256,192,122409,1,0,0:0:0:0:
329,0,122409,128,0,122503:0:0:0:0:
475,0,122409,128,0,122503:0:0:0:0:
36,192,122597,1,0,0:0:0:0:
109,192,122597,1,0,0:0:0:0:
182,0,122597,128,0,122690:0:0:0:0:
329,0,122597,128,0,122690:0:0:0:0:
402,192,122597,1,0,0:0:0:0:
182,0,122784,128,0,122878:0:0:0:0:
256,192,122784,1,0,0:0:0:0:
329,0,122784,128,0,122878:0:0:0:0:
402,192,122784,1,0,0:0:0:0:
475,192,122784,1,0,0:0:0:0:
36,0,122972,128,0,123018:0:0:0:0:
109,192,122972,1,0,0:0:0:0:
256,0,122972,128,0,123018:0:0:0:0:
182,192,123347,1,0,0:0:0:0:
256,0,123347,128,0,123393:0:0:0:0:
402,192,123347,1,0,0:0:0:0:
475,192,123347,1,0,0:0:0:0:
109,192,123534,1,0,0:0:0:0:
329,0,123534,128,0,123581:0:0:0:0:
36,192,123722,1,0,0:0:0:0:
256,192,123722,1,0,0:0:0:0:
402,0,123722,128,0,123768:0:0:0:0:
109,192,123909,1,0,0:0:0:0:
329,0,124003,128,0,124050:0:0:0:0:
182,192,124097,1,0,0:0:0:0:
402,192,124097,1,0,0:0:0:0:
475,192,124097,1,0,0:0:0:0:
36,0,124284,128,0,124331:0:0:0:0:
256,0,124284,128,0,124331:0:0:0:0:
329,192,124284,1,0,0:0:0:0:
182,192,124472,1,0,0:0:0:0:
402,192,124472,1,0,0:0:0:0:
109,0,124659,128,0,124706:0:0:0:0:
475,0,124659,128,0,124847:0:0:0:0:
36,192,124847,1,0,0:0:0:0:
109,0,124847,128,0,124893:0:0:0:0:
256,192,124847,1,0,0:0:0:0:
402,0,124847,128,0,125034:0:0:0:0:
182,0,125034,128,0,125081:0:0:0:0:
329,0,125034,128,0,125222:0:0:0:0:
36,192,125222,1,0,0:0:0:0:
256,0,125222,128,0,125268:0:0:0:0:
402,0,125222,128,0,125409:0:0:0:0:
475,192,125222,1,0,0:0:0:0:
182,0,125409,128,0,125597:0:0:0:0:
109,192,125597,1,0,0:0:0:0:
256,192,125597,1,0,0:0:0:0:
329,0,125597,128,0,125784:0:0:0:0:
402,192,125597,1,0,0:0:0:0:
475,0,125597,128,0,125643:0:0:0:0:
36,0,125784,128,0,127097:0:0:0:0:
109,192,125972,1,0,0:0:0:0:
182,192,125972,1,0,0:0:0:0:
256,192,126159,1,0,0:0:0:0:
109,192,126347,1,0,0:0:0:0:
182,192,126347,1,0,0:0:0:0:
402,192,126347,1,0,0:0:0:0:
475,0,126347,128,0,126534:0:0:0:0:
256,192,126534,1,0,0:0:0:0:
329,0,126534,128,0,126722:0:0:0:0:
182,192,126628,1,0,0:0:0:0:
109,192,126722,1,0,0:0:0:0:
402,0,126722,128,0,126909:0:0:0:0:
182,192,126815,1,0,0:0:0:0:
256,0,126909,128,0,127097:0:0:0:0:
329,192,126909,1,0,0:0:0:0:
109,0,127097,128,0,127284:0:0:0:0:
329,192,127097,1,0,0:0:0:0:
402,192,127097,1,0,0:0:0:0:
475,192,127097,1,0,0:0:0:0:
36,192,127284,1,0,0:0:0:0:
182,0,127284,128,0,127472:0:0:0:0:
109,192,127472,1,0,0:0:0:0:
256,192,127472,1,0,0:0:0:0:
36,0,127659,128,0,127847:0:0:0:0:
402,0,127659,128,0,127847:0:0:0:0:
182,192,127847,1,0,0:0:0:0:
256,0,127847,128,0,128034:0:0:0:0:
329,192,127847,1,0,0:0:0:0:
475,192,127847,1,0,0:0:0:0:
36,0,128034,128,0,128222:0:0:0:0:
109,0,128034,128,0,128222:0:0:0:0:
402,192,128034,1,0,0:0:0:0:
329,192,128128,1,0,0:0:0:0:
256,192,128222,1,0,0:0:0:0:
475,0,128222,128,0,128409:0:0:0:0:
182,192,128315,1,0,0:0:0:0:
36,0,128409,128,0,128597:0:0:0:0:
109,192,128409,1,0,0:0:0:0:
329,0,128409,128,0,128597:0:0:0:0:
182,0,128597,128,0,128784:0:0:0:0:
256,192,128597,1,0,0:0:0:0:
402,192,128597,1,0,0:0:0:0:
475,192,128597,1,0,0:0:0:0:
402,192,128784,1,0,0:0:0:0:
475,192,128784,1,0,0:0:0:0:
36,0,128784,128,0,130097:0:0:0:0:
109,0,128784,128,0,128972:0:0:0:0:
329,192,128878,1,0,0:0:0:0:
402,192,128878,1,0,0:0:0:0:
182,0,128972,128,0,129018:0:0:0:0:
256,0,128972,128,0,129018:0:0:0:0:
402,192,128972,1,0,0:0:0:0:
475,192,128972,1,0,0:0:0:0:
109,192,129347,1,0,0:0:0:0:
182,192,129347,1,0,0:0:0:0:
256,0,129347,128,0,129393:0:0:0:0:
402,192,129347,1,0,0:0:0:0:
475,192,129347,1,0,0:0:0:0:
182,192,129534,1,0,0:0:0:0:
329,0,129534,128,0,129581:0:0:0:0:
109,192,129722,1,0,0:0:0:0:
256,192,129722,1,0,0:0:0:0:
402,0,129722,128,0,129768:0:0:0:0:
182,192,129909,1,0,0:0:0:0:
329,0,130003,128,0,130050:0:0:0:0:
109,192,130097,1,0,0:0:0:0:
182,192,130097,1,0,0:0:0:0:
402,192,130097,1,0,0:0:0:0:
475,192,130097,1,0,0:0:0:0:
36,0,130284,128,0,130331:0:0:0:0:
256,0,130284,128,0,130331:0:0:0:0:
329,192,130284,1,0,0:0:0:0:
182,192,130472,1,0,0:0:0:0:
402,192,130472,1,0,0:0:0:0:
109,0,130659,128,0,130706:0:0:0:0:
475,0,130659,128,0,130847:0:0:0:0:
36,192,130847,1,0,0:0:0:0:
109,0,130847,128,0,130893:0:0:0:0:
182,192,130847,1,0,0:0:0:0:
402,0,130847,128,0,131034:0:0:0:0:
182,0,131034,128,0,131081:0:0:0:0:
256,192,131034,1,0,0:0:0:0:
329,0,131034,128,0,131222:0:0:0:0:
36,0,131222,128,0,131409:0:0:0:0:
109,192,131222,1,0,0:0:0:0:
402,0,131222,128,0,131268:0:0:0:0:
475,192,131222,1,0,0:0:0:0:
109,0,131409,128,0,131597:0:0:0:0:
256,192,131409,1,0,0:0:0:0:
329,192,131409,1,0,0:0:0:0:
36,192,131597,1,0,0:0:0:0:
182,0,131597,128,0,131784:0:0:0:0:
329,192,131597,1,0,0:0:0:0:
402,192,131597,1,0,0:0:0:0:
475,0,131597,128,0,131643:0:0:0:0:
109,192,131784,1,0,0:0:0:0:
256,0,131784,128,0,133472:0:0:0:0:
329,192,131972,1,0,0:0:0:0:
109,192,132159,1,0,0:0:0:0:
402,192,132159,1,0,0:0:0:0:
109,192,132347,1,0,0:0:0:0:
402,192,132347,1,0,0:0:0:0:
182,192,132534,1,0,0:0:0:0:
109,192,132722,1,0,0:0:0:0:
402,192,132722,1,0,0:0:0:0:
109,192,132909,1,0,0:0:0:0:
402,192,132909,1,0,0:0:0:0:
36,192,133097,1,0,0:0:0:0:
182,192,133097,1,0,0:0:0:0:
402,192,133097,1,0,0:0:0:0:
109,192,133190,1,0,0:0:0:0:
329,192,133190,1,0,0:0:0:0:
475,192,133190,1,0,0:0:0:0:
36,192,133284,1,0,0:0:0:0:
182,192,133284,1,0,0:0:0:0:
402,192,133284,1,0,0:0:0:0:
109,192,133378,1,0,0:0:0:0:
329,192,133378,1,0,0:0:0:0:
475,192,133378,1,0,0:0:0:0:
182,192,133472,1,0,0:0:0:0:
329,192,133659,1,0,0:0:0:0:
402,192,133659,1,0,0:0:0:0:
329,192,133847,1,0,0:0:0:0:
256,192,133847,1,0,0:0:0:0:
182,192,134034,1,0,0:0:0:0:
256,192,134034,1,0,0:0:0:0:
182,192,134222,1,0,0:0:0:0:
109,192,134222,1,0,0:0:0:0:
36,192,134409,1,0,0:0:0:0:
109,192,134409,1,0,0:0:0:0:
109,192,134597,1,0,0:0:0:0:
182,192,134597,1,0,0:0:0:0:
329,192,134597,1,0,0:0:0:0:
402,192,134597,1,0,0:0:0:0:
256,192,134690,1,0,0:0:0:0:
109,192,134784,1,0,0:0:0:0:
182,192,134784,1,0,0:0:0:0:
329,192,134784,1,0,0:0:0:0:
402,192,134784,1,0,0:0:0:0:
182,192,134878,1,0,0:0:0:0:
256,192,134878,1,0,0:0:0:0:
329,192,134878,1,0,0:0:0:0:
36,192,134972,1,0,0:0:0:0:
475,192,134972,1,0,0:0:0:0:
256,0,134972,128,0,137878:0:0:0:0:
402,192,137597,1,0,0:0:0:0:
475,192,137597,1,0,0:0:0:0:
182,192,137690,1,0,0:0:0:0:
329,192,137690,1,0,0:0:0:0:
402,192,137690,1,0,0:0:0:0:
36,192,137784,1,0,0:0:0:0:
109,192,137784,1,0,0:0:0:0:
402,192,137784,1,0,0:0:0:0:
182,192,137878,1,0,0:0:0:0:
402,192,137878,1,0,0:0:0:0:
