[Metadata]
Idola
iconoclasm feat. GUMI
inava
beatmania iidx
55
0.022

[TimingPoints]
1225,298.507462686567,4,2,1,0,1,0

[HitObjects]
329,192,926,5,0,0:0:0:0:
475,192,1225,1,0,0:0:0:0:
36,192,1225,1,0,0:0:0:0:
182,192,1225,1,0,0:0:0:0:
256,192,1225,1,0,0:0:0:0:
402,192,1324,1,0,0:0:0:0:
329,192,1424,1,0,0:0:0:0:
256,192,1523,1,0,0:0:0:0:
109,192,1523,1,0,0:0:0:0:
182,192,1623,1,0,0:0:0:0:
475,192,1623,1,0,0:0:0:0:
109,192,1722,1,0,0:0:0:0:
402,192,1722,1,0,0:0:0:0:
36,192,1822,1,0,0:0:0:0:
329,192,1822,1,0,0:0:0:0:
182,192,1971,1,0,0:0:0:0:
402,192,2120,1,0,0:0:0:0:
256,192,2120,1,0,0:0:0:0:
109,192,2269,1,0,0:0:0:0:
475,192,2269,1,0,0:0:0:0:
182,192,2269,1,0,0:0:0:0:
329,192,2269,1,0,0:0:0:0:
36,192,2419,1,0,0:0:0:0:
256,192,2419,1,0,0:0:0:0:
329,192,2518,1,0,0:0:0:0:
109,192,2518,1,0,0:0:0:0:
402,192,2618,1,0,0:0:0:0:
182,192,2618,1,0,0:0:0:0:
256,192,2717,1,0,0:0:0:0:
475,192,2717,1,0,0:0:0:0:
182,192,2817,1,0,0:0:0:0:
329,192,2817,1,0,0:0:0:0:
109,192,2916,1,0,0:0:0:0:
402,192,2916,1,0,0:0:0:0:
36,192,3016,1,0,0:0:0:0:
256,192,3016,1,0,0:0:0:0:
329,192,3016,1,0,0:0:0:0:
475,192,3016,1,0,0:0:0:0:
256,192,3314,1,0,0:0:0:0:
402,192,3314,1,0,0:0:0:0:
475,192,3314,1,0,0:0:0:0:
109,192,3314,1,0,0:0:0:0:
36,192,3613,1,0,0:0:0:0:
182,192,3613,1,0,0:0:0:0:
329,192,3613,1,0,0:0:0:0:
475,192,3613,1,0,0:0:0:0:
256,192,3712,1,0,0:0:0:0:
109,192,3812,1,0,0:0:0:0:
329,192,3911,1,0,0:0:0:0:
475,192,3911,1,0,0:0:0:0:
36,192,4011,1,0,0:0:0:0:
182,192,4011,1,0,0:0:0:0:
329,192,4110,1,0,0:0:0:0:
402,192,4110,1,0,0:0:0:0:
36,192,4210,1,0,0:0:0:0:
109,192,4210,1,0,0:0:0:0:
256,192,4210,1,0,0:0:0:0:
402,192,4210,1,0,0:0:0:0:
182,192,4309,1,0,0:0:0:0:
256,192,4409,1,0,0:0:0:0:
36,192,4508,1,0,0:0:0:0:
329,192,4508,1,0,0:0:0:0:
109,192,4608,1,0,0:0:0:0:
402,192,4608,1,0,0:0:0:0:
182,192,4707,1,0,0:0:0:0:
475,192,4707,1,0,0:0:0:0:
36,192,4807,1,0,0:0:0:0:
256,192,4807,1,0,0:0:0:0:
329,192,4807,1,0,0:0:0:0:
402,192,4906,1,0,0:0:0:0:
182,192,5006,1,0,0:0:0:0:
36,192,5105,1,0,0:0:0:0:
329,192,5105,1,0,0:0:0:0:
475,192,5105,1,0,0:0:0:0:
256,192,5205,1,0,0:0:0:0:
402,192,5304,1,0,0:0:0:0:
109,192,5404,1,0,0:0:0:0:
182,192,5404,1,0,0:0:0:0:
329,192,5404,1,0,0:0:0:0:
475,192,5503,1,0,0:0:0:0:
402,192,5503,1,0,0:0:0:0:
329,192,5503,1,0,0:0:0:0:
36,192,5702,1,0,0:0:0:0:
182,192,5702,1,0,0:0:0:0:
402,192,5851,1,0,0:0:0:0:
182,192,5851,1,0,0:0:0:0:
36,192,6001,1,0,0:0:0:0:
256,192,6001,1,0,0:0:0:0:
475,192,6001,1,0,0:0:0:0:
402,192,6100,1,0,0:0:0:0:
329,192,6200,1,0,0:0:0:0:
256,192,6299,1,0,0:0:0:0:
36,192,6299,1,0,0:0:0:0:
182,192,6299,1,0,0:0:0:0:
109,192,6399,1,0,0:0:0:0:
329,192,6399,1,0,0:0:0:0:
182,192,6498,1,0,0:0:0:0:
402,192,6498,1,0,0:0:0:0:
256,192,6598,1,0,0:0:0:0:
36,192,6598,1,0,0:0:0:0:
475,192,6598,1,0,0:0:0:0:
109,192,6598,1,0,0:0:0:0:
182,192,6896,1,0,0:0:0:0:
402,192,6896,1,0,0:0:0:0:
256,192,6996,1,0,0:0:0:0:
109,192,7045,1,0,0:0:0:0:
329,192,7095,1,0,0:0:0:0:
36,192,7195,1,0,0:0:0:0:
256,192,7195,1,0,0:0:0:0:
475,192,7195,1,0,0:0:0:0:
109,192,7294,1,0,0:0:0:0:
182,192,7394,1,0,0:0:0:0:
475,192,7493,1,0,0:0:0:0:
329,192,7493,1,0,0:0:0:0:
256,192,7493,1,0,0:0:0:0:
402,192,7593,1,0,0:0:0:0:
109,192,7593,1,0,0:0:0:0:
329,192,7692,1,0,0:0:0:0:
109,192,7692,1,0,0:0:0:0:
475,192,7792,1,0,0:0:0:0:
402,192,7792,1,0,0:0:0:0:
256,192,7792,1,0,0:0:0:0:
36,192,7792,1,0,0:0:0:0:
475,192,8090,1,0,0:0:0:0:
256,192,8090,1,0,0:0:0:0:
329,192,8190,1,0,0:0:0:0:
36,192,8239,1,0,0:0:0:0:
182,192,8239,1,0,0:0:0:0:
402,192,8289,1,0,0:0:0:0:
36,192,8389,1,0,0:0:0:0:
109,192,8389,1,0,0:0:0:0:
256,192,8389,1,0,0:0:0:0:
475,192,8389,1,0,0:0:0:0:
329,192,8538,1,0,0:0:0:0:
475,192,8687,1,0,0:0:0:0:
182,192,8687,1,0,0:0:0:0:
402,192,8787,1,0,0:0:0:0:
36,192,8836,1,0,0:0:0:0:
109,192,8836,1,0,0:0:0:0:
329,192,8886,1,0,0:0:0:0:
182,192,8986,1,0,0:0:0:0:
36,192,8986,1,0,0:0:0:0:
475,192,8986,1,0,0:0:0:0:
256,192,8986,1,0,0:0:0:0:
329,192,9135,1,0,0:0:0:0:
475,192,9284,1,0,0:0:0:0:
256,192,9284,1,0,0:0:0:0:
329,192,9384,1,0,0:0:0:0:
36,192,9433,1,0,0:0:0:0:
182,192,9433,1,0,0:0:0:0:
402,192,9483,1,0,0:0:0:0:
256,192,9508,1,0,0:0:0:0:
329,192,9583,1,0,0:0:0:0:
36,192,9583,1,0,0:0:0:0:
475,192,9583,1,0,0:0:0:0:
109,192,9583,1,0,0:0:0:0:
182,192,9732,1,0,0:0:0:0:
256,192,9881,1,0,0:0:0:0:
36,192,9881,1,0,0:0:0:0:
182,192,9981,1,0,0:0:0:0:
329,192,10030,1,0,0:0:0:0:
475,192,10030,1,0,0:0:0:0:
109,192,10080,1,0,0:0:0:0:
256,192,10105,1,0,0:0:0:0:
182,192,10180,1,0,0:0:0:0:
36,192,10180,1,0,0:0:0:0:
402,192,10180,1,0,0:0:0:0:
475,192,10180,1,0,0:0:0:0:
329,192,10254,1,0,0:0:0:0:
402,192,10329,1,0,0:0:0:0:
256,192,10329,1,0,0:0:0:0:
109,192,10329,1,0,0:0:0:0:
36,192,10329,1,0,0:0:0:0:
475,192,10329,1,0,0:0:0:0:
402,192,10627,1,0,0:0:0:0:
36,192,10777,1,0,0:0:0:0:
182,192,10777,1,0,0:0:0:0:
329,192,10777,1,0,0:0:0:0:
475,192,10777,1,0,0:0:0:0:
109,192,10926,1,0,0:0:0:0:
329,192,11075,1,0,0:0:0:0:
109,192,11224,1,0,0:0:0:0:
256,192,11374,1,0,0:0:0:0:
36,192,11523,1,0,0:0:0:0:
256,192,11672,1,0,0:0:0:0:
36,192,11822,1,0,0:0:0:0:
475,192,11971,1,0,0:0:0:0:
182,192,11971,1,0,0:0:0:0:
109,192,12120,1,0,0:0:0:0:
475,192,12269,1,0,0:0:0:0:
109,192,12419,1,0,0:0:0:0:
402,192,12568,1,0,0:0:0:0:
36,192,12717,1,0,0:0:0:0:
402,192,12866,1,0,0:0:0:0:
36,192,13016,1,0,0:0:0:0:
182,192,13165,1,0,0:0:0:0:
475,192,13165,1,0,0:0:0:0:
329,192,13314,1,0,0:0:0:0:
182,192,13463,1,0,0:0:0:0:
329,192,13613,1,0,0:0:0:0:
109,192,13762,1,0,0:0:0:0:
256,192,13911,1,0,0:0:0:0:
402,192,14060,1,0,0:0:0:0:
256,192,14210,1,0,0:0:0:0:
36,192,14359,1,0,0:0:0:0:
475,192,14359,1,0,0:0:0:0:
182,192,14508,1,0,0:0:0:0:
402,192,14657,1,0,0:0:0:0:
182,192,14807,1,0,0:0:0:0:
36,192,14956,1,0,0:0:0:0:
329,192,14956,1,0,0:0:0:0:
109,192,15105,1,0,0:0:0:0:
256,192,15105,1,0,0:0:0:0:
182,192,15254,1,0,0:0:0:0:
329,192,15254,1,0,0:0:0:0:
109,192,15404,1,0,0:0:0:0:
402,192,15404,1,0,0:0:0:0:
256,192,15553,1,0,0:0:0:0:
475,192,15553,1,0,0:0:0:0:
36,192,15553,1,0,0:0:0:0:
256,192,15702,1,0,0:0:0:0:
329,192,15702,1,0,0:0:0:0:
256,192,15851,1,0,0:0:0:0:
109,192,15851,1,0,0:0:0:0:
256,192,16001,1,0,0:0:0:0:
402,192,16001,1,0,0:0:0:0:
182,192,16150,1,0,0:0:0:0:
36,192,16150,1,0,0:0:0:0:
182,192,16299,1,0,0:0:0:0:
402,192,16299,1,0,0:0:0:0:
182,192,16448,1,0,0:0:0:0:
256,192,16448,1,0,0:0:0:0:
182,192,16598,1,0,0:0:0:0:
402,192,16598,1,0,0:0:0:0:
109,192,16747,1,0,0:0:0:0:
329,192,16747,1,0,0:0:0:0:
109,192,16896,1,0,0:0:0:0:
475,192,16896,1,0,0:0:0:0:
109,192,17045,1,0,0:0:0:0:
256,192,17045,1,0,0:0:0:0:
109,192,17195,1,0,0:0:0:0:
402,192,17195,1,0,0:0:0:0:
36,192,17344,1,0,0:0:0:0:
182,192,17344,1,0,0:0:0:0:
36,192,17493,1,0,0:0:0:0:
256,192,17493,1,0,0:0:0:0:
109,192,17493,1,0,0:0:0:0:
182,192,17642,1,0,0:0:0:0:
36,192,17642,1,0,0:0:0:0:
329,192,17642,1,0,0:0:0:0:
36,192,17792,1,0,0:0:0:0:
402,192,17792,1,0,0:0:0:0:
256,192,17792,1,0,0:0:0:0:
256,192,17941,1,0,0:0:0:0:
475,192,17941,1,0,0:0:0:0:
109,192,17941,1,0,0:0:0:0:
329,192,17941,1,0,0:0:0:0:
256,192,18090,1,0,0:0:0:0:
475,192,18090,1,0,0:0:0:0:
475,192,18239,1,0,0:0:0:0:
256,192,18239,1,0,0:0:0:0:
182,192,18277,1,0,0:0:0:0:
109,192,18314,1,0,0:0:0:0:
36,192,18351,1,0,0:0:0:0:
475,192,18389,1,0,0:0:0:0:
329,192,18389,1,0,0:0:0:0:
36,192,18538,1,0,0:0:0:0:
256,192,18538,1,0,0:0:0:0:
402,192,18538,1,0,0:0:0:0:
182,192,18538,1,0,0:0:0:0:
36,192,18687,1,0,0:0:0:0:
256,192,18687,1,0,0:0:0:0:
36,192,18836,1,0,0:0:0:0:
256,192,18836,1,0,0:0:0:0:
329,192,18874,1,0,0:0:0:0:
402,192,18911,1,0,0:0:0:0:
475,192,18948,1,0,0:0:0:0:
36,192,18986,1,0,0:0:0:0:
182,192,18986,1,0,0:0:0:0:
256,192,19060,1,0,0:0:0:0:
402,192,19135,1,0,0:0:0:0:
329,192,19135,1,0,0:0:0:0:
475,192,19135,1,0,0:0:0:0:
182,192,19210,1,0,0:0:0:0:
109,192,19210,1,0,0:0:0:0:
36,192,19210,1,0,0:0:0:0:
256,192,19284,1,0,0:0:0:0:
402,192,19284,1,0,0:0:0:0:
329,192,19284,1,0,0:0:0:0:
182,192,19433,1,0,0:0:0:0:
36,192,19433,1,0,0:0:0:0:
109,192,19433,1,0,0:0:0:0:
475,192,19508,1,0,0:0:0:0:
329,192,19508,1,0,0:0:0:0:
402,192,19508,1,0,0:0:0:0:
256,192,19583,1,0,0:0:0:0:
109,192,19583,1,0,0:0:0:0:
182,192,19583,1,0,0:0:0:0:
36,192,19732,1,0,0:0:0:0:
329,192,19732,1,0,0:0:0:0:
182,192,19732,1,0,0:0:0:0:
109,192,19807,1,0,0:0:0:0:
402,192,19807,1,0,0:0:0:0:
256,192,19807,1,0,0:0:0:0:
182,192,19881,1,0,0:0:0:0:
475,192,19881,1,0,0:0:0:0:
329,192,19881,1,0,0:0:0:0:
329,192,20030,1,0,0:0:0:0:
109,192,20030,1,0,0:0:0:0:
182,192,20105,1,0,0:0:0:0:
402,192,20105,1,0,0:0:0:0:
329,192,20180,1,0,0:0:0:0:
109,192,20180,1,0,0:0:0:0:
182,192,20254,1,0,0:0:0:0:
402,192,20254,1,0,0:0:0:0:
36,192,20329,1,0,0:0:0:0:
256,192,20329,1,0,0:0:0:0:
475,192,20329,1,0,0:0:0:0:
109,192,20329,1,0,0:0:0:0:
329,192,20478,1,0,0:0:0:0:
182,192,20478,1,0,0:0:0:0:
182,192,20627,1,0,0:0:0:0:
402,192,20627,1,0,0:0:0:0:
36,192,20627,1,0,0:0:0:0:
475,192,20627,1,0,0:0:0:0:
329,192,20777,1,0,0:0:0:0:
109,192,20777,1,0,0:0:0:0:
329,192,20851,1,0,0:0:0:0:
329,192,20926,128,0,21224:0:0:0:0:
36,192,20926,1,0,0:0:0:0:
475,192,20926,1,0,0:0:0:0:
182,192,21075,1,0,0:0:0:0:
36,192,21224,1,0,0:0:0:0:
402,192,21224,1,0,0:0:0:0:
475,192,21224,1,0,0:0:0:0:
182,192,21224,1,0,0:0:0:0:
109,192,21374,1,0,0:0:0:0:
256,192,21374,1,0,0:0:0:0:
182,192,21448,1,0,0:0:0:0:
329,192,21448,1,0,0:0:0:0:
256,192,21523,1,0,0:0:0:0:
475,192,21523,1,0,0:0:0:0:
36,192,21523,1,0,0:0:0:0:
402,192,21523,1,0,0:0:0:0:
182,192,21672,1,0,0:0:0:0:
329,192,21672,1,0,0:0:0:0:
109,192,21822,1,0,0:0:0:0:
36,192,21822,1,0,0:0:0:0:
475,192,21822,1,0,0:0:0:0:
329,192,21822,1,0,0:0:0:0:
402,192,21971,1,0,0:0:0:0:
182,192,21971,1,0,0:0:0:0:
182,192,22045,1,0,0:0:0:0:
182,192,22120,128,0,22419:0:0:0:0:
36,192,22120,1,0,0:0:0:0:
475,192,22120,1,0,0:0:0:0:
329,192,22269,1,0,0:0:0:0:
329,192,22419,1,0,0:0:0:0:
475,192,22419,1,0,0:0:0:0:
109,192,22419,1,0,0:0:0:0:
36,192,22419,1,0,0:0:0:0:
109,192,22568,1,0,0:0:0:0:
329,192,22568,1,0,0:0:0:0:
182,192,22642,1,0,0:0:0:0:
402,192,22642,1,0,0:0:0:0:
36,192,22717,1,0,0:0:0:0:
256,192,22717,1,0,0:0:0:0:
475,192,22717,1,0,0:0:0:0:
329,192,22717,1,0,0:0:0:0:
36,192,22866,1,0,0:0:0:0:
182,192,22866,1,0,0:0:0:0:
329,192,23016,1,0,0:0:0:0:
402,192,23016,1,0,0:0:0:0:
475,192,23016,1,0,0:0:0:0:
109,192,23016,1,0,0:0:0:0:
182,192,23165,1,0,0:0:0:0:
109,192,23239,1,0,0:0:0:0:
36,192,23314,1,0,0:0:0:0:
256,192,23314,1,0,0:0:0:0:
329,192,23314,1,0,0:0:0:0:
402,192,23314,1,0,0:0:0:0:
475,192,23314,1,0,0:0:0:0:
36,192,23463,1,0,0:0:0:0:
182,192,23463,1,0,0:0:0:0:
109,192,23613,1,0,0:0:0:0:
256,192,23613,1,0,0:0:0:0:
475,192,23613,1,0,0:0:0:0:
402,192,23613,1,0,0:0:0:0:
182,192,23762,1,0,0:0:0:0:
329,192,23762,1,0,0:0:0:0:
36,192,23911,1,0,0:0:0:0:
109,192,23911,1,0,0:0:0:0:
256,192,23911,1,0,0:0:0:0:
475,192,23911,1,0,0:0:0:0:
475,192,24060,1,0,0:0:0:0:
329,192,24060,1,0,0:0:0:0:
109,192,24210,1,0,0:0:0:0:
182,192,24210,1,0,0:0:0:0:
256,192,24210,1,0,0:0:0:0:
402,192,24210,1,0,0:0:0:0:
36,192,24359,1,0,0:0:0:0:
109,192,24433,1,0,0:0:0:0:
182,192,24508,1,0,0:0:0:0:
329,192,24508,1,0,0:0:0:0:
475,192,24508,1,0,0:0:0:0:
402,192,24508,1,0,0:0:0:0:
109,192,24583,1,0,0:0:0:0:
256,192,24657,1,0,0:0:0:0:
402,192,24657,1,0,0:0:0:0:
36,192,24657,1,0,0:0:0:0:
109,192,24807,1,0,0:0:0:0:
329,192,24807,1,0,0:0:0:0:
475,192,24807,1,0,0:0:0:0:
36,192,24807,1,0,0:0:0:0:
182,192,24956,1,0,0:0:0:0:
402,192,24956,1,0,0:0:0:0:
182,192,25030,1,0,0:0:0:0:
329,192,25030,1,0,0:0:0:0:
256,192,25105,1,0,0:0:0:0:
36,192,25105,1,0,0:0:0:0:
402,192,25105,128,0,25404:0:0:0:0:
475,192,25105,128,0,25404:0:0:0:0:
109,192,25180,1,0,0:0:0:0:
182,192,25254,1,0,0:0:0:0:
256,192,25329,1,0,0:0:0:0:
329,192,25404,1,0,0:0:0:0:
109,192,25404,1,0,0:0:0:0:
36,192,25404,1,0,0:0:0:0:
182,192,25553,1,0,0:0:0:0:
256,192,25553,1,0,0:0:0:0:
475,192,25553,1,0,0:0:0:0:
329,192,25627,1,0,0:0:0:0:
475,192,25702,1,0,0:0:0:0:
36,192,25702,1,0,0:0:0:0:
109,192,25702,1,0,0:0:0:0:
36,192,25851,1,0,0:0:0:0:
182,192,25851,1,0,0:0:0:0:
329,192,25851,1,0,0:0:0:0:
256,192,26001,1,0,0:0:0:0:
329,192,26001,1,0,0:0:0:0:
402,192,26001,1,0,0:0:0:0:
475,192,26001,1,0,0:0:0:0:
109,192,26150,1,0,0:0:0:0:
36,192,26299,1,0,0:0:0:0:
256,192,26299,1,0,0:0:0:0:
475,192,26299,1,0,0:0:0:0:
36,192,26448,1,0,0:0:0:0:
182,192,26448,1,0,0:0:0:0:
329,192,26448,1,0,0:0:0:0:
109,192,26598,1,0,0:0:0:0:
329,192,26598,1,0,0:0:0:0:
402,192,26598,1,0,0:0:0:0:
475,192,26598,1,0,0:0:0:0:
256,192,26747,1,0,0:0:0:0:
36,192,26896,1,0,0:0:0:0:
182,192,26896,1,0,0:0:0:0:
402,192,26896,1,0,0:0:0:0:
36,192,27045,1,0,0:0:0:0:
256,192,27045,1,0,0:0:0:0:
402,192,27045,1,0,0:0:0:0:
109,192,27195,1,0,0:0:0:0:
182,192,27195,1,0,0:0:0:0:
329,192,27195,1,0,0:0:0:0:
475,192,27195,1,0,0:0:0:0:
182,192,27344,1,0,0:0:0:0:
109,192,27419,1,0,0:0:0:0:
256,192,27493,1,0,0:0:0:0:
36,192,27493,1,0,0:0:0:0:
402,192,27493,1,0,0:0:0:0:
475,192,27493,1,0,0:0:0:0:
36,192,27642,1,0,0:0:0:0:
329,192,27642,1,0,0:0:0:0:
182,192,27642,1,0,0:0:0:0:
475,192,27792,1,0,0:0:0:0:
329,192,27792,1,0,0:0:0:0:
109,192,27792,1,0,0:0:0:0:
402,192,27792,1,0,0:0:0:0:
256,192,27941,1,0,0:0:0:0:
36,192,28090,1,0,0:0:0:0:
109,192,28090,1,0,0:0:0:0:
182,192,28090,1,0,0:0:0:0:
329,192,28090,1,0,0:0:0:0:
475,192,28090,1,0,0:0:0:0:
36,192,28239,1,0,0:0:0:0:
256,192,28239,1,0,0:0:0:0:
182,192,28239,1,0,0:0:0:0:
402,192,28239,1,0,0:0:0:0:
475,192,28239,1,0,0:0:0:0:
36,192,28389,1,0,0:0:0:0:
109,192,28389,1,0,0:0:0:0:
256,192,28389,1,0,0:0:0:0:
329,192,28389,1,0,0:0:0:0:
475,192,28389,1,0,0:0:0:0:
36,192,28538,1,0,0:0:0:0:
329,192,28538,1,0,0:0:0:0:
402,192,28538,1,0,0:0:0:0:
475,192,28538,1,0,0:0:0:0:
182,192,28538,1,0,0:0:0:0:
182,192,28613,1,0,0:0:0:0:
36,192,28687,128,0,29732:0:0:0:0:
256,192,28687,128,0,33389:0:0:0:0:
475,192,28687,1,0,0:0:0:0:
402,192,28687,1,0,0:0:0:0:
109,192,28687,1,0,0:0:0:0:
329,192,28836,1,0,0:0:0:0:
402,192,28911,1,0,0:0:0:0:
475,192,28986,1,0,0:0:0:0:
109,192,28986,1,0,0:0:0:0:
182,192,28986,1,0,0:0:0:0:
329,192,29135,1,0,0:0:0:0:
402,192,29210,1,0,0:0:0:0:
475,192,29284,1,0,0:0:0:0:
109,192,29284,1,0,0:0:0:0:
182,192,29284,1,0,0:0:0:0:
329,192,29433,1,0,0:0:0:0:
402,192,29508,1,0,0:0:0:0:
475,192,29583,1,0,0:0:0:0:
109,192,29583,1,0,0:0:0:0:
182,192,29583,1,0,0:0:0:0:
329,192,29732,1,0,0:0:0:0:
36,192,29807,1,0,0:0:0:0:
402,192,29807,1,0,0:0:0:0:
182,192,29881,128,0,30926:0:0:0:0:
475,192,29881,1,0,0:0:0:0:
109,192,29881,1,0,0:0:0:0:
329,192,30030,1,0,0:0:0:0:
402,192,30105,1,0,0:0:0:0:
36,192,30180,1,0,0:0:0:0:
109,192,30180,1,0,0:0:0:0:
475,192,30180,1,0,0:0:0:0:
329,192,30329,1,0,0:0:0:0:
402,192,30404,1,0,0:0:0:0:
475,192,30478,1,0,0:0:0:0:
36,192,30478,1,0,0:0:0:0:
109,192,30478,1,0,0:0:0:0:
329,192,30627,1,0,0:0:0:0:
402,192,30702,1,0,0:0:0:0:
475,192,30777,1,0,0:0:0:0:
36,192,30777,1,0,0:0:0:0:
109,192,30777,1,0,0:0:0:0:
329,192,30926,1,0,0:0:0:0:
182,192,31001,1,0,0:0:0:0:
402,192,31001,1,0,0:0:0:0:
329,192,31075,128,0,32120:0:0:0:0:
475,192,31075,1,0,0:0:0:0:
36,192,31075,1,0,0:0:0:0:
109,192,31075,1,0,0:0:0:0:
182,192,31224,1,0,0:0:0:0:
109,192,31299,1,0,0:0:0:0:
36,192,31374,1,0,0:0:0:0:
402,192,31374,1,0,0:0:0:0:
475,192,31374,1,0,0:0:0:0:
182,192,31523,1,0,0:0:0:0:
109,192,31598,1,0,0:0:0:0:
36,192,31672,1,0,0:0:0:0:
402,192,31672,1,0,0:0:0:0:
475,192,31672,1,0,0:0:0:0:
182,192,31822,1,0,0:0:0:0:
109,192,31896,1,0,0:0:0:0:
36,192,31971,1,0,0:0:0:0:
475,192,31971,1,0,0:0:0:0:
402,192,31971,1,0,0:0:0:0:
182,192,32120,1,0,0:0:0:0:
329,192,32195,1,0,0:0:0:0:
109,192,32195,1,0,0:0:0:0:
475,192,32269,128,0,33239:0:0:0:0:
36,192,32269,1,0,0:0:0:0:
402,192,32269,1,0,0:0:0:0:
182,192,32419,1,0,0:0:0:0:
109,192,32493,1,0,0:0:0:0:
36,192,32568,1,0,0:0:0:0:
329,192,32568,1,0,0:0:0:0:
402,192,32568,1,0,0:0:0:0:
182,192,32717,1,0,0:0:0:0:
109,192,32792,1,0,0:0:0:0:
36,192,32866,1,0,0:0:0:0:
329,192,32866,1,0,0:0:0:0:
402,192,32866,1,0,0:0:0:0:
182,192,33016,1,0,0:0:0:0:
109,192,33090,1,0,0:0:0:0:
329,192,33165,1,0,0:0:0:0:
402,192,33165,1,0,0:0:0:0:
36,192,33165,128,0,33389:0:0:0:0:
182,192,33165,128,0,33389:0:0:0:0:
475,192,33314,1,0,0:0:0:0:
402,192,33389,1,0,0:0:0:0:
36,192,33463,1,0,0:0:0:0:
109,192,33463,1,0,0:0:0:0:
256,192,33463,1,0,0:0:0:0:
329,192,33463,1,0,0:0:0:0:
182,192,33613,1,0,0:0:0:0:
402,192,33613,1,0,0:0:0:0:
256,192,33687,1,0,0:0:0:0:
109,192,33687,1,0,0:0:0:0:
475,192,33762,1,0,0:0:0:0:
36,192,33762,1,0,0:0:0:0:
329,192,33762,1,0,0:0:0:0:
329,192,33911,1,0,0:0:0:0:
109,192,33911,1,0,0:0:0:0:
182,192,33986,1,0,0:0:0:0:
402,192,33986,1,0,0:0:0:0:
256,192,34060,1,0,0:0:0:0:
475,192,34060,1,0,0:0:0:0:
36,192,34060,1,0,0:0:0:0:
402,192,34210,1,0,0:0:0:0:
182,192,34284,1,0,0:0:0:0:
475,192,34359,1,0,0:0:0:0:
329,192,34359,1,0,0:0:0:0:
109,192,34433,1,0,0:0:0:0:
402,192,34508,1,0,0:0:0:0:
256,192,34508,1,0,0:0:0:0:
36,192,34583,1,0,0:0:0:0:
329,192,34657,1,0,0:0:0:0:
475,192,34657,1,0,0:0:0:0:
182,192,34657,1,0,0:0:0:0:
109,192,34807,1,0,0:0:0:0:
329,192,34807,1,0,0:0:0:0:
402,192,34881,1,0,0:0:0:0:
256,192,34881,1,0,0:0:0:0:
182,192,34956,1,0,0:0:0:0:
475,192,34956,1,0,0:0:0:0:
36,192,34956,1,0,0:0:0:0:
182,192,35105,1,0,0:0:0:0:
402,192,35105,1,0,0:0:0:0:
329,192,35180,1,0,0:0:0:0:
109,192,35180,1,0,0:0:0:0:
36,192,35254,1,0,0:0:0:0:
256,192,35254,1,0,0:0:0:0:
475,192,35254,1,0,0:0:0:0:
109,192,35404,1,0,0:0:0:0:
329,192,35478,1,0,0:0:0:0:
36,192,35553,1,0,0:0:0:0:
182,192,35553,1,0,0:0:0:0:
402,192,35627,1,0,0:0:0:0:
256,192,35702,1,0,0:0:0:0:
475,192,35777,1,0,0:0:0:0:
109,192,35851,1,0,0:0:0:0:
36,192,35851,1,0,0:0:0:0:
329,192,35851,1,0,0:0:0:0:
36,192,36001,1,0,0:0:0:0:
402,192,36001,1,0,0:0:0:0:
256,192,36001,1,0,0:0:0:0:
36,192,36150,1,0,0:0:0:0:
475,192,36150,1,0,0:0:0:0:
329,192,36150,1,0,0:0:0:0:
182,192,36150,1,0,0:0:0:0:
36,192,36299,1,0,0:0:0:0:
256,192,36299,1,0,0:0:0:0:
402,192,36299,1,0,0:0:0:0:
475,192,36448,1,0,0:0:0:0:
109,192,36448,1,0,0:0:0:0:
256,192,36448,1,0,0:0:0:0:
182,192,36598,1,0,0:0:0:0:
475,192,36598,1,0,0:0:0:0:
36,192,36598,1,0,0:0:0:0:
402,192,36747,1,0,0:0:0:0:
475,192,36747,1,0,0:0:0:0:
109,192,36747,1,0,0:0:0:0:
256,192,36747,1,0,0:0:0:0:
475,192,36896,1,0,0:0:0:0:
182,192,36896,1,0,0:0:0:0:
36,192,36896,1,0,0:0:0:0:
329,192,36971,1,0,0:0:0:0:
36,192,37045,1,0,0:0:0:0:
182,192,37045,1,0,0:0:0:0:
109,192,37045,1,0,0:0:0:0:
256,192,37120,1,0,0:0:0:0:
402,192,37195,1,0,0:0:0:0:
329,192,37195,1,0,0:0:0:0:
475,192,37195,1,0,0:0:0:0:
36,192,37344,1,0,0:0:0:0:
329,192,37344,1,0,0:0:0:0:
182,192,37344,1,0,0:0:0:0:
256,192,37419,1,0,0:0:0:0:
402,192,37419,1,0,0:0:0:0:
109,192,37419,1,0,0:0:0:0:
329,192,37493,1,0,0:0:0:0:
475,192,37493,1,0,0:0:0:0:
182,192,37493,1,0,0:0:0:0:
475,192,37642,1,0,0:0:0:0:
402,192,37642,1,0,0:0:0:0:
256,192,37642,1,0,0:0:0:0:
182,192,37717,1,0,0:0:0:0:
329,192,37717,1,0,0:0:0:0:
256,192,37792,1,0,0:0:0:0:
109,192,37792,1,0,0:0:0:0:
36,192,37792,1,0,0:0:0:0:
36,192,37941,1,0,0:0:0:0:
182,192,37941,1,0,0:0:0:0:
329,192,37941,1,0,0:0:0:0:
402,192,37941,1,0,0:0:0:0:
475,192,37941,1,0,0:0:0:0:
109,192,38016,1,0,0:0:0:0:
256,192,38016,1,0,0:0:0:0:
329,192,38090,1,0,0:0:0:0:
182,192,38090,1,0,0:0:0:0:
256,192,38165,1,0,0:0:0:0:
402,192,38165,1,0,0:0:0:0:
36,192,38239,1,0,0:0:0:0:
182,192,38239,1,0,0:0:0:0:
329,192,38239,1,0,0:0:0:0:
475,192,38239,1,0,0:0:0:0:
109,192,38239,1,0,0:0:0:0:
36,192,38538,1,0,0:0:0:0:
475,192,38538,1,0,0:0:0:0:
182,192,38538,1,0,0:0:0:0:
256,192,38538,1,0,0:0:0:0:
109,192,38613,1,0,0:0:0:0:
402,192,38613,1,0,0:0:0:0:
182,192,38687,1,0,0:0:0:0:
329,192,38687,1,0,0:0:0:0:
256,192,38762,1,0,0:0:0:0:
109,192,38762,1,0,0:0:0:0:
36,192,38836,1,0,0:0:0:0:
329,192,38836,1,0,0:0:0:0:
475,192,38836,1,0,0:0:0:0:
402,192,38911,1,0,0:0:0:0:
329,192,38986,1,0,0:0:0:0:
109,192,38986,1,0,0:0:0:0:
256,192,39060,1,0,0:0:0:0:
36,192,39135,1,0,0:0:0:0:
182,192,39135,1,0,0:0:0:0:
475,192,39135,1,0,0:0:0:0:
402,192,39135,1,0,0:0:0:0:
329,192,39234,1,0,0:0:0:0:
109,192,39284,1,0,0:0:0:0:
256,192,39334,1,0,0:0:0:0:
182,192,39433,1,0,0:0:0:0:
329,192,39433,1,0,0:0:0:0:
36,192,39433,1,0,0:0:0:0:
475,192,39433,1,0,0:0:0:0:
36,192,39583,1,0,0:0:0:0:
256,192,39583,1,0,0:0:0:0:
475,192,39732,1,0,0:0:0:0:
36,192,39732,1,0,0:0:0:0:
256,192,39732,1,0,0:0:0:0:
329,192,39732,1,0,0:0:0:0:
402,192,39807,1,0,0:0:0:0:
109,192,39807,1,0,0:0:0:0:
329,192,39881,1,0,0:0:0:0:
182,192,39881,1,0,0:0:0:0:
402,192,39956,1,0,0:0:0:0:
109,192,39956,1,0,0:0:0:0:
475,192,40030,1,0,0:0:0:0:
256,192,40030,1,0,0:0:0:0:
36,192,40030,1,0,0:0:0:0:
402,192,40105,1,0,0:0:0:0:
329,192,40180,1,0,0:0:0:0:
109,192,40180,1,0,0:0:0:0:
256,192,40254,1,0,0:0:0:0:
402,192,40329,1,0,0:0:0:0:
36,192,40329,1,0,0:0:0:0:
182,192,40329,1,0,0:0:0:0:
475,192,40329,1,0,0:0:0:0:
256,192,40428,1,0,0:0:0:0:
109,192,40478,1,0,0:0:0:0:
329,192,40528,1,0,0:0:0:0:
182,192,40627,1,0,0:0:0:0:
402,192,40627,1,0,0:0:0:0:
36,192,40627,1,0,0:0:0:0:
475,192,40627,1,0,0:0:0:0:
329,192,40777,1,0,0:0:0:0:
36,192,40777,1,0,0:0:0:0:
256,192,40926,1,0,0:0:0:0:
109,192,40926,1,0,0:0:0:0:
36,192,40926,1,0,0:0:0:0:
475,192,40926,1,0,0:0:0:0:
182,192,41001,1,0,0:0:0:0:
329,192,41001,1,0,0:0:0:0:
402,192,41075,1,0,0:0:0:0:
109,192,41075,1,0,0:0:0:0:
329,192,41150,1,0,0:0:0:0:
182,192,41150,1,0,0:0:0:0:
475,192,41224,1,0,0:0:0:0:
36,192,41224,1,0,0:0:0:0:
256,192,41224,1,0,0:0:0:0:
402,192,41299,1,0,0:0:0:0:
109,192,41374,1,0,0:0:0:0:
329,192,41374,1,0,0:0:0:0:
256,192,41448,1,0,0:0:0:0:
36,192,41523,1,0,0:0:0:0:
182,192,41523,1,0,0:0:0:0:
475,192,41523,1,0,0:0:0:0:
402,192,41523,1,0,0:0:0:0:
329,192,41623,1,0,0:0:0:0:
109,192,41672,1,0,0:0:0:0:
256,192,41722,1,0,0:0:0:0:
109,192,41822,1,0,0:0:0:0:
475,192,41822,1,0,0:0:0:0:
36,192,41822,1,0,0:0:0:0:
329,192,41822,1,0,0:0:0:0:
256,192,41896,1,0,0:0:0:0:
402,192,41896,1,0,0:0:0:0:
329,192,41971,1,0,0:0:0:0:
182,192,41971,1,0,0:0:0:0:
256,192,42045,1,0,0:0:0:0:
402,192,42045,1,0,0:0:0:0:
329,192,42120,1,0,0:0:0:0:
475,192,42120,1,0,0:0:0:0:
36,192,42120,1,0,0:0:0:0:
109,192,42120,1,0,0:0:0:0:
402,192,42195,1,0,0:0:0:0:
256,192,42195,1,0,0:0:0:0:
182,192,42269,1,0,0:0:0:0:
329,192,42269,1,0,0:0:0:0:
109,192,42344,1,0,0:0:0:0:
256,192,42344,1,0,0:0:0:0:
182,192,42419,1,0,0:0:0:0:
402,192,42419,1,0,0:0:0:0:
475,192,42419,1,0,0:0:0:0:
36,192,42419,1,0,0:0:0:0:
256,192,42493,1,0,0:0:0:0:
329,192,42568,1,0,0:0:0:0:
109,192,42568,1,0,0:0:0:0:
475,192,42568,1,0,0:0:0:0:
36,192,42717,1,0,0:0:0:0:
256,192,42717,1,0,0:0:0:0:
402,192,42717,1,0,0:0:0:0:
475,192,42717,1,0,0:0:0:0:
109,192,42792,1,0,0:0:0:0:
329,192,42792,1,0,0:0:0:0:
182,192,42866,1,0,0:0:0:0:
402,192,42866,1,0,0:0:0:0:
256,192,42941,1,0,0:0:0:0:
475,192,42941,1,0,0:0:0:0:
182,192,43016,1,0,0:0:0:0:
329,192,43016,1,0,0:0:0:0:
109,192,43016,1,0,0:0:0:0:
36,192,43016,1,0,0:0:0:0:
36,192,43165,1,0,0:0:0:0:
256,192,43165,1,0,0:0:0:0:
36,192,43314,1,0,0:0:0:0:
402,192,43314,1,0,0:0:0:0:
475,192,43314,1,0,0:0:0:0:
329,192,43314,1,0,0:0:0:0:
256,192,43389,1,0,0:0:0:0:
109,192,43389,1,0,0:0:0:0:
182,192,43463,1,0,0:0:0:0:
475,192,43463,1,0,0:0:0:0:
256,192,43538,1,0,0:0:0:0:
402,192,43538,1,0,0:0:0:0:
329,192,43613,1,0,0:0:0:0:
36,192,43613,1,0,0:0:0:0:
109,192,43613,1,0,0:0:0:0:
182,192,43687,1,0,0:0:0:0:
402,192,43687,1,0,0:0:0:0:
256,192,43762,1,0,0:0:0:0:
475,192,43762,1,0,0:0:0:0:
329,192,43762,1,0,0:0:0:0:
36,192,43911,1,0,0:0:0:0:
109,192,43911,1,0,0:0:0:0:
182,192,43911,1,0,0:0:0:0:
256,192,43911,1,0,0:0:0:0:
475,192,44060,1,0,0:0:0:0:
402,192,44060,1,0,0:0:0:0:
182,192,44060,1,0,0:0:0:0:
329,192,44135,1,0,0:0:0:0:
256,192,44210,1,0,0:0:0:0:
475,192,44210,1,0,0:0:0:0:
36,192,44210,1,0,0:0:0:0:
109,192,44210,1,0,0:0:0:0:
182,192,44359,1,0,0:0:0:0:
475,192,44359,1,0,0:0:0:0:
36,192,44508,1,0,0:0:0:0:
475,192,44508,1,0,0:0:0:0:
402,192,44508,1,0,0:0:0:0:
256,192,44508,1,0,0:0:0:0:
109,192,44583,1,0,0:0:0:0:
329,192,44583,1,0,0:0:0:0:
256,192,44657,1,0,0:0:0:0:
402,192,44657,1,0,0:0:0:0:
475,192,44732,1,0,0:0:0:0:
182,192,44732,1,0,0:0:0:0:
36,192,44807,1,0,0:0:0:0:
329,192,44807,1,0,0:0:0:0:
109,192,44807,1,0,0:0:0:0:
182,192,44881,1,0,0:0:0:0:
402,192,44881,1,0,0:0:0:0:
256,192,44956,1,0,0:0:0:0:
329,192,44956,1,0,0:0:0:0:
475,192,44956,1,0,0:0:0:0:
402,192,45105,1,0,0:0:0:0:
329,192,45105,1,0,0:0:0:0:
182,192,45105,1,0,0:0:0:0:
36,192,45105,1,0,0:0:0:0:
109,192,45254,1,0,0:0:0:0:
256,192,45254,1,0,0:0:0:0:
329,192,45329,1,0,0:0:0:0:
36,192,45404,1,0,0:0:0:0:
402,192,45404,1,0,0:0:0:0:
182,192,45404,1,0,0:0:0:0:
475,192,45404,1,0,0:0:0:0:
329,192,45553,1,0,0:0:0:0:
36,192,45553,1,0,0:0:0:0:
36,192,45702,1,0,0:0:0:0:
402,192,45702,1,0,0:0:0:0:
475,192,45702,1,0,0:0:0:0:
256,192,45702,1,0,0:0:0:0:
329,192,45777,1,0,0:0:0:0:
109,192,45777,1,0,0:0:0:0:
182,192,45851,1,0,0:0:0:0:
402,192,45851,1,0,0:0:0:0:
256,192,45926,1,0,0:0:0:0:
475,192,45926,1,0,0:0:0:0:
36,192,46001,1,0,0:0:0:0:
109,192,46001,1,0,0:0:0:0:
329,192,46001,1,0,0:0:0:0:
182,192,46075,1,0,0:0:0:0:
402,192,46075,1,0,0:0:0:0:
475,192,46150,1,0,0:0:0:0:
256,192,46150,1,0,0:0:0:0:
329,192,46150,1,0,0:0:0:0:
329,192,46299,1,0,0:0:0:0:
182,192,46299,1,0,0:0:0:0:
36,192,46299,1,0,0:0:0:0:
109,192,46299,1,0,0:0:0:0:
109,192,46448,1,0,0:0:0:0:
256,192,46448,1,0,0:0:0:0:
402,192,46448,1,0,0:0:0:0:
475,192,46448,1,0,0:0:0:0:
329,192,46598,1,0,0:0:0:0:
182,192,46598,1,0,0:0:0:0:
475,192,46598,1,0,0:0:0:0:
36,192,46598,1,0,0:0:0:0:
256,192,46672,1,0,0:0:0:0:
402,192,46672,1,0,0:0:0:0:
329,192,46747,1,0,0:0:0:0:
475,192,46747,1,0,0:0:0:0:
109,192,46747,1,0,0:0:0:0:
36,192,46896,1,0,0:0:0:0:
402,192,46896,1,0,0:0:0:0:
109,192,46896,1,0,0:0:0:0:
256,192,46971,1,0,0:0:0:0:
329,192,47045,1,0,0:0:0:0:
182,192,47045,1,0,0:0:0:0:
475,192,47045,1,0,0:0:0:0:
36,192,47195,1,0,0:0:0:0:
256,192,47195,1,0,0:0:0:0:
402,192,47195,1,0,0:0:0:0:
109,192,47269,1,0,0:0:0:0:
329,192,47344,1,0,0:0:0:0:
182,192,47344,1,0,0:0:0:0:
475,192,47344,1,0,0:0:0:0:
109,192,47493,1,0,0:0:0:0:
256,192,47493,1,0,0:0:0:0:
402,192,47493,1,0,0:0:0:0:
475,192,47568,1,0,0:0:0:0:
36,192,47568,1,0,0:0:0:0:
402,192,47642,1,0,0:0:0:0:
256,192,47642,1,0,0:0:0:0:
109,192,47642,1,0,0:0:0:0:
475,192,47717,1,0,0:0:0:0:
36,192,47717,1,0,0:0:0:0:
329,192,47792,1,0,0:0:0:0:
109,192,47792,1,0,0:0:0:0:
256,192,47792,1,0,0:0:0:0:
182,192,47792,1,0,0:0:0:0:
402,192,47792,1,0,0:0:0:0:
402,192,48090,1,0,0:0:0:0:
109,192,48538,1,0,0:0:0:0:
329,192,48986,1,0,0:0:0:0:
182,192,49433,1,0,0:0:0:0:
256,192,49881,1,0,0:0:0:0:
475,192,50180,128,0,50478:0:0:0:0:
329,192,50180,1,0,0:0:0:0:
36,192,50627,128,0,50926:0:0:0:0:
182,192,50627,1,0,0:0:0:0:
329,192,51075,128,0,51374:0:0:0:0:
256,192,51075,1,0,0:0:0:0:
182,192,51523,128,0,51822:0:0:0:0:
256,192,51523,1,0,0:0:0:0:
36,192,51971,1,0,0:0:0:0:
329,192,51971,1,0,0:0:0:0:
475,192,51971,1,0,0:0:0:0:
182,192,52045,1,0,0:0:0:0:
329,192,52120,1,0,0:0:0:0:
182,192,52195,1,0,0:0:0:0:
256,192,52269,1,0,0:0:0:0:
402,192,52269,1,0,0:0:0:0:
109,192,52269,1,0,0:0:0:0:
36,192,52568,1,0,0:0:0:0:
402,192,52568,1,0,0:0:0:0:
475,192,52568,1,0,0:0:0:0:
182,192,52568,1,0,0:0:0:0:
329,192,52717,1,0,0:0:0:0:
109,192,52866,1,0,0:0:0:0:
256,192,52866,1,0,0:0:0:0:
182,192,52866,1,0,0:0:0:0:
475,192,52866,1,0,0:0:0:0:
329,192,53016,1,0,0:0:0:0:
182,192,53165,1,0,0:0:0:0:
36,192,53165,1,0,0:0:0:0:
36,192,53314,1,0,0:0:0:0:
475,192,53314,1,0,0:0:0:0:
109,192,53463,1,0,0:0:0:0:
329,192,53463,1,0,0:0:0:0:
402,192,53463,1,0,0:0:0:0:
256,192,53463,1,0,0:0:0:0:
329,192,53613,1,0,0:0:0:0:
475,192,53613,1,0,0:0:0:0:
36,192,53613,1,0,0:0:0:0:
36,192,53762,1,0,0:0:0:0:
182,192,53911,1,0,0:0:0:0:
109,192,54060,1,0,0:0:0:0:
256,192,54060,1,0,0:0:0:0:
402,192,54060,1,0,0:0:0:0:
475,192,54060,1,0,0:0:0:0:
329,192,54210,1,0,0:0:0:0:
182,192,54284,1,0,0:0:0:0:
256,192,54359,1,0,0:0:0:0:
402,192,54359,1,0,0:0:0:0:
36,192,54359,1,0,0:0:0:0:
36,192,54508,1,0,0:0:0:0:
329,192,54508,1,0,0:0:0:0:
109,192,54657,1,0,0:0:0:0:
256,192,54657,1,0,0:0:0:0:
475,192,54657,1,0,0:0:0:0:
402,192,54657,1,0,0:0:0:0:
36,192,54807,1,0,0:0:0:0:
402,192,54807,1,0,0:0:0:0:
182,192,54881,1,0,0:0:0:0:
36,192,54956,1,0,0:0:0:0:
329,192,54956,1,0,0:0:0:0:
475,192,54956,1,0,0:0:0:0:
182,192,55105,1,0,0:0:0:0:
109,192,55254,1,0,0:0:0:0:
256,192,55254,1,0,0:0:0:0:
402,192,55254,1,0,0:0:0:0:
475,192,55254,1,0,0:0:0:0:
329,192,55404,1,0,0:0:0:0:
36,192,55553,1,0,0:0:0:0:
182,192,55553,1,0,0:0:0:0:
36,192,55702,1,0,0:0:0:0:
329,192,55702,1,0,0:0:0:0:
402,192,55702,1,0,0:0:0:0:
109,192,55851,1,0,0:0:0:0:
256,192,55851,1,0,0:0:0:0:
402,192,55851,1,0,0:0:0:0:
475,192,55851,1,0,0:0:0:0:
36,192,56001,1,0,0:0:0:0:
329,192,56001,1,0,0:0:0:0:
182,192,56075,1,0,0:0:0:0:
36,192,56150,1,0,0:0:0:0:
256,192,56150,1,0,0:0:0:0:
402,192,56150,1,0,0:0:0:0:
329,192,56299,1,0,0:0:0:0:
402,192,56448,1,0,0:0:0:0:
475,192,56448,1,0,0:0:0:0:
256,192,56448,1,0,0:0:0:0:
109,192,56448,1,0,0:0:0:0:
182,192,56598,1,0,0:0:0:0:
256,192,56672,1,0,0:0:0:0:
36,192,56747,1,0,0:0:0:0:
329,192,56747,1,0,0:0:0:0:
475,192,56747,1,0,0:0:0:0:
36,192,56896,1,0,0:0:0:0:
182,192,56896,1,0,0:0:0:0:
109,192,57045,1,0,0:0:0:0:
402,192,57045,1,0,0:0:0:0:
475,192,57045,1,0,0:0:0:0:
256,192,57120,1,0,0:0:0:0:
109,192,57195,1,0,0:0:0:0:
329,192,57195,1,0,0:0:0:0:
256,192,57269,1,0,0:0:0:0:
36,192,57344,1,0,0:0:0:0:
182,192,57344,1,0,0:0:0:0:
329,192,57344,1,0,0:0:0:0:
475,192,57344,1,0,0:0:0:0:
109,192,57419,1,0,0:0:0:0:
402,192,57493,1,0,0:0:0:0:
182,192,57493,1,0,0:0:0:0:
256,192,57568,1,0,0:0:0:0:
329,192,57642,1,0,0:0:0:0:
475,192,57642,1,0,0:0:0:0:
36,192,57642,1,0,0:0:0:0:
402,192,57717,1,0,0:0:0:0:
329,192,57792,1,0,0:0:0:0:
182,192,57792,1,0,0:0:0:0:
109,192,57866,1,0,0:0:0:0:
256,192,57941,1,0,0:0:0:0:
402,192,57941,1,0,0:0:0:0:
36,192,57941,1,0,0:0:0:0:
475,192,57941,1,0,0:0:0:0:
329,192,58016,1,0,0:0:0:0:
402,192,58090,1,0,0:0:0:0:
36,192,58090,1,0,0:0:0:0:
182,192,58090,1,0,0:0:0:0:
475,192,58090,1,0,0:0:0:0:
109,192,58239,1,0,0:0:0:0:
256,192,58239,1,0,0:0:0:0:
329,192,58239,1,0,0:0:0:0:
475,192,58239,1,0,0:0:0:0:
36,192,58389,1,0,0:0:0:0:
402,192,58389,1,0,0:0:0:0:
182,192,58463,1,0,0:0:0:0:
329,192,58538,1,0,0:0:0:0:
475,192,58538,1,0,0:0:0:0:
36,192,58538,1,0,0:0:0:0:
256,192,58613,1,0,0:0:0:0:
182,192,58687,1,0,0:0:0:0:
109,192,58687,1,0,0:0:0:0:
329,192,58762,1,0,0:0:0:0:
36,192,58836,1,0,0:0:0:0:
402,192,58836,1,0,0:0:0:0:
256,192,58836,1,0,0:0:0:0:
475,192,58911,1,0,0:0:0:0:
182,192,58986,1,0,0:0:0:0:
329,192,58986,1,0,0:0:0:0:
109,192,59060,1,0,0:0:0:0:
475,192,59135,1,0,0:0:0:0:
402,192,59135,1,0,0:0:0:0:
256,192,59135,1,0,0:0:0:0:
36,192,59135,1,0,0:0:0:0:
329,192,59210,1,0,0:0:0:0:
182,192,59284,1,0,0:0:0:0:
402,192,59284,1,0,0:0:0:0:
256,192,59284,1,0,0:0:0:0:
36,192,59284,1,0,0:0:0:0:
109,192,59433,1,0,0:0:0:0:
329,192,59433,1,0,0:0:0:0:
256,192,59433,1,0,0:0:0:0:
475,192,59433,1,0,0:0:0:0:
182,192,59583,1,0,0:0:0:0:
36,192,59583,1,0,0:0:0:0:
329,192,59657,1,0,0:0:0:0:
256,192,59732,1,0,0:0:0:0:
36,192,59732,1,0,0:0:0:0:
475,192,59732,1,0,0:0:0:0:
329,192,59807,1,0,0:0:0:0:
36,192,59881,1,0,0:0:0:0:
402,192,59881,1,0,0:0:0:0:
182,192,59881,1,0,0:0:0:0:
475,192,59956,1,0,0:0:0:0:
109,192,60030,1,0,0:0:0:0:
329,192,60030,1,0,0:0:0:0:
256,192,60030,1,0,0:0:0:0:
402,192,60030,1,0,0:0:0:0:
329,192,60180,1,0,0:0:0:0:
182,192,60254,1,0,0:0:0:0:
36,192,60329,1,0,0:0:0:0:
475,192,60329,1,0,0:0:0:0:
256,192,60329,1,0,0:0:0:0:
182,192,60404,1,0,0:0:0:0:
109,192,60478,1,0,0:0:0:0:
475,192,60478,1,0,0:0:0:0:
329,192,60478,1,0,0:0:0:0:
36,192,60553,1,0,0:0:0:0:
402,192,60627,1,0,0:0:0:0:
109,192,60627,1,0,0:0:0:0:
256,192,60627,1,0,0:0:0:0:
182,192,60627,1,0,0:0:0:0:
36,192,60777,1,0,0:0:0:0:
182,192,60777,1,0,0:0:0:0:
329,192,60851,1,0,0:0:0:0:
36,192,60926,1,0,0:0:0:0:
109,192,60926,1,0,0:0:0:0:
256,192,60926,1,0,0:0:0:0:
475,192,60926,1,0,0:0:0:0:
256,192,61075,1,0,0:0:0:0:
329,192,61075,1,0,0:0:0:0:
475,192,61075,1,0,0:0:0:0:
256,192,61224,1,0,0:0:0:0:
329,192,61224,1,0,0:0:0:0:
475,192,61224,1,0,0:0:0:0:
182,192,61224,1,0,0:0:0:0:
36,192,61224,1,0,0:0:0:0:
402,192,61299,1,0,0:0:0:0:
109,192,61374,1,0,0:0:0:0:
329,192,61374,1,0,0:0:0:0:
256,192,61448,1,0,0:0:0:0:
36,192,61523,1,0,0:0:0:0:
402,192,61523,1,0,0:0:0:0:
475,192,61523,1,0,0:0:0:0:
329,192,61523,1,0,0:0:0:0:
109,192,61523,1,0,0:0:0:0:
256,192,61598,1,0,0:0:0:0:
36,192,61672,1,0,0:0:0:0:
182,192,61672,1,0,0:0:0:0:
329,192,61747,1,0,0:0:0:0:
475,192,61822,1,0,0:0:0:0:
182,192,61822,1,0,0:0:0:0:
402,192,61822,1,0,0:0:0:0:
109,192,61896,1,0,0:0:0:0:
329,192,61896,1,0,0:0:0:0:
256,192,61896,1,0,0:0:0:0:
36,192,61971,1,0,0:0:0:0:
475,192,61971,1,0,0:0:0:0:
402,192,61971,1,0,0:0:0:0:
329,192,62045,1,0,0:0:0:0:
256,192,62045,1,0,0:0:0:0:
36,192,62120,1,0,0:0:0:0:
182,192,62120,1,0,0:0:0:0:
475,192,62120,1,0,0:0:0:0:
402,192,62120,1,0,0:0:0:0:
109,192,62269,1,0,0:0:0:0:
329,192,62269,1,0,0:0:0:0:
36,192,62419,1,0,0:0:0:0:
109,192,62419,1,0,0:0:0:0:
256,192,62419,1,0,0:0:0:0:
329,192,62419,1,0,0:0:0:0:
402,192,62419,1,0,0:0:0:0:
475,192,62419,1,0,0:0:0:0:
402,192,62568,1,0,0:0:0:0:
182,192,62568,1,0,0:0:0:0:
36,192,62717,1,0,0:0:0:0:
109,192,62717,1,0,0:0:0:0:
256,192,62717,1,0,0:0:0:0:
329,192,62717,1,0,0:0:0:0:
475,192,62717,1,0,0:0:0:0:
36,192,62866,1,0,0:0:0:0:
109,192,63016,1,0,0:0:0:0:
256,192,63016,1,0,0:0:0:0:
329,192,63016,1,0,0:0:0:0:
402,192,63016,1,0,0:0:0:0:
475,192,63016,1,0,0:0:0:0:
182,192,63016,1,0,0:0:0:0:
36,192,63165,1,0,0:0:0:0:
182,192,63165,1,0,0:0:0:0:
329,192,63165,1,0,0:0:0:0:
36,192,63314,1,0,0:0:0:0:
256,192,63314,1,0,0:0:0:0:
109,192,63314,1,0,0:0:0:0:
402,192,63314,1,0,0:0:0:0:
475,192,63314,1,0,0:0:0:0:
109,192,63463,1,0,0:0:0:0:
329,192,63463,1,0,0:0:0:0:
36,192,63613,1,0,0:0:0:0:
182,192,63613,1,0,0:0:0:0:
109,192,63613,1,0,0:0:0:0:
475,192,63613,1,0,0:0:0:0:
256,192,63613,1,0,0:0:0:0:
402,192,63613,1,0,0:0:0:0:
182,192,63762,1,0,0:0:0:0:
402,192,63762,1,0,0:0:0:0:
402,192,63911,1,0,0:0:0:0:
36,192,63911,1,0,0:0:0:0:
256,192,63911,1,0,0:0:0:0:
329,192,63911,1,0,0:0:0:0:
475,192,63911,1,0,0:0:0:0:
182,192,64060,1,0,0:0:0:0:
36,192,64060,1,0,0:0:0:0:
256,192,64210,1,0,0:0:0:0:
402,192,64210,1,0,0:0:0:0:
182,192,64210,1,0,0:0:0:0:
329,192,64210,1,0,0:0:0:0:
109,192,64210,1,0,0:0:0:0:
475,192,64210,1,0,0:0:0:0:
36,192,64359,1,0,0:0:0:0:
109,192,64359,1,0,0:0:0:0:
329,192,64359,1,0,0:0:0:0:
182,192,64433,1,0,0:0:0:0:
36,192,64508,1,0,0:0:0:0:
109,192,64508,1,0,0:0:0:0:
256,192,64508,1,0,0:0:0:0:
475,192,64508,1,0,0:0:0:0:
402,192,64508,1,0,0:0:0:0:
329,192,64657,1,0,0:0:0:0:
182,192,64657,1,0,0:0:0:0:
475,192,64807,1,0,0:0:0:0:
402,192,64807,1,0,0:0:0:0:
256,192,64807,1,0,0:0:0:0:
36,192,64807,1,0,0:0:0:0:
109,192,64807,1,0,0:0:0:0:
329,192,64807,1,0,0:0:0:0:
402,192,64956,1,0,0:0:0:0:
109,192,64956,1,0,0:0:0:0:
329,192,65105,1,0,0:0:0:0:
182,192,65105,1,0,0:0:0:0:
36,192,65105,1,0,0:0:0:0:
475,192,65105,1,0,0:0:0:0:
256,192,65105,1,0,0:0:0:0:
36,192,65254,1,0,0:0:0:0:
475,192,65404,1,0,0:0:0:0:
109,192,65404,1,0,0:0:0:0:
329,192,65404,1,0,0:0:0:0:
182,192,65404,1,0,0:0:0:0:
256,192,65404,1,0,0:0:0:0:
402,192,65404,1,0,0:0:0:0:
329,192,65553,1,0,0:0:0:0:
36,192,65553,1,0,0:0:0:0:
109,192,65553,1,0,0:0:0:0:
256,192,65627,1,0,0:0:0:0:
36,192,65702,1,0,0:0:0:0:
182,192,65702,1,0,0:0:0:0:
475,192,65702,1,0,0:0:0:0:
402,192,65702,1,0,0:0:0:0:
256,192,65777,1,0,0:0:0:0:
329,192,65851,1,0,0:0:0:0:
182,192,65926,1,0,0:0:0:0:
36,192,66001,1,0,0:0:0:0:
109,192,66001,1,0,0:0:0:0:
475,192,66001,1,0,0:0:0:0:
329,192,66001,1,0,0:0:0:0:
256,192,66075,1,0,0:0:0:0:
182,192,66150,1,0,0:0:0:0:
329,192,66224,1,0,0:0:0:0:
256,192,66299,1,0,0:0:0:0:
475,192,66299,1,0,0:0:0:0:
36,192,66299,1,0,0:0:0:0:
402,192,66299,1,0,0:0:0:0:
109,192,66374,1,0,0:0:0:0:
182,192,66448,1,0,0:0:0:0:
329,192,66448,1,0,0:0:0:0:
402,192,66523,1,0,0:0:0:0:
256,192,66598,1,0,0:0:0:0:
475,192,66598,1,0,0:0:0:0:
36,192,66598,1,0,0:0:0:0:
109,192,66598,1,0,0:0:0:0:
402,192,66672,1,0,0:0:0:0:
329,192,66747,1,0,0:0:0:0:
182,192,66747,1,0,0:0:0:0:
109,192,66822,1,0,0:0:0:0:
36,192,66896,1,0,0:0:0:0:
256,192,66896,1,0,0:0:0:0:
475,192,66896,1,0,0:0:0:0:
402,192,66896,1,0,0:0:0:0:
329,192,67045,1,0,0:0:0:0:
109,192,67045,1,0,0:0:0:0:
256,192,67045,1,0,0:0:0:0:
36,192,67195,1,0,0:0:0:0:
256,192,67195,1,0,0:0:0:0:
475,192,67195,1,0,0:0:0:0:
402,192,67195,1,0,0:0:0:0:
329,192,67294,1,0,0:0:0:0:
109,192,67294,1,0,0:0:0:0:
182,192,67394,1,0,0:0:0:0:
402,192,67394,1,0,0:0:0:0:
475,192,67493,1,0,0:0:0:0:
36,192,67493,1,0,0:0:0:0:
256,192,67493,1,0,0:0:0:0:
109,192,67493,1,0,0:0:0:0:
329,192,67568,1,0,0:0:0:0:
475,192,67642,1,0,0:0:0:0:
182,192,67642,1,0,0:0:0:0:
329,192,67717,1,0,0:0:0:0:
402,192,67792,1,0,0:0:0:0:
36,192,67792,1,0,0:0:0:0:
256,192,67792,1,0,0:0:0:0:
475,192,67792,1,0,0:0:0:0:
109,192,67891,1,0,0:0:0:0:
329,192,67891,1,0,0:0:0:0:
182,192,67991,1,0,0:0:0:0:
402,192,67991,1,0,0:0:0:0:
256,192,68090,1,0,0:0:0:0:
36,192,68090,1,0,0:0:0:0:
475,192,68090,1,0,0:0:0:0:
109,192,68090,1,0,0:0:0:0:
182,192,68239,1,0,0:0:0:0:
329,192,68239,1,0,0:0:0:0:
475,192,68389,1,0,0:0:0:0:
256,192,68389,1,0,0:0:0:0:
402,192,68389,1,0,0:0:0:0:
36,192,68389,1,0,0:0:0:0:
182,192,68488,1,0,0:0:0:0:
109,192,68488,1,0,0:0:0:0:
329,192,68588,1,0,0:0:0:0:
402,192,68588,1,0,0:0:0:0:
256,192,68687,1,0,0:0:0:0:
36,192,68687,1,0,0:0:0:0:
109,192,68687,1,0,0:0:0:0:
475,192,68687,1,0,0:0:0:0:
182,192,68762,1,0,0:0:0:0:
329,192,68836,1,0,0:0:0:0:
36,192,68836,1,0,0:0:0:0:
182,192,68911,1,0,0:0:0:0:
475,192,68986,1,0,0:0:0:0:
36,192,68986,1,0,0:0:0:0:
256,192,68986,1,0,0:0:0:0:
402,192,69085,1,0,0:0:0:0:
109,192,69085,1,0,0:0:0:0:
329,192,69185,1,0,0:0:0:0:
182,192,69185,1,0,0:0:0:0:
256,192,69284,1,0,0:0:0:0:
402,192,69284,1,0,0:0:0:0:
36,192,69284,1,0,0:0:0:0:
475,192,69284,1,0,0:0:0:0:
36,192,69433,1,0,0:0:0:0:
329,192,69433,1,0,0:0:0:0:
182,192,69433,1,0,0:0:0:0:
182,192,69583,1,0,0:0:0:0:
256,192,69583,1,0,0:0:0:0:
475,192,69583,1,0,0:0:0:0:
109,192,69583,1,0,0:0:0:0:
329,192,69657,1,0,0:0:0:0:
36,192,69732,1,0,0:0:0:0:
402,192,69732,1,0,0:0:0:0:
256,192,69807,1,0,0:0:0:0:
475,192,69881,1,0,0:0:0:0:
36,192,69881,1,0,0:0:0:0:
182,192,69881,1,0,0:0:0:0:
329,192,69956,1,0,0:0:0:0:
109,192,70030,1,0,0:0:0:0:
182,192,70030,1,0,0:0:0:0:
256,192,70105,1,0,0:0:0:0:
36,192,70180,1,0,0:0:0:0:
329,192,70180,1,0,0:0:0:0:
475,192,70180,1,0,0:0:0:0:
182,192,70254,1,0,0:0:0:0:
329,192,70329,1,0,0:0:0:0:
402,192,70329,1,0,0:0:0:0:
256,192,70404,1,0,0:0:0:0:
36,192,70478,1,0,0:0:0:0:
402,192,70478,1,0,0:0:0:0:
475,192,70478,1,0,0:0:0:0:
182,192,70478,1,0,0:0:0:0:
402,192,70627,1,0,0:0:0:0:
109,192,70627,1,0,0:0:0:0:
475,192,70627,1,0,0:0:0:0:
256,192,70627,1,0,0:0:0:0:
256,192,70777,1,0,0:0:0:0:
475,192,70777,1,0,0:0:0:0:
36,192,70777,1,0,0:0:0:0:
109,192,70777,1,0,0:0:0:0:
402,192,70851,1,0,0:0:0:0:
182,192,70851,1,0,0:0:0:0:
109,192,70926,1,0,0:0:0:0:
329,192,70926,1,0,0:0:0:0:
256,192,71001,1,0,0:0:0:0:
36,192,71001,1,0,0:0:0:0:
182,192,71075,1,0,0:0:0:0:
329,192,71075,1,0,0:0:0:0:
402,192,71075,1,0,0:0:0:0:
475,192,71075,1,0,0:0:0:0:
109,192,71150,1,0,0:0:0:0:
36,192,71224,1,0,0:0:0:0:
182,192,71374,1,0,0:0:0:0:
329,192,71448,1,0,0:0:0:0:
182,192,71523,1,0,0:0:0:0:
329,192,71598,1,0,0:0:0:0:
109,192,71672,1,0,0:0:0:0:
36,192,71971,1,0,0:0:0:0:
329,192,71971,1,0,0:0:0:0:
402,192,72120,1,0,0:0:0:0:
475,192,72269,1,0,0:0:0:0:
256,192,72269,1,0,0:0:0:0:
182,192,73165,1,0,0:0:0:0:
475,192,73165,1,0,0:0:0:0:
36,192,73264,1,0,0:0:0:0:
182,192,73364,1,0,0:0:0:0:
36,192,73463,1,0,0:0:0:0:
256,192,73463,1,0,0:0:0:0:
402,192,73762,1,0,0:0:0:0:
329,192,74060,1,0,0:0:0:0:
109,192,74060,1,0,0:0:0:0:
182,192,74359,1,0,0:0:0:0:
36,192,74458,1,0,0:0:0:0:
182,192,74558,1,0,0:0:0:0:
36,192,74657,1,0,0:0:0:0:
329,192,74657,1,0,0:0:0:0:
109,192,74956,1,0,0:0:0:0:
402,192,74956,1,0,0:0:0:0:
182,192,75254,1,0,0:0:0:0:
475,192,75254,1,0,0:0:0:0:
182,192,75553,1,0,0:0:0:0:
402,192,75553,1,0,0:0:0:0:
36,192,75702,1,0,0:0:0:0:
36,192,75851,1,0,0:0:0:0:
329,192,75851,1,0,0:0:0:0:
36,192,76150,1,0,0:0:0:0:
256,192,76150,1,0,0:0:0:0:
402,192,76150,1,0,0:0:0:0:
182,192,76249,1,0,0:0:0:0:
36,192,76349,1,0,0:0:0:0:
329,192,76448,1,0,0:0:0:0:
402,192,76448,1,0,0:0:0:0:
109,192,77045,1,0,0:0:0:0:
182,192,77045,1,0,0:0:0:0:
36,192,77642,1,0,0:0:0:0:
182,192,77642,1,0,0:0:0:0:
329,192,77642,1,0,0:0:0:0:
109,192,77941,1,0,0:0:0:0:
256,192,77941,1,0,0:0:0:0:
402,192,77941,1,0,0:0:0:0:
182,192,78239,1,0,0:0:0:0:
329,192,78239,1,0,0:0:0:0:
475,192,78239,1,0,0:0:0:0:
109,192,78538,1,0,0:0:0:0:
182,192,78538,1,0,0:0:0:0:
402,192,78538,1,0,0:0:0:0:
256,192,78637,1,0,0:0:0:0:
329,192,78737,1,0,0:0:0:0:
36,192,78737,1,0,0:0:0:0:
475,192,78836,1,0,0:0:0:0:
256,192,78836,1,0,0:0:0:0:
182,192,79035,1,0,0:0:0:0:
36,192,79135,1,0,0:0:0:0:
329,192,79135,1,0,0:0:0:0:
475,192,79334,1,0,0:0:0:0:
402,192,79433,1,0,0:0:0:0:
256,192,79433,1,0,0:0:0:0:
109,192,79433,1,0,0:0:0:0:
329,192,79632,1,0,0:0:0:0:
182,192,79732,1,0,0:0:0:0:
475,192,79732,1,0,0:0:0:0:
36,192,79732,1,0,0:0:0:0:
402,192,80030,1,0,0:0:0:0:
36,192,80030,1,0,0:0:0:0:
256,192,80030,1,0,0:0:0:0:
109,192,80130,1,0,0:0:0:0:
256,192,80229,1,0,0:0:0:0:
402,192,80329,1,0,0:0:0:0:
329,192,80329,1,0,0:0:0:0:
109,192,80329,1,0,0:0:0:0:
182,192,80627,1,0,0:0:0:0:
402,192,80627,1,0,0:0:0:0:
475,192,80627,1,0,0:0:0:0:
329,192,80727,1,0,0:0:0:0:
182,192,80826,1,0,0:0:0:0:
329,192,80926,1,0,0:0:0:0:
109,192,80926,1,0,0:0:0:0:
36,192,80926,1,0,0:0:0:0:
475,192,80926,1,0,0:0:0:0:
256,192,81025,1,0,0:0:0:0:
402,192,81125,1,0,0:0:0:0:
182,192,81224,1,0,0:0:0:0:
109,192,81224,1,0,0:0:0:0:
329,192,81224,1,0,0:0:0:0:
475,192,81374,1,0,0:0:0:0:
182,192,81424,1,0,0:0:0:0:
109,192,81523,1,0,0:0:0:0:
256,192,81523,1,0,0:0:0:0:
36,192,81623,1,0,0:0:0:0:
329,192,81623,1,0,0:0:0:0:
109,192,81722,1,0,0:0:0:0:
256,192,81722,1,0,0:0:0:0:
182,192,81822,1,0,0:0:0:0:
402,192,81822,1,0,0:0:0:0:
475,192,81822,1,0,0:0:0:0:
36,192,81971,1,0,0:0:0:0:
329,192,82021,1,0,0:0:0:0:
402,192,82120,1,0,0:0:0:0:
256,192,82120,1,0,0:0:0:0:
182,192,82220,1,0,0:0:0:0:
475,192,82220,1,0,0:0:0:0:
402,192,82319,1,0,0:0:0:0:
256,192,82319,1,0,0:0:0:0:
329,192,82419,1,0,0:0:0:0:
109,192,82419,1,0,0:0:0:0:
36,192,82419,1,0,0:0:0:0:
475,192,82568,1,0,0:0:0:0:
256,192,82618,1,0,0:0:0:0:
182,192,82717,1,0,0:0:0:0:
329,192,82717,1,0,0:0:0:0:
109,192,82817,1,0,0:0:0:0:
402,192,82817,1,0,0:0:0:0:
182,192,82916,1,0,0:0:0:0:
329,192,82916,1,0,0:0:0:0:
256,192,83016,1,0,0:0:0:0:
36,192,83016,1,0,0:0:0:0:
475,192,83016,1,0,0:0:0:0:
182,192,83115,1,0,0:0:0:0:
402,192,83115,1,0,0:0:0:0:
109,192,83215,1,0,0:0:0:0:
329,192,83215,1,0,0:0:0:0:
36,192,83314,1,0,0:0:0:0:
402,192,83314,1,0,0:0:0:0:
109,192,83414,1,0,0:0:0:0:
329,192,83414,1,0,0:0:0:0:
36,192,83513,1,0,0:0:0:0:
256,192,83513,1,0,0:0:0:0:
182,192,83613,1,0,0:0:0:0:
329,192,83613,1,0,0:0:0:0:
256,192,83911,1,0,0:0:0:0:
475,192,83911,1,0,0:0:0:0:
182,192,84011,1,0,0:0:0:0:
109,192,84110,1,0,0:0:0:0:
36,192,84210,1,0,0:0:0:0:
182,192,84210,1,0,0:0:0:0:
329,192,84210,1,0,0:0:0:0:
256,192,84508,1,0,0:0:0:0:
402,192,84508,1,0,0:0:0:0:
109,192,84707,1,0,0:0:0:0:
182,192,84807,1,0,0:0:0:0:
329,192,84807,1,0,0:0:0:0:
475,192,84807,1,0,0:0:0:0:
256,192,85105,1,0,0:0:0:0:
402,192,85105,1,0,0:0:0:0:
329,192,85404,1,0,0:0:0:0:
475,192,85404,1,0,0:0:0:0:
36,192,85404,1,0,0:0:0:0:
182,192,85702,1,0,0:0:0:0:
402,192,85702,1,0,0:0:0:0:
109,192,85802,1,0,0:0:0:0:
182,192,85901,1,0,0:0:0:0:
109,192,86001,1,0,0:0:0:0:
36,192,86001,128,0,87991:0:0:0:0:
475,192,86001,128,0,87991:0:0:0:0:
256,192,86001,128,0,89284:0:0:0:0:
402,192,86598,128,0,86697:0:0:0:0:
109,192,86697,128,0,86797:0:0:0:0:
329,192,86797,128,0,86896:0:0:0:0:
182,192,86896,128,0,86996:0:0:0:0:
402,192,86996,128,0,87095:0:0:0:0:
109,192,87095,128,0,87195:0:0:0:0:
182,192,87792,128,0,87891:0:0:0:0:
329,192,87891,128,0,87991:0:0:0:0:
109,192,87991,128,0,88090:0:0:0:0:
36,192,88090,1,0,0:0:0:0:
475,192,88090,1,0,0:0:0:0:
402,192,88090,128,0,88190:0:0:0:0:
36,192,88190,128,0,88289:0:0:0:0:
475,192,88289,128,0,88389:0:0:0:0:
402,192,88389,128,0,89185:0:0:0:0:
109,192,88389,128,0,89384:0:0:0:0:
36,192,88986,1,0,0:0:0:0:
182,192,88986,1,0,0:0:0:0:
329,192,89085,1,0,0:0:0:0:
475,192,89185,1,0,0:0:0:0:
402,192,89284,1,0,0:0:0:0:
256,192,89384,1,0,0:0:0:0:
109,192,89483,1,0,0:0:0:0:
36,192,89583,5,0,0:0:0:0:
182,192,89583,1,0,0:0:0:0:
329,192,89583,1,0,0:0:0:0:
475,192,89583,1,0,0:0:0:0:
109,192,89682,1,0,0:0:0:0:
256,192,89682,1,0,0:0:0:0:
402,192,89682,1,0,0:0:0:0:
36,192,89782,1,0,0:0:0:0:
182,192,89782,1,0,0:0:0:0:
329,192,89782,1,0,0:0:0:0:
475,192,89782,1,0,0:0:0:0:
109,192,89881,1,0,0:0:0:0:
256,192,89881,1,0,0:0:0:0:
402,192,89881,1,0,0:0:0:0:
36,192,89981,1,0,0:0:0:0:
182,192,89981,1,0,0:0:0:0:
329,192,89981,1,0,0:0:0:0:
475,192,89981,1,0,0:0:0:0:
109,192,90080,1,0,0:0:0:0:
256,192,90080,1,0,0:0:0:0:
402,192,90080,1,0,0:0:0:0:
36,192,90180,1,0,0:0:0:0:
182,192,90180,1,0,0:0:0:0:
329,192,90180,1,0,0:0:0:0:
475,192,90180,1,0,0:0:0:0:
182,192,90478,1,0,0:0:0:0:
329,192,90478,1,0,0:0:0:0:
36,192,90553,1,0,0:0:0:0:
475,192,90553,1,0,0:0:0:0:
109,192,90627,1,0,0:0:0:0:
402,192,90627,1,0,0:0:0:0:
182,192,90702,1,0,0:0:0:0:
329,192,90702,1,0,0:0:0:0:
256,192,90777,1,0,0:0:0:0:
36,192,90777,1,0,0:0:0:0:
109,192,90777,1,0,0:0:0:0:
475,192,90777,1,0,0:0:0:0:
329,192,90851,1,0,0:0:0:0:
182,192,90851,1,0,0:0:0:0:
475,192,90926,1,0,0:0:0:0:
256,192,90926,1,0,0:0:0:0:
402,192,90926,1,0,0:0:0:0:
36,192,91075,1,0,0:0:0:0:
475,192,91075,1,0,0:0:0:0:
329,192,91075,1,0,0:0:0:0:
109,192,91075,1,0,0:0:0:0:
182,192,91150,1,0,0:0:0:0:
256,192,91224,1,0,0:0:0:0:
402,192,91224,1,0,0:0:0:0:
109,192,91224,1,0,0:0:0:0:
182,192,91299,1,0,0:0:0:0:
475,192,91374,1,0,0:0:0:0:
36,192,91374,1,0,0:0:0:0:
256,192,91374,1,0,0:0:0:0:
329,192,91448,1,0,0:0:0:0:
109,192,91448,1,0,0:0:0:0:
402,192,91523,1,0,0:0:0:0:
182,192,91523,1,0,0:0:0:0:
256,192,91598,1,0,0:0:0:0:
36,192,91672,1,0,0:0:0:0:
109,192,91672,1,0,0:0:0:0:
475,192,91672,1,0,0:0:0:0:
329,192,91672,1,0,0:0:0:0:
256,192,91747,1,0,0:0:0:0:
182,192,91822,1,0,0:0:0:0:
402,192,91822,1,0,0:0:0:0:
256,192,91896,1,0,0:0:0:0:
475,192,91896,1,0,0:0:0:0:
36,192,91971,1,0,0:0:0:0:
109,192,91971,1,0,0:0:0:0:
402,192,91971,1,0,0:0:0:0:
329,192,91971,1,0,0:0:0:0:
256,192,92045,1,0,0:0:0:0:
36,192,92120,1,0,0:0:0:0:
182,192,92120,1,0,0:0:0:0:
475,192,92120,1,0,0:0:0:0:
329,192,92195,1,0,0:0:0:0:
256,192,92269,1,0,0:0:0:0:
402,192,92269,1,0,0:0:0:0:
475,192,92269,1,0,0:0:0:0:
109,192,92269,1,0,0:0:0:0:
182,192,92344,1,0,0:0:0:0:
36,192,92419,1,0,0:0:0:0:
329,192,92419,1,0,0:0:0:0:
256,192,92419,1,0,0:0:0:0:
402,192,92493,1,0,0:0:0:0:
109,192,92493,1,0,0:0:0:0:
182,192,92568,1,0,0:0:0:0:
256,192,92568,1,0,0:0:0:0:
475,192,92568,1,0,0:0:0:0:
36,192,92642,1,0,0:0:0:0:
109,192,92642,1,0,0:0:0:0:
256,192,92717,1,0,0:0:0:0:
329,192,92717,1,0,0:0:0:0:
475,192,92717,1,0,0:0:0:0:
36,192,92866,1,0,0:0:0:0:
109,192,92866,1,0,0:0:0:0:
182,192,92866,1,0,0:0:0:0:
256,192,92866,1,0,0:0:0:0:
256,192,93016,1,0,0:0:0:0:
402,192,93016,1,0,0:0:0:0:
36,192,93016,1,0,0:0:0:0:
475,192,93016,1,0,0:0:0:0:
329,192,93090,1,0,0:0:0:0:
182,192,93090,1,0,0:0:0:0:
109,192,93165,1,0,0:0:0:0:
256,192,93165,1,0,0:0:0:0:
36,192,93165,1,0,0:0:0:0:
402,192,93239,1,0,0:0:0:0:
475,192,93239,1,0,0:0:0:0:
329,192,93239,1,0,0:0:0:0:
36,192,93314,1,0,0:0:0:0:
109,192,93314,1,0,0:0:0:0:
182,192,93314,1,0,0:0:0:0:
475,192,93463,1,0,0:0:0:0:
36,192,93463,1,0,0:0:0:0:
256,192,93463,1,0,0:0:0:0:
182,192,93463,1,0,0:0:0:0:
402,192,93513,1,0,0:0:0:0:
329,192,93563,1,0,0:0:0:0:
256,192,93613,1,0,0:0:0:0:
36,192,93613,1,0,0:0:0:0:
109,192,93662,1,0,0:0:0:0:
182,192,93712,1,0,0:0:0:0:
256,192,93762,1,0,0:0:0:0:
329,192,93812,1,0,0:0:0:0:
402,192,93861,1,0,0:0:0:0:
256,192,93911,1,0,0:0:0:0:
475,192,93911,1,0,0:0:0:0:
182,192,93961,1,0,0:0:0:0:
109,192,94011,1,0,0:0:0:0:
475,192,94060,1,0,0:0:0:0:
329,192,94060,1,0,0:0:0:0:
36,192,94060,1,0,0:0:0:0:
256,192,94060,1,0,0:0:0:0:
109,192,94210,1,0,0:0:0:0:
329,192,94210,1,0,0:0:0:0:
402,192,94210,1,0,0:0:0:0:
182,192,94284,1,0,0:0:0:0:
256,192,94359,1,0,0:0:0:0:
36,192,94359,1,0,0:0:0:0:
475,192,94359,1,0,0:0:0:0:
109,192,94433,1,0,0:0:0:0:
402,192,94433,1,0,0:0:0:0:
256,192,94508,1,0,0:0:0:0:
182,192,94508,1,0,0:0:0:0:
329,192,94508,1,0,0:0:0:0:
36,192,94657,1,0,0:0:0:0:
256,192,94657,1,0,0:0:0:0:
475,192,94657,1,0,0:0:0:0:
402,192,94657,1,0,0:0:0:0:
109,192,94732,1,0,0:0:0:0:
329,192,94732,1,0,0:0:0:0:
182,192,94807,1,0,0:0:0:0:
402,192,94807,1,0,0:0:0:0:
256,192,94881,1,0,0:0:0:0:
475,192,94881,1,0,0:0:0:0:
36,192,94956,1,0,0:0:0:0:
182,192,94956,1,0,0:0:0:0:
329,192,94956,1,0,0:0:0:0:
109,192,95030,1,0,0:0:0:0:
475,192,95030,1,0,0:0:0:0:
256,192,95105,1,0,0:0:0:0:
329,192,95105,1,0,0:0:0:0:
109,192,95180,1,0,0:0:0:0:
475,192,95254,1,0,0:0:0:0:
329,192,95254,1,0,0:0:0:0:
402,192,95254,1,0,0:0:0:0:
182,192,95254,1,0,0:0:0:0:
36,192,95254,1,0,0:0:0:0:
256,192,95404,1,0,0:0:0:0:
402,192,95404,1,0,0:0:0:0:
475,192,95404,1,0,0:0:0:0:
109,192,95404,1,0,0:0:0:0:
329,192,95478,1,0,0:0:0:0:
182,192,95478,1,0,0:0:0:0:
36,192,95553,1,0,0:0:0:0:
109,192,95553,1,0,0:0:0:0:
256,192,95553,1,0,0:0:0:0:
402,192,95553,1,0,0:0:0:0:
36,192,95702,1,0,0:0:0:0:
182,192,95702,1,0,0:0:0:0:
329,192,95702,1,0,0:0:0:0:
256,192,95851,1,0,0:0:0:0:
329,192,95851,1,0,0:0:0:0:
402,192,95851,1,0,0:0:0:0:
475,192,95851,1,0,0:0:0:0:
109,192,95926,1,0,0:0:0:0:
36,192,95926,1,0,0:0:0:0:
182,192,96001,1,0,0:0:0:0:
329,192,96001,1,0,0:0:0:0:
256,192,96001,1,0,0:0:0:0:
402,192,96075,1,0,0:0:0:0:
475,192,96075,1,0,0:0:0:0:
256,192,96150,1,0,0:0:0:0:
36,192,96150,1,0,0:0:0:0:
182,192,96150,1,0,0:0:0:0:
109,192,96150,1,0,0:0:0:0:
329,192,96224,1,0,0:0:0:0:
182,192,96299,1,0,0:0:0:0:
402,192,96299,1,0,0:0:0:0:
109,192,96448,1,0,0:0:0:0:
36,192,96448,1,0,0:0:0:0:
475,192,96448,1,0,0:0:0:0:
256,192,96448,1,0,0:0:0:0:
329,192,96448,1,0,0:0:0:0:
402,192,96548,1,0,0:0:0:0:
182,192,96548,1,0,0:0:0:0:
329,192,96647,1,0,0:0:0:0:
109,192,96647,1,0,0:0:0:0:
475,192,96747,1,0,0:0:0:0:
256,192,96747,1,0,0:0:0:0:
182,192,96747,1,0,0:0:0:0:
36,192,96747,1,0,0:0:0:0:
402,192,96747,1,0,0:0:0:0:
109,192,96896,1,0,0:0:0:0:
475,192,96896,1,0,0:0:0:0:
329,192,96896,1,0,0:0:0:0:
36,192,97045,1,0,0:0:0:0:
256,192,97045,1,0,0:0:0:0:
182,192,97045,1,0,0:0:0:0:
329,192,97045,1,0,0:0:0:0:
475,192,97045,1,0,0:0:0:0:
109,192,97145,1,0,0:0:0:0:
402,192,97145,1,0,0:0:0:0:
182,192,97244,1,0,0:0:0:0:
329,192,97244,1,0,0:0:0:0:
256,192,97344,1,0,0:0:0:0:
475,192,97344,1,0,0:0:0:0:
36,192,97344,1,0,0:0:0:0:
109,192,97344,1,0,0:0:0:0:
402,192,97344,1,0,0:0:0:0:
36,192,97493,1,0,0:0:0:0:
329,192,97493,1,0,0:0:0:0:
182,192,97493,1,0,0:0:0:0:
36,192,97642,1,0,0:0:0:0:
109,192,97642,1,0,0:0:0:0:
256,192,97642,1,0,0:0:0:0:
402,192,97642,1,0,0:0:0:0:
475,192,97642,1,0,0:0:0:0:
475,192,97792,1,0,0:0:0:0:
329,192,97792,1,0,0:0:0:0:
182,192,97866,1,0,0:0:0:0:
36,192,97941,1,0,0:0:0:0:
256,192,97941,1,0,0:0:0:0:
329,192,97941,1,0,0:0:0:0:
402,192,98016,1,0,0:0:0:0:
109,192,98016,1,0,0:0:0:0:
182,192,98090,1,0,0:0:0:0:
475,192,98090,1,0,0:0:0:0:
256,192,98090,1,0,0:0:0:0:
36,192,98239,1,0,0:0:0:0:
329,192,98239,1,0,0:0:0:0:
182,192,98239,1,0,0:0:0:0:
109,192,98239,1,0,0:0:0:0:
475,192,98314,1,0,0:0:0:0:
402,192,98314,1,0,0:0:0:0:
182,192,98389,1,0,0:0:0:0:
36,192,98389,1,0,0:0:0:0:
256,192,98414,1,0,0:0:0:0:
329,192,98438,1,0,0:0:0:0:
402,192,98463,1,0,0:0:0:0:
329,192,98538,1,0,0:0:0:0:
475,192,98538,1,0,0:0:0:0:
109,192,98538,1,0,0:0:0:0:
256,192,98613,1,0,0:0:0:0:
182,192,98687,1,0,0:0:0:0:
36,192,98687,1,0,0:0:0:0:
402,192,98687,1,0,0:0:0:0:
109,192,98836,1,0,0:0:0:0:
475,192,98836,1,0,0:0:0:0:
36,192,98836,1,0,0:0:0:0:
256,192,98836,1,0,0:0:0:0:
402,192,98911,1,0,0:0:0:0:
329,192,98986,1,0,0:0:0:0:
182,192,98986,1,0,0:0:0:0:
256,192,99060,1,0,0:0:0:0:
402,192,99060,1,0,0:0:0:0:
36,192,99135,1,0,0:0:0:0:
475,192,99135,1,0,0:0:0:0:
329,192,99135,1,0,0:0:0:0:
109,192,99135,1,0,0:0:0:0:
182,192,99210,1,0,0:0:0:0:
256,192,99210,1,0,0:0:0:0:
329,192,99284,1,0,0:0:0:0:
475,192,99284,1,0,0:0:0:0:
36,192,99284,1,0,0:0:0:0:
109,192,99284,1,0,0:0:0:0:
182,192,99359,1,0,0:0:0:0:
402,192,99433,1,0,0:0:0:0:
475,192,99433,1,0,0:0:0:0:
329,192,99433,1,0,0:0:0:0:
256,192,99433,1,0,0:0:0:0:
182,192,99508,1,0,0:0:0:0:
36,192,99508,1,0,0:0:0:0:
109,192,99508,1,0,0:0:0:0:
256,192,99583,1,0,0:0:0:0:
329,192,99583,1,0,0:0:0:0:
402,192,99583,1,0,0:0:0:0:
475,192,99583,1,0,0:0:0:0:
109,192,99657,1,0,0:0:0:0:
36,192,99732,1,0,0:0:0:0:
182,192,99732,1,0,0:0:0:0:
402,192,99732,1,0,0:0:0:0:
475,192,99732,1,0,0:0:0:0:
256,192,99807,1,0,0:0:0:0:
329,192,99807,1,0,0:0:0:0:
402,192,99881,1,0,0:0:0:0:
475,192,99881,1,0,0:0:0:0:
36,192,99881,1,0,0:0:0:0:
182,192,99881,1,0,0:0:0:0:
329,192,99956,1,0,0:0:0:0:
36,192,100030,1,0,0:0:0:0:
256,192,100030,1,0,0:0:0:0:
109,192,100030,1,0,0:0:0:0:
182,192,100030,1,0,0:0:0:0:
329,192,100105,1,0,0:0:0:0:
475,192,100105,1,0,0:0:0:0:
256,192,100180,1,0,0:0:0:0:
402,192,100180,1,0,0:0:0:0:
36,192,100180,1,0,0:0:0:0:
182,192,100254,1,0,0:0:0:0:
329,192,100254,1,0,0:0:0:0:
109,192,100329,1,0,0:0:0:0:
36,192,100329,1,0,0:0:0:0:
256,192,100329,1,0,0:0:0:0:
475,192,100329,1,0,0:0:0:0:
329,192,100404,1,0,0:0:0:0:
475,192,100478,1,0,0:0:0:0:
182,192,100478,1,0,0:0:0:0:
402,192,100478,1,0,0:0:0:0:
36,192,100627,1,0,0:0:0:0:
475,192,100627,1,0,0:0:0:0:
329,192,100627,1,0,0:0:0:0:
109,192,100627,1,0,0:0:0:0:
182,192,100702,1,0,0:0:0:0:
256,192,100777,1,0,0:0:0:0:
402,192,100777,1,0,0:0:0:0:
109,192,100777,1,0,0:0:0:0:
182,192,100851,1,0,0:0:0:0:
475,192,100926,1,0,0:0:0:0:
36,192,100926,1,0,0:0:0:0:
256,192,100926,1,0,0:0:0:0:
329,192,101001,1,0,0:0:0:0:
109,192,101001,1,0,0:0:0:0:
402,192,101075,1,0,0:0:0:0:
182,192,101075,1,0,0:0:0:0:
256,192,101150,1,0,0:0:0:0:
36,192,101224,1,0,0:0:0:0:
109,192,101224,1,0,0:0:0:0:
475,192,101224,1,0,0:0:0:0:
329,192,101224,1,0,0:0:0:0:
256,192,101299,1,0,0:0:0:0:
182,192,101374,1,0,0:0:0:0:
402,192,101374,1,0,0:0:0:0:
256,192,101448,1,0,0:0:0:0:
475,192,101448,1,0,0:0:0:0:
36,192,101523,1,0,0:0:0:0:
109,192,101523,1,0,0:0:0:0:
402,192,101523,1,0,0:0:0:0:
329,192,101523,1,0,0:0:0:0:
256,192,101598,1,0,0:0:0:0:
36,192,101672,1,0,0:0:0:0:
182,192,101672,1,0,0:0:0:0:
475,192,101672,1,0,0:0:0:0:
329,192,101747,1,0,0:0:0:0:
256,192,101822,1,0,0:0:0:0:
402,192,101822,1,0,0:0:0:0:
475,192,101822,1,0,0:0:0:0:
109,192,101822,1,0,0:0:0:0:
182,192,101896,1,0,0:0:0:0:
36,192,101971,1,0,0:0:0:0:
256,192,101971,1,0,0:0:0:0:
402,192,101971,1,0,0:0:0:0:
329,192,102045,1,0,0:0:0:0:
109,192,102045,1,0,0:0:0:0:
182,192,102120,1,0,0:0:0:0:
402,192,102120,1,0,0:0:0:0:
475,192,102120,1,0,0:0:0:0:
36,192,102195,1,0,0:0:0:0:
109,192,102195,1,0,0:0:0:0:
256,192,102269,1,0,0:0:0:0:
329,192,102269,1,0,0:0:0:0:
475,192,102269,1,0,0:0:0:0:
36,192,102419,1,0,0:0:0:0:
109,192,102419,1,0,0:0:0:0:
182,192,102419,1,0,0:0:0:0:
256,192,102419,1,0,0:0:0:0:
402,192,102568,1,0,0:0:0:0:
182,192,102568,1,0,0:0:0:0:
329,192,102568,1,0,0:0:0:0:
475,192,102568,1,0,0:0:0:0:
109,192,102642,1,0,0:0:0:0:
256,192,102642,1,0,0:0:0:0:
36,192,102717,1,0,0:0:0:0:
182,192,102717,1,0,0:0:0:0:
475,192,102717,1,0,0:0:0:0:
402,192,102717,1,0,0:0:0:0:
329,192,102792,1,0,0:0:0:0:
402,192,102866,1,0,0:0:0:0:
475,192,102866,1,0,0:0:0:0:
109,192,102866,1,0,0:0:0:0:
256,192,102866,1,0,0:0:0:0:
182,192,102941,1,0,0:0:0:0:
36,192,103016,1,0,0:0:0:0:
256,192,103016,1,0,0:0:0:0:
475,192,103016,1,0,0:0:0:0:
329,192,103016,1,0,0:0:0:0:
109,192,103065,1,0,0:0:0:0:
182,192,103115,1,0,0:0:0:0:
256,192,103165,1,0,0:0:0:0:
475,192,103165,1,0,0:0:0:0:
402,192,103215,1,0,0:0:0:0:
329,192,103264,1,0,0:0:0:0:
256,192,103314,1,0,0:0:0:0:
182,192,103364,1,0,0:0:0:0:
109,192,103414,1,0,0:0:0:0:
256,192,103463,1,0,0:0:0:0:
36,192,103463,1,0,0:0:0:0:
329,192,103513,1,0,0:0:0:0:
402,192,103563,1,0,0:0:0:0:
256,192,103613,1,0,0:0:0:0:
182,192,103613,1,0,0:0:0:0:
475,192,103613,1,0,0:0:0:0:
36,192,103613,1,0,0:0:0:0:
109,192,103712,1,0,0:0:0:0:
329,192,103712,1,0,0:0:0:0:
256,192,103762,1,0,0:0:0:0:
402,192,103812,1,0,0:0:0:0:
182,192,103812,1,0,0:0:0:0:
256,192,103911,1,0,0:0:0:0:
36,192,103911,1,0,0:0:0:0:
475,192,103911,1,0,0:0:0:0:
182,192,103986,1,0,0:0:0:0:
329,192,103986,1,0,0:0:0:0:
256,192,104060,1,0,0:0:0:0:
109,192,104060,1,0,0:0:0:0:
402,192,104060,1,0,0:0:0:0:
36,192,104210,1,0,0:0:0:0:
256,192,104210,1,0,0:0:0:0:
475,192,104210,1,0,0:0:0:0:
402,192,104210,1,0,0:0:0:0:
109,192,104284,1,0,0:0:0:0:
329,192,104284,1,0,0:0:0:0:
182,192,104359,1,0,0:0:0:0:
402,192,104359,1,0,0:0:0:0:
256,192,104433,1,0,0:0:0:0:
475,192,104433,1,0,0:0:0:0:
36,192,104508,1,0,0:0:0:0:
329,192,104508,1,0,0:0:0:0:
109,192,104508,1,0,0:0:0:0:
475,192,104583,1,0,0:0:0:0:
256,192,104657,1,0,0:0:0:0:
329,192,104657,1,0,0:0:0:0:
109,192,104657,1,0,0:0:0:0:
36,192,104807,1,0,0:0:0:0:
182,192,104807,1,0,0:0:0:0:
402,192,104807,1,0,0:0:0:0:
475,192,104807,1,0,0:0:0:0:
256,192,104881,1,0,0:0:0:0:
109,192,104881,1,0,0:0:0:0:
182,192,104956,1,0,0:0:0:0:
475,192,104956,1,0,0:0:0:0:
329,192,104956,1,0,0:0:0:0:
402,192,105030,1,0,0:0:0:0:
109,192,105105,1,0,0:0:0:0:
36,192,105105,1,0,0:0:0:0:
256,192,105105,1,0,0:0:0:0:
36,192,105205,1,0,0:0:0:0:
329,192,105205,1,0,0:0:0:0:
182,192,105205,1,0,0:0:0:0:
475,192,105304,1,0,0:0:0:0:
402,192,105304,1,0,0:0:0:0:
256,192,105304,1,0,0:0:0:0:
109,192,105404,1,0,0:0:0:0:
182,192,105404,1,0,0:0:0:0:
36,192,105404,1,0,0:0:0:0:
329,192,105503,1,0,0:0:0:0:
402,192,105503,1,0,0:0:0:0:
475,192,105503,1,0,0:0:0:0:
256,192,105503,1,0,0:0:0:0:
182,192,105603,1,0,0:0:0:0:
109,192,105603,1,0,0:0:0:0:
36,192,105603,1,0,0:0:0:0:
475,192,105702,1,0,0:0:0:0:
256,192,105702,1,0,0:0:0:0:
402,192,105702,1,0,0:0:0:0:
329,192,105802,1,0,0:0:0:0:
475,192,105802,1,0,0:0:0:0:
182,192,105802,1,0,0:0:0:0:
36,192,105901,1,0,0:0:0:0:
109,192,105901,1,0,0:0:0:0:
256,192,105901,1,0,0:0:0:0:
402,192,106001,1,0,0:0:0:0:
329,192,106001,1,0,0:0:0:0:
475,192,106001,1,0,0:0:0:0:
36,192,106100,1,0,0:0:0:0:
109,192,106100,1,0,0:0:0:0:
182,192,106100,1,0,0:0:0:0:
256,192,106100,1,0,0:0:0:0:
329,192,106200,1,0,0:0:0:0:
402,192,106200,1,0,0:0:0:0:
475,192,106200,1,0,0:0:0:0:
36,192,106299,1,0,0:0:0:0:
329,192,106299,1,0,0:0:0:0:
182,192,106299,1,0,0:0:0:0:
109,192,106399,1,0,0:0:0:0:
256,192,106399,1,0,0:0:0:0:
402,192,106399,1,0,0:0:0:0:
182,192,106498,1,0,0:0:0:0:
475,192,106498,1,0,0:0:0:0:
329,192,106498,1,0,0:0:0:0:
109,192,106598,1,0,0:0:0:0:
36,192,106598,1,0,0:0:0:0:
256,192,106598,1,0,0:0:0:0:
475,192,106697,1,0,0:0:0:0:
402,192,106697,1,0,0:0:0:0:
329,192,106697,1,0,0:0:0:0:
182,192,106697,1,0,0:0:0:0:
256,192,106797,1,0,0:0:0:0:
36,192,106797,1,0,0:0:0:0:
109,192,106797,1,0,0:0:0:0:
182,192,106896,1,0,0:0:0:0:
475,192,106896,1,0,0:0:0:0:
329,192,106896,1,0,0:0:0:0:
402,192,106996,1,0,0:0:0:0:
109,192,106996,1,0,0:0:0:0:
256,192,106996,1,0,0:0:0:0:
182,192,107095,1,0,0:0:0:0:
329,192,107095,1,0,0:0:0:0:
36,192,107095,1,0,0:0:0:0:
256,192,107195,1,0,0:0:0:0:
475,192,107195,1,0,0:0:0:0:
36,192,107195,1,0,0:0:0:0:
109,192,107269,1,0,0:0:0:0:
402,192,107269,1,0,0:0:0:0:
182,192,107344,1,0,0:0:0:0:
329,192,107344,1,0,0:0:0:0:
256,192,107419,1,0,0:0:0:0:
36,192,107493,1,0,0:0:0:0:
475,192,107493,1,0,0:0:0:0:
109,192,107493,1,0,0:0:0:0:
402,192,107493,1,0,0:0:0:0:
329,192,107568,1,0,0:0:0:0:
182,192,107642,1,0,0:0:0:0:
256,192,107642,1,0,0:0:0:0:
475,192,107642,1,0,0:0:0:0:
109,192,107717,1,0,0:0:0:0:
329,192,107717,1,0,0:0:0:0:
475,192,107792,1,0,0:0:0:0:
256,192,107792,1,0,0:0:0:0:
36,192,107792,1,0,0:0:0:0:
109,192,107891,1,0,0:0:0:0:
402,192,107891,1,0,0:0:0:0:
182,192,107991,1,0,0:0:0:0:
329,192,107991,1,0,0:0:0:0:
475,192,108090,1,0,0:0:0:0:
256,192,108090,1,0,0:0:0:0:
36,192,108090,1,0,0:0:0:0:
329,192,108190,1,0,0:0:0:0:
182,192,108289,1,0,0:0:0:0:
109,192,108389,1,0,0:0:0:0:
256,192,108389,1,0,0:0:0:0:
402,192,108389,1,0,0:0:0:0:
36,192,108463,1,0,0:0:0:0:
475,192,108463,1,0,0:0:0:0:
109,192,108538,1,0,0:0:0:0:
402,192,108538,1,0,0:0:0:0:
182,192,108613,1,0,0:0:0:0:
329,192,108613,1,0,0:0:0:0:
256,192,108687,1,0,0:0:0:0:
402,192,108687,1,0,0:0:0:0:
36,192,108687,1,0,0:0:0:0:
109,192,108836,1,0,0:0:0:0:
329,192,108836,1,0,0:0:0:0:
182,192,108986,1,0,0:0:0:0:
256,192,108986,1,0,0:0:0:0:
402,192,108986,1,0,0:0:0:0:
475,192,108986,1,0,0:0:0:0:
36,192,108986,1,0,0:0:0:0:
329,192,109135,1,0,0:0:0:0:
109,192,109135,1,0,0:0:0:0:
256,192,109210,1,0,0:0:0:0:
182,192,109284,1,0,0:0:0:0:
109,192,109284,1,0,0:0:0:0:
402,192,109284,1,0,0:0:0:0:
475,192,109284,1,0,0:0:0:0:
36,192,109284,1,0,0:0:0:0:
182,192,109433,1,0,0:0:0:0:
256,192,109433,1,0,0:0:0:0:
329,192,109433,1,0,0:0:0:0:
36,192,109583,1,0,0:0:0:0:
109,192,109583,1,0,0:0:0:0:
329,192,109583,1,0,0:0:0:0:
475,192,109583,1,0,0:0:0:0:
402,192,109583,1,0,0:0:0:0:
182,192,109657,1,0,0:0:0:0:
329,192,109732,1,0,0:0:0:0:
475,192,109732,1,0,0:0:0:0:
36,192,109732,1,0,0:0:0:0:
182,192,109807,1,0,0:0:0:0:
36,192,109881,1,0,0:0:0:0:
256,192,109881,1,0,0:0:0:0:
329,192,109881,1,0,0:0:0:0:
475,192,109881,1,0,0:0:0:0:
402,192,109881,1,0,0:0:0:0:
109,192,109881,1,0,0:0:0:0:
36,192,110180,1,0,0:0:0:0:
36,192,110478,1,0,0:0:0:0:
36,192,110777,1,0,0:0:0:0:
36,192,111075,1,0,0:0:0:0:
109,192,111075,1,0,0:0:0:0:
109,192,111374,1,0,0:0:0:0:
109,192,111672,1,0,0:0:0:0:
109,192,111971,1,0,0:0:0:0:
329,192,112170,1,0,0:0:0:0:
475,192,112170,1,0,0:0:0:0:
109,192,112269,1,0,0:0:0:0:
182,192,112269,1,0,0:0:0:0:
36,192,112269,1,0,0:0:0:0:
256,192,112269,1,0,0:0:0:0:
182,192,112568,1,0,0:0:0:0:
182,192,112866,1,0,0:0:0:0:
182,192,113165,1,0,0:0:0:0:
182,192,113463,1,0,0:0:0:0:
256,192,113463,1,0,0:0:0:0:
475,192,113463,1,0,0:0:0:0:
36,192,113463,1,0,0:0:0:0:
256,192,113762,1,0,0:0:0:0:
475,192,113762,1,0,0:0:0:0:
36,192,113762,1,0,0:0:0:0:
256,192,114060,1,0,0:0:0:0:
36,192,114060,1,0,0:0:0:0:
475,192,114060,1,0,0:0:0:0:
109,192,114135,1,0,0:0:0:0:
402,192,114135,1,0,0:0:0:0:
182,192,114210,1,0,0:0:0:0:
329,192,114210,1,0,0:0:0:0:
109,192,114284,1,0,0:0:0:0:
402,192,114284,1,0,0:0:0:0:
256,192,114359,1,0,0:0:0:0:
36,192,114359,1,0,0:0:0:0:
475,192,114359,1,0,0:0:0:0:
475,192,114657,1,0,0:0:0:0:
36,192,114657,1,0,0:0:0:0:
182,192,114657,1,0,0:0:0:0:
256,192,114657,1,0,0:0:0:0:
329,192,114657,1,0,0:0:0:0:
402,192,114757,1,0,0:0:0:0:
329,192,114856,1,0,0:0:0:0:
256,192,114956,1,0,0:0:0:0:
109,192,114956,1,0,0:0:0:0:
182,192,115055,1,0,0:0:0:0:
475,192,115055,1,0,0:0:0:0:
109,192,115155,1,0,0:0:0:0:
402,192,115155,1,0,0:0:0:0:
36,192,115254,1,0,0:0:0:0:
329,192,115254,1,0,0:0:0:0:
182,192,115404,1,0,0:0:0:0:
256,192,115553,1,0,0:0:0:0:
36,192,115553,1,0,0:0:0:0:
109,192,115553,1,0,0:0:0:0:
329,192,115553,1,0,0:0:0:0:
475,192,115553,1,0,0:0:0:0:
402,192,115702,1,0,0:0:0:0:
109,192,115702,1,0,0:0:0:0:
475,192,115702,1,0,0:0:0:0:
182,192,115702,1,0,0:0:0:0:
329,192,115702,1,0,0:0:0:0:
36,192,115851,1,0,0:0:0:0:
256,192,115851,1,0,0:0:0:0:
329,192,115951,1,0,0:0:0:0:
109,192,115951,1,0,0:0:0:0:
402,192,116050,1,0,0:0:0:0:
182,192,116050,1,0,0:0:0:0:
256,192,116150,1,0,0:0:0:0:
475,192,116150,1,0,0:0:0:0:
182,192,116249,1,0,0:0:0:0:
329,192,116249,1,0,0:0:0:0:
109,192,116349,1,0,0:0:0:0:
402,192,116349,1,0,0:0:0:0:
36,192,116448,1,0,0:0:0:0:
256,192,116448,1,0,0:0:0:0:
329,192,116448,1,0,0:0:0:0:
475,192,116448,1,0,0:0:0:0:
182,192,116448,1,0,0:0:0:0:
256,192,116747,1,0,0:0:0:0:
402,192,116747,1,0,0:0:0:0:
475,192,116747,1,0,0:0:0:0:
182,192,116747,1,0,0:0:0:0:
109,192,116747,1,0,0:0:0:0:
36,192,117045,1,0,0:0:0:0:
329,192,117045,1,0,0:0:0:0:
475,192,117045,1,0,0:0:0:0:
109,192,117045,1,0,0:0:0:0:
402,192,117045,1,0,0:0:0:0:
256,192,117145,1,0,0:0:0:0:
182,192,117244,1,0,0:0:0:0:
329,192,117344,1,0,0:0:0:0:
475,192,117344,1,0,0:0:0:0:
109,192,117443,1,0,0:0:0:0:
256,192,117443,1,0,0:0:0:0:
36,192,117443,1,0,0:0:0:0:
475,192,117543,1,0,0:0:0:0:
402,192,117543,1,0,0:0:0:0:
36,192,117642,1,0,0:0:0:0:
182,192,117642,1,0,0:0:0:0:
256,192,117642,1,0,0:0:0:0:
402,192,117642,1,0,0:0:0:0:
329,192,117642,1,0,0:0:0:0:
109,192,117742,1,0,0:0:0:0:
182,192,117841,1,0,0:0:0:0:
475,192,117941,1,0,0:0:0:0:
256,192,117941,1,0,0:0:0:0:
36,192,118040,1,0,0:0:0:0:
329,192,118040,1,0,0:0:0:0:
109,192,118140,1,0,0:0:0:0:
402,192,118140,1,0,0:0:0:0:
36,192,118239,1,0,0:0:0:0:
256,192,118239,1,0,0:0:0:0:
329,192,118239,1,0,0:0:0:0:
182,192,118239,1,0,0:0:0:0:
475,192,118239,1,0,0:0:0:0:
329,192,118339,1,0,0:0:0:0:
329,192,118438,1,0,0:0:0:0:
109,192,118538,1,0,0:0:0:0:
256,192,118538,1,0,0:0:0:0:
475,192,118538,1,0,0:0:0:0:
109,192,118637,1,0,0:0:0:0:
109,192,118737,1,0,0:0:0:0:
36,192,118836,1,0,0:0:0:0:
256,192,118836,1,0,0:0:0:0:
329,192,118836,1,0,0:0:0:0:
109,192,118936,1,0,0:0:0:0:
256,192,118936,1,0,0:0:0:0:
402,192,118936,1,0,0:0:0:0:
256,192,119035,1,0,0:0:0:0:
182,192,119035,1,0,0:0:0:0:
475,192,119035,1,0,0:0:0:0:
36,192,119135,1,0,0:0:0:0:
402,192,119135,1,0,0:0:0:0:
109,192,119135,1,0,0:0:0:0:
402,192,119234,1,0,0:0:0:0:
402,192,119334,1,0,0:0:0:0:
36,192,119433,1,0,0:0:0:0:
256,192,119433,1,0,0:0:0:0:
475,192,119433,1,0,0:0:0:0:
182,192,119433,1,0,0:0:0:0:
109,192,119533,1,0,0:0:0:0:
329,192,119583,1,0,0:0:0:0:
182,192,119632,1,0,0:0:0:0:
402,192,119657,1,0,0:0:0:0:
36,192,119732,1,0,0:0:0:0:
256,192,119732,1,0,0:0:0:0:
475,192,119732,1,0,0:0:0:0:
109,192,119732,1,0,0:0:0:0:
402,192,119831,1,0,0:0:0:0:
182,192,119881,1,0,0:0:0:0:
329,192,119931,1,0,0:0:0:0:
109,192,119956,1,0,0:0:0:0:
475,192,120030,1,0,0:0:0:0:
36,192,120030,1,0,0:0:0:0:
256,192,120030,1,0,0:0:0:0:
402,192,120105,1,0,0:0:0:0:
182,192,120105,1,0,0:0:0:0:
256,192,120180,1,0,0:0:0:0:
329,192,120180,1,0,0:0:0:0:
109,192,120180,1,0,0:0:0:0:
256,192,120329,1,0,0:0:0:0:
36,192,120329,1,0,0:0:0:0:
109,192,120329,1,0,0:0:0:0:
475,192,120329,1,0,0:0:0:0:
402,192,120404,1,0,0:0:0:0:
329,192,120478,1,0,0:0:0:0:
182,192,120478,1,0,0:0:0:0:
109,192,120553,1,0,0:0:0:0:
402,192,120553,1,0,0:0:0:0:
182,192,120627,1,0,0:0:0:0:
36,192,120627,1,0,0:0:0:0:
475,192,120627,1,0,0:0:0:0:
256,192,120627,1,0,0:0:0:0:
329,192,120727,1,0,0:0:0:0:
109,192,120777,1,0,0:0:0:0:
402,192,120826,1,0,0:0:0:0:
182,192,120851,1,0,0:0:0:0:
475,192,120926,1,0,0:0:0:0:
256,192,120926,1,0,0:0:0:0:
36,192,120926,1,0,0:0:0:0:
329,192,120926,1,0,0:0:0:0:
182,192,121025,1,0,0:0:0:0:
329,192,121075,1,0,0:0:0:0:
402,192,121075,1,0,0:0:0:0:
109,192,121125,1,0,0:0:0:0:
256,192,121150,1,0,0:0:0:0:
402,192,121224,1,0,0:0:0:0:
36,192,121224,1,0,0:0:0:0:
475,192,121224,1,0,0:0:0:0:
182,192,121224,1,0,0:0:0:0:
256,192,121299,1,0,0:0:0:0:
329,192,121374,1,0,0:0:0:0:
402,192,121374,1,0,0:0:0:0:
109,192,121374,1,0,0:0:0:0:
475,192,121523,1,0,0:0:0:0:
36,192,121523,1,0,0:0:0:0:
256,192,121523,1,0,0:0:0:0:
182,192,121523,1,0,0:0:0:0:
109,192,121598,1,0,0:0:0:0:
402,192,121598,1,0,0:0:0:0:
182,192,121672,1,0,0:0:0:0:
329,192,121672,1,0,0:0:0:0:
109,192,121747,1,0,0:0:0:0:
402,192,121747,1,0,0:0:0:0:
256,192,121822,1,0,0:0:0:0:
329,192,121822,1,0,0:0:0:0:
36,192,121822,1,0,0:0:0:0:
475,192,121822,1,0,0:0:0:0:
182,192,121921,1,0,0:0:0:0:
329,192,121971,1,0,0:0:0:0:
402,192,121971,1,0,0:0:0:0:
109,192,122021,1,0,0:0:0:0:
36,192,122120,1,0,0:0:0:0:
182,192,122120,1,0,0:0:0:0:
402,192,122120,1,0,0:0:0:0:
475,192,122120,1,0,0:0:0:0:
256,192,122195,1,0,0:0:0:0:
109,192,122220,1,0,0:0:0:0:
182,192,122269,1,0,0:0:0:0:
329,192,122269,1,0,0:0:0:0:
402,192,122319,1,0,0:0:0:0:
256,192,122344,1,0,0:0:0:0:
329,192,122419,1,0,0:0:0:0:
475,192,122419,1,0,0:0:0:0:
109,192,122419,1,0,0:0:0:0:
36,192,122419,1,0,0:0:0:0:
256,192,122518,1,0,0:0:0:0:
402,192,122568,1,0,0:0:0:0:
109,192,122568,1,0,0:0:0:0:
182,192,122618,1,0,0:0:0:0:
256,192,122717,1,0,0:0:0:0:
36,192,122717,1,0,0:0:0:0:
475,192,122717,1,0,0:0:0:0:
329,192,122717,1,0,0:0:0:0:
402,192,122792,1,0,0:0:0:0:
182,192,122817,1,0,0:0:0:0:
256,192,122866,1,0,0:0:0:0:
329,192,122891,1,0,0:0:0:0:
109,192,122916,1,0,0:0:0:0:
402,192,122916,1,0,0:0:0:0:
475,192,122941,1,0,0:0:0:0:
182,192,123016,1,0,0:0:0:0:
36,192,123016,1,0,0:0:0:0:
256,192,123016,1,0,0:0:0:0:
329,192,123016,1,0,0:0:0:0:
402,192,123115,1,0,0:0:0:0:
329,192,123165,1,0,0:0:0:0:
109,192,123165,1,0,0:0:0:0:
256,192,123215,1,0,0:0:0:0:
36,192,123314,1,0,0:0:0:0:
475,192,123314,1,0,0:0:0:0:
109,192,123314,1,0,0:0:0:0:
329,192,123314,1,0,0:0:0:0:
402,192,123389,1,0,0:0:0:0:
256,192,123389,1,0,0:0:0:0:
182,192,123414,1,0,0:0:0:0:
109,192,123438,1,0,0:0:0:0:
36,192,123463,1,0,0:0:0:0:
475,192,123463,1,0,0:0:0:0:
182,192,123513,1,0,0:0:0:0:
329,192,123538,1,0,0:0:0:0:
475,192,123613,1,0,0:0:0:0:
256,192,123613,1,0,0:0:0:0:
402,192,123613,1,0,0:0:0:0:
109,192,123613,1,0,0:0:0:0:
36,192,123712,1,0,0:0:0:0:
329,192,123762,1,0,0:0:0:0:
402,192,123762,1,0,0:0:0:0:
475,192,123762,1,0,0:0:0:0:
109,192,123762,1,0,0:0:0:0:
182,192,123812,1,0,0:0:0:0:
256,192,123911,1,0,0:0:0:0:
329,192,123911,1,0,0:0:0:0:
36,192,123911,1,0,0:0:0:0:
109,192,123986,1,0,0:0:0:0:
402,192,123986,1,0,0:0:0:0:
475,192,123986,1,0,0:0:0:0:
182,192,124060,1,0,0:0:0:0:
329,192,124060,1,0,0:0:0:0:
109,192,124135,1,0,0:0:0:0:
256,192,124135,1,0,0:0:0:0:
402,192,124210,1,0,0:0:0:0:
182,192,124210,1,0,0:0:0:0:
36,192,124210,1,0,0:0:0:0:
475,192,124210,1,0,0:0:0:0:
329,192,124210,1,0,0:0:0:0:
