[Metadata]
snow storm
dj TAKA
richard
Beatmania iidx konami
34
0

[TimingPoints]
1438,413.793103448276,4,3,1,30,1,0

[HitObjects]
36,192,403,128,0,1438:0:0:0:0:
329,192,817,128,0,1024:0:0:0:0:
402,192,1438,128,0,2265:0:0:0:0:
475,192,1438,1,0,0:0:0:0:
109,192,1438,1,0,0:0:0:0:
256,192,1438,1,0,0:0:0:0:
182,192,1644,1,0,0:0:0:0:
329,192,1851,1,0,0:0:0:0:
36,192,1851,1,0,0:0:0:0:
256,192,2058,1,0,0:0:0:0:
329,192,2265,128,0,3093:0:0:0:0:
475,192,2265,1,0,0:0:0:0:
109,192,2265,1,0,0:0:0:0:
36,192,2472,1,0,0:0:0:0:
402,192,2679,1,0,0:0:0:0:
182,192,2679,1,0,0:0:0:0:
109,192,2886,1,0,0:0:0:0:
182,192,3093,128,0,3920:0:0:0:0:
256,192,3093,1,0,0:0:0:0:
475,192,3093,1,0,0:0:0:0:
402,192,3300,1,0,0:0:0:0:
329,192,3506,1,0,0:0:0:0:
36,192,3506,1,0,0:0:0:0:
402,192,3713,1,0,0:0:0:0:
109,192,3920,128,0,4541:0:0:0:0:
256,192,3920,1,0,0:0:0:0:
475,192,3920,1,0,0:0:0:0:
402,192,4127,1,0,0:0:0:0:
36,192,4334,1,0,0:0:0:0:
256,192,4334,1,0,0:0:0:0:
329,192,4541,1,0,0:0:0:0:
182,192,4541,1,0,0:0:0:0:
402,192,4644,1,0,0:0:0:0:
475,192,4748,128,0,5575:0:0:0:0:
256,192,4748,1,0,0:0:0:0:
36,192,4748,1,0,0:0:0:0:
182,192,4955,1,0,0:0:0:0:
329,192,5162,1,0,0:0:0:0:
109,192,5162,1,0,0:0:0:0:
256,192,5369,1,0,0:0:0:0:
402,192,5575,128,0,6403:0:0:0:0:
182,192,5575,1,0,0:0:0:0:
36,192,5575,1,0,0:0:0:0:
256,192,5782,1,0,0:0:0:0:
109,192,5989,1,0,0:0:0:0:
329,192,5989,1,0,0:0:0:0:
36,192,6196,1,0,0:0:0:0:
182,192,6403,128,0,7231:0:0:0:0:
475,192,6403,1,0,0:0:0:0:
256,192,6403,1,0,0:0:0:0:
329,192,6610,1,0,0:0:0:0:
402,192,6817,1,0,0:0:0:0:
109,192,6817,1,0,0:0:0:0:
475,192,7024,1,0,0:0:0:0:
109,192,7231,128,0,7851:0:0:0:0:
329,192,7231,1,0,0:0:0:0:
36,192,7231,1,0,0:0:0:0:
402,192,7438,1,0,0:0:0:0:
256,192,7644,1,0,0:0:0:0:
475,192,7644,1,0,0:0:0:0:
182,192,7851,1,0,0:0:0:0:
402,192,7851,1,0,0:0:0:0:
256,192,7955,1,0,0:0:0:0:
329,192,8058,128,0,8886:0:0:0:0:
475,192,8058,1,0,0:0:0:0:
36,192,8058,1,0,0:0:0:0:
182,192,8265,1,0,0:0:0:0:
109,192,8472,1,0,0:0:0:0:
402,192,8472,1,0,0:0:0:0:
182,192,8679,1,0,0:0:0:0:
256,192,8886,128,0,9713:0:0:0:0:
36,192,8886,1,0,0:0:0:0:
402,192,8886,1,0,0:0:0:0:
109,192,9093,1,0,0:0:0:0:
182,192,9300,1,0,0:0:0:0:
475,192,9300,1,0,0:0:0:0:
402,192,9506,1,0,0:0:0:0:
109,192,9713,128,0,10541:0:0:0:0:
329,192,9713,1,0,0:0:0:0:
36,192,9713,1,0,0:0:0:0:
182,192,9920,1,0,0:0:0:0:
256,192,10127,1,0,0:0:0:0:
475,192,10127,1,0,0:0:0:0:
402,192,10334,1,0,0:0:0:0:
36,192,10541,128,0,11162:0:0:0:0:
329,192,10541,1,0,0:0:0:0:
182,192,10541,1,0,0:0:0:0:
475,192,10748,1,0,0:0:0:0:
329,192,10955,1,0,0:0:0:0:
182,192,10955,1,0,0:0:0:0:
256,192,11162,1,0,0:0:0:0:
329,192,11265,1,0,0:0:0:0:
402,192,11369,128,0,12196:0:0:0:0:
475,192,11369,1,0,0:0:0:0:
109,192,11369,1,0,0:0:0:0:
256,192,11575,1,0,0:0:0:0:
36,192,11782,1,0,0:0:0:0:
329,192,11782,1,0,0:0:0:0:
182,192,11989,1,0,0:0:0:0:
329,192,12196,128,0,12610:0:0:0:0:
109,192,12196,1,0,0:0:0:0:
475,192,12196,1,0,0:0:0:0:
256,192,12403,1,0,0:0:0:0:
475,192,12610,1,0,0:0:0:0:
36,192,12610,1,0,0:0:0:0:
109,192,12713,1,0,0:0:0:0:
182,192,12817,1,0,0:0:0:0:
402,192,12817,1,0,0:0:0:0:
256,192,12920,1,0,0:0:0:0:
256,192,13024,1,0,0:0:0:0:
475,192,13024,1,0,0:0:0:0:
36,192,13024,1,0,0:0:0:0:
109,192,13127,1,0,0:0:0:0:
182,192,13231,1,0,0:0:0:0:
402,192,13231,1,0,0:0:0:0:
256,192,13334,1,0,0:0:0:0:
329,192,13438,1,0,0:0:0:0:
475,192,13438,1,0,0:0:0:0:
109,192,13438,1,0,0:0:0:0:
256,192,13644,1,0,0:0:0:0:
182,192,13644,1,0,0:0:0:0:
329,192,13748,1,0,0:0:0:0:
402,192,13851,1,0,0:0:0:0:
36,192,13851,1,0,0:0:0:0:
109,192,13851,1,0,0:0:0:0:
329,192,14058,1,0,0:0:0:0:
36,192,14058,1,0,0:0:0:0:
109,192,14058,1,0,0:0:0:0:
402,192,14162,1,0,0:0:0:0:
475,192,14265,1,0,0:0:0:0:
36,192,14265,1,0,0:0:0:0:
109,192,14265,1,0,0:0:0:0:
256,192,14472,5,0,0:0:0:0:
36,192,14472,1,0,0:0:0:0:
109,192,14472,1,0,0:0:0:0:
329,192,14541,1,0,0:0:0:0:
402,192,14610,1,0,0:0:0:0:
256,192,14679,1,4,0:0:0:0:
475,192,14679,1,0,0:0:0:0:
36,192,14679,1,0,0:0:0:0:
182,192,14679,1,0,0:0:0:0:
329,192,14782,1,0,0:0:0:0:
402,192,14886,1,0,0:0:0:0:
36,192,15093,1,0,0:0:0:0:
475,192,15093,1,0,0:0:0:0:
256,192,15196,1,0,0:0:0:0:
329,192,15300,1,0,0:0:0:0:
182,192,15403,1,0,0:0:0:0:
402,192,15506,1,0,0:0:0:0:
36,192,15506,1,0,0:0:0:0:
256,192,15506,1,0,0:0:0:0:
182,192,15610,1,0,0:0:0:0:
256,192,15713,1,0,0:0:0:0:
475,192,15920,1,0,0:0:0:0:
36,192,15920,1,0,0:0:0:0:
402,192,16024,1,0,0:0:0:0:
256,192,16127,1,0,0:0:0:0:
182,192,16231,1,0,0:0:0:0:
329,192,16334,1,0,0:0:0:0:
36,192,16334,1,0,0:0:0:0:
109,192,16334,1,0,0:0:0:0:
182,192,16438,1,0,0:0:0:0:
402,192,16541,1,0,0:0:0:0:
36,192,16748,1,0,0:0:0:0:
182,192,16748,1,0,0:0:0:0:
329,192,16851,1,0,0:0:0:0:
256,192,16955,1,0,0:0:0:0:
402,192,17058,1,0,0:0:0:0:
36,192,17162,1,0,0:0:0:0:
182,192,17162,1,0,0:0:0:0:
329,192,17162,1,0,0:0:0:0:
475,192,17265,1,0,0:0:0:0:
256,192,17369,1,0,0:0:0:0:
36,192,17575,1,0,0:0:0:0:
402,192,17575,1,0,0:0:0:0:
329,192,17679,1,0,0:0:0:0:
256,192,17782,1,0,0:0:0:0:
182,192,17782,1,0,0:0:0:0:
329,192,17851,1,0,0:0:0:0:
109,192,17886,1,0,0:0:0:0:
402,192,17920,1,0,0:0:0:0:
475,192,17989,1,0,0:0:0:0:
36,192,17989,1,0,0:0:0:0:
182,192,17989,1,0,0:0:0:0:
329,192,18093,1,0,0:0:0:0:
256,192,18196,1,0,0:0:0:0:
36,192,18403,1,0,0:0:0:0:
402,192,18403,1,0,0:0:0:0:
256,192,18506,1,0,0:0:0:0:
109,192,18610,1,0,0:0:0:0:
329,192,18713,1,0,0:0:0:0:
182,192,18713,1,0,0:0:0:0:
36,192,18817,1,0,0:0:0:0:
329,192,18817,1,0,0:0:0:0:
475,192,18817,1,0,0:0:0:0:
109,192,18920,1,0,0:0:0:0:
256,192,19024,1,0,0:0:0:0:
36,192,19231,1,0,0:0:0:0:
402,192,19231,1,0,0:0:0:0:
256,192,19334,1,0,0:0:0:0:
109,192,19438,1,0,0:0:0:0:
402,192,19541,1,0,0:0:0:0:
182,192,19541,1,0,0:0:0:0:
475,192,19644,1,0,0:0:0:0:
36,192,19644,1,0,0:0:0:0:
329,192,19644,1,0,0:0:0:0:
475,192,19748,1,0,0:0:0:0:
182,192,19748,1,0,0:0:0:0:
109,192,19851,1,0,0:0:0:0:
475,192,19955,1,0,0:0:0:0:
256,192,19955,1,0,0:0:0:0:
36,192,20058,1,0,0:0:0:0:
402,192,20058,1,0,0:0:0:0:
182,192,20058,1,0,0:0:0:0:
402,192,20162,1,0,0:0:0:0:
109,192,20162,1,0,0:0:0:0:
182,192,20265,1,0,0:0:0:0:
402,192,20369,1,0,0:0:0:0:
329,192,20369,1,0,0:0:0:0:
36,192,20472,1,0,0:0:0:0:
256,192,20472,1,0,0:0:0:0:
475,192,20472,1,0,0:0:0:0:
256,192,20575,1,0,0:0:0:0:
109,192,20575,1,0,0:0:0:0:
475,192,20679,1,0,0:0:0:0:
256,192,20782,1,0,0:0:0:0:
402,192,20782,1,0,0:0:0:0:
36,192,20886,1,0,0:0:0:0:
182,192,20886,1,0,0:0:0:0:
329,192,20886,1,0,0:0:0:0:
109,192,20989,1,0,0:0:0:0:
402,192,20989,1,0,0:0:0:0:
475,192,21093,1,0,0:0:0:0:
256,192,21093,1,0,0:0:0:0:
329,192,21162,1,0,0:0:0:0:
109,192,21196,1,0,0:0:0:0:
402,192,21231,1,0,0:0:0:0:
36,192,21300,1,0,0:0:0:0:
475,192,21300,1,0,0:0:0:0:
182,192,21300,1,0,0:0:0:0:
329,192,21403,1,0,0:0:0:0:
109,192,21506,1,0,0:0:0:0:
36,192,21713,1,0,0:0:0:0:
182,192,21713,1,0,0:0:0:0:
256,192,21817,1,0,0:0:0:0:
402,192,21920,1,0,0:0:0:0:
182,192,22024,1,0,0:0:0:0:
475,192,22024,1,0,0:0:0:0:
36,192,22127,1,0,0:0:0:0:
182,192,22127,1,0,0:0:0:0:
329,192,22127,1,0,0:0:0:0:
256,192,22231,1,0,0:0:0:0:
402,192,22334,1,0,0:0:0:0:
36,192,22541,1,0,0:0:0:0:
475,192,22541,1,0,0:0:0:0:
402,192,22644,1,0,0:0:0:0:
329,192,22748,1,0,0:0:0:0:
256,192,22851,1,0,0:0:0:0:
109,192,22851,1,0,0:0:0:0:
256,192,22955,1,0,0:0:0:0:
36,192,22955,1,0,0:0:0:0:
402,192,22955,1,0,0:0:0:0:
182,192,23058,1,0,0:0:0:0:
329,192,23162,1,0,0:0:0:0:
36,192,23369,1,0,0:0:0:0:
256,192,23369,1,0,0:0:0:0:
182,192,23472,1,0,0:0:0:0:
475,192,23472,1,0,0:0:0:0:
402,192,23575,1,0,0:0:0:0:
329,192,23679,1,0,0:0:0:0:
182,192,23679,1,0,0:0:0:0:
36,192,23782,1,0,0:0:0:0:
329,192,23782,1,0,0:0:0:0:
475,192,23782,1,0,0:0:0:0:
109,192,23886,1,0,0:0:0:0:
256,192,23989,1,0,0:0:0:0:
36,192,24196,1,0,0:0:0:0:
475,192,24196,1,0,0:0:0:0:
402,192,24300,1,0,0:0:0:0:
329,192,24403,1,0,0:0:0:0:
182,192,24403,1,0,0:0:0:0:
402,192,24506,1,0,0:0:0:0:
109,192,24506,1,0,0:0:0:0:
36,192,24610,1,0,0:0:0:0:
475,192,24610,1,0,0:0:0:0:
182,192,24713,1,0,0:0:0:0:
329,192,24817,1,0,0:0:0:0:
36,192,25024,1,0,0:0:0:0:
402,192,25024,1,0,0:0:0:0:
256,192,25127,1,0,0:0:0:0:
109,192,25231,1,0,0:0:0:0:
256,192,25334,1,0,0:0:0:0:
36,192,25438,1,0,0:0:0:0:
402,192,25438,1,0,0:0:0:0:
329,192,25438,1,0,0:0:0:0:
182,192,25541,1,0,0:0:0:0:
256,192,25644,1,0,0:0:0:0:
36,192,25851,1,0,0:0:0:0:
475,192,25851,1,0,0:0:0:0:
402,192,25955,1,0,0:0:0:0:
256,192,26058,1,0,0:0:0:0:
109,192,26162,1,0,0:0:0:0:
475,192,26265,1,0,0:0:0:0:
256,192,26265,1,0,0:0:0:0:
475,192,26369,1,0,0:0:0:0:
329,192,26369,1,0,0:0:0:0:
182,192,26369,1,0,0:0:0:0:
36,192,26472,1,0,0:0:0:0:
402,192,26472,1,0,0:0:0:0:
182,192,26575,1,0,0:0:0:0:
475,192,26575,1,0,0:0:0:0:
36,192,26679,1,0,0:0:0:0:
329,192,26679,1,0,0:0:0:0:
402,192,26679,1,0,0:0:0:0:
329,192,26782,1,0,0:0:0:0:
109,192,26782,1,0,0:0:0:0:
36,192,26886,1,0,0:0:0:0:
182,192,26989,1,0,0:0:0:0:
329,192,26989,1,0,0:0:0:0:
475,192,26989,1,0,0:0:0:0:
256,192,27093,1,0,0:0:0:0:
402,192,27093,1,0,0:0:0:0:
256,192,27196,1,0,0:0:0:0:
36,192,27196,1,0,0:0:0:0:
109,192,27196,1,0,0:0:0:0:
182,192,27300,1,0,0:0:0:0:
36,192,27403,1,0,0:0:0:0:
256,192,27403,1,0,0:0:0:0:
402,192,27403,1,0,0:0:0:0:
182,192,27506,1,0,0:0:0:0:
329,192,27506,1,0,0:0:0:0:
36,192,27610,1,0,0:0:0:0:
475,192,27610,1,0,0:0:0:0:
182,192,27713,1,0,0:0:0:0:
329,192,27713,1,0,0:0:0:0:
36,192,27817,1,0,0:0:0:0:
402,192,27817,1,0,0:0:0:0:
182,192,27920,1,8,0:0:0:0:
475,192,27920,128,0,28748:0:0:0:0:
329,192,27920,1,4,0:0:0:0:
36,192,28024,1,0,0:0:0:0:
109,192,28127,1,0,0:0:0:0:
182,192,28231,1,0,0:0:0:0:
329,192,28334,1,0,0:0:0:0:
36,192,28334,1,0,0:0:0:0:
256,192,28334,1,0,0:0:0:0:
402,192,28438,1,0,0:0:0:0:
182,192,28541,1,0,0:0:0:0:
109,192,28644,1,0,0:0:0:0:
402,192,28748,128,0,29575:0:0:0:0:
36,192,28748,1,0,0:0:0:0:
329,192,28748,1,8,0:0:0:0:
109,192,28851,1,0,0:0:0:0:
182,192,28955,1,0,0:0:0:0:
256,192,29058,1,0,0:0:0:0:
475,192,29162,1,0,0:0:0:0:
329,192,29162,1,0,0:0:0:0:
36,192,29162,1,0,0:0:0:0:
182,192,29265,1,0,0:0:0:0:
109,192,29369,1,0,0:0:0:0:
182,192,29472,1,0,0:0:0:0:
256,192,29575,128,0,30403:0:0:0:0:
475,192,29575,1,0,0:0:0:0:
36,192,29575,1,8,0:0:0:0:
109,192,29679,1,0,0:0:0:0:
402,192,29782,1,0,0:0:0:0:
475,192,29886,1,0,0:0:0:0:
182,192,29989,1,0,0:0:0:0:
36,192,29989,1,0,0:0:0:0:
329,192,29989,1,0,0:0:0:0:
402,192,30093,1,0,0:0:0:0:
475,192,30196,1,0,0:0:0:0:
109,192,30300,1,0,0:0:0:0:
182,192,30403,128,0,31024:0:0:0:0:
36,192,30403,1,8,0:0:0:0:
402,192,30403,1,0,0:0:0:0:
329,192,30506,1,0,0:0:0:0:
402,192,30610,1,0,0:0:0:0:
475,192,30713,1,0,0:0:0:0:
36,192,30817,1,0,0:0:0:0:
402,192,30817,1,0,0:0:0:0:
109,192,30817,1,0,0:0:0:0:
475,192,30920,1,0,0:0:0:0:
402,192,31024,1,0,0:0:0:0:
256,192,31024,1,0,0:0:0:0:
36,192,31127,1,0,0:0:0:0:
329,192,31127,1,0,0:0:0:0:
402,192,31231,128,0,32058:0:0:0:0:
475,192,31231,1,8,0:0:0:0:
109,192,31231,1,0,0:0:0:0:
182,192,31334,1,0,0:0:0:0:
109,192,31438,1,0,0:0:0:0:
36,192,31541,1,0,0:0:0:0:
256,192,31644,1,0,0:0:0:0:
475,192,31644,1,0,0:0:0:0:
182,192,31644,1,0,0:0:0:0:
109,192,31748,1,0,0:0:0:0:
182,192,31851,1,0,0:0:0:0:
256,192,31955,1,0,0:0:0:0:
329,192,32058,128,0,32886:0:0:0:0:
475,192,32058,1,0,0:0:0:0:
36,192,32058,1,8,0:0:0:0:
109,192,32162,1,0,0:0:0:0:
256,192,32265,1,0,0:0:0:0:
182,192,32369,1,0,0:0:0:0:
36,192,32472,1,0,0:0:0:0:
475,192,32472,1,0,0:0:0:0:
109,192,32472,1,0,0:0:0:0:
182,192,32575,1,0,0:0:0:0:
256,192,32679,1,0,0:0:0:0:
402,192,32782,1,0,0:0:0:0:
182,192,32886,128,0,33713:0:0:0:0:
475,192,32886,1,8,0:0:0:0:
36,192,32886,1,0,0:0:0:0:
402,192,32989,1,0,0:0:0:0:
329,192,33093,1,0,0:0:0:0:
109,192,33196,1,0,0:0:0:0:
402,192,33300,1,0,0:0:0:0:
36,192,33300,1,0,0:0:0:0:
256,192,33300,1,0,0:0:0:0:
402,192,33403,1,0,0:0:0:0:
329,192,33506,1,0,0:0:0:0:
402,192,33610,1,0,0:0:0:0:
109,192,33713,128,0,34334:0:0:0:0:
36,192,33713,1,8,0:0:0:0:
256,192,33713,1,0,0:0:0:0:
329,192,33817,1,0,0:0:0:0:
402,192,33920,1,0,0:0:0:0:
256,192,34024,1,0,0:0:0:0:
329,192,34127,1,0,0:0:0:0:
36,192,34127,1,0,0:0:0:0:
475,192,34127,1,0,0:0:0:0:
402,192,34231,1,0,0:0:0:0:
182,192,34334,1,0,0:0:0:0:
256,192,34334,1,0,0:0:0:0:
475,192,34438,1,0,0:0:0:0:
329,192,34438,1,0,0:0:0:0:
402,192,34541,128,0,35369:0:0:0:0:
36,192,34541,1,8,0:0:0:0:
109,192,34541,1,0,0:0:0:0:
182,192,34644,1,0,0:0:0:0:
256,192,34748,1,0,0:0:0:0:
329,192,34851,1,0,0:0:0:0:
36,192,34955,1,0,0:0:0:0:
475,192,34955,1,0,0:0:0:0:
256,192,34955,1,0,0:0:0:0:
109,192,35058,1,0,0:0:0:0:
182,192,35162,1,0,0:0:0:0:
36,192,35265,1,0,0:0:0:0:
329,192,35369,128,0,36196:0:0:0:0:
256,192,35369,1,0,0:0:0:0:
109,192,35369,1,8,0:0:0:0:
475,192,35472,1,0,0:0:0:0:
182,192,35575,1,0,0:0:0:0:
36,192,35679,1,0,0:0:0:0:
475,192,35782,1,0,0:0:0:0:
402,192,35782,1,0,0:0:0:0:
256,192,35782,1,0,0:0:0:0:
109,192,35886,1,0,0:0:0:0:
182,192,35989,1,0,0:0:0:0:
256,192,36093,1,0,0:0:0:0:
109,192,36196,128,0,37024:0:0:0:0:
475,192,36196,1,8,0:0:0:0:
36,192,36196,1,0,0:0:0:0:
182,192,36300,1,0,0:0:0:0:
329,192,36403,1,0,0:0:0:0:
256,192,36506,1,0,0:0:0:0:
329,192,36610,1,0,0:0:0:0:
36,192,36610,1,0,0:0:0:0:
402,192,36610,1,0,0:0:0:0:
475,192,36713,1,0,0:0:0:0:
329,192,36817,1,0,0:0:0:0:
402,192,36920,1,0,0:0:0:0:
36,192,37024,128,0,37644:0:0:0:0:
182,192,37024,1,0,0:0:0:0:
475,192,37024,1,8,0:0:0:0:
256,192,37127,1,0,0:0:0:0:
402,192,37231,1,0,0:0:0:0:
475,192,37334,1,0,0:0:0:0:
402,192,37438,1,0,0:0:0:0:
109,192,37438,1,0,0:0:0:0:
182,192,37438,1,0,0:0:0:0:
475,192,37541,1,0,0:0:0:0:
402,192,37644,1,0,0:0:0:0:
256,192,37644,1,0,0:0:0:0:
475,192,37748,1,0,0:0:0:0:
329,192,37748,1,0,0:0:0:0:
402,192,37851,128,0,38679:0:0:0:0:
182,192,37851,1,8,0:0:0:0:
36,192,37851,1,0,0:0:0:0:
256,192,37955,1,0,0:0:0:0:
182,192,38058,1,0,0:0:0:0:
109,192,38162,1,0,0:0:0:0:
475,192,38162,128,0,38679:0:0:0:0:
36,192,38265,1,0,0:0:0:0:
329,192,38265,1,0,0:0:0:0:
256,192,38265,1,0,0:0:0:0:
109,192,38369,1,0,0:0:0:0:
182,192,38472,1,0,0:0:0:0:
256,192,38575,1,0,0:0:0:0:
329,192,38679,128,0,39196:0:0:0:0:
36,192,38679,1,0,0:0:0:0:
182,192,38679,1,8,0:0:0:0:
109,192,38782,1,0,0:0:0:0:
182,192,38886,1,0,0:0:0:0:
36,192,38989,1,0,0:0:0:0:
182,192,39093,1,0,0:0:0:0:
402,192,39093,1,0,0:0:0:0:
475,192,39093,1,0,0:0:0:0:
256,192,39196,1,0,0:0:0:0:
109,192,39196,1,0,0:0:0:0:
329,192,39300,1,0,0:0:0:0:
182,192,39300,1,0,0:0:0:0:
402,192,39403,1,0,0:0:0:0:
256,192,39403,1,0,0:0:0:0:
329,192,39506,128,0,39920:0:0:0:0:
475,192,39506,1,0,0:0:0:0:
36,192,39506,1,8,0:0:0:0:
182,192,39610,1,0,0:0:0:0:
109,192,39713,1,0,0:0:0:0:
475,192,39713,1,0,0:0:0:0:
182,192,39817,1,0,0:0:0:0:
402,192,39817,1,0,0:0:0:0:
256,192,39920,128,0,40334:0:0:0:0:
36,192,39920,1,0,0:0:0:0:
109,192,39920,1,0,0:0:0:0:
475,192,39920,1,0,0:0:0:0:
402,192,40024,1,0,0:0:0:0:
36,192,40127,1,0,0:0:0:0:
329,192,40127,1,0,0:0:0:0:
109,192,40231,1,0,0:0:0:0:
402,192,40231,1,0,0:0:0:0:
182,192,40334,128,0,40748:0:0:0:0:
475,192,40334,1,8,0:0:0:0:
329,192,40334,1,0,0:0:0:0:
36,192,40438,1,0,0:0:0:0:
329,192,40541,1,0,0:0:0:0:
109,192,40541,1,0,0:0:0:0:
475,192,40541,1,8,0:0:0:0:
36,192,40644,1,0,0:0:0:0:
402,192,40644,1,0,0:0:0:0:
475,192,40748,128,0,41162:0:0:0:0:
109,192,40748,1,0,0:0:0:0:
329,192,40748,1,8,0:0:0:0:
182,192,40851,1,0,0:0:0:0:
256,192,40955,1,0,0:0:0:0:
402,192,40955,1,0,0:0:0:0:
36,192,40955,1,8,0:0:0:0:
109,192,41024,1,0,0:0:0:0:
329,192,41058,1,0,0:0:0:0:
182,192,41093,1,0,0:0:0:0:
402,192,41162,1,4,0:0:0:0:
256,192,41162,128,0,41989:0:0:0:0:
36,192,41162,1,8,0:0:0:0:
109,192,41162,1,0,0:0:0:0:
329,192,41265,1,0,0:0:0:0:
36,192,41369,1,0,0:0:0:0:
109,192,41472,1,0,0:0:0:0:
329,192,41575,1,0,0:0:0:0:
182,192,41575,1,0,0:0:0:0:
475,192,41575,1,0,0:0:0:0:
36,192,41679,1,0,0:0:0:0:
109,192,41782,1,0,0:0:0:0:
182,192,41886,1,0,0:0:0:0:
329,192,41989,128,0,42817:0:0:0:0:
402,192,41989,1,0,0:0:0:0:
36,192,41989,1,8,0:0:0:0:
475,192,42093,1,0,0:0:0:0:
182,192,42196,1,0,0:0:0:0:
36,192,42300,1,0,0:0:0:0:
256,192,42403,1,0,0:0:0:0:
475,192,42403,1,0,0:0:0:0:
402,192,42403,1,0,0:0:0:0:
109,192,42506,1,0,0:0:0:0:
182,192,42610,1,0,0:0:0:0:
256,192,42713,1,0,0:0:0:0:
182,192,42817,128,0,43644:0:0:0:0:
36,192,42817,1,8,0:0:0:0:
402,192,42817,1,0,0:0:0:0:
109,192,42920,1,0,0:0:0:0:
256,192,43024,1,0,0:0:0:0:
402,192,43127,1,0,0:0:0:0:
329,192,43231,1,0,0:0:0:0:
36,192,43231,1,0,0:0:0:0:
475,192,43231,1,0,0:0:0:0:
256,192,43334,1,0,0:0:0:0:
109,192,43438,1,0,0:0:0:0:
256,192,43541,1,0,0:0:0:0:
109,192,43644,128,0,44265:0:0:0:0:
402,192,43644,1,0,0:0:0:0:
475,192,43644,1,8,0:0:0:0:
36,192,43748,1,0,0:0:0:0:
182,192,43851,1,0,0:0:0:0:
329,192,43955,1,0,0:0:0:0:
36,192,44058,1,0,0:0:0:0:
475,192,44058,1,0,0:0:0:0:
402,192,44058,1,0,0:0:0:0:
329,192,44162,1,0,0:0:0:0:
402,192,44265,1,0,0:0:0:0:
182,192,44265,1,0,0:0:0:0:
256,192,44334,1,0,0:0:0:0:
475,192,44369,1,0,0:0:0:0:
329,192,44403,1,0,0:0:0:0:
402,192,44472,128,0,45196:0:0:0:0:
36,192,44472,1,8,0:0:0:0:
109,192,44472,1,0,0:0:0:0:
182,192,44575,1,0,0:0:0:0:
109,192,44679,1,0,0:0:0:0:
36,192,44782,1,0,0:0:0:0:
182,192,44886,1,0,0:0:0:0:
475,192,44886,1,0,0:0:0:0:
256,192,44886,1,0,0:0:0:0:
36,192,44989,1,0,0:0:0:0:
109,192,45093,1,0,0:0:0:0:
182,192,45196,1,0,0:0:0:0:
329,192,45196,1,0,0:0:0:0:
329,192,45300,128,0,46024:0:0:0:0:
36,192,45300,1,0,0:0:0:0:
475,192,45300,1,8,0:0:0:0:
109,192,45403,1,0,0:0:0:0:
182,192,45506,1,0,0:0:0:0:
109,192,45610,1,0,0:0:0:0:
182,192,45713,1,0,0:0:0:0:
475,192,45713,1,0,0:0:0:0:
402,192,45713,1,0,0:0:0:0:
256,192,45817,1,0,0:0:0:0:
109,192,45920,1,0,0:0:0:0:
256,192,46024,1,0,0:0:0:0:
36,192,46024,1,0,0:0:0:0:
402,192,46127,1,0,0:0:0:0:
182,192,46127,1,0,0:0:0:0:
475,192,46127,1,8,0:0:0:0:
402,192,46231,128,0,46438:0:0:0:0:
109,192,46231,1,0,0:0:0:0:
182,192,46334,1,0,0:0:0:0:
475,192,46438,1,0,0:0:0:0:
256,192,46438,1,0,0:0:0:0:
329,192,46541,1,0,0:0:0:0:
36,192,46541,1,0,0:0:0:0:
182,192,46541,1,0,0:0:0:0:
329,192,46644,128,0,46851:0:0:0:0:
109,192,46644,1,0,0:0:0:0:
182,192,46748,1,0,0:0:0:0:
402,192,46851,1,0,0:0:0:0:
109,192,46851,1,0,0:0:0:0:
256,192,46955,1,0,0:0:0:0:
36,192,46955,1,8,0:0:0:0:
475,192,46955,1,0,0:0:0:0:
256,192,47058,128,0,47265:0:0:0:0:
109,192,47058,1,0,0:0:0:0:
182,192,47162,1,0,0:0:0:0:
36,192,47265,1,0,0:0:0:0:
475,192,47265,1,0,0:0:0:0:
109,192,47369,1,0,0:0:0:0:
402,192,47369,1,0,0:0:0:0:
256,192,47369,1,0,0:0:0:0:
182,192,47472,1,0,0:0:0:0:
329,192,47472,1,0,0:0:0:0:
475,192,47575,1,0,0:0:0:0:
36,192,47575,1,0,0:0:0:0:
256,192,47575,1,0,0:0:0:0:
109,192,47644,1,0,0:0:0:0:
402,192,47679,1,0,0:0:0:0:
182,192,47713,1,0,0:0:0:0:
256,192,47782,128,0,48506:0:0:0:0:
329,192,47782,1,0,0:0:0:0:
36,192,47782,1,8,0:0:0:0:
475,192,47886,1,0,0:0:0:0:
182,192,47989,1,0,0:0:0:0:
402,192,48093,1,0,0:0:0:0:
475,192,48196,1,0,0:0:0:0:
36,192,48196,1,0,0:0:0:0:
329,192,48196,1,0,0:0:0:0:
109,192,48300,1,0,0:0:0:0:
329,192,48403,1,0,0:0:0:0:
182,192,48506,1,0,0:0:0:0:
402,192,48506,1,0,0:0:0:0:
182,192,48610,128,0,49334:0:0:0:0:
475,192,48610,1,8,0:0:0:0:
36,192,48610,1,0,0:0:0:0:
402,192,48713,1,0,0:0:0:0:
329,192,48817,1,0,0:0:0:0:
256,192,48920,1,0,0:0:0:0:
402,192,49024,1,0,0:0:0:0:
475,192,49024,1,0,0:0:0:0:
329,192,49024,1,0,0:0:0:0:
36,192,49127,1,0,0:0:0:0:
109,192,49231,1,0,0:0:0:0:
329,192,49334,1,0,0:0:0:0:
475,192,49334,1,0,0:0:0:0:
329,192,49438,128,0,50162:0:0:0:0:
109,192,49438,1,0,0:0:0:0:
36,192,49438,1,8,0:0:0:0:
256,192,49541,1,0,0:0:0:0:
402,192,49644,1,0,0:0:0:0:
182,192,49748,1,0,0:0:0:0:
402,192,49851,1,0,0:0:0:0:
36,192,49851,1,0,0:0:0:0:
109,192,49851,1,0,0:0:0:0:
475,192,49955,1,0,0:0:0:0:
36,192,50058,1,0,0:0:0:0:
402,192,50162,1,0,0:0:0:0:
109,192,50162,1,0,0:0:0:0:
402,192,50265,128,0,50886:0:0:0:0:
182,192,50265,1,0,0:0:0:0:
475,192,50265,1,8,0:0:0:0:
109,192,50369,1,0,0:0:0:0:
182,192,50472,1,0,0:0:0:0:
256,192,50575,1,0,0:0:0:0:
182,192,50679,1,0,0:0:0:0:
36,192,50679,1,0,0:0:0:0:
475,192,50679,1,0,0:0:0:0:
256,192,50782,1,0,0:0:0:0:
36,192,50886,1,0,0:0:0:0:
329,192,50886,1,0,0:0:0:0:
109,192,50989,1,0,0:0:0:0:
402,192,50989,1,0,0:0:0:0:
475,192,51093,128,0,51920:0:0:0:0:
256,192,51093,1,0,0:0:0:0:
36,192,51093,1,8,0:0:0:0:
182,192,51196,1,0,0:0:0:0:
109,192,51300,1,0,0:0:0:0:
36,192,51403,1,0,0:0:0:0:
329,192,51506,1,0,0:0:0:0:
256,192,51506,1,0,0:0:0:0:
402,192,51506,1,0,0:0:0:0:
109,192,51610,1,0,0:0:0:0:
182,192,51713,1,0,0:0:0:0:
256,192,51817,1,0,0:0:0:0:
36,192,51920,128,0,52748:0:0:0:0:
182,192,51920,1,0,0:0:0:0:
402,192,51920,1,8,0:0:0:0:
329,192,52024,1,0,0:0:0:0:
475,192,52127,1,0,0:0:0:0:
182,192,52231,1,0,0:0:0:0:
329,192,52334,1,0,0:0:0:0:
109,192,52334,1,0,0:0:0:0:
402,192,52334,1,0,0:0:0:0:
475,192,52438,1,0,0:0:0:0:
182,192,52541,1,0,0:0:0:0:
329,192,52644,1,0,0:0:0:0:
475,192,52748,1,0,0:0:0:0:
256,192,52748,1,8,0:0:0:0:
402,192,52748,1,0,0:0:0:0:
475,192,52851,128,0,53058:0:0:0:0:
182,192,52851,1,0,0:0:0:0:
109,192,52955,1,0,0:0:0:0:
402,192,53058,1,0,0:0:0:0:
36,192,53058,1,0,0:0:0:0:
329,192,53162,1,0,0:0:0:0:
109,192,53162,1,0,0:0:0:0:
182,192,53162,1,0,0:0:0:0:
329,192,53265,128,0,53472:0:0:0:0:
36,192,53265,1,0,0:0:0:0:
109,192,53369,1,0,0:0:0:0:
402,192,53472,1,0,0:0:0:0:
182,192,53472,1,0,0:0:0:0:
256,192,53575,1,0,0:0:0:0:
36,192,53575,1,8,0:0:0:0:
109,192,53575,1,0,0:0:0:0:
256,192,53679,128,0,53886:0:0:0:0:
475,192,53679,1,0,0:0:0:0:
402,192,53782,1,8,0:0:0:0:
109,192,53782,1,0,0:0:0:0:
329,192,53886,1,0,0:0:0:0:
36,192,53886,1,0,0:0:0:0:
36,192,53989,128,0,54403:0:0:0:0:
402,192,53989,1,0,0:0:0:0:
182,192,53989,1,8,0:0:0:0:
109,192,53989,1,0,0:0:0:0:
475,192,54093,1,0,0:0:0:0:
109,192,54196,1,0,0:0:0:0:
329,192,54196,1,8,0:0:0:0:
182,192,54300,1,0,0:0:0:0:
329,192,54403,128,0,60300:0:0:0:0:
475,192,54403,1,8,0:0:0:0:
256,192,54403,1,0,0:0:0:0:
402,192,54403,1,0,0:0:0:0:
109,192,54403,1,0,0:0:0:0:
402,192,55851,128,0,57817:0:0:0:0:
36,192,56265,128,0,58644:0:0:0:0:
475,192,56886,128,0,59369:0:0:0:0:
109,192,57817,128,0,60300:0:0:0:0:
182,192,58644,128,0,60300:0:0:0:0:
402,192,59369,128,0,60300:0:0:0:0:
256,192,60300,128,0,61024:0:0:0:0:
402,192,61024,1,0,0:0:0:0:
109,192,61024,1,0,0:0:0:0:
329,192,61851,1,0,0:0:0:0:
182,192,62265,1,0,0:0:0:0:
36,192,62679,1,0,0:0:0:0:
329,192,62679,1,0,0:0:0:0:
109,192,63093,1,0,0:0:0:0:
36,192,63506,1,0,0:0:0:0:
329,192,63506,1,0,0:0:0:0:
182,192,63713,1,0,0:0:0:0:
329,192,63920,1,0,0:0:0:0:
36,192,63920,1,0,0:0:0:0:
109,192,64127,1,0,0:0:0:0:
402,192,64127,1,0,0:0:0:0:
182,192,64334,1,0,0:0:0:0:
475,192,64334,1,0,0:0:0:0:
36,192,64541,1,0,0:0:0:0:
256,192,64748,1,0,0:0:0:0:
329,192,64955,1,0,0:0:0:0:
109,192,65162,1,0,0:0:0:0:
402,192,65162,1,0,0:0:0:0:
182,192,65265,1,0,0:0:0:0:
256,192,65369,1,0,0:0:0:0:
329,192,65472,1,0,0:0:0:0:
475,192,65575,1,0,0:0:0:0:
402,192,65679,1,0,0:0:0:0:
329,192,65782,1,0,0:0:0:0:
256,192,65886,1,0,0:0:0:0:
182,192,65989,1,0,0:0:0:0:
36,192,65989,1,0,0:0:0:0:
109,192,66610,1,0,0:0:0:0:
329,192,66713,1,0,0:0:0:0:
475,192,66817,1,0,0:0:0:0:
182,192,66817,1,0,0:0:0:0:
36,192,67231,1,0,0:0:0:0:
329,192,67231,1,0,0:0:0:0:
36,192,67644,1,0,0:0:0:0:
402,192,67644,1,0,0:0:0:0:
109,192,67713,1,0,0:0:0:0:
182,192,67782,1,0,0:0:0:0:
256,192,67851,1,0,0:0:0:0:
329,192,67920,1,0,0:0:0:0:
475,192,67989,1,0,0:0:0:0:
402,192,68058,1,0,0:0:0:0:
329,192,68127,1,0,0:0:0:0:
256,192,68196,1,0,0:0:0:0:
475,192,68265,1,0,0:0:0:0:
402,192,68334,1,0,0:0:0:0:
329,192,68403,1,0,0:0:0:0:
36,192,68472,1,0,0:0:0:0:
256,192,68472,1,0,0:0:0:0:
109,192,68541,1,0,0:0:0:0:
182,192,68610,1,0,0:0:0:0:
256,192,68679,1,0,0:0:0:0:
329,192,68748,1,0,0:0:0:0:
402,192,68817,1,0,0:0:0:0:
475,192,68886,1,0,0:0:0:0:
402,192,68955,1,0,0:0:0:0:
329,192,69024,1,0,0:0:0:0:
256,192,69093,1,0,0:0:0:0:
182,192,69162,1,0,0:0:0:0:
109,192,69231,1,0,0:0:0:0:
475,192,69300,1,0,0:0:0:0:
36,192,69300,1,0,0:0:0:0:
402,192,69369,1,0,0:0:0:0:
329,192,69438,1,0,0:0:0:0:
402,192,69506,1,0,0:0:0:0:
329,192,69575,1,0,0:0:0:0:
256,192,69644,1,0,0:0:0:0:
329,192,69713,1,0,0:0:0:0:
256,192,69782,1,0,0:0:0:0:
182,192,69851,1,0,0:0:0:0:
256,192,69920,1,0,0:0:0:0:
182,192,69989,1,0,0:0:0:0:
109,192,70058,1,0,0:0:0:0:
36,192,70127,1,0,0:0:0:0:
402,192,70127,1,0,0:0:0:0:
109,192,70196,1,0,0:0:0:0:
182,192,70265,1,0,0:0:0:0:
256,192,70334,1,0,0:0:0:0:
329,192,70403,1,0,0:0:0:0:
402,192,70472,1,0,0:0:0:0:
475,192,70541,1,0,0:0:0:0:
402,192,70610,1,0,0:0:0:0:
329,192,70679,1,0,0:0:0:0:
256,192,70748,1,0,0:0:0:0:
182,192,70817,1,0,0:0:0:0:
109,192,70886,1,0,0:0:0:0:
36,192,70955,1,0,0:0:0:0:
329,192,70955,1,0,0:0:0:0:
109,192,71024,1,0,0:0:0:0:
182,192,71093,1,0,0:0:0:0:
256,192,71162,1,0,0:0:0:0:
329,192,71231,1,0,0:0:0:0:
402,192,71300,1,0,0:0:0:0:
36,192,71369,1,0,0:0:0:0:
109,192,71438,1,0,0:0:0:0:
182,192,71506,1,0,0:0:0:0:
256,192,71575,1,0,0:0:0:0:
329,192,71644,1,0,0:0:0:0:
402,192,71713,1,0,0:0:0:0:
475,192,71782,1,0,0:0:0:0:
402,192,71851,1,0,0:0:0:0:
329,192,71920,1,0,0:0:0:0:
256,192,71989,1,0,0:0:0:0:
182,192,72058,1,0,0:0:0:0:
109,192,72127,1,0,0:0:0:0:
475,192,72196,1,0,0:0:0:0:
402,192,72265,1,0,0:0:0:0:
329,192,72334,1,0,0:0:0:0:
256,192,72403,1,0,0:0:0:0:
182,192,72472,1,0,0:0:0:0:
109,192,72541,1,0,0:0:0:0:
36,192,72610,1,0,0:0:0:0:
329,192,72610,1,0,0:0:0:0:
109,192,73024,1,0,0:0:0:0:
256,192,73093,1,0,0:0:0:0:
182,192,73438,1,0,0:0:0:0:
402,192,73438,1,0,0:0:0:0:
475,192,73851,1,0,0:0:0:0:
256,192,73851,1,0,0:0:0:0:
36,192,74265,1,4,0:0:0:0:
475,192,74265,1,0,0:0:0:0:
329,192,74265,1,0,0:0:0:0:
256,192,74265,1,0,0:0:0:0:
329,192,74472,1,0,0:0:0:0:
109,192,74472,1,0,0:0:0:0:
475,192,74575,1,0,0:0:0:0:
36,192,74679,1,0,0:0:0:0:
182,192,74679,1,0,0:0:0:0:
329,192,74782,1,0,0:0:0:0:
475,192,74886,1,0,0:0:0:0:
329,192,74989,1,0,0:0:0:0:
109,192,74989,1,0,0:0:0:0:
475,192,75093,1,0,0:0:0:0:
329,192,75300,1,8,0:0:0:0:
109,192,75300,1,0,0:0:0:0:
475,192,75403,1,0,0:0:0:0:
182,192,75506,1,0,0:0:0:0:
36,192,75506,1,0,0:0:0:0:
329,192,75610,1,0,0:0:0:0:
475,192,75713,1,0,0:0:0:0:
329,192,75817,1,0,0:0:0:0:
256,192,75920,1,0,0:0:0:0:
475,192,75920,1,8,0:0:0:0:
109,192,76127,1,0,0:0:0:0:
402,192,76127,1,0,0:0:0:0:
256,192,76231,1,0,0:0:0:0:
329,192,76334,1,0,0:0:0:0:
475,192,76334,1,0,0:0:0:0:
109,192,76438,1,0,0:0:0:0:
256,192,76541,1,0,0:0:0:0:
402,192,76644,1,0,0:0:0:0:
109,192,76644,1,0,0:0:0:0:
256,192,76748,1,0,0:0:0:0:
402,192,76955,1,8,0:0:0:0:
109,192,76955,1,0,0:0:0:0:
256,192,77058,1,0,0:0:0:0:
329,192,77162,1,0,0:0:0:0:
475,192,77162,1,0,0:0:0:0:
109,192,77265,1,0,0:0:0:0:
256,192,77369,1,0,0:0:0:0:
109,192,77472,1,0,0:0:0:0:
329,192,77575,1,0,0:0:0:0:
475,192,77575,1,8,0:0:0:0:
182,192,77782,1,0,0:0:0:0:
36,192,77782,1,0,0:0:0:0:
329,192,77886,1,0,0:0:0:0:
36,192,77989,1,0,0:0:0:0:
475,192,77989,1,0,0:0:0:0:
182,192,78093,1,0,0:0:0:0:
329,192,78196,1,0,0:0:0:0:
182,192,78300,1,0,0:0:0:0:
475,192,78300,1,0,0:0:0:0:
402,192,78403,1,0,0:0:0:0:
256,192,78610,1,8,0:0:0:0:
109,192,78610,1,0,0:0:0:0:
402,192,78713,1,0,0:0:0:0:
36,192,78817,1,0,0:0:0:0:
475,192,78817,1,0,0:0:0:0:
256,192,78920,1,0,0:0:0:0:
402,192,79024,1,0,0:0:0:0:
256,192,79127,1,0,0:0:0:0:
36,192,79231,1,0,0:0:0:0:
475,192,79231,1,0,0:0:0:0:
329,192,79334,1,0,0:0:0:0:
475,192,79438,1,0,0:0:0:0:
109,192,79541,1,0,0:0:0:0:
182,192,79644,1,0,0:0:0:0:
475,192,79644,1,0,0:0:0:0:
36,192,79644,1,0,0:0:0:0:
256,192,79748,1,0,0:0:0:0:
329,192,79851,1,0,0:0:0:0:
402,192,79955,1,0,0:0:0:0:
36,192,79955,1,0,0:0:0:0:
475,192,80058,1,0,0:0:0:0:
329,192,80162,1,0,0:0:0:0:
402,192,80265,1,0,0:0:0:0:
36,192,80265,1,8,0:0:0:0:
256,192,80369,1,0,0:0:0:0:
329,192,80472,1,0,0:0:0:0:
36,192,80472,1,0,0:0:0:0:
475,192,80472,1,0,0:0:0:0:
182,192,80575,1,0,0:0:0:0:
256,192,80679,1,0,0:0:0:0:
109,192,80782,1,0,0:0:0:0:
402,192,80886,128,0,81093:0:0:0:0:
256,192,80886,1,4,0:0:0:0:
475,192,80886,1,0,0:0:0:0:
36,192,80886,1,0,0:0:0:0:
109,192,80989,128,0,81196:0:0:0:0:
329,192,81093,128,0,81300:0:0:0:0:
36,192,81196,128,0,81403:0:0:0:0:
402,192,81300,128,0,81506:0:0:0:0:
256,192,81300,1,0,0:0:0:0:
109,192,81403,128,0,81610:0:0:0:0:
329,192,81506,128,0,81713:0:0:0:0:
36,192,81610,128,0,81817:0:0:0:0:
402,192,81713,128,0,81920:0:0:0:0:
109,192,81817,128,0,82024:0:0:0:0:
329,192,81920,128,8,82127:0:0:0:0:
36,192,82024,128,0,82231:0:0:0:0:
402,192,82127,128,0,82334:0:0:0:0:
256,192,82127,1,0,0:0:0:0:
109,192,82231,128,0,82438:0:0:0:0:
329,192,82334,128,0,82541:0:0:0:0:
36,192,82438,128,0,82644:0:0:0:0:
475,192,82541,128,8,82748:0:0:0:0:
182,192,82644,128,0,82851:0:0:0:0:
402,192,82748,128,0,82955:0:0:0:0:
109,192,82851,128,0,83058:0:0:0:0:
475,192,82955,128,0,83162:0:0:0:0:
256,192,82955,1,0,0:0:0:0:
182,192,83058,128,0,83265:0:0:0:0:
402,192,83162,128,0,83369:0:0:0:0:
109,192,83265,128,0,83472:0:0:0:0:
475,192,83369,128,0,83575:0:0:0:0:
182,192,83472,128,0,83679:0:0:0:0:
402,192,83575,128,8,83782:0:0:0:0:
109,192,83679,128,0,83886:0:0:0:0:
475,192,83782,128,0,83989:0:0:0:0:
256,192,83782,1,0,0:0:0:0:
182,192,83886,128,0,84093:0:0:0:0:
402,192,83989,128,0,84196:0:0:0:0:
109,192,84093,128,0,84300:0:0:0:0:
475,192,84196,128,8,84403:0:0:0:0:
329,192,84300,128,0,84506:0:0:0:0:
36,192,84403,128,0,84713:0:0:0:0:
109,192,84506,128,0,84817:0:0:0:0:
182,192,84610,128,0,84920:0:0:0:0:
256,192,84713,128,0,85024:0:0:0:0:
329,192,84817,128,0,85127:0:0:0:0:
402,192,84920,128,0,85231:0:0:0:0:
475,192,85024,128,8,85334:0:0:0:0:
36,192,85127,128,0,86472:0:0:0:0:
109,192,85231,128,8,85748:0:0:0:0:
182,192,85334,128,0,85644:0:0:0:0:
402,192,85438,128,0,85955:0:0:0:0:
475,192,85541,128,0,85851:0:0:0:0:
329,192,85644,128,0,86058:0:0:0:0:
182,192,85748,128,0,86162:0:0:0:0:
109,192,85851,128,8,86265:0:0:0:0:
475,192,85955,128,0,87506:0:0:0:0:
402,192,86058,128,0,87093:0:0:0:0:
329,192,86162,128,0,86575:0:0:0:0:
182,192,86265,128,0,86369:0:0:0:0:
109,192,86369,128,0,86782:0:0:0:0:
182,192,86472,128,0,86679:0:0:0:0:
36,192,86575,128,0,86886:0:0:0:0:
329,192,86679,128,8,86989:0:0:0:0:
182,192,86782,128,8,87196:0:0:0:0:
109,192,86886,128,8,87093:0:0:0:0:
36,192,86989,128,8,87300:0:0:0:0:
329,192,87093,128,0,87300:0:0:0:0:
109,192,87196,128,0,87403:0:0:0:0:
402,192,87196,128,0,87403:0:0:0:0:
182,192,87300,128,8,87506:0:0:0:0:
36,192,87506,128,0,87610:0:0:0:0:
109,192,87506,128,0,87610:0:0:0:0:
329,192,87506,1,0,0:0:0:0:
256,192,87713,1,0,0:0:0:0:
402,192,87817,1,0,0:0:0:0:
475,192,87920,1,0,0:0:0:0:
109,192,87920,1,0,0:0:0:0:
182,192,88127,1,0,0:0:0:0:
329,192,88334,1,0,0:0:0:0:
182,192,88334,128,0,88438:0:0:0:0:
109,192,88334,128,0,88438:0:0:0:0:
402,192,88438,1,0,0:0:0:0:
329,192,88541,1,0,0:0:0:0:
256,192,88644,1,0,0:0:0:0:
182,192,88748,1,0,0:0:0:0:
475,192,88748,1,0,0:0:0:0:
36,192,88955,1,0,0:0:0:0:
402,192,89162,128,0,89265:0:0:0:0:
475,192,89162,128,0,89265:0:0:0:0:
109,192,89162,1,0,0:0:0:0:
109,192,89369,1,0,0:0:0:0:
182,192,89472,1,0,0:0:0:0:
256,192,89575,1,0,0:0:0:0:
36,192,89575,1,0,0:0:0:0:
109,192,89782,1,0,0:0:0:0:
182,192,89989,1,0,0:0:0:0:
329,192,89989,128,0,90093:0:0:0:0:
402,192,89989,128,0,90093:0:0:0:0:
256,192,90093,1,0,0:0:0:0:
182,192,90196,1,0,0:0:0:0:
109,192,90300,1,0,0:0:0:0:
36,192,90403,1,0,0:0:0:0:
329,192,90403,1,0,0:0:0:0:
256,192,90610,1,0,0:0:0:0:
329,192,90817,128,0,91644:0:0:0:0:
475,192,90817,1,8,0:0:0:0:
36,192,90817,1,0,0:0:0:0:
109,192,90920,1,0,0:0:0:0:
182,192,91024,1,0,0:0:0:0:
109,192,91127,1,0,0:0:0:0:
36,192,91231,1,0,0:0:0:0:
475,192,91231,1,0,0:0:0:0:
256,192,91231,1,0,0:0:0:0:
109,192,91334,1,0,0:0:0:0:
182,192,91438,1,0,0:0:0:0:
109,192,91541,1,0,0:0:0:0:
475,192,91644,1,8,0:0:0:0:
36,192,91644,1,0,0:0:0:0:
182,192,91644,128,0,92472:0:0:0:0:
402,192,91748,1,0,0:0:0:0:
329,192,91851,1,0,0:0:0:0:
402,192,91955,1,0,0:0:0:0:
475,192,92058,1,0,0:0:0:0:
256,192,92058,1,0,0:0:0:0:
36,192,92058,1,0,0:0:0:0:
402,192,92162,1,0,0:0:0:0:
329,192,92265,1,0,0:0:0:0:
402,192,92369,1,0,0:0:0:0:
475,192,92472,128,0,93300:0:0:0:0:
256,192,92472,1,0,0:0:0:0:
36,192,92472,1,8,0:0:0:0:
329,192,92575,1,0,0:0:0:0:
402,192,92679,1,0,0:0:0:0:
329,192,92782,1,0,0:0:0:0:
36,192,92886,1,0,0:0:0:0:
256,192,92886,1,0,0:0:0:0:
109,192,92886,1,0,0:0:0:0:
182,192,92989,1,0,0:0:0:0:
109,192,93093,1,0,0:0:0:0:
36,192,93196,1,0,0:0:0:0:
329,192,93300,128,0,94127:0:0:0:0:
402,192,93300,1,0,0:0:0:0:
256,192,93300,1,8,0:0:0:0:
182,192,93403,1,8,0:0:0:0:
475,192,93403,1,0,0:0:0:0:
109,192,93506,1,0,0:0:0:0:
36,192,93610,1,0,0:0:0:0:
256,192,93610,1,8,0:0:0:0:
402,192,93713,1,0,0:0:0:0:
475,192,93713,1,0,0:0:0:0:
182,192,93713,1,0,0:0:0:0:
36,192,93817,1,0,0:0:0:0:
256,192,93920,1,0,0:0:0:0:
182,192,93920,1,0,0:0:0:0:
109,192,94024,1,0,0:0:0:0:
36,192,94127,1,8,0:0:0:0:
402,192,94127,128,0,94231:0:0:0:0:
475,192,94127,128,0,94231:0:0:0:0:
182,192,94127,1,0,0:0:0:0:
182,192,94334,1,0,0:0:0:0:
36,192,94541,1,8,0:0:0:0:
402,192,94541,128,0,94644:0:0:0:0:
475,192,94541,128,0,94644:0:0:0:0:
182,192,94541,1,0,0:0:0:0:
182,192,94748,1,0,0:0:0:0:
36,192,94955,1,8,0:0:0:0:
475,192,94955,128,0,95058:0:0:0:0:
402,192,94955,128,0,95058:0:0:0:0:
182,192,94955,1,0,0:0:0:0:
256,192,95058,1,0,0:0:0:0:
329,192,95162,1,0,0:0:0:0:
402,192,95265,1,0,0:0:0:0:
109,192,95369,128,0,95472:0:0:0:0:
182,192,95369,128,0,95472:0:0:0:0:
475,192,95369,1,8,0:0:0:0:
36,192,95369,1,0,0:0:0:0:
256,192,95575,1,0,0:0:0:0:
36,192,95782,128,0,95886:0:0:0:0:
109,192,95782,128,0,95886:0:0:0:0:
329,192,95782,1,0,0:0:0:0:
475,192,95782,1,8,0:0:0:0:
329,192,95989,1,0,0:0:0:0:
36,192,96196,128,0,96300:0:0:0:0:
109,192,96196,128,0,96300:0:0:0:0:
475,192,96196,1,8,0:0:0:0:
329,192,96196,1,0,0:0:0:0:
182,192,96300,1,0,0:0:0:0:
402,192,96403,1,0,0:0:0:0:
256,192,96506,1,0,0:0:0:0:
475,192,96610,1,8,0:0:0:0:
109,192,96610,128,0,96713:0:0:0:0:
182,192,96610,128,0,96713:0:0:0:0:
36,192,96610,1,0,0:0:0:0:
329,192,96713,1,0,0:0:0:0:
402,192,96817,1,0,0:0:0:0:
475,192,96920,1,0,0:0:0:0:
402,192,97024,1,8,0:0:0:0:
109,192,97024,128,0,97127:0:0:0:0:
182,192,97024,128,0,97127:0:0:0:0:
36,192,97024,1,0,0:0:0:0:
329,192,97127,1,0,0:0:0:0:
256,192,97231,1,0,0:0:0:0:
182,192,97334,1,0,0:0:0:0:
109,192,97438,1,8,0:0:0:0:
475,192,97438,1,8,0:0:0:0:
36,192,97541,1,0,0:0:0:0:
182,192,97644,1,0,0:0:0:0:
475,192,97644,1,8,0:0:0:0:
109,192,97748,1,0,0:0:0:0:
402,192,97851,1,0,0:0:0:0:
475,192,97851,1,0,0:0:0:0:
329,192,97955,1,0,0:0:0:0:
256,192,98058,1,0,0:0:0:0:
475,192,98058,1,8,0:0:0:0:
182,192,98162,1,0,0:0:0:0:
36,192,98265,1,0,0:0:0:0:
475,192,98265,1,8,0:0:0:0:
109,192,98369,1,0,0:0:0:0:
182,192,98472,1,0,0:0:0:0:
475,192,98472,1,8,0:0:0:0:
256,192,98575,1,0,0:0:0:0:
475,192,98679,1,8,0:0:0:0:
36,192,98679,1,0,0:0:0:0:
329,192,98782,1,0,0:0:0:0:
182,192,98886,1,0,0:0:0:0:
475,192,98886,1,8,0:0:0:0:
36,192,98989,1,0,0:0:0:0:
182,192,99093,1,0,0:0:0:0:
402,192,99093,1,8,0:0:0:0:
256,192,99196,1,0,0:0:0:0:
475,192,99196,1,0,0:0:0:0:
329,192,99300,1,0,0:0:0:0:
36,192,99300,1,0,0:0:0:0:
402,192,99403,1,0,0:0:0:0:
109,192,99403,1,0,0:0:0:0:
475,192,99506,1,0,0:0:0:0:
256,192,99506,1,0,0:0:0:0:
182,192,99610,1,0,0:0:0:0:
329,192,99610,1,0,0:0:0:0:
109,192,99713,1,0,0:0:0:0:
402,192,99713,1,0,0:0:0:0:
36,192,99817,1,0,0:0:0:0:
475,192,99817,1,0,0:0:0:0:
402,192,99920,1,0,0:0:0:0:
182,192,99920,1,0,0:0:0:0:
329,192,100024,1,0,0:0:0:0:
109,192,100024,1,0,0:0:0:0:
256,192,100127,1,0,0:0:0:0:
36,192,100127,1,0,0:0:0:0:
182,192,100231,1,0,0:0:0:0:
475,192,100231,1,0,0:0:0:0:
402,192,100334,1,0,0:0:0:0:
109,192,100334,1,0,0:0:0:0:
329,192,100438,1,0,0:0:0:0:
36,192,100438,1,0,0:0:0:0:
109,192,100541,1,0,0:0:0:0:
402,192,100541,1,0,0:0:0:0:
182,192,100644,1,0,0:0:0:0:
475,192,100644,1,0,0:0:0:0:
36,192,102403,1,0,0:0:0:0:
329,192,102403,1,0,0:0:0:0:
475,192,102403,1,4,0:0:0:0:
109,192,102403,1,0,0:0:0:0:
182,192,102610,1,0,0:0:0:0:
402,192,102610,1,0,0:0:0:0:
329,192,102713,1,0,0:0:0:0:
36,192,102817,1,0,0:0:0:0:
402,192,102817,1,0,0:0:0:0:
109,192,102817,1,0,0:0:0:0:
182,192,102920,1,0,0:0:0:0:
256,192,102920,1,0,0:0:0:0:
329,192,103024,1,0,0:0:0:0:
36,192,103024,1,0,0:0:0:0:
182,192,103127,1,0,0:0:0:0:
329,192,103231,1,0,0:0:0:0:
36,192,103231,1,8,0:0:0:0:
329,192,103438,1,0,0:0:0:0:
36,192,103438,1,0,0:0:0:0:
36,192,103644,1,0,0:0:0:0:
475,192,103644,1,0,0:0:0:0:
329,192,103644,1,0,0:0:0:0:
182,192,103748,1,0,0:0:0:0:
402,192,103748,1,0,0:0:0:0:
329,192,103851,1,0,0:0:0:0:
36,192,103851,1,0,0:0:0:0:
182,192,103955,1,0,0:0:0:0:
402,192,103955,1,0,0:0:0:0:
475,192,104058,1,8,0:0:0:0:
256,192,104058,1,0,0:0:0:0:
109,192,104265,1,0,0:0:0:0:
402,192,104265,1,0,0:0:0:0:
256,192,104369,1,0,0:0:0:0:
475,192,104472,1,0,0:0:0:0:
36,192,104472,1,0,0:0:0:0:
109,192,104575,1,0,0:0:0:0:
402,192,104575,1,0,0:0:0:0:
256,192,104679,1,0,0:0:0:0:
329,192,104679,1,0,0:0:0:0:
109,192,104782,1,0,0:0:0:0:
402,192,104782,1,0,0:0:0:0:
256,192,104886,1,0,0:0:0:0:
329,192,104886,1,8,0:0:0:0:
256,192,105093,1,0,0:0:0:0:
329,192,105093,1,0,0:0:0:0:
256,192,105300,1,0,0:0:0:0:
329,192,105300,1,0,0:0:0:0:
36,192,105300,1,0,0:0:0:0:
182,192,105403,1,0,0:0:0:0:
475,192,105403,1,0,0:0:0:0:
402,192,105506,1,0,0:0:0:0:
109,192,105506,1,0,0:0:0:0:
182,192,105610,1,0,0:0:0:0:
475,192,105610,1,0,0:0:0:0:
36,192,105713,1,0,0:0:0:0:
329,192,105713,1,0,0:0:0:0:
109,192,105817,1,0,0:0:0:0:
182,192,105920,1,0,0:0:0:0:
402,192,105920,1,0,0:0:0:0:
256,192,106024,1,0,0:0:0:0:
475,192,106024,1,0,0:0:0:0:
256,192,106127,1,0,0:0:0:0:
36,192,106127,1,0,0:0:0:0:
475,192,106127,1,0,0:0:0:0:
329,192,106231,1,0,0:0:0:0:
109,192,106231,1,0,0:0:0:0:
402,192,106334,1,0,0:0:0:0:
182,192,106334,1,0,0:0:0:0:
475,192,106438,1,0,0:0:0:0:
256,192,106438,1,0,0:0:0:0:
329,192,106541,1,0,0:0:0:0:
109,192,106541,1,0,0:0:0:0:
182,192,106644,1,0,0:0:0:0:
402,192,106748,1,0,0:0:0:0:
256,192,106748,1,0,0:0:0:0:
36,192,106748,1,0,0:0:0:0:
329,192,106851,1,0,0:0:0:0:
109,192,106851,1,0,0:0:0:0:
256,192,106955,1,0,0:0:0:0:
475,192,106955,1,0,0:0:0:0:
36,192,106955,1,0,0:0:0:0:
329,192,107058,1,0,0:0:0:0:
109,192,107058,1,0,0:0:0:0:
256,192,107162,1,0,0:0:0:0:
475,192,107162,1,0,0:0:0:0:
402,192,107265,1,0,0:0:0:0:
36,192,107369,1,0,0:0:0:0:
329,192,107369,1,0,0:0:0:0:
256,192,107472,1,0,0:0:0:0:
402,192,107575,1,0,0:0:0:0:
182,192,107575,1,0,0:0:0:0:
109,192,107679,1,0,0:0:0:0:
329,192,107679,1,0,0:0:0:0:
475,192,107782,1,0,0:0:0:0:
256,192,107782,1,0,0:0:0:0:
109,192,107782,1,0,0:0:0:0:
402,192,107886,1,0,0:0:0:0:
182,192,107886,1,0,0:0:0:0:
475,192,107989,1,0,0:0:0:0:
256,192,107989,1,0,0:0:0:0:
182,192,108093,1,0,0:0:0:0:
402,192,108093,1,0,0:0:0:0:
256,192,108196,1,0,0:0:0:0:
475,192,108196,1,0,0:0:0:0:
182,192,108300,1,0,0:0:0:0:
109,192,108403,1,0,0:0:0:0:
329,192,108403,1,0,0:0:0:0:
36,192,108506,1,0,0:0:0:0:
256,192,108506,1,0,0:0:0:0:
36,192,108610,1,0,0:0:0:0:
182,192,108610,1,0,0:0:0:0:
402,192,108610,1,0,0:0:0:0:
256,192,108713,1,0,0:0:0:0:
475,192,108713,1,0,0:0:0:0:
182,192,108817,1,0,0:0:0:0:
402,192,108817,1,0,0:0:0:0:
109,192,108920,1,0,0:0:0:0:
329,192,108920,1,0,0:0:0:0:
36,192,109024,1,0,0:0:0:0:
256,192,109024,1,0,0:0:0:0:
109,192,109127,1,0,0:0:0:0:
402,192,109231,1,0,0:0:0:0:
182,192,109231,1,0,0:0:0:0:
329,192,109334,1,0,0:0:0:0:
475,192,109438,1,0,0:0:0:0:
36,192,109438,1,0,0:0:0:0:
256,192,109438,1,0,0:0:0:0:
402,192,109541,1,0,0:0:0:0:
109,192,109541,1,0,0:0:0:0:
329,192,109644,1,0,0:0:0:0:
182,192,109644,1,0,0:0:0:0:
402,192,109748,1,0,0:0:0:0:
109,192,109748,1,0,0:0:0:0:
475,192,109851,1,0,0:0:0:0:
36,192,109851,1,0,0:0:0:0:
256,192,109955,1,0,0:0:0:0:
109,192,110058,1,0,0:0:0:0:
402,192,110058,1,0,0:0:0:0:
182,192,110162,1,0,0:0:0:0:
329,192,110162,1,0,0:0:0:0:
475,192,110265,1,0,0:0:0:0:
36,192,110265,1,0,0:0:0:0:
256,192,110265,1,0,0:0:0:0:
109,192,110369,1,0,0:0:0:0:
402,192,110369,1,0,0:0:0:0:
329,192,110472,1,0,0:0:0:0:
182,192,110472,1,0,0:0:0:0:
109,192,110575,1,0,0:0:0:0:
402,192,110575,1,0,0:0:0:0:
475,192,110679,1,0,0:0:0:0:
36,192,110679,1,0,0:0:0:0:
256,192,110782,1,0,0:0:0:0:
402,192,110886,1,0,0:0:0:0:
109,192,110886,1,0,0:0:0:0:
329,192,110989,1,0,0:0:0:0:
182,192,110989,1,0,0:0:0:0:
475,192,111093,1,0,0:0:0:0:
36,192,111093,1,0,0:0:0:0:
256,192,111093,1,0,0:0:0:0:
329,192,111196,1,0,0:0:0:0:
182,192,111196,1,0,0:0:0:0:
109,192,111300,1,0,0:0:0:0:
402,192,111300,1,0,0:0:0:0:
182,192,111403,1,0,0:0:0:0:
329,192,111403,1,0,0:0:0:0:
475,192,111506,1,0,0:0:0:0:
36,192,111506,1,0,0:0:0:0:
256,192,111610,1,0,0:0:0:0:
109,192,111713,1,0,0:0:0:0:
402,192,111713,1,0,0:0:0:0:
182,192,111817,1,0,0:0:0:0:
329,192,111817,1,0,0:0:0:0:
36,192,111920,1,0,0:0:0:0:
475,192,111920,1,0,0:0:0:0:
256,192,111920,1,0,0:0:0:0:
109,192,112024,1,0,0:0:0:0:
402,192,112024,1,0,0:0:0:0:
182,192,112127,1,0,0:0:0:0:
329,192,112127,1,0,0:0:0:0:
109,192,112231,1,0,0:0:0:0:
402,192,112231,1,0,0:0:0:0:
475,192,112334,1,0,0:0:0:0:
36,192,112334,1,0,0:0:0:0:
109,192,112438,1,0,0:0:0:0:
182,192,112541,1,0,0:0:0:0:
402,192,112541,1,0,0:0:0:0:
256,192,112644,1,0,0:0:0:0:
475,192,112644,1,0,0:0:0:0:
182,192,112748,1,0,0:0:0:0:
402,192,112748,1,0,0:0:0:0:
36,192,112748,1,0,0:0:0:0:
256,192,112851,1,0,0:0:0:0:
475,192,112851,1,0,0:0:0:0:
329,192,112955,1,0,0:0:0:0:
109,192,112955,1,0,0:0:0:0:
402,192,113058,1,0,0:0:0:0:
182,192,113058,1,0,0:0:0:0:
256,192,113162,1,0,0:0:0:0:
36,192,113162,1,0,0:0:0:0:
329,192,113265,1,0,0:0:0:0:
182,192,113369,1,0,0:0:0:0:
475,192,113369,1,0,0:0:0:0:
329,192,113472,1,0,0:0:0:0:
36,192,113472,1,0,0:0:0:0:
109,192,113575,1,0,0:0:0:0:
402,192,113575,1,0,0:0:0:0:
182,192,113679,1,0,0:0:0:0:
475,192,113679,1,0,0:0:0:0:
109,192,113782,1,0,0:0:0:0:
402,192,113782,1,0,0:0:0:0:
36,192,113886,1,0,0:0:0:0:
329,192,113886,1,0,0:0:0:0:
475,192,113989,1,0,0:0:0:0:
182,192,113989,1,0,0:0:0:0:
402,192,114093,1,0,0:0:0:0:
329,192,114196,1,0,0:0:0:0:
109,192,114196,1,0,0:0:0:0:
256,192,114300,1,0,0:0:0:0:
36,192,114300,1,0,0:0:0:0:
182,192,114403,1,0,0:0:0:0:
475,192,114403,1,0,0:0:0:0:
329,192,114403,1,0,0:0:0:0:
109,192,114506,1,0,0:0:0:0:
402,192,114506,1,0,0:0:0:0:
475,192,114610,1,0,0:0:0:0:
182,192,114610,1,0,0:0:0:0:
36,192,114713,1,0,0:0:0:0:
329,192,114713,1,0,0:0:0:0:
109,192,114817,1,0,0:0:0:0:
256,192,114817,1,0,0:0:0:0:
475,192,114920,1,0,0:0:0:0:
329,192,114920,1,0,0:0:0:0:
402,192,115024,1,0,0:0:0:0:
256,192,115024,1,0,0:0:0:0:
329,192,115127,1,0,0:0:0:0:
182,192,115127,1,0,0:0:0:0:
256,192,115231,1,0,0:0:0:0:
109,192,115231,1,0,0:0:0:0:
182,192,115334,1,0,0:0:0:0:
36,192,115334,1,0,0:0:0:0:
329,192,115438,1,0,0:0:0:0:
475,192,115438,1,0,0:0:0:0:
256,192,115541,1,0,0:0:0:0:
109,192,115541,1,0,0:0:0:0:
36,192,115644,128,0,115748:0:0:0:0:
182,192,115644,128,0,115748:0:0:0:0:
329,192,115644,1,0,0:0:0:0:
475,192,115644,1,4,0:0:0:0:
256,192,115851,1,0,0:0:0:0:
402,192,115955,1,0,0:0:0:0:
475,192,116058,1,0,0:0:0:0:
109,192,116058,1,0,0:0:0:0:
182,192,116265,1,0,0:0:0:0:
109,192,116472,128,0,116576:0:0:0:0:
182,192,116472,128,0,116576:0:0:0:0:
329,192,116472,1,8,0:0:0:0:
402,192,116576,1,0,0:0:0:0:
329,192,116679,1,0,0:0:0:0:
256,192,116782,1,0,0:0:0:0:
182,192,116886,1,0,0:0:0:0:
475,192,116886,1,0,0:0:0:0:
36,192,117093,1,0,0:0:0:0:
402,192,117300,128,0,117403:0:0:0:0:
475,192,117300,128,0,117403:0:0:0:0:
109,192,117300,1,8,0:0:0:0:
109,192,117507,1,0,0:0:0:0:
182,192,117610,1,0,0:0:0:0:
256,192,117713,1,0,0:0:0:0:
36,192,117713,1,0,0:0:0:0:
109,192,117920,1,0,0:0:0:0:
182,192,118127,1,8,0:0:0:0:
329,192,118127,128,0,118231:0:0:0:0:
402,192,118127,128,0,118231:0:0:0:0:
256,192,118231,1,0,0:0:0:0:
182,192,118334,1,0,0:0:0:0:
109,192,118438,1,0,0:0:0:0:
36,192,118541,1,0,0:0:0:0:
329,192,118541,1,0,0:0:0:0:
256,192,118748,1,0,0:0:0:0:
329,192,118955,128,0,119782:0:0:0:0:
475,192,118955,1,8,0:0:0:0:
36,192,118955,1,0,0:0:0:0:
109,192,119058,1,0,0:0:0:0:
182,192,119162,1,0,0:0:0:0:
109,192,119265,1,0,0:0:0:0:
36,192,119369,1,0,0:0:0:0:
475,192,119369,1,0,0:0:0:0:
256,192,119369,1,0,0:0:0:0:
109,192,119472,1,0,0:0:0:0:
182,192,119576,1,0,0:0:0:0:
109,192,119679,1,0,0:0:0:0:
475,192,119782,1,8,0:0:0:0:
36,192,119782,1,0,0:0:0:0:
182,192,119782,128,0,120610:0:0:0:0:
402,192,119886,1,0,0:0:0:0:
329,192,119989,1,0,0:0:0:0:
402,192,120093,1,0,0:0:0:0:
475,192,120196,1,0,0:0:0:0:
256,192,120196,1,0,0:0:0:0:
36,192,120196,1,0,0:0:0:0:
402,192,120300,1,0,0:0:0:0:
329,192,120403,1,0,0:0:0:0:
402,192,120507,1,0,0:0:0:0:
475,192,120610,128,0,121438:0:0:0:0:
256,192,120610,1,0,0:0:0:0:
36,192,120610,1,8,0:0:0:0:
329,192,120713,1,0,0:0:0:0:
402,192,120817,1,0,0:0:0:0:
329,192,120920,1,0,0:0:0:0:
36,192,121024,1,0,0:0:0:0:
256,192,121024,1,0,0:0:0:0:
109,192,121024,1,0,0:0:0:0:
182,192,121127,1,0,0:0:0:0:
109,192,121231,1,0,0:0:0:0:
36,192,121334,1,0,0:0:0:0:
329,192,121438,128,0,122265:0:0:0:0:
402,192,121438,1,8,0:0:0:0:
256,192,121438,1,0,0:0:0:0:
182,192,121541,1,0,0:0:0:0:
109,192,121644,1,0,0:0:0:0:
36,192,121748,1,0,0:0:0:0:
256,192,121748,1,0,0:0:0:0:
402,192,121851,1,0,0:0:0:0:
475,192,121851,1,0,0:0:0:0:
182,192,121851,1,0,0:0:0:0:
36,192,121955,1,0,0:0:0:0:
256,192,122058,1,0,0:0:0:0:
182,192,122058,1,0,0:0:0:0:
109,192,122162,1,0,0:0:0:0:
36,192,122265,1,8,0:0:0:0:
182,192,122265,1,0,0:0:0:0:
402,192,122265,128,0,122369:0:0:0:0:
475,192,122265,128,0,122369:0:0:0:0:
182,192,122472,1,0,0:0:0:0:
36,192,122679,1,0,0:0:0:0:
182,192,122679,1,0,0:0:0:0:
402,192,122679,128,0,122782:0:0:0:0:
475,192,122679,128,0,122782:0:0:0:0:
182,192,122886,1,0,0:0:0:0:
36,192,123093,1,8,0:0:0:0:
475,192,123093,128,0,123196:0:0:0:0:
402,192,123093,128,0,123196:0:0:0:0:
182,192,123093,1,0,0:0:0:0:
256,192,123196,1,0,0:0:0:0:
329,192,123300,1,0,0:0:0:0:
402,192,123403,1,0,0:0:0:0:
109,192,123507,128,0,123610:0:0:0:0:
182,192,123507,128,0,123610:0:0:0:0:
475,192,123507,1,0,0:0:0:0:
36,192,123507,1,0,0:0:0:0:
256,192,123713,1,0,0:0:0:0:
36,192,123920,128,0,124024:0:0:0:0:
109,192,123920,128,0,124024:0:0:0:0:
329,192,123920,1,0,0:0:0:0:
475,192,123920,1,8,0:0:0:0:
329,192,124127,1,0,0:0:0:0:
36,192,124334,128,0,124438:0:0:0:0:
109,192,124334,128,0,124438:0:0:0:0:
475,192,124334,1,0,0:0:0:0:
329,192,124334,1,0,0:0:0:0:
182,192,124438,1,0,0:0:0:0:
402,192,124541,1,0,0:0:0:0:
256,192,124644,1,0,0:0:0:0:
475,192,124748,1,8,0:0:0:0:
109,192,124748,128,0,124851:0:0:0:0:
182,192,124748,128,0,124851:0:0:0:0:
36,192,124748,1,0,0:0:0:0:
329,192,124851,1,0,0:0:0:0:
402,192,124955,1,0,0:0:0:0:
475,192,125058,1,0,0:0:0:0:
402,192,125162,1,0,0:0:0:0:
109,192,125162,128,0,125265:0:0:0:0:
182,192,125162,128,0,125265:0:0:0:0:
36,192,125162,1,0,0:0:0:0:
329,192,125265,1,0,0:0:0:0:
256,192,125369,1,0,0:0:0:0:
182,192,125472,1,0,0:0:0:0:
36,192,125575,1,4,0:0:0:0:
109,192,125575,1,0,0:0:0:0:
256,192,125575,1,0,0:0:0:0:
475,192,125575,1,8,0:0:0:0:
182,192,125679,1,0,0:0:0:0:
402,192,125679,1,0,0:0:0:0:
475,192,125782,1,0,0:0:0:0:
329,192,125782,1,0,0:0:0:0:
182,192,125886,1,0,0:0:0:0:
36,192,125886,1,0,0:0:0:0:
475,192,125989,1,0,0:0:0:0:
256,192,125989,1,0,0:0:0:0:
402,192,125989,1,0,0:0:0:0:
329,192,126093,1,0,0:0:0:0:
109,192,126093,1,0,0:0:0:0:
256,192,126196,1,0,0:0:0:0:
36,192,126196,1,0,0:0:0:0:
182,192,126300,1,0,0:0:0:0:
402,192,126300,1,0,0:0:0:0:
256,192,126403,1,4,0:0:0:0:
475,192,126403,1,8,0:0:0:0:
36,192,126403,1,0,0:0:0:0:
109,192,126403,1,0,0:0:0:0:
329,192,126506,1,0,0:0:0:0:
182,192,126506,1,0,0:0:0:0:
402,192,126610,1,0,0:0:0:0:
109,192,126610,1,0,0:0:0:0:
475,192,126713,1,0,0:0:0:0:
182,192,126713,1,0,0:0:0:0:
256,192,126817,1,0,0:0:0:0:
329,192,126817,1,0,0:0:0:0:
36,192,126817,1,0,0:0:0:0:
182,192,126920,1,0,0:0:0:0:
475,192,126920,1,0,0:0:0:0:
109,192,127024,1,0,0:0:0:0:
402,192,127024,1,0,0:0:0:0:
36,192,127127,1,0,0:0:0:0:
256,192,127127,1,0,0:0:0:0:
182,192,127231,1,0,0:0:0:0:
329,192,127231,1,0,0:0:0:0:
402,192,127231,1,4,0:0:0:0:
475,192,127231,1,8,0:0:0:0:
256,192,127334,1,0,0:0:0:0:
36,192,127334,1,0,0:0:0:0:
329,192,127438,1,0,0:0:0:0:
109,192,127438,1,0,0:0:0:0:
402,192,127541,1,0,0:0:0:0:
182,192,127541,1,0,0:0:0:0:
109,192,127644,1,0,0:0:0:0:
475,192,127644,1,0,0:0:0:0:
256,192,127644,1,0,0:0:0:0:
182,192,127748,1,0,0:0:0:0:
402,192,127748,1,0,0:0:0:0:
256,192,127851,1,0,0:0:0:0:
36,192,127851,1,0,0:0:0:0:
329,192,127955,1,0,0:0:0:0:
109,192,127955,1,0,0:0:0:0:
256,192,128058,1,0,0:0:0:0:
402,192,128058,1,4,0:0:0:0:
475,192,128058,1,8,0:0:0:0:
36,192,128058,1,0,0:0:0:0:
182,192,128162,1,0,0:0:0:0:
329,192,128162,1,0,0:0:0:0:
109,192,128265,1,0,0:0:0:0:
475,192,128265,1,8,0:0:0:0:
402,192,128265,1,0,0:0:0:0:
36,192,128369,1,0,0:0:0:0:
329,192,128369,1,0,0:0:0:0:
475,192,128472,1,8,0:0:0:0:
402,192,128472,1,0,0:0:0:0:
256,192,128472,1,0,0:0:0:0:
182,192,128575,1,0,0:0:0:0:
329,192,128575,1,0,0:0:0:0:
475,192,128679,1,8,0:0:0:0:
402,192,128679,1,0,0:0:0:0:
109,192,128679,1,0,0:0:0:0:
36,192,128782,1,0,0:0:0:0:
329,192,128782,1,0,0:0:0:0:
256,192,128886,128,0,132196:0:0:0:0:
