[Metadata]
AciculignosA
かねこちはる
Dreamwalker
deemo RAC rayark artist collection kaneko chiharu
47
0

[TimingPoints]
845,416.666666666667,4,2,0,50,1,0
845,-111.111111111111,4,2,0,50,0,0
7511,405.405405405405,4,2,0,50,1,0
7511,-100,4,2,0,50,0,0
46429,-111.111111111111,4,2,0,50,0,0
52105,-109.89010989011,4,2,0,50,0,0
52206,-108.695652173913,4,2,0,50,0,0
52308,-107.52688172043,4,2,0,50,0,0
52409,-105.263157894737,4,2,0,50,0,0
52510,-102.040816326531,4,2,0,50,0,0
52611,-99.009900990099,4,2,0,50,0,0
52713,-95.2380952380952,4,2,0,50,0,0
52814,-90.9090909090909,4,2,0,50,0,0
52916,-100,4,2,0,50,0,0
73997,-100,4,2,0,50,0,1
86970,416.666666666667,4,2,0,50,1,0
86970,-111.111111111111,4,2,0,50,0,0
93636,405.405405405405,4,2,0,50,1,0
93636,-100,4,2,0,50,0,1
113095,-111.111111111111,4,2,0,50,0,0
113095,-105.263157894737,4,2,0,50,0,0
113500,-111.111111111111,4,2,0,50,0,0
113906,-117.647058823529,4,2,0,50,0,0
114311,-125,4,2,0,50,0,0
114717,-133.333333333333,4,2,0,50,0,0
115527,-142.857142857143,4,2,0,50,0,0
117656,-83.3333333333333,4,2,0,50,0,0
118264,-86.9565217391304,4,2,0,50,0,0
118315,-95.2380952380952,4,2,0,50,0,0
118365,-111.111111111111,4,2,0,50,0,0
118416,-133.333333333333,4,2,0,50,0,0
118467,-153.846153846154,4,2,0,50,0,0
118518,-166.666666666667,4,2,0,50,0,0
118569,-181.818181818182,4,2,0,50,0,0
118669,-200,4,2,0,50,0,0
118771,-222.222222222222,4,2,0,50,0,0


[HitObjects]
36,192,845,5,0,0:0:0:0:
109,192,845,1,0,0:0:0:0:
256,192,845,1,0,0:0:0:0:
475,192,845,1,0,0:0:0:0:
109,192,1261,1,0,0:0:0:0:
182,192,1365,1,0,0:0:0:0:
329,192,1470,1,0,0:0:0:0:
402,192,1574,1,0,0:0:0:0:
475,192,1678,1,0,0:0:0:0:
256,192,1886,1,0,0:0:0:0:
402,192,1990,1,0,0:0:0:0:
182,192,2199,1,0,0:0:0:0:
329,192,2407,1,0,0:0:0:0:
109,192,2615,1,0,0:0:0:0:
402,192,2824,1,0,0:0:0:0:
329,192,2928,1,0,0:0:0:0:
256,192,3032,1,0,0:0:0:0:
182,192,3136,1,0,0:0:0:0:
109,192,3240,1,0,0:0:0:0:
36,192,3345,1,0,0:0:0:0:
329,192,3345,1,0,0:0:0:0:
475,192,3345,1,0,0:0:0:0:
402,192,3657,1,0,0:0:0:0:
182,192,3865,1,0,0:0:0:0:
36,192,4178,1,0,0:0:0:0:
402,192,4178,1,0,0:0:0:0:
256,192,4204,1,0,0:0:0:0:
109,192,4230,1,0,0:0:0:0:
182,192,4595,1,0,0:0:0:0:
329,192,4699,1,0,0:0:0:0:
256,192,4733,1,0,0:0:0:0:
109,192,4803,1,0,0:0:0:0:
402,192,4907,1,0,0:0:0:0:
329,192,5011,1,0,0:0:0:0:
182,192,5220,1,0,0:0:0:0:
475,192,5324,1,0,0:0:0:0:
402,192,5532,1,0,0:0:0:0:
256,192,5740,1,0,0:0:0:0:
109,192,5949,1,0,0:0:0:0:
329,192,6157,1,0,0:0:0:0:
36,192,6261,128,0,6574:0:0:0:70:ride.wav
256,192,6261,1,0,0:0:0:0:
475,192,6261,128,0,6574:0:0:0:0:
182,192,6574,1,0,0:0:0:70:rpd.wav
329,192,6574,1,0,0:0:0:0:
109,192,6643,1,0,0:0:0:70:rpd.wav
402,192,6643,1,0,0:0:0:0:
36,192,6678,1,0,0:0:0:70:rpd.wav
256,192,6678,1,0,0:0:0:0:
475,192,6678,1,0,0:0:0:0:
109,192,6817,1,0,0:0:0:0:
182,192,6817,1,0,0:0:0:0:
329,192,6817,1,0,0:0:0:0:
402,192,6817,1,0,0:0:0:0:
36,192,7025,1,0,0:0:0:0:
109,192,7025,1,0,0:0:0:0:
256,192,7025,1,0,0:0:0:0:
329,192,7025,1,0,0:0:0:0:
182,192,7233,1,0,0:0:0:0:
402,192,7233,1,0,0:0:0:0:
475,192,7233,1,0,0:0:0:0:
36,192,7303,1,0,0:0:0:70:tom03.wav
109,192,7303,1,0,0:0:0:0:
329,192,7303,1,0,0:0:0:0:
36,192,7511,1,0,0:0:0:50:kick.wav
256,192,7511,1,0,0:0:0:50:cymbal.wav
475,192,7511,1,0,0:0:0:0:
329,192,7544,1,0,0:0:0:0:
109,192,7713,1,0,0:0:0:30:hihat.wav
182,192,7713,1,0,0:0:0:0:
475,192,7713,1,0,0:0:0:0:
329,192,7815,1,0,0:0:0:50:kick.wav
402,192,7815,1,0,0:0:0:0:
36,192,7916,1,0,0:0:0:0:
256,192,7916,1,0,0:0:0:0:
182,192,8017,1,0,0:0:0:0:
402,192,8017,1,0,0:0:0:0:
182,192,8119,1,0,0:0:0:50:kick.wav
329,192,8119,1,0,0:0:0:30:hihat.wav
475,192,8119,1,0,0:0:0:0:
36,192,8220,1,0,0:0:0:0:
256,192,8220,1,0,0:0:0:0:
109,192,8321,1,0,0:0:0:0:
475,192,8321,1,0,0:0:0:0:
182,192,8423,1,0,0:0:0:0:
329,192,8423,1,0,0:0:0:0:
36,192,8524,1,0,0:0:0:50:kick.wav
109,192,8524,1,0,0:0:0:30:hihat.wav
329,192,8524,1,0,0:0:0:0:
402,192,8625,1,0,0:0:0:0:
475,192,8625,1,0,0:0:0:0:
36,192,8727,1,0,0:0:0:50:snare.wav
109,192,8727,1,0,0:0:0:0:
182,192,8727,1,0,0:0:0:0:
36,192,8828,1,0,0:0:0:70:rpd.wav
109,192,8828,1,0,0:0:0:0:
182,192,8828,1,0,0:0:0:0:
329,192,8929,128,0,9132:0:0:0:50:o-hihat.wav
402,192,8929,128,0,9132:0:0:0:0:
475,192,8929,1,0,0:0:0:0:
36,192,9132,1,0,0:0:0:50:kick.wav
256,192,9132,1,0,0:0:0:0:
475,192,9132,1,0,0:0:0:0:
182,192,9166,1,0,0:0:0:0:
109,192,9233,1,0,0:0:0:0:
109,192,9335,1,0,0:0:0:30:hihat.wav
329,192,9335,1,0,0:0:0:0:
402,192,9335,1,0,0:0:0:0:
182,192,9436,1,0,0:0:0:50:kick.wav
256,192,9436,1,0,0:0:0:0:
36,192,9538,1,0,0:0:0:0:
329,192,9538,1,0,0:0:0:0:
402,192,9639,1,0,0:0:0:0:
475,192,9639,1,0,0:0:0:0:
109,192,9740,1,0,0:0:0:50:kick.wav
182,192,9740,1,0,0:0:0:30:hihat.wav
402,192,9740,1,0,0:0:0:0:
475,192,9842,1,0,0:0:0:0:
329,192,9875,1,0,0:0:0:0:
109,192,9943,1,0,0:0:0:0:
256,192,9943,1,0,0:0:0:0:
109,192,10146,1,0,0:0:0:50:kick.wav
329,192,10146,1,0,0:0:0:30:hihat.wav
402,192,10146,1,0,0:0:0:0:
36,192,10247,1,0,0:0:0:0:
256,192,10247,1,0,0:0:0:0:
182,192,10348,1,0,0:0:0:50:snare.wav
402,192,10348,1,0,0:0:0:0:
475,192,10348,1,0,0:0:0:0:
182,192,10450,1,0,0:0:0:50:snare.wav
402,192,10450,1,0,0:0:0:0:
475,192,10450,1,0,0:0:0:0:
36,192,10551,1,0,0:0:0:30:hihat.wav
256,192,10551,1,0,0:0:0:0:
329,192,10551,1,0,0:0:0:0:
36,192,10754,1,0,0:0:0:50:kick.wav
256,192,10754,1,0,0:0:0:0:
475,192,10754,1,0,0:0:0:0:
329,192,10788,1,0,0:0:0:0:
109,192,10956,1,0,0:0:0:30:hihat.wav
182,192,10956,1,0,0:0:0:0:
475,192,10956,1,0,0:0:0:0:
329,192,11058,1,0,0:0:0:50:kick.wav
402,192,11058,1,0,0:0:0:0:
36,192,11159,1,0,0:0:0:0:
256,192,11159,1,0,0:0:0:0:
182,192,11260,1,0,0:0:0:70:rpd.wav
402,192,11260,1,0,0:0:0:0:
182,192,11362,1,0,0:0:0:50:kick.wav
329,192,11362,1,0,0:0:0:30:hihat.wav
475,192,11362,1,0,0:0:0:0:
36,192,11463,1,0,0:0:0:0:
256,192,11463,1,0,0:0:0:0:
109,192,11565,1,0,0:0:0:0:
475,192,11565,1,0,0:0:0:0:
182,192,11666,1,0,0:0:0:70:rpd.wav
329,192,11666,1,0,0:0:0:0:
36,192,11767,1,0,0:0:0:50:kick.wav
109,192,11767,1,0,0:0:0:30:hihat.wav
329,192,11767,1,0,0:0:0:0:
402,192,11869,1,0,0:0:0:0:
475,192,11869,1,0,0:0:0:0:
36,192,11970,1,0,0:0:0:50:snare.wav
109,192,11970,1,0,0:0:0:0:
182,192,11970,1,0,0:0:0:0:
36,192,12071,1,0,0:0:0:70:rpd.wav
109,192,12071,1,0,0:0:0:0:
182,192,12071,1,0,0:0:0:0:
329,192,12173,128,0,12375:0:0:0:50:o-hihat.wav
402,192,12173,128,0,12375:0:0:0:0:
475,192,12173,1,0,0:0:0:0:
36,192,12375,1,0,0:0:0:50:kick.wav
256,192,12375,1,0,0:0:0:0:
475,192,12375,1,0,0:0:0:0:
182,192,12409,1,0,0:0:0:0:
109,192,12477,1,0,0:0:0:0:
256,192,12578,1,0,0:0:0:30:hihat.wav
402,192,12578,1,0,0:0:0:0:
475,192,12578,1,0,0:0:0:0:
36,192,12679,1,0,0:0:0:50:kick.wav
109,192,12679,1,0,0:0:0:0:
402,192,12679,1,0,0:0:0:0:
182,192,12781,1,0,0:0:0:0:
329,192,12781,1,0,0:0:0:0:
109,192,12882,1,0,0:0:0:0:
256,192,12882,1,0,0:0:0:0:
109,192,12983,1,0,0:0:0:50:kick.wav
402,192,12983,1,0,0:0:0:30:hihat.wav
475,192,12983,1,0,0:0:0:0:
256,192,13085,1,0,0:0:0:0:
329,192,13119,1,0,0:0:0:0:
402,192,13152,1,0,0:0:0:0:
36,192,13186,1,0,0:0:0:50:kick.wav
109,192,13186,128,0,13389:0:0:0:50:o-hihat.wav
182,192,13186,128,0,13389:0:0:0:0:
475,192,13186,1,0,0:0:0:0:
329,192,13389,1,0,0:0:0:50:snare.wav
402,192,13389,1,0,0:0:0:30:hihat.wav
36,192,13490,1,0,0:0:0:50:tom01.wav
256,192,13490,1,0,0:0:0:0:
109,192,13592,1,0,0:0:0:50:snare.wav
402,192,13592,1,0,0:0:0:0:
475,192,13592,1,0,0:0:0:0:
182,192,13693,1,0,0:0:0:50:tom02.wav
402,192,13693,1,0,0:0:0:0:
475,192,13693,1,0,0:0:0:0:
36,192,13794,1,0,0:0:0:0:
109,192,13794,1,0,0:0:0:0:
329,192,13794,1,0,0:0:0:0:
36,192,13896,1,0,0:0:0:50:tom03.wav
109,192,13896,1,0,0:0:0:0:
256,192,13896,1,0,0:0:0:0:
36,192,13997,1,0,0:0:0:50:kick.wav
182,192,13997,1,0,0:0:0:50:cymbal.wav
329,192,13997,1,0,0:0:0:0:
402,192,13997,1,0,0:0:0:0:
475,192,13997,1,0,0:0:0:0:
109,192,14200,1,0,0:0:0:30:hihat.wav
329,192,14200,1,0,0:0:0:0:
402,192,14200,1,0,0:0:0:0:
182,192,14301,1,0,0:0:0:0:
256,192,14301,1,0,0:0:0:0:
36,192,14402,1,0,0:0:0:30:hihat.wav
402,192,14402,1,0,0:0:0:0:
475,192,14402,1,0,0:0:0:0:
109,192,14504,1,0,0:0:0:70:rpd.wav
182,192,14504,1,0,0:0:0:0:
329,192,14504,1,0,0:0:0:0:
36,192,14605,1,0,0:0:0:50:kick.wav
329,192,14605,1,0,0:0:0:30:hihat.wav
475,192,14605,1,0,0:0:0:0:
182,192,14706,1,0,0:0:0:0:
256,192,14706,1,0,0:0:0:0:
36,192,14808,1,0,0:0:0:30:hihat.wav
109,192,14808,1,0,0:0:0:0:
475,192,14808,1,0,0:0:0:0:
182,192,14909,1,0,0:0:0:70:rpd.wav
329,192,14909,1,0,0:0:0:0:
402,192,14909,1,0,0:0:0:0:
36,192,15010,1,0,0:0:0:50:kick.wav
182,192,15010,1,0,0:0:0:30:hihat.wav
475,192,15010,1,0,0:0:0:0:
256,192,15112,1,0,0:0:0:0:
329,192,15112,1,0,0:0:0:0:
36,192,15213,1,0,0:0:0:50:snare.wav
109,192,15213,1,0,0:0:0:0:
182,192,15213,1,0,0:0:0:0:
475,192,15213,1,0,0:0:0:0:
182,192,15315,1,0,0:0:0:70:rpd.wav
329,192,15315,1,0,0:0:0:0:
402,192,15315,1,0,0:0:0:0:
36,192,15416,128,0,15619:0:0:0:50:o-hihat.wav
109,192,15416,128,0,15619:0:0:0:0:
329,192,15416,1,0,0:0:0:0:
402,192,15416,1,0,0:0:0:0:
329,192,15517,1,0,0:0:0:0:
402,192,15517,1,0,0:0:0:0:
329,192,15619,1,0,0:0:0:50:kick.wav
402,192,15619,1,0,0:0:0:0:
182,192,15720,1,0,0:0:0:0:
256,192,15720,1,0,0:0:0:0:
36,192,15821,1,0,0:0:0:30:hihat.wav
402,192,15821,1,0,0:0:0:0:
475,192,15821,1,0,0:0:0:0:
109,192,15923,1,0,0:0:0:50:kick.wav
329,192,15923,1,0,0:0:0:0:
182,192,16024,1,0,0:0:0:30:hihat.wav
256,192,16024,1,0,0:0:0:0:
475,192,16024,1,0,0:0:0:0:
109,192,16125,1,0,0:0:0:0:
402,192,16125,1,0,0:0:0:0:
36,192,16227,1,0,0:0:0:50:kick.wav
182,192,16227,1,0,0:0:0:50:o-hihat.wav
329,192,16227,1,0,0:0:0:0:
256,192,16328,1,0,0:0:0:0:
402,192,16328,1,0,0:0:0:0:
109,192,16429,1,0,0:0:0:30:hihat.wav
182,192,16429,1,0,0:0:0:0:
475,192,16429,1,0,0:0:0:0:
109,192,16632,1,0,0:0:0:50:kick.wav
182,192,16632,1,0,0:0:0:30:hihat.wav
329,192,16632,1,0,0:0:0:0:
256,192,16733,1,0,0:0:0:0:
475,192,16733,1,0,0:0:0:0:
36,192,16835,1,0,0:0:0:50:snare.wav
329,192,16835,1,0,0:0:0:0:
402,192,16835,1,0,0:0:0:0:
36,192,16936,1,0,0:0:0:50:snare.wav
329,192,16936,1,0,0:0:0:0:
402,192,16936,1,0,0:0:0:0:
182,192,17038,1,0,0:0:0:0:
256,192,17038,1,0,0:0:0:0:
36,192,17139,1,0,0:0:0:50:snare.wav
329,192,17139,1,0,0:0:0:0:
402,192,17139,1,0,0:0:0:0:
36,192,17240,1,0,0:0:0:50:kick.wav
182,192,17240,1,0,0:0:0:50:cymbal.wav
256,192,17240,1,0,0:0:0:0:
402,192,17240,1,0,0:0:0:0:
475,192,17240,1,0,0:0:0:0:
109,192,17443,1,0,0:0:0:30:hihat.wav
182,192,17443,1,0,0:0:0:0:
329,192,17443,1,0,0:0:0:0:
256,192,17544,1,0,0:0:0:50:kick.wav
402,192,17544,1,0,0:0:0:0:
36,192,17646,1,0,0:0:0:30:hihat.wav
329,192,17646,1,0,0:0:0:0:
475,192,17646,1,0,0:0:0:0:
109,192,17747,1,0,0:0:0:70:rpd.wav
182,192,17747,1,0,0:0:0:0:
402,192,17747,1,0,0:0:0:0:
256,192,17848,1,0,0:0:0:50:kick.wav
402,192,17848,1,0,0:0:0:30:hihat.wav
475,192,17848,1,0,0:0:0:0:
36,192,17950,1,0,0:0:0:0:
109,192,17950,1,0,0:0:0:0:
182,192,18051,1,0,0:0:0:30:hihat.wav
329,192,18051,1,0,0:0:0:0:
475,192,18051,1,0,0:0:0:0:
109,192,18152,1,0,0:0:0:70:rpd.wav
256,192,18152,1,0,0:0:0:0:
402,192,18152,1,0,0:0:0:0:
36,192,18254,1,0,0:0:0:50:kick.wav
109,192,18254,1,0,0:0:0:0:
475,192,18254,1,0,0:0:0:0:
182,192,18355,1,0,0:0:0:0:
256,192,18355,1,0,0:0:0:0:
36,192,18456,1,0,0:0:0:50:snare.wav
329,192,18456,1,0,0:0:0:0:
402,192,18456,1,0,0:0:0:0:
475,192,18456,1,0,0:0:0:0:
109,192,18558,1,0,0:0:0:70:rpd.wav
182,192,18558,1,0,0:0:0:0:
329,192,18558,1,0,0:0:0:0:
109,192,18659,1,0,0:0:0:50:o-hihat.wav
182,192,18659,1,0,0:0:0:0:
402,192,18659,128,0,18862:0:0:0:0:
475,192,18659,128,0,18862:0:0:0:0:
109,192,18760,1,0,0:0:0:0:
182,192,18760,1,0,0:0:0:0:
109,192,18862,1,0,0:0:0:50:kick.wav
182,192,18862,1,0,0:0:0:0:
256,192,18963,1,0,0:0:0:0:
329,192,18963,1,0,0:0:0:0:
36,192,19065,1,0,0:0:0:30:hihat.wav
182,192,19065,1,0,0:0:0:0:
475,192,19065,1,0,0:0:0:0:
329,192,19166,1,0,0:0:0:50:kick.wav
402,192,19166,1,0,0:0:0:0:
36,192,19267,1,0,0:0:0:30:hihat.wav
109,192,19267,1,0,0:0:0:0:
256,192,19267,1,0,0:0:0:0:
182,192,19369,1,0,0:0:0:0:
402,192,19369,1,0,0:0:0:0:
256,192,19470,1,0,0:0:0:50:kick.wav
329,192,19470,1,0,0:0:0:30:hihat.wav
475,192,19470,1,0,0:0:0:0:
36,192,19571,1,0,0:0:0:0:
182,192,19571,1,0,0:0:0:0:
36,192,19673,1,0,0:0:0:50:snare.wav
182,192,19673,1,0,0:0:0:50:o-hihat.wav
329,192,19673,128,0,19875:0:0:0:0:
402,192,19673,128,0,19875:0:0:0:0:
475,192,19673,1,0,0:0:0:0:
109,192,19875,1,0,0:0:0:50:kick.wav
182,192,19977,1,0,0:0:0:0:
256,192,19977,1,0,0:0:0:0:
36,192,20078,1,0,0:0:0:50:snare.wav
329,192,20078,1,0,0:0:0:0:
402,192,20078,1,0,0:0:0:0:
36,192,20179,1,0,0:0:0:50:snare.wav
329,192,20179,1,0,0:0:0:0:
402,192,20179,1,0,0:0:0:0:
109,192,20281,1,0,0:0:0:50:tom01.wav
182,192,20281,1,0,0:0:0:0:
475,192,20281,1,0,0:0:0:0:
109,192,20382,1,0,0:0:0:50:tom02.wav
182,192,20382,1,0,0:0:0:0:
329,192,20382,1,0,0:0:0:0:
36,192,20483,1,0,0:0:0:50:kick.wav
256,192,20483,1,0,0:0:0:50:tom03.wav
329,192,20483,1,0,0:0:0:50:cymbal.wav
402,192,20483,1,0,0:0:0:0:
475,192,20483,1,0,0:0:0:0:
256,192,20686,1,0,0:0:0:0:
329,192,20788,1,0,0:0:0:0:
109,192,20889,1,0,0:0:0:30:hihat.wav
182,192,20889,1,0,0:0:0:0:
402,192,20889,128,0,21092:0:0:0:0:
109,192,21092,1,0,0:0:0:50:kick.wav
182,192,21092,1,0,0:0:0:30:hihat.wav
256,192,21092,128,0,21294:0:0:0:0:
402,192,21193,1,0,0:0:0:0:
36,192,21294,1,0,0:0:0:50:kick.wav
109,192,21294,1,0,0:0:0:50:o-hihat.wav
329,192,21294,1,0,0:0:0:0:
475,192,21294,1,0,0:0:0:0:
256,192,21497,1,0,0:0:0:0:
329,192,21598,1,0,0:0:0:0:
109,192,21700,1,0,0:0:0:30:hihat.wav
182,192,21700,1,0,0:0:0:0:
402,192,21700,128,0,21902:0:0:0:0:
182,192,21801,1,0,0:0:0:70:rpd.wav
36,192,21902,1,0,0:0:0:50:kick.wav
109,192,21902,1,0,0:0:0:0:
256,192,21902,1,0,0:0:0:0:
475,192,21902,128,0,22105:0:0:0:0:
182,192,22071,1,0,0:0:0:0:
36,192,22105,1,0,0:0:0:50:kick.wav
109,192,22105,1,0,0:0:0:50:o-hihat.wav
329,192,22105,1,0,0:0:0:0:
402,192,22105,1,0,0:0:0:0:
329,192,22308,1,0,0:0:0:30:hihat.wav
402,192,22308,1,0,0:0:0:0:
36,192,22409,1,0,0:0:0:50:kick.wav
109,192,22409,1,0,0:0:0:50:o-hihat.wav
256,192,22409,1,0,0:0:0:0:
475,192,22409,1,0,0:0:0:0:
109,192,22612,1,0,0:0:0:30:hihat.wav
182,192,22612,1,0,0:0:0:0:
36,192,22713,1,0,0:0:0:50:kick.wav
256,192,22713,1,0,0:0:0:50:o-hihat.wav
402,192,22713,1,0,0:0:0:0:
475,192,22713,1,0,0:0:0:0:
329,192,22916,128,0,23321:0:0:0:0:
475,192,22916,1,0,0:0:0:0:
36,192,23119,1,0,0:0:0:30:hihat.wav
182,192,23119,1,0,0:0:0:0:
256,192,23119,1,0,0:0:0:0:
109,192,23321,1,0,0:0:0:50:snare.wav
182,192,23321,1,0,0:0:0:0:
256,192,23321,128,0,23727:0:0:0:0:
402,192,23321,1,0,0:0:0:0:
475,192,23321,1,0,0:0:0:0:
109,192,23423,1,0,0:0:0:70:rpd.wav
182,192,23423,1,0,0:0:0:0:
36,192,23625,1,0,0:0:0:50:snare.wav
109,192,23625,1,0,0:0:0:0:
36,192,23727,1,0,0:0:0:50:kick.wav
182,192,23727,1,0,0:0:0:50:o-hihat.wav
402,192,23727,1,0,0:0:0:0:
475,192,23727,1,0,0:0:0:0:
109,192,23929,1,0,0:0:0:0:
329,192,23929,1,0,0:0:0:0:
182,192,23963,1,0,0:0:0:0:
109,192,24132,1,0,0:0:0:30:hihat.wav
402,192,24132,1,0,0:0:0:0:
475,192,24132,1,0,0:0:0:0:
256,192,24233,1,0,0:0:0:0:
329,192,24233,1,0,0:0:0:0:
36,192,24335,1,0,0:0:0:50:kick.wav
182,192,24335,1,0,0:0:0:30:hihat.wav
402,192,24335,1,0,0:0:0:0:
109,192,24436,1,0,0:0:0:0:
329,192,24436,1,0,0:0:0:0:
36,192,24538,1,0,0:0:0:50:kick.wav
182,192,24538,1,0,0:0:0:50:o-hihat.wav
256,192,24538,1,0,0:0:0:0:
402,192,24639,1,0,0:0:0:0:
475,192,24639,1,0,0:0:0:0:
109,192,24740,1,0,0:0:0:0:
329,192,24740,1,0,0:0:0:0:
109,192,24943,1,0,0:0:0:50:snare.wav
182,192,24943,1,0,0:0:0:0:
402,192,24943,1,0,0:0:0:0:
475,192,24943,1,0,0:0:0:0:
109,192,25044,1,0,0:0:0:0:
182,192,25044,1,0,0:0:0:0:
36,192,25146,1,0,0:0:0:50:kick.wav
256,192,25146,1,0,0:0:0:30:hihat.wav
329,192,25146,1,0,0:0:0:0:
329,192,25247,1,0,0:0:0:0:
402,192,25247,1,0,0:0:0:0:
36,192,25348,1,0,0:0:0:50:kick.wav
182,192,25348,1,0,0:0:0:50:o-hihat.wav
256,192,25348,1,0,0:0:0:0:
475,192,25348,1,0,0:0:0:0:
109,192,25551,1,0,0:0:0:30:hihat.wav
182,192,25551,1,0,0:0:0:0:
36,192,25652,1,0,0:0:0:50:kick.wav
256,192,25652,1,0,0:0:0:50:o-hihat.wav
402,192,25652,1,0,0:0:0:0:
475,192,25652,1,0,0:0:0:0:
402,192,25855,1,0,0:0:0:30:hihat.wav
475,192,25855,1,0,0:0:0:0:
36,192,25956,1,0,0:0:0:50:kick.wav
109,192,25956,1,0,0:0:0:50:o-hihat.wav
256,192,25956,1,0,0:0:0:0:
329,192,25956,1,0,0:0:0:0:
182,192,26159,1,0,0:0:0:50:kick.wav
475,192,26159,1,0,0:0:0:0:
329,192,26260,1,0,0:0:0:0:
402,192,26260,1,0,0:0:0:0:
36,192,26362,1,0,0:0:0:50:snare.wav
256,192,26362,1,0,0:0:0:30:hihat.wav
475,192,26362,1,0,0:0:0:0:
109,192,26463,1,0,0:0:0:0:
182,192,26463,1,0,0:0:0:0:
36,192,26565,1,0,0:0:0:50:snare.wav
329,192,26565,1,0,0:0:0:0:
402,192,26565,1,0,0:0:0:0:
109,192,26666,1,0,0:0:0:50:snare.wav
329,192,26666,1,0,0:0:0:0:
402,192,26666,1,0,0:0:0:0:
182,192,26767,1,0,0:0:0:50:tom01.wav
256,192,26767,1,0,0:0:0:0:
475,192,26767,1,0,0:0:0:0:
109,192,26869,1,0,0:0:0:50:tom02.wav
182,192,26869,1,0,0:0:0:0:
402,192,26869,1,0,0:0:0:0:
36,192,26970,1,0,0:0:0:50:kick.wav
109,192,26970,1,0,0:0:0:50:tom03.wav
256,192,26970,1,0,0:0:0:50:cymbal.wav
329,192,26970,1,0,0:0:0:0:
475,192,26970,1,0,0:0:0:0:
256,192,27173,1,0,0:0:0:0:
182,192,27274,1,0,0:0:0:0:
109,192,27375,128,0,27578:0:0:0:30:hihat.wav
329,192,27375,1,0,0:0:0:0:
475,192,27375,1,0,0:0:0:0:
256,192,27578,128,0,27781:0:0:0:50:kick.wav
329,192,27578,1,0,0:0:0:30:hihat.wav
402,192,27578,1,0,0:0:0:0:
109,192,27679,1,0,0:0:0:0:
36,192,27781,1,0,0:0:0:50:kick.wav
182,192,27781,1,0,0:0:0:50:o-hihat.wav
402,192,27781,1,0,0:0:0:0:
475,192,27781,1,0,0:0:0:0:
256,192,27983,1,0,0:0:0:0:
182,192,28085,1,0,0:0:0:0:
109,192,28186,128,0,28389:0:0:0:50:snare.wav
329,192,28186,1,0,0:0:0:0:
402,192,28186,1,0,0:0:0:0:
329,192,28288,1,0,0:0:0:70:rpd.wav
36,192,28389,128,0,28592:0:0:0:50:kick.wav
182,192,28389,1,0,0:0:0:50:o-hihat.wav
402,192,28389,1,0,0:0:0:0:
475,192,28389,1,0,0:0:0:0:
256,192,28558,1,0,0:0:0:0:
109,192,28592,1,0,0:0:0:50:kick.wav
182,192,28592,1,0,0:0:0:50:o-hihat.wav
402,192,28592,1,0,0:0:0:0:
475,192,28592,1,0,0:0:0:0:
109,192,28794,1,0,0:0:0:30:hihat.wav
182,192,28794,1,0,0:0:0:0:
36,192,28896,1,0,0:0:0:50:kick.wav
256,192,28896,1,0,0:0:0:50:o-hihat.wav
402,192,28896,1,0,0:0:0:0:
475,192,28896,1,0,0:0:0:0:
402,192,29098,1,0,0:0:0:30:hihat.wav
475,192,29098,1,0,0:0:0:0:
36,192,29200,1,0,0:0:0:50:kick.wav
109,192,29200,1,0,0:0:0:50:o-hihat.wav
256,192,29200,1,0,0:0:0:0:
329,192,29200,1,0,0:0:0:0:
36,192,29402,1,0,0:0:0:0:
182,192,29402,128,0,29808:0:0:0:0:
256,192,29605,1,0,0:0:0:50:kick.wav
329,192,29605,1,0,0:0:0:0:
475,192,29605,1,0,0:0:0:0:
329,192,29706,1,0,0:0:0:0:
36,192,29808,1,0,0:0:0:50:snare.wav
109,192,29808,1,0,0:0:0:0:
256,192,29808,128,0,30213:0:0:0:0:
402,192,29808,1,0,0:0:0:0:
475,192,29808,1,0,0:0:0:0:
109,192,29943,1,0,0:0:0:70:rpd.wav
182,192,29943,1,0,0:0:0:0:
402,192,29943,1,0,0:0:0:0:
36,192,30078,1,0,0:0:0:70:rpd.wav
182,192,30078,1,0,0:0:0:0:
329,192,30078,1,0,0:0:0:0:
36,192,30213,1,0,0:0:0:50:kick.wav
109,192,30213,1,0,0:0:0:50:cymbal.wav
329,192,30213,1,0,0:0:0:0:
475,192,30213,1,0,0:0:0:0:
182,192,30416,1,0,0:0:0:0:
402,192,30416,1,0,0:0:0:0:
475,192,30450,1,0,0:0:0:0:
36,192,30619,1,0,0:0:0:30:hihat.wav
109,192,30619,1,0,0:0:0:0:
402,192,30619,1,0,0:0:0:0:
256,192,30720,1,0,0:0:0:0:
329,192,30720,1,0,0:0:0:0:
36,192,30821,1,0,0:0:0:30:hihat.wav
182,192,30821,1,0,0:0:0:0:
402,192,30821,1,0,0:0:0:0:
256,192,30923,1,0,0:0:0:70:rpd.wav
475,192,30923,1,0,0:0:0:0:
36,192,31024,1,0,0:0:0:50:kick.wav
109,192,31024,1,0,0:0:0:0:
329,192,31024,1,0,0:0:0:0:
182,192,31125,1,0,0:0:0:0:
475,192,31125,1,0,0:0:0:0:
109,192,31227,1,0,0:0:0:0:
402,192,31227,1,0,0:0:0:0:
36,192,31429,1,0,0:0:0:50:snare.wav
109,192,31429,1,0,0:0:0:0:
329,192,31429,1,0,0:0:0:0:
402,192,31429,1,0,0:0:0:0:
329,192,31531,1,0,0:0:0:70:rpd.wav
402,192,31531,1,0,0:0:0:0:
109,192,31632,1,0,0:0:0:50:kick.wav
182,192,31632,1,0,0:0:0:0:
475,192,31632,1,0,0:0:0:0:
182,192,31733,1,0,0:0:0:0:
256,192,31733,1,0,0:0:0:0:
36,192,31835,1,0,0:0:0:50:kick.wav
109,192,31835,1,0,0:0:0:50:o-hihat.wav
475,192,31835,1,0,0:0:0:0:
329,192,31869,1,0,0:0:0:0:
182,192,32038,1,0,0:0:0:30:hihat.wav
256,192,32038,1,0,0:0:0:0:
109,192,32139,1,0,0:0:0:50:kick.wav
402,192,32139,1,0,0:0:0:50:o-hihat.wav
475,192,32139,1,0,0:0:0:0:
329,192,32173,1,0,0:0:0:0:
402,192,32342,1,0,0:0:0:30:hihat.wav
475,192,32342,1,0,0:0:0:0:
36,192,32443,1,0,0:0:0:50:kick.wav
109,192,32443,1,0,0:0:0:50:o-hihat.wav
256,192,32443,1,0,0:0:0:0:
329,192,32443,1,0,0:0:0:0:
36,192,32646,1,0,0:0:0:50:kick.wav
329,192,32646,1,0,0:0:0:0:
402,192,32646,128,0,32848:0:0:0:0:
109,192,32747,1,0,0:0:0:70:rpd.wav
182,192,32747,1,0,0:0:0:0:
36,192,32848,1,0,0:0:0:50:snare.wav
256,192,32848,1,0,0:0:0:0:
475,192,32848,1,0,0:0:0:0:
329,192,32950,1,0,0:0:0:0:
402,192,32950,1,0,0:0:0:0:
109,192,33051,1,0,0:0:0:50:snare.wav
182,192,33051,1,0,0:0:0:0:
475,192,33051,1,0,0:0:0:0:
182,192,33152,1,0,0:0:0:50:tom01.wav
256,192,33152,1,0,0:0:0:0:
402,192,33152,1,0,0:0:0:0:
36,192,33254,1,0,0:0:0:50:tom02.wav
109,192,33254,1,0,0:0:0:0:
329,192,33254,1,0,0:0:0:0:
182,192,33355,1,0,0:0:0:50:tom03.wav
402,192,33355,1,0,0:0:0:0:
475,192,33355,1,0,0:0:0:0:
36,192,33456,1,0,0:0:0:50:kick.wav
109,192,33456,1,0,0:0:0:50:cymbal.wav
256,192,33456,1,0,0:0:0:0:
329,192,33456,1,0,0:0:0:0:
402,192,33456,1,0,0:0:0:0:
182,192,33659,1,0,0:0:0:30:hihat.wav
475,192,33659,1,0,0:0:0:0:
256,192,33760,1,0,0:0:0:50:kick.wav
402,192,33760,1,0,0:0:0:0:
36,192,33862,1,0,0:0:0:50:kick.wav
109,192,33862,1,0,0:0:0:50:o-hihat.wav
475,192,33862,1,0,0:0:0:0:
182,192,33963,1,0,0:0:0:0:
256,192,33963,1,0,0:0:0:0:
109,192,34065,1,0,0:0:0:70:rpd.wav
329,192,34065,1,0,0:0:0:0:
402,192,34065,1,0,0:0:0:0:
36,192,34267,1,0,0:0:0:50:o-hihat.wav
475,192,34267,1,0,0:0:0:0:
182,192,34369,1,0,0:0:0:70:rpd.wav
329,192,34369,1,0,0:0:0:0:
256,192,34470,1,0,0:0:0:50:kick.wav
402,192,34470,1,0,0:0:0:0:
475,192,34470,1,0,0:0:0:0:
109,192,34571,1,0,0:0:0:0:
182,192,34571,1,0,0:0:0:0:
36,192,34673,1,0,0:0:0:50:snare.wav
329,192,34673,1,0,0:0:0:0:
402,192,34673,1,0,0:0:0:0:
475,192,34673,1,0,0:0:0:0:
329,192,34774,1,0,0:0:0:70:rpd.wav
402,192,34774,1,0,0:0:0:0:
36,192,34875,1,0,0:0:0:50:kick.wav
256,192,34875,1,0,0:0:0:0:
109,192,34977,1,0,0:0:0:0:
182,192,34977,1,0,0:0:0:0:
36,192,35078,1,0,0:0:0:50:kick.wav
256,192,35078,1,0,0:0:0:50:o-hihat.wav
329,192,35078,1,0,0:0:0:0:
475,192,35078,1,0,0:0:0:0:
182,192,35179,1,0,0:0:0:30:hihat.wav
402,192,35179,1,0,0:0:0:0:
36,192,35281,1,0,0:0:0:30:hihat.wav
109,192,35281,1,0,0:0:0:0:
329,192,35281,1,0,0:0:0:0:
182,192,35382,1,0,0:0:0:50:kick.wav
402,192,35382,1,0,0:0:0:0:
109,192,35483,1,0,0:0:0:50:kick.wav
256,192,35483,1,0,0:0:0:50:o-hihat.wav
475,192,35483,1,0,0:0:0:0:
36,192,35686,1,0,0:0:0:70:rpd.wav
182,192,35686,1,0,0:0:0:0:
329,192,35686,1,0,0:0:0:0:
402,192,35686,1,0,0:0:0:0:
182,192,35889,1,0,0:0:0:30:hihat.wav
475,192,35889,1,0,0:0:0:0:
36,192,36092,128,0,36598:0:0:0:50:kick.wav
109,192,36092,128,0,36598:0:0:0:50:o-hihat.wav
256,192,36092,1,0,0:0:0:0:
402,192,36092,1,0,0:0:0:0:
475,192,36092,1,0,0:0:0:0:
182,192,36294,1,0,0:0:0:50:snare.wav
329,192,36294,1,0,0:0:0:0:
475,192,36294,1,0,0:0:0:0:
329,192,36396,1,0,0:0:0:50:snare.wav
475,192,36396,1,0,0:0:0:0:
182,192,36497,1,0,0:0:0:50:kick.wav
256,192,36497,1,0,0:0:0:0:
329,192,36598,1,0,0:0:0:50:snare.wav
402,192,36598,1,0,0:0:0:0:
36,192,36700,1,0,0:0:0:50:kick.wav
109,192,36700,1,0,0:0:0:50:cymbal.wav
256,192,36700,1,0,0:0:0:0:
402,192,36700,1,0,0:0:0:0:
475,192,36700,1,0,0:0:0:0:
182,192,36902,1,0,0:0:0:30:hihat.wav
475,192,36902,1,0,0:0:0:0:
109,192,37004,1,0,0:0:0:50:kick.wav
329,192,37004,1,0,0:0:0:0:
36,192,37105,1,0,0:0:0:50:kick.wav
402,192,37105,1,0,0:0:0:50:o-hihat.wav
475,192,37105,1,0,0:0:0:0:
182,192,37206,1,0,0:0:0:0:
256,192,37206,1,0,0:0:0:0:
109,192,37308,1,0,0:0:0:30:hihat.wav
329,192,37308,1,0,0:0:0:0:
402,192,37308,1,0,0:0:0:0:
36,192,37510,1,0,0:0:0:30:hihat.wav
475,192,37510,1,0,0:0:0:0:
109,192,37612,1,0,0:0:0:50:kick.wav
329,192,37612,1,0,0:0:0:0:
182,192,37713,1,0,0:0:0:50:kick.wav
402,192,37713,1,0,0:0:0:0:
475,192,37713,1,0,0:0:0:0:
109,192,37815,1,0,0:0:0:0:
256,192,37815,1,0,0:0:0:0:
36,192,37916,1,0,0:0:0:50:snare.wav
329,192,37916,1,0,0:0:0:0:
402,192,37916,1,0,0:0:0:0:
475,192,37916,1,0,0:0:0:0:
329,192,38017,1,0,0:0:0:30:hihat.wav
402,192,38017,1,0,0:0:0:0:
109,192,38119,1,0,0:0:0:50:kick.wav
182,192,38119,1,0,0:0:0:0:
36,192,38220,1,0,0:0:0:0:
402,192,38220,1,0,0:0:0:0:
182,192,38321,1,0,0:0:0:50:kick.wav
256,192,38321,1,0,0:0:0:50:o-hihat.wav
329,192,38321,1,0,0:0:0:0:
475,192,38321,1,0,0:0:0:0:
36,192,38423,1,0,0:0:0:0:
109,192,38423,1,0,0:0:0:0:
182,192,38524,1,0,0:0:0:50:o-hihat.wav
329,192,38524,1,0,0:0:0:0:
475,192,38524,1,0,0:0:0:0:
36,192,38625,1,0,0:0:0:50:kick.wav
256,192,38625,1,0,0:0:0:0:
109,192,38727,1,0,0:0:0:50:kick.wav
329,192,38727,1,0,0:0:0:30:hihat.wav
475,192,38727,1,0,0:0:0:0:
36,192,38929,1,0,0:0:0:50:kick.wav
182,192,38929,1,0,0:0:0:0:
329,192,38929,1,0,0:0:0:0:
402,192,38929,1,0,0:0:0:0:
256,192,39132,1,0,0:0:0:30:hihat.wav
475,192,39132,1,0,0:0:0:0:
36,192,39335,1,0,0:0:0:50:kick.wav
109,192,39335,1,0,0:0:0:50:o-hihat.wav
329,192,39335,1,0,0:0:0:0:
402,192,39335,128,0,39842:0:0:0:0:
475,192,39335,128,0,39842:0:0:0:0:
36,192,39538,1,0,0:0:0:50:snare.wav
182,192,39538,1,0,0:0:0:0:
329,192,39538,1,0,0:0:0:0:
109,192,39639,1,0,0:0:0:50:tom01.wav
182,192,39639,1,0,0:0:0:0:
36,192,39740,1,0,0:0:0:50:tom02.wav
256,192,39740,1,0,0:0:0:0:
109,192,39842,1,0,0:0:0:50:tom03.wav
329,192,39842,1,0,0:0:0:0:
36,192,39943,1,0,0:0:0:50:kick.wav
182,192,39943,1,0,0:0:0:50:cymbal.wav
256,192,39943,1,0,0:0:0:0:
402,192,39943,1,0,0:0:0:0:
475,192,39943,1,0,0:0:0:0:
109,192,40146,1,0,0:0:0:30:hihat.wav
402,192,40146,1,0,0:0:0:0:
36,192,40247,1,0,0:0:0:50:kick.wav
182,192,40247,1,0,0:0:0:50:o-hihat.wav
329,192,40247,1,0,0:0:0:0:
475,192,40247,1,0,0:0:0:0:
36,192,40450,1,0,0:0:0:0:
475,192,40450,1,0,0:0:0:0:
109,192,40551,1,0,0:0:0:50:kick.wav
182,192,40551,1,0,0:0:0:50:cymbal.wav
329,192,40551,1,0,0:0:0:0:
402,192,40551,1,0,0:0:0:0:
182,192,40754,1,0,0:0:0:0:
109,192,40855,1,0,0:0:0:0:
329,192,40855,1,0,0:0:0:0:
402,192,40855,1,0,0:0:0:0:
182,192,40956,1,0,0:0:0:50:kick.wav
256,192,40956,1,0,0:0:0:30:hihat.wav
329,192,41058,1,0,0:0:0:0:
475,192,41058,1,0,0:0:0:0:
36,192,41159,1,0,0:0:0:50:snare.wav
109,192,41159,1,0,0:0:0:0:
256,192,41159,1,0,0:0:0:0:
402,192,41159,1,0,0:0:0:0:
36,192,41260,1,0,0:0:0:70:rpd.wav
109,192,41260,1,0,0:0:0:0:
329,192,41260,1,0,0:0:0:0:
402,192,41311,1,0,0:0:0:0:
182,192,41362,1,0,0:0:0:30:hihat.wav
256,192,41362,1,0,0:0:0:0:
475,192,41362,1,0,0:0:0:0:
36,192,41463,1,0,0:0:0:0:
329,192,41463,1,0,0:0:0:0:
109,192,41565,128,0,41869:0:0:0:50:kick.wav
182,192,41565,128,0,41869:0:0:0:50:o-hihat.wav
402,192,41565,1,0,0:0:0:0:
475,192,41565,1,0,0:0:0:0:
256,192,41869,1,0,0:0:0:50:kick.wav
402,192,41869,1,0,0:0:0:0:
36,192,41970,1,0,0:0:0:30:hihat.wav
109,192,41970,1,0,0:0:0:0:
329,192,41970,1,0,0:0:0:0:
475,192,41970,1,0,0:0:0:0:
36,192,42173,1,0,0:0:0:50:kick.wav
182,192,42173,1,0,0:0:0:50:o-hihat.wav
402,192,42173,1,0,0:0:0:0:
475,192,42173,1,0,0:0:0:0:
329,192,42223,1,0,0:0:0:0:
36,192,42375,1,0,0:0:0:0:
182,192,42375,1,0,0:0:0:0:
182,192,42578,1,0,0:0:0:30:hihat.wav
329,192,42578,1,0,0:0:0:0:
402,192,42578,1,0,0:0:0:0:
256,192,42679,1,0,0:0:0:0:
182,192,42730,1,0,0:0:0:0:
36,192,42781,1,0,0:0:0:50:snare.wav
109,192,42781,1,0,0:0:0:0:
329,192,42781,1,0,0:0:0:0:
475,192,42781,1,0,0:0:0:0:
329,192,42882,1,0,0:0:0:50:snare.wav
475,192,42882,1,0,0:0:0:0:
109,192,42983,1,0,0:0:0:50:kick.wav
256,192,42983,1,0,0:0:0:0:
182,192,43085,1,0,0:0:0:0:
329,192,43085,1,0,0:0:0:0:
36,192,43186,1,0,0:0:0:50:kick.wav
256,192,43186,1,0,0:0:0:50:cymbal.wav
402,192,43186,1,0,0:0:0:0:
475,192,43186,1,0,0:0:0:0:
109,192,43389,1,0,0:0:0:30:hihat.wav
402,192,43389,1,0,0:0:0:0:
36,192,43490,1,0,0:0:0:50:kick.wav
182,192,43490,1,0,0:0:0:30:hihat.wav
329,192,43490,1,0,0:0:0:0:
475,192,43490,1,0,0:0:0:0:
182,192,43693,1,0,0:0:0:70:rpd.wav
329,192,43693,1,0,0:0:0:0:
36,192,43794,1,0,0:0:0:50:kick.wav
109,192,43794,1,0,0:0:0:50:cymbal.wav
402,192,43794,1,0,0:0:0:0:
475,192,43794,1,0,0:0:0:0:
182,192,43997,1,0,0:0:0:0:
109,192,44098,1,0,0:0:0:0:
329,192,44098,1,0,0:0:0:0:
475,192,44098,1,0,0:0:0:0:
182,192,44200,1,0,0:0:0:50:kick.wav
402,192,44200,1,0,0:0:0:30:hihat.wav
36,192,44301,1,0,0:0:0:0:
256,192,44301,1,0,0:0:0:0:
109,192,44402,1,0,0:0:0:50:snare.wav
182,192,44402,1,0,0:0:0:0:
329,192,44402,1,0,0:0:0:0:
475,192,44402,1,0,0:0:0:0:
109,192,44504,1,0,0:0:0:0:
182,192,44504,1,0,0:0:0:0:
402,192,44504,1,0,0:0:0:0:
36,192,44605,1,0,0:0:0:30:hihat.wav
256,192,44605,1,0,0:0:0:0:
329,192,44639,1,0,0:0:0:0:
109,192,44706,1,0,0:0:0:0:
475,192,44706,1,0,0:0:0:0:
36,192,44808,1,0,0:0:0:50:kick.wav
182,192,44808,1,0,0:0:0:50:o-hihat.wav
329,192,44808,128,0,45112:0:0:0:0:
402,192,44808,128,0,45112:0:0:0:0:
109,192,45112,1,0,0:0:0:50:kick.wav
256,192,45112,1,0,0:0:0:0:
36,192,45213,1,0,0:0:0:30:hihat.wav
182,192,45213,1,0,0:0:0:0:
402,192,45213,1,0,0:0:0:0:
475,192,45213,1,0,0:0:0:0:
36,192,45416,1,0,0:0:0:50:kick.wav
182,192,45416,1,0,0:0:0:50:o-hihat.wav
402,192,45416,1,0,0:0:0:0:
475,192,45416,1,0,0:0:0:0:
329,192,45467,1,0,0:0:0:0:
36,192,45619,1,0,0:0:0:0:
182,192,45619,1,0,0:0:0:0:
182,192,45821,1,0,0:0:0:30:hihat.wav
402,192,45821,1,0,0:0:0:0:
475,192,45821,1,0,0:0:0:0:
36,192,46024,1,0,0:0:0:50:snare.wav
182,192,46024,1,0,0:0:0:0:
256,192,46024,1,0,0:0:0:0:
402,192,46024,1,0,0:0:0:0:
475,192,46024,1,0,0:0:0:0:
36,192,46125,1,0,0:0:0:50:snare.wav
402,192,46125,1,0,0:0:0:0:
475,192,46125,1,0,0:0:0:0:
182,192,46328,1,0,0:0:0:0:
36,192,46429,1,0,0:0:0:50:kick.wav
109,192,46429,1,0,0:0:0:30:hihat.wav
256,192,46429,1,0,0:0:0:0:
329,192,46429,1,0,0:0:0:0:
475,192,46429,1,0,0:0:0:0:
402,192,46565,1,0,0:0:0:0:
475,192,46632,1,0,0:0:0:0:
402,192,46767,1,0,0:0:0:0:
475,192,46835,1,0,0:0:0:30:o-hihat.wav
402,192,46970,1,0,0:0:0:0:
329,192,47038,1,0,0:0:0:0:
256,192,47173,1,0,0:0:0:0:
329,192,47375,1,0,0:0:0:0:
402,192,47578,1,0,0:0:0:0:
402,192,47781,1,0,0:0:0:0:
475,192,47848,1,0,0:0:0:0:
329,192,48017,1,0,0:0:0:0:
36,192,48051,1,0,0:0:0:20:kick.wav
256,192,48051,1,0,0:0:0:0:
109,192,48186,1,0,0:0:0:0:
182,192,48254,1,0,0:0:0:0:
109,192,48389,1,0,0:0:0:0:
182,192,48456,1,0,0:0:0:30:o-hihat.wav
109,192,48592,1,0,0:0:0:0:
36,192,48659,1,0,0:0:0:0:
109,192,48794,1,0,0:0:0:0:
182,192,48997,1,0,0:0:0:0:
256,192,49200,1,0,0:0:0:0:
109,192,49402,1,0,0:0:0:0:
36,192,49673,1,0,0:0:0:20:kick.wav
402,192,49673,1,0,0:0:0:0:
475,192,49706,1,0,0:0:0:0:
329,192,49808,1,0,0:0:0:0:
402,192,49875,1,0,0:0:0:0:
329,192,50010,1,0,0:0:0:0:
402,192,50078,1,0,0:0:0:30:o-hihat.wav
329,192,50213,1,0,0:0:0:0:
256,192,50281,1,0,0:0:0:0:
475,192,50416,1,0,0:0:0:0:
402,192,50619,1,0,0:0:0:0:
329,192,50821,1,0,0:0:0:0:
402,192,50923,1,0,0:0:0:0:
475,192,50956,1,0,0:0:0:0:
329,192,51024,1,0,0:0:0:0:
256,192,51092,1,0,0:0:0:0:
329,192,51227,1,0,0:0:0:0:
182,192,51294,1,0,0:0:0:20:kick.wav
475,192,51294,1,0,0:0:0:0:
36,192,51328,1,0,0:0:0:0:
109,192,51429,1,0,0:0:0:0:
182,192,51497,1,0,0:0:0:0:
109,192,51632,1,0,0:0:0:0:
182,192,51700,1,0,0:0:0:30:o-hihat.wav
109,192,51835,1,0,0:0:0:0:
36,192,51902,1,0,0:0:0:0:
109,192,52038,1,0,0:0:0:0:
402,192,52105,128,0,52815:0:0:0:50:bassdrop.wav
475,192,52105,128,0,52815:0:0:0:0:
182,192,52240,1,0,0:0:0:0:
256,192,52443,1,0,0:0:0:0:
36,192,52510,128,0,52815:0:0:0:50:o-hihat.wav
109,192,52510,128,0,52815:0:0:0:0:
329,192,52646,1,0,0:0:0:0:
36,192,52916,1,0,0:0:0:50:kick.wav
109,192,52916,1,0,0:0:0:50:cymbal.wav
256,192,52916,1,0,0:0:0:0:
402,192,52916,1,0,0:0:0:0:
475,192,52916,1,0,0:0:0:0:
182,192,53119,1,0,0:0:0:30:hihat.wav
475,192,53119,1,0,0:0:0:0:
109,192,53220,1,0,0:0:0:50:kick.wav
329,192,53220,1,0,0:0:0:0:
402,192,53220,1,0,0:0:0:0:
182,192,53321,1,0,0:0:0:30:hihat.wav
256,192,53321,1,0,0:0:0:0:
475,192,53321,1,0,0:0:0:0:
36,192,53423,1,0,0:0:0:70:rpd.wav
109,192,53423,1,0,0:0:0:0:
402,192,53423,1,0,0:0:0:0:
36,192,53524,1,0,0:0:0:50:kick.wav
182,192,53524,1,0,0:0:0:0:
329,192,53524,1,0,0:0:0:0:
256,192,53625,1,0,0:0:0:50:kick.wav
402,192,53625,1,0,0:0:0:30:hihat.wav
475,192,53625,1,0,0:0:0:0:
36,192,53727,1,0,0:0:0:0:
109,192,53727,1,0,0:0:0:0:
182,192,53828,1,0,0:0:0:70:rpd.wav
329,192,53828,1,0,0:0:0:0:
475,192,53828,1,0,0:0:0:0:
109,192,53929,1,0,0:0:0:50:kick.wav
256,192,53929,1,0,0:0:0:0:
475,192,53929,1,0,0:0:0:0:
36,192,54031,1,0,0:0:0:30:hihat.wav
329,192,54031,1,0,0:0:0:0:
402,192,54031,1,0,0:0:0:0:
109,192,54132,1,0,0:0:0:50:snare.wav
182,192,54132,1,0,0:0:0:0:
256,192,54132,1,0,0:0:0:0:
475,192,54132,1,0,0:0:0:0:
109,192,54233,1,0,0:0:0:30:hihat.wav
182,192,54233,1,0,0:0:0:0:
329,192,54335,1,0,0:0:0:50:o-hihat.wav
475,192,54335,1,0,0:0:0:0:
182,192,54436,1,0,0:0:0:0:
402,192,54436,1,0,0:0:0:0:
36,192,54538,1,0,0:0:0:50:kick.wav
109,192,54538,1,0,0:0:0:0:
256,192,54538,1,0,0:0:0:0:
329,192,54538,1,0,0:0:0:0:
402,192,54639,1,0,0:0:0:70:rpd.wav
475,192,54639,1,0,0:0:0:0:
109,192,54740,1,0,0:0:0:30:hihat.wav
182,192,54740,1,0,0:0:0:0:
329,192,54740,1,0,0:0:0:0:
182,192,54842,1,0,0:0:0:50:kick.wav
402,192,54842,1,0,0:0:0:0:
475,192,54842,1,0,0:0:0:0:
36,192,54943,1,0,0:0:0:30:hihat.wav
109,192,54943,1,0,0:0:0:0:
256,192,54943,1,0,0:0:0:0:
329,192,55044,1,0,0:0:0:0:
475,192,55044,1,0,0:0:0:0:
109,192,55146,1,0,0:0:0:50:kick.wav
182,192,55146,1,0,0:0:0:30:hihat.wav
329,192,55146,1,0,0:0:0:0:
256,192,55247,1,0,0:0:0:0:
402,192,55247,1,0,0:0:0:0:
475,192,55247,1,0,0:0:0:0:
36,192,55348,1,0,0:0:0:0:
109,192,55348,1,0,0:0:0:0:
182,192,55450,1,0,0:0:0:30:hihat.wav
402,192,55450,1,0,0:0:0:0:
475,192,55450,1,0,0:0:0:0:
109,192,55551,1,0,0:0:0:50:kick.wav
182,192,55551,1,0,0:0:0:30:hihat.wav
329,192,55551,1,0,0:0:0:0:
256,192,55652,1,0,0:0:0:0:
475,192,55652,1,0,0:0:0:0:
36,192,55754,1,0,0:0:0:50:snare.wav
109,192,55754,1,0,0:0:0:0:
329,192,55754,1,0,0:0:0:0:
402,192,55754,1,0,0:0:0:0:
329,192,55855,1,0,0:0:0:70:rpd.wav
402,192,55855,1,0,0:0:0:0:
256,192,55956,1,0,0:0:0:50:o-hihat.wav
182,192,56058,1,0,0:0:0:0:
329,192,56092,1,0,0:0:0:0:
402,192,56125,1,0,0:0:0:0:
36,192,56159,1,0,0:0:0:50:kick.wav
109,192,56159,1,0,0:0:0:0:
475,192,56159,1,0,0:0:0:0:
182,192,56260,1,0,0:0:0:0:
256,192,56260,1,0,0:0:0:0:
109,192,56362,1,0,0:0:0:70:rpd.wav
402,192,56362,1,0,0:0:0:0:
475,192,56362,1,0,0:0:0:0:
109,192,56463,1,0,0:0:0:50:kick.wav
182,192,56463,1,0,0:0:0:30:hihat.wav
329,192,56463,1,0,0:0:0:0:
256,192,56565,1,0,0:0:0:0:
402,192,56565,1,0,0:0:0:0:
475,192,56565,1,0,0:0:0:0:
36,192,56666,1,0,0:0:0:70:rpd.wav
109,192,56666,1,0,0:0:0:0:
329,192,56666,1,0,0:0:0:0:
256,192,56767,1,0,0:0:0:50:kick.wav
329,192,56767,1,0,0:0:0:0:
475,192,56767,1,0,0:0:0:0:
36,192,56869,1,0,0:0:0:50:kick.wav
109,192,56869,1,0,0:0:0:30:hihat.wav
182,192,56869,1,0,0:0:0:0:
329,192,56970,1,0,0:0:0:0:
475,192,56970,1,0,0:0:0:0:
36,192,57071,1,0,0:0:0:70:rpd.wav
182,192,57071,1,0,0:0:0:0:
256,192,57071,1,0,0:0:0:0:
109,192,57173,1,0,0:0:0:30:hihat.wav
402,192,57173,1,0,0:0:0:0:
475,192,57173,1,0,0:0:0:0:
36,192,57274,1,0,0:0:0:50:kick.wav
256,192,57274,1,0,0:0:0:0:
329,192,57274,1,0,0:0:0:0:
109,192,57375,1,0,0:0:0:50:snare.wav
182,192,57375,1,0,0:0:0:0:
402,192,57375,1,0,0:0:0:0:
475,192,57375,1,0,0:0:0:0:
109,192,57477,1,0,0:0:0:30:hihat.wav
182,192,57477,1,0,0:0:0:0:
256,192,57578,1,0,0:0:0:50:o-hihat.wav
475,192,57578,1,0,0:0:0:0:
109,192,57679,1,0,0:0:0:0:
329,192,57679,1,0,0:0:0:0:
36,192,57781,1,0,0:0:0:50:kick.wav
182,192,57781,1,0,0:0:0:0:
402,192,57781,1,0,0:0:0:0:
475,192,57781,1,0,0:0:0:0:
256,192,57916,1,0,0:0:0:0:
329,192,57916,1,0,0:0:0:0:
109,192,57983,1,0,0:0:0:30:hihat.wav
182,192,57983,1,0,0:0:0:0:
475,192,57983,1,0,0:0:0:0:
329,192,58119,1,0,0:0:0:0:
402,192,58119,1,0,0:0:0:0:
36,192,58186,1,0,0:0:0:30:hihat.wav
182,192,58186,1,0,0:0:0:0:
475,192,58186,1,0,0:0:0:0:
182,192,58321,1,0,0:0:0:0:
256,192,58321,1,0,0:0:0:0:
109,192,58389,1,0,0:0:0:50:kick.wav
402,192,58389,1,0,0:0:0:30:hihat.wav
475,192,58389,1,0,0:0:0:0:
256,192,58524,1,0,0:0:0:0:
329,192,58524,1,0,0:0:0:0:
36,192,58592,1,0,0:0:0:0:
109,192,58592,1,0,0:0:0:0:
402,192,58592,1,0,0:0:0:0:
182,192,58693,1,0,0:0:0:30:hihat.wav
475,192,58693,1,0,0:0:0:0:
402,192,58744,1,0,0:0:0:0:
36,192,58794,1,0,0:0:0:30:hihat.wav
256,192,58794,1,0,0:0:0:0:
329,192,58794,1,0,0:0:0:0:
109,192,58896,1,0,0:0:0:30:hihat.wav
182,192,58896,1,0,0:0:0:0:
402,192,58929,1,0,0:0:0:0:
36,192,58997,1,0,0:0:0:50:snare.wav
256,192,58997,1,0,0:0:0:0:
329,192,58997,1,0,0:0:0:0:
475,192,58997,1,0,0:0:0:0:
36,192,59098,1,0,0:0:0:70:rpd.wav
256,192,59098,1,0,0:0:0:30:hihat.wav
475,192,59098,1,0,0:0:0:0:
36,192,59301,1,0,0:0:0:70:rpd.wav
109,192,59301,1,0,0:0:0:0:
256,192,59301,1,0,0:0:0:0:
402,192,59301,1,0,0:0:0:0:
475,192,59301,1,0,0:0:0:0:
36,192,59402,128,0,60010:0:0:0:50:kick.wav
109,192,59402,1,0,0:0:0:50:cymbal.wav
182,192,59402,1,0,0:0:0:0:
402,192,59402,1,0,0:0:0:0:
475,192,59402,1,0,0:0:0:0:
329,192,59504,1,0,0:0:0:0:
256,192,59554,1,0,0:0:0:0:
182,192,59605,1,0,0:0:0:0:
256,192,59706,1,0,0:0:0:0:
329,192,59909,1,0,0:0:0:0:
256,192,59960,1,0,0:0:0:0:
109,192,60010,128,0,60213:0:0:0:50:o-hihat.wav
182,192,60010,1,0,0:0:0:0:
256,192,60112,1,0,0:0:0:0:
36,192,60213,1,0,0:0:0:70:rpd.wav
402,192,60213,1,0,0:0:0:50:o-hihat.wav
475,192,60213,128,0,61024:0:0:0:0:
36,192,61024,1,0,0:0:0:50:kick.wav
182,192,61024,1,0,0:0:0:50:cymbal.wav
256,192,61024,1,0,0:0:0:0:
402,192,61024,1,0,0:0:0:0:
36,192,61227,1,0,0:0:0:30:kick.wav
109,192,61227,1,0,0:0:0:30:hihat.wav
256,192,61328,1,0,0:0:0:0:
182,192,61429,1,0,0:0:0:30:kick.wav
402,192,61429,1,0,0:0:0:30:hihat.wav
475,192,61429,1,0,0:0:0:0:
329,192,61531,1,0,0:0:0:0:
36,192,61632,1,0,0:0:0:35:kick.wav
109,192,61632,1,0,0:0:0:30:hihat.wav
402,192,61632,1,0,0:0:0:0:
475,192,61733,1,0,0:0:0:30:hihat.wav
256,192,61835,1,0,0:0:0:35:kick.wav
329,192,61835,1,0,0:0:0:30:hihat.wav
182,192,61936,1,0,0:0:0:0:
36,192,62038,1,0,0:0:0:40:kick.wav
109,192,62038,1,0,0:0:0:30:hihat.wav
256,192,62038,1,0,0:0:0:0:
329,192,62139,1,0,0:0:0:0:
182,192,62240,1,0,0:0:0:60:rpd.wav
402,192,62240,1,0,0:0:0:0:
475,192,62240,1,0,0:0:0:0:
36,192,62443,1,0,0:0:0:40:kick.wav
109,192,62443,128,0,62646:0:0:0:50:o-hihat.wav
182,192,62443,128,0,62646:0:0:0:0:
256,192,62646,1,0,0:0:0:50:kick.wav
402,192,62646,1,0,0:0:0:50:o-hihat.wav
475,192,62646,1,0,0:0:0:0:
109,192,62747,1,0,0:0:0:0:
256,192,62848,1,0,0:0:0:50:kick.wav
329,192,62848,1,0,0:0:0:30:hihat.wav
182,192,62950,1,0,0:0:0:0:
402,192,63051,1,0,0:0:0:50:kick.wav
475,192,63051,1,0,0:0:0:30:hihat.wav
109,192,63152,1,0,0:0:0:0:
256,192,63254,1,0,0:0:0:50:kick.wav
329,192,63254,1,0,0:0:0:30:hihat.wav
402,192,63355,1,0,0:0:0:0:
36,192,63456,1,0,0:0:0:50:kick.wav
109,192,63456,1,0,0:0:0:30:hihat.wav
182,192,63558,1,0,0:0:0:0:
256,192,63659,1,0,0:0:0:50:kick.wav
329,192,63659,1,0,0:0:0:30:hihat.wav
36,192,63760,1,0,0:0:0:0:
109,192,63862,1,0,0:0:0:50:kick.wav
402,192,63862,1,0,0:0:0:30:hihat.wav
475,192,63862,1,0,0:0:0:0:
182,192,63963,1,0,0:0:0:50:snare.wav
402,192,63963,1,0,0:0:0:0:
475,192,63963,1,0,0:0:0:0:
36,192,64065,128,0,64267:0:0:0:50:o-hihat.wav
109,192,64065,128,0,64267:0:0:0:0:
256,192,64065,1,0,0:0:0:0:
329,192,64065,1,0,0:0:0:0:
256,192,64166,1,0,0:0:0:50:snare.wav
329,192,64166,1,0,0:0:0:0:
182,192,64267,1,0,0:0:0:50:kick.wav
402,192,64267,1,0,0:0:0:50:cymbal.wav
475,192,64267,1,0,0:0:0:0:
329,192,64369,1,0,0:0:0:0:
36,192,64470,1,0,0:0:0:50:kick.wav
109,192,64470,1,0,0:0:0:30:hihat.wav
402,192,64571,1,0,0:0:0:0:
182,192,64673,1,0,0:0:0:50:kick.wav
256,192,64673,1,0,0:0:0:30:hihat.wav
475,192,64673,1,0,0:0:0:0:
36,192,64875,1,0,0:0:0:50:kick.wav
109,192,64875,1,0,0:0:0:30:hihat.wav
329,192,64875,1,0,0:0:0:0:
256,192,64977,1,0,0:0:0:30:hihat.wav
402,192,65078,1,0,0:0:0:30:hihat.wav
475,192,65078,1,0,0:0:0:0:
182,192,65179,1,0,0:0:0:0:
36,192,65281,1,0,0:0:0:50:kick.wav
109,192,65281,1,0,0:0:0:30:hihat.wav
329,192,65281,1,0,0:0:0:0:
402,192,65382,1,0,0:0:0:0:
182,192,65483,1,0,0:0:0:70:rpd.wav
256,192,65483,1,0,0:0:0:0:
475,192,65483,1,0,0:0:0:0:
329,192,65686,1,0,0:0:0:50:snare.wav
402,192,65686,128,0,65889:0:0:0:30:hihat.wav
475,192,65686,128,0,65889:0:0:0:0:
36,192,65889,1,0,0:0:0:50:kick.wav
109,192,65889,1,0,0:0:0:50:o-hihat.wav
256,192,65889,1,0,0:0:0:0:
36,192,66092,1,0,0:0:0:50:kick.wav
402,192,66092,1,0,0:0:0:30:hihat.wav
475,192,66092,1,0,0:0:0:0:
256,192,66294,1,0,0:0:0:50:kick.wav
329,192,66294,1,0,0:0:0:30:hihat.wav
182,192,66497,1,0,0:0:0:50:kick.wav
402,192,66497,1,0,0:0:0:30:hihat.wav
475,192,66497,1,0,0:0:0:0:
36,192,66700,1,0,0:0:0:50:kick.wav
109,192,66700,1,0,0:0:0:30:hihat.wav
256,192,66902,1,0,0:0:0:50:kick.wav
402,192,66902,1,0,0:0:0:30:hihat.wav
475,192,66902,1,0,0:0:0:0:
36,192,67105,1,0,0:0:0:50:kick.wav
109,192,67105,1,0,0:0:0:30:hihat.wav
329,192,67105,1,0,0:0:0:0:
36,192,67206,1,0,0:0:0:50:snare.wav
109,192,67206,1,0,0:0:0:0:
256,192,67206,1,0,0:0:0:0:
182,192,67308,1,0,0:0:0:70:rpd.wav
402,192,67308,1,0,0:0:0:0:
475,192,67308,1,0,0:0:0:0:
256,192,67409,1,0,0:0:0:50:snare.wav
402,192,67409,1,0,0:0:0:0:
475,192,67409,1,0,0:0:0:0:
36,192,67510,1,0,0:0:0:50:kick.wav
109,192,67510,1,0,0:0:0:50:cymbal.wav
182,192,67510,1,0,0:0:0:0:
329,192,67510,1,0,0:0:0:0:
36,192,67713,1,0,0:0:0:30:hihat.wav
109,192,67713,1,0,0:0:0:0:
475,192,67713,1,0,0:0:0:0:
182,192,67815,1,0,0:0:0:0:
402,192,67815,1,0,0:0:0:0:
109,192,67916,1,0,0:0:0:50:kick.wav
182,192,67916,1,0,0:0:0:0:
329,192,67916,1,0,0:0:0:0:
256,192,68017,1,0,0:0:0:0:
402,192,68017,1,0,0:0:0:0:
36,192,68119,1,0,0:0:0:30:hihat.wav
329,192,68119,1,0,0:0:0:0:
475,192,68119,1,0,0:0:0:0:
109,192,68220,1,0,0:0:0:0:
256,192,68220,1,0,0:0:0:0:
182,192,68321,1,0,0:0:0:50:kick.wav
329,192,68321,1,0,0:0:0:0:
402,192,68321,1,0,0:0:0:0:
36,192,68423,1,0,0:0:0:70:rpd.wav
109,192,68423,1,0,0:0:0:0:
329,192,68423,1,0,0:0:0:0:
182,192,68524,1,0,0:0:0:30:hihat.wav
402,192,68524,1,0,0:0:0:0:
109,192,68625,1,0,0:0:0:0:
329,192,68625,1,0,0:0:0:0:
36,192,68727,1,0,0:0:0:70:rpd.wav
256,192,68727,1,0,0:0:0:0:
402,192,68727,1,0,0:0:0:0:
475,192,68727,1,0,0:0:0:0:
402,192,68828,1,0,0:0:0:50:kick.wav
475,192,68828,1,0,0:0:0:0:
36,192,68929,1,0,0:0:0:50:o-hihat.wav
109,192,68929,128,0,69132:0:0:0:0:
182,192,68929,128,0,69132:0:0:0:0:
256,192,69132,1,0,0:0:0:50:kick.wav
402,192,69132,1,0,0:0:0:50:o-hihat.wav
475,192,69132,1,0,0:0:0:0:
36,192,69233,1,0,0:0:0:0:
182,192,69233,1,0,0:0:0:0:
109,192,69335,1,0,0:0:0:30:hihat.wav
256,192,69335,1,0,0:0:0:0:
475,192,69335,1,0,0:0:0:0:
182,192,69436,1,0,0:0:0:50:kick.wav
402,192,69436,1,0,0:0:0:0:
109,192,69538,1,0,0:0:0:50:kick.wav
329,192,69538,1,0,0:0:0:0:
402,192,69538,1,0,0:0:0:0:
36,192,69639,1,0,0:0:0:0:
256,192,69639,1,0,0:0:0:0:
109,192,69740,1,0,0:0:0:30:hihat.wav
182,192,69740,1,0,0:0:0:0:
402,192,69740,1,0,0:0:0:0:
256,192,69842,1,0,0:0:0:0:
475,192,69842,1,0,0:0:0:0:
36,192,69943,1,0,0:0:0:50:kick.wav
329,192,69943,1,0,0:0:0:0:
109,192,70044,1,0,0:0:0:70:rpd.wav
182,192,70044,1,0,0:0:0:0:
475,192,70044,1,0,0:0:0:0:
109,192,70146,1,0,0:0:0:70:rpd.wav
329,192,70146,1,0,0:0:0:30:hihat.wav
402,192,70146,1,0,0:0:0:0:
182,192,70247,1,0,0:0:0:0:
256,192,70247,1,0,0:0:0:0:
36,192,70348,1,0,0:0:0:70:rpd.wav
402,192,70348,1,0,0:0:0:0:
475,192,70348,1,0,0:0:0:0:
182,192,70450,1,0,0:0:0:70:rpd.wav
402,192,70450,1,0,0:0:0:0:
475,192,70450,1,0,0:0:0:0:
36,192,70551,128,0,70754:0:0:0:50:o-hihat.wav
109,192,70551,128,0,70754:0:0:0:0:
256,192,70551,1,0,0:0:0:0:
329,192,70551,1,0,0:0:0:0:
256,192,70652,1,0,0:0:0:50:snare.wav
329,192,70652,1,0,0:0:0:0:
182,192,70754,1,0,0:0:0:50:kick.wav
402,192,70754,1,0,0:0:0:50:cymbal.wav
475,192,70754,1,0,0:0:0:0:
329,192,70855,1,0,0:0:0:0:
36,192,70956,1,0,0:0:0:30:hihat.wav
109,192,70956,1,0,0:0:0:0:
256,192,70956,1,0,0:0:0:0:
182,192,71058,1,0,0:0:0:50:kick.wav
402,192,71058,1,0,0:0:0:0:
109,192,71159,1,0,0:0:0:50:kick.wav
182,192,71159,1,0,0:0:0:0:
475,192,71159,1,0,0:0:0:0:
36,192,71362,1,0,0:0:0:50:kick.wav
109,192,71362,1,0,0:0:0:30:hihat.wav
329,192,71362,1,0,0:0:0:0:
182,192,71463,1,0,0:0:0:0:
402,192,71463,1,0,0:0:0:0:
36,192,71565,1,0,0:0:0:50:kick.wav
329,192,71565,1,0,0:0:0:0:
475,192,71565,1,0,0:0:0:0:
182,192,71666,1,0,0:0:0:70:rpd.wav
329,192,71666,1,0,0:0:0:0:
36,192,71767,1,0,0:0:0:30:hihat.wav
109,192,71767,1,0,0:0:0:0:
256,192,71767,1,0,0:0:0:0:
329,192,71869,1,0,0:0:0:0:
402,192,71869,1,0,0:0:0:0:
36,192,71970,1,0,0:0:0:50:snare.wav
109,192,71970,1,0,0:0:0:0:
182,192,71970,1,0,0:0:0:0:
475,192,71970,1,0,0:0:0:0:
109,192,72071,1,0,0:0:0:50:snare.wav
182,192,72071,1,0,0:0:0:0:
329,192,72173,1,0,0:0:0:50:o-hihat.wav
402,192,72173,128,0,72375:0:0:0:0:
475,192,72173,128,0,72375:0:0:0:0:
36,192,72375,1,0,0:0:0:50:kick.wav
109,192,72375,1,0,0:0:0:50:o-hihat.wav
256,192,72375,1,0,0:0:0:0:
36,192,72578,1,0,0:0:0:30:hihat.wav
329,192,72578,1,0,0:0:0:0:
475,192,72578,1,0,0:0:0:0:
329,192,72679,1,0,0:0:0:50:snare.wav
475,192,72679,1,0,0:0:0:0:
109,192,72781,1,0,0:0:0:50:kick.wav
182,192,72781,1,0,0:0:0:0:
256,192,72781,1,0,0:0:0:0:
36,192,72983,1,0,0:0:0:30:hihat.wav
182,192,72983,1,0,0:0:0:0:
475,192,72983,1,0,0:0:0:0:
36,192,73085,1,0,0:0:0:30:hihat.wav
182,192,73085,1,0,0:0:0:0:
256,192,73186,1,0,0:0:0:50:kick.wav
329,192,73186,1,0,0:0:0:0:
402,192,73186,1,0,0:0:0:0:
36,192,73288,1,0,0:0:0:50:snare.wav
109,192,73288,1,0,0:0:0:0:
182,192,73288,1,0,0:0:0:0:
475,192,73288,1,0,0:0:0:0:
109,192,73389,1,0,0:0:0:50:tom01.wav
182,192,73389,1,0,0:0:0:0:
329,192,73389,1,0,0:0:0:0:
402,192,73389,1,0,0:0:0:0:
109,192,73490,1,0,0:0:0:50:tom02.wav
182,192,73490,1,0,0:0:0:0:
329,192,73490,1,0,0:0:0:0:
402,192,73490,1,0,0:0:0:0:
36,192,73592,1,0,0:0:0:50:tom03.wav
329,192,73592,1,0,0:0:0:0:
402,192,73592,1,0,0:0:0:0:
256,192,73625,1,0,0:0:0:0:
182,192,73659,1,0,0:0:0:0:
109,192,73693,1,0,0:0:0:0:
475,192,73693,1,0,0:0:0:0:
402,192,73727,1,0,0:0:0:0:
329,192,73760,1,0,0:0:0:0:
36,192,73794,1,0,0:0:0:0:
182,192,73794,1,0,0:0:0:0:
256,192,73828,1,0,0:0:0:0:
329,192,73862,1,0,0:0:0:0:
109,192,73896,1,0,0:0:0:0:
402,192,73896,1,0,0:0:0:0:
182,192,73929,1,0,0:0:0:0:
256,192,73963,1,0,0:0:0:0:
36,192,73997,1,0,0:0:0:50:snare.wav
109,192,73997,1,0,0:0:0:50:cymbal.wav
329,192,73997,1,0,0:0:0:0:
475,192,73997,1,0,0:0:0:0:
402,192,73997,1,0,0:0:0:0:
36,192,74200,1,0,0:0:0:50:snare.wav
109,192,74200,1,0,0:0:0:0:
329,192,74200,1,0,0:0:0:0:
402,192,74200,1,0,0:0:0:0:
182,192,74301,1,0,0:0:0:50:kick.wav
256,192,74301,1,0,0:0:0:0:
475,192,74301,1,0,0:0:0:0:
36,192,74402,1,0,0:0:0:30:hihat.wav
329,192,74402,1,0,0:0:0:0:
109,192,74504,1,0,0:0:0:50:kick.wav
402,192,74504,1,0,0:0:0:0:
182,192,74605,1,0,0:0:0:50:snare.wav
256,192,74605,1,0,0:0:0:0:
475,192,74605,1,0,0:0:0:0:
109,192,74706,1,0,0:0:0:0:
329,192,74706,1,0,0:0:0:0:
36,192,74808,1,0,0:0:0:50:kick.wav
182,192,74808,1,0,0:0:0:30:hihat.wav
402,192,74808,1,0,0:0:0:0:
475,192,74808,1,0,0:0:0:0:
402,192,75010,1,0,0:0:0:50:snare.wav
475,192,75010,1,0,0:0:0:0:
36,192,75112,1,0,0:0:0:50:kick.wav
109,192,75112,1,0,0:0:0:0:
256,192,75112,1,0,0:0:0:0:
329,192,75112,1,0,0:0:0:0:
256,192,75315,1,0,0:0:0:50:kick.wav
329,192,75315,1,0,0:0:0:0:
36,192,75416,1,0,0:0:0:50:snare.wav
109,192,75416,1,0,0:0:0:0:
402,192,75416,1,0,0:0:0:0:
475,192,75416,1,0,0:0:0:0:
182,192,75517,1,0,0:0:0:30:hihat.wav
256,192,75517,1,0,0:0:0:0:
36,192,75619,1,0,0:0:0:50:snare.wav
109,192,75619,1,0,0:0:0:50:o-hihat.wav
402,192,75619,128,0,75821:0:0:0:0:
475,192,75619,128,0,75821:0:0:0:0:
256,192,75821,1,0,0:0:0:50:kick.wav
329,192,75821,1,0,0:0:0:30:hihat.wav
109,192,75923,1,0,0:0:0:50:snare.wav
182,192,75923,1,0,0:0:0:50:o-hihat.wav
256,192,75923,128,0,76125:0:0:0:0:
329,192,75923,128,0,76125:0:0:0:0:
402,192,76125,1,0,0:0:0:50:kick.wav
475,192,76125,1,0,0:0:0:30:hihat.wav
36,192,76227,1,0,0:0:0:50:snare.wav
109,192,76227,1,0,0:0:0:50:o-hihat.wav
402,192,76227,128,0,76429:0:0:0:0:
475,192,76227,128,0,76429:0:0:0:0:
182,192,76328,1,0,0:0:0:0:
329,192,76328,1,0,0:0:0:0:
36,192,76429,1,0,0:0:0:50:kick.wav
256,192,76429,1,0,0:0:0:0:
109,192,76531,1,0,0:0:0:50:snare.wav
182,192,76531,1,0,0:0:0:0:
475,192,76531,1,0,0:0:0:0:
182,192,76632,1,0,0:0:0:30:hihat.wav
402,192,76632,1,0,0:0:0:0:
109,192,76733,1,0,0:0:0:50:kick.wav
329,192,76733,1,0,0:0:0:0:
36,192,76835,1,0,0:0:0:50:snare.wav
256,192,76835,1,0,0:0:0:0:
402,192,76835,1,0,0:0:0:0:
475,192,76835,1,0,0:0:0:0:
402,192,76936,1,0,0:0:0:50:snare.wav
475,192,76936,1,0,0:0:0:0:
109,192,77038,1,0,0:0:0:50:kick.wav
256,192,77038,1,0,0:0:0:30:hihat.wav
182,192,77139,1,0,0:0:0:50:snare.wav
329,192,77139,1,0,0:0:0:0:
402,192,77139,1,0,0:0:0:0:
36,192,77240,1,0,0:0:0:50:kick.wav
109,192,77240,1,0,0:0:0:50:cymbal.wav
329,192,77240,1,0,0:0:0:0:
402,192,77240,1,0,0:0:0:0:
475,192,77240,1,0,0:0:0:0:
36,192,77443,1,0,0:0:0:50:snare.wav
109,192,77443,1,0,0:0:0:0:
329,192,77443,1,0,0:0:0:0:
402,192,77443,1,0,0:0:0:0:
182,192,77544,1,0,0:0:0:50:kick.wav
256,192,77544,1,0,0:0:0:0:
475,192,77544,1,0,0:0:0:0:
36,192,77646,1,0,0:0:0:30:hihat.wav
329,192,77646,1,0,0:0:0:0:
109,192,77747,1,0,0:0:0:50:kick.wav
402,192,77747,1,0,0:0:0:0:
182,192,77848,1,0,0:0:0:50:snare.wav
329,192,77848,1,0,0:0:0:0:
475,192,77848,1,0,0:0:0:0:
109,192,77950,1,0,0:0:0:0:
256,192,77950,1,0,0:0:0:0:
36,192,78051,1,0,0:0:0:50:kick.wav
182,192,78051,1,0,0:0:0:30:hihat.wav
402,192,78051,1,0,0:0:0:0:
475,192,78051,1,0,0:0:0:0:
402,192,78254,1,0,0:0:0:50:snare.wav
475,192,78254,1,0,0:0:0:0:
36,192,78355,1,0,0:0:0:50:kick.wav
109,192,78355,1,0,0:0:0:0:
256,192,78355,1,0,0:0:0:0:
329,192,78355,1,0,0:0:0:0:
256,192,78558,1,0,0:0:0:50:kick.wav
329,192,78558,1,0,0:0:0:0:
36,192,78659,1,0,0:0:0:50:snare.wav
109,192,78659,1,0,0:0:0:0:
402,192,78659,1,0,0:0:0:0:
475,192,78659,1,0,0:0:0:0:
182,192,78760,1,0,0:0:0:30:hihat.wav
256,192,78760,1,0,0:0:0:0:
36,192,78862,1,0,0:0:0:50:snare.wav
109,192,78862,1,0,0:0:0:50:o-hihat.wav
402,192,78862,128,0,79065:0:0:0:0:
475,192,78862,128,0,79065:0:0:0:0:
256,192,79065,1,0,0:0:0:50:kick.wav
329,192,79065,1,0,0:0:0:30:hihat.wav
109,192,79166,1,0,0:0:0:50:snare.wav
182,192,79166,1,0,0:0:0:50:o-hihat.wav
256,192,79166,128,0,79369:0:0:0:0:
329,192,79166,128,0,79369:0:0:0:0:
402,192,79369,1,0,0:0:0:50:kick.wav
475,192,79369,1,0,0:0:0:30:hihat.wav
36,192,79470,1,0,0:0:0:50:snare.wav
109,192,79470,1,0,0:0:0:50:o-hihat.wav
402,192,79470,128,0,79673:0:0:0:0:
475,192,79470,128,0,79673:0:0:0:0:
182,192,79571,1,0,0:0:0:0:
329,192,79571,1,0,0:0:0:0:
36,192,79673,1,0,0:0:0:50:kick.wav
256,192,79673,1,0,0:0:0:0:
109,192,79774,1,0,0:0:0:50:snare.wav
182,192,79774,1,0,0:0:0:0:
475,192,79774,1,0,0:0:0:0:
182,192,79875,1,0,0:0:0:30:hihat.wav
402,192,79875,1,0,0:0:0:0:
109,192,79977,1,0,0:0:0:50:kick.wav
329,192,79977,1,0,0:0:0:0:
36,192,80078,1,0,0:0:0:50:snare.wav
256,192,80078,1,0,0:0:0:50:tom01.wav
402,192,80078,1,0,0:0:0:0:
475,192,80078,1,0,0:0:0:0:
182,192,80179,1,0,0:0:0:50:tom02.wav
402,192,80179,1,0,0:0:0:0:
475,192,80179,1,0,0:0:0:0:
36,192,80281,1,0,0:0:0:50:kick.wav
109,192,80281,1,0,0:0:0:30:hihat.wav
256,192,80281,1,0,0:0:0:0:
36,192,80382,1,0,0:0:0:50:snare.wav
109,192,80382,1,0,0:0:0:0:
329,192,80382,1,0,0:0:0:0:
36,192,80483,1,0,0:0:0:50:kick.wav
109,192,80483,1,0,0:0:0:50:cymbal.wav
256,192,80483,1,0,0:0:0:0:
402,192,80483,1,0,0:0:0:0:
475,192,80483,1,0,0:0:0:0:
36,192,80686,1,0,0:0:0:50:snare.wav
109,192,80686,1,0,0:0:0:0:
402,192,80686,1,0,0:0:0:0:
475,192,80686,1,0,0:0:0:0:
182,192,80788,1,0,0:0:0:50:kick.wav
256,192,80788,1,0,0:0:0:0:
329,192,80788,1,0,0:0:0:0:
109,192,80889,1,0,0:0:0:30:hihat.wav
475,192,80889,1,0,0:0:0:0:
256,192,80990,1,0,0:0:0:50:kick.wav
402,192,80990,1,0,0:0:0:0:
36,192,81092,1,0,0:0:0:50:snare.wav
182,192,81092,1,0,0:0:0:0:
329,192,81092,1,0,0:0:0:0:
109,192,81193,1,0,0:0:0:0:
402,192,81193,1,0,0:0:0:0:
36,192,81294,1,0,0:0:0:50:kick.wav
182,192,81294,1,0,0:0:0:30:hihat.wav
256,192,81294,1,0,0:0:0:0:
475,192,81294,1,0,0:0:0:0:
182,192,81497,1,0,0:0:0:50:snare.wav
256,192,81497,1,0,0:0:0:0:
36,192,81598,1,0,0:0:0:50:kick.wav
109,192,81598,1,0,0:0:0:0:
402,192,81598,1,0,0:0:0:0:
475,192,81598,1,0,0:0:0:0:
402,192,81801,1,0,0:0:0:50:kick.wav
475,192,81801,1,0,0:0:0:0:
36,192,81902,1,0,0:0:0:50:snare.wav
109,192,81902,1,0,0:0:0:0:
256,192,81902,1,0,0:0:0:0:
329,192,81902,1,0,0:0:0:0:
182,192,82004,1,0,0:0:0:30:hihat.wav
402,192,82004,1,0,0:0:0:0:
36,192,82105,128,0,82308:0:0:0:50:snare.wav
109,192,82105,128,0,82308:0:0:0:50:o-hihat.wav
256,192,82105,1,0,0:0:0:0:
475,192,82105,1,0,0:0:0:0:
182,192,82308,1,0,0:0:0:50:kick.wav
256,192,82308,1,0,0:0:0:30:hihat.wav
182,192,82409,128,0,82612:0:0:0:50:snare.wav
256,192,82409,128,0,82612:0:0:0:50:o-hihat.wav
329,192,82409,1,0,0:0:0:0:
402,192,82409,1,0,0:0:0:0:
36,192,82612,1,0,0:0:0:50:kick.wav
109,192,82612,1,0,0:0:0:30:hihat.wav
36,192,82713,128,0,82916:0:0:0:50:snare.wav
109,192,82713,128,0,82916:0:0:0:50:o-hihat.wav
402,192,82713,1,0,0:0:0:0:
475,192,82713,1,0,0:0:0:0:
182,192,82815,1,0,0:0:0:0:
329,192,82815,1,0,0:0:0:0:
256,192,82916,1,0,0:0:0:50:kick.wav
475,192,82916,1,0,0:0:0:0:
109,192,83017,1,0,0:0:0:50:snare.wav
182,192,83017,1,0,0:0:0:0:
402,192,83017,1,0,0:0:0:0:
109,192,83119,1,0,0:0:0:30:hihat.wav
329,192,83119,1,0,0:0:0:0:
256,192,83220,1,0,0:0:0:50:kick.wav
475,192,83220,1,0,0:0:0:0:
36,192,83321,1,0,0:0:0:50:snare.wav
182,192,83321,1,0,0:0:0:50:tom01.wav
329,192,83321,1,0,0:0:0:0:
402,192,83321,1,0,0:0:0:0:
329,192,83423,1,0,0:0:0:50:tom02.wav
402,192,83423,1,0,0:0:0:0:
109,192,83524,1,0,0:0:0:50:kick.wav
256,192,83524,1,0,0:0:0:30:hihat.wav
182,192,83625,1,0,0:0:0:50:snare.wav
402,192,83625,1,0,0:0:0:0:
475,192,83625,1,0,0:0:0:0:
36,192,83727,1,0,0:0:0:50:kick.wav
109,192,83727,1,0,0:0:0:50:cymbal.wav
329,192,83727,1,0,0:0:0:0:
402,192,83727,1,0,0:0:0:0:
475,192,83727,1,0,0:0:0:0:
36,192,83929,1,0,0:0:0:50:snare.wav
109,192,83929,1,0,0:0:0:0:
402,192,83929,1,0,0:0:0:0:
475,192,83929,1,0,0:0:0:0:
182,192,84031,1,0,0:0:0:50:kick.wav
256,192,84031,1,0,0:0:0:0:
329,192,84031,1,0,0:0:0:0:
36,192,84132,1,0,0:0:0:30:hihat.wav
402,192,84132,1,0,0:0:0:0:
109,192,84233,1,0,0:0:0:50:kick.wav
256,192,84233,1,0,0:0:0:0:
182,192,84335,1,0,0:0:0:50:snare.wav
402,192,84335,1,0,0:0:0:0:
475,192,84335,1,0,0:0:0:0:
109,192,84436,1,0,0:0:0:0:
329,192,84436,1,0,0:0:0:0:
36,192,84538,1,0,0:0:0:50:kick.wav
182,192,84538,1,0,0:0:0:30:hihat.wav
256,192,84538,1,0,0:0:0:0:
475,192,84538,1,0,0:0:0:0:
182,192,84740,1,0,0:0:0:50:snare.wav
256,192,84740,1,0,0:0:0:0:
36,192,84842,1,0,0:0:0:50:kick.wav
109,192,84842,1,0,0:0:0:0:
402,192,84842,1,0,0:0:0:0:
475,192,84842,1,0,0:0:0:0:
402,192,85044,1,0,0:0:0:50:kick.wav
475,192,85044,1,0,0:0:0:0:
36,192,85146,1,0,0:0:0:50:snare.wav
109,192,85146,1,0,0:0:0:0:
256,192,85146,1,0,0:0:0:0:
329,192,85146,1,0,0:0:0:0:
36,192,85247,1,0,0:0:0:50:snare.wav
109,192,85247,1,0,0:0:0:0:
256,192,85348,1,0,0:0:0:50:kick.wav
329,192,85348,1,0,0:0:0:0:
475,192,85348,1,0,0:0:0:0:
36,192,85551,1,0,0:0:0:50:snare.wav
109,192,85551,1,0,0:0:0:50:o-hihat.wav
256,192,85551,128,0,85754:0:0:0:0:
329,192,85551,128,0,85754:0:0:0:0:
402,192,85551,128,0,85754:0:0:0:0:
36,192,85754,1,0,0:0:0:50:kick.wav
109,192,85754,1,0,0:0:0:30:hihat.wav
36,192,85855,128,0,86058:0:0:0:50:snare.wav
109,192,85855,128,0,86058:0:0:0:50:o-hihat.wav
182,192,85855,128,0,86058:0:0:0:0:
329,192,85855,1,0,0:0:0:0:
402,192,85855,1,0,0:0:0:0:
329,192,86058,1,0,0:0:0:50:kick.wav
402,192,86058,1,0,0:0:0:30:hihat.wav
109,192,86159,1,0,0:0:0:50:snare.wav
182,192,86159,1,0,0:0:0:50:o-hihat.wav
329,192,86159,128,0,86362:0:0:0:0:
402,192,86159,128,0,86362:0:0:0:0:
475,192,86159,128,0,86362:0:0:0:0:
36,192,86362,1,0,0:0:0:50:kick.wav
109,192,86362,1,0,0:0:0:0:
182,192,86362,1,0,0:0:0:0:
329,192,86463,1,0,0:0:0:50:snare.wav
402,192,86463,1,0,0:0:0:0:
475,192,86463,1,0,0:0:0:0:
36,192,86565,1,0,0:0:0:30:hihat.wav
109,192,86565,1,0,0:0:0:0:
256,192,86565,1,0,0:0:0:0:
182,192,86666,1,0,0:0:0:50:tom01.wav
402,192,86666,1,0,0:0:0:0:
475,192,86666,1,0,0:0:0:0:
182,192,86767,1,0,0:0:0:50:tom02.wav
402,192,86767,1,0,0:0:0:0:
475,192,86767,1,0,0:0:0:0:
36,192,86869,1,0,0:0:0:50:tom03.wav
109,192,86869,1,0,0:0:0:0:
329,192,86869,1,0,0:0:0:0:
36,192,86970,1,0,0:0:0:50:kick.wav
109,192,86970,1,0,0:0:0:50:cymbal.wav
256,192,86970,1,0,0:0:0:0:
402,192,86970,1,0,0:0:0:0:
475,192,86970,1,0,0:0:0:0:
182,192,87386,1,0,0:0:0:0:
256,192,87490,1,0,0:0:0:0:
329,192,87595,1,0,0:0:0:0:
402,192,87699,1,0,0:0:0:0:
475,192,87803,1,0,0:0:0:50:tom01.wav
256,192,88011,1,0,0:0:0:0:
402,192,88115,1,0,0:0:0:0:
182,192,88324,1,0,0:0:0:0:
329,192,88532,1,0,0:0:0:0:
109,192,88740,1,0,0:0:0:0:
402,192,88949,1,0,0:0:0:0:
329,192,89053,1,0,0:0:0:0:
256,192,89157,1,0,0:0:0:0:
182,192,89261,1,0,0:0:0:0:
109,192,89365,1,0,0:0:0:0:
36,192,89470,1,0,0:0:0:0:
475,192,89470,128,0,90303:0:0:0:0:
256,192,89782,1,0,0:0:0:0:
109,192,89990,1,0,0:0:0:0:
256,192,90303,1,0,0:0:0:0:
329,192,90338,1,0,0:0:0:0:
182,192,90720,1,0,0:0:0:0:
329,192,90824,1,0,0:0:0:0:
256,192,90858,1,0,0:0:0:0:
36,192,90928,1,0,0:0:0:0:
402,192,90997,1,0,0:0:0:0:
329,192,91136,1,0,0:0:0:0:
109,192,91345,1,0,0:0:0:0:
475,192,91449,1,0,0:0:0:0:
402,192,91657,1,0,0:0:0:0:
256,192,91865,1,0,0:0:0:0:
36,192,91970,128,0,92699:0:0:0:50:tom01.wav
182,192,92074,1,0,0:0:0:0:
402,192,92282,1,0,0:0:0:0:
329,192,92386,1,0,0:0:0:70:ride.wav
475,192,92386,128,0,92699:0:0:0:0:
182,192,92699,1,0,0:0:0:70:rpd.wav
329,192,92699,1,0,0:0:0:0:
109,192,92751,1,0,0:0:0:70:rpd.wav
402,192,92751,1,0,0:0:0:0:
36,192,92803,1,0,0:0:0:70:rpd.wav
475,192,92803,1,0,0:0:0:0:
109,192,92907,1,0,0:0:0:0:
182,192,92907,1,0,0:0:0:0:
329,192,92907,1,0,0:0:0:0:
402,192,92907,1,0,0:0:0:0:
36,192,93115,1,0,0:0:0:0:
109,192,93115,1,0,0:0:0:0:
402,192,93115,1,0,0:0:0:0:
475,192,93115,1,0,0:0:0:0:
182,192,93324,1,0,0:0:0:0:
402,192,93324,1,0,0:0:0:0:
475,192,93324,1,0,0:0:0:0:
36,192,93428,1,0,0:0:0:70:tom03.wav
109,192,93428,1,0,0:0:0:0:
329,192,93428,1,0,0:0:0:0:
36,192,93636,1,0,0:0:0:50:kick.wav
256,192,93636,1,0,0:0:0:50:cymbal.wav
475,192,93636,1,0,0:0:0:0:
329,192,93669,1,0,0:0:0:0:
109,192,93838,1,0,0:0:0:30:hihat.wav
182,192,93838,1,0,0:0:0:0:
475,192,93838,1,0,0:0:0:0:
329,192,93940,1,0,0:0:0:50:kick.wav
402,192,93940,1,0,0:0:0:0:
36,192,94041,1,0,0:0:0:0:
256,192,94041,1,0,0:0:0:0:
182,192,94142,1,0,0:0:0:30:hihat.wav
402,192,94142,1,0,0:0:0:0:
182,192,94244,1,0,0:0:0:50:kick.wav
329,192,94244,1,0,0:0:0:0:
475,192,94244,1,0,0:0:0:0:
36,192,94345,1,0,0:0:0:0:
256,192,94345,1,0,0:0:0:0:
109,192,94446,1,0,0:0:0:0:
475,192,94446,1,0,0:0:0:0:
182,192,94548,1,0,0:0:0:70:rpd.wav
329,192,94548,1,0,0:0:0:0:
36,192,94649,1,0,0:0:0:50:kick.wav
109,192,94649,1,0,0:0:0:30:hihat.wav
329,192,94649,1,0,0:0:0:0:
402,192,94750,1,0,0:0:0:0:
475,192,94750,1,0,0:0:0:0:
36,192,94852,1,0,0:0:0:50:snare.wav
109,192,94852,1,0,0:0:0:0:
182,192,94852,1,0,0:0:0:0:
36,192,94953,1,0,0:0:0:70:rpd.wav
109,192,94953,1,0,0:0:0:0:
182,192,94953,1,0,0:0:0:0:
329,192,95054,128,0,95257:0:0:0:50:o-hihat.wav
402,192,95054,128,0,95257:0:0:0:0:
475,192,95054,1,0,0:0:0:0:
36,192,95257,1,0,0:0:0:50:kick.wav
256,192,95257,1,0,0:0:0:0:
475,192,95257,1,0,0:0:0:0:
182,192,95291,1,0,0:0:0:0:
109,192,95358,1,0,0:0:0:70:rpd.wav
109,192,95460,1,0,0:0:0:30:hihat.wav
329,192,95460,1,0,0:0:0:0:
402,192,95460,1,0,0:0:0:0:
182,192,95561,1,0,0:0:0:50:kick.wav
256,192,95561,1,0,0:0:0:0:
36,192,95663,1,0,0:0:0:0:
329,192,95663,1,0,0:0:0:0:
402,192,95764,1,0,0:0:0:0:
475,192,95764,1,0,0:0:0:0:
109,192,95865,1,0,0:0:0:50:kick.wav
182,192,95865,1,0,0:0:0:30:hihat.wav
402,192,95865,1,0,0:0:0:0:
475,192,95967,1,0,0:0:0:0:
329,192,96000,1,0,0:0:0:0:
109,192,96068,1,0,0:0:0:0:
256,192,96068,1,0,0:0:0:0:
109,192,96271,1,0,0:0:0:50:kick.wav
329,192,96271,1,0,0:0:0:30:hihat.wav
402,192,96271,1,0,0:0:0:0:
36,192,96372,1,0,0:0:0:0:
256,192,96372,1,0,0:0:0:0:
182,192,96473,1,0,0:0:0:50:snare.wav
402,192,96473,1,0,0:0:0:0:
475,192,96473,1,0,0:0:0:0:
182,192,96575,1,0,0:0:0:50:snare.wav
402,192,96575,1,0,0:0:0:0:
475,192,96575,1,0,0:0:0:0:
256,192,96676,1,0,0:0:0:30:hihat.wav
329,192,96676,1,0,0:0:0:0:
109,192,96777,1,0,0:0:0:50:snare.wav
402,192,96777,1,0,0:0:0:0:
475,192,96777,1,0,0:0:0:0:
36,192,96879,1,0,0:0:0:50:kick.wav
182,192,96879,1,0,0:0:0:0:
256,192,96879,1,0,0:0:0:0:
329,192,96913,1,0,0:0:0:0:
109,192,97081,1,0,0:0:0:30:hihat.wav
182,192,97081,1,0,0:0:0:0:
475,192,97081,1,0,0:0:0:0:
329,192,97183,1,0,0:0:0:50:kick.wav
402,192,97183,1,0,0:0:0:0:
36,192,97284,1,0,0:0:0:0:
256,192,97284,1,0,0:0:0:0:
182,192,97386,1,0,0:0:0:70:rpd.wav
402,192,97386,1,0,0:0:0:0:
182,192,97487,1,0,0:0:0:50:kick.wav
329,192,97487,1,0,0:0:0:30:hihat.wav
475,192,97487,1,0,0:0:0:0:
36,192,97588,1,0,0:0:0:0:
256,192,97588,1,0,0:0:0:0:
109,192,97690,1,0,0:0:0:0:
475,192,97690,1,0,0:0:0:0:
182,192,97791,1,0,0:0:0:70:rpd.wav
329,192,97791,1,0,0:0:0:0:
36,192,97892,1,0,0:0:0:50:kick.wav
109,192,97892,1,0,0:0:0:30:hihat.wav
329,192,97892,1,0,0:0:0:0:
402,192,97994,1,0,0:0:0:0:
475,192,97994,1,0,0:0:0:0:
36,192,98095,1,0,0:0:0:50:snare.wav
109,192,98095,1,0,0:0:0:0:
182,192,98095,1,0,0:0:0:0:
36,192,98196,1,0,0:0:0:70:rpd.wav
109,192,98196,1,0,0:0:0:0:
182,192,98196,1,0,0:0:0:0:
329,192,98298,128,0,98500:0:0:0:50:o-hihat.wav
402,192,98298,128,0,98500:0:0:0:0:
475,192,98298,1,0,0:0:0:0:
36,192,98500,1,0,0:0:0:50:kick.wav
256,192,98500,1,0,0:0:0:0:
475,192,98500,1,0,0:0:0:0:
182,192,98534,1,0,0:0:0:0:
109,192,98602,1,0,0:0:0:70:rpd.wav
256,192,98703,1,0,0:0:0:30:hihat.wav
402,192,98703,1,0,0:0:0:0:
475,192,98703,1,0,0:0:0:0:
36,192,98804,1,0,0:0:0:50:kick.wav
109,192,98804,1,0,0:0:0:0:
402,192,98804,1,0,0:0:0:0:
182,192,98906,1,0,0:0:0:0:
329,192,98906,1,0,0:0:0:0:
109,192,99007,1,0,0:0:0:0:
256,192,99007,1,0,0:0:0:0:
109,192,99108,1,0,0:0:0:50:kick.wav
402,192,99108,1,0,0:0:0:50:o-hihat.wav
475,192,99108,1,0,0:0:0:0:
256,192,99210,1,0,0:0:0:0:
329,192,99244,1,0,0:0:0:0:
402,192,99277,1,0,0:0:0:0:
109,192,99311,128,0,99514:0:0:0:50:snare.wav
182,192,99311,128,0,99514:0:0:0:0:
475,192,99311,1,0,0:0:0:0:
329,192,99514,1,0,0:0:0:30:hihat.wav
402,192,99514,1,0,0:0:0:0:
109,192,99615,1,0,0:0:0:50:snare.wav
182,192,99615,1,0,0:0:0:0:
475,192,99615,1,0,0:0:0:0:
109,192,99717,1,0,0:0:0:30:hihat.wav
182,192,99717,1,0,0:0:0:0:
329,192,99717,1,0,0:0:0:0:
329,192,99818,1,0,0:0:0:50:snare.wav
402,192,99818,1,0,0:0:0:0:
475,192,99818,1,0,0:0:0:0:
36,192,99919,1,0,0:0:0:50:tom01.wav
109,192,99919,1,0,0:0:0:0:
256,192,99919,1,0,0:0:0:0:
36,192,100021,1,0,0:0:0:50:tom02.wav
109,192,100021,1,0,0:0:0:0:
329,192,100021,1,0,0:0:0:0:
36,192,100122,1,0,0:0:0:50:kick.wav
182,192,100122,1,0,0:0:0:50:cymbal.wav
256,192,100122,1,0,0:0:0:0:
402,192,100122,1,0,0:0:0:0:
475,192,100122,1,0,0:0:0:0:
109,192,100325,1,0,0:0:0:30:hihat.wav
329,192,100325,1,0,0:0:0:0:
402,192,100325,1,0,0:0:0:0:
182,192,100426,1,0,0:0:0:0:
256,192,100426,1,0,0:0:0:0:
36,192,100527,1,0,0:0:0:30:hihat.wav
402,192,100527,1,0,0:0:0:0:
475,192,100527,1,0,0:0:0:0:
109,192,100629,1,0,0:0:0:70:rpd.wav
182,192,100629,1,0,0:0:0:0:
329,192,100629,1,0,0:0:0:0:
36,192,100730,1,0,0:0:0:50:kick.wav
329,192,100730,1,0,0:0:0:30:hihat.wav
475,192,100730,1,0,0:0:0:0:
182,192,100831,1,0,0:0:0:0:
256,192,100831,1,0,0:0:0:0:
36,192,100933,1,0,0:0:0:30:hihat.wav
109,192,100933,1,0,0:0:0:0:
475,192,100933,1,0,0:0:0:0:
182,192,101034,1,0,0:0:0:70:rpd.wav
329,192,101034,1,0,0:0:0:0:
402,192,101034,1,0,0:0:0:0:
36,192,101136,1,0,0:0:0:50:kick.wav
182,192,101136,1,0,0:0:0:30:hihat.wav
475,192,101136,1,0,0:0:0:0:
256,192,101237,1,0,0:0:0:0:
329,192,101237,1,0,0:0:0:0:
36,192,101338,1,0,0:0:0:50:snare.wav
109,192,101338,1,0,0:0:0:0:
182,192,101338,1,0,0:0:0:0:
475,192,101338,1,0,0:0:0:0:
182,192,101440,1,0,0:0:0:70:rpd.wav
329,192,101440,1,0,0:0:0:0:
402,192,101440,1,0,0:0:0:0:
36,192,101541,128,0,101744:0:0:0:50:o-hihat.wav
109,192,101541,128,0,101744:0:0:0:0:
329,192,101541,1,0,0:0:0:0:
402,192,101541,1,0,0:0:0:0:
329,192,101642,1,0,0:0:0:0:
402,192,101642,1,0,0:0:0:0:
329,192,101744,1,0,0:0:0:50:kick.wav
402,192,101744,1,0,0:0:0:0:
182,192,101845,1,0,0:0:0:0:
256,192,101845,1,0,0:0:0:0:
36,192,101946,1,0,0:0:0:30:hihat.wav
402,192,101946,1,0,0:0:0:0:
475,192,101946,1,0,0:0:0:0:
109,192,102048,1,0,0:0:0:50:kick.wav
256,192,102048,1,0,0:0:0:0:
182,192,102149,1,0,0:0:0:30:hihat.wav
402,192,102149,1,0,0:0:0:0:
475,192,102149,1,0,0:0:0:0:
36,192,102250,1,0,0:0:0:0:
329,192,102250,1,0,0:0:0:0:
109,192,102352,1,0,0:0:0:50:kick.wav
182,192,102352,1,0,0:0:0:50:o-hihat.wav
402,192,102352,1,0,0:0:0:0:
256,192,102453,1,0,0:0:0:0:
329,192,102453,1,0,0:0:0:0:
36,192,102554,1,0,0:0:0:30:hihat.wav
182,192,102554,1,0,0:0:0:0:
475,192,102554,1,0,0:0:0:0:
36,192,102757,1,0,0:0:0:50:kick.wav
182,192,102757,1,0,0:0:0:30:hihat.wav
329,192,102757,1,0,0:0:0:0:
256,192,102858,1,0,0:0:0:0:
475,192,102858,1,0,0:0:0:0:
36,192,102960,1,0,0:0:0:50:snare.wav
329,192,102960,1,0,0:0:0:0:
402,192,102960,1,0,0:0:0:0:
36,192,103061,1,0,0:0:0:50:snare.wav
329,192,103061,1,0,0:0:0:0:
402,192,103061,1,0,0:0:0:0:
182,192,103163,1,0,0:0:0:0:
256,192,103163,1,0,0:0:0:0:
36,192,103264,1,0,0:0:0:70:rpd.wav
329,192,103264,1,0,0:0:0:0:
402,192,103264,1,0,0:0:0:0:
109,192,103365,1,0,0:0:0:50:kick.wav
182,192,103365,1,0,0:0:0:50:cymbal.wav
256,192,103365,1,0,0:0:0:0:
402,192,103365,1,0,0:0:0:0:
475,192,103365,1,0,0:0:0:0:
109,192,103568,1,0,0:0:0:30:hihat.wav
182,192,103568,1,0,0:0:0:0:
329,192,103568,1,0,0:0:0:0:
256,192,103669,1,0,0:0:0:50:kick.wav
402,192,103669,1,0,0:0:0:0:
36,192,103771,1,0,0:0:0:30:hihat.wav
329,192,103771,1,0,0:0:0:0:
475,192,103771,1,0,0:0:0:0:
109,192,103872,1,0,0:0:0:70:rpd.wav
182,192,103872,1,0,0:0:0:0:
402,192,103872,1,0,0:0:0:0:
256,192,103973,1,0,0:0:0:50:kick.wav
402,192,103973,1,0,0:0:0:30:hihat.wav
475,192,103973,1,0,0:0:0:0:
36,192,104075,1,0,0:0:0:0:
109,192,104075,1,0,0:0:0:0:
182,192,104176,1,0,0:0:0:30:hihat.wav
329,192,104176,1,0,0:0:0:0:
475,192,104176,1,0,0:0:0:0:
109,192,104277,1,0,0:0:0:70:rpd.wav
256,192,104277,1,0,0:0:0:0:
402,192,104277,1,0,0:0:0:0:
36,192,104379,1,0,0:0:0:50:kick.wav
109,192,104379,1,0,0:0:0:0:
475,192,104379,1,0,0:0:0:0:
182,192,104480,1,0,0:0:0:0:
256,192,104480,1,0,0:0:0:0:
36,192,104581,1,0,0:0:0:50:snare.wav
329,192,104581,1,0,0:0:0:0:
402,192,104581,1,0,0:0:0:0:
475,192,104581,1,0,0:0:0:0:
109,192,104683,1,0,0:0:0:70:rpd.wav
182,192,104683,1,0,0:0:0:0:
329,192,104683,1,0,0:0:0:0:
109,192,104784,1,0,0:0:0:50:o-hihat.wav
182,192,104784,1,0,0:0:0:0:
402,192,104784,128,0,104987:0:0:0:0:
475,192,104784,128,0,104987:0:0:0:0:
109,192,104885,1,0,0:0:0:0:
182,192,104885,1,0,0:0:0:0:
109,192,104987,1,0,0:0:0:50:kick.wav
182,192,104987,1,0,0:0:0:0:
256,192,105088,1,0,0:0:0:0:
329,192,105088,1,0,0:0:0:0:
36,192,105190,1,0,0:0:0:30:hihat.wav
182,192,105190,1,0,0:0:0:0:
475,192,105190,1,0,0:0:0:0:
109,192,105291,1,0,0:0:0:50:kick.wav
329,192,105291,1,0,0:0:0:0:
256,192,105392,1,0,0:0:0:30:hihat.wav
402,192,105392,1,0,0:0:0:0:
475,192,105392,1,0,0:0:0:0:
36,192,105494,1,0,0:0:0:0:
329,192,105494,1,0,0:0:0:0:
109,192,105595,1,0,0:0:0:50:kick.wav
182,192,105595,1,0,0:0:0:30:hihat.wav
475,192,105595,1,0,0:0:0:0:
36,192,105696,1,0,0:0:0:0:
256,192,105696,1,0,0:0:0:0:
182,192,105798,1,0,0:0:0:30:hihat.wav
402,192,105798,1,0,0:0:0:0:
475,192,105798,1,0,0:0:0:0:
36,192,106000,128,0,106203:0:0:0:50:kick.wav
109,192,106000,128,0,106203:0:0:0:50:o-hihat.wav
402,192,106000,1,0,0:0:0:0:
256,192,106102,1,0,0:0:0:0:
329,192,106102,1,0,0:0:0:0:
182,192,106203,1,0,0:0:0:50:snare.wav
402,192,106203,1,0,0:0:0:0:
475,192,106203,1,0,0:0:0:0:
182,192,106304,1,0,0:0:0:50:snare.wav
402,192,106304,1,0,0:0:0:0:
475,192,106304,1,0,0:0:0:0:
256,192,106406,1,0,0:0:0:0:
329,192,106406,1,0,0:0:0:0:
36,192,106507,1,0,0:0:0:50:snare.wav
109,192,106507,1,0,0:0:0:0:
402,192,106507,1,0,0:0:0:0:
36,192,106608,1,0,0:0:0:50:kick.wav
109,192,106608,1,0,0:0:0:50:cymbal.wav
182,192,106608,1,0,0:0:0:0:
329,192,106608,1,0,0:0:0:0:
475,192,106608,1,0,0:0:0:0:
109,192,106811,1,0,0:0:0:30:hihat.wav
329,192,106811,1,0,0:0:0:0:
475,192,106811,1,0,0:0:0:0:
182,192,106913,1,0,0:0:0:0:
256,192,106913,1,0,0:0:0:0:
36,192,107014,1,0,0:0:0:30:hihat.wav
402,192,107014,1,0,0:0:0:0:
475,192,107014,1,0,0:0:0:0:
109,192,107115,1,0,0:0:0:70:rpd.wav
182,192,107115,1,0,0:0:0:0:
329,192,107115,1,0,0:0:0:0:
36,192,107217,1,0,0:0:0:50:kick.wav
329,192,107217,1,0,0:0:0:0:
475,192,107217,1,0,0:0:0:0:
182,192,107318,1,0,0:0:0:0:
256,192,107318,1,0,0:0:0:0:
36,192,107419,1,0,0:0:0:30:hihat.wav
109,192,107419,1,0,0:0:0:0:
475,192,107419,1,0,0:0:0:0:
182,192,107521,1,0,0:0:0:70:rpd.wav
329,192,107521,1,0,0:0:0:0:
402,192,107521,1,0,0:0:0:0:
36,192,107622,1,0,0:0:0:50:kick.wav
182,192,107622,1,0,0:0:0:30:hihat.wav
475,192,107622,1,0,0:0:0:0:
256,192,107723,1,0,0:0:0:0:
329,192,107723,1,0,0:0:0:0:
36,192,107825,1,0,0:0:0:50:snare.wav
109,192,107825,1,0,0:0:0:30:hihat.wav
182,192,107825,1,0,0:0:0:0:
402,192,107825,1,0,0:0:0:0:
182,192,107926,1,0,0:0:0:70:rpd.wav
329,192,107926,1,0,0:0:0:0:
475,192,107926,1,0,0:0:0:0:
36,192,108027,128,0,108230:0:0:0:50:o-hihat.wav
109,192,108027,128,0,108230:0:0:0:0:
329,192,108027,1,0,0:0:0:0:
475,192,108027,1,0,0:0:0:0:
329,192,108129,1,0,0:0:0:0:
475,192,108129,1,0,0:0:0:0:
329,192,108230,1,0,0:0:0:50:kick.wav
475,192,108230,1,0,0:0:0:50:cymbal.wav
109,192,108331,1,0,0:0:0:0:
182,192,108331,1,0,0:0:0:0:
36,192,108433,1,0,0:0:0:30:hihat.wav
256,192,108433,1,0,0:0:0:0:
475,192,108433,1,0,0:0:0:0:
182,192,108534,1,0,0:0:0:0:
402,192,108534,1,0,0:0:0:0:
36,192,108635,1,0,0:0:0:30:hihat.wav
109,192,108635,1,0,0:0:0:0:
256,192,108635,1,0,0:0:0:0:
402,192,108737,1,0,0:0:0:0:
475,192,108737,1,0,0:0:0:0:
36,192,108838,1,0,0:0:0:50:kick.wav
182,192,108838,1,0,0:0:0:50:o-hihat.wav
256,192,108838,1,0,0:0:0:0:
109,192,108940,1,0,0:0:0:0:
329,192,108940,1,0,0:0:0:0:
182,192,109041,1,0,0:0:0:30:hihat.wav
402,192,109041,1,0,0:0:0:0:
475,192,109041,1,0,0:0:0:0:
182,192,109244,1,0,0:0:0:50:kick.wav
329,192,109244,1,0,0:0:0:30:hihat.wav
475,192,109244,1,0,0:0:0:0:
36,192,109345,1,0,0:0:0:0:
256,192,109345,1,0,0:0:0:0:
109,192,109446,1,0,0:0:0:50:snare.wav
182,192,109446,1,0,0:0:0:0:
475,192,109446,1,0,0:0:0:0:
109,192,109548,1,0,0:0:0:50:snare.wav
182,192,109548,1,0,0:0:0:0:
475,192,109548,1,0,0:0:0:0:
256,192,109649,1,0,0:0:0:0:
329,192,109649,1,0,0:0:0:0:
109,192,109750,1,0,0:0:0:70:rpd.wav
182,192,109750,1,0,0:0:0:0:
475,192,109750,1,0,0:0:0:0:
36,192,109852,1,0,0:0:0:50:kick.wav
109,192,109852,1,0,0:0:0:50:cymbal.wav
256,192,109852,1,0,0:0:0:0:
329,192,109852,1,0,0:0:0:0:
402,192,109852,1,0,0:0:0:0:
109,192,110054,1,0,0:0:0:30:hihat.wav
182,192,110054,1,0,0:0:0:0:
475,192,110054,1,0,0:0:0:0:
256,192,110156,1,0,0:0:0:0:
402,192,110156,1,0,0:0:0:0:
36,192,110257,1,0,0:0:0:30:hihat.wav
109,192,110257,1,0,0:0:0:0:
329,192,110257,1,0,0:0:0:0:
182,192,110358,1,0,0:0:0:70:rpd.wav
256,192,110358,1,0,0:0:0:0:
402,192,110358,1,0,0:0:0:0:
109,192,110460,1,0,0:0:0:50:kick.wav
402,192,110460,1,0,0:0:0:0:
475,192,110460,1,0,0:0:0:0:
36,192,110561,1,0,0:0:0:0:
256,192,110561,1,0,0:0:0:0:
182,192,110663,1,0,0:0:0:30:hihat.wav
402,192,110663,1,0,0:0:0:0:
475,192,110663,1,0,0:0:0:0:
109,192,110764,1,0,0:0:0:70:rpd.wav
256,192,110764,1,0,0:0:0:0:
329,192,110764,1,0,0:0:0:0:
36,192,110865,1,0,0:0:0:50:kick.wav
109,192,110865,1,0,0:0:0:30:hihat.wav
475,192,110865,1,0,0:0:0:0:
182,192,110967,1,0,0:0:0:0:
256,192,110967,1,0,0:0:0:0:
109,192,111068,1,0,0:0:0:50:snare.wav
329,192,111068,1,0,0:0:0:30:hihat.wav
402,192,111068,1,0,0:0:0:0:
475,192,111068,1,0,0:0:0:0:
36,192,111169,1,0,0:0:0:70:rpd.wav
182,192,111169,1,0,0:0:0:0:
329,192,111169,1,0,0:0:0:0:
36,192,111271,1,0,0:0:0:50:o-hihat.wav
182,192,111271,1,0,0:0:0:0:
402,192,111271,128,0,111473:0:0:0:0:
475,192,111271,128,0,111473:0:0:0:0:
36,192,111372,1,0,0:0:0:0:
182,192,111372,1,0,0:0:0:0:
36,192,111473,1,0,0:0:0:50:kick.wav
182,192,111473,1,0,0:0:0:50:cymbal.wav
329,192,111575,1,0,0:0:0:70:rpd.wav
402,192,111575,1,0,0:0:0:0:
36,192,111676,1,0,0:0:0:30:hihat.wav
109,192,111676,1,0,0:0:0:0:
475,192,111676,1,0,0:0:0:0:
182,192,111777,1,0,0:0:0:0:
329,192,111777,1,0,0:0:0:0:
36,192,111879,1,0,0:0:0:30:hihat.wav
256,192,111879,1,0,0:0:0:0:
475,192,111879,1,0,0:0:0:0:
182,192,111980,1,0,0:0:0:0:
402,192,111980,1,0,0:0:0:0:
36,192,112081,1,0,0:0:0:50:kick.wav
256,192,112081,1,0,0:0:0:50:o-hihat.wav
475,192,112081,1,0,0:0:0:0:
109,192,112183,1,0,0:0:0:0:
402,192,112183,1,0,0:0:0:0:
36,192,112284,128,0,112487:0:0:0:50:snare.wav
109,192,112284,1,0,0:0:0:30:hihat.wav
256,192,112284,1,0,0:0:0:0:
402,192,112284,1,0,0:0:0:0:
475,192,112284,128,0,112487:0:0:0:0:
329,192,112487,1,0,0:0:0:50:kick.wav
109,192,112588,1,0,0:0:0:0:
256,192,112588,1,0,0:0:0:0:
36,192,112690,1,0,0:0:0:50:snare.wav
182,192,112690,1,0,0:0:0:0:
402,192,112690,1,0,0:0:0:0:
475,192,112690,1,0,0:0:0:0:
182,192,112791,1,0,0:0:0:50:snare.wav
402,192,112791,1,0,0:0:0:50:tom01.wav
475,192,112791,1,0,0:0:0:0:
36,192,112892,1,0,0:0:0:50:tom02.wav
109,192,112892,1,0,0:0:0:0:
256,192,112892,1,0,0:0:0:0:
329,192,112892,1,0,0:0:0:0:
36,192,112994,1,0,0:0:0:50:tom03.wav
109,192,112994,1,0,0:0:0:0:
329,192,112994,1,0,0:0:0:0:
36,192,113095,1,0,0:0:0:50:kick.wav
109,192,113095,1,0,0:0:0:50:cymbal.wav
182,192,113095,1,0,0:0:0:0:
329,192,113095,1,0,0:0:0:0:
402,192,113095,1,0,0:0:0:0:
475,192,113095,1,0,0:0:0:0:
256,192,113196,1,0,0:0:0:0:
329,192,113298,1,0,0:0:0:0:
402,192,113399,1,0,0:0:0:0:
109,192,113500,1,0,0:0:0:0:
182,192,113602,1,0,0:0:0:0:
256,192,113703,1,0,0:0:0:0:
329,192,113804,1,0,0:0:0:0:
36,192,113906,1,0,0:0:0:0:
109,192,114007,1,0,0:0:0:0:
182,192,114108,1,0,0:0:0:0:
256,192,114210,1,0,0:0:0:0:
329,192,114311,1,0,0:0:0:0:
402,192,114413,1,0,0:0:0:0:
475,192,114514,1,0,0:0:0:0:
256,192,114615,1,0,0:0:0:50:tom01.wav
402,192,114717,1,0,0:0:0:0:
182,192,114852,1,0,0:0:0:0:
329,192,114987,1,0,0:0:0:0:
109,192,115122,1,0,0:0:0:0:
256,192,115257,1,0,0:0:0:0:
36,192,115392,1,0,0:0:0:50:tom01.wav
475,192,115527,1,0,0:0:0:0:
182,192,115629,1,0,0:0:0:0:
402,192,115764,1,0,0:0:0:0:
109,192,115933,1,0,0:0:0:0:
329,192,116068,1,0,0:0:0:0:
36,192,116203,1,0,0:0:0:0:
109,192,116338,128,0,119075:0:0:0:0:
329,192,116406,128,0,119075:0:0:0:0:
402,192,116440,128,0,119075:0:0:0:0:
182,192,117656,128,0,118568:0:0:0:50:tom01.wav
256,192,117656,128,0,118568:0:0:0:30:bassdrop.wav
