[Metadata]
fragment of tears
SYNC.ART'S
asda
BOF2011 Nakamura Meiko
76
00

[TimingPoints]
5194,342.857142857143,4,2,2,100,1,0
101194,685.714285714286,4,2,2,100,1,0
103937,342.857142857143,4,2,2,100,1,0
124508,685.714285714286,4,2,2,100,1,0
129994,342.857142857143,4,2,2,100,1,0


[HitObjects]
36,192,6565,5,0,0:0:0:0:
475,192,6565,1,0,0:0:0:0:
109,0,6565,128,0,9222:0:0:0:0:
402,192,6565,1,0,0:0:0:0:
329,192,6565,1,0,0:0:0:0:
182,192,7079,1,0,0:0:0:0:
329,192,7594,1,0,0:0:0:0:
475,192,8108,1,0,0:0:0:0:
402,192,8622,1,0,0:0:0:0:
256,192,8965,1,0,0:0:0:0:
36,192,9136,1,0,0:0:0:0:
329,192,9308,1,0,0:0:0:0:
402,192,9308,1,0,0:0:0:0:
475,0,9308,128,0,11965:0:0:0:0:
36,192,9308,1,0,0:0:0:0:
109,192,9308,1,0,0:0:0:0:
256,192,9308,1,0,0:0:0:0:
182,192,9822,1,0,0:0:0:0:
329,192,10336,1,0,0:0:0:0:
109,192,10851,1,0,0:0:0:0:
256,192,11365,1,0,0:0:0:0:
36,192,11536,1,0,0:0:0:0:
402,192,11708,1,0,0:0:0:0:
109,192,11708,1,0,0:0:0:0:
36,192,11708,1,0,0:0:0:0:
182,192,11794,1,0,0:0:0:0:
256,192,11879,1,0,0:0:0:0:
475,192,12051,1,0,0:0:0:0:
329,192,12051,1,0,0:0:0:0:
36,192,12051,1,0,0:0:0:0:
402,192,12136,1,0,0:0:0:0:
475,192,12222,1,0,0:0:0:0:
329,192,12394,1,0,0:0:0:0:
256,192,12394,1,0,0:0:0:0:
402,192,12479,1,0,0:0:0:0:
329,192,12565,1,0,0:0:0:0:
182,192,12565,1,0,0:0:0:0:
256,192,12736,1,0,0:0:0:0:
36,192,12736,1,0,0:0:0:0:
109,192,12822,1,0,0:0:0:0:
36,192,12908,1,0,0:0:0:0:
329,192,13079,1,0,0:0:0:0:
256,192,13079,1,0,0:0:0:0:
182,192,13079,1,0,0:0:0:0:
109,192,13165,1,0,0:0:0:0:
182,192,13251,1,0,0:0:0:0:
402,192,13422,1,0,0:0:0:0:
256,192,13422,1,0,0:0:0:0:
182,192,13508,1,0,0:0:0:0:
475,192,13594,1,0,0:0:0:0:
256,192,13594,1,0,0:0:0:0:
402,192,13765,1,0,0:0:0:0:
109,192,13765,1,0,0:0:0:0:
182,192,13851,1,0,0:0:0:0:
109,192,13936,1,0,0:0:0:0:
329,192,14108,1,0,0:0:0:0:
256,192,14108,1,0,0:0:0:0:
36,192,14108,1,0,0:0:0:0:
402,192,14194,1,0,0:0:0:0:
329,192,14279,1,0,0:0:0:0:
36,192,14365,1,0,0:0:0:0:
475,192,14451,1,0,0:0:0:0:
256,192,14451,1,0,0:0:0:0:
109,192,14451,1,0,0:0:0:0:
402,192,14536,1,0,0:0:0:0:
475,192,14622,1,0,0:0:0:0:
182,192,14622,1,0,0:0:0:0:
256,192,14708,1,0,0:0:0:0:
402,192,14794,1,0,0:0:0:0:
475,192,14794,1,0,0:0:0:0:
329,192,14794,1,0,0:0:0:0:
36,192,14794,1,0,0:0:0:0:
109,192,14794,1,0,0:0:0:0:
256,192,14879,1,0,0:0:0:0:
182,192,14879,1,0,0:0:0:0:
475,192,14965,1,0,0:0:0:0:
36,192,14965,1,0,0:0:0:0:
182,192,15051,1,0,0:0:0:0:
109,192,15051,1,0,0:0:0:0:
475,192,15136,1,0,0:0:0:0:
402,192,15136,1,0,0:0:0:0:
109,192,15222,1,0,0:0:0:0:
36,192,15222,1,0,0:0:0:0:
402,192,15308,1,0,0:0:0:0:
329,192,15308,1,0,0:0:0:0:
256,192,15308,1,0,0:0:0:0:
475,192,15394,1,0,0:0:0:0:
36,192,15394,1,0,0:0:0:0:
329,192,15479,1,0,0:0:0:0:
402,192,15479,1,0,0:0:0:0:
256,192,15479,1,0,0:0:0:0:
109,192,15479,1,0,0:0:0:0:
182,192,15479,1,0,0:0:0:0:
475,192,15565,1,0,0:0:0:0:
36,192,15565,1,0,0:0:0:0:
256,192,15651,1,0,0:0:0:0:
182,192,15651,1,0,0:0:0:0:
109,192,15736,1,0,0:0:0:0:
36,192,15736,1,0,0:0:0:0:
402,192,15822,1,0,0:0:0:0:
329,192,15822,1,0,0:0:0:0:
256,192,15822,1,0,0:0:0:0:
182,192,15908,1,0,0:0:0:0:
109,192,15908,1,0,0:0:0:0:
475,192,15994,1,0,0:0:0:0:
402,192,15994,1,0,0:0:0:0:
329,192,16079,1,0,0:0:0:0:
256,192,16079,1,0,0:0:0:0:
402,0,16165,128,0,16422:0:0:0:0:
475,192,16165,1,0,0:0:0:0:
182,192,16165,1,0,0:0:0:0:
36,192,16165,1,0,0:0:0:0:
109,192,16165,1,0,0:0:0:0:
329,0,16251,128,0,16422:0:0:0:0:
475,0,16336,128,0,16422:0:0:0:0:
256,0,16336,128,0,16594:0:0:0:0:
182,0,16422,128,0,16508:0:0:0:0:
402,192,16508,1,0,0:0:0:0:
475,192,16508,1,0,0:0:0:0:
329,192,16508,1,0,0:0:0:0:
36,192,16508,1,0,0:0:0:0:
109,0,16508,128,0,16765:0:0:0:0:
182,0,16594,128,0,16765:0:0:0:0:
256,0,16679,128,0,16936:0:0:0:0:
36,0,16679,128,0,16765:0:0:0:0:
329,0,16765,128,0,16851:0:0:0:0:
402,0,16851,128,0,16936:0:0:0:0:
475,192,16851,1,0,0:0:0:0:
182,192,16851,1,0,0:0:0:0:
36,192,16851,1,0,0:0:0:0:
109,192,16851,1,0,0:0:0:0:
329,0,16936,128,0,17022:0:0:0:0:
256,0,17022,128,0,17108:0:0:0:0:
182,0,17108,128,0,17194:0:0:0:0:
109,192,17108,1,0,0:0:0:0:
36,192,17108,1,0,0:0:0:0:
402,192,17194,1,0,0:0:0:0:
475,192,17194,1,0,0:0:0:0:
256,192,17194,1,0,0:0:0:0:
329,192,17194,1,0,0:0:0:0:
256,192,17365,1,0,0:0:0:0:
182,192,17365,1,0,0:0:0:0:
109,192,17451,1,0,0:0:0:0:
36,192,17451,1,0,0:0:0:0:
402,192,17536,1,0,0:0:0:0:
475,192,17536,1,0,0:0:0:0:
256,192,17536,1,0,0:0:0:0:
329,192,17536,1,0,0:0:0:0:
182,192,17708,1,0,0:0:0:0:
109,192,17879,1,0,0:0:0:0:
36,192,18051,1,0,0:0:0:0:
475,192,18908,1,0,0:0:0:0:
329,192,19079,1,0,0:0:0:0:
182,192,19251,1,0,0:0:0:0:
36,192,19422,1,0,0:0:0:0:
256,192,19936,1,0,0:0:0:0:
402,192,20279,1,0,0:0:0:0:
329,192,20451,1,0,0:0:0:0:
182,192,20622,1,0,0:0:0:0:
109,192,20794,1,0,0:0:0:0:
402,192,21479,1,0,0:0:0:0:
256,192,21565,1,0,0:0:0:0:
475,192,21651,1,0,0:0:0:0:
109,192,21651,1,0,0:0:0:0:
36,192,21651,1,0,0:0:0:0:
182,192,22165,1,0,0:0:0:0:
36,192,22336,1,0,0:0:0:0:
109,192,22422,1,0,0:0:0:0:
182,192,22508,1,0,0:0:0:0:
402,192,22679,1,0,0:0:0:0:
329,192,22679,1,0,0:0:0:0:
182,192,22679,1,0,0:0:0:0:
109,192,22765,1,0,0:0:0:0:
36,192,22851,1,0,0:0:0:0:
182,192,23022,1,0,0:0:0:0:
256,192,23022,1,0,0:0:0:0:
36,192,23022,1,0,0:0:0:0:
109,192,23022,1,0,0:0:0:0:
329,192,23194,1,0,0:0:0:0:
402,192,23365,1,0,0:0:0:0:
475,192,23536,1,0,0:0:0:0:
36,192,24394,1,0,0:0:0:0:
182,192,24565,1,0,0:0:0:0:
329,192,24736,1,0,0:0:0:0:
475,192,24908,1,0,0:0:0:0:
256,192,25422,1,0,0:0:0:0:
109,192,25765,1,0,0:0:0:0:
182,192,25936,1,0,0:0:0:0:
329,192,26108,1,0,0:0:0:0:
402,192,26279,1,0,0:0:0:0:
36,192,26622,1,0,0:0:0:0:
475,192,26794,1,0,0:0:0:0:
402,192,26965,1,0,0:0:0:0:
256,192,27136,1,0,0:0:0:0:
182,192,27136,1,0,0:0:0:0:
109,192,27136,1,0,0:0:0:0:
475,192,27222,1,0,0:0:0:0:
402,192,27222,1,0,0:0:0:0:
329,192,27308,1,0,0:0:0:0:
256,192,27479,1,0,0:0:0:0:
182,192,27479,1,0,0:0:0:0:
402,192,27565,5,0,0:0:0:0:
475,192,27565,1,0,0:0:0:0:
109,192,27651,1,0,0:0:0:0:
329,192,27822,1,0,0:0:0:0:
329,192,27994,1,0,0:0:0:0:
182,192,27994,1,0,0:0:0:0:
329,192,28079,1,0,0:0:0:0:
256,192,28079,1,0,0:0:0:0:
402,192,28165,1,0,0:0:0:0:
475,192,28165,1,0,0:0:0:0:
36,192,28165,1,0,0:0:0:0:
109,192,28165,1,0,0:0:0:0:
182,192,28336,1,0,0:0:0:0:
109,192,28422,1,0,0:0:0:0:
36,192,28422,1,0,0:0:0:0:
475,192,28508,1,0,0:0:0:0:
329,192,28508,1,0,0:0:0:0:
182,0,28508,128,0,28851:0:0:0:0:
402,192,28594,1,0,0:0:0:0:
256,192,28594,1,0,0:0:0:0:
475,0,28679,128,0,28851:0:0:0:0:
329,0,28679,128,0,28851:0:0:0:0:
109,192,28679,1,0,0:0:0:0:
402,192,28851,1,0,0:0:0:0:
256,192,28851,1,0,0:0:0:0:
109,0,28851,128,0,29194:0:0:0:0:
329,192,28936,1,0,0:0:0:0:
182,192,28936,1,0,0:0:0:0:
402,0,29022,128,0,29194:0:0:0:0:
475,0,29022,128,0,29879:0:0:0:0:
36,192,29022,1,0,0:0:0:0:
256,0,29022,128,0,29194:0:0:0:0:
329,192,29194,1,0,0:0:0:0:
182,192,29194,1,0,0:0:0:0:
36,0,29194,128,0,29536:0:0:0:0:
256,192,29279,1,0,0:0:0:0:
109,192,29279,1,0,0:0:0:0:
402,192,29365,1,0,0:0:0:0:
329,0,29365,128,0,29536:0:0:0:0:
182,0,29365,128,0,29536:0:0:0:0:
402,0,29536,128,0,29879:0:0:0:0:
256,192,29536,1,0,0:0:0:0:
109,192,29536,1,0,0:0:0:0:
182,192,29622,1,0,0:0:0:0:
36,192,29622,1,0,0:0:0:0:
256,0,29708,128,0,29879:0:0:0:0:
109,0,29708,128,0,29879:0:0:0:0:
329,192,29708,1,0,0:0:0:0:
329,192,29879,1,0,0:0:0:0:
182,0,29879,128,0,30136:0:0:0:0:
36,192,29879,1,0,0:0:0:0:
402,192,29965,1,0,0:0:0:0:
256,0,29965,128,0,30136:0:0:0:0:
475,192,30051,1,0,0:0:0:0:
329,0,30051,128,0,30136:0:0:0:0:
402,0,30222,128,0,30479:0:0:0:0:
256,192,30222,1,0,0:0:0:0:
182,192,30222,1,0,0:0:0:0:
329,0,30308,128,0,30479:0:0:0:0:
109,192,30308,1,0,0:0:0:0:
475,0,30394,128,0,31251:0:0:0:0:
256,0,30394,128,0,30479:0:0:0:0:
36,192,30394,1,0,0:0:0:0:
402,192,30565,1,0,0:0:0:0:
182,192,30565,1,0,0:0:0:0:
36,0,30565,128,0,30822:0:0:0:0:
256,192,30651,1,0,0:0:0:0:
109,0,30651,128,0,30822:0:0:0:0:
329,192,30736,1,0,0:0:0:0:
182,0,30736,128,0,30822:0:0:0:0:
256,0,30908,128,0,31165:0:0:0:0:
109,192,30908,1,0,0:0:0:0:
36,192,30908,1,0,0:0:0:0:
402,192,30994,1,0,0:0:0:0:
182,0,30994,128,0,31165:0:0:0:0:
329,192,31079,1,0,0:0:0:0:
109,0,31079,128,0,31165:0:0:0:0:
329,0,31251,128,0,31594:0:0:0:0:
182,192,31251,1,0,0:0:0:0:
36,192,31251,1,0,0:0:0:0:
256,192,31336,1,0,0:0:0:0:
109,192,31336,1,0,0:0:0:0:
402,192,31422,1,0,0:0:0:0:
182,0,31422,128,0,31594:0:0:0:0:
36,0,31422,128,0,31594:0:0:0:0:
402,0,31594,128,0,31936:0:0:0:0:
256,192,31594,1,0,0:0:0:0:
109,192,31594,1,0,0:0:0:0:
182,192,31679,5,0,0:0:0:0:
329,192,31679,1,0,0:0:0:0:
475,192,31765,1,0,0:0:0:0:
36,0,31765,128,0,32622:0:0:0:0:
109,0,31765,128,0,31936:0:0:0:0:
256,0,31765,128,0,31936:0:0:0:0:
475,0,31936,128,0,32279:0:0:0:0:
329,192,31936,1,0,0:0:0:0:
182,192,31936,1,0,0:0:0:0:
402,192,32022,1,0,0:0:0:0:
256,192,32022,1,0,0:0:0:0:
329,0,32108,128,0,32279:0:0:0:0:
182,0,32108,128,0,32279:0:0:0:0:
109,192,32108,1,0,0:0:0:0:
109,0,32279,128,0,32622:0:0:0:0:
402,192,32279,1,0,0:0:0:0:
256,192,32279,1,0,0:0:0:0:
475,192,32365,1,0,0:0:0:0:
329,192,32365,1,0,0:0:0:0:
402,0,32451,128,0,32622:0:0:0:0:
256,0,32451,128,0,32622:0:0:0:0:
182,192,32451,1,0,0:0:0:0:
475,192,32622,1,0,0:0:0:0:
329,0,32622,128,0,32879:0:0:0:0:
182,192,32622,1,0,0:0:0:0:
256,0,32708,128,0,32879:0:0:0:0:
109,192,32708,1,0,0:0:0:0:
182,0,32794,128,0,32879:0:0:0:0:
36,192,32794,1,0,0:0:0:0:
329,192,32965,1,0,0:0:0:0:
256,192,32965,1,0,0:0:0:0:
109,0,32965,128,0,33222:0:0:0:0:
402,192,33051,1,0,0:0:0:0:
182,0,33051,128,0,33222:0:0:0:0:
36,0,33136,128,0,33994:0:0:0:0:
475,192,33136,1,0,0:0:0:0:
256,0,33136,128,0,33222:0:0:0:0:
475,0,33308,128,0,33565:0:0:0:0:
329,192,33308,1,0,0:0:0:0:
109,192,33308,1,0,0:0:0:0:
402,0,33394,128,0,33565:0:0:0:0:
256,192,33394,1,0,0:0:0:0:
329,0,33479,128,0,33565:0:0:0:0:
182,192,33479,1,0,0:0:0:0:
475,192,33651,1,0,0:0:0:0:
402,192,33651,1,0,0:0:0:0:
256,0,33651,128,0,33908:0:0:0:0:
329,0,33736,128,0,33908:0:0:0:0:
109,192,33736,1,0,0:0:0:0:
402,0,33822,128,0,33908:0:0:0:0:
182,192,33822,1,0,0:0:0:0:
475,192,33994,1,0,0:0:0:0:
329,192,33994,1,0,0:0:0:0:
182,0,33994,128,0,34336:0:0:0:0:
402,192,34079,1,0,0:0:0:0:
256,192,34079,1,0,0:0:0:0:
475,0,34165,128,0,34336:0:0:0:0:
329,0,34165,128,0,34336:0:0:0:0:
109,192,34165,1,0,0:0:0:0:
402,192,34336,1,0,0:0:0:0:
256,192,34336,1,0,0:0:0:0:
109,0,34336,128,0,34679:0:0:0:0:
329,192,34422,1,0,0:0:0:0:
182,192,34422,1,0,0:0:0:0:
402,0,34508,128,0,34679:0:0:0:0:
475,0,34508,128,0,35365:0:0:0:0:
36,192,34508,1,0,0:0:0:0:
256,0,34508,128,0,34679:0:0:0:0:
329,192,34679,1,0,0:0:0:0:
182,192,34679,1,0,0:0:0:0:
36,0,34679,128,0,35022:0:0:0:0:
256,192,34765,1,0,0:0:0:0:
109,192,34765,1,0,0:0:0:0:
402,192,34851,1,0,0:0:0:0:
329,0,34851,128,0,35022:0:0:0:0:
182,0,34851,128,0,35022:0:0:0:0:
402,0,35022,128,0,35365:0:0:0:0:
256,192,35022,1,0,0:0:0:0:
109,192,35022,1,0,0:0:0:0:
182,192,35108,1,0,0:0:0:0:
36,192,35108,1,0,0:0:0:0:
256,0,35194,128,0,35365:0:0:0:0:
109,0,35194,128,0,35365:0:0:0:0:
329,192,35194,1,0,0:0:0:0:
329,0,35365,128,0,35708:0:0:0:0:
182,192,35365,1,0,0:0:0:0:
36,192,35365,1,0,0:0:0:0:
256,192,35451,1,0,0:0:0:0:
109,192,35451,1,0,0:0:0:0:
402,192,35536,1,0,0:0:0:0:
182,0,35536,128,0,35708:0:0:0:0:
36,0,35536,128,0,35708:0:0:0:0:
402,0,35708,128,0,36051:0:0:0:0:
256,192,35708,1,0,0:0:0:0:
109,192,35708,1,0,0:0:0:0:
329,192,35794,1,0,0:0:0:0:
182,192,35794,1,0,0:0:0:0:
475,192,35879,1,0,0:0:0:0:
36,0,35879,128,0,36736:0:0:0:0:
109,0,35879,128,0,36051:0:0:0:0:
256,0,35879,128,0,36051:0:0:0:0:
475,0,36051,128,0,36394:0:0:0:0:
329,192,36051,1,0,0:0:0:0:
182,192,36051,1,0,0:0:0:0:
402,192,36136,1,0,0:0:0:0:
256,192,36136,1,0,0:0:0:0:
329,0,36222,128,0,36394:0:0:0:0:
182,0,36222,128,0,36394:0:0:0:0:
109,192,36222,1,0,0:0:0:0:
109,0,36394,128,0,36736:0:0:0:0:
402,192,36394,1,0,0:0:0:0:
256,192,36394,1,0,0:0:0:0:
475,192,36479,1,0,0:0:0:0:
329,192,36479,1,0,0:0:0:0:
402,0,36565,128,0,36736:0:0:0:0:
256,0,36565,128,0,36736:0:0:0:0:
182,192,36565,1,0,0:0:0:0:
475,0,36736,128,0,37079:0:0:0:0:
329,192,36736,1,0,0:0:0:0:
182,192,36736,1,0,0:0:0:0:
256,192,36822,1,0,0:0:0:0:
109,192,36822,1,0,0:0:0:0:
182,192,36908,1,0,0:0:0:0:
36,192,36908,1,0,0:0:0:0:
256,192,36994,1,0,0:0:0:0:
109,192,36994,1,0,0:0:0:0:
329,192,37079,1,0,0:0:0:0:
182,192,37079,1,0,0:0:0:0:
36,0,37079,128,0,37422:0:0:0:0:
402,192,37165,1,0,0:0:0:0:
256,192,37165,1,0,0:0:0:0:
475,192,37251,1,0,0:0:0:0:
329,192,37251,1,0,0:0:0:0:
402,192,37336,1,0,0:0:0:0:
256,192,37336,1,0,0:0:0:0:
475,0,37422,128,0,37765:0:0:0:0:
329,192,37422,1,0,0:0:0:0:
182,192,37422,1,0,0:0:0:0:
256,192,37508,1,0,0:0:0:0:
109,192,37508,1,0,0:0:0:0:
182,192,37594,1,0,0:0:0:0:
36,192,37594,1,0,0:0:0:0:
256,192,37679,1,0,0:0:0:0:
109,192,37679,1,0,0:0:0:0:
36,0,37765,128,0,38108:0:0:0:0:
329,192,37765,1,0,0:0:0:0:
182,192,37765,1,0,0:0:0:0:
402,192,37851,1,0,0:0:0:0:
256,192,37851,1,0,0:0:0:0:
475,192,37936,1,0,0:0:0:0:
329,192,37936,1,0,0:0:0:0:
402,192,38022,1,0,0:0:0:0:
256,192,38022,1,0,0:0:0:0:
329,0,38108,128,0,38365:0:0:0:0:
475,192,38108,1,0,0:0:0:0:
109,192,38108,1,0,0:0:0:0:
182,192,38108,1,0,0:0:0:0:
36,192,38194,1,0,0:0:0:0:
402,0,38279,128,0,38536:0:0:0:0:
475,192,38279,1,0,0:0:0:0:
182,192,38279,1,0,0:0:0:0:
256,192,38279,1,0,0:0:0:0:
109,192,38365,1,0,0:0:0:0:
329,192,38451,1,0,0:0:0:0:
475,0,38451,128,0,38708:0:0:0:0:
36,192,38451,1,0,0:0:0:0:
256,192,38451,1,0,0:0:0:0:
182,192,38536,1,0,0:0:0:0:
329,192,38622,1,0,0:0:0:0:
402,192,38622,1,0,0:0:0:0:
36,0,38622,128,0,38879:0:0:0:0:
109,192,38622,1,0,0:0:0:0:
256,192,38708,1,0,0:0:0:0:
402,192,38794,1,0,0:0:0:0:
475,192,38794,1,0,0:0:0:0:
109,0,38794,128,0,39051:0:0:0:0:
182,192,38794,1,0,0:0:0:0:
329,192,38879,1,0,0:0:0:0:
256,192,38965,1,0,0:0:0:0:
475,192,38965,1,0,0:0:0:0:
36,192,38965,1,0,0:0:0:0:
182,0,38965,128,0,39222:0:0:0:0:
402,192,39051,1,0,0:0:0:0:
475,0,39136,128,0,39222:0:0:0:0:
256,0,39136,128,0,39479:0:0:0:0:
36,192,39136,1,0,0:0:0:0:
109,192,39136,1,0,0:0:0:0:
402,192,39222,1,0,0:0:0:0:
329,192,39222,1,0,0:0:0:0:
182,192,39308,1,0,0:0:0:0:
109,192,39308,1,0,0:0:0:0:
475,192,39394,1,0,0:0:0:0:
402,192,39394,1,0,0:0:0:0:
182,192,39479,1,0,0:0:0:0:
329,0,39479,128,0,39822:0:0:0:0:
36,192,39479,1,0,0:0:0:0:
109,192,39479,1,0,0:0:0:0:
475,192,39565,1,0,0:0:0:0:
402,192,39565,1,0,0:0:0:0:
256,192,39651,1,0,0:0:0:0:
182,192,39651,1,0,0:0:0:0:
402,192,39822,1,0,0:0:0:0:
475,0,39822,128,0,39994:0:0:0:0:
109,192,39822,1,0,0:0:0:0:
256,192,39822,1,0,0:0:0:0:
182,192,39908,1,0,0:0:0:0:
36,192,39908,1,0,0:0:0:0:
402,0,39994,128,0,40336:0:0:0:0:
329,192,39994,1,0,0:0:0:0:
109,192,39994,1,0,0:0:0:0:
475,192,40165,1,0,0:0:0:0:
256,192,40165,1,0,0:0:0:0:
182,192,40165,1,0,0:0:0:0:
109,192,40251,1,0,0:0:0:0:
36,192,40251,1,0,0:0:0:0:
329,192,40336,1,0,0:0:0:0:
256,192,40336,1,0,0:0:0:0:
182,0,40336,128,0,40508:0:0:0:0:
402,192,40508,1,0,0:0:0:0:
475,192,40508,1,0,0:0:0:0:
36,0,40508,128,0,40679:0:0:0:0:
109,192,40508,1,0,0:0:0:0:
256,192,40594,1,0,0:0:0:0:
182,192,40594,1,0,0:0:0:0:
109,0,40679,128,0,41022:0:0:0:0:
402,192,40679,1,0,0:0:0:0:
329,192,40679,1,0,0:0:0:0:
256,192,40851,1,0,0:0:0:0:
182,192,40851,1,0,0:0:0:0:
36,192,40851,1,0,0:0:0:0:
475,192,40936,1,0,0:0:0:0:
402,192,40936,1,0,0:0:0:0:
329,192,41022,1,0,0:0:0:0:
256,192,41022,1,0,0:0:0:0:
182,0,41022,128,0,41365:0:0:0:0:
402,192,41194,1,0,0:0:0:0:
109,192,41194,1,0,0:0:0:0:
36,192,41194,1,0,0:0:0:0:
329,192,41279,1,0,0:0:0:0:
256,192,41279,1,0,0:0:0:0:
475,192,41365,1,0,0:0:0:0:
402,0,41365,128,0,41708:0:0:0:0:
36,192,41365,1,0,0:0:0:0:
329,192,41536,1,0,0:0:0:0:
256,192,41536,1,0,0:0:0:0:
182,192,41536,1,0,0:0:0:0:
109,192,41622,1,0,0:0:0:0:
36,192,41622,1,0,0:0:0:0:
475,192,41708,1,0,0:0:0:0:
329,0,41708,128,0,42051:0:0:0:0:
182,192,41708,1,0,0:0:0:0:
402,192,41879,1,0,0:0:0:0:
256,192,41879,1,0,0:0:0:0:
36,192,41879,1,0,0:0:0:0:
182,192,41965,1,0,0:0:0:0:
109,192,41965,1,0,0:0:0:0:
475,192,42051,1,0,0:0:0:0:
402,192,42051,1,0,0:0:0:0:
256,0,42222,128,0,42565:0:0:0:0:
329,192,42222,1,0,0:0:0:0:
109,192,42222,1,0,0:0:0:0:
182,192,42222,1,0,0:0:0:0:
475,192,42308,1,0,0:0:0:0:
402,192,42308,1,0,0:0:0:0:
109,192,42394,1,0,0:0:0:0:
36,192,42394,1,0,0:0:0:0:
402,192,42565,1,0,0:0:0:0:
475,192,42565,1,0,0:0:0:0:
182,0,42565,128,0,42736:0:0:0:0:
329,192,42565,1,0,0:0:0:0:
109,192,42651,1,0,0:0:0:0:
36,192,42651,1,0,0:0:0:0:
402,192,42736,1,0,0:0:0:0:
329,0,42736,128,0,43079:0:0:0:0:
256,192,42736,1,0,0:0:0:0:
182,192,42908,1,0,0:0:0:0:
109,192,42908,1,0,0:0:0:0:
36,192,42908,1,0,0:0:0:0:
475,192,42994,1,0,0:0:0:0:
402,192,42994,1,0,0:0:0:0:
256,192,43079,1,0,0:0:0:0:
182,192,43079,1,0,0:0:0:0:
109,0,43079,128,0,43251:0:0:0:0:
402,192,43251,1,0,0:0:0:0:
475,192,43251,1,0,0:0:0:0:
329,192,43251,1,0,0:0:0:0:
36,0,43251,128,0,43422:0:0:0:0:
256,192,43251,1,0,0:0:0:0:
329,0,43422,128,0,43594:0:0:0:0:
402,0,43422,128,0,43594:0:0:0:0:
475,0,43422,128,0,43594:0:0:0:0:
109,0,43422,128,0,43594:0:0:0:0:
182,0,43422,128,0,43594:0:0:0:0:
256,0,43422,128,0,43594:0:0:0:0:
329,0,43765,128,0,43936:0:0:0:0:
402,0,43765,128,0,43936:0:0:0:0:
475,0,43765,128,0,43936:0:0:0:0:
36,0,43765,128,0,43936:0:0:0:0:
182,0,43765,128,0,43936:0:0:0:0:
256,0,43765,128,0,43936:0:0:0:0:
329,0,44108,128,0,44279:0:0:0:0:
402,0,44108,128,0,44279:0:0:0:0:
475,0,44108,128,0,44279:0:0:0:0:
36,0,44108,128,0,44279:0:0:0:0:
109,0,44108,128,0,44279:0:0:0:0:
256,0,44108,128,0,44279:0:0:0:0:
329,192,44451,1,0,0:0:0:0:
402,192,44451,1,0,0:0:0:0:
475,192,44451,1,0,0:0:0:0:
36,192,44451,1,0,0:0:0:0:
109,192,44451,1,0,0:0:0:0:
182,192,44451,1,0,0:0:0:0:
256,192,44536,1,0,0:0:0:0:
182,192,44622,1,0,0:0:0:0:
109,192,44622,1,0,0:0:0:0:
402,192,44708,1,0,0:0:0:0:
329,192,44708,1,0,0:0:0:0:
109,192,44794,1,0,0:0:0:0:
36,192,44794,1,0,0:0:0:0:
475,192,44879,1,0,0:0:0:0:
402,192,44879,1,0,0:0:0:0:
182,192,44965,1,0,0:0:0:0:
329,192,44965,1,0,0:0:0:0:
36,0,44965,128,0,45308:0:0:0:0:
109,192,44965,1,0,0:0:0:0:
402,192,45051,1,0,0:0:0:0:
256,192,45051,1,0,0:0:0:0:
475,192,45136,1,0,0:0:0:0:
329,192,45136,1,0,0:0:0:0:
256,192,45308,1,0,0:0:0:0:
402,192,45308,1,0,0:0:0:0:
109,192,45308,1,0,0:0:0:0:
182,0,45308,128,0,45479:0:0:0:0:
475,192,45394,1,0,0:0:0:0:
329,192,45394,1,0,0:0:0:0:
256,0,45479,128,0,45822:0:0:0:0:
109,192,45479,1,0,0:0:0:0:
36,192,45479,1,0,0:0:0:0:
475,192,45651,1,0,0:0:0:0:
402,192,45651,1,0,0:0:0:0:
182,192,45651,1,0,0:0:0:0:
329,192,45736,1,0,0:0:0:0:
109,192,45736,1,0,0:0:0:0:
402,0,45822,128,0,45994:0:0:0:0:
182,192,45822,1,0,0:0:0:0:
36,192,45822,1,0,0:0:0:0:
329,192,45994,1,0,0:0:0:0:
475,0,45994,128,0,46165:0:0:0:0:
109,192,45994,1,0,0:0:0:0:
256,192,45994,1,0,0:0:0:0:
182,192,46079,1,0,0:0:0:0:
36,192,46079,1,0,0:0:0:0:
329,0,46165,128,0,46336:0:0:0:0:
402,192,46165,1,0,0:0:0:0:
256,192,46165,1,0,0:0:0:0:
182,192,46336,1,0,0:0:0:0:
109,192,46336,1,0,0:0:0:0:
36,192,46336,1,0,0:0:0:0:
475,192,46422,1,0,0:0:0:0:
402,192,46422,1,0,0:0:0:0:
256,192,46508,1,0,0:0:0:0:
182,192,46508,1,0,0:0:0:0:
36,0,46508,128,0,46679:0:0:0:0:
475,192,46679,1,0,0:0:0:0:
402,192,46679,1,0,0:0:0:0:
329,192,46679,1,0,0:0:0:0:
182,192,46765,1,0,0:0:0:0:
109,192,46765,1,0,0:0:0:0:
475,0,46851,128,0,47022:0:0:0:0:
329,192,46851,1,0,0:0:0:0:
256,192,46851,1,0,0:0:0:0:
402,192,47022,1,0,0:0:0:0:
182,192,47022,1,0,0:0:0:0:
36,192,47022,1,0,0:0:0:0:
256,192,47108,1,0,0:0:0:0:
109,192,47108,1,0,0:0:0:0:
402,192,47194,1,0,0:0:0:0:
329,192,47194,1,0,0:0:0:0:
182,0,47194,128,0,47536:0:0:0:0:
475,192,47365,1,0,0:0:0:0:
256,192,47365,1,0,0:0:0:0:
36,192,47365,1,0,0:0:0:0:
402,192,47451,1,0,0:0:0:0:
329,192,47451,1,0,0:0:0:0:
109,192,47536,1,0,0:0:0:0:
36,192,47536,1,0,0:0:0:0:
402,192,47708,1,0,0:0:0:0:
475,192,47708,1,0,0:0:0:0:
182,192,47708,1,0,0:0:0:0:
256,0,47708,128,0,48051:0:0:0:0:
329,192,47794,1,0,0:0:0:0:
109,192,47794,1,0,0:0:0:0:
475,192,47879,1,0,0:0:0:0:
36,192,47879,1,0,0:0:0:0:
329,192,48051,1,0,0:0:0:0:
402,0,48051,128,0,48222:0:0:0:0:
109,192,48051,1,0,0:0:0:0:
182,192,48051,1,0,0:0:0:0:
256,192,48136,1,0,0:0:0:0:
36,192,48136,1,0,0:0:0:0:
475,192,48222,1,0,0:0:0:0:
329,192,48222,1,0,0:0:0:0:
109,0,48222,128,0,48565:0:0:0:0:
402,192,48394,1,0,0:0:0:0:
182,192,48394,1,0,0:0:0:0:
36,192,48394,1,0,0:0:0:0:
475,192,48479,1,0,0:0:0:0:
256,192,48479,1,0,0:0:0:0:
402,192,48565,1,0,0:0:0:0:
329,192,48565,1,0,0:0:0:0:
182,0,48565,128,0,48736:0:0:0:0:
256,192,48736,1,0,0:0:0:0:
329,0,48736,128,0,48908:0:0:0:0:
36,192,48736,1,0,0:0:0:0:
109,192,48736,1,0,0:0:0:0:
475,192,48822,1,0,0:0:0:0:
402,192,48822,1,0,0:0:0:0:
256,0,48908,128,0,49079:0:0:0:0:
182,192,48908,1,0,0:0:0:0:
109,192,48908,1,0,0:0:0:0:
475,192,49079,1,0,0:0:0:0:
402,192,49079,1,0,0:0:0:0:
36,192,49079,1,0,0:0:0:0:
329,192,49165,1,0,0:0:0:0:
109,192,49165,1,0,0:0:0:0:
402,192,49251,1,0,0:0:0:0:
182,192,49251,1,0,0:0:0:0:
36,0,49251,128,0,49422:0:0:0:0:
475,192,49422,1,0,0:0:0:0:
256,192,49422,1,0,0:0:0:0:
109,192,49422,1,0,0:0:0:0:
402,192,49508,1,0,0:0:0:0:
182,192,49508,1,0,0:0:0:0:
475,0,49594,128,0,49765:0:0:0:0:
329,192,49594,1,0,0:0:0:0:
109,192,49594,1,0,0:0:0:0:
182,192,49765,1,0,0:0:0:0:
256,192,49765,1,0,0:0:0:0:
36,192,49765,1,0,0:0:0:0:
109,192,49765,1,0,0:0:0:0:
475,192,49851,1,0,0:0:0:0:
402,192,49851,1,0,0:0:0:0:
329,192,49851,1,0,0:0:0:0:
182,192,49936,1,0,0:0:0:0:
109,192,49936,1,0,0:0:0:0:
36,192,49936,1,0,0:0:0:0:
402,192,50022,1,0,0:0:0:0:
475,192,50022,1,0,0:0:0:0:
256,192,50022,1,0,0:0:0:0:
329,192,50022,1,0,0:0:0:0:
182,192,50108,1,0,0:0:0:0:
109,192,50108,1,0,0:0:0:0:
36,192,50108,1,0,0:0:0:0:
475,192,50194,1,0,0:0:0:0:
402,192,50194,1,0,0:0:0:0:
329,192,50194,1,0,0:0:0:0:
182,192,50279,1,0,0:0:0:0:
256,192,50279,1,0,0:0:0:0:
36,192,50279,1,0,0:0:0:0:
109,192,50279,1,0,0:0:0:0:
475,192,50365,1,0,0:0:0:0:
402,192,50365,1,0,0:0:0:0:
329,192,50365,1,0,0:0:0:0:
256,192,50451,1,0,0:0:0:0:
109,0,50451,128,0,51822:0:0:0:0:
36,192,50451,1,0,0:0:0:0:
182,192,50451,1,0,0:0:0:0:
329,192,50536,1,0,0:0:0:0:
402,192,50622,1,0,0:0:0:0:
36,0,50622,128,0,50794:0:0:0:0:
475,192,50708,1,0,0:0:0:0:
402,192,50794,1,0,0:0:0:0:
256,192,50794,1,0,0:0:0:0:
182,192,50794,1,0,0:0:0:0:
329,192,50879,1,0,0:0:0:0:
256,192,50965,1,0,0:0:0:0:
36,0,50965,128,0,51136:0:0:0:0:
182,192,51051,1,0,0:0:0:0:
475,192,51136,1,0,0:0:0:0:
402,192,51136,1,0,0:0:0:0:
256,192,51136,1,0,0:0:0:0:
329,192,51222,1,0,0:0:0:0:
402,192,51308,1,0,0:0:0:0:
36,0,51308,128,0,51479:0:0:0:0:
475,192,51394,1,0,0:0:0:0:
402,192,51479,1,0,0:0:0:0:
256,192,51479,1,0,0:0:0:0:
182,192,51479,1,0,0:0:0:0:
329,192,51565,1,0,0:0:0:0:
36,0,51651,128,0,51822:0:0:0:0:
256,192,51651,1,0,0:0:0:0:
182,192,51736,1,0,0:0:0:0:
402,0,51822,128,0,53022:0:0:0:0:
475,192,51822,1,0,0:0:0:0:
256,192,51822,1,0,0:0:0:0:
329,192,51822,1,0,0:0:0:0:
182,192,51908,1,0,0:0:0:0:
475,0,51994,128,0,52165:0:0:0:0:
109,192,51994,1,0,0:0:0:0:
36,192,52079,1,0,0:0:0:0:
329,192,52165,1,0,0:0:0:0:
256,192,52165,1,0,0:0:0:0:
109,192,52165,1,0,0:0:0:0:
182,192,52251,1,0,0:0:0:0:
475,0,52336,128,0,52508:0:0:0:0:
256,192,52336,1,0,0:0:0:0:
329,192,52422,1,0,0:0:0:0:
256,192,52508,1,0,0:0:0:0:
109,192,52508,1,0,0:0:0:0:
36,192,52508,1,0,0:0:0:0:
182,192,52594,1,0,0:0:0:0:
475,0,52679,128,0,52851:0:0:0:0:
109,192,52679,1,0,0:0:0:0:
36,192,52765,1,0,0:0:0:0:
329,192,52851,1,0,0:0:0:0:
256,192,52851,1,0,0:0:0:0:
109,192,52851,1,0,0:0:0:0:
182,192,52936,1,0,0:0:0:0:
475,192,53022,1,0,0:0:0:0:
256,0,53022,128,0,54394:0:0:0:0:
329,192,53022,1,0,0:0:0:0:
36,192,53022,1,0,0:0:0:0:
109,192,53022,1,0,0:0:0:0:
402,192,53365,1,0,0:0:0:0:
475,192,53365,1,0,0:0:0:0:
329,192,53365,1,0,0:0:0:0:
36,192,53365,1,0,0:0:0:0:
109,192,53365,1,0,0:0:0:0:
182,192,53451,1,0,0:0:0:0:
402,192,53536,1,0,0:0:0:0:
475,192,53536,1,0,0:0:0:0:
36,192,53536,1,0,0:0:0:0:
109,192,53536,1,0,0:0:0:0:
329,192,53622,1,0,0:0:0:0:
402,192,53708,1,0,0:0:0:0:
475,192,53708,1,0,0:0:0:0:
36,192,53708,1,0,0:0:0:0:
182,192,53708,1,0,0:0:0:0:
109,192,53794,1,0,0:0:0:0:
329,192,53879,1,0,0:0:0:0:
475,192,53879,1,0,0:0:0:0:
36,192,53879,1,0,0:0:0:0:
182,192,53879,1,0,0:0:0:0:
402,192,53965,1,0,0:0:0:0:
329,192,54051,1,0,0:0:0:0:
475,192,54051,1,0,0:0:0:0:
109,192,54051,1,0,0:0:0:0:
182,192,54051,1,0,0:0:0:0:
36,192,54136,1,0,0:0:0:0:
329,192,54222,1,0,0:0:0:0:
402,192,54222,1,0,0:0:0:0:
109,192,54222,1,0,0:0:0:0:
182,192,54222,1,0,0:0:0:0:
475,192,54308,1,0,0:0:0:0:
329,192,54394,1,0,0:0:0:0:
402,192,54394,1,0,0:0:0:0:
182,192,54394,1,0,0:0:0:0:
36,192,54394,1,0,0:0:0:0:
109,192,54394,1,0,0:0:0:0:
256,192,54479,1,0,0:0:0:0:
402,192,54565,1,0,0:0:0:0:
182,192,54565,1,0,0:0:0:0:
36,192,54565,1,0,0:0:0:0:
475,192,54651,1,0,0:0:0:0:
329,192,54651,1,0,0:0:0:0:
109,192,54651,1,0,0:0:0:0:
402,192,54736,1,0,0:0:0:0:
256,192,54908,1,0,0:0:0:0:
329,192,54994,1,0,0:0:0:0:
182,192,54994,1,0,0:0:0:0:
256,192,55079,1,0,0:0:0:0:
109,192,55251,1,0,0:0:0:0:
182,192,55336,1,0,0:0:0:0:
36,192,55336,1,0,0:0:0:0:
109,192,55422,1,0,0:0:0:0:
402,192,55594,1,0,0:0:0:0:
329,192,55594,1,0,0:0:0:0:
182,192,55679,1,0,0:0:0:0:
109,192,55679,1,0,0:0:0:0:
402,192,55765,1,0,0:0:0:0:
329,192,55765,1,0,0:0:0:0:
182,192,55851,1,0,0:0:0:0:
109,192,55851,1,0,0:0:0:0:
402,192,55936,1,0,0:0:0:0:
475,192,55936,1,0,0:0:0:0:
36,0,55936,128,0,56536:0:0:0:0:
329,0,55936,128,0,56622:0:0:0:0:
256,192,56022,1,0,0:0:0:0:
182,192,56022,1,0,0:0:0:0:
109,192,56022,1,0,0:0:0:0:
475,192,56108,1,0,0:0:0:0:
402,192,56108,1,0,0:0:0:0:
256,0,56194,128,0,56279:0:0:0:0:
475,0,56279,128,0,56965:0:0:0:0:
182,192,56279,1,0,0:0:0:0:
109,192,56279,1,0,0:0:0:0:
402,192,56365,1,0,0:0:0:0:
256,192,56365,1,0,0:0:0:0:
182,192,56451,1,0,0:0:0:0:
109,192,56451,1,0,0:0:0:0:
402,0,56536,128,0,56622:0:0:0:0:
182,192,56622,1,0,0:0:0:0:
36,192,56622,1,0,0:0:0:0:
256,192,56708,1,0,0:0:0:0:
109,192,56708,1,0,0:0:0:0:
329,0,56794,128,0,56879:0:0:0:0:
182,0,56794,128,0,56879:0:0:0:0:
402,0,56879,128,0,56965:0:0:0:0:
36,0,56879,128,0,56965:0:0:0:0:
109,0,56965,128,0,57308:0:0:0:0:
329,192,56965,1,0,0:0:0:0:
182,192,56965,1,0,0:0:0:0:
402,192,57051,1,0,0:0:0:0:
256,192,57051,1,0,0:0:0:0:
475,0,57136,128,0,57222:0:0:0:0:
329,0,57136,128,0,57222:0:0:0:0:
256,0,57222,128,0,57308:0:0:0:0:
182,0,57222,128,0,57308:0:0:0:0:
475,192,57308,1,0,0:0:0:0:
329,0,57308,128,0,57394:0:0:0:0:
36,0,57308,128,0,58336:0:0:0:0:
402,0,57394,128,0,57479:0:0:0:0:
256,192,57394,1,0,0:0:0:0:
109,192,57394,1,0,0:0:0:0:
475,0,57479,128,0,57651:0:0:0:0:
329,192,57479,1,0,0:0:0:0:
182,0,57565,128,0,57651:0:0:0:0:
109,0,57565,128,0,57651:0:0:0:0:
402,192,57651,1,0,0:0:0:0:
256,0,57651,128,0,57736:0:0:0:0:
475,192,57736,1,0,0:0:0:0:
329,0,57736,128,0,57822:0:0:0:0:
182,192,57736,1,0,0:0:0:0:
402,0,57822,128,0,57994:0:0:0:0:
256,192,57822,1,0,0:0:0:0:
475,0,57908,128,0,57994:0:0:0:0:
109,0,57908,128,0,57994:0:0:0:0:
329,192,57994,1,0,0:0:0:0:
182,0,57994,128,0,58079:0:0:0:0:
402,192,58079,1,0,0:0:0:0:
256,0,58079,128,0,58165:0:0:0:0:
109,192,58079,1,0,0:0:0:0:
329,0,58165,128,0,58336:0:0:0:0:
182,192,58165,1,0,0:0:0:0:
475,0,58251,128,0,58336:0:0:0:0:
402,0,58251,128,0,58336:0:0:0:0:
256,192,58336,1,0,0:0:0:0:
109,0,58336,128,0,58422:0:0:0:0:
329,192,58422,1,0,0:0:0:0:
182,0,58422,128,0,58508:0:0:0:0:
36,192,58422,1,0,0:0:0:0:
256,0,58508,128,0,58679:0:0:0:0:
109,192,58508,1,0,0:0:0:0:
402,0,58594,128,0,58679:0:0:0:0:
329,0,58594,128,0,58679:0:0:0:0:
182,0,58679,128,0,59365:0:0:0:0:
475,0,58679,128,0,59279:0:0:0:0:
36,192,58679,1,0,0:0:0:0:
109,192,58679,1,0,0:0:0:0:
402,192,58765,1,0,0:0:0:0:
329,192,58765,1,0,0:0:0:0:
256,192,58765,1,0,0:0:0:0:
109,192,58851,1,0,0:0:0:0:
36,192,58851,1,0,0:0:0:0:
256,0,58936,128,0,59022:0:0:0:0:
402,192,59022,1,0,0:0:0:0:
329,192,59022,1,0,0:0:0:0:
36,0,59022,128,0,59708:0:0:0:0:
256,192,59108,1,0,0:0:0:0:
109,192,59108,1,0,0:0:0:0:
402,192,59194,1,0,0:0:0:0:
329,192,59194,1,0,0:0:0:0:
109,0,59279,128,0,59365:0:0:0:0:
475,192,59365,1,0,0:0:0:0:
329,192,59365,1,0,0:0:0:0:
402,192,59451,1,0,0:0:0:0:
256,192,59451,1,0,0:0:0:0:
329,0,59536,128,0,59622:0:0:0:0:
182,0,59536,128,0,59622:0:0:0:0:
475,0,59622,128,0,59708:0:0:0:0:
109,0,59622,128,0,59708:0:0:0:0:
402,0,59708,128,0,60051:0:0:0:0:
329,192,59708,1,0,0:0:0:0:
182,192,59708,1,0,0:0:0:0:
256,192,59794,1,0,0:0:0:0:
109,192,59794,1,0,0:0:0:0:
182,0,59879,128,0,59965:0:0:0:0:
36,0,59879,128,0,59965:0:0:0:0:
329,0,59965,128,0,60051:0:0:0:0:
256,0,59965,128,0,60051:0:0:0:0:
475,0,60051,128,0,61079:0:0:0:0:
182,0,60051,128,0,60136:0:0:0:0:
36,192,60051,1,0,0:0:0:0:
402,192,60136,1,0,0:0:0:0:
256,192,60136,1,0,0:0:0:0:
109,0,60136,128,0,60222:0:0:0:0:
182,192,60222,1,0,0:0:0:0:
36,0,60222,128,0,60394:0:0:0:0:
402,0,60308,128,0,60394:0:0:0:0:
329,0,60308,128,0,60394:0:0:0:0:
256,0,60394,128,0,60479:0:0:0:0:
109,192,60394,1,0,0:0:0:0:
329,192,60479,1,0,0:0:0:0:
182,0,60479,128,0,60565:0:0:0:0:
36,192,60479,1,0,0:0:0:0:
256,192,60565,1,0,0:0:0:0:
109,0,60565,128,0,60736:0:0:0:0:
402,0,60651,128,0,60736:0:0:0:0:
36,0,60651,128,0,60736:0:0:0:0:
329,0,60736,128,0,60822:0:0:0:0:
182,192,60736,1,0,0:0:0:0:
402,192,60822,1,0,0:0:0:0:
256,0,60822,128,0,60908:0:0:0:0:
109,192,60822,1,0,0:0:0:0:
329,192,60908,1,0,0:0:0:0:
182,0,60908,128,0,61079:0:0:0:0:
109,0,60994,128,0,61079:0:0:0:0:
36,0,60994,128,0,61079:0:0:0:0:
402,0,61079,128,0,61165:0:0:0:0:
256,192,61079,1,0,0:0:0:0:
475,192,61165,1,0,0:0:0:0:
329,0,61165,128,0,61251:0:0:0:0:
182,192,61165,1,0,0:0:0:0:
402,192,61251,1,0,0:0:0:0:
256,0,61251,128,0,61336:0:0:0:0:
182,0,61336,128,0,61422:0:0:0:0:
109,0,61336,128,0,61422:0:0:0:0:
475,0,61422,128,0,61508:0:0:0:0:
329,0,61422,128,0,62794:0:0:0:0:
36,0,61422,128,0,61465:0:0:0:0:
256,192,61422,1,0,0:0:0:0:
402,0,61508,128,0,61679:0:0:0:0:
109,0,61508,128,0,61551:0:0:0:0:
475,0,61594,128,0,61765:0:0:0:0:
182,0,61594,128,0,61636:0:0:0:0:
256,0,61679,128,0,61722:0:0:0:0:
182,192,61765,1,0,0:0:0:0:
402,0,61765,128,0,61851:0:0:0:0:
36,192,61765,1,0,0:0:0:0:
109,192,61765,1,0,0:0:0:0:
475,0,61851,128,0,61936:0:0:0:0:
256,0,61851,128,0,62279:0:0:0:0:
402,0,61936,128,0,62022:0:0:0:0:
182,0,61936,128,0,62194:0:0:0:0:
109,0,62022,128,0,62108:0:0:0:0:
475,0,62108,128,0,62194:0:0:0:0:
36,0,62108,128,0,62151:0:0:0:0:
402,0,62194,128,0,62365:0:0:0:0:
109,0,62194,128,0,62236:0:0:0:0:
475,0,62279,128,0,62451:0:0:0:0:
182,0,62279,128,0,62322:0:0:0:0:
256,0,62365,128,0,62408:0:0:0:0:
182,192,62451,1,0,0:0:0:0:
402,0,62451,128,0,62536:0:0:0:0:
36,192,62451,1,0,0:0:0:0:
109,192,62451,1,0,0:0:0:0:
475,0,62536,128,0,62622:0:0:0:0:
256,0,62536,128,0,62622:0:0:0:0:
402,0,62622,128,0,62708:0:0:0:0:
182,0,62622,128,0,62708:0:0:0:0:
109,0,62708,128,0,62794:0:0:0:0:
475,0,62794,128,0,62836:0:0:0:0:
182,0,62794,128,0,64165:0:0:0:0:
36,0,62794,128,0,62879:0:0:0:0:
256,192,62794,1,0,0:0:0:0:
402,0,62879,128,0,62922:0:0:0:0:
109,0,62879,128,0,63051:0:0:0:0:
329,0,62965,128,0,63008:0:0:0:0:
36,0,62965,128,0,63136:0:0:0:0:
256,0,63051,128,0,63094:0:0:0:0:
402,192,63136,1,0,0:0:0:0:
475,192,63136,1,0,0:0:0:0:
109,0,63136,128,0,63222:0:0:0:0:
329,192,63136,1,0,0:0:0:0:
256,0,63222,128,0,63651:0:0:0:0:
36,0,63222,128,0,63308:0:0:0:0:
329,0,63308,128,0,63565:0:0:0:0:
109,0,63308,128,0,63394:0:0:0:0:
402,0,63394,128,0,63479:0:0:0:0:
475,0,63479,128,0,63522:0:0:0:0:
36,0,63479,128,0,63565:0:0:0:0:
402,0,63565,128,0,63608:0:0:0:0:
109,0,63565,128,0,63736:0:0:0:0:
329,0,63651,128,0,63694:0:0:0:0:
36,0,63651,128,0,63822:0:0:0:0:
256,0,63736,128,0,63779:0:0:0:0:
402,192,63822,1,0,0:0:0:0:
475,192,63822,1,0,0:0:0:0:
109,0,63822,128,0,63908:0:0:0:0:
329,192,63822,1,0,0:0:0:0:
256,0,63908,128,0,63994:0:0:0:0:
36,0,63908,128,0,63994:0:0:0:0:
329,0,63994,128,0,64079:0:0:0:0:
109,0,63994,128,0,64079:0:0:0:0:
402,0,64079,128,0,64165:0:0:0:0:
256,0,64165,128,0,65365:0:0:0:0:
329,0,64165,128,0,64251:0:0:0:0:
36,0,64165,128,0,64851:0:0:0:0:
109,0,64165,128,0,64251:0:0:0:0:
402,0,64251,128,0,64336:0:0:0:0:
182,0,64251,128,0,64336:0:0:0:0:
475,0,64336,128,0,64422:0:0:0:0:
109,0,64336,128,0,64508:0:0:0:0:
402,0,64422,128,0,64508:0:0:0:0:
329,0,64508,128,0,64594:0:0:0:0:
182,0,64508,128,0,64594:0:0:0:0:
402,0,64594,128,0,64679:0:0:0:0:
109,0,64594,128,0,64679:0:0:0:0:
475,0,64679,128,0,64765:0:0:0:0:
182,0,64679,128,0,64851:0:0:0:0:
402,0,64765,128,0,64851:0:0:0:0:
475,0,64851,128,0,64936:0:0:0:0:
329,0,64851,128,0,65279:0:0:0:0:
109,0,64851,128,0,64936:0:0:0:0:
402,0,64936,128,0,65022:0:0:0:0:
36,0,64936,128,0,65022:0:0:0:0:
475,0,65022,128,0,65194:0:0:0:0:
109,0,65022,128,0,65108:0:0:0:0:
182,0,65108,128,0,65194:0:0:0:0:
402,192,65194,1,0,0:0:0:0:
109,192,65194,1,0,0:0:0:0:
36,192,65194,1,0,0:0:0:0:
329,192,65365,1,0,0:0:0:0:
402,192,65365,1,0,0:0:0:0:
475,192,65365,1,0,0:0:0:0:
36,192,65365,1,0,0:0:0:0:
109,192,65365,1,0,0:0:0:0:
182,192,65365,1,0,0:0:0:0:
256,192,65708,1,0,0:0:0:0:
182,192,65708,1,0,0:0:0:0:
109,0,65708,128,0,66136:0:0:0:0:
36,192,65794,1,0,0:0:0:0:
402,192,65879,1,0,0:0:0:0:
329,192,65879,1,0,0:0:0:0:
256,0,65879,128,0,66308:0:0:0:0:
182,192,65965,1,0,0:0:0:0:
475,192,66051,1,0,0:0:0:0:
402,0,66051,128,0,66479:0:0:0:0:
36,192,66051,1,0,0:0:0:0:
329,192,66136,1,0,0:0:0:0:
182,192,66222,1,0,0:0:0:0:
109,192,66222,1,0,0:0:0:0:
475,192,66308,1,0,0:0:0:0:
36,192,66308,1,0,0:0:0:0:
329,192,66394,1,0,0:0:0:0:
256,192,66394,1,0,0:0:0:0:
182,192,66394,1,0,0:0:0:0:
109,192,66479,1,0,0:0:0:0:
36,192,66479,1,0,0:0:0:0:
402,192,66565,1,0,0:0:0:0:
475,192,66565,1,0,0:0:0:0:
256,192,66565,1,0,0:0:0:0:
329,192,66565,1,0,0:0:0:0:
182,192,66651,1,0,0:0:0:0:
109,192,66651,1,0,0:0:0:0:
36,192,66651,1,0,0:0:0:0:
475,192,66736,1,0,0:0:0:0:
402,192,66736,1,0,0:0:0:0:
329,192,66736,1,0,0:0:0:0:
182,192,66822,1,0,0:0:0:0:
256,192,66822,1,0,0:0:0:0:
36,192,66822,1,0,0:0:0:0:
109,192,66822,1,0,0:0:0:0:
475,0,66908,128,0,67508:0:0:0:0:
402,0,66908,128,0,66994:0:0:0:0:
329,192,66908,1,0,0:0:0:0:
182,0,66994,128,0,67079:0:0:0:0:
109,192,66994,1,0,0:0:0:0:
329,0,67079,128,0,67165:0:0:0:0:
256,192,67079,1,0,0:0:0:0:
402,192,67165,1,0,0:0:0:0:
182,192,67251,1,0,0:0:0:0:
256,192,67251,1,0,0:0:0:0:
36,0,67251,128,0,67851:0:0:0:0:
109,0,67251,128,0,67336:0:0:0:0:
402,192,67336,1,0,0:0:0:0:
329,0,67336,128,0,67422:0:0:0:0:
256,192,67422,1,0,0:0:0:0:
182,0,67422,128,0,67508:0:0:0:0:
109,192,67508,1,0,0:0:0:0:
475,192,67594,1,0,0:0:0:0:
329,0,67594,128,0,67679:0:0:0:0:
182,0,67594,128,0,67636:0:0:0:0:
402,0,67679,128,0,67765:0:0:0:0:
256,0,67679,128,0,67722:0:0:0:0:
475,0,67765,128,0,67936:0:0:0:0:
329,0,67765,128,0,67808:0:0:0:0:
109,192,67765,1,0,0:0:0:0:
402,0,67851,128,0,67894:0:0:0:0:
329,0,67936,128,0,67979:0:0:0:0:
182,0,67936,128,0,68022:0:0:0:0:
36,192,67936,1,0,0:0:0:0:
256,0,68022,128,0,68065:0:0:0:0:
109,0,68022,128,0,68108:0:0:0:0:
36,0,68108,128,0,68279:0:0:0:0:
475,192,68108,1,0,0:0:0:0:
182,0,68108,128,0,68151:0:0:0:0:
109,0,68194,128,0,68236:0:0:0:0:
475,0,68279,128,0,68622:0:0:0:0:
402,192,68279,1,0,0:0:0:0:
329,0,68279,128,0,68451:0:0:0:0:
256,0,68365,128,0,68451:0:0:0:0:
109,192,68365,1,0,0:0:0:0:
36,192,68365,1,0,0:0:0:0:
402,0,68451,128,0,68536:0:0:0:0:
182,0,68451,128,0,68622:0:0:0:0:
109,0,68536,128,0,68622:0:0:0:0:
36,0,68536,128,0,68622:0:0:0:0:
402,0,68622,128,0,68965:0:0:0:0:
329,192,68622,1,0,0:0:0:0:
256,0,68622,128,0,68794:0:0:0:0:
475,192,68708,1,0,0:0:0:0:
182,0,68708,128,0,68794:0:0:0:0:
36,192,68708,1,0,0:0:0:0:
329,0,68794,128,0,68879:0:0:0:0:
109,0,68794,128,0,68965:0:0:0:0:
475,0,68879,128,0,68965:0:0:0:0:
36,0,68879,128,0,68965:0:0:0:0:
329,0,68965,128,0,69308:0:0:0:0:
256,192,68965,1,0,0:0:0:0:
182,0,68965,128,0,69136:0:0:0:0:
475,192,69051,1,0,0:0:0:0:
402,192,69051,1,0,0:0:0:0:
109,0,69051,128,0,69136:0:0:0:0:
256,0,69136,128,0,69222:0:0:0:0:
36,0,69136,128,0,69308:0:0:0:0:
475,0,69222,128,0,69308:0:0:0:0:
402,0,69222,128,0,69308:0:0:0:0:
256,0,69308,128,0,69651:0:0:0:0:
182,192,69308,1,0,0:0:0:0:
109,0,69308,128,0,69479:0:0:0:0:
402,192,69394,1,0,0:0:0:0:
329,192,69394,1,0,0:0:0:0:
36,0,69394,128,0,69479:0:0:0:0:
475,0,69479,128,0,69651:0:0:0:0:
182,0,69479,128,0,69565:0:0:0:0:
402,0,69565,128,0,69651:0:0:0:0:
329,0,69565,128,0,69651:0:0:0:0:
182,192,69651,1,0,0:0:0:0:
109,0,69651,128,0,69736:0:0:0:0:
36,0,69651,128,0,70251:0:0:0:0:
402,192,69736,1,0,0:0:0:0:
329,0,69736,128,0,69822:0:0:0:0:
256,192,69822,1,0,0:0:0:0:
182,0,69822,128,0,69908:0:0:0:0:
109,192,69908,1,0,0:0:0:0:
402,0,69994,128,0,70079:0:0:0:0:
475,0,69994,128,0,70594:0:0:0:0:
256,192,69994,1,0,0:0:0:0:
329,192,69994,1,0,0:0:0:0:
182,0,70079,128,0,70165:0:0:0:0:
109,192,70079,1,0,0:0:0:0:
329,0,70165,128,0,70251:0:0:0:0:
256,192,70165,1,0,0:0:0:0:
402,192,70251,1,0,0:0:0:0:
329,0,70336,128,0,70379:0:0:0:0:
182,0,70336,128,0,70422:0:0:0:0:
36,192,70336,1,0,0:0:0:0:
256,0,70422,128,0,70465:0:0:0:0:
109,0,70422,128,0,70508:0:0:0:0:
402,192,70508,1,0,0:0:0:0:
182,0,70508,128,0,70551:0:0:0:0:
36,0,70508,128,0,70679:0:0:0:0:
109,0,70594,128,0,70636:0:0:0:0:
475,192,70679,1,0,0:0:0:0:
329,0,70679,128,0,70765:0:0:0:0:
182,0,70679,128,0,70722:0:0:0:0:
402,0,70765,128,0,70851:0:0:0:0:
256,0,70765,128,0,70808:0:0:0:0:
475,0,70851,128,0,71022:0:0:0:0:
329,0,70851,128,0,70894:0:0:0:0:
36,192,70851,1,0,0:0:0:0:
402,0,70936,128,0,70979:0:0:0:0:
182,0,71022,128,0,71194:0:0:0:0:
109,192,71022,1,0,0:0:0:0:
36,0,71022,128,0,71365:0:0:0:0:
475,192,71108,1,0,0:0:0:0:
402,192,71108,1,0,0:0:0:0:
256,0,71108,128,0,71194:0:0:0:0:
329,0,71194,128,0,71365:0:0:0:0:
109,0,71194,128,0,71279:0:0:0:0:
475,0,71279,128,0,71365:0:0:0:0:
402,0,71279,128,0,71365:0:0:0:0:
256,0,71365,128,0,71536:0:0:0:0:
182,192,71365,1,0,0:0:0:0:
109,0,71365,128,0,71708:0:0:0:0:
475,192,71451,1,0,0:0:0:0:
329,0,71451,128,0,71536:0:0:0:0:
36,192,71451,1,0,0:0:0:0:
402,0,71536,128,0,71708:0:0:0:0:
182,0,71536,128,0,71622:0:0:0:0:
475,0,71622,128,0,71708:0:0:0:0:
36,0,71622,128,0,71708:0:0:0:0:
329,0,71708,128,0,71879:0:0:0:0:
256,192,71708,1,0,0:0:0:0:
182,0,71708,128,0,72051:0:0:0:0:
402,0,71794,128,0,71879:0:0:0:0:
109,192,71794,1,0,0:0:0:0:
36,192,71794,1,0,0:0:0:0:
475,0,71879,128,0,72051:0:0:0:0:
256,0,71879,128,0,71965:0:0:0:0:
109,0,71965,128,0,72051:0:0:0:0:
36,0,71965,128,0,72051:0:0:0:0:
256,0,72051,128,0,72394:0:0:0:0:
402,0,72051,128,0,72222:0:0:0:0:
329,192,72051,1,0,0:0:0:0:
475,0,72136,128,0,72222:0:0:0:0:
182,192,72136,1,0,0:0:0:0:
109,192,72136,1,0,0:0:0:0:
36,0,72222,128,0,72394:0:0:0:0:
329,0,72222,128,0,72308:0:0:0:0:
182,0,72308,128,0,72394:0:0:0:0:
109,0,72308,128,0,72394:0:0:0:0:
402,0,72394,128,0,73765:0:0:0:0:
475,0,72394,128,0,72479:0:0:0:0:
329,0,72394,128,0,72565:0:0:0:0:
256,0,72479,128,0,72651:0:0:0:0:
109,0,72479,128,0,72565:0:0:0:0:
36,0,72479,128,0,72651:0:0:0:0:
475,0,72565,128,0,72651:0:0:0:0:
182,0,72565,128,0,72651:0:0:0:0:
329,0,72651,128,0,72736:0:0:0:0:
109,0,72651,128,0,72736:0:0:0:0:
256,0,72736,128,0,72908:0:0:0:0:
475,0,72736,128,0,72822:0:0:0:0:
36,0,72736,128,0,72908:0:0:0:0:
182,0,72736,128,0,72822:0:0:0:0:
329,0,72822,128,0,72994:0:0:0:0:
109,0,72822,128,0,72994:0:0:0:0:
475,0,72908,128,0,72994:0:0:0:0:
182,0,72908,128,0,73165:0:0:0:0:
256,0,72994,128,0,73079:0:0:0:0:
36,0,72994,128,0,73079:0:0:0:0:
475,0,73079,128,0,73165:0:0:0:0:
329,0,73079,128,0,73251:0:0:0:0:
109,0,73079,128,0,73251:0:0:0:0:
256,0,73165,128,0,73336:0:0:0:0:
36,0,73165,128,0,73336:0:0:0:0:
475,0,73251,128,0,73336:0:0:0:0:
182,0,73251,128,0,73336:0:0:0:0:
329,0,73336,128,0,73422:0:0:0:0:
109,0,73336,128,0,73422:0:0:0:0:
256,0,73422,128,0,73594:0:0:0:0:
475,0,73422,128,0,73508:0:0:0:0:
36,0,73422,128,0,73679:0:0:0:0:
182,0,73422,128,0,73508:0:0:0:0:
329,0,73508,128,0,73851:0:0:0:0:
109,0,73508,128,0,73679:0:0:0:0:
475,0,73594,128,0,73765:0:0:0:0:
182,0,73594,128,0,73679:0:0:0:0:
256,0,73679,128,0,73765:0:0:0:0:
182,0,73765,128,0,73936:0:0:0:0:
109,0,73765,128,0,74794:0:0:0:0:
36,0,73765,128,0,73851:0:0:0:0:
475,0,73851,128,0,74022:0:0:0:0:
402,0,73851,128,0,73936:0:0:0:0:
256,0,73851,128,0,74022:0:0:0:0:
329,0,73936,128,0,74022:0:0:0:0:
36,0,73936,128,0,74022:0:0:0:0:
402,0,74022,128,0,74108:0:0:0:0:
182,0,74022,128,0,74108:0:0:0:0:
329,0,74108,128,0,74194:0:0:0:0:
475,0,74108,128,0,74279:0:0:0:0:
36,0,74108,128,0,74194:0:0:0:0:
256,0,74108,128,0,74279:0:0:0:0:
402,0,74194,128,0,74536:0:0:0:0:
182,0,74194,128,0,74365:0:0:0:0:
329,0,74279,128,0,74451:0:0:0:0:
36,0,74279,128,0,74365:0:0:0:0:
475,0,74365,128,0,74536:0:0:0:0:
256,0,74365,128,0,74451:0:0:0:0:
182,192,74451,1,0,0:0:0:0:
36,192,74451,1,0,0:0:0:0:
329,192,74536,1,0,0:0:0:0:
256,192,74536,1,0,0:0:0:0:
475,192,74622,1,0,0:0:0:0:
402,192,74622,1,0,0:0:0:0:
256,192,74794,1,0,0:0:0:0:
329,192,74794,1,0,0:0:0:0:
36,192,74794,1,0,0:0:0:0:
182,192,74794,1,0,0:0:0:0:
475,192,74879,1,0,0:0:0:0:
402,192,74879,1,0,0:0:0:0:
256,192,74965,1,0,0:0:0:0:
329,192,74965,1,0,0:0:0:0:
36,192,74965,1,0,0:0:0:0:
182,192,74965,1,0,0:0:0:0:
475,192,75051,1,0,0:0:0:0:
402,192,75051,1,0,0:0:0:0:
256,192,75136,1,0,0:0:0:0:
329,192,75136,1,0,0:0:0:0:
182,192,75136,1,0,0:0:0:0:
36,0,75136,128,0,75394:0:0:0:0:
109,0,75136,128,0,75394:0:0:0:0:
109,192,75479,1,0,0:0:0:0:
36,192,75479,1,0,0:0:0:0:
402,0,75651,128,0,75908:0:0:0:0:
475,0,75651,128,0,75908:0:0:0:0:
329,192,75651,1,0,0:0:0:0:
182,192,75651,1,0,0:0:0:0:
256,192,75651,1,0,0:0:0:0:
475,192,75994,1,0,0:0:0:0:
402,192,75994,1,0,0:0:0:0:
475,192,76165,1,0,0:0:0:0:
36,192,76165,1,0,0:0:0:0:
475,192,76336,1,0,0:0:0:0:
182,0,76336,128,0,77794:0:0:0:0:
329,0,76336,128,0,77794:0:0:0:0:
402,192,76336,1,0,0:0:0:0:
36,192,76336,1,0,0:0:0:0:
109,192,76336,1,0,0:0:0:0:
256,192,76336,1,0,0:0:0:0:
109,192,76508,1,0,0:0:0:0:
256,192,76594,1,0,0:0:0:0:
402,192,76679,1,0,0:0:0:0:
256,192,76765,1,0,0:0:0:0:
36,192,76851,1,0,0:0:0:0:
256,192,76936,1,0,0:0:0:0:
475,192,77022,1,0,0:0:0:0:
256,192,77108,1,0,0:0:0:0:
36,192,77194,1,0,0:0:0:0:
475,192,77279,1,0,0:0:0:0:
109,192,77365,1,0,0:0:0:0:
402,192,77451,1,0,0:0:0:0:
475,192,77536,1,0,0:0:0:0:
36,192,77536,1,0,0:0:0:0:
475,192,77622,1,0,0:0:0:0:
36,192,77622,1,0,0:0:0:0:
475,192,77708,1,0,0:0:0:0:
36,192,77708,1,0,0:0:0:0:
256,192,77794,1,0,0:0:0:0:
329,192,77879,1,0,0:0:0:0:
402,192,77879,1,0,0:0:0:0:
109,192,77879,1,0,0:0:0:0:
182,192,77879,1,0,0:0:0:0:
475,192,78051,1,0,0:0:0:0:
36,192,78051,1,0,0:0:0:0:
402,192,78222,1,0,0:0:0:0:
256,192,78222,1,0,0:0:0:0:
109,192,78222,1,0,0:0:0:0:
329,192,78394,1,0,0:0:0:0:
182,192,78394,1,0,0:0:0:0:
36,192,78565,1,0,0:0:0:0:
182,192,78736,1,0,0:0:0:0:
109,192,78736,1,0,0:0:0:0:
475,192,78908,1,0,0:0:0:0:
402,192,78908,1,0,0:0:0:0:
329,192,78908,1,0,0:0:0:0:
256,192,79251,1,0,0:0:0:0:
109,192,79251,1,0,0:0:0:0:
182,192,79422,1,0,0:0:0:0:
36,192,79422,1,0,0:0:0:0:
475,192,79594,1,0,0:0:0:0:
402,192,79594,1,0,0:0:0:0:
329,192,79594,1,0,0:0:0:0:
256,192,79765,1,0,0:0:0:0:
182,192,79765,1,0,0:0:0:0:
109,192,79936,1,0,0:0:0:0:
475,192,80108,1,0,0:0:0:0:
36,192,80108,1,0,0:0:0:0:
329,192,80279,1,0,0:0:0:0:
256,192,80279,1,0,0:0:0:0:
182,192,80279,1,0,0:0:0:0:
402,192,80451,1,0,0:0:0:0:
329,192,80451,1,0,0:0:0:0:
475,192,80536,1,0,0:0:0:0:
182,192,80622,1,0,0:0:0:0:
402,192,80622,1,0,0:0:0:0:
36,192,80622,1,0,0:0:0:0:
109,192,80622,1,0,0:0:0:0:
475,192,80794,1,0,0:0:0:0:
256,192,80794,1,0,0:0:0:0:
402,192,80965,1,0,0:0:0:0:
329,192,80965,1,0,0:0:0:0:
182,192,80965,1,0,0:0:0:0:
109,192,81136,1,0,0:0:0:0:
36,192,81136,1,0,0:0:0:0:
475,192,81308,1,0,0:0:0:0:
109,192,81479,1,0,0:0:0:0:
36,192,81479,1,0,0:0:0:0:
402,192,81651,1,0,0:0:0:0:
329,192,81651,1,0,0:0:0:0:
256,192,81651,1,0,0:0:0:0:
182,192,81822,1,0,0:0:0:0:
109,192,81822,1,0,0:0:0:0:
475,192,81994,1,0,0:0:0:0:
256,192,81994,1,0,0:0:0:0:
36,192,81994,1,0,0:0:0:0:
402,192,82165,1,0,0:0:0:0:
182,192,82165,1,0,0:0:0:0:
329,192,82251,1,0,0:0:0:0:
475,192,82336,1,0,0:0:0:0:
402,192,82336,1,0,0:0:0:0:
256,192,82336,1,0,0:0:0:0:
329,192,82508,1,0,0:0:0:0:
109,192,82508,1,0,0:0:0:0:
256,192,82679,1,0,0:0:0:0:
475,192,82679,1,0,0:0:0:0:
36,192,82679,1,0,0:0:0:0:
182,192,82679,1,0,0:0:0:0:
329,192,82851,1,0,0:0:0:0:
109,192,82851,1,0,0:0:0:0:
475,192,83022,1,0,0:0:0:0:
402,192,83022,1,0,0:0:0:0:
182,192,83022,1,0,0:0:0:0:
329,192,83108,1,0,0:0:0:0:
256,192,83108,1,0,0:0:0:0:
475,192,83194,1,0,0:0:0:0:
402,192,83194,1,0,0:0:0:0:
36,192,83194,1,0,0:0:0:0:
329,192,83279,1,0,0:0:0:0:
256,192,83279,1,0,0:0:0:0:
182,192,83365,1,0,0:0:0:0:
475,0,83365,128,0,84736:0:0:0:0:
36,192,83365,1,0,0:0:0:0:
109,192,83365,1,0,0:0:0:0:
402,192,83536,1,0,0:0:0:0:
329,192,83536,1,0,0:0:0:0:
256,192,83708,1,0,0:0:0:0:
182,192,83708,1,0,0:0:0:0:
109,192,83708,1,0,0:0:0:0:
402,192,83879,1,0,0:0:0:0:
36,192,83879,1,0,0:0:0:0:
329,192,84051,1,0,0:0:0:0:
256,192,84222,1,0,0:0:0:0:
182,192,84222,1,0,0:0:0:0:
402,192,84394,1,0,0:0:0:0:
109,192,84394,1,0,0:0:0:0:
36,192,84394,1,0,0:0:0:0:
256,192,84736,1,0,0:0:0:0:
36,0,84736,128,0,86108:0:0:0:0:
109,192,84736,1,0,0:0:0:0:
182,192,84736,1,0,0:0:0:0:
475,192,84908,1,0,0:0:0:0:
402,192,84908,1,0,0:0:0:0:
329,192,85079,1,0,0:0:0:0:
256,192,85079,1,0,0:0:0:0:
182,192,85079,1,0,0:0:0:0:
475,192,85251,1,0,0:0:0:0:
109,192,85251,1,0,0:0:0:0:
256,192,85422,1,0,0:0:0:0:
402,192,85594,1,0,0:0:0:0:
329,192,85594,1,0,0:0:0:0:
475,192,85765,1,0,0:0:0:0:
182,192,85765,1,0,0:0:0:0:
109,192,85765,1,0,0:0:0:0:
256,192,85936,1,0,0:0:0:0:
256,192,86022,1,0,0:0:0:0:
402,0,86108,128,0,86794:0:0:0:0:
475,192,86108,1,0,0:0:0:0:
109,192,86108,1,0,0:0:0:0:
329,192,86108,1,0,0:0:0:0:
256,192,86279,1,0,0:0:0:0:
182,192,86279,1,0,0:0:0:0:
475,192,86451,1,0,0:0:0:0:
109,192,86451,1,0,0:0:0:0:
36,192,86451,1,0,0:0:0:0:
329,192,86622,1,0,0:0:0:0:
256,192,86622,1,0,0:0:0:0:
329,0,86794,128,0,87479:0:0:0:0:
109,192,86794,1,0,0:0:0:0:
36,192,86794,1,0,0:0:0:0:
256,192,86965,1,0,0:0:0:0:
182,192,86965,1,0,0:0:0:0:
475,192,87136,1,0,0:0:0:0:
402,192,87136,1,0,0:0:0:0:
256,192,87136,1,0,0:0:0:0:
182,0,87479,128,0,88165:0:0:0:0:
256,192,87479,1,0,0:0:0:0:
36,192,87479,1,0,0:0:0:0:
109,192,87479,1,0,0:0:0:0:
256,192,87736,1,0,0:0:0:0:
475,192,87822,1,0,0:0:0:0:
402,192,87822,1,0,0:0:0:0:
329,192,87822,1,0,0:0:0:0:
109,192,87994,1,0,0:0:0:0:
36,192,87994,1,0,0:0:0:0:
256,0,88165,128,0,88851:0:0:0:0:
329,192,88165,1,0,0:0:0:0:
182,192,88336,1,0,0:0:0:0:
109,192,88336,1,0,0:0:0:0:
475,192,88508,1,0,0:0:0:0:
329,192,88594,1,0,0:0:0:0:
182,192,88594,1,0,0:0:0:0:
109,192,88679,1,0,0:0:0:0:
36,192,88679,1,0,0:0:0:0:
329,192,88765,1,0,0:0:0:0:
182,192,88765,1,0,0:0:0:0:
475,0,88851,128,0,88936:0:0:0:0:
402,192,88851,1,0,0:0:0:0:
36,0,88851,128,0,88936:0:0:0:0:
329,0,88936,128,0,89022:0:0:0:0:
182,0,88936,128,0,89022:0:0:0:0:
475,0,89022,128,0,89108:0:0:0:0:
402,0,89022,128,0,89365:0:0:0:0:
109,0,89022,128,0,89108:0:0:0:0:
182,0,89108,128,0,89194:0:0:0:0:
36,0,89108,128,0,89194:0:0:0:0:
329,0,89194,128,0,89279:0:0:0:0:
256,192,89194,1,0,0:0:0:0:
109,0,89194,128,0,89279:0:0:0:0:
475,0,89279,128,0,89365:0:0:0:0:
182,0,89279,128,0,89365:0:0:0:0:
329,0,89365,128,0,89451:0:0:0:0:
256,0,89365,128,0,89708:0:0:0:0:
36,0,89365,128,0,89451:0:0:0:0:
182,0,89451,128,0,89536:0:0:0:0:
109,0,89451,128,0,89536:0:0:0:0:
475,0,89536,128,0,89622:0:0:0:0:
402,192,89536,1,0,0:0:0:0:
36,0,89536,128,0,89622:0:0:0:0:
329,0,89622,128,0,89708:0:0:0:0:
182,0,89622,128,0,89708:0:0:0:0:
475,0,89708,128,0,89794:0:0:0:0:
402,0,89708,128,0,90051:0:0:0:0:
109,0,89708,128,0,89794:0:0:0:0:
182,0,89794,128,0,89879:0:0:0:0:
36,0,89794,128,0,89879:0:0:0:0:
329,0,89879,128,0,89965:0:0:0:0:
256,192,89879,1,0,0:0:0:0:
109,0,89879,128,0,89965:0:0:0:0:
475,0,89965,128,0,90051:0:0:0:0:
182,0,89965,128,0,90051:0:0:0:0:
256,0,90051,128,0,90222:0:0:0:0:
329,0,90051,128,0,90136:0:0:0:0:
36,0,90051,128,0,90136:0:0:0:0:
182,0,90136,128,0,90222:0:0:0:0:
109,0,90136,128,0,90222:0:0:0:0:
475,0,90222,128,0,90308:0:0:0:0:
402,0,90222,128,0,90308:0:0:0:0:
329,192,90222,1,0,0:0:0:0:
256,0,90308,128,0,90394:0:0:0:0:
109,0,90308,128,0,90394:0:0:0:0:
402,0,90394,128,0,90479:0:0:0:0:
329,0,90394,128,0,90736:0:0:0:0:
36,0,90394,128,0,90479:0:0:0:0:
475,0,90479,128,0,90565:0:0:0:0:
109,0,90479,128,0,90565:0:0:0:0:
256,0,90565,128,0,90651:0:0:0:0:
182,192,90565,1,0,0:0:0:0:
36,0,90565,128,0,90651:0:0:0:0:
402,0,90651,128,0,90736:0:0:0:0:
109,0,90651,128,0,90736:0:0:0:0:
475,0,90736,128,0,90822:0:0:0:0:
256,0,90736,128,0,90822:0:0:0:0:
182,0,90736,128,0,91079:0:0:0:0:
109,0,90822,128,0,90908:0:0:0:0:
36,0,90822,128,0,90908:0:0:0:0:
475,0,90908,128,0,90994:0:0:0:0:
402,0,90908,128,0,90994:0:0:0:0:
329,192,90908,1,0,0:0:0:0:
256,0,90994,128,0,91079:0:0:0:0:
109,0,90994,128,0,91079:0:0:0:0:
402,0,91079,128,0,91165:0:0:0:0:
329,0,91079,128,0,91422:0:0:0:0:
36,0,91079,128,0,91165:0:0:0:0:
475,0,91165,128,0,91251:0:0:0:0:
109,0,91165,128,0,91251:0:0:0:0:
256,0,91251,128,0,91336:0:0:0:0:
182,192,91251,1,0,0:0:0:0:
36,0,91251,128,0,91336:0:0:0:0:
402,0,91336,128,0,91422:0:0:0:0:
109,0,91336,128,0,91422:0:0:0:0:
182,0,91422,128,0,91594:0:0:0:0:
475,0,91422,128,0,91508:0:0:0:0:
256,0,91422,128,0,91508:0:0:0:0:
109,0,91508,128,0,91594:0:0:0:0:
36,0,91508,128,0,91594:0:0:0:0:
402,0,91594,128,0,91679:0:0:0:0:
329,0,91594,128,0,91679:0:0:0:0:
256,192,91594,1,0,0:0:0:0:
182,0,91679,128,0,91765:0:0:0:0:
36,0,91679,128,0,91765:0:0:0:0:
475,0,91765,128,0,91851:0:0:0:0:
329,0,91765,128,0,91851:0:0:0:0:
256,0,91765,128,0,92108:0:0:0:0:
402,0,91851,128,0,91936:0:0:0:0:
36,0,91851,128,0,91936:0:0:0:0:
475,0,91936,128,0,92022:0:0:0:0:
182,0,91936,128,0,92022:0:0:0:0:
109,192,91936,1,0,0:0:0:0:
329,0,92022,128,0,92108:0:0:0:0:
36,0,92022,128,0,92108:0:0:0:0:
402,0,92108,128,0,92194:0:0:0:0:
182,0,92108,128,0,92194:0:0:0:0:
109,0,92108,128,0,92451:0:0:0:0:
475,0,92194,128,0,92279:0:0:0:0:
36,0,92194,128,0,92279:0:0:0:0:
402,0,92279,128,0,92365:0:0:0:0:
329,0,92279,128,0,92365:0:0:0:0:
256,192,92279,1,0,0:0:0:0:
182,0,92365,128,0,92451:0:0:0:0:
36,0,92365,128,0,92451:0:0:0:0:
475,0,92451,128,0,92536:0:0:0:0:
329,0,92451,128,0,92536:0:0:0:0:
256,0,92451,128,0,92794:0:0:0:0:
402,0,92536,128,0,92622:0:0:0:0:
36,0,92536,128,0,92622:0:0:0:0:
475,0,92622,128,0,92708:0:0:0:0:
182,0,92622,128,0,92708:0:0:0:0:
109,192,92622,1,0,0:0:0:0:
329,0,92708,128,0,92794:0:0:0:0:
36,0,92708,128,0,92794:0:0:0:0:
109,0,92794,128,0,92965:0:0:0:0:
402,0,92794,128,0,92879:0:0:0:0:
182,0,92794,128,0,92879:0:0:0:0:
475,0,92879,128,0,92965:0:0:0:0:
36,0,92879,128,0,92965:0:0:0:0:
402,192,92965,1,0,0:0:0:0:
329,192,92965,1,0,0:0:0:0:
256,0,92965,128,0,93222:0:0:0:0:
182,0,93051,128,0,93308:0:0:0:0:
475,192,93136,1,0,0:0:0:0:
109,0,93136,128,0,93394:0:0:0:0:
36,0,93222,128,0,93479:0:0:0:0:
402,192,93308,1,0,0:0:0:0:
475,192,93308,1,0,0:0:0:0:
256,0,93308,128,0,93394:0:0:0:0:
329,192,93308,1,0,0:0:0:0:
182,0,93394,128,0,93479:0:0:0:0:
329,192,93479,1,0,0:0:0:0:
109,0,93479,128,0,93565:0:0:0:0:
36,0,93565,128,0,93651:0:0:0:0:
475,0,93651,128,0,93736:0:0:0:0:
256,192,93651,1,0,0:0:0:0:
109,0,93651,128,0,93736:0:0:0:0:
402,0,93736,128,0,93822:0:0:0:0:
182,0,93736,128,0,93822:0:0:0:0:
329,0,93822,128,0,93908:0:0:0:0:
109,0,93822,128,0,93908:0:0:0:0:
36,0,93908,128,0,93994:0:0:0:0:
402,192,93994,1,0,0:0:0:0:
109,0,93994,128,0,94336:0:0:0:0:
329,192,93994,1,0,0:0:0:0:
182,0,93994,128,0,94165:0:0:0:0:
256,192,93994,1,0,0:0:0:0:
475,192,94165,1,0,0:0:0:0:
36,192,94165,1,0,0:0:0:0:
256,192,94336,1,0,0:0:0:0:
402,192,94336,1,0,0:0:0:0:
36,0,94336,128,0,94679:0:0:0:0:
182,192,94336,1,0,0:0:0:0:
329,192,94422,1,0,0:0:0:0:
256,192,94508,1,0,0:0:0:0:
402,192,94679,1,0,0:0:0:0:
475,192,94679,1,0,0:0:0:0:
329,192,94679,1,0,0:0:0:0:
109,192,94679,1,0,0:0:0:0:
182,0,94679,128,0,94851:0:0:0:0:
36,192,94765,1,0,0:0:0:0:
329,0,94851,128,0,95022:0:0:0:0:
109,192,94851,1,0,0:0:0:0:
402,192,95022,1,0,0:0:0:0:
256,192,95022,1,0,0:0:0:0:
182,192,95022,1,0,0:0:0:0:
329,192,95108,1,0,0:0:0:0:
475,0,95194,128,0,95536:0:0:0:0:
402,192,95194,1,0,0:0:0:0:
329,192,95365,1,0,0:0:0:0:
182,192,95365,1,0,0:0:0:0:
36,192,95365,1,0,0:0:0:0:
109,192,95451,1,0,0:0:0:0:
256,0,95536,128,0,95622:0:0:0:0:
36,192,95536,1,0,0:0:0:0:
182,0,95622,128,0,95708:0:0:0:0:
329,192,95708,1,0,0:0:0:0:
475,192,95708,1,0,0:0:0:0:
109,0,95708,128,0,95879:0:0:0:0:
256,192,95708,1,0,0:0:0:0:
402,192,95794,1,0,0:0:0:0:
475,192,95879,1,0,0:0:0:0:
256,0,95879,128,0,96051:0:0:0:0:
329,192,96051,1,0,0:0:0:0:
402,0,96051,128,0,96222:0:0:0:0:
182,192,96051,1,0,0:0:0:0:
36,192,96051,1,0,0:0:0:0:
109,192,96051,1,0,0:0:0:0:
256,192,96136,1,0,0:0:0:0:
329,192,96222,1,0,0:0:0:0:
182,0,96222,128,0,96394:0:0:0:0:
475,192,96394,1,0,0:0:0:0:
402,192,96394,1,0,0:0:0:0:
109,192,96394,1,0,0:0:0:0:
182,192,96479,1,0,0:0:0:0:
329,0,96565,128,0,97079:0:0:0:0:
109,192,96565,1,0,0:0:0:0:
256,192,96736,1,0,0:0:0:0:
402,192,96736,1,0,0:0:0:0:
36,192,96736,1,0,0:0:0:0:
182,192,96736,1,0,0:0:0:0:
109,192,96822,1,0,0:0:0:0:
36,192,96908,1,0,0:0:0:0:
402,192,97079,1,0,0:0:0:0:
475,192,97079,1,0,0:0:0:0:
109,0,97079,128,0,97251:0:0:0:0:
182,192,97079,1,0,0:0:0:0:
329,192,97165,1,0,0:0:0:0:
402,192,97251,1,0,0:0:0:0:
182,0,97251,128,0,97422:0:0:0:0:
329,192,97422,1,0,0:0:0:0:
475,192,97422,1,0,0:0:0:0:
256,192,97422,1,0,0:0:0:0:
36,192,97422,1,0,0:0:0:0:
109,0,97422,128,0,97594:0:0:0:0:
182,192,97508,1,0,0:0:0:0:
256,192,97594,1,0,0:0:0:0:
36,0,97594,128,0,97936:0:0:0:0:
402,192,97765,1,0,0:0:0:0:
329,192,97765,1,0,0:0:0:0:
109,192,97765,1,0,0:0:0:0:
182,192,97851,1,0,0:0:0:0:
329,0,97936,128,0,98108:0:0:0:0:
109,192,97936,1,0,0:0:0:0:
402,0,98108,128,0,98279:0:0:0:0:
475,192,98108,1,0,0:0:0:0:
256,192,98108,1,0,0:0:0:0:
36,192,98108,1,0,0:0:0:0:
182,192,98108,1,0,0:0:0:0:
329,192,98194,1,0,0:0:0:0:
475,0,98279,128,0,98451:0:0:0:0:
256,192,98279,1,0,0:0:0:0:
182,0,98451,128,0,98622:0:0:0:0:
402,192,98451,1,0,0:0:0:0:
36,192,98451,1,0,0:0:0:0:
109,192,98451,1,0,0:0:0:0:
329,192,98536,1,0,0:0:0:0:
256,192,98536,1,0,0:0:0:0:
475,192,98622,1,0,0:0:0:0:
402,192,98622,1,0,0:0:0:0:
36,192,98622,1,0,0:0:0:0:
329,0,98708,128,0,98879:0:0:0:0:
256,192,98708,1,0,0:0:0:0:
182,192,98708,1,0,0:0:0:0:
475,192,98794,1,0,0:0:0:0:
402,192,98794,1,0,0:0:0:0:
36,192,98794,1,0,0:0:0:0:
182,192,98879,1,0,0:0:0:0:
109,192,98879,1,0,0:0:0:0:
475,0,98965,128,0,99051:0:0:0:0:
402,192,98965,1,0,0:0:0:0:
329,192,98965,1,0,0:0:0:0:
109,192,99051,1,0,0:0:0:0:
36,192,99051,1,0,0:0:0:0:
475,192,99136,1,0,0:0:0:0:
402,192,99136,1,0,0:0:0:0:
329,0,99136,128,0,99308:0:0:0:0:
256,192,99222,1,0,0:0:0:0:
182,192,99222,1,0,0:0:0:0:
475,192,99308,1,0,0:0:0:0:
109,192,99308,1,0,0:0:0:0:
36,192,99308,1,0,0:0:0:0:
329,192,99394,1,0,0:0:0:0:
256,192,99394,1,0,0:0:0:0:
182,0,99394,128,0,99565:0:0:0:0:
475,192,99479,1,0,0:0:0:0:
109,192,99479,1,0,0:0:0:0:
36,192,99479,1,0,0:0:0:0:
402,192,99565,1,0,0:0:0:0:
329,192,99565,1,0,0:0:0:0:
182,192,99651,1,0,0:0:0:0:
109,192,99651,1,0,0:0:0:0:
36,0,99651,128,0,99736:0:0:0:0:
475,192,99736,1,0,0:0:0:0:
402,192,99736,1,0,0:0:0:0:
182,192,99822,1,0,0:0:0:0:
256,0,99822,128,0,100336:0:0:0:0:
36,192,99822,1,0,0:0:0:0:
109,192,99822,1,0,0:0:0:0:
329,0,100336,128,0,100422:0:0:0:0:
256,0,100422,128,0,100508:0:0:0:0:
182,0,100508,128,0,101194:0:0:0:0:
402,192,101194,1,0,0:0:0:0:
475,192,101194,1,0,0:0:0:0:
256,192,101194,1,0,0:0:0:0:
329,192,101194,1,0,0:0:0:0:
329,192,102565,1,0,0:0:0:0:
182,192,102565,1,0,0:0:0:0:
36,192,102565,1,0,0:0:0:0:
256,192,103937,1,0,0:0:0:0:
109,192,103937,1,0,0:0:0:0:
182,192,104965,1,0,0:0:0:0:
329,192,105051,1,0,0:0:0:0:
182,192,105137,1,0,0:0:0:0:
329,192,105222,1,0,0:0:0:0:
402,192,105308,1,0,0:0:0:0:
475,192,105308,1,0,0:0:0:0:
36,0,105308,128,0,105737:0:0:0:0:
109,0,105308,128,0,105351:0:0:0:0:
256,0,105394,128,0,105437:0:0:0:0:
182,0,105394,128,0,105651:0:0:0:0:
475,0,105479,128,0,105608:0:0:0:0:
402,0,105479,128,0,105522:0:0:0:0:
329,0,105479,128,0,105565:0:0:0:0:
256,0,105565,128,0,105651:0:0:0:0:
109,0,105565,128,0,105651:0:0:0:0:
475,192,105651,1,0,0:0:0:0:
402,0,105651,128,0,106079:0:0:0:0:
329,0,105651,128,0,105694:0:0:0:0:
256,0,105737,128,0,105994:0:0:0:0:
182,0,105737,128,0,105779:0:0:0:0:
109,0,105822,128,0,105908:0:0:0:0:
36,0,105822,128,0,105865:0:0:0:0:
475,0,105908,128,0,105994:0:0:0:0:
329,0,105908,128,0,105994:0:0:0:0:
182,0,105994,128,0,106422:0:0:0:0:
109,0,105994,128,0,106037:0:0:0:0:
36,192,105994,1,0,0:0:0:0:
329,0,106079,128,0,106337:0:0:0:0:
256,0,106079,128,0,106122:0:0:0:0:
475,0,106165,128,0,106251:0:0:0:0:
402,0,106165,128,0,106208:0:0:0:0:
36,0,106165,128,0,106294:0:0:0:0:
256,0,106251,128,0,106337:0:0:0:0:
109,0,106251,128,0,106337:0:0:0:0:
475,192,106337,1,0,0:0:0:0:
402,0,106337,128,0,106379:0:0:0:0:
36,192,106337,1,0,0:0:0:0:
329,192,106422,1,0,0:0:0:0:
256,0,106422,128,0,106465:0:0:0:0:
182,192,106508,1,0,0:0:0:0:
109,0,106508,128,0,106551:0:0:0:0:
36,0,106508,128,0,106594:0:0:0:0:
329,0,106594,128,0,106679:0:0:0:0:
256,0,106594,128,0,106679:0:0:0:0:
402,0,106679,128,0,106722:0:0:0:0:
475,0,106679,128,0,107108:0:0:0:0:
36,192,106679,1,0,0:0:0:0:
109,192,106679,1,0,0:0:0:0:
329,0,106765,128,0,107022:0:0:0:0:
256,0,106765,128,0,106808:0:0:0:0:
182,0,106851,128,0,106937:0:0:0:0:
109,0,106851,128,0,106894:0:0:0:0:
36,0,106851,128,0,106979:0:0:0:0:
402,0,106937,128,0,107022:0:0:0:0:
256,0,106937,128,0,107022:0:0:0:0:
182,0,107022,128,0,107065:0:0:0:0:
109,0,107022,128,0,107451:0:0:0:0:
36,192,107022,1,0,0:0:0:0:
329,0,107108,128,0,107151:0:0:0:0:
256,0,107108,128,0,107365:0:0:0:0:
475,0,107194,128,0,107237:0:0:0:0:
402,0,107194,128,0,107279:0:0:0:0:
182,0,107279,128,0,107365:0:0:0:0:
36,0,107279,128,0,107365:0:0:0:0:
475,192,107365,1,0,0:0:0:0:
402,0,107365,128,0,107408:0:0:0:0:
329,0,107365,128,0,107794:0:0:0:0:
256,0,107451,128,0,107494:0:0:0:0:
182,0,107451,128,0,107708:0:0:0:0:
475,0,107537,128,0,107665:0:0:0:0:
109,0,107537,128,0,107579:0:0:0:0:
36,0,107537,128,0,107622:0:0:0:0:
402,0,107622,128,0,107708:0:0:0:0:
256,0,107622,128,0,107708:0:0:0:0:
475,192,107708,1,0,0:0:0:0:
109,0,107708,128,0,107751:0:0:0:0:
36,192,107708,1,0,0:0:0:0:
256,0,107794,128,0,107837:0:0:0:0:
182,192,107794,1,0,0:0:0:0:
475,0,107879,128,0,107965:0:0:0:0:
402,0,107879,128,0,107922:0:0:0:0:
329,192,107879,1,0,0:0:0:0:
256,0,107965,128,0,108051:0:0:0:0:
182,0,107965,128,0,108051:0:0:0:0:
402,0,108051,128,0,108094:0:0:0:0:
475,0,108051,128,0,108094:0:0:0:0:
36,0,108051,128,0,109337:0:0:0:0:
329,0,108051,128,0,108308:0:0:0:0:
256,0,108137,128,0,108179:0:0:0:0:
182,0,108137,128,0,108179:0:0:0:0:
109,0,108137,128,0,108179:0:0:0:0:
475,0,108222,128,0,108265:0:0:0:0:
402,0,108222,128,0,108265:0:0:0:0:
182,0,108308,128,0,108394:0:0:0:0:
109,0,108308,128,0,108394:0:0:0:0:
402,0,108394,128,0,108437:0:0:0:0:
329,0,108394,128,0,108437:0:0:0:0:
256,0,108394,128,0,108651:0:0:0:0:
475,0,108479,128,0,108522:0:0:0:0:
182,0,108479,128,0,108522:0:0:0:0:
109,0,108479,128,0,108522:0:0:0:0:
402,0,108565,128,0,108608:0:0:0:0:
329,0,108565,128,0,108608:0:0:0:0:
475,0,108651,128,0,108737:0:0:0:0:
109,0,108651,128,0,108737:0:0:0:0:
329,0,108737,128,0,108779:0:0:0:0:
256,0,108737,128,0,108779:0:0:0:0:
182,0,108737,128,0,108994:0:0:0:0:
475,0,108822,128,0,108865:0:0:0:0:
402,0,108822,128,0,108865:0:0:0:0:
109,0,108822,128,0,108865:0:0:0:0:
329,0,108908,128,0,108951:0:0:0:0:
256,0,108908,128,0,108951:0:0:0:0:
475,0,108994,128,0,109037:0:0:0:0:
402,0,108994,128,0,109037:0:0:0:0:
256,0,109079,128,0,109122:0:0:0:0:
182,0,109079,128,0,109122:0:0:0:0:
109,0,109079,128,0,109337:0:0:0:0:
475,0,109165,128,0,109208:0:0:0:0:
402,0,109165,128,0,109208:0:0:0:0:
329,0,109165,128,0,109208:0:0:0:0:
256,0,109251,128,0,109294:0:0:0:0:
182,0,109251,128,0,109294:0:0:0:0:
402,0,109337,128,0,109422:0:0:0:0:
329,0,109337,128,0,109422:0:0:0:0:
182,0,109422,128,0,109679:0:0:0:0:
475,0,109422,128,0,110708:0:0:0:0:
36,0,109422,128,0,109465:0:0:0:0:
109,0,109422,128,0,109465:0:0:0:0:
402,0,109508,128,0,109551:0:0:0:0:
329,0,109508,128,0,109551:0:0:0:0:
256,0,109508,128,0,109551:0:0:0:0:
109,0,109594,128,0,109637:0:0:0:0:
36,0,109594,128,0,109637:0:0:0:0:
402,0,109679,128,0,109765:0:0:0:0:
329,0,109679,128,0,109765:0:0:0:0:
256,0,109765,128,0,110022:0:0:0:0:
182,0,109765,128,0,109808:0:0:0:0:
109,0,109765,128,0,109808:0:0:0:0:
402,0,109851,128,0,109894:0:0:0:0:
329,0,109851,128,0,109894:0:0:0:0:
36,0,109851,128,0,109894:0:0:0:0:
182,0,109937,128,0,109979:0:0:0:0:
109,0,109937,128,0,109979:0:0:0:0:
402,0,110022,128,0,110108:0:0:0:0:
36,0,110022,128,0,110108:0:0:0:0:
329,0,110108,128,0,110365:0:0:0:0:
256,0,110108,128,0,110151:0:0:0:0:
182,0,110108,128,0,110151:0:0:0:0:
402,0,110194,128,0,110237:0:0:0:0:
109,0,110194,128,0,110237:0:0:0:0:
36,0,110194,128,0,110237:0:0:0:0:
256,0,110279,128,0,110322:0:0:0:0:
182,0,110279,128,0,110322:0:0:0:0:
109,0,110365,128,0,110408:0:0:0:0:
36,0,110365,128,0,110408:0:0:0:0:
402,0,110451,128,0,110708:0:0:0:0:
329,0,110451,128,0,110494:0:0:0:0:
256,0,110451,128,0,110494:0:0:0:0:
182,0,110537,128,0,110579:0:0:0:0:
109,0,110537,128,0,110579:0:0:0:0:
36,0,110537,128,0,110579:0:0:0:0:
329,0,110622,128,0,110665:0:0:0:0:
256,0,110622,128,0,110665:0:0:0:0:
182,0,110708,128,0,110794:0:0:0:0:
109,0,110708,128,0,110794:0:0:0:0:
402,0,110794,128,0,110837:0:0:0:0:
475,0,110794,128,0,110837:0:0:0:0:
256,0,110794,128,0,110837:0:0:0:0:
329,0,110794,128,0,111479:0:0:0:0:
182,0,110879,128,0,110922:0:0:0:0:
109,0,110879,128,0,110922:0:0:0:0:
36,0,110879,128,0,110922:0:0:0:0:
475,0,110965,128,0,111008:0:0:0:0:
402,0,110965,128,0,111008:0:0:0:0:
256,0,110965,128,0,111008:0:0:0:0:
109,0,111051,128,0,111094:0:0:0:0:
36,0,111051,128,0,111094:0:0:0:0:
402,0,111137,128,0,111308:0:0:0:0:
475,0,111137,128,0,111308:0:0:0:0:
182,0,111137,128,0,111179:0:0:0:0:
256,0,111137,128,0,111179:0:0:0:0:
109,0,111222,128,0,111265:0:0:0:0:
36,0,111222,128,0,111265:0:0:0:0:
256,0,111308,128,0,111351:0:0:0:0:
182,0,111308,128,0,111351:0:0:0:0:
475,0,111394,128,0,111437:0:0:0:0:
402,0,111394,128,0,111437:0:0:0:0:
182,0,111479,128,0,111908:0:0:0:0:
256,0,111479,128,0,111522:0:0:0:0:
36,0,111479,128,0,111522:0:0:0:0:
109,0,111479,128,0,111522:0:0:0:0:
475,0,111565,128,0,111608:0:0:0:0:
402,0,111565,128,0,111608:0:0:0:0:
329,0,111565,128,0,111608:0:0:0:0:
256,0,111651,128,0,111694:0:0:0:0:
109,0,111651,128,0,111694:0:0:0:0:
36,0,111651,128,0,111694:0:0:0:0:
475,0,111737,128,0,111779:0:0:0:0:
402,0,111737,128,0,111779:0:0:0:0:
256,0,111822,128,0,111908:0:0:0:0:
329,0,111822,128,0,111908:0:0:0:0:
36,0,111822,128,0,111908:0:0:0:0:
109,0,111822,128,0,111908:0:0:0:0:
329,192,111994,1,0,0:0:0:0:
402,192,111994,1,0,0:0:0:0:
475,192,111994,1,0,0:0:0:0:
256,192,111994,1,0,0:0:0:0:
36,192,111994,1,0,0:0:0:0:
109,192,111994,1,0,0:0:0:0:
182,192,111994,1,0,0:0:0:0:
402,192,112337,1,0,0:0:0:0:
475,192,112337,1,0,0:0:0:0:
36,192,112337,1,0,0:0:0:0:
109,192,112337,1,0,0:0:0:0:
329,192,112422,1,0,0:0:0:0:
256,192,112422,1,0,0:0:0:0:
182,192,112508,1,0,0:0:0:0:
475,192,112508,1,0,0:0:0:0:
36,192,112508,1,0,0:0:0:0:
109,192,112508,1,0,0:0:0:0:
402,192,112594,1,0,0:0:0:0:
329,192,112594,1,0,0:0:0:0:
182,192,112679,1,0,0:0:0:0:
256,192,112679,1,0,0:0:0:0:
36,192,112679,1,0,0:0:0:0:
109,192,112679,1,0,0:0:0:0:
475,192,112765,1,0,0:0:0:0:
402,192,112765,1,0,0:0:0:0:
329,192,112851,1,0,0:0:0:0:
256,192,112851,1,0,0:0:0:0:
182,192,112851,1,0,0:0:0:0:
402,192,112937,1,0,0:0:0:0:
109,192,112937,1,0,0:0:0:0:
329,192,113022,1,0,0:0:0:0:
475,192,113022,1,0,0:0:0:0:
36,192,113022,1,0,0:0:0:0:
182,192,113022,1,0,0:0:0:0:
402,192,113108,1,0,0:0:0:0:
256,192,113108,1,0,0:0:0:0:
109,192,113108,1,0,0:0:0:0:
329,0,113194,128,0,113237:0:0:0:0:
475,0,113194,128,0,113237:0:0:0:0:
36,0,113194,128,0,113237:0:0:0:0:
182,0,113194,128,0,113237:0:0:0:0:
402,0,113279,128,0,113322:0:0:0:0:
256,0,113279,128,0,113322:0:0:0:0:
109,0,113279,128,0,113322:0:0:0:0:
329,0,113365,128,0,113451:0:0:0:0:
475,0,113365,128,0,113451:0:0:0:0:
36,0,113365,128,0,113451:0:0:0:0:
182,0,113365,128,0,113451:0:0:0:0:
402,0,113451,128,0,113537:0:0:0:0:
256,0,113451,128,0,113537:0:0:0:0:
109,0,113451,128,0,113537:0:0:0:0:
329,0,113537,128,0,113622:0:0:0:0:
182,0,113537,128,0,113579:0:0:0:0:
36,192,113537,1,0,0:0:0:0:
402,0,113622,128,0,113708:0:0:0:0:
256,0,113622,128,0,113665:0:0:0:0:
109,192,113622,1,0,0:0:0:0:
475,0,113708,128,0,113965:0:0:0:0:
329,0,113708,128,0,113837:0:0:0:0:
182,192,113708,1,0,0:0:0:0:
402,0,113794,128,0,113879:0:0:0:0:
256,192,113794,1,0,0:0:0:0:
182,0,113879,128,0,113922:0:0:0:0:
329,192,113879,1,0,0:0:0:0:
36,0,113879,128,0,114137:0:0:0:0:
109,0,113879,128,0,113965:0:0:0:0:
402,192,113965,1,0,0:0:0:0:
256,0,113965,128,0,114008:0:0:0:0:
475,192,114051,1,0,0:0:0:0:
329,0,114051,128,0,114179:0:0:0:0:
109,192,114051,1,0,0:0:0:0:
402,0,114137,128,0,114222:0:0:0:0:
256,192,114137,1,0,0:0:0:0:
329,0,114222,128,0,114265:0:0:0:0:
475,192,114222,1,0,0:0:0:0:
36,192,114222,1,0,0:0:0:0:
182,0,114222,128,0,114308:0:0:0:0:
402,192,114308,1,0,0:0:0:0:
256,0,114308,128,0,114351:0:0:0:0:
109,0,114308,128,0,114394:0:0:0:0:
329,192,114394,1,0,0:0:0:0:
182,0,114394,128,0,114522:0:0:0:0:
36,0,114394,128,0,114651:0:0:0:0:
256,192,114479,1,0,0:0:0:0:
109,192,114479,1,0,0:0:0:0:
402,0,114565,128,0,114651:0:0:0:0:
475,0,114565,128,0,114822:0:0:0:0:
182,192,114565,1,0,0:0:0:0:
329,0,114565,128,0,114608:0:0:0:0:
256,0,114651,128,0,114694:0:0:0:0:
109,192,114651,1,0,0:0:0:0:
402,192,114737,1,0,0:0:0:0:
182,0,114737,128,0,114865:0:0:0:0:
36,192,114737,1,0,0:0:0:0:
109,0,114822,128,0,114908:0:0:0:0:
256,192,114822,1,0,0:0:0:0:
475,0,114908,128,0,115079:0:0:0:0:
329,0,114908,128,0,115251:0:0:0:0:
182,0,114908,128,0,114951:0:0:0:0:
402,0,114994,128,0,115079:0:0:0:0:
109,0,114994,128,0,115037:0:0:0:0:
256,0,115079,128,0,115165:0:0:0:0:
182,192,115079,1,0,0:0:0:0:
36,0,115079,128,0,115122:0:0:0:0:
475,192,115165,1,0,0:0:0:0:
109,0,115165,128,0,115208:0:0:0:0:
402,0,115251,128,0,115422:0:0:0:0:
182,0,115251,128,0,115294:0:0:0:0:
36,0,115251,128,0,115594:0:0:0:0:
475,0,115337,128,0,115422:0:0:0:0:
256,0,115337,128,0,115379:0:0:0:0:
329,0,115422,128,0,115465:0:0:0:0:
182,192,115422,1,0,0:0:0:0:
109,0,115422,128,0,115508:0:0:0:0:
402,192,115508,1,0,0:0:0:0:
256,0,115508,128,0,115551:0:0:0:0:
475,0,115594,128,0,115765:0:0:0:0:
329,0,115594,128,0,115937:0:0:0:0:
182,0,115594,128,0,115637:0:0:0:0:
402,0,115679,128,0,115765:0:0:0:0:
109,0,115679,128,0,115722:0:0:0:0:
256,0,115765,128,0,115851:0:0:0:0:
182,192,115765,1,0,0:0:0:0:
36,0,115765,128,0,115808:0:0:0:0:
475,192,115851,1,0,0:0:0:0:
109,0,115851,128,0,115894:0:0:0:0:
36,0,115937,128,0,116279:0:0:0:0:
402,0,115937,128,0,116108:0:0:0:0:
182,0,115937,128,0,115979:0:0:0:0:
475,0,116022,128,0,116108:0:0:0:0:
256,0,116022,128,0,116065:0:0:0:0:
329,0,116108,128,0,116151:0:0:0:0:
182,192,116108,1,0,0:0:0:0:
109,0,116108,128,0,116194:0:0:0:0:
402,192,116194,1,0,0:0:0:0:
256,0,116194,128,0,116237:0:0:0:0:
475,192,116279,1,0,0:0:0:0:
329,0,116279,128,0,116322:0:0:0:0:
182,0,116279,128,0,116365:0:0:0:0:
402,192,116365,1,0,0:0:0:0:
256,0,116365,128,0,116408:0:0:0:0:
109,0,116365,128,0,116451:0:0:0:0:
329,192,116451,1,0,0:0:0:0:
182,0,116451,128,0,116579:0:0:0:0:
36,0,116451,128,0,116708:0:0:0:0:
256,192,116537,1,0,0:0:0:0:
109,0,116537,128,0,116622:0:0:0:0:
402,0,116622,128,0,116708:0:0:0:0:
475,0,116622,128,0,116879:0:0:0:0:
182,192,116622,1,0,0:0:0:0:
329,0,116622,128,0,116665:0:0:0:0:
256,0,116708,128,0,116751:0:0:0:0:
109,192,116708,1,0,0:0:0:0:
402,192,116794,1,0,0:0:0:0:
182,0,116794,128,0,116922:0:0:0:0:
36,192,116794,1,0,0:0:0:0:
256,192,116879,1,0,0:0:0:0:
109,0,116879,128,0,116965:0:0:0:0:
329,0,116965,128,0,117051:0:0:0:0:
475,192,116965,1,0,0:0:0:0:
36,192,116965,1,0,0:0:0:0:
182,0,116965,128,0,117008:0:0:0:0:
402,0,117051,128,0,117137:0:0:0:0:
256,0,117051,128,0,117094:0:0:0:0:
109,192,117051,1,0,0:0:0:0:
475,0,117137,128,0,117394:0:0:0:0:
329,0,117137,128,0,117265:0:0:0:0:
182,192,117137,1,0,0:0:0:0:
402,192,117222,1,0,0:0:0:0:
256,192,117222,1,0,0:0:0:0:
182,0,117308,128,0,117351:0:0:0:0:
329,192,117308,1,0,0:0:0:0:
36,0,117308,128,0,117565:0:0:0:0:
109,0,117308,128,0,117394:0:0:0:0:
402,192,117394,1,0,0:0:0:0:
256,0,117394,128,0,117437:0:0:0:0:
475,192,117479,1,0,0:0:0:0:
329,0,117479,128,0,117608:0:0:0:0:
109,192,117479,1,0,0:0:0:0:
402,0,117565,128,0,117651:0:0:0:0:
256,192,117565,1,0,0:0:0:0:
329,0,117651,128,0,117694:0:0:0:0:
182,0,117651,128,0,117994:0:0:0:0:
36,0,117651,128,0,117822:0:0:0:0:
402,0,117737,128,0,117779:0:0:0:0:
109,0,117737,128,0,117822:0:0:0:0:
475,0,117822,128,0,117865:0:0:0:0:
329,192,117822,1,0,0:0:0:0:
256,0,117822,128,0,117908:0:0:0:0:
402,0,117908,128,0,117951:0:0:0:0:
36,192,117908,1,0,0:0:0:0:
475,0,117994,128,0,118337:0:0:0:0:
329,0,117994,128,0,118037:0:0:0:0:
109,0,117994,128,0,118165:0:0:0:0:
256,0,118079,128,0,118122:0:0:0:0:
36,0,118079,128,0,118165:0:0:0:0:
402,0,118165,128,0,118251:0:0:0:0:
329,192,118165,1,0,0:0:0:0:
182,0,118165,128,0,118208:0:0:0:0:
256,0,118251,128,0,118294:0:0:0:0:
109,192,118251,1,0,0:0:0:0:
329,0,118337,128,0,118379:0:0:0:0:
182,0,118337,128,0,118679:0:0:0:0:
36,0,118337,128,0,118508:0:0:0:0:
402,0,118422,128,0,118465:0:0:0:0:
109,0,118422,128,0,118508:0:0:0:0:
475,0,118508,128,0,118551:0:0:0:0:
329,192,118508,1,0,0:0:0:0:
256,0,118508,128,0,118594:0:0:0:0:
402,0,118594,128,0,118637:0:0:0:0:
36,192,118594,1,0,0:0:0:0:
475,0,118679,128,0,119022:0:0:0:0:
329,0,118679,128,0,118722:0:0:0:0:
109,0,118679,128,0,118851:0:0:0:0:
256,0,118765,128,0,118808:0:0:0:0:
36,0,118765,128,0,118851:0:0:0:0:
402,0,118851,128,0,118937:0:0:0:0:
329,192,118851,1,0,0:0:0:0:
182,0,118851,128,0,118894:0:0:0:0:
256,0,118937,128,0,118979:0:0:0:0:
109,192,118937,1,0,0:0:0:0:
329,0,119022,128,0,119065:0:0:0:0:
182,0,119022,128,0,119622:0:0:0:0:
36,0,119022,128,0,119108:0:0:0:0:
402,0,119108,128,0,119151:0:0:0:0:
256,0,119108,128,0,119194:0:0:0:0:
109,0,119108,128,0,119194:0:0:0:0:
475,0,119194,128,0,119237:0:0:0:0:
329,0,119194,128,0,119279:0:0:0:0:
36,0,119194,128,0,119365:0:0:0:0:
402,0,119279,128,0,119365:0:0:0:0:
256,0,119279,128,0,119322:0:0:0:0:
475,0,119365,128,0,119451:0:0:0:0:
329,0,119365,128,0,119408:0:0:0:0:
109,0,119365,128,0,119451:0:0:0:0:
402,0,119451,128,0,119537:0:0:0:0:
256,0,119451,128,0,119494:0:0:0:0:
36,0,119451,128,0,119537:0:0:0:0:
475,0,119537,128,0,119579:0:0:0:0:
329,0,119537,128,0,119622:0:0:0:0:
109,0,119537,128,0,119708:0:0:0:0:
402,0,119622,128,0,119665:0:0:0:0:
256,0,119622,128,0,119708:0:0:0:0:
329,0,119708,128,0,119751:0:0:0:0:
182,0,119708,128,0,119751:0:0:0:0:
36,0,119708,128,0,119751:0:0:0:0:
402,0,119794,128,0,119837:0:0:0:0:
256,0,119794,128,0,119837:0:0:0:0:
109,0,119794,128,0,119837:0:0:0:0:
475,0,119879,128,0,119922:0:0:0:0:
329,0,119879,128,0,119922:0:0:0:0:
182,0,119879,128,0,119922:0:0:0:0:
402,192,119965,1,0,0:0:0:0:
256,192,119965,1,0,0:0:0:0:
475,0,120051,128,0,120094:0:0:0:0:
329,0,120051,128,0,120094:0:0:0:0:
182,0,120051,128,0,120094:0:0:0:0:
402,0,120137,128,0,120179:0:0:0:0:
256,0,120137,128,0,120179:0:0:0:0:
109,0,120137,128,0,120179:0:0:0:0:
329,0,120222,128,0,120265:0:0:0:0:
182,0,120222,128,0,120265:0:0:0:0:
36,0,120222,128,0,120265:0:0:0:0:
256,192,120308,1,0,0:0:0:0:
109,192,120308,1,0,0:0:0:0:
475,0,120394,128,0,120479:0:0:0:0:
329,0,120394,128,0,120994:0:0:0:0:
182,0,120394,128,0,120437:0:0:0:0:
402,0,120479,128,0,120565:0:0:0:0:
256,0,120479,128,0,120565:0:0:0:0:
109,0,120479,128,0,120522:0:0:0:0:
475,0,120565,128,0,120737:0:0:0:0:
182,0,120565,128,0,120651:0:0:0:0:
36,0,120565,128,0,120608:0:0:0:0:
256,0,120651,128,0,120694:0:0:0:0:
109,0,120651,128,0,120737:0:0:0:0:
402,0,120737,128,0,120822:0:0:0:0:
182,0,120737,128,0,120779:0:0:0:0:
36,0,120737,128,0,120822:0:0:0:0:
475,0,120822,128,0,120908:0:0:0:0:
256,0,120822,128,0,120865:0:0:0:0:
109,0,120822,128,0,120865:0:0:0:0:
402,0,120908,128,0,121079:0:0:0:0:
182,0,120908,128,0,120994:0:0:0:0:
36,0,120908,128,0,120994:0:0:0:0:
256,0,120994,128,0,121079:0:0:0:0:
109,0,120994,128,0,121037:0:0:0:0:
329,192,121079,1,0,0:0:0:0:
475,192,121079,1,0,0:0:0:0:
36,192,121079,1,0,0:0:0:0:
182,192,121079,1,0,0:0:0:0:
402,192,121165,1,0,0:0:0:0:
256,192,121165,1,0,0:0:0:0:
109,192,121165,1,0,0:0:0:0:
329,192,121251,1,0,0:0:0:0:
475,192,121251,1,0,0:0:0:0:
36,192,121251,1,0,0:0:0:0:
182,192,121251,1,0,0:0:0:0:
256,192,121337,1,0,0:0:0:0:
329,192,121422,1,0,0:0:0:0:
402,192,121422,1,0,0:0:0:0:
475,192,121422,1,0,0:0:0:0:
36,192,121422,1,0,0:0:0:0:
109,192,121422,1,0,0:0:0:0:
182,192,121422,1,0,0:0:0:0:
402,192,121508,1,0,0:0:0:0:
256,192,121508,1,0,0:0:0:0:
109,192,121508,1,0,0:0:0:0:
329,192,121594,1,0,0:0:0:0:
256,192,121594,1,0,0:0:0:0:
182,192,121594,1,0,0:0:0:0:
475,192,121679,1,0,0:0:0:0:
36,192,121679,1,0,0:0:0:0:
329,192,121765,1,0,0:0:0:0:
402,0,121765,128,0,122065:0:0:0:0:
256,0,121765,128,0,122065:0:0:0:0:
109,0,121765,128,0,122065:0:0:0:0:
182,192,121765,1,0,0:0:0:0:
475,192,121851,1,0,0:0:0:0:
36,192,121851,1,0,0:0:0:0:
329,192,121937,1,0,0:0:0:0:
182,192,121937,1,0,0:0:0:0:
475,192,122022,1,0,0:0:0:0:
36,192,122022,1,0,0:0:0:0:
402,192,122108,1,0,0:0:0:0:
256,192,122108,1,0,0:0:0:0:
109,192,122108,1,0,0:0:0:0:
329,192,122279,1,0,0:0:0:0:
475,0,122279,128,0,122579:0:0:0:0:
256,0,122279,128,0,122579:0:0:0:0:
36,0,122279,128,0,122579:0:0:0:0:
182,192,122279,1,0,0:0:0:0:
402,192,122365,1,0,0:0:0:0:
109,192,122365,1,0,0:0:0:0:
329,192,122451,1,0,0:0:0:0:
182,192,122451,1,0,0:0:0:0:
402,192,122537,1,0,0:0:0:0:
109,192,122537,1,0,0:0:0:0:
475,192,122622,1,0,0:0:0:0:
256,192,122622,1,0,0:0:0:0:
36,192,122622,1,0,0:0:0:0:
329,192,122794,1,0,0:0:0:0:
256,192,122794,1,0,0:0:0:0:
182,192,122794,1,0,0:0:0:0:
475,192,122965,1,0,0:0:0:0:
182,0,122965,128,0,124422:0:0:0:0:
329,0,122965,128,0,124422:0:0:0:0:
402,192,122965,1,0,0:0:0:0:
36,192,122965,1,0,0:0:0:0:
109,192,122965,1,0,0:0:0:0:
256,192,122965,1,0,0:0:0:0:
256,192,123137,1,0,0:0:0:0:
36,192,123137,1,0,0:0:0:0:
475,192,123222,1,0,0:0:0:0:
109,192,123308,1,0,0:0:0:0:
402,192,123394,1,0,0:0:0:0:
256,192,123479,1,0,0:0:0:0:
36,192,123479,1,0,0:0:0:0:
475,192,123565,1,0,0:0:0:0:
109,192,123651,1,0,0:0:0:0:
402,192,123737,1,0,0:0:0:0:
256,192,123822,1,0,0:0:0:0:
109,192,123822,1,0,0:0:0:0:
36,192,123822,1,0,0:0:0:0:
475,192,123908,1,0,0:0:0:0:
402,192,123908,1,0,0:0:0:0:
109,192,123994,1,0,0:0:0:0:
36,192,123994,1,0,0:0:0:0:
475,192,124079,1,0,0:0:0:0:
402,192,124079,1,0,0:0:0:0:
109,192,124165,1,0,0:0:0:0:
36,192,124165,1,0,0:0:0:0:
109,192,124251,1,0,0:0:0:0:
36,192,124251,1,0,0:0:0:0:
475,192,124337,1,0,0:0:0:0:
402,192,124337,1,0,0:0:0:0:
475,192,124422,1,0,0:0:0:0:
402,192,124422,1,0,0:0:0:0:
329,192,124508,1,0,0:0:0:0:
402,0,124508,128,0,127593:0:0:0:0:
475,0,124508,128,0,129479:0:0:0:0:
256,192,124508,1,0,0:0:0:0:
36,192,124508,1,0,0:0:0:0:
109,192,124508,1,0,0:0:0:0:
182,192,124508,1,0,0:0:0:0:
