[Metadata]
朧
HHHxMMxST
inava
pop'n music konami oboro
63
0

[TimingPoints]
578,402.684563758389,4,2,0,5,1,0

[HitObjects]
36,192,578,5,0,0:0:0:0:
182,192,678,1,0,0:0:0:0:
256,192,779,1,0,0:0:0:0:
402,192,880,1,0,0:0:0:0:
109,192,980,1,0,0:0:0:0:
329,192,1081,1,0,0:0:0:0:
475,192,1182,1,0,0:0:0:0:
256,192,1786,1,0,0:0:0:0:
475,192,1987,1,0,0:0:0:0:
329,192,2188,1,0,0:0:0:0:
182,192,2289,1,0,0:0:0:0:
109,192,2390,1,0,0:0:0:0:
402,192,2490,1,0,0:0:0:0:
182,192,2591,1,0,0:0:0:0:
329,192,2692,1,0,0:0:0:0:
36,192,2792,1,0,0:0:0:0:
182,192,3396,1,0,0:0:0:0:
402,192,3598,1,0,0:0:0:0:
256,192,3799,1,0,0:0:0:0:
109,192,3900,1,0,0:0:0:0:
36,192,4000,1,0,0:0:0:0:
329,192,4101,1,0,0:0:0:0:
182,192,4202,1,0,0:0:0:0:
402,192,4302,1,0,0:0:0:0:
109,192,4403,1,0,0:0:0:0:
36,192,5007,1,0,0:0:0:0:
182,192,5208,1,0,0:0:0:0:
402,192,5410,1,0,0:0:0:0:
256,192,5510,1,0,0:0:0:0:
109,192,5611,1,0,0:0:0:0:
329,192,5712,1,0,0:0:0:0:
182,192,5812,1,0,0:0:0:0:
329,192,5913,1,0,0:0:0:0:
36,192,6014,1,0,0:0:0:0:
475,192,7020,1,0,0:0:0:0:
182,192,7020,1,0,0:0:0:0:
329,192,7020,128,0,8229:0:0:0:0:
36,192,7222,1,0,0:0:0:0:
256,192,7423,1,0,0:0:0:0:
109,192,7624,1,0,0:0:0:0:
475,192,7826,128,0,8229:0:0:0:0:
402,192,7826,1,0,0:0:0:0:
402,192,8229,128,0,8631:0:0:0:0:
329,192,8631,1,0,0:0:0:0:
182,192,8631,128,0,9839:0:0:0:0:
475,192,8833,1,0,0:0:0:0:
256,192,9034,1,0,0:0:0:0:
402,192,9235,1,0,0:0:0:0:
36,192,9437,128,0,9839:0:0:0:0:
109,192,9437,1,0,0:0:0:0:
109,192,9839,128,0,10242:0:0:0:0:
256,192,10242,1,0,0:0:0:0:
329,192,10242,128,0,11047:0:0:0:0:
475,192,10443,1,0,0:0:0:0:
182,192,10645,1,0,0:0:0:0:
402,192,10846,1,0,0:0:0:0:
256,192,11047,1,0,0:0:0:0:
182,192,11047,128,0,11853:0:0:0:0:
36,192,11249,1,0,0:0:0:0:
329,192,11450,1,0,0:0:0:0:
109,192,11651,1,0,0:0:0:0:
256,192,11853,1,0,0:0:0:0:
402,192,11853,128,0,13463:0:0:0:0:
475,192,12054,1,0,0:0:0:0:
329,192,12255,1,0,0:0:0:0:
36,192,12457,1,0,0:0:0:0:
109,192,12658,128,0,13463:0:0:0:0:
256,192,13061,128,0,13463:0:0:0:0:
329,192,13463,128,0,15074:0:0:0:0:
182,192,13463,1,0,0:0:0:0:
36,192,13463,128,0,16685:0:0:0:0:
475,192,13463,128,0,19302:0:0:0:0:
182,192,13866,1,0,0:0:0:0:
109,192,14067,1,0,0:0:0:0:
256,192,14269,1,0,0:0:0:0:
402,192,14269,1,0,0:0:0:0:
109,192,14671,1,0,0:0:0:0:
402,192,15074,1,0,0:0:0:0:
256,192,15074,128,0,15880:0:0:0:0:
109,192,15275,1,0,0:0:0:0:
182,192,15477,1,0,0:0:0:0:
402,192,15678,1,0,0:0:0:0:
109,192,15880,1,0,0:0:0:0:
329,192,15880,1,0,0:0:0:0:
182,192,15880,128,0,16685:0:0:0:0:
329,192,16282,1,0,0:0:0:0:
402,192,16685,1,0,0:0:0:0:
256,192,16685,128,0,17289:0:0:0:0:
109,192,16685,128,0,18296:0:0:0:0:
182,192,16886,1,0,0:0:0:0:
36,192,17088,1,0,0:0:0:0:
329,192,17289,1,0,0:0:0:0:
329,192,17390,128,0,17692:0:0:0:0:
36,192,17692,128,0,17893:0:0:0:0:
256,192,17893,128,0,18094:0:0:0:0:
402,192,18094,128,0,18296:0:0:0:0:
329,192,18296,1,0,0:0:0:0:
36,192,18296,128,0,19302:0:0:0:0:
256,192,18497,1,0,0:0:0:0:
182,192,18698,1,0,0:0:0:0:
329,192,18900,1,0,0:0:0:0:
329,192,19000,128,0,19302:0:0:0:0:
109,192,19101,1,0,0:0:0:0:
182,192,19302,1,0,0:0:0:0:
402,192,19302,128,0,19906:0:0:0:0:
256,192,19504,128,0,19906:0:0:0:0:
109,192,19705,128,0,19906:0:0:0:0:
182,192,19906,128,0,20208:0:0:0:0:
329,192,19906,128,0,20208:0:0:0:0:
36,192,19906,128,0,21467:0:0:0:0:
475,192,19906,128,0,21467:0:0:0:0:
256,192,20108,1,0,0:0:0:0:
109,192,20309,1,0,0:0:0:0:
402,192,20309,1,0,0:0:0:0:
182,192,20309,1,0,0:0:0:0:
329,192,20309,1,0,0:0:0:0:
256,192,20712,1,0,0:0:0:0:
329,192,20712,128,0,20863:0:0:0:0:
182,192,20712,128,0,20863:0:0:0:0:
256,192,20913,1,0,0:0:0:0:
182,192,20913,128,0,21064:0:0:0:0:
329,192,20913,128,0,21064:0:0:0:0:
329,192,21114,128,0,21265:0:0:0:0:
182,192,21114,128,0,21265:0:0:0:0:
256,192,21114,1,0,0:0:0:0:
256,192,21316,1,0,0:0:0:0:
182,192,21316,128,0,21467:0:0:0:0:
329,192,21316,128,0,21467:0:0:0:0:
329,192,21517,1,0,0:0:0:0:
475,192,21517,1,0,0:0:0:0:
36,192,21517,1,0,0:0:0:0:
182,192,21517,1,0,0:0:0:0:
402,192,21618,1,0,0:0:0:0:
256,192,21718,1,0,0:0:0:0:
329,192,21819,1,0,0:0:0:0:
182,192,21920,1,0,0:0:0:0:
109,192,22020,1,0,0:0:0:0:
36,192,22121,1,0,0:0:0:0:
256,192,22222,1,0,0:0:0:0:
109,192,22322,1,0,0:0:0:0:
329,192,22423,1,0,0:0:0:0:
182,192,22524,1,0,0:0:0:0:
402,192,22624,1,0,0:0:0:0:
109,192,22725,1,0,0:0:0:0:
475,192,22826,1,0,0:0:0:0:
329,192,22926,1,0,0:0:0:0:
256,192,23027,1,0,0:0:0:0:
402,192,23128,128,0,24739:0:0:0:0:
475,192,23128,1,0,0:0:0:0:
36,192,23128,1,0,0:0:0:0:
182,192,23128,1,0,0:0:0:0:
109,192,23229,1,0,0:0:0:0:
182,192,23329,1,0,0:0:0:0:
36,192,23430,1,0,0:0:0:0:
256,192,23531,1,0,0:0:0:0:
109,192,23531,1,0,0:0:0:0:
475,192,23531,1,0,0:0:0:0:
329,192,23631,1,0,0:0:0:0:
182,192,23732,1,0,0:0:0:0:
109,192,23933,1,0,0:0:0:0:
36,192,23933,1,0,0:0:0:0:
475,192,23933,1,0,0:0:0:0:
182,192,24135,1,0,0:0:0:0:
256,192,24336,1,0,0:0:0:0:
109,192,24336,1,0,0:0:0:0:
475,192,24336,1,0,0:0:0:0:
329,192,24537,1,0,0:0:0:0:
36,192,24739,1,0,0:0:0:0:
475,192,24739,1,0,0:0:0:0:
182,192,24739,128,0,26349:0:0:0:0:
256,192,24739,1,0,0:0:0:0:
402,192,24839,1,0,0:0:0:0:
329,192,24940,1,0,0:0:0:0:
475,192,25041,1,0,0:0:0:0:
402,192,25141,1,0,0:0:0:0:
256,192,25141,1,0,0:0:0:0:
36,192,25141,1,0,0:0:0:0:
109,192,25242,1,0,0:0:0:0:
329,192,25343,1,0,0:0:0:0:
402,192,25544,1,0,0:0:0:0:
475,192,25544,1,0,0:0:0:0:
36,192,25544,128,0,26349:0:0:0:0:
109,192,25544,1,0,0:0:0:0:
329,192,25745,1,0,0:0:0:0:
402,192,25947,1,0,0:0:0:0:
256,192,25947,1,0,0:0:0:0:
109,192,25947,1,0,0:0:0:0:
256,192,26148,1,0,0:0:0:0:
402,192,26148,1,0,0:0:0:0:
475,192,26349,1,0,0:0:0:0:
329,192,26349,1,0,0:0:0:0:
109,192,26349,128,0,29269:0:0:0:0:
402,192,26450,1,0,0:0:0:0:
182,192,26551,1,0,0:0:0:0:
329,192,26551,1,0,0:0:0:0:
256,192,26651,1,0,0:0:0:0:
36,192,26752,1,0,0:0:0:0:
402,192,26752,1,0,0:0:0:0:
329,192,26853,1,0,0:0:0:0:
475,192,26953,1,0,0:0:0:0:
182,192,26953,1,0,0:0:0:0:
36,192,27155,1,0,0:0:0:0:
256,192,27155,1,0,0:0:0:0:
475,192,27255,1,0,0:0:0:0:
402,192,27255,1,0,0:0:0:0:
256,192,27356,1,0,0:0:0:0:
475,192,27457,1,0,0:0:0:0:
402,192,27457,1,0,0:0:0:0:
256,192,27557,1,0,0:0:0:0:
329,192,27557,1,0,0:0:0:0:
182,192,27557,1,0,0:0:0:0:
256,192,27759,1,0,0:0:0:0:
329,192,27759,1,0,0:0:0:0:
182,192,27759,1,0,0:0:0:0:
36,192,27960,1,0,0:0:0:0:
182,192,27960,1,0,0:0:0:0:
475,192,27960,1,0,0:0:0:0:
402,192,27960,128,0,29269:0:0:0:0:
329,192,27960,1,0,0:0:0:0:
329,192,28161,1,0,0:0:0:0:
256,192,28262,1,0,0:0:0:0:
182,192,28363,1,0,0:0:0:0:
256,192,28564,1,0,0:0:0:0:
329,192,28866,1,0,0:0:0:0:
256,192,28967,1,0,0:0:0:0:
182,192,29067,1,0,0:0:0:0:
329,192,29168,128,0,29269:0:0:0:0:
256,192,29168,128,0,29269:0:0:0:0:
182,192,29168,128,0,29269:0:0:0:0:
402,192,29369,1,0,0:0:0:0:
109,192,29369,1,0,0:0:0:0:
256,192,29369,1,0,0:0:0:0:
329,192,29571,128,0,30980:0:0:0:0:
475,192,29571,128,0,30980:0:0:0:0:
36,192,29571,128,0,30980:0:0:0:0:
182,192,29571,128,0,30980:0:0:0:0:
475,192,31182,1,0,0:0:0:0:
256,192,31182,1,0,0:0:0:0:
36,192,31182,1,0,0:0:0:0:
109,192,31282,1,0,0:0:0:0:
329,192,31282,1,0,0:0:0:0:
182,192,31383,1,0,0:0:0:0:
402,192,31383,1,0,0:0:0:0:
475,192,31383,1,0,0:0:0:0:
109,192,31484,1,0,0:0:0:0:
256,192,31584,1,0,0:0:0:0:
36,192,31584,1,0,0:0:0:0:
475,192,31584,1,0,0:0:0:0:
182,192,31685,1,0,0:0:0:0:
402,192,31685,1,0,0:0:0:0:
36,192,31786,1,0,0:0:0:0:
329,192,31786,1,0,0:0:0:0:
182,192,31886,1,0,0:0:0:0:
402,192,31886,1,0,0:0:0:0:
256,192,31987,1,0,0:0:0:0:
36,192,31987,1,0,0:0:0:0:
475,192,31987,1,0,0:0:0:0:
402,192,32088,1,0,0:0:0:0:
182,192,32088,1,0,0:0:0:0:
329,192,32188,1,0,0:0:0:0:
109,192,32188,1,0,0:0:0:0:
36,192,32188,1,0,0:0:0:0:
402,192,32289,1,0,0:0:0:0:
182,192,32289,1,0,0:0:0:0:
475,192,32390,1,0,0:0:0:0:
36,192,32390,1,0,0:0:0:0:
256,192,32390,1,0,0:0:0:0:
329,192,32490,1,0,0:0:0:0:
109,192,32490,1,0,0:0:0:0:
475,192,32591,1,0,0:0:0:0:
182,192,32591,1,0,0:0:0:0:
329,192,32692,1,0,0:0:0:0:
109,192,32692,1,0,0:0:0:0:
475,192,32792,1,0,0:0:0:0:
256,192,32792,1,0,0:0:0:0:
36,192,32792,1,0,0:0:0:0:
109,192,32893,1,0,0:0:0:0:
402,192,32893,1,0,0:0:0:0:
182,192,32994,1,0,0:0:0:0:
329,192,32994,1,0,0:0:0:0:
256,192,33094,1,0,0:0:0:0:
36,192,33094,1,0,0:0:0:0:
329,192,33195,1,0,0:0:0:0:
475,192,33195,1,0,0:0:0:0:
109,192,33195,1,0,0:0:0:0:
36,192,33296,1,0,0:0:0:0:
182,192,33296,1,0,0:0:0:0:
329,192,33396,1,0,0:0:0:0:
475,192,33396,1,0,0:0:0:0:
256,192,33497,1,0,0:0:0:0:
36,192,33598,1,0,0:0:0:0:
109,192,33598,1,0,0:0:0:0:
475,192,33598,1,0,0:0:0:0:
402,192,33598,1,0,0:0:0:0:
329,192,33698,1,0,0:0:0:0:
182,192,33698,1,0,0:0:0:0:
402,192,33799,1,0,0:0:0:0:
475,192,33799,1,0,0:0:0:0:
36,192,33799,1,0,0:0:0:0:
109,192,33799,1,0,0:0:0:0:
329,192,33900,1,0,0:0:0:0:
475,192,34000,1,0,0:0:0:0:
256,192,34000,1,0,0:0:0:0:
36,192,34000,1,0,0:0:0:0:
402,192,34101,1,0,0:0:0:0:
182,192,34101,1,0,0:0:0:0:
329,192,34202,1,0,0:0:0:0:
109,192,34202,1,0,0:0:0:0:
256,192,34302,1,0,0:0:0:0:
36,192,34302,1,0,0:0:0:0:
182,192,34403,1,0,0:0:0:0:
475,192,34403,1,0,0:0:0:0:
402,192,34403,1,0,0:0:0:0:
329,192,34504,1,0,0:0:0:0:
475,192,34604,1,0,0:0:0:0:
256,192,34604,1,0,0:0:0:0:
109,192,34604,1,0,0:0:0:0:
182,192,34705,1,0,0:0:0:0:
329,192,34705,1,0,0:0:0:0:
256,192,34806,1,0,0:0:0:0:
36,192,34806,1,0,0:0:0:0:
402,192,34806,1,0,0:0:0:0:
475,192,34906,1,0,0:0:0:0:
109,192,34906,1,0,0:0:0:0:
182,192,35007,1,0,0:0:0:0:
329,192,35007,1,0,0:0:0:0:
256,192,35108,1,0,0:0:0:0:
475,192,35108,1,0,0:0:0:0:
36,192,35208,1,0,0:0:0:0:
182,192,35208,1,0,0:0:0:0:
402,192,35208,1,0,0:0:0:0:
329,192,35309,1,0,0:0:0:0:
256,192,35410,1,0,0:0:0:0:
109,192,35410,1,0,0:0:0:0:
329,192,35510,1,0,0:0:0:0:
475,192,35510,1,0,0:0:0:0:
182,192,35611,1,0,0:0:0:0:
36,192,35611,1,0,0:0:0:0:
256,192,35611,1,0,0:0:0:0:
329,192,35712,1,0,0:0:0:0:
256,192,35812,1,0,0:0:0:0:
475,192,35812,1,0,0:0:0:0:
109,192,35812,1,0,0:0:0:0:
402,192,35913,1,0,0:0:0:0:
329,192,36014,1,0,0:0:0:0:
36,192,36014,1,0,0:0:0:0:
182,192,36014,1,0,0:0:0:0:
402,192,36114,1,0,0:0:0:0:
475,192,36114,1,0,0:0:0:0:
256,192,36215,1,0,0:0:0:0:
109,192,36215,1,0,0:0:0:0:
329,192,36316,1,0,0:0:0:0:
402,192,36316,1,0,0:0:0:0:
182,192,36416,1,0,0:0:0:0:
36,192,36416,1,0,0:0:0:0:
475,192,36416,1,0,0:0:0:0:
256,192,36517,1,0,0:0:0:0:
329,192,36517,1,0,0:0:0:0:
109,192,36618,1,0,0:0:0:0:
182,192,36718,1,0,0:0:0:0:
256,192,36718,1,0,0:0:0:0:
36,192,36819,1,0,0:0:0:0:
475,192,36819,1,0,0:0:0:0:
256,192,36920,1,0,0:0:0:0:
329,192,36920,1,0,0:0:0:0:
182,192,36920,1,0,0:0:0:0:
402,192,37020,1,0,0:0:0:0:
109,192,37020,1,0,0:0:0:0:
256,192,37121,1,0,0:0:0:0:
475,192,37222,1,0,0:0:0:0:
182,192,37222,1,0,0:0:0:0:
36,192,37222,1,0,0:0:0:0:
329,192,37222,1,0,0:0:0:0:
256,192,37322,1,0,0:0:0:0:
182,192,37423,1,0,0:0:0:0:
402,192,37423,1,0,0:0:0:0:
329,192,37524,1,0,0:0:0:0:
109,192,37524,1,0,0:0:0:0:
36,192,37624,1,0,0:0:0:0:
256,192,37624,1,0,0:0:0:0:
475,192,37624,1,0,0:0:0:0:
402,192,37725,1,0,0:0:0:0:
182,192,37725,1,0,0:0:0:0:
329,192,37826,1,0,0:0:0:0:
109,192,37826,1,0,0:0:0:0:
36,192,37826,1,0,0:0:0:0:
402,192,37926,1,0,0:0:0:0:
256,192,38027,1,0,0:0:0:0:
475,192,38027,1,0,0:0:0:0:
36,192,38027,1,0,0:0:0:0:
329,192,38128,1,0,0:0:0:0:
109,192,38128,1,0,0:0:0:0:
475,192,38229,1,0,0:0:0:0:
182,192,38229,1,0,0:0:0:0:
329,192,38329,1,0,0:0:0:0:
109,192,38329,1,0,0:0:0:0:
256,192,38430,1,0,0:0:0:0:
475,192,38430,1,0,0:0:0:0:
36,192,38430,1,0,0:0:0:0:
109,192,38531,1,0,0:0:0:0:
329,192,38531,1,0,0:0:0:0:
182,192,38631,1,0,0:0:0:0:
402,192,38631,1,0,0:0:0:0:
475,192,38631,1,0,0:0:0:0:
109,192,38732,1,0,0:0:0:0:
329,192,38732,1,0,0:0:0:0:
36,192,38833,1,0,0:0:0:0:
475,192,38833,1,0,0:0:0:0:
256,192,38833,1,0,0:0:0:0:
182,192,38933,1,0,0:0:0:0:
402,192,38933,1,0,0:0:0:0:
36,192,39034,1,0,0:0:0:0:
329,192,39034,1,0,0:0:0:0:
182,192,39135,1,0,0:0:0:0:
402,192,39135,1,0,0:0:0:0:
36,192,39235,1,0,0:0:0:0:
256,192,39235,1,0,0:0:0:0:
475,192,39235,1,0,0:0:0:0:
402,192,39336,1,0,0:0:0:0:
109,192,39336,1,0,0:0:0:0:
329,192,39437,1,0,0:0:0:0:
182,192,39437,1,0,0:0:0:0:
256,192,39537,1,0,0:0:0:0:
475,192,39537,1,0,0:0:0:0:
182,192,39638,1,0,0:0:0:0:
36,192,39638,1,0,0:0:0:0:
402,192,39638,1,0,0:0:0:0:
475,192,39739,1,0,0:0:0:0:
329,192,39739,1,0,0:0:0:0:
182,192,39839,1,0,0:0:0:0:
36,192,39839,1,0,0:0:0:0:
256,192,39940,1,0,0:0:0:0:
475,192,40041,1,0,0:0:0:0:
402,192,40041,1,0,0:0:0:0:
36,192,40041,1,0,0:0:0:0:
109,192,40041,1,0,0:0:0:0:
182,192,40141,1,0,0:0:0:0:
329,192,40141,1,0,0:0:0:0:
109,192,40242,1,0,0:0:0:0:
36,192,40242,1,0,0:0:0:0:
475,192,40242,1,0,0:0:0:0:
402,192,40242,1,0,0:0:0:0:
182,192,40343,1,0,0:0:0:0:
36,192,40443,1,0,0:0:0:0:
256,192,40443,1,0,0:0:0:0:
475,192,40443,1,0,0:0:0:0:
109,192,40544,1,0,0:0:0:0:
329,192,40544,1,0,0:0:0:0:
182,192,40645,1,0,0:0:0:0:
402,192,40645,1,0,0:0:0:0:
256,192,40745,1,0,0:0:0:0:
475,192,40745,1,0,0:0:0:0:
329,192,40846,1,0,0:0:0:0:
36,192,40846,1,0,0:0:0:0:
109,192,40846,1,0,0:0:0:0:
182,192,40947,1,0,0:0:0:0:
36,192,41047,1,0,0:0:0:0:
256,192,41047,1,0,0:0:0:0:
402,192,41047,1,0,0:0:0:0:
329,192,41148,1,0,0:0:0:0:
182,192,41148,1,0,0:0:0:0:
256,192,41249,1,0,0:0:0:0:
475,192,41249,1,0,0:0:0:0:
109,192,41249,1,0,0:0:0:0:
36,192,41349,1,0,0:0:0:0:
402,192,41349,1,0,0:0:0:0:
329,192,41450,1,0,0:0:0:0:
182,192,41450,1,0,0:0:0:0:
256,192,41551,1,0,0:0:0:0:
109,192,41551,1,0,0:0:0:0:
475,192,41651,1,0,0:0:0:0:
182,192,41651,1,0,0:0:0:0:
36,192,41651,1,0,0:0:0:0:
256,192,41752,1,0,0:0:0:0:
109,192,41853,1,0,0:0:0:0:
402,192,41853,1,0,0:0:0:0:
182,192,41953,1,0,0:0:0:0:
329,192,41953,1,0,0:0:0:0:
36,192,42054,1,0,0:0:0:0:
475,192,42054,1,0,0:0:0:0:
256,192,42054,1,0,0:0:0:0:
329,192,42155,1,0,0:0:0:0:
256,192,42255,1,0,0:0:0:0:
109,192,42255,1,0,0:0:0:0:
402,192,42255,1,0,0:0:0:0:
182,192,42356,1,0,0:0:0:0:
36,192,42457,1,0,0:0:0:0:
256,192,42457,1,0,0:0:0:0:
475,192,42457,1,0,0:0:0:0:
329,192,42557,1,0,0:0:0:0:
182,192,42658,1,0,0:0:0:0:
329,192,42759,1,0,0:0:0:0:
36,192,42859,1,0,0:0:0:0:
256,192,42859,1,0,0:0:0:0:
475,192,42859,1,0,0:0:0:0:
182,192,42960,1,0,0:0:0:0:
329,192,43061,1,0,0:0:0:0:
182,192,43161,1,0,0:0:0:0:
109,192,43262,1,0,0:0:0:0:
36,192,43262,128,0,43463:0:0:0:0:
256,192,43363,1,0,0:0:0:0:
182,192,43363,128,0,43564:0:0:0:0:
402,192,43463,1,0,0:0:0:0:
329,192,43463,128,0,43665:0:0:0:0:
36,192,43564,1,0,0:0:0:0:
475,192,43564,128,0,43765:0:0:0:0:
182,192,43665,1,0,0:0:0:0:
109,192,43665,128,0,43866:0:0:0:0:
329,192,43765,1,0,0:0:0:0:
256,192,43765,128,0,43967:0:0:0:0:
475,192,43866,1,0,0:0:0:0:
402,192,43866,128,0,44067:0:0:0:0:
109,192,43967,1,0,0:0:0:0:
36,192,43967,128,0,44067:0:0:0:0:
329,192,44067,1,0,0:0:0:0:
182,192,44067,128,0,45678:0:0:0:0:
402,192,44168,1,0,0:0:0:0:
256,192,44269,1,0,0:0:0:0:
475,192,44269,1,0,0:0:0:0:
329,192,44369,1,0,0:0:0:0:
36,192,44470,1,0,0:0:0:0:
402,192,44470,1,0,0:0:0:0:
109,192,44470,1,0,0:0:0:0:
329,192,44571,1,0,0:0:0:0:
256,192,44671,1,0,0:0:0:0:
475,192,44671,1,0,0:0:0:0:
402,192,44772,1,0,0:0:0:0:
36,192,44873,1,0,0:0:0:0:
329,192,44873,1,0,0:0:0:0:
402,192,44973,1,0,0:0:0:0:
256,192,45074,1,0,0:0:0:0:
475,192,45074,1,0,0:0:0:0:
329,192,45175,1,0,0:0:0:0:
36,192,45275,1,0,0:0:0:0:
475,192,45275,1,0,0:0:0:0:
109,192,45275,1,0,0:0:0:0:
329,192,45376,1,0,0:0:0:0:
402,192,45477,1,0,0:0:0:0:
256,192,45477,1,0,0:0:0:0:
329,192,45577,1,0,0:0:0:0:
36,192,45678,128,0,47289:0:0:0:0:
475,192,45678,1,0,0:0:0:0:
109,192,45678,1,0,0:0:0:0:
402,192,45779,1,0,0:0:0:0:
329,192,45880,1,0,0:0:0:0:
182,192,45880,1,0,0:0:0:0:
256,192,45980,1,0,0:0:0:0:
402,192,46081,1,0,0:0:0:0:
109,192,46081,1,0,0:0:0:0:
329,192,46182,1,0,0:0:0:0:
182,192,46282,1,0,0:0:0:0:
475,192,46282,1,0,0:0:0:0:
256,192,46383,1,0,0:0:0:0:
329,192,46484,1,0,0:0:0:0:
109,192,46484,1,0,0:0:0:0:
256,192,46584,1,0,0:0:0:0:
182,192,46685,1,0,0:0:0:0:
475,192,46685,1,0,0:0:0:0:
109,192,46786,1,0,0:0:0:0:
402,192,46786,1,0,0:0:0:0:
182,192,46886,1,0,0:0:0:0:
329,192,46886,1,0,0:0:0:0:
256,192,46987,1,0,0:0:0:0:
475,192,46987,1,0,0:0:0:0:
109,192,47088,1,0,0:0:0:0:
329,192,47088,1,0,0:0:0:0:
182,192,47188,1,0,0:0:0:0:
402,192,47188,1,0,0:0:0:0:
256,192,47289,1,0,0:0:0:0:
475,192,47289,128,0,48094:0:0:0:0:
182,192,47390,1,0,0:0:0:0:
402,192,47390,1,0,0:0:0:0:
109,192,47490,1,0,0:0:0:0:
329,192,47490,1,0,0:0:0:0:
36,192,47591,1,0,0:0:0:0:
256,192,47591,1,0,0:0:0:0:
182,192,47692,1,0,0:0:0:0:
402,192,47692,1,0,0:0:0:0:
256,192,47792,1,0,0:0:0:0:
329,192,47893,1,0,0:0:0:0:
36,192,47893,1,0,0:0:0:0:
182,192,47994,1,0,0:0:0:0:
109,192,48094,128,0,48497:0:0:0:0:
256,192,48094,1,0,0:0:0:0:
402,192,48094,1,0,0:0:0:0:
329,192,48195,1,0,0:0:0:0:
182,192,48296,1,0,0:0:0:0:
329,192,48396,1,0,0:0:0:0:
402,192,48497,128,0,48900:0:0:0:0:
36,192,48497,1,0,0:0:0:0:
256,192,48497,1,0,0:0:0:0:
329,192,48598,1,0,0:0:0:0:
182,192,48698,1,0,0:0:0:0:
329,192,48799,1,0,0:0:0:0:
182,192,48900,128,0,49302:0:0:0:0:
36,192,48900,1,0,0:0:0:0:
256,192,48900,1,0,0:0:0:0:
475,192,49000,1,0,0:0:0:0:
329,192,49101,1,0,0:0:0:0:
109,192,49202,1,0,0:0:0:0:
329,192,49302,128,0,49705:0:0:0:0:
475,192,49302,1,0,0:0:0:0:
256,192,49302,1,0,0:0:0:0:
36,192,49403,1,0,0:0:0:0:
182,192,49504,1,0,0:0:0:0:
475,192,49604,1,0,0:0:0:0:
256,192,49705,128,0,50510:0:0:0:0:
402,192,49705,1,0,0:0:0:0:
36,192,49705,1,0,0:0:0:0:
109,192,49806,1,0,0:0:0:0:
329,192,49806,1,0,0:0:0:0:
182,192,49906,1,0,0:0:0:0:
475,192,49906,1,0,0:0:0:0:
36,192,50007,1,0,0:0:0:0:
402,192,50007,1,0,0:0:0:0:
109,192,50108,1,0,0:0:0:0:
329,192,50108,1,0,0:0:0:0:
182,192,50208,1,0,0:0:0:0:
475,192,50208,1,0,0:0:0:0:
36,192,50309,1,0,0:0:0:0:
402,192,50309,1,0,0:0:0:0:
109,192,50410,1,0,0:0:0:0:
329,192,50410,1,0,0:0:0:0:
182,192,50510,1,0,0:0:0:0:
475,192,50510,128,0,52121:0:0:0:0:
402,192,50510,1,0,0:0:0:0:
109,192,50611,1,0,0:0:0:0:
36,192,50712,1,0,0:0:0:0:
256,192,50712,1,0,0:0:0:0:
182,192,50812,1,0,0:0:0:0:
109,192,50913,1,0,0:0:0:0:
402,192,50913,1,0,0:0:0:0:
182,192,51014,1,0,0:0:0:0:
256,192,51114,1,0,0:0:0:0:
36,192,51114,1,0,0:0:0:0:
109,192,51215,1,0,0:0:0:0:
402,192,51316,1,0,0:0:0:0:
182,192,51316,1,0,0:0:0:0:
109,192,51416,1,0,0:0:0:0:
36,192,51517,1,0,0:0:0:0:
329,192,51517,1,0,0:0:0:0:
256,192,51618,1,0,0:0:0:0:
402,192,51718,1,0,0:0:0:0:
182,192,51718,1,0,0:0:0:0:
256,192,51819,1,0,0:0:0:0:
329,192,51920,1,0,0:0:0:0:
109,192,51920,1,0,0:0:0:0:
256,192,52020,1,0,0:0:0:0:
182,192,52121,128,0,53732:0:0:0:0:
402,192,52121,1,0,0:0:0:0:
36,192,52121,1,0,0:0:0:0:
329,192,52222,1,0,0:0:0:0:
256,192,52322,1,0,0:0:0:0:
475,192,52322,1,0,0:0:0:0:
402,192,52423,1,0,0:0:0:0:
36,192,52524,1,0,0:0:0:0:
329,192,52524,1,0,0:0:0:0:
402,192,52624,1,0,0:0:0:0:
475,192,52725,1,0,0:0:0:0:
256,192,52725,1,0,0:0:0:0:
329,192,52826,1,0,0:0:0:0:
36,192,52926,1,0,0:0:0:0:
402,192,52926,1,0,0:0:0:0:
329,192,53027,1,0,0:0:0:0:
256,192,53128,1,0,0:0:0:0:
475,192,53128,1,0,0:0:0:0:
402,192,53229,1,0,0:0:0:0:
36,192,53329,1,0,0:0:0:0:
329,192,53329,1,0,0:0:0:0:
402,192,53430,1,0,0:0:0:0:
475,192,53531,1,0,0:0:0:0:
329,192,53631,1,0,0:0:0:0:
402,192,53732,128,0,53833:0:0:0:0:
475,192,53732,128,0,53833:0:0:0:0:
256,192,53732,1,0,0:0:0:0:
36,192,53732,1,0,0:0:0:0:
182,192,53933,128,0,54034:0:0:0:0:
256,192,53933,1,0,0:0:0:0:
109,192,53933,128,0,54034:0:0:0:0:
402,192,54135,128,0,54235:0:0:0:0:
256,192,54135,1,0,0:0:0:0:
329,192,54135,128,0,54235:0:0:0:0:
109,192,54336,128,0,54437:0:0:0:0:
36,192,54336,128,0,54437:0:0:0:0:
256,192,54336,1,0,0:0:0:0:
475,192,54537,128,0,55343:0:0:0:0:
36,192,54537,128,0,55343:0:0:0:0:
329,192,54537,128,0,54739:0:0:0:0:
256,192,54638,128,0,54739:0:0:0:0:
182,192,54739,128,0,54940:0:0:0:0:
256,192,54839,128,0,54940:0:0:0:0:
329,192,54940,128,0,55141:0:0:0:0:
109,192,54940,1,0,0:0:0:0:
402,192,54940,1,0,0:0:0:0:
256,192,55041,128,0,55141:0:0:0:0:
182,192,55141,128,0,55343:0:0:0:0:
256,192,55242,128,0,55343:0:0:0:0:
402,192,55343,1,0,0:0:0:0:
109,192,55343,1,0,0:0:0:0:
329,192,55343,128,0,56953:0:0:0:0:
109,192,55645,1,0,0:0:0:0:
402,192,55645,1,0,0:0:0:0:
475,192,55745,128,0,56953:0:0:0:0:
109,192,55947,1,0,0:0:0:0:
402,192,55947,1,0,0:0:0:0:
36,192,56148,128,0,56953:0:0:0:0:
182,192,56148,128,0,56953:0:0:0:0:
256,192,56148,1,0,0:0:0:0:
109,192,56551,1,0,0:0:0:0:
402,192,56551,1,0,0:0:0:0:
109,192,56752,1,0,0:0:0:0:
402,192,56752,1,0,0:0:0:0:
109,192,56953,1,0,0:0:0:0:
256,192,56953,1,0,0:0:0:0:
402,192,56953,1,0,0:0:0:0:
329,192,57255,1,0,0:0:0:0:
182,192,57255,1,0,0:0:0:0:
475,192,57557,1,0,0:0:0:0:
256,192,57557,1,0,0:0:0:0:
36,192,57557,1,0,0:0:0:0:
36,192,57759,128,0,58262:0:0:0:0:
475,192,57759,128,0,57859:0:0:0:0:
256,192,57759,128,0,57960:0:0:0:0:
182,192,57759,128,0,57859:0:0:0:0:
329,192,57759,128,0,57859:0:0:0:0:
109,192,57859,128,0,58161:0:0:0:0:
402,192,57859,128,0,57960:0:0:0:0:
182,192,57960,128,0,58061:0:0:0:0:
329,192,57960,128,0,58061:0:0:0:0:
256,192,58061,128,0,58161:0:0:0:0:
475,192,58161,128,0,58463:0:0:0:0:
182,192,58161,128,0,58262:0:0:0:0:
402,192,58161,1,0,0:0:0:0:
109,192,58262,128,0,58363:0:0:0:0:
329,192,58363,128,0,58564:0:0:0:0:
36,192,58363,128,0,58463:0:0:0:0:
402,192,58564,128,0,58866:0:0:0:0:
256,192,58564,1,0,0:0:0:0:
36,192,58564,1,0,0:0:0:0:
475,192,58564,1,0,0:0:0:0:
182,192,58665,1,0,0:0:0:0:
329,192,58765,128,0,58967:0:0:0:0:
36,192,58765,1,0,0:0:0:0:
109,192,58765,1,0,0:0:0:0:
109,192,58967,128,0,59269:0:0:0:0:
475,192,58967,128,0,59168:0:0:0:0:
182,192,58967,1,0,0:0:0:0:
256,192,58967,1,0,0:0:0:0:
329,192,59168,128,0,59269:0:0:0:0:
36,192,59168,1,0,0:0:0:0:
402,192,59269,128,0,59571:0:0:0:0:
256,192,59369,1,0,0:0:0:0:
475,192,59470,128,0,59671:0:0:0:0:
182,192,59470,1,0,0:0:0:0:
329,192,59571,128,0,59873:0:0:0:0:
36,192,59571,1,0,0:0:0:0:
109,192,59571,1,0,0:0:0:0:
109,192,59772,128,0,60074:0:0:0:0:
475,192,59772,128,0,60175:0:0:0:0:
256,192,59772,1,0,0:0:0:0:
182,192,59772,1,0,0:0:0:0:
329,192,59973,1,0,0:0:0:0:
402,192,59973,128,0,60175:0:0:0:0:
36,192,59973,1,0,0:0:0:0:
109,192,60175,128,0,60477:0:0:0:0:
36,192,60175,1,0,0:0:0:0:
256,192,60175,1,0,0:0:0:0:
329,192,60275,1,0,0:0:0:0:
402,192,60376,1,0,0:0:0:0:
182,192,60376,128,0,60577:0:0:0:0:
475,192,60376,1,0,0:0:0:0:
36,192,60577,128,0,60779:0:0:0:0:
329,192,60577,1,0,0:0:0:0:
402,192,60577,128,0,60880:0:0:0:0:
256,192,60577,1,0,0:0:0:0:
182,192,60779,128,0,60880:0:0:0:0:
475,192,60779,1,0,0:0:0:0:
36,192,60880,1,0,0:0:0:0:
109,192,60880,128,0,61182:0:0:0:0:
256,192,60980,1,0,0:0:0:0:
329,192,61081,1,0,0:0:0:0:
36,192,61081,128,0,61282:0:0:0:0:
182,192,61182,128,0,61484:0:0:0:0:
475,192,61182,1,0,0:0:0:0:
402,192,61182,1,0,0:0:0:0:
256,192,61383,1,0,0:0:0:0:
36,192,61383,128,0,61786:0:0:0:0:
402,192,61383,128,0,61685:0:0:0:0:
329,192,61383,1,0,0:0:0:0:
475,192,61584,1,0,0:0:0:0:
182,192,61584,1,0,0:0:0:0:
109,192,61584,128,0,61786:0:0:0:0:
182,192,61786,1,0,0:0:0:0:
256,192,61786,128,0,62591:0:0:0:0:
329,192,61786,1,0,0:0:0:0:
475,192,61886,1,0,0:0:0:0:
36,192,61886,1,0,0:0:0:0:
109,192,61987,1,0,0:0:0:0:
402,192,61987,1,0,0:0:0:0:
182,192,62088,1,0,0:0:0:0:
329,192,62088,1,0,0:0:0:0:
475,192,62188,1,0,0:0:0:0:
36,192,62188,1,0,0:0:0:0:
329,192,62390,1,0,0:0:0:0:
182,192,62390,1,0,0:0:0:0:
36,192,62490,1,0,0:0:0:0:
475,192,62490,1,0,0:0:0:0:
109,192,62591,128,0,63396:0:0:0:0:
182,192,62591,1,0,0:0:0:0:
329,192,62591,1,0,0:0:0:0:
402,192,62692,1,0,0:0:0:0:
256,192,62692,1,0,0:0:0:0:
475,192,62792,1,0,0:0:0:0:
329,192,62792,1,0,0:0:0:0:
36,192,62792,1,0,0:0:0:0:
402,192,62994,128,0,63396:0:0:0:0:
256,192,62994,1,0,0:0:0:0:
475,192,62994,1,0,0:0:0:0:
256,192,63195,1,0,0:0:0:0:
36,192,63195,1,0,0:0:0:0:
36,192,63396,128,0,63497:0:0:0:0:
329,192,63396,128,0,63497:0:0:0:0:
256,192,63396,1,0,0:0:0:0:
109,192,63497,128,0,63598:0:0:0:0:
402,192,63497,128,0,63598:0:0:0:0:
182,192,63598,128,0,63698:0:0:0:0:
475,192,63598,128,0,63698:0:0:0:0:
256,192,63698,128,0,63799:0:0:0:0:
402,192,63698,128,0,63799:0:0:0:0:
329,192,63799,128,0,63900:0:0:0:0:
109,192,63799,128,0,63900:0:0:0:0:
36,192,63799,1,0,0:0:0:0:
256,192,63900,128,0,64000:0:0:0:0:
475,192,63900,128,0,64000:0:0:0:0:
182,192,64000,128,0,64101:0:0:0:0:
402,192,64000,128,0,64101:0:0:0:0:
109,192,64101,128,0,64202:0:0:0:0:
329,192,64101,128,0,64202:0:0:0:0:
256,192,64202,128,0,65007:0:0:0:0:
36,192,64202,128,0,64302:0:0:0:0:
475,192,64202,1,0,0:0:0:0:
402,192,64302,1,0,0:0:0:0:
109,192,64302,128,0,64403:0:0:0:0:
182,192,64403,128,0,64504:0:0:0:0:
329,192,64403,1,0,0:0:0:0:
109,192,64504,128,0,64604:0:0:0:0:
36,192,64604,128,0,64705:0:0:0:0:
402,192,64604,1,0,0:0:0:0:
475,192,64604,1,0,0:0:0:0:
109,192,64705,128,0,64806:0:0:0:0:
182,192,64806,128,0,64906:0:0:0:0:
402,192,64806,1,0,0:0:0:0:
475,192,64806,1,0,0:0:0:0:
109,192,64906,128,0,65007:0:0:0:0:
475,192,65007,1,0,0:0:0:0:
36,192,65007,128,0,65712:0:0:0:0:
402,192,65007,1,0,0:0:0:0:
182,192,65007,1,0,0:0:0:0:
256,192,65108,1,0,0:0:0:0:
329,192,65108,1,0,0:0:0:0:
402,192,65208,1,0,0:0:0:0:
475,192,65208,1,0,0:0:0:0:
182,192,65208,1,0,0:0:0:0:
256,192,65309,1,0,0:0:0:0:
329,192,65309,1,0,0:0:0:0:
109,192,65410,1,0,0:0:0:0:
475,192,65410,1,0,0:0:0:0:
182,192,65410,1,0,0:0:0:0:
329,192,65510,1,0,0:0:0:0:
256,192,65510,1,0,0:0:0:0:
475,192,65611,1,0,0:0:0:0:
109,192,65611,1,0,0:0:0:0:
182,192,65611,1,0,0:0:0:0:
329,192,65712,1,0,0:0:0:0:
256,192,65712,1,0,0:0:0:0:
475,192,65812,1,0,0:0:0:0:
36,192,65812,1,0,0:0:0:0:
182,192,65913,1,0,0:0:0:0:
329,192,65913,1,0,0:0:0:0:
36,192,66014,1,0,0:0:0:0:
475,192,66014,1,0,0:0:0:0:
182,192,66114,1,0,0:0:0:0:
329,192,66114,1,0,0:0:0:0:
36,192,66215,1,0,0:0:0:0:
475,192,66215,1,0,0:0:0:0:
256,192,66215,128,0,66618:0:0:0:0:
182,192,66316,1,0,0:0:0:0:
329,192,66316,1,0,0:0:0:0:
36,192,66416,1,0,0:0:0:0:
475,192,66416,1,0,0:0:0:0:
182,192,66517,1,0,0:0:0:0:
329,192,66517,1,0,0:0:0:0:
475,192,66618,128,0,67322:0:0:0:0:
36,192,66618,1,0,0:0:0:0:
109,192,66618,1,0,0:0:0:0:
402,192,66618,1,0,0:0:0:0:
182,192,66718,1,0,0:0:0:0:
256,192,66718,1,0,0:0:0:0:
402,192,66819,1,0,0:0:0:0:
36,192,66819,1,0,0:0:0:0:
109,192,66819,1,0,0:0:0:0:
256,192,66920,1,0,0:0:0:0:
182,192,66920,1,0,0:0:0:0:
402,192,67020,1,0,0:0:0:0:
36,192,67020,1,0,0:0:0:0:
329,192,67020,1,0,0:0:0:0:
182,192,67121,1,0,0:0:0:0:
256,192,67121,1,0,0:0:0:0:
402,192,67222,1,0,0:0:0:0:
36,192,67222,1,0,0:0:0:0:
329,192,67222,1,0,0:0:0:0:
256,192,67322,1,0,0:0:0:0:
182,192,67322,1,0,0:0:0:0:
475,192,67423,1,0,0:0:0:0:
36,192,67423,1,0,0:0:0:0:
182,192,67524,1,0,0:0:0:0:
329,192,67524,1,0,0:0:0:0:
475,192,67624,1,0,0:0:0:0:
36,192,67624,1,0,0:0:0:0:
329,192,67725,1,0,0:0:0:0:
182,192,67725,1,0,0:0:0:0:
36,192,67826,1,0,0:0:0:0:
109,192,67826,128,0,68229:0:0:0:0:
402,192,67826,128,0,68229:0:0:0:0:
475,192,67826,1,0,0:0:0:0:
256,192,67826,1,0,0:0:0:0:
329,192,67926,1,0,0:0:0:0:
475,192,68027,1,0,0:0:0:0:
256,192,68027,1,0,0:0:0:0:
36,192,68027,1,0,0:0:0:0:
182,192,68128,1,0,0:0:0:0:
256,192,68229,1,0,0:0:0:0:
36,192,68229,1,0,0:0:0:0:
329,192,68229,128,0,68531:0:0:0:0:
475,192,68229,1,0,0:0:0:0:
109,192,68329,1,0,0:0:0:0:
182,192,68430,128,0,68631:0:0:0:0:
402,192,68430,1,0,0:0:0:0:
256,192,68631,128,0,68933:0:0:0:0:
36,192,68631,1,0,0:0:0:0:
475,192,68631,1,0,0:0:0:0:
329,192,68631,1,0,0:0:0:0:
109,192,68732,1,0,0:0:0:0:
402,192,68833,128,0,68933:0:0:0:0:
182,192,68833,1,0,0:0:0:0:
475,192,68933,128,0,69235:0:0:0:0:
109,192,68933,1,0,0:0:0:0:
36,192,69034,1,0,0:0:0:0:
256,192,69034,1,0,0:0:0:0:
109,192,69135,1,0,0:0:0:0:
329,192,69235,128,0,69437:0:0:0:0:
182,192,69235,1,0,0:0:0:0:
109,192,69336,1,0,0:0:0:0:
402,192,69437,128,0,69638:0:0:0:0:
36,192,69437,1,0,0:0:0:0:
256,192,69437,1,0,0:0:0:0:
109,192,69537,1,0,0:0:0:0:
329,192,69537,1,0,0:0:0:0:
475,192,69638,128,0,69839:0:0:0:0:
182,192,69638,1,0,0:0:0:0:
256,192,69739,1,0,0:0:0:0:
109,192,69739,1,0,0:0:0:0:
36,192,69839,1,0,0:0:0:0:
329,192,69839,1,0,0:0:0:0:
402,192,69839,1,0,0:0:0:0:
182,192,69839,1,0,0:0:0:0:
182,192,70041,1,0,0:0:0:0:
475,192,70041,1,0,0:0:0:0:
109,192,70041,1,0,0:0:0:0:
329,192,70041,1,0,0:0:0:0:
36,192,70242,1,0,0:0:0:0:
256,192,70242,1,0,0:0:0:0:
329,192,70242,1,0,0:0:0:0:
256,192,70443,1,0,0:0:0:0:
475,192,70443,1,0,0:0:0:0:
182,192,70443,1,0,0:0:0:0:
36,192,70645,1,0,0:0:0:0:
109,192,70645,1,0,0:0:0:0:
256,192,70645,1,0,0:0:0:0:
402,192,70645,1,0,0:0:0:0:
475,192,70645,1,0,0:0:0:0:
182,192,70745,5,0,0:0:0:0:
402,192,70846,1,0,0:0:0:0:
256,192,70947,1,0,0:0:0:0:
109,192,71047,1,0,0:0:0:0:
475,192,71148,1,0,0:0:0:0:
329,192,71249,1,0,0:0:0:0:
182,192,71349,1,0,0:0:0:0:
36,192,71450,1,0,0:0:0:0:
475,192,71450,1,0,0:0:0:0:
402,192,71450,128,0,73010:0:0:0:0:
256,192,71450,1,0,0:0:0:0:
109,192,71450,128,0,73010:0:0:0:0:
256,192,71853,1,0,0:0:0:0:
256,192,72255,1,0,0:0:0:0:
182,192,72255,128,0,72406:0:0:0:0:
329,192,72255,128,0,72406:0:0:0:0:
182,192,72457,128,0,72608:0:0:0:0:
256,192,72457,1,0,0:0:0:0:
329,192,72457,128,0,72608:0:0:0:0:
256,192,72658,1,0,0:0:0:0:
329,192,72658,128,0,72809:0:0:0:0:
182,192,72658,128,0,72809:0:0:0:0:
329,192,72859,128,0,73010:0:0:0:0:
182,192,72859,128,0,73010:0:0:0:0:
256,192,72859,1,0,0:0:0:0:
329,192,73061,1,0,0:0:0:0:
402,192,73061,1,0,0:0:0:0:
109,192,73061,1,0,0:0:0:0:
182,192,73061,1,0,0:0:0:0:
256,192,73161,1,0,0:0:0:0:
36,192,73262,1,0,0:0:0:0:
475,192,73363,1,0,0:0:0:0:
109,192,73463,1,0,0:0:0:0:
402,192,73564,1,0,0:0:0:0:
182,192,73665,1,0,0:0:0:0:
329,192,73765,1,0,0:0:0:0:
402,192,73866,1,0,0:0:0:0:
256,192,73916,1,0,0:0:0:0:
109,192,73967,1,0,0:0:0:0:
475,192,74067,1,0,0:0:0:0:
329,192,74067,1,0,0:0:0:0:
256,192,74168,1,0,0:0:0:0:
402,192,74269,1,0,0:0:0:0:
475,192,74269,1,0,0:0:0:0:
36,192,74269,1,0,0:0:0:0:
109,192,74269,1,0,0:0:0:0:
182,192,74470,1,0,0:0:0:0:
182,192,74571,1,0,0:0:0:0:
36,192,76282,1,0,0:0:0:0:
256,192,76282,1,0,0:0:0:0:
475,192,76282,1,0,0:0:0:0:
182,192,76282,1,0,0:0:0:0:
109,192,76282,1,0,0:0:0:0:
329,192,76383,1,0,0:0:0:0:
402,192,76383,1,0,0:0:0:0:
36,192,76484,1,0,0:0:0:0:
182,192,76484,1,0,0:0:0:0:
475,192,76484,1,0,0:0:0:0:
256,192,76584,1,0,0:0:0:0:
36,192,76685,1,0,0:0:0:0:
329,192,76685,1,0,0:0:0:0:
402,192,76685,1,0,0:0:0:0:
475,192,76685,1,0,0:0:0:0:
109,192,76685,1,0,0:0:0:0:
256,192,76786,1,0,0:0:0:0:
182,192,76886,1,0,0:0:0:0:
475,192,76886,1,0,0:0:0:0:
36,192,76886,1,0,0:0:0:0:
329,192,76987,1,0,0:0:0:0:
36,192,77088,1,0,0:0:0:0:
109,192,77088,1,0,0:0:0:0:
182,192,77088,1,0,0:0:0:0:
256,192,77088,1,0,0:0:0:0:
475,192,77088,1,0,0:0:0:0:
329,192,77188,1,0,0:0:0:0:
109,192,77289,1,0,0:0:0:0:
475,192,77289,1,0,0:0:0:0:
256,192,77289,1,0,0:0:0:0:
329,192,77390,1,0,0:0:0:0:
36,192,77490,1,0,0:0:0:0:
256,192,77490,1,0,0:0:0:0:
182,192,77490,1,0,0:0:0:0:
402,192,77490,1,0,0:0:0:0:
475,192,77490,1,0,0:0:0:0:
109,192,77591,1,0,0:0:0:0:
329,192,77692,1,0,0:0:0:0:
182,192,77692,1,0,0:0:0:0:
475,192,77692,1,0,0:0:0:0:
256,192,77792,1,0,0:0:0:0:
475,192,77893,128,0,78296:0:0:0:0:
36,192,77893,1,0,0:0:0:0:
182,192,77893,1,0,0:0:0:0:
329,192,77994,1,0,0:0:0:0:
402,192,77994,1,0,0:0:0:0:
36,192,78094,1,0,0:0:0:0:
182,192,78094,1,0,0:0:0:0:
402,192,78195,1,0,0:0:0:0:
329,192,78195,1,0,0:0:0:0:
36,192,78296,128,0,78698:0:0:0:0:
109,192,78296,1,0,0:0:0:0:
256,192,78296,1,0,0:0:0:0:
182,192,78296,1,0,0:0:0:0:
329,192,78396,1,0,0:0:0:0:
475,192,78396,1,0,0:0:0:0:
109,192,78497,1,0,0:0:0:0:
256,192,78497,1,0,0:0:0:0:
329,192,78598,1,0,0:0:0:0:
475,192,78598,1,0,0:0:0:0:
256,192,78698,128,0,79504:0:0:0:0:
109,192,78698,1,0,0:0:0:0:
402,192,78698,1,0,0:0:0:0:
182,192,78799,1,0,0:0:0:0:
475,192,78799,1,0,0:0:0:0:
36,192,78900,1,0,0:0:0:0:
329,192,78900,1,0,0:0:0:0:
109,192,79000,1,0,0:0:0:0:
475,192,79000,1,0,0:0:0:0:
182,192,79101,1,0,0:0:0:0:
402,192,79101,1,0,0:0:0:0:
329,192,79101,1,0,0:0:0:0:
109,192,79202,1,0,0:0:0:0:
475,192,79202,1,0,0:0:0:0:
36,192,79302,128,0,79504:0:0:0:0:
329,192,79302,1,0,0:0:0:0:
475,192,79403,1,0,0:0:0:0:
182,192,79504,128,0,80309:0:0:0:0:
329,192,79504,1,0,0:0:0:0:
109,192,79504,1,0,0:0:0:0:
402,192,79604,1,0,0:0:0:0:
475,192,79604,1,0,0:0:0:0:
109,192,79705,1,0,0:0:0:0:
329,192,79705,1,0,0:0:0:0:
402,192,79806,1,0,0:0:0:0:
475,192,79806,1,0,0:0:0:0:
256,192,79906,1,0,0:0:0:0:
36,192,79906,1,0,0:0:0:0:
329,192,79906,1,0,0:0:0:0:
402,192,80007,1,0,0:0:0:0:
475,192,80007,1,0,0:0:0:0:
109,192,80007,1,0,0:0:0:0:
329,192,80108,128,0,80309:0:0:0:0:
36,192,80108,1,0,0:0:0:0:
402,192,80208,1,0,0:0:0:0:
475,192,80208,1,0,0:0:0:0:
256,192,80309,128,0,80712:0:0:0:0:
36,192,80309,1,0,0:0:0:0:
109,192,80309,1,0,0:0:0:0:
475,192,80410,1,0,0:0:0:0:
402,192,80410,1,0,0:0:0:0:
329,192,80510,1,0,0:0:0:0:
36,192,80510,1,0,0:0:0:0:
475,192,80611,1,0,0:0:0:0:
182,192,80611,1,0,0:0:0:0:
36,192,80712,128,0,81114:0:0:0:0:
109,192,80712,1,0,0:0:0:0:
329,192,80712,1,0,0:0:0:0:
256,192,80812,1,0,0:0:0:0:
402,192,80812,1,0,0:0:0:0:
475,192,80913,128,0,81114:0:0:0:0:
109,192,80913,1,0,0:0:0:0:
182,192,80913,1,0,0:0:0:0:
256,192,81014,1,0,0:0:0:0:
402,192,81014,1,0,0:0:0:0:
329,192,81114,128,0,81517:0:0:0:0:
109,192,81114,1,0,0:0:0:0:
182,192,81114,1,0,0:0:0:0:
402,192,81215,1,0,0:0:0:0:
475,192,81215,1,0,0:0:0:0:
109,192,81316,1,0,0:0:0:0:
182,192,81316,1,0,0:0:0:0:
402,192,81416,1,0,0:0:0:0:
475,192,81416,1,0,0:0:0:0:
182,192,81517,128,0,81920:0:0:0:0:
36,192,81517,1,0,0:0:0:0:
109,192,81517,1,0,0:0:0:0:
256,192,81618,1,0,0:0:0:0:
402,192,81618,1,0,0:0:0:0:
36,192,81718,1,0,0:0:0:0:
109,192,81718,1,0,0:0:0:0:
402,192,81819,1,0,0:0:0:0:
256,192,81819,1,0,0:0:0:0:
36,192,81920,1,0,0:0:0:0:
329,192,81920,1,0,0:0:0:0:
475,192,81920,1,0,0:0:0:0:
256,192,82020,1,0,0:0:0:0:
402,192,82020,1,0,0:0:0:0:
109,192,82020,1,0,0:0:0:0:
182,192,82121,1,0,0:0:0:0:
329,192,82121,1,0,0:0:0:0:
109,192,82222,1,0,0:0:0:0:
256,192,82222,1,0,0:0:0:0:
182,192,82322,1,0,0:0:0:0:
36,192,82322,1,0,0:0:0:0:
402,192,82322,1,0,0:0:0:0:
475,192,82423,1,0,0:0:0:0:
329,192,82423,1,0,0:0:0:0:
36,192,82524,1,0,0:0:0:0:
256,192,82524,1,0,0:0:0:0:
109,192,82624,1,0,0:0:0:0:
329,192,82624,1,0,0:0:0:0:
402,192,82725,1,0,0:0:0:0:
475,192,82725,1,0,0:0:0:0:
182,192,82725,1,0,0:0:0:0:
36,192,82725,1,0,0:0:0:0:
256,192,82725,1,0,0:0:0:0:
329,192,82826,1,0,0:0:0:0:
256,192,82926,1,0,0:0:0:0:
36,192,82926,1,0,0:0:0:0:
475,192,82926,1,0,0:0:0:0:
182,192,83027,1,0,0:0:0:0:
36,192,83128,1,0,0:0:0:0:
329,192,83128,1,0,0:0:0:0:
402,192,83128,1,0,0:0:0:0:
475,192,83128,1,0,0:0:0:0:
256,192,83128,1,0,0:0:0:0:
109,192,83229,1,0,0:0:0:0:
182,192,83329,1,0,0:0:0:0:
329,192,83329,1,0,0:0:0:0:
475,192,83329,1,0,0:0:0:0:
256,192,83430,1,0,0:0:0:0:
402,192,83531,1,0,0:0:0:0:
36,192,83531,1,0,0:0:0:0:
109,192,83531,1,0,0:0:0:0:
182,192,83531,1,0,0:0:0:0:
475,192,83531,1,0,0:0:0:0:
329,192,83631,1,0,0:0:0:0:
256,192,83732,1,0,0:0:0:0:
36,192,83732,1,0,0:0:0:0:
475,192,83732,1,0,0:0:0:0:
182,192,83833,1,0,0:0:0:0:
475,192,83933,1,0,0:0:0:0:
36,192,83933,1,0,0:0:0:0:
109,192,83933,1,0,0:0:0:0:
256,192,83933,1,0,0:0:0:0:
329,192,83933,1,0,0:0:0:0:
402,192,84034,1,0,0:0:0:0:
36,192,84135,1,0,0:0:0:0:
329,192,84135,1,0,0:0:0:0:
182,192,84135,1,0,0:0:0:0:
256,192,84235,1,0,0:0:0:0:
36,192,84336,1,0,0:0:0:0:
182,192,84336,1,0,0:0:0:0:
475,192,84336,1,0,0:0:0:0:
402,192,84336,128,0,85141:0:0:0:0:
109,192,84336,1,0,0:0:0:0:
256,192,84437,1,0,0:0:0:0:
329,192,84437,1,0,0:0:0:0:
36,192,84537,1,0,0:0:0:0:
182,192,84537,1,0,0:0:0:0:
256,192,84638,1,0,0:0:0:0:
329,192,84638,1,0,0:0:0:0:
109,192,84739,128,0,85141:0:0:0:0:
36,192,84739,1,0,0:0:0:0:
182,192,84739,1,0,0:0:0:0:
256,192,84839,1,0,0:0:0:0:
475,192,84839,1,0,0:0:0:0:
36,192,84940,1,0,0:0:0:0:
329,192,84940,1,0,0:0:0:0:
182,192,85041,1,0,0:0:0:0:
475,192,85041,1,0,0:0:0:0:
256,192,85141,128,0,85947:0:0:0:0:
36,192,85141,1,0,0:0:0:0:
329,192,85141,1,0,0:0:0:0:
109,192,85242,1,0,0:0:0:0:
475,192,85242,1,0,0:0:0:0:
182,192,85343,1,0,0:0:0:0:
329,192,85343,1,0,0:0:0:0:
36,192,85443,1,0,0:0:0:0:
475,192,85443,1,0,0:0:0:0:
109,192,85544,1,0,0:0:0:0:
329,192,85544,1,0,0:0:0:0:
402,192,85544,1,0,0:0:0:0:
182,192,85645,1,0,0:0:0:0:
475,192,85645,1,0,0:0:0:0:
36,192,85745,128,0,85947:0:0:0:0:
329,192,85745,1,0,0:0:0:0:
475,192,85846,1,0,0:0:0:0:
182,192,85947,128,0,86349:0:0:0:0:
109,192,85947,1,0,0:0:0:0:
402,192,85947,1,0,0:0:0:0:
256,192,86047,1,0,0:0:0:0:
475,192,86047,1,0,0:0:0:0:
36,192,86148,1,0,0:0:0:0:
329,192,86148,1,0,0:0:0:0:
256,192,86249,1,0,0:0:0:0:
402,192,86249,1,0,0:0:0:0:
36,192,86349,1,0,0:0:0:0:
475,192,86349,1,0,0:0:0:0:
329,192,86349,128,0,86752:0:0:0:0:
109,192,86349,1,0,0:0:0:0:
182,192,86450,1,0,0:0:0:0:
256,192,86450,1,0,0:0:0:0:
36,192,86551,1,0,0:0:0:0:
109,192,86551,1,0,0:0:0:0:
475,192,86551,1,0,0:0:0:0:
182,192,86651,1,0,0:0:0:0:
256,192,86651,1,0,0:0:0:0:
36,192,86752,1,0,0:0:0:0:
475,192,86752,1,0,0:0:0:0:
109,192,86853,1,0,0:0:0:0:
402,192,86853,1,0,0:0:0:0:
182,192,86953,1,0,0:0:0:0:
329,192,86953,1,0,0:0:0:0:
109,192,87054,1,0,0:0:0:0:
402,192,87054,1,0,0:0:0:0:
36,192,87155,1,0,0:0:0:0:
475,192,87155,1,0,0:0:0:0:
182,192,87155,128,0,87557:0:0:0:0:
329,192,87155,128,0,87557:0:0:0:0:
256,192,87155,1,0,0:0:0:0:
256,192,87356,1,0,0:0:0:0:
36,192,87356,1,0,0:0:0:0:
475,192,87356,1,0,0:0:0:0:
256,192,87557,128,0,88363:0:0:0:0:
36,192,87557,1,0,0:0:0:0:
475,192,87557,128,0,87759:0:0:0:0:
402,192,87658,128,0,87759:0:0:0:0:
182,192,87658,1,0,0:0:0:0:
329,192,87759,128,0,87960:0:0:0:0:
36,192,87759,1,0,0:0:0:0:
402,192,87859,128,0,87960:0:0:0:0:
182,192,87859,1,0,0:0:0:0:
475,192,87960,128,0,88161:0:0:0:0:
36,192,87960,1,0,0:0:0:0:
109,192,87960,1,0,0:0:0:0:
402,192,88061,128,0,88161:0:0:0:0:
182,192,88061,1,0,0:0:0:0:
329,192,88161,128,0,88363:0:0:0:0:
36,192,88161,1,0,0:0:0:0:
402,192,88262,128,0,88363:0:0:0:0:
182,192,88262,1,0,0:0:0:0:
109,192,88363,1,0,0:0:0:0:
36,192,88363,128,0,88564:0:0:0:0:
475,192,88363,1,0,0:0:0:0:
256,192,88463,1,0,0:0:0:0:
182,192,88463,128,0,88665:0:0:0:0:
329,192,88564,128,0,88765:0:0:0:0:
402,192,88564,1,0,0:0:0:0:
475,192,88665,128,0,88866:0:0:0:0:
36,192,88665,1,0,0:0:0:0:
182,192,88765,1,0,0:0:0:0:
109,192,88765,128,0,88967:0:0:0:0:
256,192,88866,128,0,89067:0:0:0:0:
329,192,88866,1,0,0:0:0:0:
475,192,88967,1,0,0:0:0:0:
402,192,88967,128,0,89168:0:0:0:0:
109,192,89067,1,0,0:0:0:0:
36,192,89067,128,0,89168:0:0:0:0:
329,192,89168,1,0,0:0:0:0:
182,192,89168,128,0,89369:0:0:0:0:
256,192,89269,128,0,89470:0:0:0:0:
402,192,89269,1,0,0:0:0:0:
475,192,89369,1,0,0:0:0:0:
329,192,89369,128,0,89571:0:0:0:0:
36,192,89470,1,0,0:0:0:0:
402,192,89470,128,0,89671:0:0:0:0:
256,192,89571,1,0,0:0:0:0:
475,192,89571,1,0,0:0:0:0:
109,192,89571,128,0,89772:0:0:0:0:
329,192,89671,1,0,0:0:0:0:
182,192,89671,128,0,89873:0:0:0:0:
402,192,89772,1,0,0:0:0:0:
256,192,89772,128,0,89973:0:0:0:0:
329,192,89873,128,0,90074:0:0:0:0:
475,192,89873,1,0,0:0:0:0:
402,192,89973,1,0,0:0:0:0:
36,192,89973,128,0,90175:0:0:0:0:
182,192,89973,1,0,0:0:0:0:
256,192,90074,1,0,0:0:0:0:
109,192,90074,128,0,90275:0:0:0:0:
182,192,90175,128,0,90376:0:0:0:0:
329,192,90175,1,0,0:0:0:0:
256,192,90275,128,0,90477:0:0:0:0:
402,192,90275,1,0,0:0:0:0:
475,192,90376,128,0,90577:0:0:0:0:
36,192,90376,1,0,0:0:0:0:
109,192,90376,1,0,0:0:0:0:
402,192,90477,1,0,0:0:0:0:
329,192,90477,128,0,90678:0:0:0:0:
109,192,90577,1,0,0:0:0:0:
182,192,90577,128,0,90779:0:0:0:0:
402,192,90678,1,0,0:0:0:0:
36,192,90678,128,0,90880:0:0:0:0:
329,192,90779,128,0,90980:0:0:0:0:
475,192,90779,1,0,0:0:0:0:
256,192,90880,128,0,91081:0:0:0:0:
109,192,90880,1,0,0:0:0:0:
182,192,90980,128,0,91182:0:0:0:0:
36,192,90980,1,0,0:0:0:0:
475,192,91081,1,0,0:0:0:0:
109,192,91081,128,0,91282:0:0:0:0:
36,192,91182,1,0,0:0:0:0:
402,192,91182,128,0,91383:0:0:0:0:
256,192,91182,1,0,0:0:0:0:
182,192,91282,1,0,0:0:0:0:
329,192,91282,128,0,91484:0:0:0:0:
109,192,91383,1,0,0:0:0:0:
256,192,91383,128,0,91584:0:0:0:0:
36,192,91484,1,0,0:0:0:0:
182,192,91484,128,0,91685:0:0:0:0:
109,192,91584,1,0,0:0:0:0:
329,192,91584,1,0,0:0:0:0:
475,192,91584,128,0,91786:0:0:0:0:
402,192,91685,128,0,91886:0:0:0:0:
256,192,91685,1,0,0:0:0:0:
182,192,91786,1,0,0:0:0:0:
329,192,91786,128,0,91987:0:0:0:0:
109,192,91886,1,0,0:0:0:0:
256,192,91886,128,0,92088:0:0:0:0:
475,192,91987,1,0,0:0:0:0:
402,192,91987,1,0,0:0:0:0:
36,192,91987,128,0,92188:0:0:0:0:
109,192,92088,1,0,0:0:0:0:
182,192,92088,128,0,92289:0:0:0:0:
329,192,92188,128,0,92390:0:0:0:0:
402,192,92188,1,0,0:0:0:0:
109,192,92289,1,0,0:0:0:0:
475,192,92289,128,0,92490:0:0:0:0:
36,192,92390,128,0,92591:0:0:0:0:
256,192,92390,1,0,0:0:0:0:
182,192,92490,128,0,92692:0:0:0:0:
402,192,92490,1,0,0:0:0:0:
109,192,92591,128,0,92792:0:0:0:0:
329,192,92591,1,0,0:0:0:0:
402,192,92692,1,0,0:0:0:0:
256,192,92692,128,0,92893:0:0:0:0:
475,192,92792,128,0,92994:0:0:0:0:
36,192,92792,1,0,0:0:0:0:
109,192,92893,1,0,0:0:0:0:
329,192,92893,128,0,93094:0:0:0:0:
402,192,92994,128,0,93195:0:0:0:0:
182,192,92994,1,0,0:0:0:0:
256,192,93094,128,0,93296:0:0:0:0:
109,192,93094,1,0,0:0:0:0:
36,192,93195,128,0,93396:0:0:0:0:
475,192,93195,1,0,0:0:0:0:
402,192,93296,1,0,0:0:0:0:
182,192,93296,128,0,93497:0:0:0:0:
109,192,93396,128,0,93598:0:0:0:0:
329,192,93396,1,0,0:0:0:0:
402,192,93497,1,0,0:0:0:0:
256,192,93497,128,0,93698:0:0:0:0:
475,192,93598,128,0,93799:0:0:0:0:
36,192,93598,1,0,0:0:0:0:
182,192,93698,1,0,0:0:0:0:
329,192,93698,128,0,93900:0:0:0:0:
402,192,93799,128,0,94000:0:0:0:0:
109,192,93799,1,0,0:0:0:0:
36,192,93900,1,0,0:0:0:0:
256,192,93900,128,0,94101:0:0:0:0:
109,192,94000,128,0,94202:0:0:0:0:
475,192,94000,1,0,0:0:0:0:
329,192,94101,1,0,0:0:0:0:
36,192,94101,1,0,0:0:0:0:
182,192,94202,1,0,0:0:0:0:
475,192,94202,128,0,94403:0:0:0:0:
36,192,94302,1,0,0:0:0:0:
256,192,94302,1,0,0:0:0:0:
182,192,94403,128,0,94705:0:0:0:0:
402,192,94403,1,0,0:0:0:0:
109,192,94403,1,0,0:0:0:0:
256,192,94504,1,0,0:0:0:0:
329,192,94604,128,0,94705:0:0:0:0:
475,192,94604,1,0,0:0:0:0:
256,192,94705,128,0,95611:0:0:0:0:
36,192,94705,1,0,0:0:0:0:
109,192,94806,1,0,0:0:0:0:
475,192,94806,1,0,0:0:0:0:
402,192,94906,1,0,0:0:0:0:
182,192,94906,1,0,0:0:0:0:
36,192,95007,1,0,0:0:0:0:
329,192,95007,1,0,0:0:0:0:
109,192,95108,1,0,0:0:0:0:
475,192,95108,1,0,0:0:0:0:
402,192,95208,1,0,0:0:0:0:
182,192,95208,1,0,0:0:0:0:
36,192,95309,1,0,0:0:0:0:
329,192,95309,1,0,0:0:0:0:
475,192,95410,1,0,0:0:0:0:
109,192,95410,1,0,0:0:0:0:
402,192,95510,1,0,0:0:0:0:
182,192,95510,1,0,0:0:0:0:
475,192,95611,1,0,0:0:0:0:
329,192,95611,128,0,95812:0:0:0:0:
109,192,95611,1,0,0:0:0:0:
36,192,95712,1,0,0:0:0:0:
256,192,95712,128,0,95913:0:0:0:0:
182,192,95812,128,0,96014:0:0:0:0:
402,192,95812,1,0,0:0:0:0:
475,192,95913,1,0,0:0:0:0:
109,192,95913,128,0,96114:0:0:0:0:
256,192,96014,1,0,0:0:0:0:
402,192,96014,128,0,96215:0:0:0:0:
36,192,96014,1,0,0:0:0:0:
182,192,96114,1,0,0:0:0:0:
329,192,96114,128,0,96316:0:0:0:0:
256,192,96215,128,0,96416:0:0:0:0:
109,192,96215,1,0,0:0:0:0:
36,192,96316,1,0,0:0:0:0:
182,192,96316,128,0,96517:0:0:0:0:
475,192,96416,128,0,96618:0:0:0:0:
329,192,96416,1,0,0:0:0:0:
109,192,96416,1,0,0:0:0:0:
402,192,96517,128,0,96718:0:0:0:0:
256,192,96517,1,0,0:0:0:0:
182,192,96618,1,0,0:0:0:0:
329,192,96618,128,0,96819:0:0:0:0:
256,192,96718,128,0,96920:0:0:0:0:
109,192,96718,1,0,0:0:0:0:
475,192,96819,1,0,0:0:0:0:
36,192,96819,128,0,97020:0:0:0:0:
402,192,96819,1,0,0:0:0:0:
182,192,96920,128,0,97121:0:0:0:0:
109,192,96920,1,0,0:0:0:0:
402,192,97020,1,0,0:0:0:0:
329,192,97020,128,0,97222:0:0:0:0:
109,192,97121,1,0,0:0:0:0:
475,192,97121,128,0,97322:0:0:0:0:
36,192,97222,1,0,0:0:0:0:
182,192,97222,128,0,97423:0:0:0:0:
256,192,97322,128,0,97524:0:0:0:0:
402,192,97322,1,0,0:0:0:0:
329,192,97423,128,0,97624:0:0:0:0:
475,192,97423,1,0,0:0:0:0:
36,192,97524,1,0,0:0:0:0:
402,192,97524,128,0,97725:0:0:0:0:
109,192,97624,128,0,97826:0:0:0:0:
256,192,97624,1,0,0:0:0:0:
475,192,97624,1,0,0:0:0:0:
182,192,97725,128,0,97926:0:0:0:0:
329,192,97725,1,0,0:0:0:0:
402,192,97826,1,0,0:0:0:0:
256,192,97826,128,0,98027:0:0:0:0:
329,192,97926,128,0,98128:0:0:0:0:
475,192,97926,1,0,0:0:0:0:
182,192,98027,1,0,0:0:0:0:
36,192,98027,128,0,98229:0:0:0:0:
402,192,98027,1,0,0:0:0:0:
256,192,98128,1,0,0:0:0:0:
109,192,98128,128,0,98329:0:0:0:0:
182,192,98229,128,0,98430:0:0:0:0:
329,192,98229,1,0,0:0:0:0:
402,192,98329,1,0,0:0:0:0:
256,192,98329,128,0,98531:0:0:0:0:
475,192,98430,128,0,98631:0:0:0:0:
36,192,98430,1,0,0:0:0:0:
109,192,98430,1,0,0:0:0:0:
402,192,98531,1,0,0:0:0:0:
329,192,98531,128,0,98732:0:0:0:0:
109,192,98631,1,0,0:0:0:0:
182,192,98631,128,0,98833:0:0:0:0:
36,192,98732,128,0,98933:0:0:0:0:
402,192,98732,1,0,0:0:0:0:
402,192,98833,128,0,99135:0:0:0:0:
475,192,98833,128,0,99135:0:0:0:0:
109,192,98833,128,0,98933:0:0:0:0:
256,192,98833,128,0,98933:0:0:0:0:
329,192,98833,128,0,98933:0:0:0:0:
36,192,99034,128,0,99336:0:0:0:0:
256,192,99034,128,0,99135:0:0:0:0:
182,192,99034,128,0,99135:0:0:0:0:
109,192,99034,128,0,99336:0:0:0:0:
402,192,99235,128,0,99537:0:0:0:0:
475,192,99235,128,0,99537:0:0:0:0:
256,192,99235,128,0,99336:0:0:0:0:
329,192,99235,128,0,99336:0:0:0:0:
36,192,99437,128,0,100343:0:0:0:0:
109,192,99437,128,0,99739:0:0:0:0:
256,192,99437,128,0,99537:0:0:0:0:
182,192,99437,128,0,99537:0:0:0:0:
402,192,99638,128,0,99739:0:0:0:0:
475,192,99638,128,0,100343:0:0:0:0:
182,192,99638,128,0,99739:0:0:0:0:
329,192,99638,128,0,99739:0:0:0:0:
256,192,99739,1,0,0:0:0:0:
109,192,99839,1,0,0:0:0:0:
402,192,99839,1,0,0:0:0:0:
182,192,99940,1,0,0:0:0:0:
329,192,99940,1,0,0:0:0:0:
256,192,100041,1,0,0:0:0:0:
402,192,100141,1,0,0:0:0:0:
109,192,100141,1,0,0:0:0:0:
256,192,100242,1,0,0:0:0:0:
329,192,100343,1,0,0:0:0:0:
182,192,100343,1,0,0:0:0:0:
475,192,100443,1,0,0:0:0:0:
256,192,100443,1,0,0:0:0:0:
36,192,100443,1,0,0:0:0:0:
109,192,100443,1,0,0:0:0:0:
402,192,100443,1,0,0:0:0:0:
256,192,100745,1,0,0:0:0:0:
109,192,100745,1,0,0:0:0:0:
402,192,100745,1,0,0:0:0:0:
475,192,101047,1,0,0:0:0:0:
36,192,101047,1,0,0:0:0:0:
256,192,101047,1,0,0:0:0:0:
256,192,101249,128,0,101551:0:0:0:0:
36,192,101249,128,0,101551:0:0:0:0:
475,192,101249,128,0,101551:0:0:0:0:
402,192,101249,1,0,0:0:0:0:
109,192,101249,1,0,0:0:0:0:
329,192,101349,1,0,0:0:0:0:
182,192,101349,1,0,0:0:0:0:
109,192,101450,1,0,0:0:0:0:
402,192,101450,1,0,0:0:0:0:
182,192,101551,1,0,0:0:0:0:
329,192,101551,1,0,0:0:0:0:
36,192,101651,128,0,101752:0:0:0:0:
475,192,101651,128,0,101752:0:0:0:0:
109,192,101651,1,0,0:0:0:0:
402,192,101651,1,0,0:0:0:0:
256,192,101651,128,0,101752:0:0:0:0:
256,192,101853,128,0,101953:0:0:0:0:
402,192,101853,1,0,0:0:0:0:
475,192,101853,128,0,101953:0:0:0:0:
109,192,101853,1,0,0:0:0:0:
36,192,101853,128,0,101953:0:0:0:0:
475,192,102054,1,0,0:0:0:0:
182,192,102054,1,0,0:0:0:0:
36,192,102054,1,0,0:0:0:0:
256,192,102054,1,0,0:0:0:0:
329,192,102054,1,0,0:0:0:0:
329,192,102356,1,0,0:0:0:0:
182,192,102356,1,0,0:0:0:0:
109,192,102658,1,0,0:0:0:0:
402,192,102658,1,0,0:0:0:0:
256,192,102658,1,0,0:0:0:0:
329,192,102859,128,0,102960:0:0:0:0:
475,192,102859,1,0,0:0:0:0:
109,192,102859,128,0,103262:0:0:0:0:
36,192,102859,128,0,103363:0:0:0:0:
182,192,102859,128,0,103161:0:0:0:0:
256,192,102859,128,0,103061:0:0:0:0:
475,192,102960,128,0,103061:0:0:0:0:
402,192,102960,1,0,0:0:0:0:
402,192,103061,128,0,103161:0:0:0:0:
329,192,103061,1,0,0:0:0:0:
329,192,103161,128,0,103262:0:0:0:0:
256,192,103161,1,0,0:0:0:0:
475,192,103262,128,0,103564:0:0:0:0:
182,192,103262,1,0,0:0:0:0:
256,192,103262,128,0,103363:0:0:0:0:
182,192,103363,128,0,103463:0:0:0:0:
109,192,103363,1,0,0:0:0:0:
329,192,103463,128,0,103665:0:0:0:0:
109,192,103463,128,0,103564:0:0:0:0:
36,192,103463,1,0,0:0:0:0:
36,192,103564,128,0,103665:0:0:0:0:
475,192,103665,128,0,104470:0:0:0:0:
402,192,103665,1,0,0:0:0:0:
256,192,103665,1,0,0:0:0:0:
36,192,103765,1,0,0:0:0:0:
109,192,103765,1,0,0:0:0:0:
256,192,103866,1,0,0:0:0:0:
402,192,103866,1,0,0:0:0:0:
182,192,103967,1,0,0:0:0:0:
109,192,103967,1,0,0:0:0:0:
36,192,104067,1,0,0:0:0:0:
256,192,104067,1,0,0:0:0:0:
329,192,104168,1,0,0:0:0:0:
402,192,104168,1,0,0:0:0:0:
36,192,104269,1,0,0:0:0:0:
182,192,104269,1,0,0:0:0:0:
256,192,104369,1,0,0:0:0:0:
402,192,104369,1,0,0:0:0:0:
182,192,104470,128,0,105275:0:0:0:0:
36,192,104470,1,0,0:0:0:0:
329,192,104470,1,0,0:0:0:0:
109,192,104571,1,0,0:0:0:0:
475,192,104571,1,0,0:0:0:0:
36,192,104671,1,0,0:0:0:0:
329,192,104671,1,0,0:0:0:0:
109,192,104772,1,0,0:0:0:0:
475,192,104772,1,0,0:0:0:0:
36,192,104873,128,0,104973:0:0:0:0:
256,192,104873,1,0,0:0:0:0:
329,192,104873,1,0,0:0:0:0:
402,192,104973,1,0,0:0:0:0:
475,192,104973,1,0,0:0:0:0:
36,192,105074,128,0,105275:0:0:0:0:
256,192,105074,1,0,0:0:0:0:
329,192,105074,1,0,0:0:0:0:
402,192,105175,1,0,0:0:0:0:
475,192,105175,1,0,0:0:0:0:
109,192,105275,128,0,105779:0:0:0:0:
256,192,105275,1,0,0:0:0:0:
329,192,105275,1,0,0:0:0:0:
402,192,105376,1,0,0:0:0:0:
475,192,105376,1,0,0:0:0:0:
182,192,105477,1,0,0:0:0:0:
256,192,105477,1,0,0:0:0:0:
329,192,105577,1,0,0:0:0:0:
475,192,105577,1,0,0:0:0:0:
182,192,105678,128,0,105880:0:0:0:0:
402,192,105678,1,0,0:0:0:0:
36,192,105678,1,0,0:0:0:0:
329,192,105779,1,0,0:0:0:0:
475,192,105779,1,0,0:0:0:0:
36,192,105880,128,0,106886:0:0:0:0:
402,192,105880,1,0,0:0:0:0:
182,192,105980,128,0,106484:0:0:0:0:
256,192,105980,1,0,0:0:0:0:
329,192,105980,1,0,0:0:0:0:
402,192,106081,1,0,0:0:0:0:
475,192,106081,1,0,0:0:0:0:
329,192,106182,1,0,0:0:0:0:
256,192,106182,1,0,0:0:0:0:
402,192,106282,1,0,0:0:0:0:
475,192,106282,1,0,0:0:0:0:
109,192,106383,1,0,0:0:0:0:
256,192,106484,1,0,0:0:0:0:
329,192,106484,128,0,106886:0:0:0:0:
475,192,106484,1,0,0:0:0:0:
109,192,106584,1,0,0:0:0:0:
475,192,106685,128,0,106886:0:0:0:0:
256,192,106685,1,0,0:0:0:0:
402,192,106685,1,0,0:0:0:0:
109,192,106786,1,0,0:0:0:0:
402,192,106886,128,0,107490:0:0:0:0:
182,192,106886,1,0,0:0:0:0:
256,192,106886,1,0,0:0:0:0:
36,192,106987,1,0,0:0:0:0:
109,192,106987,1,0,0:0:0:0:
256,192,107088,1,0,0:0:0:0:
329,192,107088,1,0,0:0:0:0:
109,192,107188,1,0,0:0:0:0:
182,192,107188,1,0,0:0:0:0:
475,192,107289,128,0,107792:0:0:0:0:
36,192,107289,1,0,0:0:0:0:
329,192,107289,1,0,0:0:0:0:
256,192,107390,1,0,0:0:0:0:
109,192,107390,1,0,0:0:0:0:
36,192,107490,1,0,0:0:0:0:
329,192,107490,1,0,0:0:0:0:
182,192,107591,1,0,0:0:0:0:
109,192,107591,1,0,0:0:0:0:
329,192,107692,128,0,108296:0:0:0:0:
36,192,107692,128,0,107893:0:0:0:0:
256,192,107692,1,0,0:0:0:0:
109,192,107792,128,0,107893:0:0:0:0:
475,192,107893,128,0,107994:0:0:0:0:
182,192,107893,128,0,108094:0:0:0:0:
402,192,107893,1,0,0:0:0:0:
109,192,107994,128,0,108094:0:0:0:0:
256,192,108094,1,0,0:0:0:0:
475,192,108094,128,0,108195:0:0:0:0:
36,192,108094,128,0,108296:0:0:0:0:
402,192,108094,1,0,0:0:0:0:
109,192,108195,128,0,108296:0:0:0:0:
402,192,108296,128,0,108497:0:0:0:0:
182,192,108296,128,0,108497:0:0:0:0:
475,192,108296,1,0,0:0:0:0:
109,192,108396,128,0,108497:0:0:0:0:
36,192,108497,128,0,108799:0:0:0:0:
329,192,108497,128,0,108799:0:0:0:0:
475,192,108497,128,0,109000:0:0:0:0:
256,192,108497,1,0,0:0:0:0:
109,192,108598,128,0,108900:0:0:0:0:
182,192,108698,128,0,109000:0:0:0:0:
402,192,108698,128,0,108900:0:0:0:0:
256,192,108799,128,0,109101:0:0:0:0:
329,192,108900,128,0,109202:0:0:0:0:
36,192,108900,128,0,109000:0:0:0:0:
402,192,109000,128,0,109101:0:0:0:0:
475,192,109101,128,0,109403:0:0:0:0:
36,192,109101,128,0,109202:0:0:0:0:
402,192,109202,128,0,109302:0:0:0:0:
256,192,109302,128,0,110007:0:0:0:0:
329,192,109302,128,0,109504:0:0:0:0:
36,192,109302,128,0,109806:0:0:0:0:
109,192,109302,1,0,0:0:0:0:
402,192,109403,128,0,109504:0:0:0:0:
475,192,109504,128,0,109705:0:0:0:0:
109,192,109504,1,0,0:0:0:0:
402,192,109604,128,0,109705:0:0:0:0:
329,192,109705,128,0,109906:0:0:0:0:
182,192,109705,128,0,110007:0:0:0:0:
109,192,109705,128,0,109806:0:0:0:0:
402,192,109806,128,0,109906:0:0:0:0:
109,192,109906,128,0,110007:0:0:0:0:
36,192,109906,128,0,110007:0:0:0:0:
475,192,109906,128,0,110108:0:0:0:0:
402,192,110007,128,0,110108:0:0:0:0:
329,192,110108,128,0,110510:0:0:0:0:
36,192,110108,128,0,110510:0:0:0:0:
109,192,110108,1,0,0:0:0:0:
256,192,110108,1,0,0:0:0:0:
475,192,110208,1,0,0:0:0:0:
402,192,110208,1,0,0:0:0:0:
109,192,110309,1,0,0:0:0:0:
256,192,110309,1,0,0:0:0:0:
402,192,110410,1,0,0:0:0:0:
475,192,110410,1,0,0:0:0:0:
402,192,110510,128,0,110812:0:0:0:0:
182,192,110510,128,0,111316:0:0:0:0:
109,192,110510,1,0,0:0:0:0:
256,192,110510,1,0,0:0:0:0:
329,192,110611,1,0,0:0:0:0:
475,192,110712,128,0,110812:0:0:0:0:
36,192,110712,1,0,0:0:0:0:
109,192,110712,1,0,0:0:0:0:
329,192,110812,128,0,111215:0:0:0:0:
256,192,110812,1,0,0:0:0:0:
475,192,110913,1,0,0:0:0:0:
36,192,110913,128,0,110963:0:0:0:0:
109,192,110913,128,0,110963:0:0:0:0:
256,192,111014,1,0,0:0:0:0:
109,192,111014,128,0,111064:0:0:0:0:
36,192,111014,128,0,111064:0:0:0:0:
36,192,111114,128,0,111718:0:0:0:0:
109,192,111114,128,0,111316:0:0:0:0:
475,192,111114,1,0,0:0:0:0:
256,192,111215,1,0,0:0:0:0:
329,192,111316,128,0,111718:0:0:0:0:
402,192,111316,1,0,0:0:0:0:
475,192,111316,1,0,0:0:0:0:
109,192,111416,1,0,0:0:0:0:
182,192,111416,1,0,0:0:0:0:
402,192,111517,1,0,0:0:0:0:
475,192,111517,1,0,0:0:0:0:
109,192,111618,1,0,0:0:0:0:
182,192,111618,1,0,0:0:0:0:
475,192,111718,128,0,112121:0:0:0:0:
182,192,111718,128,0,112121:0:0:0:0:
256,192,111718,1,0,0:0:0:0:
402,192,111718,1,0,0:0:0:0:
109,192,111819,1,0,0:0:0:0:
36,192,111819,1,0,0:0:0:0:
402,192,111920,1,0,0:0:0:0:
256,192,111920,1,0,0:0:0:0:
109,192,112020,1,0,0:0:0:0:
36,192,112020,1,0,0:0:0:0:
109,192,112121,128,0,112423:0:0:0:0:
329,192,112121,128,0,112926:0:0:0:0:
402,192,112121,1,0,0:0:0:0:
256,192,112121,1,0,0:0:0:0:
182,192,112222,1,0,0:0:0:0:
475,192,112322,1,0,0:0:0:0:
402,192,112322,1,0,0:0:0:0:
36,192,112322,128,0,112423:0:0:0:0:
256,192,112423,1,0,0:0:0:0:
182,192,112423,128,0,112826:0:0:0:0:
36,192,112524,1,0,0:0:0:0:
402,192,112524,128,0,112574:0:0:0:0:
475,192,112524,128,0,112574:0:0:0:0:
256,192,112624,1,0,0:0:0:0:
402,192,112624,128,0,112675:0:0:0:0:
475,192,112624,128,0,112675:0:0:0:0:
475,192,112725,128,0,113329:0:0:0:0:
36,192,112725,1,0,0:0:0:0:
402,192,112725,128,0,112926:0:0:0:0:
256,192,112826,1,0,0:0:0:0:
109,192,112926,1,0,0:0:0:0:
182,192,112926,128,0,113329:0:0:0:0:
36,192,112926,1,0,0:0:0:0:
402,192,113027,1,0,0:0:0:0:
329,192,113027,1,0,0:0:0:0:
109,192,113128,1,0,0:0:0:0:
36,192,113128,1,0,0:0:0:0:
329,192,113229,1,0,0:0:0:0:
402,192,113229,1,0,0:0:0:0:
36,192,113329,128,0,114034:0:0:0:0:
109,192,113329,1,0,0:0:0:0:
256,192,113329,1,0,0:0:0:0:
402,192,113430,1,0,0:0:0:0:
475,192,113430,1,0,0:0:0:0:
329,192,113531,128,0,113833:0:0:0:0:
109,192,113531,1,0,0:0:0:0:
256,192,113531,1,0,0:0:0:0:
402,192,113631,1,0,0:0:0:0:
475,192,113631,1,0,0:0:0:0:
256,192,113732,128,0,113933:0:0:0:0:
109,192,113732,1,0,0:0:0:0:
182,192,113833,128,0,114034:0:0:0:0:
475,192,113833,1,0,0:0:0:0:
402,192,113833,1,0,0:0:0:0:
329,192,113933,1,0,0:0:0:0:
109,192,113933,1,0,0:0:0:0:
475,192,114034,128,0,114537:0:0:0:0:
402,192,114034,1,0,0:0:0:0:
256,192,114135,1,0,0:0:0:0:
109,192,114135,128,0,114185:0:0:0:0:
36,192,114135,128,0,114185:0:0:0:0:
402,192,114235,1,0,0:0:0:0:
109,192,114235,128,0,114286:0:0:0:0:
36,192,114235,128,0,114286:0:0:0:0:
256,192,114336,128,0,114437:0:0:0:0:
36,192,114336,128,0,114537:0:0:0:0:
109,192,114336,128,0,114940:0:0:0:0:
329,192,114437,128,0,114739:0:0:0:0:
402,192,114537,128,0,114638:0:0:0:0:
182,192,114537,1,0,0:0:0:0:
256,192,114537,1,0,0:0:0:0:
475,192,114638,128,0,114739:0:0:0:0:
402,192,114739,128,0,114839:0:0:0:0:
36,192,114739,1,0,0:0:0:0:
182,192,114739,1,0,0:0:0:0:
329,192,114839,128,0,114940:0:0:0:0:
182,192,114940,1,0,0:0:0:0:
256,192,114940,128,0,115041:0:0:0:0:
36,192,114940,128,0,115242:0:0:0:0:
475,192,114940,128,0,115041:0:0:0:0:
182,192,115041,128,0,115242:0:0:0:0:
402,192,115141,1,0,0:0:0:0:
256,192,115141,128,0,115242:0:0:0:0:
329,192,115141,1,0,0:0:0:0:
475,192,115141,128,0,115443:0:0:0:0:
329,192,115242,128,0,115443:0:0:0:0:
36,192,115343,1,0,0:0:0:0:
182,192,115343,1,0,0:0:0:0:
256,192,115343,128,0,115443:0:0:0:0:
109,192,115343,128,0,115645:0:0:0:0:
329,192,115544,1,0,0:0:0:0:
475,192,115544,1,0,0:0:0:0:
256,192,115544,128,0,115645:0:0:0:0:
402,192,115544,128,0,116249:0:0:0:0:
109,192,115745,1,0,0:0:0:0:
182,192,115745,1,0,0:0:0:0:
256,192,115745,128,0,115846:0:0:0:0:
36,192,115745,128,0,116047:0:0:0:0:
182,192,115846,128,0,116047:0:0:0:0:
256,192,115947,128,0,116047:0:0:0:0:
475,192,115947,128,0,116249:0:0:0:0:
329,192,116047,128,0,116249:0:0:0:0:
36,192,116148,1,0,0:0:0:0:
109,192,116148,1,0,0:0:0:0:
256,192,116148,128,0,116249:0:0:0:0:
182,192,116249,128,0,116551:0:0:0:0:
402,192,116349,1,0,0:0:0:0:
475,192,116349,1,0,0:0:0:0:
256,192,116349,128,0,116551:0:0:0:0:
329,192,116450,128,0,116551:0:0:0:0:
402,192,116551,1,0,0:0:0:0:
36,192,116551,128,0,118262:0:0:0:0:
475,192,116551,128,0,118161:0:0:0:0:
109,192,116551,1,0,0:0:0:0:
256,192,116953,1,0,0:0:0:0:
109,192,116953,1,0,0:0:0:0:
402,192,116953,1,0,0:0:0:0:
256,192,117356,1,0,0:0:0:0:
182,192,117356,128,0,117507:0:0:0:0:
329,192,117356,128,0,117507:0:0:0:0:
182,192,117557,128,0,117708:0:0:0:0:
329,192,117557,128,0,117708:0:0:0:0:
256,192,117557,1,0,0:0:0:0:
182,192,117759,128,0,117910:0:0:0:0:
329,192,117759,128,0,117910:0:0:0:0:
256,192,117759,1,0,0:0:0:0:
329,192,117960,128,0,118111:0:0:0:0:
182,192,117960,128,0,118111:0:0:0:0:
256,192,117960,1,0,0:0:0:0:
109,192,118161,128,0,118262:0:0:0:0:
182,192,118161,128,0,118262:0:0:0:0:
256,192,118161,128,0,118564:0:0:0:0:
329,192,118262,128,0,118363:0:0:0:0:
402,192,118262,128,0,118363:0:0:0:0:
475,192,118262,128,0,118363:0:0:0:0:
36,192,118363,128,0,118463:0:0:0:0:
109,192,118363,128,0,118463:0:0:0:0:
182,192,118363,128,0,118463:0:0:0:0:
329,192,118463,128,0,118564:0:0:0:0:
402,192,118463,128,0,118564:0:0:0:0:
475,192,118463,128,0,118765:0:0:0:0:
36,192,118564,128,0,118665:0:0:0:0:
109,192,118564,128,0,118665:0:0:0:0:
182,192,118564,128,0,118665:0:0:0:0:
402,192,118665,128,0,118765:0:0:0:0:
329,192,118665,128,0,118765:0:0:0:0:
256,192,118665,128,0,119067:0:0:0:0:
182,192,118765,128,0,118866:0:0:0:0:
36,192,118765,128,0,118866:0:0:0:0:
109,192,118765,128,0,118866:0:0:0:0:
329,192,118866,128,0,118967:0:0:0:0:
402,192,118866,128,0,118967:0:0:0:0:
475,192,118866,128,0,118967:0:0:0:0:
182,192,118967,128,0,119067:0:0:0:0:
36,192,118967,128,0,119067:0:0:0:0:
109,192,118967,128,0,119067:0:0:0:0:
329,192,119067,128,0,119269:0:0:0:0:
402,192,119067,128,0,119269:0:0:0:0:
475,192,119067,128,0,119269:0:0:0:0:
36,192,119168,128,0,119269:0:0:0:0:
109,192,119168,128,0,119269:0:0:0:0:
182,192,119168,128,0,119269:0:0:0:0:
36,192,119369,128,0,119671:0:0:0:0:
109,192,119369,128,0,119470:0:0:0:0:
182,192,119369,128,0,119671:0:0:0:0:
329,192,119369,128,0,119671:0:0:0:0:
402,192,119369,128,0,119470:0:0:0:0:
475,192,119369,128,0,119671:0:0:0:0:
256,192,119571,1,0,0:0:0:0:
256,192,119671,1,0,0:0:0:0:
475,192,119772,128,0,121081:0:0:0:0:
36,192,119772,1,0,0:0:0:0:
182,192,119772,1,0,0:0:0:0:
329,192,119772,1,0,0:0:0:0:
329,192,119973,128,0,120376:0:0:0:0:
109,192,119973,1,0,0:0:0:0:
109,192,120175,1,0,0:0:0:0:
402,192,120175,1,0,0:0:0:0:
256,192,120175,1,0,0:0:0:0:
109,192,120275,1,0,0:0:0:0:
109,192,120376,128,0,120880:0:0:0:0:
182,192,120376,1,0,0:0:0:0:
256,192,120477,1,0,0:0:0:0:
36,192,120577,1,0,0:0:0:0:
402,192,120577,1,0,0:0:0:0:
329,192,120577,1,0,0:0:0:0:
329,192,120678,1,0,0:0:0:0:
402,192,120678,1,0,0:0:0:0:
329,192,120779,128,0,120880:0:0:0:0:
402,192,120779,128,0,120880:0:0:0:0:
329,192,120980,128,0,121182:0:0:0:0:
36,192,120980,1,0,0:0:0:0:
256,192,120980,1,0,0:0:0:0:
182,192,121081,1,0,0:0:0:0:
475,192,121182,128,0,121685:0:0:0:0:
402,192,121182,1,0,0:0:0:0:
36,192,121182,1,0,0:0:0:0:
182,192,121282,1,0,0:0:0:0:
36,192,121383,128,0,122088:0:0:0:0:
256,192,121383,1,0,0:0:0:0:
109,192,121383,1,0,0:0:0:0:
402,192,121383,1,0,0:0:0:0:
256,192,121584,1,0,0:0:0:0:
182,192,121685,1,0,0:0:0:0:
475,192,121786,128,0,122692:0:0:0:0:
329,192,121786,1,0,0:0:0:0:
402,192,121786,1,0,0:0:0:0:
109,192,121786,1,0,0:0:0:0:
329,192,121886,1,0,0:0:0:0:
402,192,121886,1,0,0:0:0:0:
182,192,121987,128,0,122188:0:0:0:0:
329,192,121987,128,0,122188:0:0:0:0:
402,192,121987,128,0,122188:0:0:0:0:
36,192,122188,128,0,122692:0:0:0:0:
109,192,122188,1,0,0:0:0:0:
256,192,122188,1,0,0:0:0:0:
402,192,122289,1,0,0:0:0:0:
109,192,122390,1,0,0:0:0:0:
256,192,122390,1,0,0:0:0:0:
402,192,122490,1,0,0:0:0:0:
329,192,122591,128,0,122893:0:0:0:0:
182,192,122591,128,0,122893:0:0:0:0:
256,192,122591,1,0,0:0:0:0:
475,192,122792,128,0,122893:0:0:0:0:
36,192,122792,128,0,122893:0:0:0:0:
256,192,122792,128,0,122893:0:0:0:0:
475,192,122994,128,0,123799:0:0:0:0:
329,192,122994,128,0,123698:0:0:0:0:
182,192,122994,128,0,123598:0:0:0:0:
36,192,122994,128,0,123497:0:0:0:0:
256,192,122994,1,0,0:0:0:0:
256,192,123396,1,0,0:0:0:0:
109,192,123598,128,0,123900:0:0:0:0:
256,192,123698,128,0,123799:0:0:0:0:
402,192,123799,128,0,124202:0:0:0:0:
256,192,123900,128,0,124000:0:0:0:0:
109,192,124000,128,0,124202:0:0:0:0:
256,192,124101,128,0,124202:0:0:0:0:
475,192,124202,128,0,124806:0:0:0:0:
36,192,124202,128,0,124403:0:0:0:0:
182,192,124202,128,0,124302:0:0:0:0:
329,192,124202,1,0,0:0:0:0:
329,192,124302,128,0,124504:0:0:0:0:
182,192,124403,128,0,124504:0:0:0:0:
36,192,124504,128,0,124806:0:0:0:0:
329,192,124604,128,0,124806:0:0:0:0:
182,192,124604,128,0,124806:0:0:0:0:
256,192,124604,1,0,0:0:0:0:
109,192,124806,128,0,125309:0:0:0:0:
402,192,124806,128,0,125208:0:0:0:0:
329,192,124906,128,0,125007:0:0:0:0:
182,192,125007,128,0,125108:0:0:0:0:
256,192,125007,1,0,0:0:0:0:
329,192,125108,128,0,125410:0:0:0:0:
475,192,125108,128,0,125208:0:0:0:0:
36,192,125208,128,0,125309:0:0:0:0:
182,192,125208,128,0,125510:0:0:0:0:
475,192,125309,128,0,125410:0:0:0:0:
256,192,125410,128,0,125712:0:0:0:0:
36,192,125410,128,0,125510:0:0:0:0:
329,192,125510,128,0,125712:0:0:0:0:
182,192,125611,128,0,125712:0:0:0:0:
402,192,125812,128,0,125913:0:0:0:0:
475,192,125812,128,0,125913:0:0:0:0:
36,192,125812,128,0,125913:0:0:0:0:
109,192,125812,128,0,125913:0:0:0:0:
256,192,125812,128,0,125913:0:0:0:0:
402,192,126014,128,0,126114:0:0:0:0:
475,192,126014,128,0,126114:0:0:0:0:
36,192,126014,128,0,126114:0:0:0:0:
109,192,126014,128,0,126114:0:0:0:0:
256,192,126014,128,0,126114:0:0:0:0:
109,192,126215,128,0,126316:0:0:0:0:
475,192,126215,128,0,127725:0:0:0:0:
36,192,126215,128,0,127725:0:0:0:0:
182,192,126316,128,0,126416:0:0:0:0:
256,192,126416,128,0,126517:0:0:0:0:
329,192,126517,128,0,126618:0:0:0:0:
402,192,126618,128,0,127322:0:0:0:0:
329,192,126718,128,0,127222:0:0:0:0:
256,192,126819,128,0,127121:0:0:0:0:
182,192,126920,128,0,127020:0:0:0:0:
109,192,127020,128,0,127121:0:0:0:0:
182,192,127121,128,0,127222:0:0:0:0:
256,192,127222,128,0,127322:0:0:0:0:
329,192,127322,128,0,127423:0:0:0:0:
402,192,127423,128,0,127725:0:0:0:0:
109,192,127423,128,0,127725:0:0:0:0:
256,192,127624,128,0,127725:0:0:0:0:
402,192,127826,128,0,128631:0:0:0:0:
256,192,127826,128,0,127926:0:0:0:0:
475,192,127826,128,0,127926:0:0:0:0:
36,192,127826,128,0,127926:0:0:0:0:
109,192,127926,128,0,128027:0:0:0:0:
182,192,128027,128,0,128128:0:0:0:0:
256,192,128128,128,0,128229:0:0:0:0:
36,192,128229,1,0,0:0:0:0:
329,192,128229,128,0,128329:0:0:0:0:
256,192,128329,128,0,128430:0:0:0:0:
182,192,128430,128,0,128531:0:0:0:0:
109,192,128531,128,0,128631:0:0:0:0:
36,192,128631,128,0,128833:0:0:0:0:
256,192,128631,128,0,129336:0:0:0:0:
475,192,128631,1,0,0:0:0:0:
109,192,128732,128,0,128833:0:0:0:0:
329,192,128732,1,0,0:0:0:0:
182,192,128833,128,0,129034:0:0:0:0:
475,192,128833,1,0,0:0:0:0:
109,192,128933,128,0,129034:0:0:0:0:
329,192,128933,1,0,0:0:0:0:
36,192,129034,128,0,129235:0:0:0:0:
402,192,129034,128,0,129135:0:0:0:0:
475,192,129034,128,0,129135:0:0:0:0:
109,192,129135,128,0,129235:0:0:0:0:
182,192,129235,128,0,129437:0:0:0:0:
402,192,129235,128,0,129336:0:0:0:0:
475,192,129235,128,0,129839:0:0:0:0:
109,192,129336,128,0,129437:0:0:0:0:
36,192,129437,128,0,130242:0:0:0:0:
329,192,129437,128,0,129839:0:0:0:0:
256,192,129437,128,0,130242:0:0:0:0:
402,192,129839,1,0,0:0:0:0:
109,192,129839,1,0,0:0:0:0:
329,192,130041,128,0,130242:0:0:0:0:
402,192,130141,128,0,130242:0:0:0:0:
475,192,130242,128,0,131047:0:0:0:0:
182,192,130242,1,0,0:0:0:0:
36,192,130343,1,0,0:0:0:0:
329,192,130443,128,0,131047:0:0:0:0:
182,192,130443,1,0,0:0:0:0:
36,192,130544,1,0,0:0:0:0:
256,192,130645,1,0,0:0:0:0:
109,192,130645,128,0,130846:0:0:0:0:
402,192,130846,128,0,131047:0:0:0:0:
256,192,130846,1,0,0:0:0:0:
182,192,131047,128,0,131148:0:0:0:0:
36,192,131047,128,0,131148:0:0:0:0:
109,192,131047,128,0,131148:0:0:0:0:
256,192,131047,128,0,131349:0:0:0:0:
329,192,131148,128,0,131249:0:0:0:0:
402,192,131148,128,0,131249:0:0:0:0:
475,192,131148,128,0,131450:0:0:0:0:
36,192,131249,128,0,131551:0:0:0:0:
109,192,131249,128,0,131349:0:0:0:0:
182,192,131249,128,0,131349:0:0:0:0:
329,192,131349,128,0,131450:0:0:0:0:
402,192,131349,128,0,131450:0:0:0:0:
109,192,131450,128,0,131551:0:0:0:0:
182,192,131450,128,0,131551:0:0:0:0:
256,192,131450,128,0,131752:0:0:0:0:
329,192,131551,128,0,131651:0:0:0:0:
402,192,131551,128,0,131651:0:0:0:0:
475,192,131551,128,0,131651:0:0:0:0:
36,192,131651,128,0,131752:0:0:0:0:
109,192,131651,128,0,131752:0:0:0:0:
182,192,131651,128,0,131752:0:0:0:0:
329,192,131752,1,0,0:0:0:0:
402,192,131752,1,0,0:0:0:0:
475,192,131752,1,0,0:0:0:0:
36,192,131853,128,0,132658:0:0:0:0:
475,192,131853,128,0,132658:0:0:0:0:
402,192,131853,128,0,132054:0:0:0:0:
109,192,131853,128,0,132054:0:0:0:0:
182,192,131853,1,0,0:0:0:0:
329,192,131853,1,0,0:0:0:0:
256,192,131953,128,0,132054:0:0:0:0:
182,192,132054,128,0,132155:0:0:0:0:
329,192,132054,128,0,132155:0:0:0:0:
256,192,132155,128,0,132255:0:0:0:0:
109,192,132255,128,0,132356:0:0:0:0:
402,192,132255,128,0,132356:0:0:0:0:
182,192,132356,128,0,132457:0:0:0:0:
329,192,132356,128,0,132457:0:0:0:0:
109,192,132457,128,0,133363:0:0:0:0:
402,192,132457,128,0,133564:0:0:0:0:
256,192,132557,128,0,133765:0:0:0:0:
182,192,132658,128,0,132960:0:0:0:0:
329,192,132658,128,0,132960:0:0:0:0:
182,192,133061,128,0,133363:0:0:0:0:
329,192,133061,128,0,133564:0:0:0:0:
109,192,133463,128,0,134168:0:0:0:0:
182,192,133463,128,0,133765:0:0:0:0:
402,192,133665,128,0,134168:0:0:0:0:
329,192,133665,128,0,133967:0:0:0:0:
256,192,133866,128,0,133967:0:0:0:0:
182,192,133866,128,0,134168:0:0:0:0:
256,192,134067,128,0,134168:0:0:0:0:
329,192,134067,128,0,134168:0:0:0:0:
36,192,134269,128,0,134571:0:0:0:0:
475,192,134269,128,0,134571:0:0:0:0:
256,192,134269,1,0,0:0:0:0:
109,192,134369,128,0,134470:0:0:0:0:
402,192,134369,128,0,134470:0:0:0:0:
182,192,134470,128,0,134671:0:0:0:0:
329,192,134470,128,0,134671:0:0:0:0:
109,192,134571,128,0,134772:0:0:0:0:
402,192,134571,128,0,134772:0:0:0:0:
36,192,134671,128,0,134873:0:0:0:0:
475,192,134671,128,0,134873:0:0:0:0:
182,192,134772,128,0,134973:0:0:0:0:
329,192,134772,128,0,134973:0:0:0:0:
109,192,134873,128,0,135275:0:0:0:0:
402,192,134873,128,0,135275:0:0:0:0:
36,192,134973,128,0,135376:0:0:0:0:
475,192,134973,128,0,135376:0:0:0:0:
182,192,135074,128,0,135175:0:0:0:0:
329,192,135074,128,0,135175:0:0:0:0:
256,192,135175,128,0,135376:0:0:0:0:
329,192,135275,128,0,135477:0:0:0:0:
182,192,135275,128,0,135477:0:0:0:0:
402,192,135376,128,0,135577:0:0:0:0:
109,192,135376,128,0,135577:0:0:0:0:
256,192,135477,1,0,0:0:0:0:
475,192,135477,128,0,135880:0:0:0:0:
36,192,135477,128,0,135880:0:0:0:0:
329,192,135678,1,0,0:0:0:0:
402,192,135678,1,0,0:0:0:0:
182,192,135779,1,0,0:0:0:0:
109,192,135779,1,0,0:0:0:0:
256,192,135880,1,0,0:0:0:0:
329,192,135880,128,0,139101:0:0:0:0:
402,192,135980,1,0,0:0:0:0:
36,192,136081,1,0,0:0:0:0:
182,192,136182,1,0,0:0:0:0:
256,192,136282,1,0,0:0:0:0:
109,192,136383,1,0,0:0:0:0:
402,192,136484,1,0,0:0:0:0:
475,192,136484,1,0,0:0:0:0:
36,192,137088,1,0,0:0:0:0:
256,192,137088,1,0,0:0:0:0:
475,192,137289,1,0,0:0:0:0:
256,192,137289,1,0,0:0:0:0:
402,192,137490,1,0,0:0:0:0:
256,192,137591,1,0,0:0:0:0:
109,192,137692,1,0,0:0:0:0:
182,192,137792,1,0,0:0:0:0:
109,192,137893,1,0,0:0:0:0:
256,192,137994,1,0,0:0:0:0:
36,192,138094,1,0,0:0:0:0:
182,192,138094,1,0,0:0:0:0:
36,192,138698,1,0,0:0:0:0:
256,192,138698,1,0,0:0:0:0:
475,192,138900,1,0,0:0:0:0:
256,192,138900,1,0,0:0:0:0:
256,192,139101,1,0,0:0:0:0:
109,192,139101,128,0,140712:0:0:0:0:
475,192,139202,1,0,0:0:0:0:
329,192,139302,1,0,0:0:0:0:
182,192,139403,1,0,0:0:0:0:
329,192,139504,1,0,0:0:0:0:
36,192,139604,1,0,0:0:0:0:
256,192,139705,1,0,0:0:0:0:
402,192,139705,1,0,0:0:0:0:
36,192,140309,1,0,0:0:0:0:
256,192,140309,1,0,0:0:0:0:
475,192,140510,1,0,0:0:0:0:
256,192,140510,1,0,0:0:0:0:
256,192,140712,1,0,0:0:0:0:
402,192,140712,128,0,142322:0:0:0:0:
36,192,140812,1,0,0:0:0:0:
182,192,140913,1,0,0:0:0:0:
329,192,141014,1,0,0:0:0:0:
182,192,141114,1,0,0:0:0:0:
475,192,141215,1,0,0:0:0:0:
109,192,141316,1,0,0:0:0:0:
256,192,141316,1,0,0:0:0:0:
36,192,141920,1,0,0:0:0:0:
256,192,141920,1,0,0:0:0:0:
475,192,142121,1,0,0:0:0:0:
256,192,142121,1,0,0:0:0:0:
256,192,142322,1,0,0:0:0:0:
329,192,142322,128,0,142926:0:0:0:0:
36,192,142322,128,0,143833:0:0:0:0:
182,192,142624,128,0,142926:0:0:0:0:
256,192,142926,128,0,143531:0:0:0:0:
475,192,143531,128,0,143833:0:0:0:0:
329,192,143531,128,0,143833:0:0:0:0:
109,192,143531,1,0,0:0:0:0:
109,192,143933,128,0,144135:0:0:0:0:
256,192,143933,1,0,0:0:0:0:
402,192,143933,128,0,144135:0:0:0:0:
402,192,144235,128,0,144437:0:0:0:0:
256,192,144235,1,0,0:0:0:0:
109,192,144235,128,0,144437:0:0:0:0:
36,192,144437,1,0,0:0:0:0:
256,192,144437,1,0,0:0:0:0:
475,192,144437,1,0,0:0:0:0:
109,192,144537,1,0,0:0:0:0:
329,192,144537,1,0,0:0:0:0:
402,192,144638,1,0,0:0:0:0:
182,192,144638,1,0,0:0:0:0:
475,192,144739,1,0,0:0:0:0:
36,192,144739,1,0,0:0:0:0:
256,192,144739,1,0,0:0:0:0:
329,192,144839,1,0,0:0:0:0:
182,192,144940,1,0,0:0:0:0:
36,192,145041,1,0,0:0:0:0:
402,192,145141,1,0,0:0:0:0:
256,192,145141,1,0,0:0:0:0:
109,192,145141,1,0,0:0:0:0:
36,192,147155,1,0,0:0:0:0:
256,192,147155,1,0,0:0:0:0:
109,192,147557,1,0,0:0:0:0:
329,192,147557,1,0,0:0:0:0:
182,192,147960,1,0,0:0:0:0:
475,192,147960,1,0,0:0:0:0:
109,192,148363,1,0,0:0:0:0:
329,192,148363,1,0,0:0:0:0:
36,192,148765,1,0,0:0:0:0:
256,192,148765,1,0,0:0:0:0:
109,192,149168,1,0,0:0:0:0:
329,192,149168,1,0,0:0:0:0:
182,192,149571,1,0,0:0:0:0:
475,192,149571,1,0,0:0:0:0:
182,192,149973,1,0,0:0:0:0:
402,192,149973,1,0,0:0:0:0:
36,192,150376,1,0,0:0:0:0:
256,192,150376,1,0,0:0:0:0:
109,192,150779,1,0,0:0:0:0:
256,192,150779,1,0,0:0:0:0:
182,192,151182,1,0,0:0:0:0:
475,192,151182,1,0,0:0:0:0:
109,192,151584,1,0,0:0:0:0:
402,192,151584,1,0,0:0:0:0:
402,192,151987,128,0,152792:0:0:0:0:
36,192,151987,128,0,152188:0:0:0:0:
475,192,151987,1,0,0:0:0:0:
109,192,152088,128,0,152289:0:0:0:0:
182,192,152188,128,0,152390:0:0:0:0:
256,192,152289,128,0,152490:0:0:0:0:
109,192,152390,128,0,152490:0:0:0:0:
182,192,152490,128,0,152591:0:0:0:0:
256,192,152591,128,0,152692:0:0:0:0:
329,192,152692,128,0,152792:0:0:0:0:
475,192,152792,128,0,152994:0:0:0:0:
109,192,152792,128,0,153598:0:0:0:0:
36,192,152792,1,0,0:0:0:0:
402,192,152893,128,0,153094:0:0:0:0:
329,192,152994,128,0,153195:0:0:0:0:
256,192,153094,128,0,153296:0:0:0:0:
402,192,153195,128,0,153296:0:0:0:0:
329,192,153296,128,0,153396:0:0:0:0:
256,192,153396,128,0,153497:0:0:0:0:
182,192,153497,128,0,153598:0:0:0:0:
256,192,153598,128,0,154000:0:0:0:0:
182,192,154000,1,0,0:0:0:0:
329,192,154000,1,0,0:0:0:0:
109,192,154000,1,0,0:0:0:0:
402,192,154000,1,0,0:0:0:0:
36,192,154000,1,0,0:0:0:0:
475,192,154000,1,0,0:0:0:0:
402,192,154302,1,0,0:0:0:0:
109,192,154302,1,0,0:0:0:0:
256,192,154403,128,0,154806:0:0:0:0:
402,192,154403,1,0,0:0:0:0:
109,192,154403,1,0,0:0:0:0:
109,192,154504,1,0,0:0:0:0:
402,192,154504,1,0,0:0:0:0:
182,192,154806,1,0,0:0:0:0:
475,192,154806,1,0,0:0:0:0:
402,192,154806,1,0,0:0:0:0:
109,192,154806,1,0,0:0:0:0:
36,192,154806,1,0,0:0:0:0:
329,192,154806,1,0,0:0:0:0:
109,192,155208,128,0,155611:0:0:0:0:
256,192,155208,1,0,0:0:0:0:
402,192,155208,128,0,155611:0:0:0:0:
36,192,155611,1,0,0:0:0:0:
182,192,155611,1,0,0:0:0:0:
256,192,155611,1,0,0:0:0:0:
329,192,155611,1,0,0:0:0:0:
475,192,155611,1,0,0:0:0:0:
256,192,155913,1,0,0:0:0:0:
402,192,156014,128,0,156416:0:0:0:0:
109,192,156014,128,0,156416:0:0:0:0:
256,192,156014,1,0,0:0:0:0:
256,192,156114,1,0,0:0:0:0:
36,192,156416,1,0,0:0:0:0:
475,192,156416,1,0,0:0:0:0:
182,192,156416,1,0,0:0:0:0:
329,192,156416,1,0,0:0:0:0:
256,192,156416,1,0,0:0:0:0:
256,192,156618,1,0,0:0:0:0:
329,192,156819,128,0,156920:0:0:0:0:
109,192,156819,128,0,157121:0:0:0:0:
475,192,156819,128,0,157322:0:0:0:0:
402,192,156819,128,0,157121:0:0:0:0:
182,192,156819,128,0,156920:0:0:0:0:
36,192,156819,128,0,157423:0:0:0:0:
256,192,157020,128,0,157322:0:0:0:0:
329,192,157222,128,0,157322:0:0:0:0:
109,192,157222,128,0,157423:0:0:0:0:
402,192,157222,128,0,157322:0:0:0:0:
182,192,157222,128,0,157423:0:0:0:0:
475,192,157423,128,0,157725:0:0:0:0:
256,192,157423,1,0,0:0:0:0:
402,192,157423,128,0,157725:0:0:0:0:
329,192,157423,128,0,157725:0:0:0:0:
109,192,157524,128,0,157624:0:0:0:0:
36,192,157524,128,0,157624:0:0:0:0:
182,192,157524,128,0,157624:0:0:0:0:
256,192,157524,128,0,157624:0:0:0:0:
36,192,157725,128,0,157826:0:0:0:0:
109,192,157725,128,0,157826:0:0:0:0:
182,192,157725,128,0,157826:0:0:0:0:
256,192,157725,128,0,157926:0:0:0:0:
475,192,157826,128,0,157926:0:0:0:0:
402,192,157826,128,0,157926:0:0:0:0:
329,192,157826,128,0,157926:0:0:0:0:
36,192,157926,128,0,158128:0:0:0:0:
109,192,157926,128,0,158128:0:0:0:0:
182,192,157926,128,0,158128:0:0:0:0:
475,192,158027,128,0,158329:0:0:0:0:
402,192,158027,128,0,158329:0:0:0:0:
329,192,158027,128,0,158329:0:0:0:0:
256,192,158027,128,0,158128:0:0:0:0:
109,192,158229,128,0,158329:0:0:0:0:
36,192,158229,128,0,158329:0:0:0:0:
182,192,158229,128,0,158531:0:0:0:0:
256,192,158229,128,0,158329:0:0:0:0:
475,192,158430,128,0,158531:0:0:0:0:
402,192,158430,128,0,158531:0:0:0:0:
36,192,158430,128,0,158531:0:0:0:0:
109,192,158430,128,0,158531:0:0:0:0:
329,192,158430,128,0,158732:0:0:0:0:
256,192,158430,128,0,158531:0:0:0:0:
109,192,158631,128,0,158933:0:0:0:0:
475,192,158631,128,0,158933:0:0:0:0:
402,192,158631,128,0,158833:0:0:0:0:
182,192,158631,128,0,159235:0:0:0:0:
256,192,158631,1,0,0:0:0:0:
36,192,158631,128,0,158933:0:0:0:0:
256,192,158732,128,0,158833:0:0:0:0:
329,192,158833,128,0,159135:0:0:0:0:
402,192,158933,128,0,159034:0:0:0:0:
109,192,159034,128,0,159336:0:0:0:0:
36,192,159034,128,0,159839:0:0:0:0:
475,192,159034,128,0,159537:0:0:0:0:
256,192,159034,1,0,0:0:0:0:
402,192,159135,128,0,159537:0:0:0:0:
329,192,159235,128,0,159537:0:0:0:0:
182,192,159336,128,0,159437:0:0:0:0:
109,192,159437,128,0,159739:0:0:0:0:
182,192,159537,128,0,159638:0:0:0:0:
402,192,159638,128,0,159739:0:0:0:0:
329,192,159638,128,0,160041:0:0:0:0:
475,192,159638,128,0,160041:0:0:0:0:
256,192,159638,128,0,159739:0:0:0:0:
182,192,159739,128,0,159839:0:0:0:0:
402,192,159839,128,0,159940:0:0:0:0:
109,192,159839,128,0,159940:0:0:0:0:
36,192,159940,128,0,160041:0:0:0:0:
182,192,160041,1,0,0:0:0:0:
402,192,160041,128,0,160846:0:0:0:0:
256,192,160141,1,0,0:0:0:0:
36,192,160141,1,0,0:0:0:0:
109,192,160242,1,0,0:0:0:0:
329,192,160242,1,0,0:0:0:0:
182,192,160343,1,0,0:0:0:0:
256,192,160343,1,0,0:0:0:0:
36,192,160443,1,0,0:0:0:0:
329,192,160443,1,0,0:0:0:0:
475,192,160443,1,0,0:0:0:0:
109,192,160544,1,0,0:0:0:0:
182,192,160645,1,0,0:0:0:0:
475,192,160645,1,0,0:0:0:0:
256,192,160745,1,0,0:0:0:0:
109,192,160846,128,0,161651:0:0:0:0:
36,192,160846,1,0,0:0:0:0:
329,192,160846,1,0,0:0:0:0:
182,192,160846,1,0,0:0:0:0:
402,192,160947,1,0,0:0:0:0:
475,192,160947,1,0,0:0:0:0:
182,192,161047,1,0,0:0:0:0:
256,192,161047,1,0,0:0:0:0:
329,192,161148,1,0,0:0:0:0:
402,192,161148,1,0,0:0:0:0:
36,192,161249,1,0,0:0:0:0:
256,192,161249,1,0,0:0:0:0:
475,192,161249,1,0,0:0:0:0:
329,192,161349,1,0,0:0:0:0:
402,192,161349,1,0,0:0:0:0:
182,192,161450,1,0,0:0:0:0:
256,192,161450,1,0,0:0:0:0:
402,192,161551,1,0,0:0:0:0:
475,192,161551,1,0,0:0:0:0:
329,192,161651,128,0,162457:0:0:0:0:
36,192,161651,1,0,0:0:0:0:
256,192,161651,1,0,0:0:0:0:
475,192,161651,1,0,0:0:0:0:
109,192,161752,1,0,0:0:0:0:
182,192,161853,1,0,0:0:0:0:
475,192,161853,1,0,0:0:0:0:
109,192,161953,1,0,0:0:0:0:
402,192,161953,1,0,0:0:0:0:
36,192,162054,1,0,0:0:0:0:
256,192,162054,1,0,0:0:0:0:
475,192,162054,1,0,0:0:0:0:
109,192,162155,1,0,0:0:0:0:
182,192,162255,1,0,0:0:0:0:
475,192,162255,1,0,0:0:0:0:
109,192,162356,1,0,0:0:0:0:
402,192,162356,1,0,0:0:0:0:
182,192,162457,128,0,163262:0:0:0:0:
36,192,162457,1,0,0:0:0:0:
475,192,162457,1,0,0:0:0:0:
256,192,162457,1,0,0:0:0:0:
329,192,162557,1,0,0:0:0:0:
402,192,162557,1,0,0:0:0:0:
109,192,162658,1,0,0:0:0:0:
256,192,162658,1,0,0:0:0:0:
402,192,162759,1,0,0:0:0:0:
475,192,162759,1,0,0:0:0:0:
36,192,162859,1,0,0:0:0:0:
256,192,162859,1,0,0:0:0:0:
329,192,162859,1,0,0:0:0:0:
402,192,162960,1,0,0:0:0:0:
475,192,162960,1,0,0:0:0:0:
109,192,163061,1,0,0:0:0:0:
256,192,163061,1,0,0:0:0:0:
329,192,163161,1,0,0:0:0:0:
475,192,163161,1,0,0:0:0:0:
475,192,163262,128,0,164873:0:0:0:0:
36,192,163262,1,0,0:0:0:0:
256,192,163262,1,0,0:0:0:0:
402,192,163262,1,0,0:0:0:0:
109,192,163363,1,0,0:0:0:0:
329,192,163363,1,0,0:0:0:0:
182,192,163463,1,0,0:0:0:0:
402,192,163463,1,0,0:0:0:0:
256,192,163564,1,0,0:0:0:0:
109,192,163564,1,0,0:0:0:0:
36,192,163665,1,0,0:0:0:0:
329,192,163665,1,0,0:0:0:0:
402,192,163765,1,0,0:0:0:0:
109,192,163765,1,0,0:0:0:0:
182,192,163866,1,0,0:0:0:0:
256,192,163866,1,0,0:0:0:0:
109,192,163967,1,0,0:0:0:0:
402,192,163967,1,0,0:0:0:0:
329,192,164067,128,0,164470:0:0:0:0:
36,192,164067,1,0,0:0:0:0:
256,192,164067,1,0,0:0:0:0:
182,192,164168,1,0,0:0:0:0:
109,192,164269,1,0,0:0:0:0:
402,192,164269,1,0,0:0:0:0:
182,192,164369,1,0,0:0:0:0:
109,192,164470,128,0,164873:0:0:0:0:
36,192,164470,1,0,0:0:0:0:
256,192,164470,1,0,0:0:0:0:
329,192,164571,1,0,0:0:0:0:
402,192,164671,1,0,0:0:0:0:
182,192,164671,1,0,0:0:0:0:
329,192,164772,1,0,0:0:0:0:
256,192,164873,128,0,165880:0:0:0:0:
36,192,164873,128,0,165175:0:0:0:0:
402,192,164873,1,0,0:0:0:0:
109,192,164973,128,0,165074:0:0:0:0:
329,192,165074,1,0,0:0:0:0:
182,192,165074,128,0,165376:0:0:0:0:
402,192,165074,1,0,0:0:0:0:
475,192,165175,1,0,0:0:0:0:
109,192,165175,128,0,165275:0:0:0:0:
329,192,165275,1,0,0:0:0:0:
36,192,165275,128,0,165577:0:0:0:0:
402,192,165275,1,0,0:0:0:0:
475,192,165376,1,0,0:0:0:0:
109,192,165376,128,0,165477:0:0:0:0:
182,192,165477,128,0,165779:0:0:0:0:
402,192,165477,128,0,166081:0:0:0:0:
109,192,165577,128,0,165678:0:0:0:0:
36,192,165678,128,0,165980:0:0:0:0:
329,192,165678,1,0,0:0:0:0:
109,192,165779,128,0,165980:0:0:0:0:
182,192,165880,128,0,166182:0:0:0:0:
475,192,165880,1,0,0:0:0:0:
256,192,165980,128,0,166081:0:0:0:0:
475,192,166081,128,0,166182:0:0:0:0:
36,192,166081,128,0,166484:0:0:0:0:
329,192,166081,128,0,166383:0:0:0:0:
109,192,166081,1,0,0:0:0:0:
256,192,166182,128,0,166282:0:0:0:0:
475,192,166282,128,0,166383:0:0:0:0:
182,192,166282,128,0,166484:0:0:0:0:
256,192,166383,128,0,166484:0:0:0:0:
109,192,166484,128,0,167289:0:0:0:0:
329,192,166484,1,0,0:0:0:0:
475,192,166484,128,0,166786:0:0:0:0:
402,192,166584,128,0,166786:0:0:0:0:
182,192,166584,1,0,0:0:0:0:
36,192,166685,1,0,0:0:0:0:
329,192,166685,128,0,166786:0:0:0:0:
256,192,166786,128,0,166886:0:0:0:0:
182,192,166786,1,0,0:0:0:0:
329,192,166886,128,0,167188:0:0:0:0:
402,192,166886,1,0,0:0:0:0:
475,192,166886,1,0,0:0:0:0:
36,192,166886,1,0,0:0:0:0:
256,192,166987,128,0,167188:0:0:0:0:
182,192,167088,128,0,167188:0:0:0:0:
402,192,167088,1,0,0:0:0:0:
36,192,167188,128,0,167289:0:0:0:0:
402,192,167289,128,0,168094:0:0:0:0:
182,192,167289,128,0,167591:0:0:0:0:
329,192,167289,1,0,0:0:0:0:
256,192,167390,128,0,167490:0:0:0:0:
475,192,167390,1,0,0:0:0:0:
329,192,167490,128,0,167792:0:0:0:0:
36,192,167490,1,0,0:0:0:0:
256,192,167591,128,0,167692:0:0:0:0:
109,192,167591,1,0,0:0:0:0:
182,192,167692,128,0,167994:0:0:0:0:
36,192,167692,1,0,0:0:0:0:
475,192,167692,1,0,0:0:0:0:
256,192,167792,128,0,167893:0:0:0:0:
329,192,167893,128,0,168094:0:0:0:0:
36,192,167893,1,0,0:0:0:0:
256,192,167994,128,0,168094:0:0:0:0:
182,192,168094,128,0,168900:0:0:0:0:
475,192,168094,128,0,168396:0:0:0:0:
36,192,168094,1,0,0:0:0:0:
402,192,168195,128,0,168296:0:0:0:0:
109,192,168195,1,0,0:0:0:0:
329,192,168296,128,0,168598:0:0:0:0:
256,192,168296,1,0,0:0:0:0:
402,192,168396,128,0,168497:0:0:0:0:
109,192,168396,1,0,0:0:0:0:
475,192,168497,128,0,168799:0:0:0:0:
256,192,168497,1,0,0:0:0:0:
36,192,168497,1,0,0:0:0:0:
402,192,168598,128,0,168698:0:0:0:0:
329,192,168698,128,0,168900:0:0:0:0:
109,192,168698,1,0,0:0:0:0:
402,192,168799,128,0,168900:0:0:0:0:
475,192,168900,128,0,169705:0:0:0:0:
256,192,168900,128,0,169000:0:0:0:0:
36,192,168900,128,0,169705:0:0:0:0:
109,192,169000,128,0,169101:0:0:0:0:
402,192,169000,128,0,169101:0:0:0:0:
256,192,169101,128,0,169202:0:0:0:0:
109,192,169202,128,0,169302:0:0:0:0:
402,192,169202,128,0,169302:0:0:0:0:
256,192,169302,128,0,169705:0:0:0:0:
182,192,169302,1,0,0:0:0:0:
329,192,169302,1,0,0:0:0:0:
182,192,169504,1,0,0:0:0:0:
329,192,169504,1,0,0:0:0:0:
182,192,169705,128,0,170007:0:0:0:0:
329,192,169705,128,0,170007:0:0:0:0:
36,192,169906,128,0,170410:0:0:0:0:
475,192,169906,128,0,170410:0:0:0:0:
256,192,169906,128,0,170007:0:0:0:0:
109,192,170007,128,0,170309:0:0:0:0:
402,192,170007,128,0,170309:0:0:0:0:
182,192,170108,128,0,170208:0:0:0:0:
329,192,170108,128,0,170208:0:0:0:0:
256,192,170208,128,0,170309:0:0:0:0:
182,192,170309,128,0,170410:0:0:0:0:
329,192,170309,128,0,170410:0:0:0:0:
109,192,170410,128,0,170510:0:0:0:0:
402,192,170410,128,0,170510:0:0:0:0:
36,192,170510,128,0,170812:0:0:0:0:
475,192,170510,128,0,170611:0:0:0:0:
256,192,170510,128,0,170712:0:0:0:0:
109,192,170611,128,0,170812:0:0:0:0:
329,192,170611,128,0,170913:0:0:0:0:
182,192,170712,128,0,170812:0:0:0:0:
402,192,170712,128,0,170812:0:0:0:0:
256,192,170812,128,0,171014:0:0:0:0:
475,192,170812,128,0,171014:0:0:0:0:
36,192,170913,128,0,171215:0:0:0:0:
109,192,170913,128,0,171215:0:0:0:0:
402,192,170913,128,0,171114:0:0:0:0:
329,192,171014,128,0,171215:0:0:0:0:
256,192,171114,128,0,171316:0:0:0:0:
182,192,171215,128,0,171416:0:0:0:0:
475,192,171316,128,0,171416:0:0:0:0:
36,192,171316,128,0,171618:0:0:0:0:
109,192,171316,128,0,171618:0:0:0:0:
402,192,171316,128,0,171416:0:0:0:0:
329,192,171316,1,0,0:0:0:0:
256,192,171416,1,0,0:0:0:0:
475,192,171517,128,0,171819:0:0:0:0:
402,192,171517,128,0,171819:0:0:0:0:
182,192,171517,1,0,0:0:0:0:
256,192,171618,1,0,0:0:0:0:
109,192,171718,128,0,172020:0:0:0:0:
36,192,171718,128,0,172020:0:0:0:0:
329,192,171718,1,0,0:0:0:0:
256,192,171819,1,0,0:0:0:0:
475,192,171920,128,0,172020:0:0:0:0:
402,192,171920,128,0,172020:0:0:0:0:
182,192,171920,1,0,0:0:0:0:
256,192,172020,1,0,0:0:0:0:
109,192,172121,1,0,0:0:0:0:
402,192,172121,1,0,0:0:0:0:
329,192,172121,1,0,0:0:0:0:
182,192,172121,1,0,0:0:0:0:
36,192,172121,1,0,0:0:0:0:
475,192,172121,1,0,0:0:0:0:
109,192,172222,1,0,0:0:0:0:
402,192,172222,1,0,0:0:0:0:
182,192,172322,1,0,0:0:0:0:
329,192,172322,1,0,0:0:0:0:
256,192,172423,1,0,0:0:0:0:
36,192,172524,128,0,172624:0:0:0:0:
182,192,172524,128,0,172624:0:0:0:0:
475,192,172524,128,0,172624:0:0:0:0:
329,192,172524,128,0,172624:0:0:0:0:
109,192,172524,128,0,172624:0:0:0:0:
402,192,172524,128,0,172624:0:0:0:0:
36,192,172725,128,0,172826:0:0:0:0:
182,192,172725,128,0,172826:0:0:0:0:
329,192,172725,128,0,172826:0:0:0:0:
475,192,172725,128,0,172826:0:0:0:0:
256,192,172725,128,0,172826:0:0:0:0:
475,192,172926,1,0,0:0:0:0:
402,192,172926,128,0,173229:0:0:0:0:
182,192,172926,1,0,0:0:0:0:
36,192,172926,1,0,0:0:0:0:
109,192,172926,1,0,0:0:0:0:
329,192,172926,1,0,0:0:0:0:
256,192,173027,1,0,0:0:0:0:
36,192,173128,1,0,0:0:0:0:
182,192,173128,1,0,0:0:0:0:
329,192,173128,128,0,173329:0:0:0:0:
256,192,173229,1,0,0:0:0:0:
36,192,173329,1,0,0:0:0:0:
402,192,173329,1,0,0:0:0:0:
475,192,173329,128,0,173531:0:0:0:0:
109,192,173329,128,0,173631:0:0:0:0:
256,192,173430,1,0,0:0:0:0:
182,192,173430,1,0,0:0:0:0:
329,192,173531,128,0,173631:0:0:0:0:
36,192,173531,1,0,0:0:0:0:
256,192,173631,1,0,0:0:0:0:
402,192,173631,128,0,173933:0:0:0:0:
475,192,173631,1,0,0:0:0:0:
109,192,173732,1,0,0:0:0:0:
36,192,173732,1,0,0:0:0:0:
256,192,173833,1,0,0:0:0:0:
475,192,173833,128,0,174034:0:0:0:0:
329,192,173933,128,0,174235:0:0:0:0:
182,192,173933,1,0,0:0:0:0:
36,192,173933,1,0,0:0:0:0:
256,192,174034,1,0,0:0:0:0:
475,192,174135,128,0,174537:0:0:0:0:
109,192,174135,128,0,174437:0:0:0:0:
36,192,174135,1,0,0:0:0:0:
256,192,174235,1,0,0:0:0:0:
182,192,174235,1,0,0:0:0:0:
36,192,174336,1,0,0:0:0:0:
329,192,174336,1,0,0:0:0:0:
402,192,174336,128,0,174537:0:0:0:0:
182,192,174437,1,0,0:0:0:0:
256,192,174437,1,0,0:0:0:0:
36,192,174537,1,0,0:0:0:0:
329,192,174537,1,0,0:0:0:0:
109,192,174537,128,0,174839:0:0:0:0:
256,192,174638,1,0,0:0:0:0:
182,192,174739,128,0,174940:0:0:0:0:
475,192,174739,1,0,0:0:0:0:
329,192,174739,1,0,0:0:0:0:
256,192,174839,1,0,0:0:0:0:
475,192,174940,1,0,0:0:0:0:
109,192,174940,1,0,0:0:0:0:
36,192,174940,128,0,175141:0:0:0:0:
402,192,174940,128,0,175242:0:0:0:0:
256,192,175041,1,0,0:0:0:0:
329,192,175041,1,0,0:0:0:0:
182,192,175141,128,0,175242:0:0:0:0:
475,192,175141,1,0,0:0:0:0:
256,192,175242,1,0,0:0:0:0:
36,192,175242,1,0,0:0:0:0:
109,192,175242,128,0,175544:0:0:0:0:
475,192,175343,1,0,0:0:0:0:
402,192,175343,1,0,0:0:0:0:
256,192,175443,1,0,0:0:0:0:
36,192,175443,128,0,175645:0:0:0:0:
329,192,175544,1,0,0:0:0:0:
182,192,175544,128,0,175846:0:0:0:0:
475,192,175544,1,0,0:0:0:0:
256,192,175645,1,0,0:0:0:0:
475,192,175745,1,0,0:0:0:0:
402,192,175745,128,0,176047:0:0:0:0:
36,192,175745,128,0,176148:0:0:0:0:
329,192,175846,1,0,0:0:0:0:
256,192,175846,1,0,0:0:0:0:
109,192,175947,128,0,176148:0:0:0:0:
182,192,175947,1,0,0:0:0:0:
475,192,175947,1,0,0:0:0:0:
329,192,176047,1,0,0:0:0:0:
256,192,176047,1,0,0:0:0:0:
475,192,176148,128,0,176249:0:0:0:0:
256,192,176148,128,0,176450:0:0:0:0:
182,192,176148,1,0,0:0:0:0:
109,192,176249,1,0,0:0:0:0:
329,192,176249,128,0,176349:0:0:0:0:
182,192,176349,128,0,176450:0:0:0:0:
402,192,176349,1,0,0:0:0:0:
36,192,176450,128,0,176551:0:0:0:0:
329,192,176450,1,0,0:0:0:0:
182,192,176551,1,0,0:0:0:0:
256,192,176551,128,0,176853:0:0:0:0:
475,192,176551,128,0,176651:0:0:0:0:
329,192,176651,128,0,176752:0:0:0:0:
109,192,176651,1,0,0:0:0:0:
402,192,176752,1,0,0:0:0:0:
182,192,176752,128,0,176853:0:0:0:0:
36,192,176853,128,0,176953:0:0:0:0:
329,192,176853,1,0,0:0:0:0:
475,192,176953,128,0,177054:0:0:0:0:
256,192,176953,128,0,177759:0:0:0:0:
182,192,176953,1,0,0:0:0:0:
402,192,177054,128,0,177155:0:0:0:0:
36,192,177155,1,0,0:0:0:0:
109,192,177155,128,0,177557:0:0:0:0:
329,192,177155,128,0,177255:0:0:0:0:
402,192,177255,128,0,177356:0:0:0:0:
182,192,177356,1,0,0:0:0:0:
475,192,177356,128,0,177457:0:0:0:0:
402,192,177457,128,0,177557:0:0:0:0:
329,192,177557,128,0,177658:0:0:0:0:
36,192,177557,1,0,0:0:0:0:
402,192,177658,128,0,177759:0:0:0:0:
475,192,177759,128,0,178262:0:0:0:0:
36,192,177759,128,0,178262:0:0:0:0:
402,192,177859,128,0,178161:0:0:0:0:
109,192,177859,128,0,178161:0:0:0:0:
182,192,177960,128,0,178061:0:0:0:0:
329,192,177960,128,0,178061:0:0:0:0:
256,192,178061,128,0,178161:0:0:0:0:
182,192,178161,128,0,178463:0:0:0:0:
329,192,178161,128,0,178463:0:0:0:0:
402,192,178262,128,0,178363:0:0:0:0:
109,192,178262,128,0,178363:0:0:0:0:
36,192,178363,128,0,178665:0:0:0:0:
475,192,178363,128,0,178665:0:0:0:0:
109,192,178463,128,0,178765:0:0:0:0:
402,192,178463,128,0,178765:0:0:0:0:
182,192,178564,128,0,178866:0:0:0:0:
329,192,178564,128,0,178866:0:0:0:0:
256,192,178665,128,0,178967:0:0:0:0:
475,192,178765,128,0,179269:0:0:0:0:
36,192,178765,128,0,179269:0:0:0:0:
402,192,178866,128,0,179168:0:0:0:0:
109,192,178866,128,0,179168:0:0:0:0:
329,192,178967,128,0,179067:0:0:0:0:
182,192,178967,128,0,179067:0:0:0:0:
256,192,179067,128,0,179168:0:0:0:0:
329,192,179168,128,0,179269:0:0:0:0:
182,192,179168,128,0,179269:0:0:0:0:
109,192,179269,128,0,179369:0:0:0:0:
402,192,179269,128,0,179369:0:0:0:0:
475,192,179369,128,0,179671:0:0:0:0:
256,192,179369,1,0,0:0:0:0:
36,192,179369,128,0,179671:0:0:0:0:
402,192,179470,128,0,179571:0:0:0:0:
109,192,179470,128,0,179571:0:0:0:0:
182,192,179571,128,0,179772:0:0:0:0:
256,192,179571,1,0,0:0:0:0:
329,192,179571,128,0,179772:0:0:0:0:
109,192,179671,1,0,0:0:0:0:
402,192,179671,1,0,0:0:0:0:
256,192,179772,1,0,0:0:0:0:
475,192,179772,128,0,179973:0:0:0:0:
36,192,179772,128,0,179973:0:0:0:0:
109,192,179873,1,0,0:0:0:0:
329,192,179873,128,0,179973:0:0:0:0:
182,192,179873,128,0,179973:0:0:0:0:
402,192,179873,1,0,0:0:0:0:
256,192,179973,1,0,0:0:0:0:
109,192,179973,128,0,180175:0:0:0:0:
402,192,179973,128,0,180175:0:0:0:0:
256,192,180074,128,0,180175:0:0:0:0:
182,192,180175,1,0,0:0:0:0:
475,192,180175,128,0,180376:0:0:0:0:
256,192,180275,128,0,180376:0:0:0:0:
402,192,180275,1,0,0:0:0:0:
109,192,180376,1,0,0:0:0:0:
36,192,180376,128,0,180577:0:0:0:0:
256,192,180477,128,0,180577:0:0:0:0:
329,192,180477,1,0,0:0:0:0:
402,192,180577,128,0,180779:0:0:0:0:
475,192,180577,1,0,0:0:0:0:
182,192,180678,1,0,0:0:0:0:
256,192,180678,128,0,180779:0:0:0:0:
109,192,180779,128,0,180980:0:0:0:0:
329,192,180779,1,0,0:0:0:0:
36,192,180880,1,0,0:0:0:0:
256,192,180880,128,0,180980:0:0:0:0:
329,192,180980,1,0,0:0:0:0:
475,192,180980,128,0,181282:0:0:0:0:
182,192,180980,1,0,0:0:0:0:
36,192,180980,128,0,181282:0:0:0:0:
109,192,181081,128,0,181182:0:0:0:0:
402,192,181081,128,0,181182:0:0:0:0:
182,192,181182,128,0,181383:0:0:0:0:
329,192,181182,128,0,181383:0:0:0:0:
256,192,181182,1,0,0:0:0:0:
109,192,181282,1,0,0:0:0:0:
402,192,181282,1,0,0:0:0:0:
256,192,181383,1,0,0:0:0:0:
36,192,181383,128,0,181584:0:0:0:0:
475,192,181383,128,0,181584:0:0:0:0:
329,192,181484,128,0,181584:0:0:0:0:
402,192,181484,1,0,0:0:0:0:
182,192,181484,128,0,181584:0:0:0:0:
109,192,181484,1,0,0:0:0:0:
256,192,181584,1,0,0:0:0:0:
402,192,181584,128,0,181786:0:0:0:0:
109,192,181584,128,0,181786:0:0:0:0:
256,192,181685,128,0,181786:0:0:0:0:
329,192,181786,1,0,0:0:0:0:
36,192,181786,128,0,181987:0:0:0:0:
109,192,181886,1,0,0:0:0:0:
256,192,181886,128,0,181987:0:0:0:0:
475,192,181987,128,0,182188:0:0:0:0:
402,192,181987,1,0,0:0:0:0:
182,192,182088,1,0,0:0:0:0:
256,192,182088,128,0,182188:0:0:0:0:
109,192,182188,128,0,182390:0:0:0:0:
36,192,182188,1,0,0:0:0:0:
256,192,182289,128,0,182390:0:0:0:0:
329,192,182289,1,0,0:0:0:0:
402,192,182390,128,0,182591:0:0:0:0:
182,192,182390,1,0,0:0:0:0:
256,192,182490,128,0,182591:0:0:0:0:
475,192,182490,1,0,0:0:0:0:
329,192,182591,128,0,182994:0:0:0:0:
182,192,182591,1,0,0:0:0:0:
36,192,182591,128,0,182792:0:0:0:0:
256,192,182692,1,0,0:0:0:0:
109,192,182692,128,0,182893:0:0:0:0:
475,192,182792,128,0,182994:0:0:0:0:
402,192,182792,1,0,0:0:0:0:
182,192,182792,128,0,182994:0:0:0:0:
36,192,182893,1,0,0:0:0:0:
256,192,182893,128,0,183094:0:0:0:0:
402,192,182994,128,0,183195:0:0:0:0:
109,192,182994,128,0,183195:0:0:0:0:
182,192,183094,128,0,183296:0:0:0:0:
329,192,183094,1,0,0:0:0:0:
36,192,183195,1,0,0:0:0:0:
475,192,183195,128,0,183698:0:0:0:0:
256,192,183195,128,0,183396:0:0:0:0:
329,192,183296,128,0,183497:0:0:0:0:
402,192,183296,1,0,0:0:0:0:
36,192,183396,1,0,0:0:0:0:
182,192,183396,1,0,0:0:0:0:
402,192,183396,128,0,183598:0:0:0:0:
109,192,183497,1,0,0:0:0:0:
109,192,183598,128,0,184101:0:0:0:0:
329,192,183598,1,0,0:0:0:0:
256,192,183598,128,0,183900:0:0:0:0:
402,192,183698,1,0,0:0:0:0:
36,192,183799,1,0,0:0:0:0:
402,192,183799,128,0,184101:0:0:0:0:
475,192,183799,1,0,0:0:0:0:
329,192,183900,1,0,0:0:0:0:
182,192,183900,1,0,0:0:0:0:
36,192,184000,1,0,0:0:0:0:
475,192,184000,1,0,0:0:0:0:
256,192,184000,128,0,184101:0:0:0:0:
329,192,184101,1,0,0:0:0:0:
182,192,184101,1,0,0:0:0:0:
36,192,184202,128,0,184504:0:0:0:0:
256,192,184202,1,0,0:0:0:0:
475,192,184202,128,0,184302:0:0:0:0:
109,192,184202,128,0,184504:0:0:0:0:
402,192,184202,128,0,184302:0:0:0:0:
182,192,184302,1,0,0:0:0:0:
256,192,184403,1,0,0:0:0:0:
402,192,184403,128,0,184705:0:0:0:0:
475,192,184403,128,0,184705:0:0:0:0:
329,192,184504,1,0,0:0:0:0:
109,192,184604,128,0,184906:0:0:0:0:
256,192,184604,1,0,0:0:0:0:
36,192,184604,128,0,184906:0:0:0:0:
182,192,184705,5,0,0:0:0:0:
475,192,184806,128,0,184906:0:0:0:0:
256,192,184806,1,0,0:0:0:0:
402,192,184806,128,0,184906:0:0:0:0:
329,192,184906,1,0,0:0:0:0:
256,192,185007,1,0,0:0:0:0:
475,192,185007,1,0,0:0:0:0:
402,192,185007,1,0,0:0:0:0:
109,192,185007,1,0,0:0:0:0:
36,192,185007,1,0,0:0:0:0:
182,192,185108,1,0,0:0:0:0:
402,192,185208,1,0,0:0:0:0:
256,192,185309,5,0,0:0:0:0:
109,192,185410,1,0,0:0:0:0:
475,192,185510,1,0,0:0:0:0:
329,192,185611,1,0,0:0:0:0:
182,192,185712,1,0,0:0:0:0:
36,192,185812,5,0,0:0:0:0:
109,192,185812,128,0,189034:0:0:0:0:
402,192,185812,128,0,189034:0:0:0:0:
256,192,185812,1,0,0:0:0:0:
475,192,185812,1,0,0:0:0:0:
475,192,186215,1,0,0:0:0:0:
256,192,186215,1,0,0:0:0:0:
36,192,186618,1,0,0:0:0:0:
329,192,186819,1,0,0:0:0:0:
182,192,186819,1,0,0:0:0:0:
475,192,187020,1,0,0:0:0:0:
256,192,187222,1,0,0:0:0:0:
182,192,187423,1,0,0:0:0:0:
36,192,187423,1,0,0:0:0:0:
256,192,187624,1,0,0:0:0:0:
329,192,187826,1,0,0:0:0:0:
475,192,187826,1,0,0:0:0:0:
182,192,188027,1,0,0:0:0:0:
36,192,188229,1,0,0:0:0:0:
256,192,188229,1,0,0:0:0:0:
182,192,188430,1,0,0:0:0:0:
475,192,188631,1,0,0:0:0:0:
329,192,188631,1,0,0:0:0:0:
256,192,188833,1,0,0:0:0:0:
182,192,189034,1,0,0:0:0:0:
256,192,189034,128,0,189839:0:0:0:0:
36,192,189034,1,0,0:0:0:0:
109,192,189235,1,0,0:0:0:0:
329,192,189437,1,0,0:0:0:0:
475,192,189437,1,0,0:0:0:0:
182,192,189638,1,0,0:0:0:0:
475,192,189839,1,0,0:0:0:0:
109,192,189839,128,0,190041:0:0:0:0:
329,192,190041,1,0,0:0:0:0:
402,192,190041,128,0,190242:0:0:0:0:
36,192,190242,1,0,0:0:0:0:
109,192,190242,128,0,190443:0:0:0:0:
402,192,190443,128,0,190645:0:0:0:0:
256,192,190443,1,0,0:0:0:0:
182,192,190645,128,0,192255:0:0:0:0:
36,192,190645,1,0,0:0:0:0:
475,192,190645,128,0,192255:0:0:0:0:
256,192,190846,1,0,0:0:0:0:
109,192,191047,1,0,0:0:0:0:
402,192,191047,1,0,0:0:0:0:
329,192,191249,1,0,0:0:0:0:
256,192,191450,1,0,0:0:0:0:
36,192,191450,1,0,0:0:0:0:
329,192,191651,1,0,0:0:0:0:
256,192,191853,1,0,0:0:0:0:
402,192,191853,1,0,0:0:0:0:
109,192,192054,1,0,0:0:0:0:
36,192,192255,1,0,0:0:0:0:
329,192,192255,1,0,0:0:0:0:
256,192,192457,1,0,0:0:0:0:
182,192,192658,1,0,0:0:0:0:
402,192,192658,1,0,0:0:0:0:
329,192,192859,1,0,0:0:0:0:
256,192,193061,1,0,0:0:0:0:
475,192,193061,1,0,0:0:0:0:
109,192,193262,1,0,0:0:0:0:
182,192,193463,1,0,0:0:0:0:
402,192,193463,1,0,0:0:0:0:
329,192,193665,1,0,0:0:0:0:
36,192,193866,1,0,0:0:0:0:
256,192,193866,1,0,0:0:0:0:
182,192,194067,1,0,0:0:0:0:
329,192,194269,1,0,0:0:0:0:
475,192,194269,1,0,0:0:0:0:
109,192,194470,1,0,0:0:0:0:
256,192,194671,1,0,0:0:0:0:
402,192,194671,1,0,0:0:0:0:
109,192,194873,1,0,0:0:0:0:
329,192,195074,1,0,0:0:0:0:
475,192,195074,1,0,0:0:0:0:
256,192,195275,1,0,0:0:0:0:
36,192,195477,1,0,0:0:0:0:
182,192,195477,1,0,0:0:0:0:
402,192,195678,1,0,0:0:0:0:
109,192,195880,1,0,0:0:0:0:
329,192,195880,1,0,0:0:0:0:
256,192,196081,1,0,0:0:0:0:
329,192,196282,1,0,0:0:0:0:
475,192,196282,1,0,0:0:0:0:
182,192,196484,1,0,0:0:0:0:
256,192,196685,1,0,0:0:0:0:
402,192,196685,1,0,0:0:0:0:
182,192,196886,1,0,0:0:0:0:
36,192,197088,1,0,0:0:0:0:
329,192,197088,1,0,0:0:0:0:
182,192,197289,1,0,0:0:0:0:
256,192,197490,1,0,0:0:0:0:
402,192,197490,1,0,0:0:0:0:
109,192,197692,1,0,0:0:0:0:
475,192,197893,1,0,0:0:0:0:
182,192,198094,1,0,0:0:0:0:
256,192,198296,1,0,0:0:0:0:
402,192,198296,1,0,0:0:0:0:
182,192,198497,1,0,0:0:0:0:
329,192,198497,1,0,0:0:0:0:
36,192,198698,1,0,0:0:0:0:
256,192,198698,1,0,0:0:0:0:
109,192,198900,1,0,0:0:0:0:
329,192,198900,1,0,0:0:0:0:
475,192,199101,1,0,0:0:0:0:
329,192,199302,1,0,0:0:0:0:
182,192,199504,1,0,0:0:0:0:
475,192,199504,1,0,0:0:0:0:
36,192,199705,1,0,0:0:0:0:
329,192,199705,1,0,0:0:0:0:
256,192,199906,1,0,0:0:0:0:
402,192,199906,1,0,0:0:0:0:
329,192,200108,1,0,0:0:0:0:
475,192,200108,1,0,0:0:0:0:
36,192,200309,1,0,0:0:0:0:
256,192,200309,1,0,0:0:0:0:
182,192,200510,1,0,0:0:0:0:
475,192,200510,1,0,0:0:0:0:
109,192,200712,1,0,0:0:0:0:
329,192,200712,1,0,0:0:0:0:
256,192,200913,1,0,0:0:0:0:
402,192,200913,1,0,0:0:0:0:
475,192,201114,1,0,0:0:0:0:
256,192,201316,1,0,0:0:0:0:
36,192,201316,1,0,0:0:0:0:
402,192,201517,1,0,0:0:0:0:
182,192,201517,1,0,0:0:0:0:
256,192,201718,1,0,0:0:0:0:
109,192,201718,1,0,0:0:0:0:
36,192,201920,1,0,0:0:0:0:
182,192,201920,1,0,0:0:0:0:
256,192,202121,1,0,0:0:0:0:
402,192,202121,1,0,0:0:0:0:
109,192,202322,1,0,0:0:0:0:
256,192,202322,1,0,0:0:0:0:
329,192,202524,1,0,0:0:0:0:
475,192,202725,1,0,0:0:0:0:
182,192,202725,1,0,0:0:0:0:
256,192,202926,1,0,0:0:0:0:
36,192,203128,1,0,0:0:0:0:
329,192,203128,1,0,0:0:0:0:
256,192,203329,1,0,0:0:0:0:
109,192,203531,1,0,0:0:0:0:
402,192,203531,1,0,0:0:0:0:
182,192,203732,1,0,0:0:0:0:
402,192,203732,1,0,0:0:0:0:
36,192,203933,1,0,0:0:0:0:
256,192,203933,1,0,0:0:0:0:
329,192,204135,1,0,0:0:0:0:
402,192,204336,1,0,0:0:0:0:
182,192,204537,1,0,0:0:0:0:
36,192,204537,1,0,0:0:0:0:
475,192,204739,1,0,0:0:0:0:
256,192,204940,1,0,0:0:0:0:
