[Metadata]
ΕΛΠΙΣ
dj TAKA
Rocher&WhiteAndBlack
Beatmania IIDX ELPIS
67
0.686

[TimingPoints]
0,342.857142857143,4,2,2,100,1,0
68229,685.714285714286,4,2,2,100,1,0
68314,342.857142857143,4,2,2,100,1,0
68357,171.428571428571,4,2,2,100,1,0
68400,342.857142857143,4,2,2,100,1,0
90343,228.571428571429,4,2,2,100,1,0
90686,342.857142857143,4,2,2,100,1,0


[HitObjects]
109,0,1029,128,0,1200:0:0:0:0:
36,192,1200,5,0,0:0:0:0:
182,192,1200,1,0,0:0:0:0:
329,192,1200,1,0,0:0:0:0:
475,192,1200,1,0,0:0:0:0:
256,192,1543,1,0,0:0:0:0:
402,192,1543,1,0,0:0:0:0:
475,192,1543,1,0,0:0:0:0:
36,192,1714,1,0,0:0:0:0:
109,192,1714,1,0,0:0:0:0:
182,192,1714,1,0,0:0:0:0:
329,192,1800,1,0,0:0:0:0:
475,192,1800,1,0,0:0:0:0:
329,192,2057,1,0,0:0:0:0:
475,192,2057,1,0,0:0:0:0:
36,192,2229,1,0,0:0:0:0:
182,192,2229,1,0,0:0:0:0:
256,192,2229,1,0,0:0:0:0:
36,192,2571,1,0,0:0:0:0:
182,192,2571,1,0,0:0:0:0:
329,192,2571,1,0,0:0:0:0:
475,192,2571,1,0,0:0:0:0:
36,192,2914,1,0,0:0:0:0:
109,192,2914,1,0,0:0:0:0:
256,192,2914,1,0,0:0:0:0:
329,192,3086,1,0,0:0:0:0:
402,192,3086,1,0,0:0:0:0:
475,192,3086,1,0,0:0:0:0:
36,192,3171,1,0,0:0:0:0:
182,192,3171,1,0,0:0:0:0:
36,192,3429,1,0,0:0:0:0:
182,192,3429,1,0,0:0:0:0:
256,192,3600,1,0,0:0:0:0:
329,192,3600,1,0,0:0:0:0:
475,192,3600,1,0,0:0:0:0:
36,192,3943,1,0,0:0:0:0:
182,192,3943,1,0,0:0:0:0:
329,192,3943,1,0,0:0:0:0:
475,192,3943,1,0,0:0:0:0:
256,192,4286,1,0,0:0:0:0:
402,192,4286,1,0,0:0:0:0:
475,192,4286,1,0,0:0:0:0:
36,192,4457,1,0,0:0:0:0:
182,192,4457,1,0,0:0:0:0:
329,192,4457,1,0,0:0:0:0:
402,192,4543,1,0,0:0:0:0:
475,192,4543,1,0,0:0:0:0:
402,192,4800,1,0,0:0:0:0:
475,192,4800,1,0,0:0:0:0:
36,192,4971,1,0,0:0:0:0:
182,192,4971,1,0,0:0:0:0:
256,192,4971,1,0,0:0:0:0:
109,192,5314,1,0,0:0:0:0:
256,192,5314,1,0,0:0:0:0:
402,192,5314,1,0,0:0:0:0:
36,192,5657,1,0,0:0:0:0:
109,192,5657,1,0,0:0:0:0:
256,192,5657,1,0,0:0:0:0:
182,192,5829,1,0,0:0:0:0:
329,192,5829,1,0,0:0:0:0:
475,192,5829,1,0,0:0:0:0:
36,192,5914,1,0,0:0:0:0:
109,192,5914,1,0,0:0:0:0:
36,192,6171,1,0,0:0:0:0:
109,192,6171,1,0,0:0:0:0:
256,192,6343,1,0,0:0:0:0:
329,192,6343,1,0,0:0:0:0:
475,192,6343,1,0,0:0:0:0:
36,192,6686,1,0,0:0:0:0:
109,192,6686,1,0,0:0:0:0:
256,192,6686,1,0,0:0:0:0:
402,192,6686,1,0,0:0:0:0:
475,0,6686,128,0,7029:0:0:0:0:
36,192,7029,1,0,0:0:0:0:
182,192,7029,1,0,0:0:0:0:
402,192,7029,1,0,0:0:0:0:
256,192,7200,1,0,0:0:0:0:
329,192,7200,1,0,0:0:0:0:
475,192,7200,1,0,0:0:0:0:
109,192,7286,1,0,0:0:0:0:
182,192,7286,1,0,0:0:0:0:
109,192,7543,1,0,0:0:0:0:
182,192,7543,1,0,0:0:0:0:
36,192,7714,1,0,0:0:0:0:
256,192,7714,1,0,0:0:0:0:
402,192,7714,1,0,0:0:0:0:
36,192,8057,1,0,0:0:0:0:
182,192,8057,1,0,0:0:0:0:
329,192,8057,1,0,0:0:0:0:
475,192,8057,1,0,0:0:0:0:
109,192,8400,1,0,0:0:0:0:
329,192,8400,1,0,0:0:0:0:
475,192,8400,1,0,0:0:0:0:
36,192,8571,1,0,0:0:0:0:
182,192,8571,1,0,0:0:0:0:
256,192,8571,1,0,0:0:0:0:
329,192,8657,1,0,0:0:0:0:
402,192,8657,1,0,0:0:0:0:
329,192,8914,1,0,0:0:0:0:
402,192,8914,1,0,0:0:0:0:
109,192,9086,1,0,0:0:0:0:
256,192,9086,1,0,0:0:0:0:
475,192,9086,1,0,0:0:0:0:
109,192,9429,1,0,0:0:0:0:
256,192,9429,1,0,0:0:0:0:
402,192,9429,1,0,0:0:0:0:
36,192,9771,1,0,0:0:0:0:
182,192,9771,1,0,0:0:0:0:
256,192,9771,1,0,0:0:0:0:
329,192,9943,1,0,0:0:0:0:
402,192,9943,1,0,0:0:0:0:
475,192,9943,1,0,0:0:0:0:
109,192,10029,1,0,0:0:0:0:
256,192,10029,1,0,0:0:0:0:
109,192,10286,1,0,0:0:0:0:
256,192,10286,1,0,0:0:0:0:
36,192,10457,1,0,0:0:0:0:
182,192,10457,1,0,0:0:0:0:
329,192,10457,1,0,0:0:0:0:
109,192,10800,1,0,0:0:0:0:
256,192,10800,1,0,0:0:0:0:
402,192,10800,1,0,0:0:0:0:
256,192,11143,1,0,0:0:0:0:
329,192,11143,1,0,0:0:0:0:
475,192,11143,1,0,0:0:0:0:
36,192,11314,1,0,0:0:0:0:
109,192,11314,1,0,0:0:0:0:
182,192,11314,1,0,0:0:0:0:
256,192,11400,1,0,0:0:0:0:
402,192,11400,1,0,0:0:0:0:
256,192,11657,1,0,0:0:0:0:
402,192,11657,1,0,0:0:0:0:
329,192,11829,1,0,0:0:0:0:
475,192,11829,1,0,0:0:0:0:
36,192,11914,1,0,0:0:0:0:
182,192,11914,1,0,0:0:0:0:
329,192,12000,1,0,0:0:0:0:
475,192,12000,1,0,0:0:0:0:
36,192,12086,1,0,0:0:0:0:
182,192,12086,1,0,0:0:0:0:
329,0,12171,128,0,12514:0:0:0:0:
182,0,12343,128,0,12514:0:0:0:0:
36,0,12514,128,0,12600:0:0:0:0:
402,192,12514,1,0,0:0:0:0:
475,192,12514,1,0,0:0:0:0:
109,0,12600,128,0,12686:0:0:0:0:
182,0,12686,128,0,12771:0:0:0:0:
256,0,12771,128,0,12857:0:0:0:0:
402,192,12771,1,0,0:0:0:0:
36,0,12857,128,0,12943:0:0:0:0:
109,0,12943,128,0,13029:0:0:0:0:
182,0,13029,128,0,13114:0:0:0:0:
402,192,13029,1,0,0:0:0:0:
256,0,13114,128,0,13200:0:0:0:0:
36,0,13200,128,0,13286:0:0:0:0:
329,192,13200,1,0,0:0:0:0:
475,192,13200,1,0,0:0:0:0:
109,0,13286,128,0,13371:0:0:0:0:
182,0,13371,128,0,13457:0:0:0:0:
256,0,13457,128,0,13543:0:0:0:0:
475,0,13457,128,0,13543:0:0:0:0:
182,0,13543,128,0,13629:0:0:0:0:
402,0,13543,128,0,13629:0:0:0:0:
109,0,13629,128,0,13714:0:0:0:0:
329,0,13629,128,0,13714:0:0:0:0:
36,0,13714,128,0,13800:0:0:0:0:
256,0,13714,128,0,13800:0:0:0:0:
182,0,13800,128,0,13886:0:0:0:0:
475,0,13800,128,0,13886:0:0:0:0:
36,0,13886,128,0,13971:0:0:0:0:
256,0,13886,128,0,13971:0:0:0:0:
109,0,13971,128,0,14057:0:0:0:0:
329,0,13971,128,0,14057:0:0:0:0:
182,0,14057,128,0,14143:0:0:0:0:
402,0,14057,128,0,14143:0:0:0:0:
256,0,14143,128,0,14229:0:0:0:0:
475,0,14143,128,0,14229:0:0:0:0:
36,0,14229,128,0,14314:0:0:0:0:
329,0,14229,128,0,14314:0:0:0:0:
402,0,14314,128,0,14400:0:0:0:0:
475,0,14314,128,0,14400:0:0:0:0:
182,0,14400,128,0,14486:0:0:0:0:
256,0,14400,128,0,14486:0:0:0:0:
329,0,14486,128,0,14571:0:0:0:0:
402,0,14486,128,0,14571:0:0:0:0:
109,0,14571,128,0,14657:0:0:0:0:
182,0,14571,128,0,14657:0:0:0:0:
256,0,14657,128,0,14743:0:0:0:0:
329,0,14657,128,0,14743:0:0:0:0:
36,0,14743,128,0,14829:0:0:0:0:
109,0,14743,128,0,14829:0:0:0:0:
182,0,14829,128,0,14914:0:0:0:0:
256,0,14829,128,0,14914:0:0:0:0:
36,192,14914,1,0,0:0:0:0:
475,0,14914,128,0,15000:0:0:0:0:
402,0,15000,128,0,15086:0:0:0:0:
329,0,15086,128,0,15171:0:0:0:0:
256,0,15171,128,0,15257:0:0:0:0:
36,192,15257,1,0,0:0:0:0:
109,192,15257,1,0,0:0:0:0:
475,0,15257,128,0,15343:0:0:0:0:
402,0,15343,128,0,15429:0:0:0:0:
329,0,15429,128,0,15514:0:0:0:0:
109,192,15514,1,0,0:0:0:0:
256,0,15514,128,0,15600:0:0:0:0:
475,0,15600,128,0,15686:0:0:0:0:
402,0,15686,128,0,15771:0:0:0:0:
109,192,15771,1,0,0:0:0:0:
329,0,15771,128,0,15857:0:0:0:0:
256,0,15857,128,0,15943:0:0:0:0:
36,192,15943,1,0,0:0:0:0:
182,192,15943,1,0,0:0:0:0:
475,0,15943,128,0,16029:0:0:0:0:
402,0,16029,128,0,16114:0:0:0:0:
329,0,16114,128,0,16200:0:0:0:0:
256,0,16200,128,0,16286:0:0:0:0:
182,0,16286,128,0,16371:0:0:0:0:
329,0,16286,128,0,16371:0:0:0:0:
109,0,16371,128,0,16457:0:0:0:0:
402,0,16371,128,0,16457:0:0:0:0:
36,0,16457,128,0,16543:0:0:0:0:
475,0,16457,128,0,16543:0:0:0:0:
109,0,16543,128,0,16629:0:0:0:0:
402,0,16543,128,0,16629:0:0:0:0:
182,0,16629,128,0,16714:0:0:0:0:
329,0,16629,128,0,16714:0:0:0:0:
256,0,16714,128,0,16800:0:0:0:0:
475,0,16714,128,0,16800:0:0:0:0:
182,0,16800,128,0,16886:0:0:0:0:
402,0,16800,128,0,16886:0:0:0:0:
109,0,16886,128,0,16971:0:0:0:0:
329,0,16886,128,0,16971:0:0:0:0:
36,0,16971,128,0,17057:0:0:0:0:
256,0,16971,128,0,17057:0:0:0:0:
109,0,17057,128,0,17143:0:0:0:0:
329,0,17057,128,0,17143:0:0:0:0:
182,0,17143,128,0,17229:0:0:0:0:
402,0,17143,128,0,17229:0:0:0:0:
256,0,17229,128,0,17314:0:0:0:0:
475,0,17229,128,0,17314:0:0:0:0:
36,0,17314,128,0,17400:0:0:0:0:
182,0,17314,128,0,17400:0:0:0:0:
109,0,17400,128,0,17486:0:0:0:0:
256,0,17400,128,0,17486:0:0:0:0:
182,0,17486,128,0,17571:0:0:0:0:
329,0,17486,128,0,17571:0:0:0:0:
256,0,17571,128,0,17657:0:0:0:0:
402,0,17571,128,0,17657:0:0:0:0:
329,0,17657,128,0,17743:0:0:0:0:
475,0,17657,128,0,18600:0:0:0:0:
402,0,17743,128,0,18000:0:0:0:0:
329,0,17829,128,0,17914:0:0:0:0:
256,0,17914,128,0,18171:0:0:0:0:
182,0,18000,128,0,18086:0:0:0:0:
329,0,18000,128,0,18086:0:0:0:0:
402,0,18086,128,0,18686:0:0:0:0:
329,0,18171,128,0,18429:0:0:0:0:
256,0,18257,128,0,18343:0:0:0:0:
182,0,18343,128,0,18600:0:0:0:0:
109,0,18429,128,0,18514:0:0:0:0:
256,0,18429,128,0,18514:0:0:0:0:
329,0,18514,128,0,18771:0:0:0:0:
256,0,18600,128,0,18857:0:0:0:0:
182,0,18686,128,0,18771:0:0:0:0:
475,0,18686,128,0,18771:0:0:0:0:
109,0,18771,128,0,19029:0:0:0:0:
402,0,18771,128,0,18857:0:0:0:0:
36,0,18857,128,0,18943:0:0:0:0:
182,0,18857,128,0,18943:0:0:0:0:
329,0,18857,128,0,18943:0:0:0:0:
256,0,18943,128,0,19029:0:0:0:0:
475,0,18943,128,0,19714:0:0:0:0:
182,0,19029,128,0,19114:0:0:0:0:
402,0,19029,128,0,19629:0:0:0:0:
109,0,19114,128,0,19200:0:0:0:0:
329,0,19114,128,0,19543:0:0:0:0:
36,0,19200,128,0,19286:0:0:0:0:
256,0,19200,128,0,19457:0:0:0:0:
182,0,19286,128,0,19371:0:0:0:0:
36,0,19371,128,0,19714:0:0:0:0:
109,0,19457,128,0,19543:0:0:0:0:
182,0,19543,128,0,19886:0:0:0:0:
256,0,19629,128,0,19714:0:0:0:0:
329,0,19714,128,0,20057:0:0:0:0:
109,0,19800,128,0,19886:0:0:0:0:
402,0,19800,128,0,19886:0:0:0:0:
475,0,19886,128,0,20229:0:0:0:0:
36,0,19886,128,0,21000:0:0:0:0:
256,0,19971,128,0,20057:0:0:0:0:
109,0,20057,128,0,20829:0:0:0:0:
182,0,20057,128,0,20657:0:0:0:0:
402,0,20143,128,0,20229:0:0:0:0:
256,0,20229,128,0,20486:0:0:0:0:
329,0,20229,128,0,20314:0:0:0:0:
402,0,20314,128,0,20400:0:0:0:0:
475,0,20400,128,0,20486:0:0:0:0:
329,0,20486,128,0,20571:0:0:0:0:
402,0,20571,128,0,20657:0:0:0:0:
256,0,20657,128,0,20743:0:0:0:0:
329,0,20743,128,0,20829:0:0:0:0:
475,0,20743,128,0,20914:0:0:0:0:
182,0,20829,128,0,20914:0:0:0:0:
256,0,20914,128,0,21000:0:0:0:0:
402,0,20914,128,0,21086:0:0:0:0:
109,0,21000,128,0,21086:0:0:0:0:
182,0,21086,128,0,21171:0:0:0:0:
329,0,21086,128,0,21257:0:0:0:0:
36,0,21171,128,0,21257:0:0:0:0:
475,0,21171,128,0,21257:0:0:0:0:
109,0,21257,128,0,21343:0:0:0:0:
256,0,21257,128,0,21429:0:0:0:0:
402,0,21343,128,0,21429:0:0:0:0:
36,0,21429,128,0,21514:0:0:0:0:
182,0,21429,128,0,21600:0:0:0:0:
475,0,21429,128,0,21514:0:0:0:0:
329,0,21514,128,0,21600:0:0:0:0:
109,0,21600,128,0,21771:0:0:0:0:
402,0,21600,128,0,21686:0:0:0:0:
256,0,21686,128,0,21771:0:0:0:0:
36,0,21771,128,0,22114:0:0:0:0:
182,0,21771,128,0,21943:0:0:0:0:
329,0,21771,128,0,21943:0:0:0:0:
475,0,21771,128,0,22114:0:0:0:0:
256,0,21943,128,0,22029:0:0:0:0:
182,0,22029,128,0,22114:0:0:0:0:
329,0,22029,128,0,22114:0:0:0:0:
109,0,22114,128,0,22200:0:0:0:0:
402,0,22114,128,0,22200:0:0:0:0:
36,0,22200,128,0,22286:0:0:0:0:
256,0,22200,128,0,22629:0:0:0:0:
475,0,22200,128,0,22286:0:0:0:0:
182,0,22286,128,0,22371:0:0:0:0:
329,0,22286,128,0,22371:0:0:0:0:
109,0,22371,128,0,22457:0:0:0:0:
402,0,22371,128,0,22457:0:0:0:0:
182,0,22457,128,0,22543:0:0:0:0:
329,0,22457,128,0,22543:0:0:0:0:
36,0,22543,128,0,22971:0:0:0:0:
475,0,22543,128,0,22971:0:0:0:0:
109,0,22629,128,0,22886:0:0:0:0:
402,0,22629,128,0,22886:0:0:0:0:
182,0,22714,128,0,22800:0:0:0:0:
329,0,22714,128,0,22800:0:0:0:0:
256,192,22800,1,0,0:0:0:0:
182,192,22886,1,0,0:0:0:0:
329,192,22886,1,0,0:0:0:0:
109,192,22971,1,0,0:0:0:0:
402,192,22971,1,0,0:0:0:0:
36,0,23057,128,0,23229:0:0:0:0:
256,192,23057,1,0,0:0:0:0:
475,192,23057,1,0,0:0:0:0:
182,0,23143,128,0,23314:0:0:0:0:
109,0,23229,128,0,23314:0:0:0:0:
329,0,23229,128,0,23400:0:0:0:0:
36,0,23314,128,0,23486:0:0:0:0:
182,0,23400,128,0,23571:0:0:0:0:
109,0,23486,128,0,23571:0:0:0:0:
256,192,23486,1,0,0:0:0:0:
329,0,23486,128,0,23657:0:0:0:0:
402,192,23486,1,0,0:0:0:0:
475,192,23486,1,0,0:0:0:0:
36,0,23571,128,0,23743:0:0:0:0:
182,0,23657,128,0,23829:0:0:0:0:
109,0,23743,128,0,23829:0:0:0:0:
329,0,23743,128,0,23914:0:0:0:0:
402,192,23743,1,0,0:0:0:0:
36,0,23829,128,0,24000:0:0:0:0:
182,0,23914,128,0,24086:0:0:0:0:
109,0,24000,128,0,24086:0:0:0:0:
329,0,24000,128,0,24171:0:0:0:0:
402,192,24000,1,0,0:0:0:0:
36,0,24086,128,0,24514:0:0:0:0:
109,0,24171,128,0,24257:0:0:0:0:
256,192,24171,1,0,0:0:0:0:
475,192,24171,1,0,0:0:0:0:
182,0,24257,128,0,24514:0:0:0:0:
329,0,24514,128,0,24600:0:0:0:0:
475,0,24514,128,0,25114:0:0:0:0:
256,0,24600,128,0,24686:0:0:0:0:
402,0,24600,128,0,25029:0:0:0:0:
182,0,24686,128,0,24771:0:0:0:0:
329,0,24686,128,0,24943:0:0:0:0:
109,0,24771,128,0,24857:0:0:0:0:
256,0,24771,128,0,24857:0:0:0:0:
36,0,24857,128,0,25200:0:0:0:0:
182,0,24857,128,0,24943:0:0:0:0:
109,0,24943,128,0,25286:0:0:0:0:
256,0,24943,128,0,25029:0:0:0:0:
182,0,25029,128,0,25371:0:0:0:0:
329,0,25029,128,0,25114:0:0:0:0:
256,0,25114,128,0,25200:0:0:0:0:
402,0,25114,128,0,25371:0:0:0:0:
329,0,25200,128,0,25286:0:0:0:0:
475,0,25200,128,0,25457:0:0:0:0:
36,0,25286,128,0,25714:0:0:0:0:
256,0,25286,128,0,25457:0:0:0:0:
109,0,25371,128,0,25629:0:0:0:0:
329,0,25371,128,0,25629:0:0:0:0:
182,0,25457,128,0,25543:0:0:0:0:
402,0,25457,128,0,25543:0:0:0:0:
256,0,25543,128,0,25714:0:0:0:0:
475,0,25543,128,0,25714:0:0:0:0:
182,0,25629,128,0,25714:0:0:0:0:
402,0,25629,128,0,25714:0:0:0:0:
109,0,25714,128,0,25886:0:0:0:0:
329,0,25714,128,0,25886:0:0:0:0:
36,192,25886,1,0,0:0:0:0:
256,192,25886,1,0,0:0:0:0:
475,0,25886,128,0,26057:0:0:0:0:
329,0,25971,128,0,26143:0:0:0:0:
182,0,26057,128,0,26229:0:0:0:0:
402,0,26057,128,0,26143:0:0:0:0:
475,0,26143,128,0,26314:0:0:0:0:
36,192,26229,1,0,0:0:0:0:
109,192,26229,1,0,0:0:0:0:
256,192,26229,1,0,0:0:0:0:
329,0,26229,128,0,26400:0:0:0:0:
182,0,26314,128,0,26486:0:0:0:0:
402,0,26314,128,0,26400:0:0:0:0:
475,0,26400,128,0,26571:0:0:0:0:
109,192,26486,1,0,0:0:0:0:
329,0,26486,128,0,26657:0:0:0:0:
182,0,26571,128,0,26743:0:0:0:0:
402,0,26571,128,0,26657:0:0:0:0:
475,0,26657,128,0,26829:0:0:0:0:
109,192,26743,1,0,0:0:0:0:
329,0,26743,128,0,26914:0:0:0:0:
182,0,26829,128,0,27000:0:0:0:0:
402,0,26829,128,0,26914:0:0:0:0:
36,192,26914,1,0,0:0:0:0:
256,192,26914,1,0,0:0:0:0:
475,0,26914,128,0,27257:0:0:0:0:
402,0,27000,128,0,27086:0:0:0:0:
329,0,27086,128,0,27257:0:0:0:0:
256,0,27171,128,0,27257:0:0:0:0:
182,0,27257,128,0,27343:0:0:0:0:
36,0,27257,128,0,27857:0:0:0:0:
109,0,27343,128,0,27771:0:0:0:0:
256,0,27343,128,0,27429:0:0:0:0:
182,0,27429,128,0,27686:0:0:0:0:
329,0,27429,128,0,27514:0:0:0:0:
256,0,27514,128,0,27600:0:0:0:0:
402,0,27514,128,0,27600:0:0:0:0:
329,0,27600,128,0,27686:0:0:0:0:
475,0,27600,128,0,27943:0:0:0:0:
256,0,27686,128,0,27771:0:0:0:0:
402,0,27686,128,0,28029:0:0:0:0:
182,0,27771,128,0,27857:0:0:0:0:
329,0,27771,128,0,28114:0:0:0:0:
109,0,27857,128,0,28114:0:0:0:0:
256,0,27857,128,0,27943:0:0:0:0:
36,0,27943,128,0,28200:0:0:0:0:
182,0,27943,128,0,28029:0:0:0:0:
256,0,28029,128,0,28200:0:0:0:0:
475,0,28029,128,0,28457:0:0:0:0:
182,0,28114,128,0,28371:0:0:0:0:
402,0,28114,128,0,28371:0:0:0:0:
109,0,28200,128,0,28286:0:0:0:0:
329,0,28200,128,0,28286:0:0:0:0:
36,0,28286,128,0,28543:0:0:0:0:
256,0,28286,128,0,28457:0:0:0:0:
109,0,28371,128,0,28543:0:0:0:0:
329,0,28371,128,0,28543:0:0:0:0:
182,0,28457,128,0,28543:0:0:0:0:
402,0,28457,128,0,28543:0:0:0:0:
256,0,28543,128,0,28629:0:0:0:0:
475,0,28543,128,0,28629:0:0:0:0:
182,0,28629,128,0,28714:0:0:0:0:
329,192,28629,1,0,0:0:0:0:
402,192,28629,1,0,0:0:0:0:
36,0,28629,128,0,28886:0:0:0:0:
109,0,28629,128,0,28800:0:0:0:0:
329,0,28714,128,0,28800:0:0:0:0:
256,0,28800,128,0,28886:0:0:0:0:
475,0,28800,128,0,29057:0:0:0:0:
182,0,28886,128,0,28971:0:0:0:0:
402,0,28886,128,0,29057:0:0:0:0:
109,0,28971,128,0,29057:0:0:0:0:
329,0,28971,128,0,29057:0:0:0:0:
36,0,29057,128,0,29143:0:0:0:0:
256,0,29057,128,0,29143:0:0:0:0:
109,0,29143,128,0,29229:0:0:0:0:
329,0,29143,128,0,29229:0:0:0:0:
402,0,29143,128,0,29314:0:0:0:0:
475,0,29143,128,0,29400:0:0:0:0:
182,0,29229,128,0,29314:0:0:0:0:
36,0,29314,128,0,29571:0:0:0:0:
256,0,29314,128,0,29400:0:0:0:0:
109,0,29400,128,0,29571:0:0:0:0:
329,0,29400,128,0,29486:0:0:0:0:
182,0,29486,128,0,29571:0:0:0:0:
402,0,29486,128,0,29571:0:0:0:0:
256,0,29571,128,0,29829:0:0:0:0:
475,0,29571,128,0,29657:0:0:0:0:
36,0,29657,128,0,29743:0:0:0:0:
329,0,29657,128,0,29829:0:0:0:0:
109,0,29743,128,0,29829:0:0:0:0:
402,0,29743,128,0,29829:0:0:0:0:
182,0,29829,128,0,29914:0:0:0:0:
475,0,29829,128,0,30086:0:0:0:0:
256,0,29914,128,0,30000:0:0:0:0:
402,0,29914,128,0,30086:0:0:0:0:
182,0,30000,128,0,30086:0:0:0:0:
329,0,30000,128,0,30086:0:0:0:0:
109,0,30086,128,0,30171:0:0:0:0:
256,0,30086,128,0,30343:0:0:0:0:
36,0,30171,128,0,30257:0:0:0:0:
182,0,30171,128,0,30343:0:0:0:0:
475,0,30171,128,0,30257:0:0:0:0:
109,0,30257,128,0,30343:0:0:0:0:
402,0,30257,128,0,30343:0:0:0:0:
36,0,30343,128,0,30600:0:0:0:0:
329,0,30343,128,0,30429:0:0:0:0:
109,0,30429,128,0,30600:0:0:0:0:
256,0,30429,128,0,30514:0:0:0:0:
182,0,30514,128,0,30600:0:0:0:0:
329,0,30514,128,0,30600:0:0:0:0:
256,0,30600,128,0,30857:0:0:0:0:
402,0,30600,128,0,30686:0:0:0:0:
182,0,30686,128,0,30771:0:0:0:0:
329,0,30686,128,0,30857:0:0:0:0:
475,0,30686,128,0,30771:0:0:0:0:
36,0,30771,128,0,30857:0:0:0:0:
402,0,30771,128,0,30857:0:0:0:0:
109,0,30857,128,0,30943:0:0:0:0:
475,0,30857,128,0,31029:0:0:0:0:
182,0,30943,128,0,31029:0:0:0:0:
402,0,30943,128,0,31029:0:0:0:0:
109,0,31029,128,0,31114:0:0:0:0:
329,0,31029,128,0,31371:0:0:0:0:
36,0,31114,128,0,31200:0:0:0:0:
256,0,31114,128,0,31200:0:0:0:0:
182,0,31200,128,0,31371:0:0:0:0:
109,0,31286,128,0,31371:0:0:0:0:
402,0,31286,128,0,31371:0:0:0:0:
36,0,31371,128,0,31543:0:0:0:0:
475,0,31371,128,0,31543:0:0:0:0:
109,0,31457,128,0,31543:0:0:0:0:
182,0,31457,128,0,31543:0:0:0:0:
256,0,31457,128,0,31629:0:0:0:0:
329,0,31543,128,0,31629:0:0:0:0:
402,0,31543,128,0,31714:0:0:0:0:
36,0,31629,128,0,31800:0:0:0:0:
109,0,31629,128,0,31800:0:0:0:0:
182,0,31629,128,0,31886:0:0:0:0:
475,0,31629,128,0,31714:0:0:0:0:
256,0,31714,128,0,31886:0:0:0:0:
329,0,31714,128,0,31971:0:0:0:0:
402,0,31800,128,0,31971:0:0:0:0:
475,0,31800,128,0,31971:0:0:0:0:
36,0,31886,128,0,32057:0:0:0:0:
109,0,31886,128,0,32057:0:0:0:0:
182,0,31971,128,0,32057:0:0:0:0:
256,0,31971,128,0,32143:0:0:0:0:
329,0,32057,128,0,32143:0:0:0:0:
402,0,32057,128,0,32229:0:0:0:0:
475,0,32057,128,0,32229:0:0:0:0:
36,0,32143,128,0,32314:0:0:0:0:
109,0,32143,128,0,32314:0:0:0:0:
182,0,32143,128,0,32400:0:0:0:0:
256,0,32229,128,0,32400:0:0:0:0:
329,0,32229,128,0,32400:0:0:0:0:
402,0,32314,128,0,32486:0:0:0:0:
475,0,32314,128,0,32486:0:0:0:0:
36,0,32400,128,0,32571:0:0:0:0:
109,0,32400,128,0,32571:0:0:0:0:
182,0,32486,128,0,32571:0:0:0:0:
256,0,32486,128,0,32657:0:0:0:0:
329,0,32486,128,0,32657:0:0:0:0:
402,0,32571,128,0,32657:0:0:0:0:
475,0,32571,128,0,32657:0:0:0:0:
36,0,32657,128,0,33857:0:0:0:0:
109,0,32657,128,0,33686:0:0:0:0:
182,0,32657,128,0,33514:0:0:0:0:
256,0,32743,128,0,33343:0:0:0:0:
329,0,32743,128,0,33171:0:0:0:0:
402,0,32743,128,0,33000:0:0:0:0:
475,0,32743,128,0,32914:0:0:0:0:
475,0,33000,128,0,33086:0:0:0:0:
402,0,33086,128,0,33171:0:0:0:0:
475,0,33171,128,0,33257:0:0:0:0:
329,0,33257,128,0,33343:0:0:0:0:
402,0,33343,128,0,33429:0:0:0:0:
256,0,33429,128,0,33514:0:0:0:0:
329,0,33514,128,0,33600:0:0:0:0:
182,0,33600,128,0,33686:0:0:0:0:
256,0,33686,128,0,33771:0:0:0:0:
109,0,33771,128,0,33857:0:0:0:0:
329,192,33771,1,0,0:0:0:0:
402,192,33771,1,0,0:0:0:0:
182,0,33857,128,0,33943:0:0:0:0:
475,192,33857,1,0,0:0:0:0:
36,0,33943,128,0,34029:0:0:0:0:
256,192,33943,1,0,0:0:0:0:
329,192,33943,1,0,0:0:0:0:
109,0,34029,128,0,34114:0:0:0:0:
402,192,34029,1,0,0:0:0:0:
36,0,34114,128,0,35657:0:0:0:0:
182,0,34114,128,0,37029:0:0:0:0:
256,0,34114,128,0,38400:0:0:0:0:
329,0,34114,128,0,39600:0:0:0:0:
475,0,34114,128,0,39600:0:0:0:0:
109,192,39600,1,0,0:0:0:0:
256,192,39600,1,0,0:0:0:0:
402,192,39600,1,0,0:0:0:0:
36,0,39600,128,0,40629:0:0:0:0:
182,0,39600,128,0,40114:0:0:0:0:
329,192,40114,1,0,0:0:0:0:
402,192,40114,1,0,0:0:0:0:
182,192,40457,1,0,0:0:0:0:
329,192,40457,1,0,0:0:0:0:
109,192,40629,1,0,0:0:0:0:
182,192,40629,1,0,0:0:0:0:
329,192,40971,1,0,0:0:0:0:
402,192,40971,1,0,0:0:0:0:
475,0,40971,128,0,42343:0:0:0:0:
256,192,41314,1,0,0:0:0:0:
402,192,41314,1,0,0:0:0:0:
256,192,41400,1,0,0:0:0:0:
402,192,41400,1,0,0:0:0:0:
36,192,41657,1,0,0:0:0:0:
182,192,41657,1,0,0:0:0:0:
182,192,42000,1,0,0:0:0:0:
329,192,42000,1,0,0:0:0:0:
109,192,42343,1,0,0:0:0:0:
402,192,42343,1,0,0:0:0:0:
329,0,42343,128,0,43029:0:0:0:0:
109,192,43029,1,0,0:0:0:0:
182,0,43029,128,0,43714:0:0:0:0:
256,192,43029,1,0,0:0:0:0:
256,192,43200,1,0,0:0:0:0:
329,192,43200,1,0,0:0:0:0:
329,192,43371,1,0,0:0:0:0:
402,192,43371,1,0,0:0:0:0:
402,192,43543,1,0,0:0:0:0:
475,192,43543,1,0,0:0:0:0:
109,192,43714,1,0,0:0:0:0:
256,192,43714,1,0,0:0:0:0:
329,192,43714,1,0,0:0:0:0:
36,0,43714,128,0,44743:0:0:0:0:
402,192,44057,1,0,0:0:0:0:
256,0,44400,128,0,44743:0:0:0:0:
329,192,44400,1,0,0:0:0:0:
182,192,44743,1,0,0:0:0:0:
329,0,44743,128,0,45086:0:0:0:0:
475,0,44743,128,0,45086:0:0:0:0:
256,192,45086,1,0,0:0:0:0:
402,192,45086,1,0,0:0:0:0:
182,192,45171,1,0,0:0:0:0:
109,192,45257,1,0,0:0:0:0:
329,192,45257,1,0,0:0:0:0:
402,192,45257,1,0,0:0:0:0:
36,192,45343,1,0,0:0:0:0:
256,192,45343,1,0,0:0:0:0:
182,192,45429,1,0,0:0:0:0:
329,192,45429,1,0,0:0:0:0:
109,192,45514,1,0,0:0:0:0:
402,192,45514,1,0,0:0:0:0:
475,192,45514,1,0,0:0:0:0:
36,192,45600,1,0,0:0:0:0:
329,192,45600,1,0,0:0:0:0:
182,192,45686,1,0,0:0:0:0:
256,192,45686,1,0,0:0:0:0:
109,192,45771,1,0,0:0:0:0:
329,192,45771,1,0,0:0:0:0:
36,192,45857,1,0,0:0:0:0:
402,192,45857,1,0,0:0:0:0:
109,192,45943,1,0,0:0:0:0:
182,192,45943,1,0,0:0:0:0:
475,192,45943,1,0,0:0:0:0:
256,192,46029,1,0,0:0:0:0:
36,192,46114,1,0,0:0:0:0:
329,192,46114,1,0,0:0:0:0:
402,192,46114,1,0,0:0:0:0:
109,192,46200,1,0,0:0:0:0:
475,192,46200,1,0,0:0:0:0:
182,192,46286,1,0,0:0:0:0:
256,192,46286,1,0,0:0:0:0:
329,192,46371,1,0,0:0:0:0:
475,192,46371,1,0,0:0:0:0:
256,192,46457,1,0,0:0:0:0:
402,192,46457,1,0,0:0:0:0:
182,192,46543,1,0,0:0:0:0:
329,192,46543,1,0,0:0:0:0:
109,192,46629,1,0,0:0:0:0:
256,192,46629,1,0,0:0:0:0:
36,192,46714,1,0,0:0:0:0:
182,192,46714,1,0,0:0:0:0:
329,192,46714,1,0,0:0:0:0:
256,192,46800,1,0,0:0:0:0:
402,192,46800,1,0,0:0:0:0:
182,192,46886,1,0,0:0:0:0:
329,192,46886,1,0,0:0:0:0:
475,192,46886,1,0,0:0:0:0:
36,192,46971,1,0,0:0:0:0:
109,192,46971,1,0,0:0:0:0:
256,192,46971,1,0,0:0:0:0:
182,192,47057,1,0,0:0:0:0:
402,192,47057,1,0,0:0:0:0:
475,192,47057,1,0,0:0:0:0:
109,192,47143,1,0,0:0:0:0:
329,192,47143,1,0,0:0:0:0:
36,192,47229,1,0,0:0:0:0:
256,192,47229,1,0,0:0:0:0:
402,192,47229,1,0,0:0:0:0:
182,192,47314,1,0,0:0:0:0:
475,192,47314,1,0,0:0:0:0:
109,192,47400,1,0,0:0:0:0:
329,192,47400,1,0,0:0:0:0:
182,192,47486,1,0,0:0:0:0:
402,192,47486,1,0,0:0:0:0:
109,192,47571,1,0,0:0:0:0:
329,192,47571,1,0,0:0:0:0:
475,192,47571,1,0,0:0:0:0:
36,192,47657,1,0,0:0:0:0:
256,192,47657,1,0,0:0:0:0:
36,192,47829,1,0,0:0:0:0:
256,192,47829,1,0,0:0:0:0:
182,192,48171,1,0,0:0:0:0:
329,192,48171,1,0,0:0:0:0:
402,192,48214,1,0,0:0:0:0:
475,192,48214,1,0,0:0:0:0:
36,192,48343,1,0,0:0:0:0:
109,192,48343,1,0,0:0:0:0:
256,192,48343,1,0,0:0:0:0:
182,192,48686,1,0,0:0:0:0:
329,192,48686,1,0,0:0:0:0:
475,192,48686,1,0,0:0:0:0:
109,192,49029,1,0,0:0:0:0:
256,192,49029,1,0,0:0:0:0:
402,192,49029,1,0,0:0:0:0:
329,192,49543,1,0,0:0:0:0:
475,192,49543,1,0,0:0:0:0:
256,192,49629,1,0,0:0:0:0:
475,192,49629,1,0,0:0:0:0:
36,192,49886,1,0,0:0:0:0:
182,192,49886,1,0,0:0:0:0:
329,192,49886,1,0,0:0:0:0:
36,192,50229,1,0,0:0:0:0:
109,192,50229,1,0,0:0:0:0:
329,192,50229,1,0,0:0:0:0:
36,192,50571,1,0,0:0:0:0:
182,192,50571,1,0,0:0:0:0:
256,192,50571,1,0,0:0:0:0:
109,0,50571,128,0,51000:0:0:0:0:
329,192,50657,1,0,0:0:0:0:
182,192,50743,1,0,0:0:0:0:
256,192,50914,1,0,0:0:0:0:
402,192,51000,1,0,0:0:0:0:
109,0,51086,128,0,51429:0:0:0:0:
256,192,51086,1,0,0:0:0:0:
329,192,51257,1,0,0:0:0:0:
475,192,51343,1,0,0:0:0:0:
182,0,51429,128,0,51600:0:0:0:0:
329,192,51429,1,0,0:0:0:0:
402,192,51600,1,0,0:0:0:0:
36,0,51600,128,0,52629:0:0:0:0:
256,192,51686,1,0,0:0:0:0:
402,192,51771,1,0,0:0:0:0:
329,192,51943,1,0,0:0:0:0:
475,0,51943,128,0,52286:0:0:0:0:
182,192,52029,1,0,0:0:0:0:
329,192,52114,1,0,0:0:0:0:
109,192,52286,1,0,0:0:0:0:
256,192,52286,1,0,0:0:0:0:
256,0,52371,128,0,52629:0:0:0:0:
402,192,52371,1,0,0:0:0:0:
109,192,52457,1,0,0:0:0:0:
182,192,52629,1,0,0:0:0:0:
475,0,52629,128,0,53314:0:0:0:0:
256,192,52714,1,0,0:0:0:0:
182,192,52800,1,0,0:0:0:0:
109,192,52971,1,0,0:0:0:0:
329,0,52971,128,0,53314:0:0:0:0:
402,192,53057,1,0,0:0:0:0:
109,192,53143,1,0,0:0:0:0:
36,192,53314,1,0,0:0:0:0:
109,0,53314,128,0,54686:0:0:0:0:
182,0,53314,128,0,54000:0:0:0:0:
256,192,53400,1,0,0:0:0:0:
36,192,53486,1,0,0:0:0:0:
329,192,53657,1,0,0:0:0:0:
256,192,53743,1,0,0:0:0:0:
329,192,53829,1,0,0:0:0:0:
256,0,54000,128,0,54171:0:0:0:0:
475,192,54000,1,0,0:0:0:0:
402,192,54086,1,0,0:0:0:0:
329,0,54171,128,0,54343:0:0:0:0:
475,192,54171,1,0,0:0:0:0:
182,192,54343,1,0,0:0:0:0:
402,0,54343,128,0,54514:0:0:0:0:
256,192,54429,1,0,0:0:0:0:
182,192,54514,1,0,0:0:0:0:
475,0,54514,128,0,54686:0:0:0:0:
402,192,54686,1,0,0:0:0:0:
36,0,54686,128,0,55371:0:0:0:0:
329,0,54686,128,0,55029:0:0:0:0:
256,192,54771,1,0,0:0:0:0:
402,192,54857,1,0,0:0:0:0:
256,0,55029,128,0,55371:0:0:0:0:
475,192,55029,1,0,0:0:0:0:
402,192,55114,1,0,0:0:0:0:
475,192,55200,1,0,0:0:0:0:
182,192,55371,1,0,0:0:0:0:
329,0,55371,128,0,55714:0:0:0:0:
475,0,55371,128,0,56057:0:0:0:0:
109,192,55457,1,0,0:0:0:0:
182,192,55543,1,0,0:0:0:0:
36,192,55714,1,0,0:0:0:0:
182,0,55714,128,0,56057:0:0:0:0:
402,0,55714,128,0,56057:0:0:0:0:
109,192,55800,1,0,0:0:0:0:
36,192,55886,1,0,0:0:0:0:
109,0,56057,128,0,56143:0:0:0:0:
256,0,56057,128,0,56143:0:0:0:0:
329,192,56057,1,0,0:0:0:0:
36,0,56057,128,0,56914:0:0:0:0:
402,0,56143,128,0,56229:0:0:0:0:
475,0,56143,128,0,56229:0:0:0:0:
182,0,56229,128,0,56314:0:0:0:0:
329,0,56229,128,0,56314:0:0:0:0:
109,0,56314,128,0,56400:0:0:0:0:
475,0,56314,128,0,56400:0:0:0:0:
256,0,56400,128,0,56486:0:0:0:0:
402,0,56400,128,0,56486:0:0:0:0:
109,0,56486,128,0,56571:0:0:0:0:
182,0,56486,128,0,56571:0:0:0:0:
329,0,56571,128,0,56657:0:0:0:0:
475,0,56571,128,0,56657:0:0:0:0:
182,0,56657,128,0,56743:0:0:0:0:
256,0,56657,128,0,56743:0:0:0:0:
109,0,56743,128,0,56829:0:0:0:0:
402,0,56743,128,0,56829:0:0:0:0:
256,0,56829,128,0,56914:0:0:0:0:
329,0,56829,128,0,56914:0:0:0:0:
182,0,56914,128,0,57000:0:0:0:0:
475,0,56914,128,0,57000:0:0:0:0:
329,0,57000,128,0,57086:0:0:0:0:
402,0,57000,128,0,57086:0:0:0:0:
36,0,57000,128,0,58029:0:0:0:0:
109,0,57086,128,0,57171:0:0:0:0:
256,0,57086,128,0,57171:0:0:0:0:
182,0,57171,128,0,57257:0:0:0:0:
402,0,57171,128,0,57257:0:0:0:0:
475,0,57171,128,0,57257:0:0:0:0:
329,0,57257,128,0,57343:0:0:0:0:
109,0,57257,128,0,58114:0:0:0:0:
182,0,57343,128,0,57429:0:0:0:0:
475,0,57343,128,0,57429:0:0:0:0:
256,0,57429,128,0,57514:0:0:0:0:
402,0,57429,128,0,57514:0:0:0:0:
182,0,57514,128,0,58200:0:0:0:0:
256,0,57600,128,0,57686:0:0:0:0:
475,0,57600,128,0,57686:0:0:0:0:
329,0,57686,128,0,57771:0:0:0:0:
256,0,57771,128,0,58286:0:0:0:0:
329,0,57857,128,0,57943:0:0:0:0:
402,0,57943,128,0,58029:0:0:0:0:
329,0,58029,128,0,58371:0:0:0:0:
36,192,58114,1,0,0:0:0:0:
402,0,58114,128,0,58457:0:0:0:0:
109,192,58200,1,0,0:0:0:0:
475,0,58200,128,0,58543:0:0:0:0:
182,192,58286,1,0,0:0:0:0:
256,192,58371,1,0,0:0:0:0:
329,192,58457,1,0,0:0:0:0:
402,192,58543,1,0,0:0:0:0:
36,0,58629,128,0,58714:0:0:0:0:
182,0,58629,128,0,58714:0:0:0:0:
475,192,58629,1,0,0:0:0:0:
329,192,58800,1,0,0:0:0:0:
36,0,58800,128,0,59057:0:0:0:0:
182,0,58800,128,0,59057:0:0:0:0:
36,0,59143,128,0,59657:0:0:0:0:
182,192,59143,1,0,0:0:0:0:
256,192,59143,1,0,0:0:0:0:
329,192,59314,1,0,0:0:0:0:
475,192,59314,1,0,0:0:0:0:
182,192,59657,1,0,0:0:0:0:
256,192,59657,1,0,0:0:0:0:
329,192,59657,1,0,0:0:0:0:
475,0,59657,128,0,60429:0:0:0:0:
36,192,60000,1,0,0:0:0:0:
109,192,60000,1,0,0:0:0:0:
182,0,60000,128,0,60429:0:0:0:0:
256,192,60429,1,0,0:0:0:0:
402,192,60429,1,0,0:0:0:0:
36,192,60514,1,0,0:0:0:0:
109,192,60514,1,0,0:0:0:0:
182,192,60514,1,0,0:0:0:0:
329,192,60514,1,0,0:0:0:0:
109,192,60857,1,0,0:0:0:0:
182,192,60857,1,0,0:0:0:0:
256,192,60857,1,0,0:0:0:0:
402,192,60857,1,0,0:0:0:0:
182,192,61200,1,0,0:0:0:0:
256,192,61200,1,0,0:0:0:0:
329,192,61200,1,0,0:0:0:0:
475,192,61200,1,0,0:0:0:0:
36,192,61371,1,0,0:0:0:0:
36,192,61543,1,0,0:0:0:0:
109,192,61543,1,0,0:0:0:0:
182,192,61543,1,0,0:0:0:0:
329,192,61543,1,0,0:0:0:0:
402,192,61543,1,0,0:0:0:0:
475,192,61543,1,0,0:0:0:0:
182,192,61886,1,0,0:0:0:0:
329,192,61886,1,0,0:0:0:0:
402,192,61886,1,0,0:0:0:0:
475,192,61886,1,0,0:0:0:0:
109,192,62229,1,0,0:0:0:0:
256,192,62229,1,0,0:0:0:0:
329,192,62229,1,0,0:0:0:0:
402,192,62229,1,0,0:0:0:0:
36,192,62571,1,0,0:0:0:0:
182,192,62571,1,0,0:0:0:0:
256,192,62571,1,0,0:0:0:0:
329,192,62571,1,0,0:0:0:0:
475,192,62743,1,0,0:0:0:0:
36,192,62914,1,0,0:0:0:0:
109,192,62914,1,0,0:0:0:0:
182,192,62914,1,0,0:0:0:0:
329,192,62914,1,0,0:0:0:0:
402,192,62914,1,0,0:0:0:0:
475,192,62914,1,0,0:0:0:0:
36,192,63257,1,0,0:0:0:0:
109,192,63257,1,0,0:0:0:0:
182,192,63257,1,0,0:0:0:0:
329,192,63257,1,0,0:0:0:0:
256,192,63343,1,0,0:0:0:0:
109,192,63600,1,0,0:0:0:0:
182,192,63600,1,0,0:0:0:0:
256,192,63600,1,0,0:0:0:0:
402,192,63600,1,0,0:0:0:0:
329,192,63686,1,0,0:0:0:0:
182,192,63943,1,0,0:0:0:0:
256,192,63943,1,0,0:0:0:0:
329,192,63943,1,0,0:0:0:0:
475,192,63943,1,0,0:0:0:0:
402,192,64029,1,0,0:0:0:0:
36,192,64114,1,0,0:0:0:0:
36,192,64286,1,0,0:0:0:0:
109,192,64286,1,0,0:0:0:0:
182,192,64286,1,0,0:0:0:0:
329,192,64286,1,0,0:0:0:0:
402,192,64286,1,0,0:0:0:0:
475,192,64286,1,0,0:0:0:0:
36,192,64543,1,0,0:0:0:0:
109,192,64543,1,0,0:0:0:0:
109,192,64686,1,0,0:0:0:0:
182,192,64686,1,0,0:0:0:0:
256,192,64686,1,0,0:0:0:0:
329,192,64686,1,0,0:0:0:0:
109,192,64886,1,0,0:0:0:0:
182,192,64886,1,0,0:0:0:0:
182,192,65029,1,0,0:0:0:0:
256,192,65029,1,0,0:0:0:0:
329,192,65029,1,0,0:0:0:0:
402,192,65029,1,0,0:0:0:0:
182,192,65229,1,0,0:0:0:0:
256,192,65229,1,0,0:0:0:0:
256,192,65371,1,0,0:0:0:0:
329,192,65371,1,0,0:0:0:0:
402,192,65371,1,0,0:0:0:0:
475,192,65371,1,0,0:0:0:0:
256,192,65571,1,0,0:0:0:0:
329,192,65571,1,0,0:0:0:0:
36,192,65657,1,0,0:0:0:0:
109,192,65657,1,0,0:0:0:0:
182,192,65657,1,0,0:0:0:0:
402,192,65657,1,0,0:0:0:0:
475,192,65657,1,0,0:0:0:0:
36,192,65771,1,0,0:0:0:0:
109,192,65771,1,0,0:0:0:0:
182,192,65771,1,0,0:0:0:0:
36,192,65886,1,0,0:0:0:0:
109,192,65886,1,0,0:0:0:0:
182,192,65886,1,0,0:0:0:0:
36,192,66000,1,0,0:0:0:0:
109,192,66000,1,0,0:0:0:0:
256,192,66000,1,0,0:0:0:0:
36,192,66114,1,0,0:0:0:0:
109,192,66114,1,0,0:0:0:0:
256,192,66114,1,0,0:0:0:0:
36,192,66229,1,0,0:0:0:0:
109,192,66229,1,0,0:0:0:0:
256,192,66229,1,0,0:0:0:0:
36,192,66343,1,0,0:0:0:0:
109,192,66343,1,0,0:0:0:0:
329,192,66343,1,0,0:0:0:0:
36,192,66457,1,0,0:0:0:0:
109,192,66457,1,0,0:0:0:0:
329,192,66457,1,0,0:0:0:0:
36,192,66571,1,0,0:0:0:0:
109,192,66571,1,0,0:0:0:0:
329,192,66571,1,0,0:0:0:0:
36,192,66686,1,0,0:0:0:0:
109,192,66686,1,0,0:0:0:0:
402,192,66686,1,0,0:0:0:0:
36,192,66800,1,0,0:0:0:0:
109,192,66800,1,0,0:0:0:0:
402,192,66800,1,0,0:0:0:0:
36,192,66914,1,0,0:0:0:0:
109,192,66914,1,0,0:0:0:0:
402,192,66914,1,0,0:0:0:0:
256,192,67029,1,0,0:0:0:0:
475,192,67029,1,0,0:0:0:0:
182,192,67114,1,0,0:0:0:0:
402,192,67114,1,0,0:0:0:0:
109,192,67200,1,0,0:0:0:0:
329,192,67200,1,0,0:0:0:0:
36,192,67286,1,0,0:0:0:0:
256,192,67286,1,0,0:0:0:0:
109,192,67371,1,0,0:0:0:0:
329,192,67371,1,0,0:0:0:0:
182,192,67457,1,0,0:0:0:0:
402,192,67457,1,0,0:0:0:0:
109,192,67543,1,0,0:0:0:0:
329,192,67543,1,0,0:0:0:0:
36,192,67629,1,0,0:0:0:0:
256,192,67629,1,0,0:0:0:0:
182,192,67714,1,0,0:0:0:0:
329,192,67714,1,0,0:0:0:0:
109,192,67800,1,0,0:0:0:0:
402,192,67800,1,0,0:0:0:0:
36,192,67886,1,0,0:0:0:0:
475,192,67886,1,0,0:0:0:0:
182,192,67971,1,0,0:0:0:0:
329,192,67971,1,0,0:0:0:0:
109,192,68057,1,0,0:0:0:0:
402,192,68057,1,0,0:0:0:0:
36,192,68143,1,0,0:0:0:0:
475,192,68143,1,0,0:0:0:0:
36,0,68400,128,0,68486:0:0:0:0:
182,0,68400,128,0,68657:0:0:0:0:
329,0,68400,128,0,68657:0:0:0:0:
475,0,68400,128,0,68657:0:0:0:0:
36,0,68571,128,0,68829:0:0:0:0:
109,0,68657,128,0,68829:0:0:0:0:
182,0,68743,128,0,68829:0:0:0:0:
256,0,68829,128,0,68914:0:0:0:0:
475,0,68829,128,0,68914:0:0:0:0:
36,0,68914,128,0,69171:0:0:0:0:
109,0,68914,128,0,69086:0:0:0:0:
182,0,68914,128,0,69000:0:0:0:0:
402,192,68914,1,0,0:0:0:0:
329,0,69000,128,0,69086:0:0:0:0:
256,192,69086,1,0,0:0:0:0:
402,0,69086,128,0,69171:0:0:0:0:
475,0,69086,128,0,69257:0:0:0:0:
182,0,69171,128,0,69257:0:0:0:0:
109,192,69257,1,0,0:0:0:0:
256,0,69257,128,0,69343:0:0:0:0:
329,0,69257,128,0,69429:0:0:0:0:
36,0,69343,128,0,69429:0:0:0:0:
402,0,69343,128,0,69429:0:0:0:0:
109,0,69429,128,0,69514:0:0:0:0:
182,0,69429,128,0,69600:0:0:0:0:
475,0,69429,128,0,69600:0:0:0:0:
256,0,69514,128,0,69600:0:0:0:0:
36,0,69600,128,0,69771:0:0:0:0:
329,0,69600,128,0,69771:0:0:0:0:
402,192,69600,1,0,0:0:0:0:
109,0,69686,128,0,69771:0:0:0:0:
475,0,69686,128,0,69943:0:0:0:0:
256,192,69771,1,0,0:0:0:0:
182,0,69771,128,0,69943:0:0:0:0:
402,0,69771,128,0,69943:0:0:0:0:
329,0,69857,128,0,69943:0:0:0:0:
36,0,69943,128,0,70029:0:0:0:0:
256,0,69943,128,0,70029:0:0:0:0:
109,192,70029,1,0,0:0:0:0:
329,0,70029,128,0,70114:0:0:0:0:
402,0,70029,128,0,70200:0:0:0:0:
475,0,70029,128,0,70286:0:0:0:0:
182,0,70114,128,0,70200:0:0:0:0:
36,0,70200,128,0,70371:0:0:0:0:
109,0,70200,128,0,70286:0:0:0:0:
256,192,70200,1,0,0:0:0:0:
329,0,70286,128,0,70371:0:0:0:0:
182,0,70371,128,0,70543:0:0:0:0:
256,0,70371,128,0,70457:0:0:0:0:
402,192,70371,1,0,0:0:0:0:
109,0,70457,128,0,70543:0:0:0:0:
475,0,70457,128,0,70543:0:0:0:0:
36,0,70543,128,0,70714:0:0:0:0:
329,0,70543,128,0,70714:0:0:0:0:
402,0,70543,128,0,70629:0:0:0:0:
256,0,70629,128,0,70714:0:0:0:0:
109,192,70714,1,0,0:0:0:0:
182,0,70714,128,0,70886:0:0:0:0:
475,0,70714,128,0,70886:0:0:0:0:
36,0,70800,128,0,71057:0:0:0:0:
402,0,70800,128,0,70886:0:0:0:0:
109,0,70886,128,0,71057:0:0:0:0:
256,192,70886,1,0,0:0:0:0:
329,0,70886,128,0,71057:0:0:0:0:
182,0,70971,128,0,71057:0:0:0:0:
256,0,71057,128,0,71143:0:0:0:0:
402,192,71057,1,0,0:0:0:0:
475,192,71057,1,0,0:0:0:0:
182,0,71143,128,0,71229:0:0:0:0:
329,0,71143,128,0,71229:0:0:0:0:
109,0,71229,128,0,71314:0:0:0:0:
402,0,71229,128,0,71314:0:0:0:0:
36,0,71314,128,0,71400:0:0:0:0:
475,0,71314,128,0,71400:0:0:0:0:
109,0,71400,128,0,71486:0:0:0:0:
402,0,71400,128,0,71486:0:0:0:0:
182,0,71486,128,0,71657:0:0:0:0:
256,192,71486,1,0,0:0:0:0:
329,0,71486,128,0,71829:0:0:0:0:
109,0,71657,128,0,71743:0:0:0:0:
182,0,71743,128,0,71829:0:0:0:0:
36,0,71829,128,0,72429:0:0:0:0:
256,0,71829,128,0,72000:0:0:0:0:
475,0,71829,128,0,72086:0:0:0:0:
329,0,72000,128,0,72086:0:0:0:0:
402,0,72086,128,0,72171:0:0:0:0:
329,0,72171,128,0,72257:0:0:0:0:
256,0,72257,128,0,72343:0:0:0:0:
182,0,72343,128,0,72429:0:0:0:0:
109,0,72429,128,0,72514:0:0:0:0:
36,0,72514,128,0,72600:0:0:0:0:
329,0,72514,128,0,72600:0:0:0:0:
475,0,72514,128,0,72857:0:0:0:0:
256,0,72600,128,0,72686:0:0:0:0:
402,0,72600,128,0,73029:0:0:0:0:
182,0,72686,128,0,72771:0:0:0:0:
329,0,72686,128,0,72943:0:0:0:0:
109,0,72771,128,0,73029:0:0:0:0:
256,0,72771,128,0,72857:0:0:0:0:
36,0,72857,128,0,72943:0:0:0:0:
182,0,72857,128,0,73114:0:0:0:0:
256,0,72943,128,0,73200:0:0:0:0:
475,0,72943,128,0,73114:0:0:0:0:
36,0,73029,128,0,73714:0:0:0:0:
329,0,73029,128,0,73200:0:0:0:0:
109,0,73114,128,0,73543:0:0:0:0:
402,0,73114,128,0,73286:0:0:0:0:
182,0,73200,128,0,73371:0:0:0:0:
475,0,73200,128,0,73286:0:0:0:0:
256,0,73286,128,0,73371:0:0:0:0:
329,0,73286,128,0,73457:0:0:0:0:
402,0,73371,128,0,73457:0:0:0:0:
475,0,73371,128,0,73457:0:0:0:0:
182,0,73457,128,0,73543:0:0:0:0:
256,0,73457,128,0,73629:0:0:0:0:
329,0,73543,128,0,73629:0:0:0:0:
402,0,73543,128,0,73629:0:0:0:0:
109,0,73629,128,0,73714:0:0:0:0:
182,0,73629,128,0,73800:0:0:0:0:
256,0,73714,128,0,73800:0:0:0:0:
329,0,73714,128,0,73800:0:0:0:0:
36,0,73800,128,0,73886:0:0:0:0:
109,0,73800,128,0,73886:0:0:0:0:
182,0,73886,128,0,74057:0:0:0:0:
475,0,73886,128,0,74143:0:0:0:0:
402,0,73971,128,0,74057:0:0:0:0:
36,0,74057,128,0,74229:0:0:0:0:
256,192,74057,1,0,0:0:0:0:
329,0,74057,128,0,74314:0:0:0:0:
402,0,74143,128,0,74229:0:0:0:0:
109,192,74229,1,0,0:0:0:0:
182,0,74229,128,0,74400:0:0:0:0:
475,0,74229,128,0,74486:0:0:0:0:
402,0,74314,128,0,74400:0:0:0:0:
36,0,74400,128,0,74571:0:0:0:0:
256,192,74400,1,0,0:0:0:0:
329,0,74400,128,0,74657:0:0:0:0:
402,0,74486,128,0,74571:0:0:0:0:
109,192,74571,1,0,0:0:0:0:
182,0,74571,128,0,74743:0:0:0:0:
475,0,74571,128,0,75000:0:0:0:0:
402,0,74657,128,0,74914:0:0:0:0:
36,0,74657,128,0,75686:0:0:0:0:
109,0,74743,128,0,75086:0:0:0:0:
256,192,74743,1,0,0:0:0:0:
329,0,74743,128,0,74829:0:0:0:0:
182,0,74829,128,0,75514:0:0:0:0:
256,0,74914,128,0,75086:0:0:0:0:
329,0,75000,128,0,75343:0:0:0:0:
402,0,75086,128,0,75257:0:0:0:0:
475,0,75257,128,0,75343:0:0:0:0:
402,0,75343,128,0,75600:0:0:0:0:
329,0,75429,128,0,75514:0:0:0:0:
256,0,75514,128,0,75771:0:0:0:0:
182,0,75600,128,0,75686:0:0:0:0:
475,0,75600,128,0,75857:0:0:0:0:
109,0,75686,128,0,75943:0:0:0:0:
402,192,75686,1,0,0:0:0:0:
36,0,75771,128,0,75857:0:0:0:0:
329,0,75771,128,0,76029:0:0:0:0:
256,192,75857,1,0,0:0:0:0:
182,0,75943,128,0,76200:0:0:0:0:
475,192,75943,1,0,0:0:0:0:
109,0,76029,128,0,76200:0:0:0:0:
402,0,76029,128,0,76286:0:0:0:0:
36,0,76114,128,0,76200:0:0:0:0:
329,192,76114,1,0,0:0:0:0:
256,0,76200,128,0,76457:0:0:0:0:
36,192,76286,1,0,0:0:0:0:
182,0,76286,128,0,76457:0:0:0:0:
475,0,76286,128,0,76543:0:0:0:0:
109,0,76371,128,0,76457:0:0:0:0:
402,192,76371,1,0,0:0:0:0:
329,0,76457,128,0,76714:0:0:0:0:
109,192,76543,1,0,0:0:0:0:
256,0,76543,128,0,76714:0:0:0:0:
182,0,76629,128,0,76714:0:0:0:0:
475,192,76629,1,0,0:0:0:0:
109,0,76714,128,0,76886:0:0:0:0:
402,0,76714,128,0,76886:0:0:0:0:
182,0,76800,128,0,76971:0:0:0:0:
329,0,76800,128,0,76971:0:0:0:0:
36,0,76886,128,0,77400:0:0:0:0:
475,0,76886,128,0,77400:0:0:0:0:
109,0,76971,128,0,77143:0:0:0:0:
402,0,76971,128,0,77143:0:0:0:0:
182,0,77057,128,0,77229:0:0:0:0:
329,0,77057,128,0,77229:0:0:0:0:
256,0,77143,128,0,77486:0:0:0:0:
109,0,77229,128,0,77314:0:0:0:0:
402,0,77229,128,0,77314:0:0:0:0:
182,0,77314,128,0,77571:0:0:0:0:
329,0,77314,128,0,77571:0:0:0:0:
109,0,77400,128,0,77657:0:0:0:0:
402,0,77400,128,0,77657:0:0:0:0:
36,0,77486,128,0,77914:0:0:0:0:
475,0,77486,128,0,77914:0:0:0:0:
256,0,77571,128,0,77829:0:0:0:0:
182,0,77657,128,0,77743:0:0:0:0:
329,0,77657,128,0,77743:0:0:0:0:
109,0,77743,128,0,77914:0:0:0:0:
402,0,77743,128,0,77914:0:0:0:0:
182,0,77829,128,0,77914:0:0:0:0:
329,0,77829,128,0,77914:0:0:0:0:
256,0,77914,128,0,78086:0:0:0:0:
182,192,78000,1,0,0:0:0:0:
36,0,78000,128,0,78171:0:0:0:0:
329,0,78086,128,0,78257:0:0:0:0:
109,0,78171,128,0,78343:0:0:0:0:
256,192,78171,1,0,0:0:0:0:
36,192,78257,1,0,0:0:0:0:
402,0,78257,128,0,78429:0:0:0:0:
182,0,78343,128,0,78514:0:0:0:0:
329,192,78343,1,0,0:0:0:0:
109,192,78429,1,0,0:0:0:0:
475,0,78429,128,0,78600:0:0:0:0:
256,0,78514,128,0,78686:0:0:0:0:
402,192,78514,1,0,0:0:0:0:
36,0,78600,128,0,78771:0:0:0:0:
182,192,78600,1,0,0:0:0:0:
329,0,78686,128,0,78857:0:0:0:0:
475,192,78686,1,0,0:0:0:0:
109,0,78771,128,0,78943:0:0:0:0:
256,192,78771,1,0,0:0:0:0:
36,192,78857,1,0,0:0:0:0:
402,0,78857,128,0,79029:0:0:0:0:
182,0,78943,128,0,79114:0:0:0:0:
329,192,78943,1,0,0:0:0:0:
36,192,79029,1,0,0:0:0:0:
109,192,79029,1,0,0:0:0:0:
475,0,79029,128,0,79286:0:0:0:0:
256,0,79114,128,0,79286:0:0:0:0:
402,192,79114,1,0,0:0:0:0:
36,192,79200,1,0,0:0:0:0:
109,192,79200,1,0,0:0:0:0:
182,192,79200,1,0,0:0:0:0:
182,192,79371,1,0,0:0:0:0:
256,192,79371,1,0,0:0:0:0:
329,192,79371,1,0,0:0:0:0:
475,192,79371,1,0,0:0:0:0:
36,0,79371,128,0,79800:0:0:0:0:
109,0,79457,128,0,79714:0:0:0:0:
182,0,79543,128,0,79629:0:0:0:0:
329,192,79543,1,0,0:0:0:0:
256,0,79629,128,0,79886:0:0:0:0:
182,0,79714,128,0,79800:0:0:0:0:
329,192,79714,1,0,0:0:0:0:
402,192,79714,1,0,0:0:0:0:
475,192,79714,1,0,0:0:0:0:
109,0,79800,128,0,80229:0:0:0:0:
182,0,79886,128,0,80143:0:0:0:0:
402,192,79886,1,0,0:0:0:0:
256,0,79971,128,0,80057:0:0:0:0:
36,192,80057,1,0,0:0:0:0:
329,0,80057,128,0,80314:0:0:0:0:
402,192,80057,1,0,0:0:0:0:
475,192,80057,1,0,0:0:0:0:
256,0,80143,128,0,80229:0:0:0:0:
182,0,80229,128,0,80657:0:0:0:0:
475,192,80229,1,0,0:0:0:0:
256,0,80314,128,0,80571:0:0:0:0:
36,192,80400,1,0,0:0:0:0:
109,192,80400,1,0,0:0:0:0:
329,0,80400,128,0,80486:0:0:0:0:
475,192,80400,1,0,0:0:0:0:
402,0,80486,128,0,80743:0:0:0:0:
329,0,80571,128,0,80657:0:0:0:0:
36,0,80571,128,0,81171:0:0:0:0:
256,0,80657,128,0,80743:0:0:0:0:
109,0,80657,128,0,81086:0:0:0:0:
329,0,80743,128,0,80829:0:0:0:0:
182,0,80743,128,0,81000:0:0:0:0:
256,0,80829,128,0,80914:0:0:0:0:
402,0,80829,128,0,80914:0:0:0:0:
329,0,80914,128,0,81000:0:0:0:0:
475,0,80914,128,0,81000:0:0:0:0:
256,0,81000,128,0,81086:0:0:0:0:
402,0,81000,128,0,81086:0:0:0:0:
182,0,81086,128,0,81171:0:0:0:0:
329,0,81086,128,0,81171:0:0:0:0:
109,0,81171,128,0,81257:0:0:0:0:
256,0,81171,128,0,81257:0:0:0:0:
36,0,81257,128,0,81686:0:0:0:0:
182,0,81257,128,0,81429:0:0:0:0:
402,192,81257,1,0,0:0:0:0:
329,0,81343,128,0,81429:0:0:0:0:
475,0,81343,128,0,81514:0:0:0:0:
109,192,81429,1,0,0:0:0:0:
256,0,81429,128,0,81600:0:0:0:0:
402,0,81514,128,0,81600:0:0:0:0:
182,0,81600,128,0,81686:0:0:0:0:
329,0,81600,128,0,81771:0:0:0:0:
475,192,81600,1,0,0:0:0:0:
109,0,81686,128,0,81857:0:0:0:0:
256,0,81771,128,0,81857:0:0:0:0:
402,192,81771,1,0,0:0:0:0:
36,0,81857,128,0,81943:0:0:0:0:
182,0,81857,128,0,82029:0:0:0:0:
109,0,81943,128,0,82029:0:0:0:0:
329,192,81943,1,0,0:0:0:0:
36,0,82029,128,0,82286:0:0:0:0:
109,0,82114,128,0,82200:0:0:0:0:
256,192,82114,1,0,0:0:0:0:
329,192,82200,1,0,0:0:0:0:
182,0,82200,128,0,82371:0:0:0:0:
256,0,82286,128,0,82457:0:0:0:0:
402,192,82286,1,0,0:0:0:0:
36,0,82371,128,0,82543:0:0:0:0:
475,192,82371,1,0,0:0:0:0:
182,0,82457,128,0,82629:0:0:0:0:
329,192,82457,1,0,0:0:0:0:
256,0,82543,128,0,82714:0:0:0:0:
402,192,82543,1,0,0:0:0:0:
36,0,82629,128,0,82886:0:0:0:0:
475,192,82629,1,0,0:0:0:0:
109,0,82714,128,0,82886:0:0:0:0:
402,192,82714,1,0,0:0:0:0:
182,0,82800,128,0,82886:0:0:0:0:
329,192,82800,1,0,0:0:0:0:
475,0,82800,128,0,83057:0:0:0:0:
256,192,82886,1,0,0:0:0:0:
402,0,82886,128,0,82971:0:0:0:0:
182,192,82971,1,0,0:0:0:0:
329,0,82971,128,0,83143:0:0:0:0:
109,192,83057,1,0,0:0:0:0:
256,0,83057,128,0,83229:0:0:0:0:
36,192,83143,1,0,0:0:0:0:
475,0,83143,128,0,83314:0:0:0:0:
182,192,83229,1,0,0:0:0:0:
329,0,83229,128,0,83400:0:0:0:0:
109,192,83314,1,0,0:0:0:0:
256,0,83314,128,0,83486:0:0:0:0:
36,0,83400,128,0,83829:0:0:0:0:
475,0,83400,128,0,83657:0:0:0:0:
109,0,83486,128,0,83743:0:0:0:0:
402,0,83486,128,0,83657:0:0:0:0:
182,0,83571,128,0,83657:0:0:0:0:
329,0,83571,128,0,83657:0:0:0:0:
256,0,83657,128,0,83743:0:0:0:0:
182,0,83743,128,0,84000:0:0:0:0:
329,0,83743,128,0,83829:0:0:0:0:
402,0,83743,128,0,83914:0:0:0:0:
475,0,83743,128,0,84000:0:0:0:0:
109,0,83829,128,0,83914:0:0:0:0:
256,0,83829,128,0,84086:0:0:0:0:
36,0,83914,128,0,84514:0:0:0:0:
329,0,83914,128,0,84171:0:0:0:0:
109,0,84000,128,0,84086:0:0:0:0:
402,0,84000,128,0,84257:0:0:0:0:
182,0,84086,128,0,84514:0:0:0:0:
475,0,84086,128,0,84343:0:0:0:0:
256,0,84171,128,0,84257:0:0:0:0:
329,0,84257,128,0,84514:0:0:0:0:
402,0,84343,128,0,84429:0:0:0:0:
475,0,84429,128,0,84514:0:0:0:0:
109,0,84514,128,0,84600:0:0:0:0:
402,0,84514,128,0,84600:0:0:0:0:
182,0,84600,128,0,84686:0:0:0:0:
329,0,84600,128,0,84686:0:0:0:0:
36,0,84686,128,0,84857:0:0:0:0:
475,0,84686,128,0,84857:0:0:0:0:
256,0,84686,128,0,85114:0:0:0:0:
402,0,84857,128,0,84943:0:0:0:0:
109,0,84857,128,0,85286:0:0:0:0:
182,0,84857,128,0,85200:0:0:0:0:
329,0,84857,128,0,85029:0:0:0:0:
475,192,84943,1,0,0:0:0:0:
402,192,85029,1,0,0:0:0:0:
329,192,85114,1,0,0:0:0:0:
256,192,85200,1,0,0:0:0:0:
36,0,85286,128,0,85629:0:0:0:0:
182,192,85286,1,0,0:0:0:0:
109,0,85371,128,0,85629:0:0:0:0:
256,192,85371,1,0,0:0:0:0:
182,0,85457,128,0,85629:0:0:0:0:
329,192,85457,1,0,0:0:0:0:
256,0,85543,128,0,85800:0:0:0:0:
402,192,85543,1,0,0:0:0:0:
329,0,85629,128,0,85714:0:0:0:0:
475,0,85629,128,0,85714:0:0:0:0:
36,0,85714,128,0,86057:0:0:0:0:
109,0,85714,128,0,85971:0:0:0:0:
182,0,85714,128,0,85886:0:0:0:0:
402,192,85800,1,0,0:0:0:0:
329,192,85886,1,0,0:0:0:0:
475,0,85886,128,0,86486:0:0:0:0:
256,192,85971,1,0,0:0:0:0:
402,0,85971,128,0,86400:0:0:0:0:
182,192,86057,1,0,0:0:0:0:
329,0,86057,128,0,86314:0:0:0:0:
109,192,86143,1,0,0:0:0:0:
256,0,86143,128,0,86229:0:0:0:0:
182,192,86229,1,0,0:0:0:0:
36,0,86229,128,0,86486:0:0:0:0:
256,192,86314,1,0,0:0:0:0:
109,0,86314,128,0,86400:0:0:0:0:
182,0,86400,128,0,86657:0:0:0:0:
329,192,86400,1,0,0:0:0:0:
109,0,86486,128,0,86571:0:0:0:0:
256,0,86486,128,0,86571:0:0:0:0:
402,192,86486,1,0,0:0:0:0:
36,0,86571,128,0,86829:0:0:0:0:
475,192,86571,1,0,0:0:0:0:
109,0,86657,128,0,86743:0:0:0:0:
402,192,86657,1,0,0:0:0:0:
182,0,86743,128,0,87000:0:0:0:0:
329,192,86743,1,0,0:0:0:0:
109,0,86829,128,0,86914:0:0:0:0:
256,0,86829,128,0,86914:0:0:0:0:
475,0,86829,128,0,87000:0:0:0:0:
36,0,86914,128,0,87171:0:0:0:0:
402,0,86914,128,0,87086:0:0:0:0:
109,0,87000,128,0,87086:0:0:0:0:
329,0,87000,128,0,87171:0:0:0:0:
256,0,87086,128,0,87257:0:0:0:0:
475,0,87086,128,0,87514:0:0:0:0:
182,0,87171,128,0,87343:0:0:0:0:
402,0,87171,128,0,87686:0:0:0:0:
109,0,87257,128,0,87429:0:0:0:0:
329,0,87257,128,0,87514:0:0:0:0:
36,0,87343,128,0,87514:0:0:0:0:
256,0,87343,128,0,87686:0:0:0:0:
182,0,87429,128,0,87514:0:0:0:0:
109,192,87514,1,0,0:0:0:0:
329,0,87600,128,0,87857:0:0:0:0:
475,0,87600,128,0,87857:0:0:0:0:
36,192,87686,1,0,0:0:0:0:
109,192,87686,1,0,0:0:0:0:
182,192,87686,1,0,0:0:0:0:
256,0,87771,128,0,88029:0:0:0:0:
402,0,87771,128,0,88029:0:0:0:0:
36,192,87857,1,0,0:0:0:0:
109,192,87857,1,0,0:0:0:0:
182,0,87943,128,0,88200:0:0:0:0:
329,0,87943,128,0,88200:0:0:0:0:
36,192,88029,1,0,0:0:0:0:
475,192,88029,1,0,0:0:0:0:
109,0,88114,128,0,88371:0:0:0:0:
256,0,88114,128,0,88371:0:0:0:0:
402,192,88200,1,0,0:0:0:0:
475,192,88200,1,0,0:0:0:0:
36,0,88286,128,0,88543:0:0:0:0:
182,0,88286,128,0,88543:0:0:0:0:
329,192,88371,1,0,0:0:0:0:
402,192,88371,1,0,0:0:0:0:
475,192,88371,1,0,0:0:0:0:
109,0,88457,128,0,88714:0:0:0:0:
256,0,88457,128,0,88714:0:0:0:0:
402,192,88543,1,0,0:0:0:0:
475,192,88543,1,0,0:0:0:0:
182,0,88629,128,0,88971:0:0:0:0:
329,0,88629,128,0,88971:0:0:0:0:
36,192,88714,1,0,0:0:0:0:
475,192,88714,1,0,0:0:0:0:
402,0,88800,128,0,88971:0:0:0:0:
36,192,88886,1,0,0:0:0:0:
109,192,88886,1,0,0:0:0:0:
256,192,88971,1,0,0:0:0:0:
475,192,88971,1,0,0:0:0:0:
182,192,89086,1,0,0:0:0:0:
475,192,89086,1,0,0:0:0:0:
109,192,89200,1,0,0:0:0:0:
402,192,89200,1,0,0:0:0:0:
36,192,89314,1,0,0:0:0:0:
329,192,89314,1,0,0:0:0:0:
109,192,89429,1,0,0:0:0:0:
256,192,89429,1,0,0:0:0:0:
36,192,89543,1,0,0:0:0:0:
329,192,89543,1,0,0:0:0:0:
109,192,89657,1,0,0:0:0:0:
402,192,89657,1,0,0:0:0:0:
182,192,89771,1,0,0:0:0:0:
475,192,89771,1,0,0:0:0:0:
36,0,89829,128,0,90000:0:0:0:0:
256,192,89886,1,0,0:0:0:0:
182,0,90000,128,0,90171:0:0:0:0:
329,192,90000,1,0,0:0:0:0:
402,192,90114,1,0,0:0:0:0:
329,0,90171,128,0,90343:0:0:0:0:
475,192,90229,1,0,0:0:0:0:
109,192,90343,1,0,0:0:0:0:
402,192,90343,1,0,0:0:0:0:
36,0,90343,128,0,90629:0:0:0:0:
256,0,90343,128,0,90629:0:0:0:0:
475,0,90343,128,0,90629:0:0:0:0:
36,0,90686,128,0,90857:0:0:0:0:
109,192,90686,1,0,0:0:0:0:
256,0,90686,128,0,90857:0:0:0:0:
402,192,90686,1,0,0:0:0:0:
475,0,90686,128,0,90857:0:0:0:0:
182,0,90857,128,0,90943:0:0:0:0:
329,0,90857,128,0,90943:0:0:0:0:
109,0,90943,128,0,91029:0:0:0:0:
402,0,90943,128,0,91029:0:0:0:0:
36,0,91029,128,0,91200:0:0:0:0:
256,192,91029,1,0,0:0:0:0:
475,0,91029,128,0,91200:0:0:0:0:
182,0,91114,128,0,91200:0:0:0:0:
329,0,91114,128,0,91200:0:0:0:0:
109,0,91200,128,0,91286:0:0:0:0:
402,0,91200,128,0,91286:0:0:0:0:
182,0,91286,128,0,91371:0:0:0:0:
329,0,91286,128,0,91371:0:0:0:0:
36,0,91371,128,0,91457:0:0:0:0:
256,192,91371,1,0,0:0:0:0:
475,0,91371,128,0,91457:0:0:0:0:
109,0,91457,128,0,91543:0:0:0:0:
402,0,91457,128,0,91543:0:0:0:0:
182,0,91543,128,0,91629:0:0:0:0:
329,0,91543,128,0,91629:0:0:0:0:
256,0,91629,128,0,91714:0:0:0:0:
36,0,91714,128,0,92057:0:0:0:0:
109,0,91714,128,0,91800:0:0:0:0:
182,192,91800,1,0,0:0:0:0:
256,0,91800,128,0,91886:0:0:0:0:
402,0,91886,128,0,91971:0:0:0:0:
475,0,91886,128,0,92229:0:0:0:0:
256,0,91971,128,0,92057:0:0:0:0:
329,192,91971,1,0,0:0:0:0:
109,0,92057,128,0,92143:0:0:0:0:
182,192,92057,1,0,0:0:0:0:
36,192,92143,1,0,0:0:0:0:
329,192,92229,1,0,0:0:0:0:
402,0,92229,128,0,92314:0:0:0:0:
475,192,92314,1,0,0:0:0:0:
36,192,92400,1,0,0:0:0:0:
109,192,92400,1,0,0:0:0:0:
182,192,92400,1,0,0:0:0:0:
256,0,92400,128,0,92486:0:0:0:0:
329,0,92486,128,0,92571:0:0:0:0:
36,0,92571,128,0,92914:0:0:0:0:
402,0,92571,128,0,92657:0:0:0:0:
109,0,92657,128,0,92829:0:0:0:0:
475,0,92657,128,0,92743:0:0:0:0:
182,192,92743,1,0,0:0:0:0:
256,192,92743,1,0,0:0:0:0:
329,192,92743,1,0,0:0:0:0:
402,0,92743,128,0,92829:0:0:0:0:
475,0,92829,128,0,92914:0:0:0:0:
109,192,92914,1,0,0:0:0:0:
402,0,92914,128,0,93000:0:0:0:0:
36,192,93000,1,0,0:0:0:0:
329,0,93000,128,0,93086:0:0:0:0:
182,192,93086,1,0,0:0:0:0:
256,192,93086,1,0,0:0:0:0:
475,192,93086,1,0,0:0:0:0:
182,0,93171,128,0,93857:0:0:0:0:
256,0,93171,128,0,93686:0:0:0:0:
402,192,93171,1,0,0:0:0:0:
329,192,93257,1,0,0:0:0:0:
402,192,93343,1,0,0:0:0:0:
36,0,93429,128,0,94200:0:0:0:0:
109,0,93429,128,0,94029:0:0:0:0:
475,192,93429,1,0,0:0:0:0:
402,192,93514,1,0,0:0:0:0:
329,192,93600,1,0,0:0:0:0:
402,192,93686,1,0,0:0:0:0:
256,192,93771,1,0,0:0:0:0:
475,192,93771,1,0,0:0:0:0:
256,0,93857,128,0,93943:0:0:0:0:
475,0,93857,128,0,95057:0:0:0:0:
182,192,93943,1,0,0:0:0:0:
402,192,93943,1,0,0:0:0:0:
182,0,94029,128,0,94114:0:0:0:0:
402,0,94029,128,0,94886:0:0:0:0:
109,192,94114,1,0,0:0:0:0:
329,192,94114,1,0,0:0:0:0:
109,0,94200,128,0,94286:0:0:0:0:
329,0,94200,128,0,94714:0:0:0:0:
36,192,94286,1,0,0:0:0:0:
256,192,94286,1,0,0:0:0:0:
36,0,94371,128,0,94457:0:0:0:0:
256,0,94371,128,0,94543:0:0:0:0:
109,192,94457,1,0,0:0:0:0:
182,192,94457,1,0,0:0:0:0:
109,0,94543,128,0,94629:0:0:0:0:
182,192,94629,1,0,0:0:0:0:
256,192,94629,1,0,0:0:0:0:
182,0,94714,128,0,94800:0:0:0:0:
256,192,94800,1,0,0:0:0:0:
329,192,94800,1,0,0:0:0:0:
256,0,94886,128,0,94971:0:0:0:0:
329,192,94971,1,0,0:0:0:0:
402,192,94971,1,0,0:0:0:0:
329,0,95057,128,0,95143:0:0:0:0:
36,192,95143,1,0,0:0:0:0:
109,0,95143,128,0,95229:0:0:0:0:
402,192,95143,1,0,0:0:0:0:
475,192,95143,1,0,0:0:0:0:
182,0,95229,128,0,95314:0:0:0:0:
256,0,95314,128,0,95400:0:0:0:0:
329,0,95400,128,0,95486:0:0:0:0:
36,192,95486,1,0,0:0:0:0:
109,192,95486,1,0,0:0:0:0:
182,192,95486,1,0,0:0:0:0:
475,0,95486,128,0,95571:0:0:0:0:
402,0,95571,128,0,95657:0:0:0:0:
329,0,95657,128,0,95743:0:0:0:0:
256,0,95743,128,0,95829:0:0:0:0:
109,0,95829,128,0,95914:0:0:0:0:
182,192,95829,1,0,0:0:0:0:
402,0,95829,128,0,96000:0:0:0:0:
475,0,95829,128,0,96171:0:0:0:0:
256,0,95914,128,0,96000:0:0:0:0:
329,192,95914,1,0,0:0:0:0:
36,0,96000,128,0,96086:0:0:0:0:
109,192,96000,1,0,0:0:0:0:
182,0,96086,128,0,96171:0:0:0:0:
256,192,96086,1,0,0:0:0:0:
36,0,96171,128,0,96514:0:0:0:0:
109,0,96171,128,0,96343:0:0:0:0:
329,192,96171,1,0,0:0:0:0:
402,0,96171,128,0,96257:0:0:0:0:
182,192,96257,1,0,0:0:0:0:
256,0,96257,128,0,96343:0:0:0:0:
402,192,96343,1,0,0:0:0:0:
475,0,96343,128,0,96429:0:0:0:0:
256,192,96429,1,0,0:0:0:0:
329,0,96429,128,0,96514:0:0:0:0:
109,0,96514,128,0,96600:0:0:0:0:
402,0,96514,128,0,96600:0:0:0:0:
36,0,96600,128,0,96686:0:0:0:0:
475,0,96600,128,0,96686:0:0:0:0:
109,0,96686,128,0,96771:0:0:0:0:
402,0,96686,128,0,96771:0:0:0:0:
182,0,96771,128,0,96857:0:0:0:0:
329,0,96771,128,0,96857:0:0:0:0:
109,0,96857,128,0,96943:0:0:0:0:
402,0,96857,128,0,96943:0:0:0:0:
182,0,96943,128,0,97029:0:0:0:0:
329,0,96943,128,0,97029:0:0:0:0:
36,0,97029,128,0,97114:0:0:0:0:
475,0,97029,128,0,97114:0:0:0:0:
109,0,97114,128,0,97200:0:0:0:0:
402,0,97114,128,0,97200:0:0:0:0:
182,0,97200,128,0,97243:0:0:0:0:
256,0,97200,128,0,97800:0:0:0:0:
329,0,97200,128,0,97243:0:0:0:0:
109,0,97286,128,0,97329:0:0:0:0:
402,0,97286,128,0,97329:0:0:0:0:
36,0,97371,128,0,97414:0:0:0:0:
475,0,97371,128,0,97414:0:0:0:0:
182,192,97457,1,0,0:0:0:0:
329,192,97457,1,0,0:0:0:0:
36,0,97543,128,0,97586:0:0:0:0:
475,0,97543,128,0,97586:0:0:0:0:
109,0,97629,128,0,97671:0:0:0:0:
402,0,97629,128,0,97671:0:0:0:0:
182,0,97714,128,0,97757:0:0:0:0:
329,0,97714,128,0,97757:0:0:0:0:
36,192,97800,1,0,0:0:0:0:
475,192,97800,1,0,0:0:0:0:
109,0,97886,128,0,98057:0:0:0:0:
256,0,97886,128,0,98486:0:0:0:0:
402,0,97886,128,0,98057:0:0:0:0:
36,0,97971,128,0,98143:0:0:0:0:
475,0,97971,128,0,98143:0:0:0:0:
182,0,98057,128,0,98314:0:0:0:0:
329,0,98057,128,0,98314:0:0:0:0:
109,0,98143,128,0,98229:0:0:0:0:
402,0,98143,128,0,98229:0:0:0:0:
36,0,98229,128,0,98314:0:0:0:0:
475,0,98229,128,0,98314:0:0:0:0:
109,0,98314,128,0,98400:0:0:0:0:
402,0,98314,128,0,98400:0:0:0:0:
182,0,98400,128,0,98486:0:0:0:0:
329,0,98400,128,0,98486:0:0:0:0:
109,0,98486,128,0,98571:0:0:0:0:
402,0,98486,128,0,98571:0:0:0:0:
36,0,98571,128,0,98743:0:0:0:0:
256,192,98571,1,0,0:0:0:0:
329,0,98571,128,0,98657:0:0:0:0:
109,0,98657,128,0,98829:0:0:0:0:
402,0,98657,128,0,98743:0:0:0:0:
182,0,98743,128,0,98914:0:0:0:0:
475,0,98743,128,0,98829:0:0:0:0:
36,0,98829,128,0,98914:0:0:0:0:
256,0,98829,128,0,99000:0:0:0:0:
109,0,98914,128,0,99086:0:0:0:0:
329,192,98914,1,0,0:0:0:0:
402,0,98914,128,0,99000:0:0:0:0:
182,0,99000,128,0,99171:0:0:0:0:
475,0,99000,128,0,99086:0:0:0:0:
36,0,99086,128,0,99171:0:0:0:0:
256,0,99086,128,0,99257:0:0:0:0:
109,0,99171,128,0,99257:0:0:0:0:
329,0,99171,128,0,99343:0:0:0:0:
182,0,99257,128,0,99429:0:0:0:0:
402,192,99257,1,0,0:0:0:0:
475,0,99257,128,0,99343:0:0:0:0:
36,0,99343,128,0,99429:0:0:0:0:
256,0,99343,128,0,99514:0:0:0:0:
109,0,99429,128,0,99514:0:0:0:0:
329,0,99429,128,0,99600:0:0:0:0:
182,0,99514,128,0,99600:0:0:0:0:
402,0,99514,128,0,99686:0:0:0:0:
36,0,99600,128,0,99686:0:0:0:0:
256,0,99600,128,0,99771:0:0:0:0:
475,192,99600,1,0,0:0:0:0:
109,0,99686,128,0,99771:0:0:0:0:
329,0,99686,128,0,99857:0:0:0:0:
182,0,99771,128,0,99857:0:0:0:0:
402,0,99771,128,0,99943:0:0:0:0:
256,0,99857,128,0,99943:0:0:0:0:
475,0,99857,128,0,100029:0:0:0:0:
36,0,99943,128,0,100286:0:0:0:0:
109,192,99943,1,0,0:0:0:0:
329,0,99943,128,0,100371:0:0:0:0:
256,0,100029,128,0,100286:0:0:0:0:
402,0,100029,128,0,100114:0:0:0:0:
182,0,100114,128,0,100200:0:0:0:0:
475,0,100114,128,0,100200:0:0:0:0:
109,0,100200,128,0,100286:0:0:0:0:
402,0,100200,128,0,100286:0:0:0:0:
182,0,100286,128,0,100371:0:0:0:0:
475,0,100286,128,0,100629:0:0:0:0:
109,0,100371,128,0,100457:0:0:0:0:
256,0,100371,128,0,100457:0:0:0:0:
36,0,100457,128,0,100543:0:0:0:0:
329,0,100457,128,0,100543:0:0:0:0:
402,0,100543,128,0,100629:0:0:0:0:
36,0,100629,128,0,100800:0:0:0:0:
109,192,100629,1,0,0:0:0:0:
182,192,100629,1,0,0:0:0:0:
256,192,100629,1,0,0:0:0:0:
329,192,100629,1,0,0:0:0:0:
475,192,100714,1,0,0:0:0:0:
109,0,100800,128,0,100971:0:0:0:0:
182,192,100800,1,0,0:0:0:0:
256,192,100800,1,0,0:0:0:0:
329,192,100800,1,0,0:0:0:0:
402,192,100800,1,0,0:0:0:0:
36,192,100886,1,0,0:0:0:0:
182,192,100971,1,0,0:0:0:0:
256,192,100971,1,0,0:0:0:0:
329,192,100971,1,0,0:0:0:0:
402,192,100971,1,0,0:0:0:0:
475,0,100971,128,0,101143:0:0:0:0:
36,192,101057,1,0,0:0:0:0:
109,192,101143,1,0,0:0:0:0:
182,192,101143,1,0,0:0:0:0:
256,192,101143,1,0,0:0:0:0:
329,192,101143,1,0,0:0:0:0:
402,0,101143,128,0,101314:0:0:0:0:
475,192,101229,1,0,0:0:0:0:
36,0,101314,128,0,101743:0:0:0:0:
109,192,101314,1,0,0:0:0:0:
182,192,101314,1,0,0:0:0:0:
256,192,101314,1,0,0:0:0:0:
329,192,101400,1,0,0:0:0:0:
109,192,101486,1,0,0:0:0:0:
182,192,101486,1,0,0:0:0:0:
256,192,101571,1,0,0:0:0:0:
329,192,101657,1,0,0:0:0:0:
402,192,101657,1,0,0:0:0:0:
475,192,101657,1,0,0:0:0:0:
256,192,101743,1,0,0:0:0:0:
36,192,101829,1,0,0:0:0:0:
402,192,101829,1,0,0:0:0:0:
475,192,101829,1,0,0:0:0:0:
329,192,101914,1,0,0:0:0:0:
36,192,102000,1,0,0:0:0:0:
182,0,102000,128,0,102171:0:0:0:0:
256,192,102000,1,0,0:0:0:0:
475,192,102000,1,0,0:0:0:0:
402,192,102086,1,0,0:0:0:0:
109,0,102171,128,0,102343:0:0:0:0:
329,192,102171,1,0,0:0:0:0:
36,0,102257,128,0,102343:0:0:0:0:
256,192,102257,1,0,0:0:0:0:
182,192,102343,1,0,0:0:0:0:
329,192,102343,1,0,0:0:0:0:
402,192,102343,1,0,0:0:0:0:
475,0,102343,128,0,102514:0:0:0:0:
256,192,102429,1,0,0:0:0:0:
182,192,102514,1,0,0:0:0:0:
402,0,102514,128,0,102686:0:0:0:0:
109,192,102600,1,0,0:0:0:0:
36,192,102686,1,0,0:0:0:0:
256,192,102686,1,0,0:0:0:0:
329,0,102686,128,0,103029:0:0:0:0:
475,0,102686,128,0,103029:0:0:0:0:
109,192,102771,1,0,0:0:0:0:
182,192,102857,1,0,0:0:0:0:
109,192,102943,1,0,0:0:0:0:
36,0,103029,128,0,103200:0:0:0:0:
256,192,103029,1,0,0:0:0:0:
402,0,103029,128,0,103200:0:0:0:0:
182,0,103114,128,0,103157:0:0:0:0:
109,0,103200,128,0,103371:0:0:0:0:
329,192,103200,1,0,0:0:0:0:
475,0,103200,128,0,103371:0:0:0:0:
256,0,103286,128,0,103329:0:0:0:0:
36,0,103371,128,0,103543:0:0:0:0:
182,0,103371,128,0,103500:0:0:0:0:
402,192,103371,1,0,0:0:0:0:
329,0,103457,128,0,103500:0:0:0:0:
109,0,103543,128,0,103714:0:0:0:0:
256,192,103543,1,0,0:0:0:0:
475,0,103543,128,0,103714:0:0:0:0:
329,0,103629,128,0,103671:0:0:0:0:
36,0,103714,128,0,103886:0:0:0:0:
182,192,103714,1,0,0:0:0:0:
402,0,103714,128,0,103886:0:0:0:0:
256,0,103800,128,0,103843:0:0:0:0:
109,192,103886,1,0,0:0:0:0:
329,192,103886,1,0,0:0:0:0:
475,0,103886,128,0,104057:0:0:0:0:
182,0,103971,128,0,104014:0:0:0:0:
36,0,104057,128,0,104286:0:0:0:0:
109,192,104057,1,0,0:0:0:0:
256,0,104057,128,0,104286:0:0:0:0:
329,192,104057,1,0,0:0:0:0:
329,0,104171,128,0,104400:0:0:0:0:
402,192,104171,1,0,0:0:0:0:
402,0,104286,128,0,104514:0:0:0:0:
475,192,104286,1,0,0:0:0:0:
36,192,104400,1,0,0:0:0:0:
182,0,104400,128,0,104629:0:0:0:0:
256,192,104400,1,0,0:0:0:0:
475,0,104400,128,0,104629:0:0:0:0:
256,0,104514,128,0,104743:0:0:0:0:
329,192,104514,1,0,0:0:0:0:
329,0,104629,128,0,104857:0:0:0:0:
402,192,104629,1,0,0:0:0:0:
109,0,104743,128,0,104971:0:0:0:0:
182,192,104743,1,0,0:0:0:0:
402,0,104743,128,0,104971:0:0:0:0:
475,192,104743,1,0,0:0:0:0:
182,0,104857,128,0,105086:0:0:0:0:
256,192,104857,1,0,0:0:0:0:
256,0,104971,128,0,105200:0:0:0:0:
329,192,104971,1,0,0:0:0:0:
36,0,105086,128,0,105200:0:0:0:0:
109,0,105086,128,0,105200:0:0:0:0:
329,0,105086,128,0,105200:0:0:0:0:
182,0,105200,128,0,105314:0:0:0:0:
402,0,105200,128,0,105314:0:0:0:0:
475,0,105200,128,0,105314:0:0:0:0:
36,0,105314,128,0,105429:0:0:0:0:
109,0,105314,128,0,105429:0:0:0:0:
329,0,105314,128,0,105429:0:0:0:0:
182,192,105429,1,0,0:0:0:0:
256,0,105429,128,0,105543:0:0:0:0:
402,192,105429,1,0,0:0:0:0:
475,192,105429,1,0,0:0:0:0:
109,192,105543,1,0,0:0:0:0:
182,0,105543,128,0,105657:0:0:0:0:
36,192,105657,1,0,0:0:0:0:
109,0,105657,128,0,105771:0:0:0:0:
36,0,105771,128,0,105943:0:0:0:0:
256,192,105771,1,0,0:0:0:0:
329,192,105771,1,0,0:0:0:0:
402,0,105771,128,0,105943:0:0:0:0:
109,0,105943,128,0,106029:0:0:0:0:
475,0,105943,128,0,106029:0:0:0:0:
36,0,106029,128,0,106114:0:0:0:0:
402,0,106029,128,0,106114:0:0:0:0:
182,0,106114,128,0,106286:0:0:0:0:
256,0,106114,128,0,106286:0:0:0:0:
329,0,106286,128,0,106371:0:0:0:0:
402,0,106371,128,0,106457:0:0:0:0:
475,0,106457,128,0,106500:0:0:0:0:
36,0,106500,128,0,106543:0:0:0:0:
109,0,106543,128,0,106586:0:0:0:0:
182,0,106586,128,0,106629:0:0:0:0:
256,0,106629,128,0,106671:0:0:0:0:
329,0,106671,128,0,106714:0:0:0:0:
402,0,106714,128,0,106757:0:0:0:0:
475,0,106757,128,0,106800:0:0:0:0:
36,0,106800,128,0,107229:0:0:0:0:
109,0,106800,128,0,107229:0:0:0:0:
182,192,106800,1,0,0:0:0:0:
256,0,106800,128,0,106843:0:0:0:0:
329,0,106886,128,0,106929:0:0:0:0:
475,192,106886,1,0,0:0:0:0:
182,192,106971,1,0,0:0:0:0:
402,0,106971,128,0,107014:0:0:0:0:
256,192,107057,1,0,0:0:0:0:
475,0,107057,128,0,107100:0:0:0:0:
182,192,107143,1,0,0:0:0:0:
402,0,107143,128,0,107186:0:0:0:0:
329,0,107229,128,0,107271:0:0:0:0:
475,192,107229,1,0,0:0:0:0:
36,192,107314,1,0,0:0:0:0:
109,192,107314,1,0,0:0:0:0:
256,0,107314,128,0,107357:0:0:0:0:
402,192,107314,1,0,0:0:0:0:
182,0,107400,128,0,107443:0:0:0:0:
329,192,107400,1,0,0:0:0:0:
36,192,107486,1,0,0:0:0:0:
256,0,107486,128,0,107614:0:0:0:0:
475,0,107486,128,0,107529:0:0:0:0:
109,192,107571,1,0,0:0:0:0:
329,0,107571,128,0,107614:0:0:0:0:
182,0,107657,128,0,107829:0:0:0:0:
402,0,107657,128,0,107700:0:0:0:0:
475,192,107657,1,0,0:0:0:0:
256,0,107700,128,0,107743:0:0:0:0:
36,192,107743,1,0,0:0:0:0:
109,0,107829,128,0,108000:0:0:0:0:
329,0,107829,128,0,107871:0:0:0:0:
402,192,107829,1,0,0:0:0:0:
182,0,107914,128,0,107957:0:0:0:0:
475,192,107914,1,0,0:0:0:0:
256,0,108000,128,0,108043:0:0:0:0:
329,192,108000,1,0,0:0:0:0:
36,0,108000,128,0,108171:0:0:0:0:
109,0,108086,128,0,108129:0:0:0:0:
402,192,108086,1,0,0:0:0:0:
182,0,108171,128,0,108257:0:0:0:0:
329,192,108171,1,0,0:0:0:0:
475,0,108171,128,0,108514:0:0:0:0:
256,0,108257,128,0,108343:0:0:0:0:
182,0,108343,128,0,108429:0:0:0:0:
256,0,108429,128,0,108514:0:0:0:0:
109,0,108514,128,0,108686:0:0:0:0:
329,192,108514,1,0,0:0:0:0:
402,0,108514,128,0,108557:0:0:0:0:
182,0,108600,128,0,108643:0:0:0:0:
475,192,108600,1,0,0:0:0:0:
36,0,108686,128,0,108857:0:0:0:0:
256,192,108686,1,0,0:0:0:0:
329,0,108686,128,0,108729:0:0:0:0:
109,0,108771,128,0,108814:0:0:0:0:
402,192,108771,1,0,0:0:0:0:
182,192,108857,1,0,0:0:0:0:
256,0,108857,128,0,108900:0:0:0:0:
475,0,108857,128,0,109029:0:0:0:0:
36,0,108943,128,0,108986:0:0:0:0:
329,192,108943,1,0,0:0:0:0:
109,0,109029,128,0,109071:0:0:0:0:
182,192,109029,1,0,0:0:0:0:
402,0,109029,128,0,109200:0:0:0:0:
36,192,109114,1,0,0:0:0:0:
329,0,109114,128,0,109157:0:0:0:0:
182,0,109200,128,0,109243:0:0:0:0:
256,192,109200,1,0,0:0:0:0:
475,0,109200,128,0,109371:0:0:0:0:
109,192,109286,1,0,0:0:0:0:
402,0,109286,128,0,109329:0:0:0:0:
36,192,109371,1,0,0:0:0:0:
256,0,109371,128,0,109414:0:0:0:0:
329,192,109371,1,0,0:0:0:0:
182,192,109457,1,0,0:0:0:0:
475,0,109457,128,0,109500:0:0:0:0:
36,0,109543,128,0,109586:0:0:0:0:
109,0,109543,128,0,109714:0:0:0:0:
256,192,109543,1,0,0:0:0:0:
402,0,109543,128,0,109886:0:0:0:0:
182,0,109629,128,0,109671:0:0:0:0:
329,192,109629,1,0,0:0:0:0:
36,0,109714,128,0,110057:0:0:0:0:
256,192,109714,1,0,0:0:0:0:
475,0,109714,128,0,109757:0:0:0:0:
109,192,109800,1,0,0:0:0:0:
329,0,109800,128,0,109843:0:0:0:0:
182,0,109886,128,0,109929:0:0:0:0:
256,192,109886,1,0,0:0:0:0:
475,0,109886,128,0,110057:0:0:0:0:
329,192,109971,1,0,0:0:0:0:
402,0,109971,128,0,110014:0:0:0:0:
109,0,110057,128,0,110400:0:0:0:0:
182,0,110057,128,0,110400:0:0:0:0:
256,0,110057,128,0,110100:0:0:0:0:
36,0,110143,128,0,110186:0:0:0:0:
256,0,110229,128,0,110271:0:0:0:0:
475,0,110229,128,0,110314:0:0:0:0:
36,0,110314,128,0,110357:0:0:0:0:
256,0,110400,128,0,110443:0:0:0:0:
329,0,110400,128,0,110743:0:0:0:0:
402,0,110400,128,0,110743:0:0:0:0:
109,192,110486,1,0,0:0:0:0:
182,192,110486,1,0,0:0:0:0:
475,0,110486,128,0,110529:0:0:0:0:
36,0,110571,128,0,110657:0:0:0:0:
256,0,110571,128,0,110614:0:0:0:0:
475,0,110657,128,0,110700:0:0:0:0:
329,192,110829,1,0,0:0:0:0:
402,192,110829,1,0,0:0:0:0:
36,0,110914,128,0,111257:0:0:0:0:
109,192,110914,1,0,0:0:0:0:
182,192,110914,1,0,0:0:0:0:
256,192,110914,1,0,0:0:0:0:
475,0,110914,128,0,111257:0:0:0:0:
182,192,111086,1,0,0:0:0:0:
256,192,111086,1,0,0:0:0:0:
329,192,111086,1,0,0:0:0:0:
109,0,111257,128,0,111429:0:0:0:0:
182,0,111257,128,0,111429:0:0:0:0:
256,192,111257,1,0,0:0:0:0:
329,192,111257,1,0,0:0:0:0:
402,192,111257,1,0,0:0:0:0:
256,0,111429,128,0,111686:0:0:0:0:
329,192,111429,1,0,0:0:0:0:
402,192,111429,1,0,0:0:0:0:
475,192,111429,1,0,0:0:0:0:
36,192,111600,1,0,0:0:0:0:
109,192,111600,1,0,0:0:0:0:
182,192,111600,1,0,0:0:0:0:
329,192,111686,1,0,0:0:0:0:
402,192,111686,1,0,0:0:0:0:
475,192,111686,1,0,0:0:0:0:
256,0,111771,128,0,112029:0:0:0:0:
36,192,111857,1,0,0:0:0:0:
109,192,111857,1,0,0:0:0:0:
182,192,111857,1,0,0:0:0:0:
329,192,111943,1,0,0:0:0:0:
402,192,111943,1,0,0:0:0:0:
475,192,111943,1,0,0:0:0:0:
36,192,112114,1,0,0:0:0:0:
109,192,112114,1,0,0:0:0:0:
182,192,112114,1,0,0:0:0:0:
256,0,112114,128,0,112200:0:0:0:0:
36,192,112286,1,0,0:0:0:0:
109,192,112286,1,0,0:0:0:0:
182,192,112286,1,0,0:0:0:0:
256,192,112286,1,0,0:0:0:0:
329,192,112286,1,0,0:0:0:0:
402,192,112286,1,0,0:0:0:0:
475,0,112286,128,0,116400:0:0:0:0:
36,192,112457,1,0,0:0:0:0:
109,192,112629,1,0,0:0:0:0:
182,192,112800,1,0,0:0:0:0:
402,192,112971,1,0,0:0:0:0:
329,192,113143,1,0,0:0:0:0:
256,192,113314,1,0,0:0:0:0:
182,192,113486,1,0,0:0:0:0:
36,192,113657,1,0,0:0:0:0:
109,192,113657,1,0,0:0:0:0:
256,192,113829,1,0,0:0:0:0:
329,192,113829,1,0,0:0:0:0:
109,192,114000,1,0,0:0:0:0:
182,192,114000,1,0,0:0:0:0:
329,192,114171,1,0,0:0:0:0:
402,192,114171,1,0,0:0:0:0:
36,192,114514,1,0,0:0:0:0:
109,192,114514,1,0,0:0:0:0:
256,192,114686,1,0,0:0:0:0:
402,192,114857,1,0,0:0:0:0:
36,192,115029,1,0,0:0:0:0:
256,192,115029,1,0,0:0:0:0:
329,192,115029,1,0,0:0:0:0:
182,192,115200,1,0,0:0:0:0:
109,192,115371,1,0,0:0:0:0:
36,192,115543,1,0,0:0:0:0:
109,192,115714,1,0,0:0:0:0:
329,192,115714,1,0,0:0:0:0:
402,192,115714,1,0,0:0:0:0:
256,192,115886,1,0,0:0:0:0:
182,192,116057,1,0,0:0:0:0:
109,192,116229,1,0,0:0:0:0:
36,192,116400,1,0,0:0:0:0:
182,192,116400,1,0,0:0:0:0:
402,192,116400,1,0,0:0:0:0:
329,192,116571,1,0,0:0:0:0:
256,192,116743,1,0,0:0:0:0:
402,192,116743,1,0,0:0:0:0:
182,192,116914,1,0,0:0:0:0:
329,192,116914,1,0,0:0:0:0:
36,192,117086,1,0,0:0:0:0:
109,192,117086,1,0,0:0:0:0:
475,192,117086,1,0,0:0:0:0:
36,192,117257,1,0,0:0:0:0:
402,192,117257,1,0,0:0:0:0:
109,192,117343,1,0,0:0:0:0:
182,192,117429,1,0,0:0:0:0:
329,192,117429,1,0,0:0:0:0:
256,192,117600,1,0,0:0:0:0:
329,192,117686,1,0,0:0:0:0:
402,192,117729,1,0,0:0:0:0:
36,192,117771,1,0,0:0:0:0:
109,192,117771,1,0,0:0:0:0:
475,192,117771,1,0,0:0:0:0:
182,192,117943,1,0,0:0:0:0:
256,192,118114,1,0,0:0:0:0:
329,192,118286,1,0,0:0:0:0:
475,192,118457,1,0,0:0:0:0:
475,192,118629,1,0,0:0:0:0:
402,192,118714,1,0,0:0:0:0:
329,192,118800,1,0,0:0:0:0:
256,192,118971,1,0,0:0:0:0:
36,192,119143,1,0,0:0:0:0:
109,192,119143,1,0,0:0:0:0:
182,192,119143,1,0,0:0:0:0:
329,192,119314,1,0,0:0:0:0:
475,192,119314,1,0,0:0:0:0:
36,192,119486,1,0,0:0:0:0:
256,192,119486,1,0,0:0:0:0:
109,192,119657,1,0,0:0:0:0:
329,192,119657,1,0,0:0:0:0:
329,192,120000,1,0,0:0:0:0:
475,192,120000,1,0,0:0:0:0:
182,192,120171,1,0,0:0:0:0:
36,192,120343,1,0,0:0:0:0:
256,192,120514,1,0,0:0:0:0:
475,192,120514,1,0,0:0:0:0:
402,192,120686,1,0,0:0:0:0:
329,192,120857,1,0,0:0:0:0:
182,192,121029,1,0,0:0:0:0:
182,192,121200,1,0,0:0:0:0:
402,192,121200,1,0,0:0:0:0:
329,192,121371,1,0,0:0:0:0:
256,192,121543,1,0,0:0:0:0:
109,192,121714,1,0,0:0:0:0:
109,192,121886,1,0,0:0:0:0:
329,192,121886,1,0,0:0:0:0:
256,192,122057,1,0,0:0:0:0:
182,192,122229,1,0,0:0:0:0:
36,192,122400,1,0,0:0:0:0:
109,192,122571,1,0,0:0:0:0:
109,192,122743,1,0,0:0:0:0:
182,192,122829,1,0,0:0:0:0:
256,192,122914,1,0,0:0:0:0:
329,192,123086,1,0,0:0:0:0:
36,192,123171,1,0,0:0:0:0:
109,192,123214,1,0,0:0:0:0:
182,192,123257,1,0,0:0:0:0:
475,192,123429,1,0,0:0:0:0:
402,192,123600,1,0,0:0:0:0:
329,192,123771,1,0,0:0:0:0:
36,192,123943,1,0,0:0:0:0:
182,192,124114,1,0,0:0:0:0:
329,192,124286,1,0,0:0:0:0:
475,192,124457,1,0,0:0:0:0:
36,192,124629,1,0,0:0:0:0:
182,192,124800,1,0,0:0:0:0:
109,192,124971,1,0,0:0:0:0:
256,192,125143,1,0,0:0:0:0:
182,192,125486,1,0,0:0:0:0:
256,192,125657,1,0,0:0:0:0:
329,192,125829,1,0,0:0:0:0:
36,192,126000,1,0,0:0:0:0:
329,192,126514,1,0,0:0:0:0:
109,192,126686,1,0,0:0:0:0:
402,192,127200,1,0,0:0:0:0:
182,192,127371,1,0,0:0:0:0:
