[Metadata]
Run Lads Run
KillerBlood
Zei-
Deemo
38
0

[TimingPoints]
1148,375,4,2,1,0,1,0
76160,387.096774193548,4,2,1,0,1,0
76547,400,4,2,1,0,1,0
76947,428.571428571429,4,2,1,0,1,0
77375,461.538461538462,4,2,1,0,1,0
77836,500,4,2,1,0,1,0
78336,500,4,2,1,0,1,0
78836,521.739130434783,4,2,1,0,1,0
80922,508.474576271186,4,2,1,0,1,0
82955,480,4,2,1,0,1,0
84875,461.538461538462,4,2,1,0,1,0
86721,451.127819548872,4,2,1,0,1,0
88525,434.782608695652,4,2,1,0,1,0
90264,422.535211267606,4,2,1,0,1,0
91954,405.405405405405,4,2,1,0,1,0
93575,394.736842105263,4,2,1,0,1,0
95153,387.096774193548,4,2,1,0,1,0
96701,382.165605095541,4,2,1,0,1,0
99758,377.358490566038,4,2,1,0,1,0
101267,370.37037037037,4,2,1,0,1,0
102748,363.636363636364,4,2,1,0,1,0
104202,357.142857142857,4,2,1,0,1,0
106344,333.333333333333,4,2,1,0,1,0
109010,324.324324324324,4,2,1,0,1,0
111604,320.855614973262,4,2,1,0,1,0
114170,312.5,4,2,1,0,1,0
116670,307.692307692308,4,2,1,0,1,0
119131,300,4,2,1,0,1,0
121531,292.682926829268,4,2,1,0,1,0
125043,289.855072463768,4,2,1,0,1,0
126202,285.714285714286,4,2,1,0,1,0
127916,95.2380952380952,4,2,1,0,1,0
127986,2857.14285714286,4,2,1,0,1,0
128126,142.857142857143,4,2,1,0,1,0
128202,375,4,2,1,0,1,0


[HitObjects]
36,192,1148,5,0,0:0:0:0:
109,192,1148,1,0,0:0:0:0:
256,192,1148,1,0,0:0:0:0:
329,192,1335,1,0,0:0:0:0:
475,192,1335,1,0,0:0:0:0:
109,192,1523,1,0,0:0:0:0:
256,192,1523,1,0,0:0:0:0:
182,192,1523,1,0,0:0:0:0:
475,192,1710,1,0,0:0:0:0:
329,192,1710,1,0,0:0:0:0:
256,192,1898,1,0,0:0:0:0:
109,192,1898,1,0,0:0:0:0:
36,192,1898,1,0,0:0:0:0:
475,192,2085,1,0,0:0:0:0:
329,192,2085,1,0,0:0:0:0:
475,192,2179,1,0,0:0:0:0:
329,192,2179,1,0,0:0:0:0:
256,192,2273,1,0,0:0:0:0:
109,192,2273,1,0,0:0:0:0:
182,192,2273,1,0,0:0:0:0:
475,192,2460,1,0,0:0:0:0:
329,192,2460,1,0,0:0:0:0:
36,192,2648,1,0,0:0:0:0:
256,192,2648,1,0,0:0:0:0:
475,192,2835,1,0,0:0:0:0:
329,192,2835,1,0,0:0:0:0:
109,192,3023,1,0,0:0:0:0:
256,192,3023,1,0,0:0:0:0:
475,192,3210,1,0,0:0:0:0:
329,192,3210,1,0,0:0:0:0:
36,192,3398,1,0,0:0:0:0:
256,192,3398,1,0,0:0:0:0:
475,192,3585,1,0,0:0:0:0:
109,192,3585,1,0,0:0:0:0:
329,192,3585,1,0,0:0:0:0:
475,192,3679,1,0,0:0:0:0:
329,192,3679,1,0,0:0:0:0:
36,192,3773,1,0,0:0:0:0:
256,192,3773,1,0,0:0:0:0:
109,192,3960,1,0,0:0:0:0:
475,192,3960,1,0,0:0:0:0:
329,192,3960,1,0,0:0:0:0:
329,192,4148,128,0,4523:0:0:0:0:
256,192,4148,1,0,0:0:0:0:
402,192,4335,1,0,0:0:0:0:
475,192,4335,1,0,0:0:0:0:
256,192,4523,1,0,0:0:0:0:
182,192,4523,1,0,0:0:0:0:
109,192,4710,1,0,0:0:0:0:
402,192,4710,1,0,0:0:0:0:
475,192,4710,1,0,0:0:0:0:
182,192,4898,128,0,5273:0:0:0:0:
256,192,4898,1,0,0:0:0:0:
402,192,5085,1,0,0:0:0:0:
475,192,5085,1,0,0:0:0:0:
402,192,5179,1,0,0:0:0:0:
475,192,5179,1,0,0:0:0:0:
256,192,5273,1,0,0:0:0:0:
109,192,5460,1,0,0:0:0:0:
402,192,5460,1,0,0:0:0:0:
475,192,5460,1,0,0:0:0:0:
36,192,5648,1,0,0:0:0:0:
182,192,5648,1,0,0:0:0:0:
109,192,5835,1,0,0:0:0:0:
329,192,5835,1,0,0:0:0:0:
256,192,5835,1,0,0:0:0:0:
182,192,6023,1,0,0:0:0:0:
402,192,6023,1,0,0:0:0:0:
329,192,6210,1,0,0:0:0:0:
256,192,6210,1,0,0:0:0:0:
182,192,6398,1,0,0:0:0:0:
329,192,6585,1,0,0:0:0:0:
256,192,6585,1,0,0:0:0:0:
109,192,6585,1,0,0:0:0:0:
329,192,6679,1,0,0:0:0:0:
256,192,6679,1,0,0:0:0:0:
182,192,6773,1,0,0:0:0:0:
402,192,6773,1,0,0:0:0:0:
329,192,6960,1,0,0:0:0:0:
475,192,6960,1,0,0:0:0:0:
256,192,6960,1,0,0:0:0:0:
402,192,7148,1,0,0:0:0:0:
256,192,7148,1,0,0:0:0:0:
182,192,7148,1,0,0:0:0:0:
36,192,7335,1,0,0:0:0:0:
109,192,7335,1,0,0:0:0:0:
256,192,7523,1,0,0:0:0:0:
402,192,7523,1,0,0:0:0:0:
36,192,7710,1,0,0:0:0:0:
109,192,7710,1,0,0:0:0:0:
329,192,7710,1,0,0:0:0:0:
256,192,7898,1,0,0:0:0:0:
402,192,7898,1,0,0:0:0:0:
475,192,7944,1,0,0:0:0:0:
36,192,8085,1,0,0:0:0:0:
109,192,8085,1,0,0:0:0:0:
36,192,8179,1,0,0:0:0:0:
109,192,8179,1,0,0:0:0:0:
256,192,8273,1,0,0:0:0:0:
402,192,8273,1,0,0:0:0:0:
475,192,8319,1,0,0:0:0:0:
36,192,8460,1,0,0:0:0:0:
109,192,8460,1,0,0:0:0:0:
329,192,8648,1,0,0:0:0:0:
402,192,8648,128,0,9398:0:0:0:0:
109,192,8835,1,0,0:0:0:0:
182,192,8835,1,0,0:0:0:0:
329,192,9023,1,0,0:0:0:0:
182,192,9210,1,0,0:0:0:0:
109,192,9210,1,0,0:0:0:0:
329,192,9398,1,0,0:0:0:0:
182,192,9585,1,0,0:0:0:0:
109,192,9585,1,0,0:0:0:0:
402,192,9585,1,0,0:0:0:0:
182,192,9679,1,0,0:0:0:0:
109,192,9679,1,0,0:0:0:0:
329,192,9773,1,0,0:0:0:0:
475,192,9773,1,0,0:0:0:0:
182,192,9960,1,0,0:0:0:0:
109,192,9960,1,0,0:0:0:0:
402,192,9960,1,0,0:0:0:0:
36,192,10148,1,0,0:0:0:0:
256,192,10148,1,0,0:0:0:0:
329,192,10335,1,0,0:0:0:0:
182,192,10523,1,0,0:0:0:0:
402,192,10523,1,0,0:0:0:0:
256,192,10710,1,0,0:0:0:0:
475,192,10898,1,0,0:0:0:0:
109,192,10898,1,0,0:0:0:0:
329,192,11085,1,0,0:0:0:0:
256,192,11085,1,0,0:0:0:0:
36,192,11085,1,0,0:0:0:0:
256,192,11179,1,0,0:0:0:0:
329,192,11179,1,0,0:0:0:0:
182,192,11273,1,0,0:0:0:0:
402,192,11273,1,0,0:0:0:0:
475,192,11273,1,0,0:0:0:0:
329,192,11460,1,0,0:0:0:0:
109,192,11648,1,0,0:0:0:0:
256,192,11648,1,0,0:0:0:0:
36,192,11648,1,0,0:0:0:0:
329,192,11835,1,0,0:0:0:0:
475,192,12023,1,0,0:0:0:0:
329,192,12023,1,0,0:0:0:0:
182,192,12023,1,0,0:0:0:0:
256,192,12023,1,0,0:0:0:0:
109,192,12210,1,0,0:0:0:0:
402,192,12398,1,0,0:0:0:0:
36,192,12398,1,0,0:0:0:0:
256,192,12398,1,0,0:0:0:0:
475,192,12398,1,0,0:0:0:0:
109,192,12585,1,0,0:0:0:0:
182,192,12585,1,0,0:0:0:0:
182,192,12679,1,0,0:0:0:0:
109,192,12679,1,0,0:0:0:0:
329,192,12773,1,0,0:0:0:0:
36,192,12773,1,0,0:0:0:0:
256,192,12960,1,0,0:0:0:0:
475,192,13148,1,0,0:0:0:0:
182,192,13148,1,0,0:0:0:0:
256,192,13148,1,0,0:0:0:0:
36,192,13335,1,0,0:0:0:0:
402,192,13335,1,0,0:0:0:0:
475,192,13335,1,0,0:0:0:0:
256,192,13523,1,0,0:0:0:0:
36,192,13523,1,0,0:0:0:0:
475,192,13710,1,0,0:0:0:0:
182,192,13710,1,0,0:0:0:0:
402,192,13710,1,0,0:0:0:0:
329,192,13804,1,0,0:0:0:0:
256,192,13898,1,0,0:0:0:0:
36,192,13898,1,0,0:0:0:0:
109,192,13898,1,0,0:0:0:0:
475,192,14085,1,0,0:0:0:0:
402,192,14085,1,0,0:0:0:0:
475,192,14179,1,0,0:0:0:0:
402,192,14179,1,0,0:0:0:0:
256,192,14273,1,0,0:0:0:0:
182,192,14273,1,0,0:0:0:0:
36,192,14273,1,0,0:0:0:0:
475,192,14460,1,0,0:0:0:0:
402,192,14460,1,0,0:0:0:0:
109,192,14648,1,0,0:0:0:0:
182,192,14648,1,0,0:0:0:0:
475,192,14835,1,0,0:0:0:0:
329,192,14835,1,0,0:0:0:0:
402,192,14835,1,0,0:0:0:0:
36,192,15023,1,0,0:0:0:0:
109,192,15023,1,0,0:0:0:0:
475,192,15210,1,0,0:0:0:0:
402,192,15210,1,0,0:0:0:0:
329,192,15210,1,0,0:0:0:0:
475,192,15398,1,0,0:0:0:0:
329,192,15398,1,0,0:0:0:0:
182,192,15398,128,0,15773:0:0:0:0:
402,192,15585,1,0,0:0:0:0:
36,192,15773,1,0,0:0:0:0:
109,192,15773,1,0,0:0:0:0:
475,192,15773,1,0,0:0:0:0:
329,192,15773,1,0,0:0:0:0:
256,192,15773,1,0,0:0:0:0:
182,192,15960,1,0,0:0:0:0:
109,192,15960,1,0,0:0:0:0:
256,192,16101,1,0,0:0:0:0:
475,192,16148,1,0,0:0:0:0:
329,192,16148,1,0,0:0:0:0:
182,192,16335,1,0,0:0:0:0:
36,192,16335,1,0,0:0:0:0:
475,192,16523,1,0,0:0:0:0:
402,192,16523,1,0,0:0:0:0:
36,192,16710,1,0,0:0:0:0:
182,192,16710,1,0,0:0:0:0:
256,192,16710,1,0,0:0:0:0:
475,192,16898,1,0,0:0:0:0:
329,192,16898,1,0,0:0:0:0:
182,192,17085,1,0,0:0:0:0:
36,192,17085,1,0,0:0:0:0:
182,192,17179,1,0,0:0:0:0:
36,192,17179,1,0,0:0:0:0:
475,192,17273,1,0,0:0:0:0:
329,192,17273,1,0,0:0:0:0:
36,192,17460,1,0,0:0:0:0:
182,192,17460,1,0,0:0:0:0:
256,192,17460,1,0,0:0:0:0:
109,192,17648,1,0,0:0:0:0:
402,192,17648,1,0,0:0:0:0:
182,192,17835,1,0,0:0:0:0:
36,192,17835,1,0,0:0:0:0:
256,192,17835,1,0,0:0:0:0:
329,192,18023,1,0,0:0:0:0:
402,192,18023,1,0,0:0:0:0:
256,192,18210,1,0,0:0:0:0:
36,192,18210,1,0,0:0:0:0:
402,192,18398,1,0,0:0:0:0:
256,192,18585,1,0,0:0:0:0:
36,192,18585,1,0,0:0:0:0:
329,192,18585,128,0,18773:0:0:0:0:
475,192,18585,128,0,18773:0:0:0:0:
36,192,18679,1,0,0:0:0:0:
402,192,18773,1,0,0:0:0:0:
109,192,18773,128,0,18960:0:0:0:0:
182,192,18773,128,0,18960:0:0:0:0:
256,192,18960,1,0,0:0:0:0:
36,192,18960,1,0,0:0:0:0:
475,192,18960,128,0,19148:0:0:0:0:
402,192,18960,128,0,19148:0:0:0:0:
182,192,19148,128,0,19335:0:0:0:0:
36,192,19148,128,0,19335:0:0:0:0:
475,192,19335,1,0,0:0:0:0:
256,192,19335,1,0,0:0:0:0:
109,192,19523,1,0,0:0:0:0:
329,192,19523,1,0,0:0:0:0:
475,192,19710,1,0,0:0:0:0:
256,192,19710,1,0,0:0:0:0:
109,192,19710,1,0,0:0:0:0:
36,192,19898,1,0,0:0:0:0:
182,192,19898,1,0,0:0:0:0:
256,192,19929,1,0,0:0:0:0:
475,192,20085,1,0,0:0:0:0:
329,192,20085,1,0,0:0:0:0:
475,192,20179,1,0,0:0:0:0:
329,192,20179,1,0,0:0:0:0:
109,192,20273,1,0,0:0:0:0:
182,192,20273,1,0,0:0:0:0:
256,192,20304,1,0,0:0:0:0:
475,192,20460,1,0,0:0:0:0:
329,192,20460,1,0,0:0:0:0:
36,192,20648,1,0,0:0:0:0:
182,192,20648,1,0,0:0:0:0:
256,192,20648,1,0,0:0:0:0:
475,192,20835,1,0,0:0:0:0:
329,192,20835,1,0,0:0:0:0:
256,192,21023,1,0,0:0:0:0:
475,192,21210,1,0,0:0:0:0:
329,192,21210,1,0,0:0:0:0:
182,192,21304,1,0,0:0:0:0:
109,192,21398,1,0,0:0:0:0:
475,192,21585,1,0,0:0:0:0:
329,192,21585,1,0,0:0:0:0:
36,192,21585,1,0,0:0:0:0:
475,192,21679,1,0,0:0:0:0:
329,192,21679,1,0,0:0:0:0:
109,192,21773,1,0,0:0:0:0:
475,192,21960,1,0,0:0:0:0:
329,192,21960,1,0,0:0:0:0:
36,192,21960,1,0,0:0:0:0:
182,192,22148,1,0,0:0:0:0:
109,192,22148,1,0,0:0:0:0:
402,192,22148,1,0,0:0:0:0:
256,192,22335,1,0,0:0:0:0:
329,192,22335,1,0,0:0:0:0:
36,192,22523,1,0,0:0:0:0:
109,192,22523,1,0,0:0:0:0:
475,192,22523,1,0,0:0:0:0:
402,192,22710,1,0,0:0:0:0:
329,192,22710,1,0,0:0:0:0:
36,192,22898,1,0,0:0:0:0:
475,192,22898,1,0,0:0:0:0:
329,192,22898,1,0,0:0:0:0:
182,192,23085,1,0,0:0:0:0:
109,192,23085,1,0,0:0:0:0:
182,192,23179,1,0,0:0:0:0:
109,192,23179,1,0,0:0:0:0:
402,192,23273,1,0,0:0:0:0:
256,192,23273,1,0,0:0:0:0:
475,192,23273,1,0,0:0:0:0:
36,192,23460,1,0,0:0:0:0:
109,192,23460,1,0,0:0:0:0:
402,192,23648,1,0,0:0:0:0:
329,192,23648,1,0,0:0:0:0:
109,192,23648,1,0,0:0:0:0:
256,192,23835,1,0,0:0:0:0:
182,192,23835,1,0,0:0:0:0:
36,192,23835,1,0,0:0:0:0:
475,192,24023,1,0,0:0:0:0:
109,192,24023,1,0,0:0:0:0:
402,192,24023,1,0,0:0:0:0:
329,192,24023,1,0,0:0:0:0:
36,192,24210,1,0,0:0:0:0:
182,192,24210,1,0,0:0:0:0:
256,192,24210,1,0,0:0:0:0:
475,192,24398,1,0,0:0:0:0:
182,192,24398,1,0,0:0:0:0:
329,192,24398,1,0,0:0:0:0:
402,192,24398,1,0,0:0:0:0:
109,192,24585,1,0,0:0:0:0:
256,192,24585,1,0,0:0:0:0:
329,192,24585,1,0,0:0:0:0:
475,192,24585,1,0,0:0:0:0:
329,192,24679,1,0,0:0:0:0:
256,192,24679,1,0,0:0:0:0:
36,192,24773,1,0,0:0:0:0:
402,192,24773,1,0,0:0:0:0:
109,192,24960,1,0,0:0:0:0:
329,192,24960,1,0,0:0:0:0:
256,192,24960,1,0,0:0:0:0:
475,192,24960,1,0,0:0:0:0:
329,192,25148,1,0,0:0:0:0:
402,192,25148,1,0,0:0:0:0:
182,192,25148,1,0,0:0:0:0:
36,192,25148,1,0,0:0:0:0:
475,192,25335,1,0,0:0:0:0:
329,192,25335,1,0,0:0:0:0:
109,192,25523,1,0,0:0:0:0:
256,192,25523,1,0,0:0:0:0:
36,192,25523,1,0,0:0:0:0:
475,192,25710,1,0,0:0:0:0:
329,192,25710,1,0,0:0:0:0:
402,192,25804,1,0,0:0:0:0:
36,192,25898,1,0,0:0:0:0:
182,192,25898,1,0,0:0:0:0:
329,192,25898,1,0,0:0:0:0:
329,192,26085,1,0,0:0:0:0:
475,192,26085,1,0,0:0:0:0:
475,192,26179,1,0,0:0:0:0:
329,192,26179,1,0,0:0:0:0:
109,192,26273,1,0,0:0:0:0:
182,192,26273,1,0,0:0:0:0:
475,192,26460,1,0,0:0:0:0:
329,192,26460,1,0,0:0:0:0:
109,192,26648,1,0,0:0:0:0:
402,192,26648,1,0,0:0:0:0:
256,192,26648,1,0,0:0:0:0:
36,192,26648,1,0,0:0:0:0:
475,192,26835,1,0,0:0:0:0:
329,192,26835,1,0,0:0:0:0:
256,192,26835,1,0,0:0:0:0:
109,192,26835,1,0,0:0:0:0:
402,192,26929,1,0,0:0:0:0:
329,192,27023,1,0,0:0:0:0:
36,192,27023,1,0,0:0:0:0:
109,192,27023,1,0,0:0:0:0:
182,192,27210,1,0,0:0:0:0:
475,192,27210,1,0,0:0:0:0:
402,192,27210,1,0,0:0:0:0:
329,192,27210,1,0,0:0:0:0:
256,192,27304,1,0,0:0:0:0:
329,192,27398,1,0,0:0:0:0:
109,192,27398,1,0,0:0:0:0:
36,192,27398,1,0,0:0:0:0:
402,192,27585,1,0,0:0:0:0:
182,192,27585,1,0,0:0:0:0:
256,192,27585,1,0,0:0:0:0:
182,192,27773,1,0,0:0:0:0:
109,192,27773,1,0,0:0:0:0:
256,192,27773,1,0,0:0:0:0:
329,192,27960,1,0,0:0:0:0:
256,192,27960,1,0,0:0:0:0:
182,192,27960,1,0,0:0:0:0:
475,192,28148,1,0,0:0:0:0:
402,192,28148,1,0,0:0:0:0:
329,192,28148,1,0,0:0:0:0:
402,192,28335,1,0,0:0:0:0:
329,192,28335,1,0,0:0:0:0:
256,192,28335,1,0,0:0:0:0:
182,192,28523,1,0,0:0:0:0:
256,192,28523,1,0,0:0:0:0:
329,192,28523,1,0,0:0:0:0:
402,192,28710,1,0,0:0:0:0:
329,192,28710,1,0,0:0:0:0:
256,192,28710,1,0,0:0:0:0:
182,192,28898,1,0,0:0:0:0:
256,192,28898,1,0,0:0:0:0:
109,192,28898,1,0,0:0:0:0:
402,192,29085,1,0,0:0:0:0:
329,192,29085,1,0,0:0:0:0:
256,192,29085,1,0,0:0:0:0:
256,192,29273,1,0,0:0:0:0:
182,192,29273,1,0,0:0:0:0:
109,192,29273,1,0,0:0:0:0:
182,192,29460,1,0,0:0:0:0:
36,192,29460,1,0,0:0:0:0:
109,192,29460,1,0,0:0:0:0:
329,192,29648,1,0,0:0:0:0:
182,192,29648,1,0,0:0:0:0:
256,192,29648,1,0,0:0:0:0:
256,192,29835,1,0,0:0:0:0:
182,192,29835,1,0,0:0:0:0:
109,192,29835,1,0,0:0:0:0:
182,192,30023,1,0,0:0:0:0:
109,192,30023,1,0,0:0:0:0:
36,192,30023,1,0,0:0:0:0:
256,192,30210,1,0,0:0:0:0:
182,192,30210,1,0,0:0:0:0:
109,192,30210,1,0,0:0:0:0:
402,192,30398,1,0,0:0:0:0:
329,192,30398,1,0,0:0:0:0:
256,192,30398,1,0,0:0:0:0:
109,192,30585,1,0,0:0:0:0:
182,192,30585,1,0,0:0:0:0:
182,192,30679,1,0,0:0:0:0:
109,192,30679,1,0,0:0:0:0:
475,192,30773,1,0,0:0:0:0:
402,192,30773,1,0,0:0:0:0:
329,192,30773,128,0,30960:0:0:0:0:
256,192,30960,1,0,0:0:0:0:
109,192,31148,1,0,0:0:0:0:
36,192,31148,1,0,0:0:0:0:
182,192,31148,1,0,0:0:0:0:
256,192,31335,1,0,0:0:0:0:
182,192,31335,1,0,0:0:0:0:
109,192,31335,1,0,0:0:0:0:
329,192,31523,1,0,0:0:0:0:
256,192,31523,1,0,0:0:0:0:
182,192,31523,1,0,0:0:0:0:
402,192,31710,1,0,0:0:0:0:
329,192,31710,1,0,0:0:0:0:
256,192,31710,1,0,0:0:0:0:
329,192,31898,1,0,0:0:0:0:
256,192,31898,1,0,0:0:0:0:
182,192,31898,1,0,0:0:0:0:
402,192,32085,1,0,0:0:0:0:
329,192,32085,1,0,0:0:0:0:
256,192,32085,1,0,0:0:0:0:
475,192,32273,1,0,0:0:0:0:
402,192,32273,1,0,0:0:0:0:
329,192,32273,1,0,0:0:0:0:
329,192,32460,1,0,0:0:0:0:
256,192,32460,1,0,0:0:0:0:
182,192,32460,1,0,0:0:0:0:
402,192,32648,1,0,0:0:0:0:
329,192,32648,1,0,0:0:0:0:
256,192,32648,1,0,0:0:0:0:
329,192,32835,1,0,0:0:0:0:
256,192,32835,1,0,0:0:0:0:
182,192,32835,1,0,0:0:0:0:
109,192,33023,1,0,0:0:0:0:
182,192,33023,1,0,0:0:0:0:
256,192,33023,1,0,0:0:0:0:
329,192,33210,1,0,0:0:0:0:
256,192,33210,1,0,0:0:0:0:
182,192,33210,1,0,0:0:0:0:
402,192,33398,1,0,0:0:0:0:
329,192,33398,1,0,0:0:0:0:
256,192,33398,1,0,0:0:0:0:
109,192,33585,1,0,0:0:0:0:
36,192,33585,1,0,0:0:0:0:
109,192,33679,1,0,0:0:0:0:
36,192,33679,1,0,0:0:0:0:
402,192,33773,1,0,0:0:0:0:
182,192,33773,1,0,0:0:0:0:
109,192,33960,1,0,0:0:0:0:
36,192,33960,1,0,0:0:0:0:
256,192,33960,1,0,0:0:0:0:
329,192,34148,1,0,0:0:0:0:
182,192,34148,1,0,0:0:0:0:
402,192,34148,1,0,0:0:0:0:
182,192,34335,1,0,0:0:0:0:
36,192,34335,1,0,0:0:0:0:
475,192,34523,1,0,0:0:0:0:
256,192,34523,1,0,0:0:0:0:
329,192,34523,1,0,0:0:0:0:
109,192,34710,1,0,0:0:0:0:
182,192,34710,1,0,0:0:0:0:
109,192,34898,1,0,0:0:0:0:
36,192,34898,1,0,0:0:0:0:
475,192,35085,1,0,0:0:0:0:
329,192,35085,1,0,0:0:0:0:
402,192,35085,1,0,0:0:0:0:
36,192,35085,1,0,0:0:0:0:
36,192,35179,1,0,0:0:0:0:
329,192,35273,1,0,0:0:0:0:
256,192,35273,1,0,0:0:0:0:
182,192,35273,1,0,0:0:0:0:
182,192,35460,1,0,0:0:0:0:
36,192,35460,1,0,0:0:0:0:
109,192,35460,1,0,0:0:0:0:
475,192,35648,1,0,0:0:0:0:
329,192,35648,1,0,0:0:0:0:
256,192,35648,1,0,0:0:0:0:
109,192,35835,1,0,0:0:0:0:
182,192,35835,1,0,0:0:0:0:
36,192,36023,1,0,0:0:0:0:
109,192,36023,1,0,0:0:0:0:
402,192,36023,1,0,0:0:0:0:
256,192,36210,1,0,0:0:0:0:
475,192,36210,1,0,0:0:0:0:
182,192,36210,1,0,0:0:0:0:
329,192,36304,1,0,0:0:0:0:
402,192,36398,1,0,0:0:0:0:
36,192,36398,1,0,0:0:0:0:
182,192,36398,1,0,0:0:0:0:
475,192,36585,1,0,0:0:0:0:
402,192,36585,1,0,0:0:0:0:
329,192,36679,1,0,0:0:0:0:
182,192,36773,1,0,0:0:0:0:
109,192,36773,1,0,0:0:0:0:
256,192,36960,1,0,0:0:0:0:
402,192,36960,1,0,0:0:0:0:
109,192,36960,1,0,0:0:0:0:
475,192,37148,1,0,0:0:0:0:
329,192,37148,1,0,0:0:0:0:
182,192,37148,1,0,0:0:0:0:
109,192,37335,1,0,0:0:0:0:
36,192,37335,1,0,0:0:0:0:
256,192,37523,1,0,0:0:0:0:
402,192,37710,1,0,0:0:0:0:
329,192,37710,1,0,0:0:0:0:
109,192,37710,1,0,0:0:0:0:
475,192,37898,1,0,0:0:0:0:
402,192,37898,1,0,0:0:0:0:
182,192,38085,1,0,0:0:0:0:
256,192,38085,1,0,0:0:0:0:
36,192,38085,1,0,0:0:0:0:
36,192,38179,1,0,0:0:0:0:
329,192,38273,1,0,0:0:0:0:
256,192,38273,1,0,0:0:0:0:
109,192,38273,1,0,0:0:0:0:
402,192,38460,1,0,0:0:0:0:
329,192,38460,1,0,0:0:0:0:
36,192,38460,1,0,0:0:0:0:
475,192,38648,1,0,0:0:0:0:
402,192,38648,1,0,0:0:0:0:
109,192,38648,1,0,0:0:0:0:
36,192,38835,1,0,0:0:0:0:
182,192,38835,1,0,0:0:0:0:
329,192,38835,1,0,0:0:0:0:
256,192,38929,1,0,0:0:0:0:
329,192,39023,1,0,0:0:0:0:
475,192,39023,1,0,0:0:0:0:
256,192,39210,1,0,0:0:0:0:
182,192,39210,1,0,0:0:0:0:
36,192,39210,1,0,0:0:0:0:
329,192,39304,1,0,0:0:0:0:
109,192,39304,1,0,0:0:0:0:
402,192,39398,1,0,0:0:0:0:
182,192,39398,1,0,0:0:0:0:
36,192,39585,1,0,0:0:0:0:
109,192,39585,1,0,0:0:0:0:
475,192,39679,1,0,0:0:0:0:
402,192,39679,1,0,0:0:0:0:
256,192,39773,1,0,0:0:0:0:
182,192,39773,1,0,0:0:0:0:
475,192,39960,1,0,0:0:0:0:
402,192,39960,1,0,0:0:0:0:
329,192,39960,1,0,0:0:0:0:
109,192,39960,1,0,0:0:0:0:
402,192,40148,1,0,0:0:0:0:
329,192,40148,1,0,0:0:0:0:
475,192,40148,1,0,0:0:0:0:
182,192,40148,1,0,0:0:0:0:
402,192,40335,1,0,0:0:0:0:
329,192,40335,1,0,0:0:0:0:
256,192,40335,1,0,0:0:0:0:
256,192,40523,1,0,0:0:0:0:
329,192,40523,1,0,0:0:0:0:
182,192,40523,1,0,0:0:0:0:
402,192,40710,1,0,0:0:0:0:
329,192,40710,1,0,0:0:0:0:
256,192,40710,1,0,0:0:0:0:
109,192,40898,1,0,0:0:0:0:
182,192,40898,1,0,0:0:0:0:
256,192,40898,1,0,0:0:0:0:
475,192,40898,1,0,0:0:0:0:
402,192,41085,1,0,0:0:0:0:
329,192,41085,1,0,0:0:0:0:
256,192,41085,1,0,0:0:0:0:
256,192,41273,1,0,0:0:0:0:
182,192,41273,1,0,0:0:0:0:
109,192,41273,1,0,0:0:0:0:
182,192,41460,1,0,0:0:0:0:
109,192,41460,1,0,0:0:0:0:
36,192,41460,1,0,0:0:0:0:
329,192,41648,1,0,0:0:0:0:
256,192,41648,1,0,0:0:0:0:
182,192,41648,1,0,0:0:0:0:
475,192,41648,1,0,0:0:0:0:
256,192,41835,1,0,0:0:0:0:
182,192,41835,1,0,0:0:0:0:
109,192,41835,1,0,0:0:0:0:
182,192,42023,1,0,0:0:0:0:
109,192,42023,1,0,0:0:0:0:
36,192,42023,1,0,0:0:0:0:
182,192,42210,1,0,0:0:0:0:
256,192,42210,1,0,0:0:0:0:
109,192,42210,1,0,0:0:0:0:
329,192,42398,1,0,0:0:0:0:
256,192,42398,1,0,0:0:0:0:
182,192,42398,1,0,0:0:0:0:
36,192,42398,1,0,0:0:0:0:
402,192,42585,1,0,0:0:0:0:
329,192,42585,1,0,0:0:0:0:
36,192,42585,1,0,0:0:0:0:
402,192,42679,1,0,0:0:0:0:
329,192,42679,1,0,0:0:0:0:
182,192,42679,1,0,0:0:0:0:
109,192,42773,128,0,42960:0:0:0:0:
36,192,42960,1,0,0:0:0:0:
329,192,42960,1,0,0:0:0:0:
256,192,42960,1,0,0:0:0:0:
182,192,43148,1,0,0:0:0:0:
256,192,43148,1,0,0:0:0:0:
109,192,43148,1,0,0:0:0:0:
402,192,43148,1,0,0:0:0:0:
329,192,43335,1,0,0:0:0:0:
256,192,43335,1,0,0:0:0:0:
182,192,43335,1,0,0:0:0:0:
402,192,43523,1,0,0:0:0:0:
329,192,43523,1,0,0:0:0:0:
256,192,43523,1,0,0:0:0:0:
475,192,43710,1,0,0:0:0:0:
402,192,43710,1,0,0:0:0:0:
329,192,43710,1,0,0:0:0:0:
329,192,43898,1,0,0:0:0:0:
256,192,43898,1,0,0:0:0:0:
182,192,43898,1,0,0:0:0:0:
36,192,43898,1,0,0:0:0:0:
402,192,44085,1,0,0:0:0:0:
329,192,44085,1,0,0:0:0:0:
256,192,44085,1,0,0:0:0:0:
475,192,44273,1,0,0:0:0:0:
402,192,44273,1,0,0:0:0:0:
329,192,44273,1,0,0:0:0:0:
329,192,44460,1,0,0:0:0:0:
256,192,44460,1,0,0:0:0:0:
182,192,44460,1,0,0:0:0:0:
402,192,44648,1,0,0:0:0:0:
329,192,44648,1,0,0:0:0:0:
256,192,44648,1,0,0:0:0:0:
109,192,44648,1,0,0:0:0:0:
329,192,44835,1,0,0:0:0:0:
256,192,44835,1,0,0:0:0:0:
182,192,44835,1,0,0:0:0:0:
109,192,45023,1,0,0:0:0:0:
182,192,45023,1,0,0:0:0:0:
256,192,45023,1,0,0:0:0:0:
329,192,45210,1,0,0:0:0:0:
256,192,45210,1,0,0:0:0:0:
182,192,45210,1,0,0:0:0:0:
402,192,45398,1,0,0:0:0:0:
329,192,45398,1,0,0:0:0:0:
256,192,45398,1,0,0:0:0:0:
36,192,45398,1,0,0:0:0:0:
182,192,45585,1,0,0:0:0:0:
109,192,45585,1,0,0:0:0:0:
402,192,45679,1,0,0:0:0:0:
182,192,45773,1,0,0:0:0:0:
256,192,45773,1,0,0:0:0:0:
36,192,45960,1,0,0:0:0:0:
182,192,45960,1,0,0:0:0:0:
402,192,45960,1,0,0:0:0:0:
256,192,46054,1,0,0:0:0:0:
329,192,46148,1,0,0:0:0:0:
475,192,46148,1,0,0:0:0:0:
109,192,46148,1,0,0:0:0:0:
256,192,46335,1,0,0:0:0:0:
182,192,46335,1,0,0:0:0:0:
109,192,46429,1,0,0:0:0:0:
36,192,46523,1,0,0:0:0:0:
402,192,46523,1,0,0:0:0:0:
329,192,46523,1,0,0:0:0:0:
182,192,46710,1,0,0:0:0:0:
256,192,46710,1,0,0:0:0:0:
402,192,46898,1,0,0:0:0:0:
36,192,46898,1,0,0:0:0:0:
109,192,46898,1,0,0:0:0:0:
182,192,47085,1,0,0:0:0:0:
109,192,47085,1,0,0:0:0:0:
256,192,47179,1,0,0:0:0:0:
329,192,47210,1,0,0:0:0:0:
402,192,47241,1,0,0:0:0:0:
475,192,47273,1,0,0:0:0:0:
109,192,47273,1,0,0:0:0:0:
36,192,47273,1,0,0:0:0:0:
256,192,47460,1,0,0:0:0:0:
329,192,47460,1,0,0:0:0:0:
402,192,47554,1,0,0:0:0:0:
475,192,47648,1,0,0:0:0:0:
182,192,47648,1,0,0:0:0:0:
109,192,47648,1,0,0:0:0:0:
256,192,47648,1,0,0:0:0:0:
402,192,47835,1,0,0:0:0:0:
329,192,47835,1,0,0:0:0:0:
182,192,47929,1,0,0:0:0:0:
475,192,47929,1,0,0:0:0:0:
36,192,48023,1,0,0:0:0:0:
329,192,48023,1,0,0:0:0:0:
475,192,48210,1,0,0:0:0:0:
256,192,48210,1,0,0:0:0:0:
182,192,48210,1,0,0:0:0:0:
329,192,48398,1,0,0:0:0:0:
109,192,48398,1,0,0:0:0:0:
36,192,48398,1,0,0:0:0:0:
182,192,48585,1,0,0:0:0:0:
402,192,48585,1,0,0:0:0:0:
256,192,48585,1,0,0:0:0:0:
109,192,48679,1,0,0:0:0:0:
36,192,48773,1,0,0:0:0:0:
329,192,48773,1,0,0:0:0:0:
475,192,48773,1,0,0:0:0:0:
256,192,48960,1,0,0:0:0:0:
109,192,48960,1,0,0:0:0:0:
402,192,48960,1,0,0:0:0:0:
475,192,49148,1,0,0:0:0:0:
329,192,49148,1,0,0:0:0:0:
36,192,49148,1,0,0:0:0:0:
182,192,49335,1,0,0:0:0:0:
256,192,49335,1,0,0:0:0:0:
109,192,49429,1,0,0:0:0:0:
36,192,49523,1,0,0:0:0:0:
402,192,49523,1,0,0:0:0:0:
36,192,49710,1,0,0:0:0:0:
329,192,49710,1,0,0:0:0:0:
36,192,49898,1,0,0:0:0:0:
402,192,49898,1,0,0:0:0:0:
36,192,50085,1,0,0:0:0:0:
256,192,50085,1,0,0:0:0:0:
329,192,50179,1,0,0:0:0:0:
182,192,50273,1,0,0:0:0:0:
36,192,50273,1,0,0:0:0:0:
402,192,50273,1,0,0:0:0:0:
256,192,50460,1,0,0:0:0:0:
182,192,50460,1,0,0:0:0:0:
36,192,50648,1,0,0:0:0:0:
182,192,50648,1,0,0:0:0:0:
329,192,50648,1,0,0:0:0:0:
256,192,50648,1,0,0:0:0:0:
475,192,50648,1,0,0:0:0:0:
256,192,50835,1,0,0:0:0:0:
256,192,50929,1,0,0:0:0:0:
182,192,51023,1,0,0:0:0:0:
256,192,51116,1,0,0:0:0:0:
329,192,51210,1,0,0:0:0:0:
402,192,51304,1,0,0:0:0:0:
475,192,51398,1,0,0:0:0:0:
402,192,51585,1,0,0:0:0:0:
329,192,51679,1,0,0:0:0:0:
256,192,51773,1,0,0:0:0:0:
182,192,51866,1,0,0:0:0:0:
109,192,51960,1,0,0:0:0:0:
36,192,52054,1,0,0:0:0:0:
475,192,52148,1,0,0:0:0:0:
256,192,52148,1,0,0:0:0:0:
182,192,52148,1,0,0:0:0:0:
402,192,52241,1,0,0:0:0:0:
329,192,52335,1,0,0:0:0:0:
109,192,52335,1,0,0:0:0:0:
36,192,52335,1,0,0:0:0:0:
256,192,52429,1,0,0:0:0:0:
182,192,52523,1,0,0:0:0:0:
402,192,52523,1,0,0:0:0:0:
475,192,52523,1,0,0:0:0:0:
256,192,52616,1,0,0:0:0:0:
329,192,52710,1,0,0:0:0:0:
109,192,52710,1,0,0:0:0:0:
36,192,52710,1,0,0:0:0:0:
402,192,52804,1,0,0:0:0:0:
329,192,52898,1,0,0:0:0:0:
182,192,52898,1,0,0:0:0:0:
109,192,52898,1,0,0:0:0:0:
256,192,52991,1,0,0:0:0:0:
182,192,53085,1,0,0:0:0:0:
402,192,53085,1,0,0:0:0:0:
109,192,53179,1,0,0:0:0:0:
402,192,53179,1,0,0:0:0:0:
475,192,53273,1,0,0:0:0:0:
182,192,53273,1,0,0:0:0:0:
36,192,53273,1,0,0:0:0:0:
402,192,53366,1,0,0:0:0:0:
329,192,53460,1,0,0:0:0:0:
36,192,53460,1,0,0:0:0:0:
109,192,53460,1,0,0:0:0:0:
256,192,53554,1,0,0:0:0:0:
182,192,53648,1,0,0:0:0:0:
402,192,53648,1,0,0:0:0:0:
329,192,53648,1,0,0:0:0:0:
109,192,53741,1,0,0:0:0:0:
36,192,53835,1,0,0:0:0:0:
475,192,53835,1,0,0:0:0:0:
329,192,53835,1,0,0:0:0:0:
109,192,53929,1,0,0:0:0:0:
182,192,54023,1,0,0:0:0:0:
475,192,54023,1,0,0:0:0:0:
402,192,54023,1,0,0:0:0:0:
256,192,54116,1,0,0:0:0:0:
329,192,54210,1,0,0:0:0:0:
109,192,54210,1,0,0:0:0:0:
36,192,54210,1,0,0:0:0:0:
256,192,54304,1,0,0:0:0:0:
329,192,54398,1,0,0:0:0:0:
109,192,54398,1,0,0:0:0:0:
182,192,54398,1,0,0:0:0:0:
402,192,54491,1,0,0:0:0:0:
329,192,54585,1,0,0:0:0:0:
36,192,54585,1,0,0:0:0:0:
402,192,54679,1,0,0:0:0:0:
36,192,54679,1,0,0:0:0:0:
475,192,54773,1,0,0:0:0:0:
256,192,54773,1,0,0:0:0:0:
109,192,54773,1,0,0:0:0:0:
402,192,54866,1,0,0:0:0:0:
329,192,54960,1,0,0:0:0:0:
182,192,54960,1,0,0:0:0:0:
36,192,54960,1,0,0:0:0:0:
256,192,55054,1,0,0:0:0:0:
402,192,55148,1,0,0:0:0:0:
109,192,55148,1,0,0:0:0:0:
182,192,55148,1,0,0:0:0:0:
329,192,55241,1,0,0:0:0:0:
402,192,55335,1,0,0:0:0:0:
256,192,55335,1,0,0:0:0:0:
36,192,55335,1,0,0:0:0:0:
329,192,55429,1,0,0:0:0:0:
402,192,55523,1,0,0:0:0:0:
182,192,55523,1,0,0:0:0:0:
109,192,55523,1,0,0:0:0:0:
329,192,55616,1,0,0:0:0:0:
402,192,55710,1,0,0:0:0:0:
256,192,55710,1,0,0:0:0:0:
36,192,55710,1,0,0:0:0:0:
329,192,55804,1,0,0:0:0:0:
402,192,55898,1,0,0:0:0:0:
109,192,55898,1,0,0:0:0:0:
182,192,55898,1,0,0:0:0:0:
475,192,55991,1,0,0:0:0:0:
402,192,56085,1,0,0:0:0:0:
36,192,56085,1,0,0:0:0:0:
329,192,56179,1,0,0:0:0:0:
36,192,56179,1,0,0:0:0:0:
256,192,56273,1,0,0:0:0:0:
475,192,56273,1,0,0:0:0:0:
402,192,56273,1,0,0:0:0:0:
182,192,56366,1,0,0:0:0:0:
256,192,56460,1,0,0:0:0:0:
109,192,56460,1,0,0:0:0:0:
36,192,56460,1,0,0:0:0:0:
329,192,56554,1,0,0:0:0:0:
402,192,56648,1,0,0:0:0:0:
182,192,56648,1,0,0:0:0:0:
256,192,56648,1,0,0:0:0:0:
475,192,56741,1,0,0:0:0:0:
402,192,56835,1,0,0:0:0:0:
36,192,56835,1,0,0:0:0:0:
182,192,56835,1,0,0:0:0:0:
329,192,56929,1,0,0:0:0:0:
402,192,57023,1,0,0:0:0:0:
109,192,57023,1,0,0:0:0:0:
36,192,57023,1,0,0:0:0:0:
475,192,57116,1,0,0:0:0:0:
402,192,57210,1,0,0:0:0:0:
256,192,57210,1,0,0:0:0:0:
109,192,57210,1,0,0:0:0:0:
329,192,57304,1,0,0:0:0:0:
402,192,57398,1,0,0:0:0:0:
36,192,57398,1,0,0:0:0:0:
109,192,57398,1,0,0:0:0:0:
256,192,57491,1,0,0:0:0:0:
182,192,57585,1,0,0:0:0:0:
475,192,57585,1,0,0:0:0:0:
109,192,57679,1,0,0:0:0:0:
475,192,57679,1,0,0:0:0:0:
329,192,57773,1,0,0:0:0:0:
256,192,57773,1,0,0:0:0:0:
182,192,57866,1,0,0:0:0:0:
109,192,57960,1,0,0:0:0:0:
475,192,57960,1,0,0:0:0:0:
402,192,57960,1,0,0:0:0:0:
36,192,58054,1,0,0:0:0:0:
475,192,58148,1,0,0:0:0:0:
329,192,58148,1,0,0:0:0:0:
109,192,58335,1,0,0:0:0:0:
402,192,58335,1,0,0:0:0:0:
329,192,58335,1,0,0:0:0:0:
182,192,58429,1,0,0:0:0:0:
256,192,58523,1,0,0:0:0:0:
36,192,58523,1,0,0:0:0:0:
109,192,58523,1,0,0:0:0:0:
329,192,58616,1,0,0:0:0:0:
402,192,58710,1,0,0:0:0:0:
182,192,58710,1,0,0:0:0:0:
256,192,58710,1,0,0:0:0:0:
475,192,58804,1,0,0:0:0:0:
402,192,58898,1,0,0:0:0:0:
109,192,58898,1,0,0:0:0:0:
36,192,58898,1,0,0:0:0:0:
329,192,58991,1,0,0:0:0:0:
256,192,59085,1,0,0:0:0:0:
475,192,59085,1,0,0:0:0:0:
182,192,59179,1,0,0:0:0:0:
475,192,59179,1,0,0:0:0:0:
329,192,59273,1,0,0:0:0:0:
36,192,59273,1,0,0:0:0:0:
109,192,59273,1,0,0:0:0:0:
256,192,59366,1,0,0:0:0:0:
182,192,59460,1,0,0:0:0:0:
475,192,59460,1,0,0:0:0:0:
402,192,59460,1,0,0:0:0:0:
109,192,59554,1,0,0:0:0:0:
402,192,59648,1,0,0:0:0:0:
256,192,59648,1,0,0:0:0:0:
182,192,59648,1,0,0:0:0:0:
329,192,59741,1,0,0:0:0:0:
256,192,59835,1,0,0:0:0:0:
475,192,59835,1,0,0:0:0:0:
402,192,59835,1,0,0:0:0:0:
182,192,59929,1,0,0:0:0:0:
329,192,60023,1,0,0:0:0:0:
109,192,60023,1,0,0:0:0:0:
36,192,60023,1,0,0:0:0:0:
256,192,60116,1,0,0:0:0:0:
182,192,60210,1,0,0:0:0:0:
402,192,60210,1,0,0:0:0:0:
329,192,60210,1,0,0:0:0:0:
109,192,60304,1,0,0:0:0:0:
36,192,60398,1,0,0:0:0:0:
475,192,60398,1,0,0:0:0:0:
402,192,60398,1,0,0:0:0:0:
182,192,60491,1,0,0:0:0:0:
256,192,60585,1,0,0:0:0:0:
109,192,60585,1,0,0:0:0:0:
36,192,60585,1,0,0:0:0:0:
329,192,60679,1,0,0:0:0:0:
256,192,60773,1,0,0:0:0:0:
475,192,60773,1,0,0:0:0:0:
402,192,60773,1,0,0:0:0:0:
329,192,60866,1,0,0:0:0:0:
402,192,60960,1,0,0:0:0:0:
182,192,60960,1,0,0:0:0:0:
109,192,60960,1,0,0:0:0:0:
475,192,61054,1,0,0:0:0:0:
182,192,61148,1,0,0:0:0:0:
402,192,61148,1,0,0:0:0:0:
36,192,61148,1,0,0:0:0:0:
256,192,61241,1,0,0:0:0:0:
329,192,61335,1,0,0:0:0:0:
109,192,61335,1,0,0:0:0:0:
36,192,61335,1,0,0:0:0:0:
402,192,61429,1,0,0:0:0:0:
475,192,61523,1,0,0:0:0:0:
256,192,61523,1,0,0:0:0:0:
182,192,61523,1,0,0:0:0:0:
402,192,61616,1,0,0:0:0:0:
329,192,61710,1,0,0:0:0:0:
109,192,61710,1,0,0:0:0:0:
36,192,61710,1,0,0:0:0:0:
256,192,61804,1,0,0:0:0:0:
182,192,61898,1,0,0:0:0:0:
475,192,61898,1,0,0:0:0:0:
402,192,61898,1,0,0:0:0:0:
256,192,61991,1,0,0:0:0:0:
329,192,62085,1,0,0:0:0:0:
36,192,62085,1,0,0:0:0:0:
402,192,62179,1,0,0:0:0:0:
36,192,62179,1,0,0:0:0:0:
475,192,62273,1,0,0:0:0:0:
256,192,62273,1,0,0:0:0:0:
182,192,62273,1,0,0:0:0:0:
402,192,62366,1,0,0:0:0:0:
329,192,62460,1,0,0:0:0:0:
36,192,62460,1,0,0:0:0:0:
109,192,62460,1,0,0:0:0:0:
256,192,62554,1,0,0:0:0:0:
402,192,62648,1,0,0:0:0:0:
182,192,62648,1,0,0:0:0:0:
36,192,62648,1,0,0:0:0:0:
329,192,62741,1,0,0:0:0:0:
256,192,62835,1,0,0:0:0:0:
475,192,62835,1,0,0:0:0:0:
402,192,62835,1,0,0:0:0:0:
182,192,62929,1,0,0:0:0:0:
329,192,63023,1,0,0:0:0:0:
36,192,63023,1,0,0:0:0:0:
109,192,63023,1,0,0:0:0:0:
256,192,63116,1,0,0:0:0:0:
182,192,63210,1,0,0:0:0:0:
475,192,63210,1,0,0:0:0:0:
329,192,63210,1,0,0:0:0:0:
109,192,63304,1,0,0:0:0:0:
475,192,63398,1,0,0:0:0:0:
256,192,63398,1,0,0:0:0:0:
182,192,63398,1,0,0:0:0:0:
329,192,63491,1,0,0:0:0:0:
256,192,63585,1,0,0:0:0:0:
475,192,63585,1,0,0:0:0:0:
109,192,63679,1,0,0:0:0:0:
475,192,63679,1,0,0:0:0:0:
402,192,63773,1,0,0:0:0:0:
182,192,63773,1,0,0:0:0:0:
36,192,63773,1,0,0:0:0:0:
256,192,63866,1,0,0:0:0:0:
182,192,63960,1,0,0:0:0:0:
475,192,63960,1,0,0:0:0:0:
402,192,63960,1,0,0:0:0:0:
36,192,64054,1,0,0:0:0:0:
256,192,64148,1,0,0:0:0:0:
329,192,64148,1,0,0:0:0:0:
475,192,64241,1,0,0:0:0:0:
256,192,64335,1,0,0:0:0:0:
182,192,64429,1,0,0:0:0:0:
109,192,64429,1,0,0:0:0:0:
402,192,64523,1,0,0:0:0:0:
109,192,64616,1,0,0:0:0:0:
329,192,64710,1,0,0:0:0:0:
256,192,64710,1,0,0:0:0:0:
475,192,64804,1,0,0:0:0:0:
256,192,64898,1,0,0:0:0:0:
109,192,64991,1,0,0:0:0:0:
182,192,64991,1,0,0:0:0:0:
402,192,65085,1,0,0:0:0:0:
109,192,65179,1,0,0:0:0:0:
329,192,65273,1,0,0:0:0:0:
256,192,65273,1,0,0:0:0:0:
475,192,65366,1,0,0:0:0:0:
256,192,65460,1,0,0:0:0:0:
109,192,65554,1,0,0:0:0:0:
182,192,65554,1,0,0:0:0:0:
329,192,65648,1,0,0:0:0:0:
256,192,65648,1,0,0:0:0:0:
109,192,65741,1,0,0:0:0:0:
329,192,65835,1,0,0:0:0:0:
256,192,65929,1,0,0:0:0:0:
182,192,65929,1,0,0:0:0:0:
36,192,66023,1,0,0:0:0:0:
182,192,66116,1,0,0:0:0:0:
329,192,66210,1,0,0:0:0:0:
256,192,66210,1,0,0:0:0:0:
109,192,66304,1,0,0:0:0:0:
329,192,66398,1,0,0:0:0:0:
256,192,66491,1,0,0:0:0:0:
182,192,66491,1,0,0:0:0:0:
36,192,66585,1,0,0:0:0:0:
182,192,66679,1,0,0:0:0:0:
329,192,66773,1,0,0:0:0:0:
256,192,66773,1,0,0:0:0:0:
109,192,66866,1,0,0:0:0:0:
329,192,66960,1,0,0:0:0:0:
256,192,67054,1,0,0:0:0:0:
182,192,67054,1,0,0:0:0:0:
402,192,67148,1,0,0:0:0:0:
329,192,67148,1,0,0:0:0:0:
109,192,67241,1,0,0:0:0:0:
256,192,67335,1,0,0:0:0:0:
109,192,67429,1,0,0:0:0:0:
182,192,67429,1,0,0:0:0:0:
36,192,67523,1,0,0:0:0:0:
182,192,67616,1,0,0:0:0:0:
402,192,67710,1,0,0:0:0:0:
329,192,67710,1,0,0:0:0:0:
109,192,67804,1,0,0:0:0:0:
256,192,67898,1,0,0:0:0:0:
109,192,67991,1,0,0:0:0:0:
182,192,67991,1,0,0:0:0:0:
36,192,68085,1,0,0:0:0:0:
182,192,68179,1,0,0:0:0:0:
402,192,68273,1,0,0:0:0:0:
329,192,68273,1,0,0:0:0:0:
109,192,68366,1,0,0:0:0:0:
256,192,68460,1,0,0:0:0:0:
402,192,68554,1,0,0:0:0:0:
475,192,68554,1,0,0:0:0:0:
182,192,68648,1,0,0:0:0:0:
36,192,68648,1,0,0:0:0:0:
109,192,68648,1,0,0:0:0:0:
256,192,68741,1,0,0:0:0:0:
329,192,68835,1,0,0:0:0:0:
475,192,68835,1,0,0:0:0:0:
402,192,68835,1,0,0:0:0:0:
256,192,68929,1,0,0:0:0:0:
182,192,69023,1,0,0:0:0:0:
36,192,69023,1,0,0:0:0:0:
109,192,69023,1,0,0:0:0:0:
256,192,69116,1,0,0:0:0:0:
329,192,69210,1,0,0:0:0:0:
475,192,69210,1,0,0:0:0:0:
402,192,69210,1,0,0:0:0:0:
256,192,69304,1,0,0:0:0:0:
402,192,69398,1,0,0:0:0:0:
109,192,69398,1,0,0:0:0:0:
36,192,69398,1,0,0:0:0:0:
256,192,69491,1,0,0:0:0:0:
182,192,69585,1,0,0:0:0:0:
329,192,69585,1,0,0:0:0:0:
109,192,69679,1,0,0:0:0:0:
329,192,69679,1,0,0:0:0:0:
182,192,69773,1,0,0:0:0:0:
475,192,69773,1,0,0:0:0:0:
402,192,69773,1,0,0:0:0:0:
256,192,69866,1,0,0:0:0:0:
329,192,69960,1,0,0:0:0:0:
109,192,69960,1,0,0:0:0:0:
36,192,69960,1,0,0:0:0:0:
402,192,70054,1,0,0:0:0:0:
36,192,70148,1,0,0:0:0:0:
475,192,70148,1,0,0:0:0:0:
256,192,70148,1,0,0:0:0:0:
109,192,70148,1,0,0:0:0:0:
182,192,70241,1,0,0:0:0:0:
256,192,70335,1,0,0:0:0:0:
402,192,70335,1,0,0:0:0:0:
475,192,70335,1,0,0:0:0:0:
182,192,70429,1,0,0:0:0:0:
256,192,70523,1,0,0:0:0:0:
109,192,70523,1,0,0:0:0:0:
36,192,70523,1,0,0:0:0:0:
329,192,70616,1,0,0:0:0:0:
402,192,70710,1,0,0:0:0:0:
256,192,70710,1,0,0:0:0:0:
182,192,70710,1,0,0:0:0:0:
475,192,70804,1,0,0:0:0:0:
402,192,70898,1,0,0:0:0:0:
109,192,70898,1,0,0:0:0:0:
36,192,70898,1,0,0:0:0:0:
329,192,70991,1,0,0:0:0:0:
256,192,71085,1,0,0:0:0:0:
475,192,71085,1,0,0:0:0:0:
402,192,71085,1,0,0:0:0:0:
182,192,71179,1,0,0:0:0:0:
329,192,71273,1,0,0:0:0:0:
109,192,71273,1,0,0:0:0:0:
36,192,71273,1,0,0:0:0:0:
256,192,71366,1,0,0:0:0:0:
182,192,71460,1,0,0:0:0:0:
402,192,71460,1,0,0:0:0:0:
475,192,71460,1,0,0:0:0:0:
109,192,71554,1,0,0:0:0:0:
402,192,71648,1,0,0:0:0:0:
256,192,71648,1,0,0:0:0:0:
182,192,71648,1,0,0:0:0:0:
329,192,71741,1,0,0:0:0:0:
256,192,71835,1,0,0:0:0:0:
475,192,71835,1,0,0:0:0:0:
402,192,71835,1,0,0:0:0:0:
182,192,71929,1,0,0:0:0:0:
329,192,72023,1,0,0:0:0:0:
109,192,72023,1,0,0:0:0:0:
36,192,72023,1,0,0:0:0:0:
256,192,72116,1,0,0:0:0:0:
182,192,72210,1,0,0:0:0:0:
475,192,72210,1,0,0:0:0:0:
402,192,72210,1,0,0:0:0:0:
109,192,72304,1,0,0:0:0:0:
36,192,72398,1,0,0:0:0:0:
256,192,72398,1,0,0:0:0:0:
329,192,72398,1,0,0:0:0:0:
182,192,72491,1,0,0:0:0:0:
256,192,72585,1,0,0:0:0:0:
475,192,72585,1,0,0:0:0:0:
402,192,72585,1,0,0:0:0:0:
329,192,72679,1,0,0:0:0:0:
109,192,72773,1,0,0:0:0:0:
36,192,72773,1,0,0:0:0:0:
256,192,72866,1,0,0:0:0:0:
329,192,72960,1,0,0:0:0:0:
475,192,72960,1,0,0:0:0:0:
402,192,73054,1,0,0:0:0:0:
182,192,73148,1,0,0:0:0:0:
36,192,73148,1,0,0:0:0:0:
329,192,73148,1,0,0:0:0:0:
475,192,73148,1,0,0:0:0:0:
256,192,73241,1,0,0:0:0:0:
329,192,73335,1,0,0:0:0:0:
109,192,73335,1,0,0:0:0:0:
402,192,73429,1,0,0:0:0:0:
475,192,73523,1,0,0:0:0:0:
182,192,73523,1,0,0:0:0:0:
402,192,73616,1,0,0:0:0:0:
329,192,73710,1,0,0:0:0:0:
36,192,73710,1,0,0:0:0:0:
256,192,73804,1,0,0:0:0:0:
109,192,73898,1,0,0:0:0:0:
402,192,73898,1,0,0:0:0:0:
475,192,73898,1,0,0:0:0:0:
36,192,73898,1,0,0:0:0:0:
182,192,73991,1,0,0:0:0:0:
256,192,74085,1,0,0:0:0:0:
475,192,74085,1,0,0:0:0:0:
329,192,74179,1,0,0:0:0:0:
402,192,74273,1,0,0:0:0:0:
109,192,74273,1,0,0:0:0:0:
329,192,74366,1,0,0:0:0:0:
256,192,74460,1,0,0:0:0:0:
402,192,74460,1,0,0:0:0:0:
182,192,74554,1,0,0:0:0:0:
36,192,74648,1,0,0:0:0:0:
329,192,74648,1,0,0:0:0:0:
256,192,74648,1,0,0:0:0:0:
475,192,74648,1,0,0:0:0:0:
109,192,74741,1,0,0:0:0:0:
182,192,74835,1,0,0:0:0:0:
256,192,74929,1,0,0:0:0:0:
182,192,75023,1,0,0:0:0:0:
36,192,75023,1,0,0:0:0:0:
402,192,75023,1,0,0:0:0:0:
475,192,75023,1,0,0:0:0:0:
256,192,75116,1,0,0:0:0:0:
329,192,75210,1,0,0:0:0:0:
402,192,75304,1,0,0:0:0:0:
109,192,75398,1,0,0:0:0:0:
256,192,75398,1,0,0:0:0:0:
182,192,75398,1,0,0:0:0:0:
329,192,75398,1,0,0:0:0:0:
475,192,75585,1,0,0:0:0:0:
256,192,75585,1,0,0:0:0:0:
329,192,75585,1,0,0:0:0:0:
36,192,75585,1,0,0:0:0:0:
182,192,75773,1,0,0:0:0:0:
329,192,75773,1,0,0:0:0:0:
402,192,75773,1,0,0:0:0:0:
109,192,75773,1,0,0:0:0:0:
256,192,75960,1,0,0:0:0:0:
329,192,75960,1,0,0:0:0:0:
109,192,76160,1,0,0:0:0:0:
475,192,76353,1,0,0:0:0:0:
329,192,76353,1,0,0:0:0:0:
36,192,76547,1,0,0:0:0:0:
402,192,76747,1,0,0:0:0:0:
256,192,76747,1,0,0:0:0:0:
109,192,76947,1,0,0:0:0:0:
402,192,77161,1,0,0:0:0:0:
256,192,77161,1,0,0:0:0:0:
256,192,77268,1,0,0:0:0:0:
402,192,77268,1,0,0:0:0:0:
36,192,77375,1,0,0:0:0:0:
402,192,77605,1,0,0:0:0:0:
475,192,77605,1,0,0:0:0:0:
109,192,77836,1,0,0:0:0:0:
402,192,78086,1,0,0:0:0:0:
256,192,78086,1,0,0:0:0:0:
36,192,78335,1,0,0:0:0:0:
475,192,78586,1,0,0:0:0:0:
329,192,78586,1,0,0:0:0:0:
109,192,78836,1,0,0:0:0:0:
402,192,79096,1,0,0:0:0:0:
329,192,79096,1,0,0:0:0:0:
329,192,79227,1,0,0:0:0:0:
402,192,79227,1,0,0:0:0:0:
36,192,79357,1,0,0:0:0:0:
475,192,79618,1,0,0:0:0:0:
329,192,79618,1,0,0:0:0:0:
256,192,79814,1,0,0:0:0:0:
36,192,79879,1,0,0:0:0:0:
329,192,79879,1,0,0:0:0:0:
475,192,80140,1,0,0:0:0:0:
182,192,80401,1,0,0:0:0:0:
329,192,80401,1,0,0:0:0:0:
36,192,80662,1,0,0:0:0:0:
329,192,80922,1,0,0:0:0:0:
475,192,80922,1,0,0:0:0:0:
256,192,81176,1,0,0:0:0:0:
109,192,81176,1,0,0:0:0:0:
109,192,81303,1,0,0:0:0:0:
36,192,81430,1,0,0:0:0:0:
402,192,81684,1,0,0:0:0:0:
475,192,81684,1,0,0:0:0:0:
182,192,81938,1,0,0:0:0:0:
109,192,81938,1,0,0:0:0:0:
475,192,82193,1,0,0:0:0:0:
329,192,82193,1,0,0:0:0:0:
36,192,82447,1,0,0:0:0:0:
109,192,82447,1,0,0:0:0:0:
402,192,82701,1,0,0:0:0:0:
256,192,82701,1,0,0:0:0:0:
109,192,82955,1,0,0:0:0:0:
36,192,82955,1,0,0:0:0:0:
475,192,83195,1,0,0:0:0:0:
256,192,83195,1,0,0:0:0:0:
475,192,83315,1,0,0:0:0:0:
182,192,83435,1,0,0:0:0:0:
109,192,83435,1,0,0:0:0:0:
475,192,83675,1,0,0:0:0:0:
329,192,83675,1,0,0:0:0:0:
36,192,83915,1,0,0:0:0:0:
182,192,83915,1,0,0:0:0:0:
475,192,84155,1,0,0:0:0:0:
256,192,84155,1,0,0:0:0:0:
109,192,84395,1,0,0:0:0:0:
182,192,84395,1,0,0:0:0:0:
475,192,84635,1,0,0:0:0:0:
329,192,84635,1,0,0:0:0:0:
36,192,84875,1,0,0:0:0:0:
182,192,84875,1,0,0:0:0:0:
256,192,84913,1,0,0:0:0:0:
475,192,85105,1,0,0:0:0:0:
402,192,85105,1,0,0:0:0:0:
475,192,85221,1,0,0:0:0:0:
402,192,85221,1,0,0:0:0:0:
109,192,85336,1,0,0:0:0:0:
182,192,85336,1,0,0:0:0:0:
256,192,85375,1,0,0:0:0:0:
475,192,85567,1,0,0:0:0:0:
402,192,85567,1,0,0:0:0:0:
36,192,85798,1,0,0:0:0:0:
109,192,85798,1,0,0:0:0:0:
475,192,86028,1,0,0:0:0:0:
402,192,86028,1,0,0:0:0:0:
182,192,86259,1,0,0:0:0:0:
109,192,86259,1,0,0:0:0:0:
402,192,86490,1,0,0:0:0:0:
329,192,86490,1,0,0:0:0:0:
109,192,86721,1,0,0:0:0:0:
182,192,86721,1,0,0:0:0:0:
475,192,86946,1,0,0:0:0:0:
402,192,86946,1,0,0:0:0:0:
475,192,87059,1,0,0:0:0:0:
402,192,87059,1,0,0:0:0:0:
182,192,87172,1,0,0:0:0:0:
109,192,87172,1,0,0:0:0:0:
402,192,87397,1,0,0:0:0:0:
329,192,87397,1,0,0:0:0:0:
109,192,87623,1,0,0:0:0:0:
182,192,87848,1,0,0:0:0:0:
475,192,87848,1,0,0:0:0:0:
36,192,87848,1,0,0:0:0:0:
329,192,88074,1,0,0:0:0:0:
256,192,88299,1,0,0:0:0:0:
475,192,88299,1,0,0:0:0:0:
36,192,88299,1,0,0:0:0:0:
402,192,88525,1,0,0:0:0:0:
329,192,88742,1,0,0:0:0:0:
475,192,88742,1,0,0:0:0:0:
36,192,88742,1,0,0:0:0:0:
109,192,88851,1,0,0:0:0:0:
475,192,88959,1,0,0:0:0:0:
36,192,88959,1,0,0:0:0:0:
402,192,89177,1,0,0:0:0:0:
36,192,89177,1,0,0:0:0:0:
256,192,89177,1,0,0:0:0:0:
329,192,89394,1,0,0:0:0:0:
182,192,89394,1,0,0:0:0:0:
256,192,89611,1,0,0:0:0:0:
475,192,89611,1,0,0:0:0:0:
36,192,89611,1,0,0:0:0:0:
402,192,89829,1,0,0:0:0:0:
329,192,90046,1,0,0:0:0:0:
36,192,90046,1,0,0:0:0:0:
475,192,90264,1,0,0:0:0:0:
109,192,90475,1,0,0:0:0:0:
329,192,90475,1,0,0:0:0:0:
36,192,90475,1,0,0:0:0:0:
36,192,90580,1,0,0:0:0:0:
109,192,90580,1,0,0:0:0:0:
329,192,90686,1,0,0:0:0:0:
256,192,90686,1,0,0:0:0:0:
36,192,90897,1,0,0:0:0:0:
109,192,90897,1,0,0:0:0:0:
402,192,91109,1,0,0:0:0:0:
182,192,91109,1,0,0:0:0:0:
36,192,91320,1,0,0:0:0:0:
256,192,91320,1,0,0:0:0:0:
475,192,91531,1,0,0:0:0:0:
182,192,91531,1,0,0:0:0:0:
329,192,91742,1,0,0:0:0:0:
36,192,91742,1,0,0:0:0:0:
402,192,91848,1,0,0:0:0:0:
182,192,91954,1,0,0:0:0:0:
256,192,91954,1,0,0:0:0:0:
475,192,92156,1,0,0:0:0:0:
402,192,92156,1,0,0:0:0:0:
475,192,92258,1,0,0:0:0:0:
402,192,92258,1,0,0:0:0:0:
36,192,92359,1,0,0:0:0:0:
109,192,92359,1,0,0:0:0:0:
402,192,92562,1,0,0:0:0:0:
329,192,92562,1,0,0:0:0:0:
36,192,92764,1,0,0:0:0:0:
109,192,92764,1,0,0:0:0:0:
329,192,92967,1,0,0:0:0:0:
256,192,92967,1,0,0:0:0:0:
109,192,93170,1,0,0:0:0:0:
182,192,93170,1,0,0:0:0:0:
402,192,93372,1,0,0:0:0:0:
329,192,93372,1,0,0:0:0:0:
475,192,93575,1,0,0:0:0:0:
182,192,93575,1,0,0:0:0:0:
256,192,93575,1,0,0:0:0:0:
36,192,93575,1,0,0:0:0:0:
402,192,93772,1,0,0:0:0:0:
329,192,93969,1,0,0:0:0:0:
256,192,93969,1,0,0:0:0:0:
475,192,93969,1,0,0:0:0:0:
182,192,94002,1,0,0:0:0:0:
36,192,94035,1,0,0:0:0:0:
109,192,94167,1,0,0:0:0:0:
329,192,94364,1,0,0:0:0:0:
402,192,94364,1,0,0:0:0:0:
36,192,94561,1,0,0:0:0:0:
182,192,94561,1,0,0:0:0:0:
329,192,94759,1,0,0:0:0:0:
475,192,94759,1,0,0:0:0:0:
182,192,94956,1,0,0:0:0:0:
36,192,94956,1,0,0:0:0:0:
402,192,95153,1,0,0:0:0:0:
329,192,95153,1,0,0:0:0:0:
182,192,95346,1,0,0:0:0:0:
36,192,95346,1,0,0:0:0:0:
182,192,95443,1,0,0:0:0:0:
36,192,95443,1,0,0:0:0:0:
475,192,95540,1,0,0:0:0:0:
329,192,95540,1,0,0:0:0:0:
182,192,95733,1,0,0:0:0:0:
36,192,95733,1,0,0:0:0:0:
256,192,95927,1,0,0:0:0:0:
329,192,95927,1,0,0:0:0:0:
182,192,96120,1,0,0:0:0:0:
36,192,96120,1,0,0:0:0:0:
475,192,96314,1,0,0:0:0:0:
329,192,96314,1,0,0:0:0:0:
182,192,96507,1,0,0:0:0:0:
36,192,96507,1,0,0:0:0:0:
402,192,96701,1,0,0:0:0:0:
329,192,96701,1,0,0:0:0:0:
182,192,96892,1,0,0:0:0:0:
36,192,96892,1,0,0:0:0:0:
182,192,96987,1,0,0:0:0:0:
36,192,96987,1,0,0:0:0:0:
475,192,97083,1,0,0:0:0:0:
329,192,97083,1,0,0:0:0:0:
182,192,97274,1,0,0:0:0:0:
36,192,97274,1,0,0:0:0:0:
256,192,97465,1,0,0:0:0:0:
182,192,97465,1,0,0:0:0:0:
475,192,97656,1,0,0:0:0:0:
329,192,97656,1,0,0:0:0:0:
36,192,97847,1,0,0:0:0:0:
109,192,97847,1,0,0:0:0:0:
475,192,98038,1,0,0:0:0:0:
329,192,98038,1,0,0:0:0:0:
182,192,98229,1,0,0:0:0:0:
109,192,98229,1,0,0:0:0:0:
475,192,98420,1,0,0:0:0:0:
329,192,98420,1,0,0:0:0:0:
475,192,98516,1,0,0:0:0:0:
329,192,98516,1,0,0:0:0:0:
182,192,98611,1,0,0:0:0:0:
36,192,98611,1,0,0:0:0:0:
475,192,98802,1,0,0:0:0:0:
329,192,98802,1,0,0:0:0:0:
182,192,98993,1,0,0:0:0:0:
109,192,98993,1,0,0:0:0:0:
475,192,99185,1,0,0:0:0:0:
329,192,99185,1,0,0:0:0:0:
182,192,99376,1,0,0:0:0:0:
36,192,99376,1,0,0:0:0:0:
475,192,99567,1,0,0:0:0:0:
329,192,99567,1,0,0:0:0:0:
182,192,99758,1,0,0:0:0:0:
109,192,99758,1,0,0:0:0:0:
475,192,99946,1,0,0:0:0:0:
329,192,99946,1,0,0:0:0:0:
475,192,100041,1,0,0:0:0:0:
329,192,100041,1,0,0:0:0:0:
182,192,100135,1,0,0:0:0:0:
36,192,100135,1,0,0:0:0:0:
475,192,100324,1,0,0:0:0:0:
329,192,100324,1,0,0:0:0:0:
36,192,100512,1,0,0:0:0:0:
182,192,100512,1,0,0:0:0:0:
402,192,100512,1,0,0:0:0:0:
109,192,100701,1,0,0:0:0:0:
329,192,100890,1,0,0:0:0:0:
182,192,100890,1,0,0:0:0:0:
475,192,100890,1,0,0:0:0:0:
256,192,101078,1,0,0:0:0:0:
402,192,101267,1,0,0:0:0:0:
182,192,101267,1,0,0:0:0:0:
36,192,101267,1,0,0:0:0:0:
329,192,101452,1,0,0:0:0:0:
36,192,101452,1,0,0:0:0:0:
182,192,101544,1,0,0:0:0:0:
475,192,101637,1,0,0:0:0:0:
256,192,101637,1,0,0:0:0:0:
109,192,101637,1,0,0:0:0:0:
36,192,101822,1,0,0:0:0:0:
329,192,101822,1,0,0:0:0:0:
182,192,101822,1,0,0:0:0:0:
475,192,102007,1,0,0:0:0:0:
329,192,102007,1,0,0:0:0:0:
256,192,102007,1,0,0:0:0:0:
109,192,102007,1,0,0:0:0:0:
182,192,102192,1,0,0:0:0:0:
402,192,102378,1,0,0:0:0:0:
109,192,102378,1,0,0:0:0:0:
36,192,102378,1,0,0:0:0:0:
329,192,102378,1,0,0:0:0:0:
256,192,102563,1,0,0:0:0:0:
475,192,102748,1,0,0:0:0:0:
109,192,102748,1,0,0:0:0:0:
182,192,102748,1,0,0:0:0:0:
402,192,102748,1,0,0:0:0:0:
329,192,102929,1,0,0:0:0:0:
329,192,103020,1,0,0:0:0:0:
109,192,103111,1,0,0:0:0:0:
182,192,103111,1,0,0:0:0:0:
402,192,103111,1,0,0:0:0:0:
36,192,103111,1,0,0:0:0:0:
256,192,103293,1,0,0:0:0:0:
329,192,103293,1,0,0:0:0:0:
475,192,103293,1,0,0:0:0:0:
109,192,103475,1,0,0:0:0:0:
182,192,103475,1,0,0:0:0:0:
402,192,103657,1,0,0:0:0:0:
329,192,103657,1,0,0:0:0:0:
36,192,103838,1,0,0:0:0:0:
182,192,103838,1,0,0:0:0:0:
402,192,104020,1,0,0:0:0:0:
329,192,104020,1,0,0:0:0:0:
109,192,104111,1,0,0:0:0:0:
182,192,104202,1,0,0:0:0:0:
475,192,104380,1,0,0:0:0:0:
329,192,104380,1,0,0:0:0:0:
475,192,104469,1,0,0:0:0:0:
329,192,104469,1,0,0:0:0:0:
36,192,104559,1,0,0:0:0:0:
109,192,104559,1,0,0:0:0:0:
475,192,104737,1,0,0:0:0:0:
329,192,104737,1,0,0:0:0:0:
109,192,104916,1,0,0:0:0:0:
182,192,104916,1,0,0:0:0:0:
402,192,105094,1,0,0:0:0:0:
329,192,105184,1,0,0:0:0:0:
256,192,105273,1,0,0:0:0:0:
109,192,105273,1,0,0:0:0:0:
36,192,105273,1,0,0:0:0:0:
329,192,105452,1,0,0:0:0:0:
402,192,105541,1,0,0:0:0:0:
475,192,105630,1,0,0:0:0:0:
329,192,105630,1,0,0:0:0:0:
182,192,105630,1,0,0:0:0:0:
256,192,105809,1,0,0:0:0:0:
36,192,105809,1,0,0:0:0:0:
109,192,105809,1,0,0:0:0:0:
36,192,105987,1,0,0:0:0:0:
256,192,105987,1,0,0:0:0:0:
182,192,105987,1,0,0:0:0:0:
109,192,105987,1,0,0:0:0:0:
329,192,106166,1,0,0:0:0:0:
256,192,106166,1,0,0:0:0:0:
182,192,106166,1,0,0:0:0:0:
109,192,106166,1,0,0:0:0:0:
475,192,106344,1,0,0:0:0:0:
402,192,106344,1,0,0:0:0:0:
329,192,106344,1,0,0:0:0:0:
256,192,106344,1,0,0:0:0:0:
402,192,106510,1,0,0:0:0:0:
329,192,106510,1,0,0:0:0:0:
256,192,106510,1,0,0:0:0:0:
182,192,106510,1,0,0:0:0:0:
109,192,106677,1,0,0:0:0:0:
182,192,106677,1,0,0:0:0:0:
256,192,106677,1,0,0:0:0:0:
329,192,106677,1,0,0:0:0:0:
402,192,106844,1,0,0:0:0:0:
329,192,106844,1,0,0:0:0:0:
256,192,106844,1,0,0:0:0:0:
182,192,106844,1,0,0:0:0:0:
36,192,107010,1,0,0:0:0:0:
109,192,107010,1,0,0:0:0:0:
182,192,107010,1,0,0:0:0:0:
256,192,107010,1,0,0:0:0:0:
402,192,107177,1,0,0:0:0:0:
329,192,107177,1,0,0:0:0:0:
256,192,107177,1,0,0:0:0:0:
182,192,107177,1,0,0:0:0:0:
109,192,107344,1,0,0:0:0:0:
182,192,107344,1,0,0:0:0:0:
256,192,107344,1,0,0:0:0:0:
329,192,107344,1,0,0:0:0:0:
256,192,107510,1,0,0:0:0:0:
182,192,107510,1,0,0:0:0:0:
109,192,107510,1,0,0:0:0:0:
36,192,107510,1,0,0:0:0:0:
475,192,107677,1,0,0:0:0:0:
402,192,107677,1,0,0:0:0:0:
329,192,107677,1,0,0:0:0:0:
256,192,107677,1,0,0:0:0:0:
402,192,107844,1,0,0:0:0:0:
329,192,107844,1,0,0:0:0:0:
256,192,107844,1,0,0:0:0:0:
182,192,107844,1,0,0:0:0:0:
36,192,108010,1,0,0:0:0:0:
109,192,108010,1,0,0:0:0:0:
182,192,108010,1,0,0:0:0:0:
256,192,108010,1,0,0:0:0:0:
329,192,108177,1,0,0:0:0:0:
256,192,108177,1,0,0:0:0:0:
182,192,108177,1,0,0:0:0:0:
109,192,108177,1,0,0:0:0:0:
402,192,108344,1,0,0:0:0:0:
329,192,108344,1,0,0:0:0:0:
256,192,108344,1,0,0:0:0:0:
182,192,108344,1,0,0:0:0:0:
109,192,108510,1,0,0:0:0:0:
329,192,108510,1,0,0:0:0:0:
475,192,108510,1,0,0:0:0:0:
36,192,108594,1,0,0:0:0:0:
109,192,108677,1,0,0:0:0:0:
256,192,108677,1,0,0:0:0:0:
329,192,108677,1,0,0:0:0:0:
109,192,108844,1,0,0:0:0:0:
182,192,108844,1,0,0:0:0:0:
256,192,108844,1,0,0:0:0:0:
36,192,109010,1,0,0:0:0:0:
109,192,109010,1,0,0:0:0:0:
182,192,109010,1,0,0:0:0:0:
256,192,109010,1,0,0:0:0:0:
109,192,109172,1,0,0:0:0:0:
182,192,109172,1,0,0:0:0:0:
256,192,109172,1,0,0:0:0:0:
329,192,109172,1,0,0:0:0:0:
182,192,109334,1,0,0:0:0:0:
256,192,109334,1,0,0:0:0:0:
329,192,109334,1,0,0:0:0:0:
402,192,109334,1,0,0:0:0:0:
256,192,109496,1,0,0:0:0:0:
329,192,109496,1,0,0:0:0:0:
402,192,109496,1,0,0:0:0:0:
475,192,109496,1,0,0:0:0:0:
36,192,109658,1,0,0:0:0:0:
109,192,109658,1,0,0:0:0:0:
182,192,109658,1,0,0:0:0:0:
256,192,109658,1,0,0:0:0:0:
329,192,109820,1,0,0:0:0:0:
256,192,109820,1,0,0:0:0:0:
182,192,109820,1,0,0:0:0:0:
109,192,109820,1,0,0:0:0:0:
182,192,109982,1,0,0:0:0:0:
256,192,109982,1,0,0:0:0:0:
402,192,109982,1,0,0:0:0:0:
329,192,109982,1,0,0:0:0:0:
329,192,110145,1,0,0:0:0:0:
256,192,110145,1,0,0:0:0:0:
182,192,110145,1,0,0:0:0:0:
109,192,110145,1,0,0:0:0:0:
475,192,110307,1,0,0:0:0:0:
402,192,110307,1,0,0:0:0:0:
329,192,110307,1,0,0:0:0:0:
256,192,110307,1,0,0:0:0:0:
329,192,110469,1,0,0:0:0:0:
402,192,110469,1,0,0:0:0:0:
256,192,110469,1,0,0:0:0:0:
182,192,110469,1,0,0:0:0:0:
36,192,110631,1,0,0:0:0:0:
109,192,110631,1,0,0:0:0:0:
182,192,110631,1,0,0:0:0:0:
256,192,110631,1,0,0:0:0:0:
329,192,110793,1,0,0:0:0:0:
256,192,110793,1,0,0:0:0:0:
182,192,110793,1,0,0:0:0:0:
109,192,110793,1,0,0:0:0:0:
182,192,110955,1,0,0:0:0:0:
256,192,110955,1,0,0:0:0:0:
329,192,110955,1,0,0:0:0:0:
402,192,110955,1,0,0:0:0:0:
256,192,111118,1,0,0:0:0:0:
402,192,111118,1,0,0:0:0:0:
109,192,111118,1,0,0:0:0:0:
329,192,111199,1,0,0:0:0:0:
475,192,111280,1,0,0:0:0:0:
402,192,111280,1,0,0:0:0:0:
36,192,111280,1,0,0:0:0:0:
109,192,111442,1,0,0:0:0:0:
256,192,111442,1,0,0:0:0:0:
182,192,111442,1,0,0:0:0:0:
402,192,111604,1,0,0:0:0:0:
182,192,111604,1,0,0:0:0:0:
329,192,111604,1,0,0:0:0:0:
36,192,111764,1,0,0:0:0:0:
182,192,111764,1,0,0:0:0:0:
256,192,111764,1,0,0:0:0:0:
109,192,111844,1,0,0:0:0:0:
329,192,111924,1,0,0:0:0:0:
475,192,111924,1,0,0:0:0:0:
256,192,111924,1,0,0:0:0:0:
109,192,112085,1,0,0:0:0:0:
256,192,112085,1,0,0:0:0:0:
402,192,112085,1,0,0:0:0:0:
36,192,112085,1,0,0:0:0:0:
475,192,112245,1,0,0:0:0:0:
329,192,112245,1,0,0:0:0:0:
182,192,112245,1,0,0:0:0:0:
402,192,112325,1,0,0:0:0:0:
475,192,112406,1,0,0:0:0:0:
36,192,112406,1,0,0:0:0:0:
109,192,112406,1,0,0:0:0:0:
329,192,112566,1,0,0:0:0:0:
256,192,112566,1,0,0:0:0:0:
182,192,112566,1,0,0:0:0:0:
36,192,112726,1,0,0:0:0:0:
182,192,112726,1,0,0:0:0:0:
329,192,112726,1,0,0:0:0:0:
402,192,112726,1,0,0:0:0:0:
256,192,112887,1,0,0:0:0:0:
402,192,112887,1,0,0:0:0:0:
475,192,112887,1,0,0:0:0:0:
109,192,112887,1,0,0:0:0:0:
329,192,113047,1,0,0:0:0:0:
109,192,113047,1,0,0:0:0:0:
256,192,113047,1,0,0:0:0:0:
36,192,113208,1,0,0:0:0:0:
402,192,113208,1,0,0:0:0:0:
182,192,113208,1,0,0:0:0:0:
256,192,113208,1,0,0:0:0:0:
109,192,113368,1,0,0:0:0:0:
256,192,113368,1,0,0:0:0:0:
329,192,113448,1,0,0:0:0:0:
182,192,113448,1,0,0:0:0:0:
256,192,113529,1,0,0:0:0:0:
402,192,113529,1,0,0:0:0:0:
36,192,113689,1,0,0:0:0:0:
109,192,113689,1,0,0:0:0:0:
402,192,113769,1,0,0:0:0:0:
329,192,113849,1,0,0:0:0:0:
182,192,113849,1,0,0:0:0:0:
36,192,114010,1,0,0:0:0:0:
256,192,114010,1,0,0:0:0:0:
182,192,114010,1,0,0:0:0:0:
475,192,114010,1,0,0:0:0:0:
402,192,114170,1,0,0:0:0:0:
182,192,114170,1,0,0:0:0:0:
329,192,114170,1,0,0:0:0:0:
109,192,114170,1,0,0:0:0:0:
109,192,114326,1,0,0:0:0:0:
36,192,114326,1,0,0:0:0:0:
256,192,114326,1,0,0:0:0:0:
475,192,114482,1,0,0:0:0:0:
182,192,114482,1,0,0:0:0:0:
329,192,114482,1,0,0:0:0:0:
109,192,114638,1,0,0:0:0:0:
256,192,114638,1,0,0:0:0:0:
182,192,114716,1,0,0:0:0:0:
329,192,114716,1,0,0:0:0:0:
256,192,114795,1,0,0:0:0:0:
402,192,114795,1,0,0:0:0:0:
182,192,114951,128,0,115107:0:0:0:0:
36,192,114951,1,0,0:0:0:0:
109,192,114951,1,0,0:0:0:0:
256,192,115107,128,0,115263:0:0:0:0:
475,192,115107,1,0,0:0:0:0:
329,192,115107,1,0,0:0:0:0:
402,192,115263,128,0,115420:0:0:0:0:
109,192,115263,1,0,0:0:0:0:
182,192,115263,1,0,0:0:0:0:
475,192,115263,1,0,0:0:0:0:
36,192,115420,1,0,0:0:0:0:
256,192,115420,1,0,0:0:0:0:
329,192,115420,1,0,0:0:0:0:
475,192,115576,1,0,0:0:0:0:
256,192,115576,1,0,0:0:0:0:
402,192,115654,1,0,0:0:0:0:
182,192,115654,1,0,0:0:0:0:
329,192,115732,1,0,0:0:0:0:
109,192,115732,1,0,0:0:0:0:
256,192,115810,1,0,0:0:0:0:
36,192,115810,1,0,0:0:0:0:
109,192,115888,1,0,0:0:0:0:
329,192,115888,1,0,0:0:0:0:
182,192,115966,1,0,0:0:0:0:
402,192,115966,1,0,0:0:0:0:
256,192,116045,1,0,0:0:0:0:
475,192,116045,1,0,0:0:0:0:
36,192,116123,1,0,0:0:0:0:
329,192,116123,1,0,0:0:0:0:
109,192,116201,1,0,0:0:0:0:
402,192,116201,1,0,0:0:0:0:
182,192,116279,1,0,0:0:0:0:
329,192,116279,1,0,0:0:0:0:
36,192,116357,1,0,0:0:0:0:
402,192,116357,1,0,0:0:0:0:
109,192,116435,1,0,0:0:0:0:
475,192,116435,1,0,0:0:0:0:
182,192,116513,1,0,0:0:0:0:
256,192,116513,1,0,0:0:0:0:
109,192,116591,1,0,0:0:0:0:
475,192,116670,1,0,0:0:0:0:
402,192,116670,1,0,0:0:0:0:
329,192,116670,1,0,0:0:0:0:
256,192,116670,1,0,0:0:0:0:
36,192,116670,1,0,0:0:0:0:
402,192,116823,1,0,0:0:0:0:
329,192,116823,1,0,0:0:0:0:
256,192,116823,1,0,0:0:0:0:
182,192,116823,1,0,0:0:0:0:
109,192,116977,1,0,0:0:0:0:
256,192,116977,1,0,0:0:0:0:
329,192,116977,1,0,0:0:0:0:
182,192,116977,1,0,0:0:0:0:
402,192,117131,1,0,0:0:0:0:
329,192,117131,1,0,0:0:0:0:
256,192,117131,1,0,0:0:0:0:
182,192,117131,1,0,0:0:0:0:
36,192,117285,1,0,0:0:0:0:
109,192,117285,1,0,0:0:0:0:
256,192,117285,1,0,0:0:0:0:
182,192,117285,1,0,0:0:0:0:
475,192,117285,1,0,0:0:0:0:
402,192,117439,1,0,0:0:0:0:
329,192,117439,1,0,0:0:0:0:
256,192,117439,1,0,0:0:0:0:
182,192,117439,1,0,0:0:0:0:
329,192,117593,1,0,0:0:0:0:
256,192,117593,1,0,0:0:0:0:
182,192,117593,1,0,0:0:0:0:
109,192,117593,1,0,0:0:0:0:
36,192,117746,1,0,0:0:0:0:
256,192,117746,1,0,0:0:0:0:
182,192,117746,1,0,0:0:0:0:
109,192,117746,1,0,0:0:0:0:
402,192,117900,1,0,0:0:0:0:
329,192,117900,1,0,0:0:0:0:
256,192,117900,1,0,0:0:0:0:
182,192,117900,1,0,0:0:0:0:
475,192,117900,1,0,0:0:0:0:
329,192,118054,1,0,0:0:0:0:
182,192,118054,1,0,0:0:0:0:
256,192,118054,1,0,0:0:0:0:
109,192,118054,1,0,0:0:0:0:
36,192,118208,1,0,0:0:0:0:
109,192,118208,1,0,0:0:0:0:
182,192,118208,1,0,0:0:0:0:
256,192,118208,1,0,0:0:0:0:
109,192,118362,1,0,0:0:0:0:
182,192,118362,1,0,0:0:0:0:
256,192,118362,1,0,0:0:0:0:
329,192,118362,1,0,0:0:0:0:
402,192,118516,1,0,0:0:0:0:
329,192,118516,1,0,0:0:0:0:
256,192,118516,1,0,0:0:0:0:
182,192,118516,1,0,0:0:0:0:
36,192,118516,1,0,0:0:0:0:
109,192,118670,1,0,0:0:0:0:
329,192,118670,1,0,0:0:0:0:
475,192,118670,1,0,0:0:0:0:
402,192,118746,1,0,0:0:0:0:
475,192,118823,1,0,0:0:0:0:
256,192,118823,1,0,0:0:0:0:
36,192,118823,1,0,0:0:0:0:
109,192,118977,1,0,0:0:0:0:
182,192,118977,1,0,0:0:0:0:
329,192,118977,1,0,0:0:0:0:
256,192,118977,1,0,0:0:0:0:
36,192,119131,1,0,0:0:0:0:
109,192,119131,1,0,0:0:0:0:
256,192,119131,1,0,0:0:0:0:
182,192,119131,1,0,0:0:0:0:
475,192,119131,1,0,0:0:0:0:
329,192,119281,1,0,0:0:0:0:
256,192,119281,1,0,0:0:0:0:
182,192,119281,1,0,0:0:0:0:
109,192,119281,1,0,0:0:0:0:
402,192,119431,1,0,0:0:0:0:
329,192,119431,1,0,0:0:0:0:
256,192,119431,1,0,0:0:0:0:
182,192,119431,1,0,0:0:0:0:
256,192,119581,1,0,0:0:0:0:
329,192,119581,1,0,0:0:0:0:
402,192,119581,1,0,0:0:0:0:
475,192,119581,1,0,0:0:0:0:
109,192,119731,1,0,0:0:0:0:
182,192,119731,1,0,0:0:0:0:
256,192,119731,1,0,0:0:0:0:
329,192,119731,1,0,0:0:0:0:
36,192,119731,1,0,0:0:0:0:
402,192,119881,1,0,0:0:0:0:
329,192,119881,1,0,0:0:0:0:
256,192,119881,1,0,0:0:0:0:
182,192,119881,1,0,0:0:0:0:
256,192,120031,1,0,0:0:0:0:
329,192,120031,1,0,0:0:0:0:
402,192,120031,1,0,0:0:0:0:
475,192,120031,1,0,0:0:0:0:
402,192,120181,1,0,0:0:0:0:
329,192,120181,1,0,0:0:0:0:
256,192,120181,1,0,0:0:0:0:
182,192,120181,1,0,0:0:0:0:
475,192,120331,1,0,0:0:0:0:
402,192,120331,1,0,0:0:0:0:
329,192,120331,1,0,0:0:0:0:
256,192,120331,1,0,0:0:0:0:
36,192,120331,1,0,0:0:0:0:
402,192,120481,1,0,0:0:0:0:
329,192,120481,1,0,0:0:0:0:
256,192,120481,1,0,0:0:0:0:
182,192,120481,1,0,0:0:0:0:
109,192,120631,1,0,0:0:0:0:
182,192,120631,1,0,0:0:0:0:
256,192,120631,1,0,0:0:0:0:
329,192,120631,1,0,0:0:0:0:
182,192,120781,1,0,0:0:0:0:
256,192,120781,1,0,0:0:0:0:
329,192,120781,1,0,0:0:0:0:
402,192,120781,1,0,0:0:0:0:
402,192,120931,1,0,0:0:0:0:
475,192,120931,1,0,0:0:0:0:
329,192,120931,1,0,0:0:0:0:
256,192,120931,1,0,0:0:0:0:
109,192,120931,1,0,0:0:0:0:
256,192,121081,1,0,0:0:0:0:
182,192,121081,1,0,0:0:0:0:
36,192,121081,1,0,0:0:0:0:
109,192,121156,1,0,0:0:0:0:
329,192,121231,1,0,0:0:0:0:
475,192,121231,1,0,0:0:0:0:
182,192,121231,1,0,0:0:0:0:
109,192,121381,1,0,0:0:0:0:
256,192,121381,1,0,0:0:0:0:
182,192,121456,1,0,0:0:0:0:
329,192,121456,1,0,0:0:0:0:
256,192,121531,1,0,0:0:0:0:
402,192,121531,1,0,0:0:0:0:
475,192,121677,1,0,0:0:0:0:
256,192,121677,1,0,0:0:0:0:
36,192,121750,1,0,0:0:0:0:
402,192,121750,1,0,0:0:0:0:
109,192,121823,1,0,0:0:0:0:
329,192,121823,1,0,0:0:0:0:
182,192,121896,1,0,0:0:0:0:
475,192,121896,1,0,0:0:0:0:
256,192,121970,1,0,0:0:0:0:
402,192,121970,1,0,0:0:0:0:
182,192,122043,1,0,0:0:0:0:
329,192,122043,1,0,0:0:0:0:
109,192,122116,1,0,0:0:0:0:
475,192,122116,1,0,0:0:0:0:
36,192,122189,1,0,0:0:0:0:
402,192,122189,1,0,0:0:0:0:
329,192,122262,1,0,0:0:0:0:
256,192,122262,1,0,0:0:0:0:
182,192,122335,1,0,0:0:0:0:
329,192,122409,1,0,0:0:0:0:
109,192,122409,1,0,0:0:0:0:
402,192,122482,1,0,0:0:0:0:
36,192,122482,1,0,0:0:0:0:
475,192,122555,1,0,0:0:0:0:
256,192,122555,1,0,0:0:0:0:
109,192,122555,1,0,0:0:0:0:
182,192,122628,1,0,0:0:0:0:
329,192,122628,1,0,0:0:0:0:
402,192,122701,1,0,0:0:0:0:
256,192,122701,1,0,0:0:0:0:
36,192,122701,1,0,0:0:0:0:
109,192,122701,1,0,0:0:0:0:
475,192,122848,1,0,0:0:0:0:
329,192,122848,1,0,0:0:0:0:
182,192,122848,1,0,0:0:0:0:
402,192,122921,1,0,0:0:0:0:
256,192,122921,1,0,0:0:0:0:
329,192,122994,1,0,0:0:0:0:
109,192,122994,1,0,0:0:0:0:
475,192,122994,1,0,0:0:0:0:
182,192,123067,1,0,0:0:0:0:
402,192,123067,1,0,0:0:0:0:
36,192,123140,1,0,0:0:0:0:
256,192,123140,1,0,0:0:0:0:
109,192,123213,1,0,0:0:0:0:
329,192,123213,1,0,0:0:0:0:
182,192,123287,1,0,0:0:0:0:
475,192,123287,1,0,0:0:0:0:
256,192,123360,1,0,0:0:0:0:
402,192,123360,1,0,0:0:0:0:
329,192,123433,1,0,0:0:0:0:
36,192,123433,1,0,0:0:0:0:
182,192,123433,1,0,0:0:0:0:
109,192,123506,1,0,0:0:0:0:
402,192,123506,1,0,0:0:0:0:
256,192,123579,1,0,0:0:0:0:
475,192,123579,1,0,0:0:0:0:
36,192,123579,1,0,0:0:0:0:
182,192,123579,1,0,0:0:0:0:
329,192,123579,1,0,0:0:0:0:
109,192,123726,1,0,0:0:0:0:
329,192,123726,1,0,0:0:0:0:
256,192,123799,1,0,0:0:0:0:
36,192,123799,1,0,0:0:0:0:
109,192,123872,1,0,0:0:0:0:
182,192,123872,1,0,0:0:0:0:
475,192,123872,1,0,0:0:0:0:
402,192,123872,1,0,0:0:0:0:
329,192,124018,1,0,0:0:0:0:
256,192,124018,1,0,0:0:0:0:
36,192,124018,1,0,0:0:0:0:
109,192,124091,1,0,0:0:0:0:
256,192,124165,1,0,0:0:0:0:
402,192,124165,1,0,0:0:0:0:
329,192,124165,1,0,0:0:0:0:
182,192,124311,1,0,0:0:0:0:
475,192,124311,1,0,0:0:0:0:
402,192,124311,1,0,0:0:0:0:
329,192,124311,1,0,0:0:0:0:
402,192,124457,1,0,0:0:0:0:
109,192,124457,1,0,0:0:0:0:
329,192,124457,1,0,0:0:0:0:
256,192,124457,1,0,0:0:0:0:
36,192,124604,1,0,0:0:0:0:
329,192,124604,1,0,0:0:0:0:
256,192,124604,1,0,0:0:0:0:
182,192,124604,1,0,0:0:0:0:
109,192,124750,1,0,0:0:0:0:
256,192,124750,1,0,0:0:0:0:
329,192,124750,1,0,0:0:0:0:
182,192,124750,1,0,0:0:0:0:
36,192,124750,1,0,0:0:0:0:
402,192,124896,1,0,0:0:0:0:
329,192,124896,1,0,0:0:0:0:
256,192,124896,1,0,0:0:0:0:
182,192,124896,1,0,0:0:0:0:
109,192,124896,1,0,0:0:0:0:
475,192,125043,1,0,0:0:0:0:
402,192,125043,1,0,0:0:0:0:
329,192,125043,1,0,0:0:0:0:
256,192,125043,1,0,0:0:0:0:
182,192,125043,1,0,0:0:0:0:
109,192,125187,1,0,0:0:0:0:
329,192,125187,1,0,0:0:0:0:
402,192,125187,1,0,0:0:0:0:
36,192,125260,1,0,0:0:0:0:
329,192,125332,1,0,0:0:0:0:
182,192,125332,1,0,0:0:0:0:
475,192,125332,1,0,0:0:0:0:
475,192,125477,1,0,0:0:0:0:
402,192,125477,1,0,0:0:0:0:
329,192,125477,1,0,0:0:0:0:
256,192,125477,1,0,0:0:0:0:
402,192,125622,1,0,0:0:0:0:
329,192,125622,1,0,0:0:0:0:
256,192,125622,1,0,0:0:0:0:
182,192,125622,1,0,0:0:0:0:
329,192,125767,1,0,0:0:0:0:
256,192,125767,1,0,0:0:0:0:
182,192,125767,1,0,0:0:0:0:
109,192,125767,1,0,0:0:0:0:
36,192,125912,1,0,0:0:0:0:
256,192,125912,1,0,0:0:0:0:
109,192,125985,1,0,0:0:0:0:
329,192,125985,1,0,0:0:0:0:
402,192,126057,1,0,0:0:0:0:
182,192,126057,1,0,0:0:0:0:
475,192,126129,1,0,0:0:0:0:
256,192,126129,1,0,0:0:0:0:
329,192,126202,1,0,0:0:0:0:
36,192,126202,1,0,0:0:0:0:
182,192,126202,1,0,0:0:0:0:
402,192,126202,1,0,0:0:0:0:
109,192,126273,1,0,0:0:0:0:
256,192,126273,1,0,0:0:0:0:
182,192,126344,1,0,0:0:0:0:
329,192,126344,1,0,0:0:0:0:
256,192,126416,1,0,0:0:0:0:
402,192,126416,1,0,0:0:0:0:
36,192,126487,1,0,0:0:0:0:
109,192,126487,1,0,0:0:0:0:
182,192,126487,1,0,0:0:0:0:
475,192,126487,1,0,0:0:0:0:
256,192,126559,1,0,0:0:0:0:
402,192,126559,1,0,0:0:0:0:
329,192,126630,1,0,0:0:0:0:
182,192,126630,1,0,0:0:0:0:
256,192,126702,1,0,0:0:0:0:
109,192,126702,1,0,0:0:0:0:
182,192,126773,1,0,0:0:0:0:
475,192,126773,1,0,0:0:0:0:
329,192,126773,1,0,0:0:0:0:
36,192,126773,1,0,0:0:0:0:
402,192,126844,1,0,0:0:0:0:
109,192,126844,1,0,0:0:0:0:
475,192,126916,1,0,0:0:0:0:
36,192,126916,1,0,0:0:0:0:
402,192,126987,1,0,0:0:0:0:
109,192,126987,1,0,0:0:0:0:
182,192,127059,1,0,0:0:0:0:
256,192,127059,1,0,0:0:0:0:
329,192,127059,1,0,0:0:0:0:
402,192,127130,1,0,0:0:0:0:
109,192,127130,1,0,0:0:0:0:
475,192,127202,1,0,0:0:0:0:
36,192,127202,1,0,0:0:0:0:
109,192,127273,1,0,0:0:0:0:
402,192,127273,1,0,0:0:0:0:
182,192,127344,1,0,0:0:0:0:
36,192,127344,1,0,0:0:0:0:
475,192,127344,1,0,0:0:0:0:
329,192,127344,1,0,0:0:0:0:
109,192,127487,1,0,0:0:0:0:
256,192,127487,1,0,0:0:0:0:
402,192,127487,1,0,0:0:0:0:
475,192,127630,1,0,0:0:0:0:
402,192,127630,1,0,0:0:0:0:
182,192,127630,1,0,0:0:0:0:
109,192,127630,1,0,0:0:0:0:
36,192,127630,1,0,0:0:0:0:
329,192,127630,1,0,0:0:0:0:
402,192,127773,1,0,0:0:0:0:
329,192,127773,1,0,0:0:0:0:
109,192,127773,1,0,0:0:0:0:
182,192,127773,1,0,0:0:0:0:
36,192,127916,1,0,0:0:0:0:
256,192,127916,1,0,0:0:0:0:
182,192,127916,1,0,0:0:0:0:
475,192,127916,1,0,0:0:0:0:
329,192,127916,1,0,0:0:0:0:
256,192,128202,1,0,0:0:0:0:
402,192,128202,1,0,0:0:0:0:
329,192,128202,1,0,0:0:0:0:
182,192,128202,1,0,0:0:0:0:
109,192,128202,1,0,0:0:0:0:
