[Metadata]
Go to McDonald!!
McGiygas
Bephilops & Sequencer
ran ran ru mother earthbound
999
0.1


[TimingPoints]
0,458.015267175573,4,2,2,100,1,0
115,491.803278688525,4,2,2,100,1,0
1713,600,4,2,2,100,1,0
2013,491.803278688525,4,2,2,100,1,0
3980,0.915541313801785,4,2,2,100,1,0
3983,491.803278688525,4,2,2,100,1,0
4352,0.915541313801785,4,2,2,100,1,0
4354,461.538461538462,4,2,2,100,1,0
4931,491.803278688525,4,2,2,100,1,0
12677,0.915541313801785,4,2,2,100,1,0
12681,491.803278688525,4,2,2,100,1,0
12927,0.915541313801785,4,2,2,100,1,0
12930,491.803278688525,4,2,2,100,1,0
13299,0.915541313801785,4,2,2,100,1,0
13303,491.803278688525,4,2,2,100,1,0
13671,0.915541313801785,4,2,2,100,1,0
13675,491.803278688525,4,2,2,100,1,0
14044,0.915541313801785,4,2,2,100,1,0
14047,491.803278688525,4,2,2,100,1,0
14416,0.915541313801785,4,2,2,100,1,0
14421,491.803278688525,4,2,2,100,1,0
17372,0.915541313801785,4,2,2,100,1,0
17374,491.803278688525,4,2,2,100,1,0
18480,0.915541313801785,4,2,2,100,1,0
18482,491.803278688525,4,2,2,100,1,0
19588,0.915541313801785,4,2,2,100,1,0
19590,491.803278688525,4,2,2,100,1,0
20574,0.915541313801785,4,2,2,100,1,0
20575,491.803278688525,4,2,2,100,1,0
21559,0.915541313801785,4,2,2,100,1,0
21561,491.803278688525,4,2,2,100,1,0
22544,0.915541313801785,4,2,2,100,1,0
22546,491.803278688525,4,2,2,100,1,0
23530,0.915541313801785,4,2,2,100,1,0
23532,491.803278688525,4,2,2,100,1,0
24024,491.803278688525,4,2,2,100,1,0
24024,0.915541313801785,4,2,2,100,1,0
24393,0.915541313801785,4,2,2,100,1,0
24397,491.803278688525,4,2,2,100,1,0
26365,0.915541313801785,4,2,2,100,1,0
26369,983.606557377049,4,2,2,100,1,0
26615,0.915541313801785,4,2,2,100,1,0
26616,983.606557377049,4,2,2,100,1,0
27108,0.915541313801785,4,2,2,100,1,0
27109,983.606557377049,4,2,2,100,1,0
27478,0.915541313801785,4,2,2,100,1,0
27480,983.606557377049,4,2,2,100,1,0
28464,0.915541313801785,4,2,2,100,1,0
28465,983.606557377049,4,2,2,100,1,0
28711,0.915541313801785,4,2,2,100,1,0
28712,983.606557377049,4,2,2,100,1,0
29081,0.915541313801785,4,2,2,100,1,0
29082,983.606557377049,4,2,2,100,1,0
29451,33.4560048975148,4,2,2,100,1,0
29652,60.220810865034,4,2,2,100,1,0
29732,421.545772894488,4,2,2,100,1,0
29943,2950.82456225104,4,2,2,100,1,0
30435,983.606557377049,4,2,2,100,1,0
30558,0.915541313801785,4,2,2,100,1,0
30559,983.606557377049,4,2,2,100,1,0
31051,0.915541313801785,4,2,2,100,1,0
31052,983.606557377049,4,2,2,100,1,0
31482,24.2865816636308,4,2,2,100,1,0
31555,72.8597449908925,4,2,2,100,1,0
31592,218.579234972678,4,2,2,100,1,0
31646,655.737704918033,4,2,2,100,1,0
31728,1967.2131147541,4,2,2,100,1,0
31974,24.2865816636308,4,2,2,100,1,0
32047,72.8597449908925,4,2,2,100,1,0
32084,218.579234972678,4,2,2,100,1,0
32138,655.737704918033,4,2,2,100,1,0
32220,1967.2131147541,4,2,2,100,1,0
32466,983.606557377049,4,2,2,100,1,0
34310,0.915541313801785,4,2,2,100,1,0
34312,983.606557377049,4,2,2,100,1,0
34435,7868.85245901639,4,2,2,100,1,0
34763,0.915541313801785,4,2,2,100,1,0
34764,7868.85245901639,4,2,2,100,1,0
35092,0.915541313801785,4,2,2,100,1,0
35093,7868.85245901639,4,2,2,100,1,0
35421,0.915541313801785,4,2,2,100,1,0
35422,7868.85245901639,4,2,2,100,1,0
35750,0.915541313801785,4,2,2,100,1,0
35751,7868.85245901639,4,2,2,100,1,0
36243,0.915541313801785,4,2,2,100,1,0
36245,7868.85245901639,4,2,2,100,1,0
36737,0.915541313801785,4,2,2,100,1,0
36738,7868.85245901639,4,2,2,100,1,0
37230,0.915541313801785,4,2,2,100,1,0
37232,7868.85245901639,4,2,2,100,1,0
37559,0.915541313801785,4,2,2,100,1,0
37561,7868.85245901639,4,2,2,100,1,0
37888,0.915541313801785,4,2,2,100,1,0
37890,7868.85245901639,4,2,2,100,1,0
38381,0.915541313801785,4,2,2,100,1,0
38384,7868.85245901639,4,2,2,100,1,0
38876,0.915541313801785,4,2,2,100,1,0
38877,7868.85245901639,4,2,2,100,1,0
39205,0.915541313801785,4,2,2,100,1,0
39206,7868.85245901639,4,2,2,100,1,0
39534,0.915541313801785,4,2,2,100,1,0
39535,7868.85245901639,4,2,2,100,1,0
39863,0.915541313801785,4,2,2,100,1,0
39864,7868.85245901639,4,2,2,100,1,0
40356,0.915541313801785,4,2,2,100,1,0
40358,7868.85245901639,4,2,2,100,1,0
40850,0.915541313801785,4,2,2,100,1,0
40851,7868.85245901639,4,2,2,100,1,0
41343,0.915541313801785,4,2,2,100,1,0
41344,7868.85245901639,4,2,2,100,1,0
41672,0.915541313801785,4,2,2,100,1,0
41673,7868.85245901639,4,2,2,100,1,0
42001,0.915541313801785,4,2,2,100,1,0
42002,491.803278688525,4,2,2,100,1,0
42248,0.915541313801785,4,2,2,100,1,0
42252,491.803278688525,4,2,2,100,1,0
42375,0.915541313801785,4,2,2,100,1,0
42378,491.803278688525,4,2,2,100,1,0
42501,0.915541313801785,4,2,2,100,1,0
42504,491.803278688525,4,2,2,100,1,0
42627,0.915541313801785,4,2,2,100,1,0
42631,491.803278688525,4,2,2,100,1,0
42754,0.915541313801785,4,2,2,100,1,0
42757,491.803278688525,4,2,2,100,1,0
42880,0.915541313801785,4,2,2,100,1,0
42883,491.803278688525,4,2,2,100,1,0
43006,0.915541313801785,4,2,2,100,1,0
43010,491.803278688525,4,2,2,100,1,0
43502,491.803278688525,4,2,2,100,1,0
43502,0.915541313801785,4,2,2,100,1,0
43748,0.915541313801785,4,2,2,100,1,0
43749,491.803278688525,4,2,2,100,1,0
43872,0.915541313801785,4,2,2,100,1,0
43874,491.803278688525,4,2,2,100,1,0
43997,0.915541313801785,4,2,2,100,1,0
43999,491.803278688525,4,2,2,100,1,0
44121,0.915541313801785,4,2,2,100,1,0
44124,491.803278688525,4,2,2,100,1,0
44246,7986.90146615858,4,2,2,100,1,0
46243,0.915541313801785,4,2,2,100,1,0
46246,400,4,2,2,100,1,0
46446,0.915541313801785,4,2,2,100,1,0
46450,491.803278688525,4,2,2,100,1,0
46818,0.915541313801785,4,2,2,100,1,0
46821,491.803278688525,4,2,2,100,1,0
47436,0.915541313801785,4,2,2,100,1,0
47439,491.803278688525,4,2,2,100,1,0
47808,0.915541313801785,4,2,2,100,1,0
47811,491.803278688525,4,2,2,100,1,0
48056,0.915541313801785,4,2,2,100,1,0
48060,491.803278688525,4,2,2,100,1,0
48183,0.915541313801785,4,2,2,100,1,0
48186,491.803278688525,4,2,2,100,1,0
48309,0.915541313801785,4,2,2,100,1,0
48312,491.803278688525,4,2,2,100,1,0
48435,0.915541313801785,4,2,2,100,1,0
48439,491.803278688525,4,2,2,100,1,0
48562,0.915541313801785,4,2,2,100,1,0
48565,491.803278688525,4,2,2,100,1,0
48688,0.915541313801785,4,2,2,100,1,0
48692,491.803278688525,4,2,2,100,1,0
48815,0.915541313801785,4,2,2,100,1,0
48818,491.803278688525,4,2,2,100,1,0
48941,0.915541313801785,4,2,2,100,1,0
48944,491.803278688525,4,2,2,100,1,0
49067,0.915541313801785,4,2,2,100,1,0
49071,491.803278688525,4,2,2,100,1,0
49194,0.915541313801785,4,2,2,100,1,0
49197,491.803278688525,4,2,2,100,1,0
49320,0.915541313801785,4,2,2,100,1,0
49323,491.803278688525,4,2,2,100,1,0
49446,0.915541313801785,4,2,2,100,1,0
49450,491.803278688525,4,2,2,100,1,0
49573,0.915541313801785,4,2,2,100,1,0
49576,491.803278688525,4,2,2,100,1,0
50068,0.915541313801785,4,2,2,100,1,0
50071,491.803278688525,4,2,2,100,1,0
50091,491.803278688525,4,2,2,100,1,0
54026,1967.2131147541,4,2,2,100,1,0
56485,600,4,2,2,100,1,0
56635,0.915541313801785,4,2,2,100,1,0
56637,20833.3325054911,4,2,2,100,1,0
57939,458.015267175573,4,2,2,100,1,0
57968,229.007633587786,4,2,2,100,1,0
58006,916.030534351145,4,2,2,100,1,0
58082,229.007633587786,4,2,2,100,1,0
58120,916.030534351145,4,2,2,100,1,0
58197,229.007633587786,4,2,2,100,1,0
58235,916.030534351145,4,2,2,100,1,0
58311,229.007633587786,4,2,2,100,1,0
58349,916.030534351145,4,2,2,100,1,0
58426,229.007633587786,4,2,2,100,1,0
58464,916.030534351145,4,2,2,100,1,0
58540,229.007633587786,4,2,2,100,1,0
58578,916.030534351145,4,2,2,100,1,0
58655,229.007633587786,4,2,2,100,1,0
58693,916.030534351145,4,2,2,100,1,0
58769,229.007633587786,4,2,2,100,1,0
58808,916.030534351145,4,2,2,100,1,0
58884,229.007633587786,4,2,2,100,1,0
58922,916.030534351145,4,2,2,100,1,0
58998,229.007633587786,4,2,2,100,1,0
59037,916.030534351145,4,2,2,100,1,0
59113,229.007633587786,4,2,2,100,1,0
59151,916.030534351145,4,2,2,100,1,0
59227,229.007633587786,4,2,2,100,1,0
59266,916.030534351145,4,2,2,100,1,0
59342,229.007633587786,4,2,2,100,1,0
59380,916.030534351145,4,2,2,100,1,0
59456,229.007633587786,4,2,2,100,1,0
59495,916.030534351145,4,2,2,100,1,0
59571,229.007633587786,4,2,2,100,1,0
59609,916.030534351145,4,2,2,100,1,0
59685,229.007633587786,4,2,2,100,1,0
59724,916.030534351145,4,2,2,100,1,0
59800,229.007633587786,4,2,2,100,1,0
59838,916.030534351145,4,2,2,100,1,0
59914,229.007633587786,4,2,2,100,1,0
59953,916.030534351145,4,2,2,100,1,0
60029,229.007633587786,4,2,2,100,1,0
60067,916.030534351145,4,2,2,100,1,0
60143,229.007633587786,4,2,2,100,1,0
60182,916.030534351145,4,2,2,100,1,0
60258,229.007633587786,4,2,2,100,1,0
60296,916.030534351145,4,2,2,100,1,0
60372,229.007633587786,4,2,2,100,1,0
60411,916.030534351145,4,2,2,100,1,0
60487,229.007633587786,4,2,2,100,1,0
60525,916.030534351145,4,2,2,100,1,0
60601,229.007633587786,4,2,2,100,1,0
60640,916.030534351145,4,2,2,100,1,0
60716,229.007633587786,4,2,2,100,1,0
60754,916.030534351145,4,2,2,100,1,0
60830,229.007633587786,4,2,2,100,1,0
60869,916.030534351145,4,2,2,100,1,0
60945,229.007633587786,4,2,2,100,1,0
60983,916.030534351145,4,2,2,100,1,0
61059,229.007633587786,4,2,2,100,1,0
61098,916.030534351145,4,2,2,100,1,0
61174,229.007633587786,4,2,2,100,1,0
61212,916.030534351145,4,2,2,100,1,0
61288,229.007633587786,4,2,2,100,1,0
61327,916.030534351145,4,2,2,100,1,0
61403,229.007633587786,4,2,2,100,1,0
61441,916.030534351145,4,2,2,100,1,0
61517,229.007633587786,4,2,2,100,1,0
61556,916.030534351145,4,2,2,100,1,0
61632,229.007633587786,4,2,2,100,1,0
61670,916.030534351145,4,2,2,100,1,0
61746,229.007633587786,4,2,2,100,1,0
61785,916.030534351145,4,2,2,100,1,0
61861,229.007633587786,4,2,2,100,1,0
61899,916.030534351145,4,2,2,100,1,0
61975,229.007633587786,4,2,2,100,1,0
62014,916.030534351145,4,2,2,100,1,0
62090,229.007633587786,4,2,2,100,1,0
62128,916.030534351145,4,2,2,100,1,0
62204,229.007633587786,4,2,2,100,1,0
62243,916.030534351145,4,2,2,100,1,0
62319,229.007633587786,4,2,2,100,1,0
62357,916.030534351145,4,2,2,100,1,0
62433,229.007633587786,4,2,2,100,1,0
62472,916.030534351145,4,2,2,100,1,0
62548,229.007633587786,4,2,2,100,1,0
62586,916.030534351145,4,2,2,100,1,0
62662,229.007633587786,4,2,2,100,1,0
62701,916.030534351145,4,2,2,100,1,0
62777,229.007633587786,4,2,2,100,1,0
62815,916.030534351145,4,2,2,100,1,0
62891,229.007633587786,4,2,2,100,1,0
62930,916.030534351145,4,2,2,100,1,0
63006,229.007633587786,4,2,2,100,1,0
63044,916.030534351145,4,2,2,100,1,0
63120,229.007633587786,4,2,2,100,1,0
63159,916.030534351145,4,2,2,100,1,0
63235,229.007633587786,4,2,2,100,1,0
63273,916.030534351145,4,2,2,100,1,0
63349,229.007633587786,4,2,2,100,1,0
63388,916.030534351145,4,2,2,100,1,0
63464,454.545454545455,4,2,2,100,1,0
64146,458.015267175573,4,2,2,100,1,0
64146,0.915541313801785,4,2,2,100,1,0
64671,111.111111111111,4,2,2,100,1,0
64782,0.915541313801785,4,2,2,100,1,0
64785,458.015267175573,4,2,2,100,1,0
65014,0.915541313801785,4,2,2,100,1,0
65017,458.015267175573,4,2,2,100,1,0
65246,60,4,2,2,100,1,0
65256,1250,4,2,2,100,1,0
65361,60,4,2,2,100,1,0
65371,1250,4,2,2,100,1,0
65475,60,4,2,2,100,1,0
65485,1250,4,2,2,100,1,0
65589,60,4,2,2,100,1,0
65599,1250,4,2,2,100,1,0
65703,60,4,2,2,100,1,0
65713,1250,4,2,2,100,1,0
65817,60,4,2,2,100,1,0
65827,1250,4,2,2,100,1,0
65931,60,4,2,2,100,1,0
65941,1250,4,2,2,100,1,0
66046,60,4,2,2,100,1,0
66056,1250,4,2,2,100,1,0
66160,60,4,2,2,100,1,0
66170,1250,4,2,2,100,1,0
66274,60,4,2,2,100,1,0
66284,1250,4,2,2,100,1,0
66388,60,4,2,2,100,1,0
66398,1250,4,2,2,100,1,0
66502,60,4,2,2,100,1,0
66512,1250,4,2,2,100,1,0
66616,60,4,2,2,100,1,0
66626,1250,4,2,2,100,1,0
66731,60,4,2,2,100,1,0
66741,1250,4,2,2,100,1,0
66845,60,4,2,2,100,1,0
66855,1250,4,2,2,100,1,0
66959,60,4,2,2,100,1,0
66969,1250,4,2,2,100,1,0
67073,60,4,2,2,100,1,0
67083,1250,4,2,2,100,1,0
67187,60,4,2,2,100,1,0
67197,1250,4,2,2,100,1,0
67301,60,4,2,2,100,1,0
67311,1250,4,2,2,100,1,0
67416,60,4,2,2,100,1,0
67426,1250,4,2,2,100,1,0
67530,60,4,2,2,100,1,0
67540,1250,4,2,2,100,1,0
67644,60,4,2,2,100,1,0
67654,1250,4,2,2,100,1,0
67758,60,4,2,2,100,1,0
67768,1250,4,2,2,100,1,0
67872,60,4,2,2,100,1,0
67882,1250,4,2,2,100,1,0
67986,60,4,2,2,100,1,0
67996,1250,4,2,2,100,1,0
68101,60,4,2,2,100,1,0
68111,1250,4,2,2,100,1,0
68215,60,4,2,2,100,1,0
68225,1250,4,2,2,100,1,0
68329,60,4,2,2,100,1,0
68339,1250,4,2,2,100,1,0
68443,60,4,2,2,100,1,0
68453,1250,4,2,2,100,1,0
68557,60,4,2,2,100,1,0
68567,1250,4,2,2,100,1,0
68671,60,4,2,2,100,1,0
68681,1250,4,2,2,100,1,0
68786,60,4,2,2,100,1,0
68796,1250,4,2,2,100,1,0
68900,60,4,2,2,100,1,0
68910,1250,4,2,2,100,1,0
69014,60,4,2,2,100,1,0
69024,1250,4,2,2,100,1,0
69128,60,4,2,2,100,1,0
69138,1250,4,2,2,100,1,0
69242,60,4,2,2,100,1,0
69252,1250,4,2,2,100,1,0
69356,60,4,2,2,100,1,0
69366,1250,4,2,2,100,1,0
69471,60,4,2,2,100,1,0
69481,1250,4,2,2,100,1,0
69585,60,4,2,2,100,1,0
69595,1250,4,2,2,100,1,0
69699,60,4,2,2,100,1,0
69709,1250,4,2,2,100,1,0
69813,60,4,2,2,100,1,0
69823,1250,4,2,2,100,1,0
69927,60,4,2,2,100,1,0
69937,1250,4,2,2,100,1,0
70041,60,4,2,2,100,1,0
70051,1250,4,2,2,100,1,0
70156,60,4,2,2,100,1,0
70166,1250,4,2,2,100,1,0
70270,60,4,2,2,100,1,0
70280,1250,4,2,2,100,1,0
70384,60,4,2,2,100,1,0
70394,1250,4,2,2,100,1,0
70498,60,4,2,2,100,1,0
70508,1250,4,2,2,100,1,0
70612,60,4,2,2,100,1,0
70622,1250,4,2,2,100,1,0
70726,60,4,2,2,100,1,0
70736,1250,4,2,2,100,1,0
70841,60,4,2,2,100,1,0
70851,1250,4,2,2,100,1,0
70955,60,4,2,2,100,1,0
70965,1250,4,2,2,100,1,0
71069,60,4,2,2,100,1,0
71079,1250,4,2,2,100,1,0
71183,60,4,2,2,100,1,0
71193,1250,4,2,2,100,1,0
71297,60,4,2,2,100,1,0
71307,1250,4,2,2,100,1,0
71411,60,4,2,2,100,1,0
71421,1250,4,2,2,100,1,0
71526,60,4,2,2,100,1,0
71536,1250,4,2,2,100,1,0
71640,60,4,2,2,100,1,0
71650,1250,4,2,2,100,1,0
71754,60,4,2,2,100,1,0
71764,1250,4,2,2,100,1,0
71868,60,4,2,2,100,1,0
71878,1250,4,2,2,100,1,0
71982,60,4,2,2,100,1,0
71992,1250,4,2,2,100,1,0
72096,60,4,2,2,100,1,0
72106,1250,4,2,2,100,1,0
72211,60,4,2,2,100,1,0
72221,1250,4,2,2,100,1,0
72325,60,4,2,2,100,1,0
72335,1250,4,2,2,100,1,0
72439,60,4,2,2,100,1,0
72449,1250,4,2,2,100,1,0
72553,454.545454545455,4,2,2,100,1,0
75053,923.076923076923,4,2,2,100,1,0
75399,0.915541313801785,4,2,2,100,1,0
75400,458.015267175573,4,2,2,100,1,0
80152,0.915541313801785,4,2,2,100,1,0
80154,454.545454545455,4,2,2,100,1,0
80609,0.915541313801785,4,2,2,100,1,0
80612,454.545454545455,4,2,2,100,1,0
81066,0.915541313801785,4,2,2,100,1,0
81069,454.545454545455,4,2,2,100,1,0
81523,0.915541313801785,4,2,2,100,1,0
81526,454.545454545455,4,2,2,100,1,0
81981,0.915541313801785,4,2,2,100,1,0
81983,454.545454545455,4,2,2,100,1,0
82438,0.915541313801785,4,2,2,100,1,0
82441,454.545454545455,4,2,2,100,1,0
82895,0.915541313801785,4,2,2,100,1,0
82898,454.545454545455,4,2,2,100,1,0
83353,0.915541313801785,4,2,2,100,1,0
83355,454.545454545455,4,2,2,100,1,0
83810,0.915541313801785,4,2,2,100,1,0
83813,454.545454545455,4,2,2,100,1,0
84267,0.915541313801785,4,2,2,100,1,0
84270,454.545454545455,4,2,2,100,1,0
84724,0.915541313801785,4,2,2,100,1,0
84727,454.545454545455,4,2,2,100,1,0
85182,0.915541313801785,4,2,2,100,1,0
85185,454.545454545455,4,2,2,100,1,0
85639,0.915541313801785,4,2,2,100,1,0
85642,454.545454545455,4,2,2,100,1,0
86096,0.915541313801785,4,2,2,100,1,0
86099,454.545454545455,4,2,2,100,1,0
86554,0.915541313801785,4,2,2,100,1,0
86556,454.545454545455,4,2,2,100,1,0
87011,0.915541313801785,4,2,2,100,1,0
87014,454.545454545455,4,2,2,100,1,0
87127,645.161290322581,4,2,2,100,1,0
91966,324.324324324324,4,2,2,100,1,0
91966,0.91552734375,4,2,2,100,1,0
97095,0.915541313801785,4,2,2,100,1,0
97098,324.324324324324,4,2,2,100,1,0
97301,0.915541313801785,4,2,2,100,1,0
97303,324.324324324324,4,2,2,100,1,0
97627,0.915541313801785,4,2,2,100,1,0
97629,324.324324324324,4,2,2,100,1,0
97872,33.2108085668373,4,2,2,100,1,0
98149,83.0270200146098,4,2,2,100,1,0
98218,207.567567567568,4,2,2,100,1,0
98305,518.918918918919,4,2,2,100,1,0
98521,24.024024024024,4,2,2,100,1,0
98593,72.0720720720721,4,2,2,100,1,0
98629,216.216216216216,4,2,2,100,1,0
98683,648.648648648649,4,2,2,100,1,0
98845,24.024024024024,4,2,2,100,1,0
98917,72.0720720720721,4,2,2,100,1,0
98953,216.216216216216,4,2,2,100,1,0
99008,648.648648648649,4,2,2,100,1,0
99170,324.324324324324,4,2,2,100,1,0
99494,0.915541313801785,4,2,2,100,1,0
99495,324.324324324324,4,2,2,100,1,0
99900,0.915541313801785,4,2,2,100,1,0
99902,324.324324324324,4,2,2,100,1,0
100226,0.915541313801785,4,2,2,100,1,0
100227,324.324324324324,4,2,2,100,1,0
100471,23.4609614984773,4,2,2,100,1,0
100614,43.1681668494616,4,2,2,100,1,0
100642,79.4294306305075,4,2,2,100,1,0
100676,146.150188259206,4,2,2,100,1,0
100719,759.98042530887,4,2,2,100,1,0
101115,324.324324324324,4,2,2,100,1,0
101196,0.915541313801785,4,2,2,100,1,0
101198,648.648648648649,4,2,2,100,1,0
102414,0.915541313801785,4,2,2,100,1,0
102415,324.324324324324,4,2,2,100,1,0
107361,0.915541313801785,4,2,2,100,1,0
107364,324.324324324324,4,2,2,100,1,0
107526,64.8648648648649,4,2,2,100,1,0
107567,324.324324324324,4,2,2,100,1,0
107688,64.8648648648649,4,2,2,100,1,0
107729,594.594521031413,4,2,2,100,1,0
108175,64.8648648648649,4,2,2,100,1,0
108215,324.324324324324,4,2,2,100,1,0
108337,64.8648648648649,4,2,2,100,1,0
108377,324.324324324324,4,2,2,100,1,0
109107,19.1543318827813,4,2,2,100,1,0
109198,100,4,2,2,100,1,0
109265,514.317744790145,4,2,2,100,1,0
109383,2665.10304953632,4,2,2,100,1,0
109660,324.324324324324,4,2,2,100,1,0
109984,64.8648648648649,4,2,2,100,1,0
110025,324.324324324324,4,2,2,100,1,0
110147,64.8648648648649,4,2,2,100,1,0
110187,594.594521031413,4,2,2,100,1,0
110633,64.8648648648649,4,2,2,100,1,0
110674,324.324324324324,4,2,2,100,1,0
110795,64.8648648648649,4,2,2,100,1,0
110836,324.324324324324,4,2,2,100,1,0
113106,648.648648648649,4,2,2,100,1,0
114890,0.915541313801785,4,2,2,100,1,0
114891,674.157303370787,4,2,2,100,1,0
115059,600,4,2,2,100,1,0
117234,0.915541313801785,4,2,2,100,1,0
117238,600,4,2,2,100,1,0
119863,16.0714299727461,4,2,2,100,1,0
119898,57.8571456317514,4,2,2,100,1,0
119932,208.285748791759,4,2,2,100,1,0
120002,749.828449397077,4,2,2,100,1,0
120314,600,4,2,2,100,1,0
123314,27.7714276803253,4,2,2,100,1,0
123384,96,4,2,2,100,1,0
123432,308.571503906268,4,2,2,100,1,0
123509,1028.57024025568,4,2,2,100,1,0
123766,49.5603725134738,4,2,2,100,1,0
123896,111.510842371715,4,2,2,100,1,0
123945,306.654873048333,4,2,2,100,1,0
124022,1057.95846942078,4,2,2,100,1,0
124220,78.1575539700474,4,2,2,100,1,0
124533,240,4,2,2,100,1,0
124593,408.333273622733,4,2,2,100,1,0
124644,933.333570692335,4,2,2,100,1,0
124702,2133.33333333333,4,2,2,100,1,0
124835,606.060606060606,4,2,2,100,1,0
128775,0.915541313801785,4,2,2,100,1,0
128776,600,4,2,2,100,1,0
129376,0.915541313801785,4,2,2,100,1,0
129378,600,4,2,2,100,1,0
129678,16.0714299727461,4,2,2,100,1,0
129713,57.8571456317514,4,2,2,100,1,0
129748,208.285748791759,4,2,2,100,1,0
129817,749.828449397077,4,2,2,100,1,0
130130,600,4,2,2,100,1,0
134780,3000,4,2,2,100,1,0
134780,0.915541313801785,4,2,2,100,1,0
135343,3000,4,2,2,100,1,0
135343,0.915541313801785,4,2,2,100,1,0
135905,0.915541313801785,4,2,2,100,1,0
135906,1200,4,2,2,100,1,0
136506,0.915541313801785,4,2,2,100,1,0
136508,60000,4,2,2,100,1,0
139008,6000,4,2,2,100,1,0
140508,2000,4,2,2,100,1,0


[HitObjects]
256,0,2013,128,0,4352:0:0:0:0:
256,192,4931,1,0,0:0:0:0:
36,0,5669,128,0,6899:0:0:0:0:
475,0,5669,128,0,6899:0:0:0:0:
256,192,6899,1,0,0:0:0:0:
36,0,7636,128,0,8866:0:0:0:0:
109,0,7636,128,0,8866:0:0:0:0:
402,0,7636,128,0,8866:0:0:0:0:
475,0,7636,128,0,8866:0:0:0:0:
256,192,8866,1,0,0:0:0:0:
36,0,9603,128,0,10833:0:0:0:0:
109,0,9603,128,0,10833:0:0:0:0:
182,0,9603,128,0,10833:0:0:0:0:
329,0,9603,128,0,10833:0:0:0:0:
402,0,9603,128,0,10833:0:0:0:0:
475,0,9603,128,0,10833:0:0:0:0:
256,192,10833,1,0,0:0:0:0:
36,0,11571,128,0,12677:0:0:0:0:
109,0,11571,128,0,12677:0:0:0:0:
182,0,11571,128,0,12677:0:0:0:0:
256,0,11571,128,0,12677:0:0:0:0:
329,0,11571,128,0,12677:0:0:0:0:
402,0,11571,128,0,12677:0:0:0:0:
475,0,11571,128,0,12677:0:0:0:0:
256,192,12804,1,0,0:0:0:0:
256,192,12927,1,0,0:0:0:0:
182,192,13176,1,0,0:0:0:0:
329,192,13176,1,0,0:0:0:0:
182,192,13299,1,0,0:0:0:0:
329,192,13299,1,0,0:0:0:0:
109,192,13548,1,0,0:0:0:0:
402,192,13548,1,0,0:0:0:0:
109,192,13671,1,0,0:0:0:0:
402,192,13671,1,0,0:0:0:0:
36,192,13921,1,0,0:0:0:0:
475,192,13921,1,0,0:0:0:0:
36,192,14044,1,0,0:0:0:0:
475,192,14044,1,0,0:0:0:0:
109,192,14293,1,0,0:0:0:0:
256,192,14293,1,0,0:0:0:0:
402,192,14293,1,0,0:0:0:0:
36,0,14544,128,0,16511:0:0:0:0:
109,0,14544,128,0,16511:0:0:0:0:
182,0,14544,128,0,16511:0:0:0:0:
256,192,14790,1,0,0:0:0:0:
402,192,14790,1,0,0:0:0:0:
256,192,15036,1,0,0:0:0:0:
402,192,15036,1,0,0:0:0:0:
329,192,15282,1,0,0:0:0:0:
475,192,15282,1,0,0:0:0:0:
329,192,15528,1,0,0:0:0:0:
475,192,15528,1,0,0:0:0:0:
256,192,15773,1,0,0:0:0:0:
402,192,15773,1,0,0:0:0:0:
256,192,16019,1,0,0:0:0:0:
402,192,16019,1,0,0:0:0:0:
256,192,16265,1,0,0:0:0:0:
402,192,16265,1,0,0:0:0:0:
475,192,16511,1,0,0:0:0:0:
256,192,16757,1,0,0:0:0:0:
36,192,16880,1,0,0:0:0:0:
475,192,16880,1,0,0:0:0:0:
256,192,17003,1,0,0:0:0:0:
256,192,17126,1,0,0:0:0:0:
36,192,17249,1,0,0:0:0:0:
475,192,17249,1,0,0:0:0:0:
256,192,17497,1,0,0:0:0:0:
36,192,17620,1,0,0:0:0:0:
475,192,17620,1,0,0:0:0:0:
36,192,17742,1,0,0:0:0:0:
475,192,17742,1,0,0:0:0:0:
256,192,17865,1,0,0:0:0:0:
36,192,17988,1,0,0:0:0:0:
475,192,17988,1,0,0:0:0:0:
36,192,18111,1,0,0:0:0:0:
475,192,18111,1,0,0:0:0:0:
256,192,18234,1,0,0:0:0:0:
256,192,18727,1,0,0:0:0:0:
256,192,19219,1,0,0:0:0:0:
256,192,19588,1,0,0:0:0:0:
36,0,19713,128,0,20698:0:0:0:0:
256,0,19713,128,0,20698:0:0:0:0:
475,0,19713,128,0,20698:0:0:0:0:
182,192,20698,1,0,0:0:0:0:
329,192,20698,1,0,0:0:0:0:
182,192,21190,1,0,0:0:0:0:
329,192,21190,1,0,0:0:0:0:
182,192,21559,1,0,0:0:0:0:
329,192,21559,1,0,0:0:0:0:
36,0,21684,128,0,22669:0:0:0:0:
182,0,21684,128,0,22669:0:0:0:0:
329,0,21684,128,0,22669:0:0:0:0:
475,0,21684,128,0,22669:0:0:0:0:
109,192,22669,1,0,0:0:0:0:
256,192,22669,1,0,0:0:0:0:
402,192,22669,1,0,0:0:0:0:
109,192,23161,1,0,0:0:0:0:
256,192,23161,1,0,0:0:0:0:
402,192,23161,1,0,0:0:0:0:
109,192,23530,1,0,0:0:0:0:
256,192,23530,1,0,0:0:0:0:
402,192,23530,1,0,0:0:0:0:
36,0,23655,128,0,23901:0:0:0:0:
109,0,23655,128,0,23901:0:0:0:0:
256,0,23655,128,0,23901:0:0:0:0:
402,0,23655,128,0,23901:0:0:0:0:
475,0,23655,128,0,23901:0:0:0:0:
36,0,24147,128,0,24393:0:0:0:0:
182,0,24147,128,0,24393:0:0:0:0:
256,0,24147,128,0,24393:0:0:0:0:
329,0,24147,128,0,24393:0:0:0:0:
475,0,24147,128,0,24393:0:0:0:0:
36,192,24643,1,0,0:0:0:0:
182,192,24889,1,0,0:0:0:0:
329,192,25135,1,0,0:0:0:0:
475,192,25381,1,0,0:0:0:0:
36,192,25627,1,0,0:0:0:0:
329,192,25873,1,0,0:0:0:0:
182,192,26119,1,0,0:0:0:0:
475,192,26365,1,0,0:0:0:0:
256,192,26615,1,0,0:0:0:0:
182,192,27108,1,0,0:0:0:0:
329,192,27108,1,0,0:0:0:0:
256,192,27478,1,0,0:0:0:0:
109,0,27603,128,0,28588:0:0:0:0:
256,0,27603,128,0,28588:0:0:0:0:
402,0,27603,128,0,28588:0:0:0:0:
36,192,28588,1,0,0:0:0:0:
182,192,28588,1,0,0:0:0:0:
329,192,28588,1,0,0:0:0:0:
475,192,28588,1,0,0:0:0:0:
256,192,29081,1,0,0:0:0:0:
109,192,29328,1,0,0:0:0:0:
402,192,29328,1,0,0:0:0:0:
182,0,29451,128,0,30558:0:0:0:0:
329,0,29451,128,0,30558:0:0:0:0:
256,192,30558,1,0,0:0:0:0:
36,192,31051,1,0,0:0:0:0:
109,192,31051,1,0,0:0:0:0:
256,192,31051,1,0,0:0:0:0:
402,192,31051,1,0,0:0:0:0:
475,192,31051,1,0,0:0:0:0:
36,192,31360,1,0,0:0:0:0:
256,192,31360,1,0,0:0:0:0:
475,192,31360,1,0,0:0:0:0:
109,0,31482,128,0,31974:0:0:0:0:
402,0,31482,128,0,31974:0:0:0:0:
36,0,31974,128,0,32466:0:0:0:0:
256,0,31974,128,0,32466:0:0:0:0:
475,0,31974,128,0,32466:0:0:0:0:
109,0,32466,128,0,32589:0:0:0:0:
182,0,32466,128,0,32589:0:0:0:0:
329,0,32466,128,0,32589:0:0:0:0:
402,0,32466,128,0,32589:0:0:0:0:
36,0,32712,128,0,32835:0:0:0:0:
109,0,32712,128,0,32835:0:0:0:0:
182,0,32712,128,0,32835:0:0:0:0:
256,0,32712,128,0,32835:0:0:0:0:
329,0,32712,128,0,32835:0:0:0:0:
402,0,32712,128,0,32835:0:0:0:0:
475,0,32712,128,0,32835:0:0:0:0:
36,0,32958,128,0,33081:0:0:0:0:
109,0,32958,128,0,33081:0:0:0:0:
182,0,32958,128,0,33081:0:0:0:0:
256,0,32958,128,0,33081:0:0:0:0:
329,0,32958,128,0,33081:0:0:0:0:
402,0,32958,128,0,33081:0:0:0:0:
475,0,32958,128,0,33081:0:0:0:0:
36,0,33204,128,0,33327:0:0:0:0:
109,0,33204,128,0,33327:0:0:0:0:
182,0,33204,128,0,33327:0:0:0:0:
329,0,33204,128,0,33327:0:0:0:0:
402,0,33204,128,0,33327:0:0:0:0:
475,0,33204,128,0,33327:0:0:0:0:
256,0,33450,128,0,33573:0:0:0:0:
182,0,33696,128,0,33819:0:0:0:0:
329,0,33696,128,0,33819:0:0:0:0:
109,0,33941,128,0,34064:0:0:0:0:
256,0,33941,128,0,34064:0:0:0:0:
402,0,33941,128,0,34064:0:0:0:0:
36,0,34187,128,0,34310:0:0:0:0:
182,0,34187,128,0,34310:0:0:0:0:
329,0,34187,128,0,34310:0:0:0:0:
475,0,34187,128,0,34310:0:0:0:0:
182,192,34435,1,0,0:0:0:0:
256,192,34435,1,0,0:0:0:0:
329,192,34435,1,0,0:0:0:0:
182,192,34599,1,0,0:0:0:0:
329,192,34599,1,0,0:0:0:0:
182,192,34763,1,0,0:0:0:0:
329,192,34763,1,0,0:0:0:0:
36,192,34764,1,0,0:0:0:0:
256,192,34764,1,0,0:0:0:0:
475,192,34764,1,0,0:0:0:0:
182,192,34928,1,0,0:0:0:0:
329,192,34928,1,0,0:0:0:0:
182,192,35092,1,0,0:0:0:0:
329,192,35092,1,0,0:0:0:0:
109,192,35257,1,0,0:0:0:0:
256,192,35257,1,0,0:0:0:0:
402,192,35257,1,0,0:0:0:0:
182,192,35421,1,0,0:0:0:0:
182,192,35421,1,0,0:0:0:0:
329,192,35421,1,0,0:0:0:0:
329,192,35421,1,0,0:0:0:0:
182,192,35586,1,0,0:0:0:0:
256,192,35586,1,0,0:0:0:0:
329,192,35586,1,0,0:0:0:0:
182,192,35750,1,0,0:0:0:0:
182,192,35750,1,0,0:0:0:0:
329,192,35750,1,0,0:0:0:0:
329,192,35750,1,0,0:0:0:0:
36,192,35915,1,0,0:0:0:0:
256,192,35915,1,0,0:0:0:0:
475,192,35915,1,0,0:0:0:0:
182,192,36079,1,0,0:0:0:0:
329,192,36079,1,0,0:0:0:0:
36,192,36243,1,0,0:0:0:0:
109,192,36243,1,0,0:0:0:0:
402,192,36243,1,0,0:0:0:0:
475,192,36243,1,0,0:0:0:0:
329,192,36409,1,0,0:0:0:0:
402,192,36409,1,0,0:0:0:0:
475,192,36409,1,0,0:0:0:0:
329,192,36573,1,0,0:0:0:0:
475,192,36573,1,0,0:0:0:0:
329,192,36737,1,0,0:0:0:0:
475,192,36737,1,0,0:0:0:0:
182,192,36902,1,0,0:0:0:0:
256,192,36902,1,0,0:0:0:0:
329,192,36902,1,0,0:0:0:0:
182,192,37066,1,0,0:0:0:0:
329,192,37066,1,0,0:0:0:0:
182,192,37230,1,0,0:0:0:0:
329,192,37230,1,0,0:0:0:0:
36,192,37395,1,0,0:0:0:0:
109,192,37395,1,0,0:0:0:0:
182,192,37395,1,0,0:0:0:0:
36,192,37559,1,0,0:0:0:0:
182,192,37559,1,0,0:0:0:0:
182,192,37559,1,0,0:0:0:0:
182,192,37725,1,0,0:0:0:0:
256,192,37725,1,0,0:0:0:0:
329,192,37725,1,0,0:0:0:0:
182,192,37888,1,0,0:0:0:0:
182,192,37888,1,0,0:0:0:0:
329,192,37888,1,0,0:0:0:0:
329,192,37888,1,0,0:0:0:0:
182,192,38054,1,0,0:0:0:0:
256,192,38054,1,0,0:0:0:0:
329,192,38054,1,0,0:0:0:0:
36,192,38218,1,0,0:0:0:0:
475,192,38218,1,0,0:0:0:0:
109,192,38381,1,0,0:0:0:0:
182,192,38381,1,0,0:0:0:0:
329,192,38381,1,0,0:0:0:0:
402,192,38381,1,0,0:0:0:0:
109,192,38548,1,0,0:0:0:0:
256,192,38548,1,0,0:0:0:0:
402,192,38548,1,0,0:0:0:0:
109,192,38712,1,0,0:0:0:0:
402,192,38712,1,0,0:0:0:0:
109,192,38876,1,0,0:0:0:0:
402,192,38876,1,0,0:0:0:0:
182,192,38877,1,0,0:0:0:0:
256,192,38877,1,0,0:0:0:0:
329,192,38877,1,0,0:0:0:0:
182,192,39041,1,0,0:0:0:0:
329,192,39041,1,0,0:0:0:0:
182,192,39205,1,0,0:0:0:0:
329,192,39205,1,0,0:0:0:0:
109,192,39370,1,0,0:0:0:0:
256,192,39370,1,0,0:0:0:0:
402,192,39370,1,0,0:0:0:0:
109,192,39534,1,0,0:0:0:0:
109,192,39534,1,0,0:0:0:0:
402,192,39534,1,0,0:0:0:0:
402,192,39534,1,0,0:0:0:0:
36,192,39699,1,0,0:0:0:0:
256,192,39699,1,0,0:0:0:0:
475,192,39699,1,0,0:0:0:0:
36,192,39863,1,0,0:0:0:0:
36,192,39863,1,0,0:0:0:0:
475,192,39863,1,0,0:0:0:0:
475,192,39863,1,0,0:0:0:0:
109,192,40028,1,0,0:0:0:0:
256,192,40028,1,0,0:0:0:0:
402,192,40028,1,0,0:0:0:0:
182,192,40192,1,0,0:0:0:0:
329,192,40192,1,0,0:0:0:0:
36,192,40356,1,0,0:0:0:0:
109,192,40356,1,0,0:0:0:0:
402,192,40356,1,0,0:0:0:0:
475,192,40356,1,0,0:0:0:0:
36,192,40522,1,0,0:0:0:0:
256,192,40522,1,0,0:0:0:0:
475,192,40522,1,0,0:0:0:0:
109,192,40686,1,0,0:0:0:0:
402,192,40686,1,0,0:0:0:0:
182,192,40850,1,0,0:0:0:0:
329,192,40850,1,0,0:0:0:0:
109,192,41015,1,0,0:0:0:0:
256,192,41015,1,0,0:0:0:0:
402,192,41015,1,0,0:0:0:0:
182,192,41179,1,0,0:0:0:0:
329,192,41179,1,0,0:0:0:0:
36,192,41343,1,0,0:0:0:0:
475,192,41343,1,0,0:0:0:0:
182,192,41508,1,0,0:0:0:0:
256,192,41508,1,0,0:0:0:0:
329,192,41508,1,0,0:0:0:0:
36,192,41672,1,0,0:0:0:0:
109,192,41672,1,0,0:0:0:0:
402,192,41672,1,0,0:0:0:0:
475,192,41672,1,0,0:0:0:0:
109,192,41837,1,0,0:0:0:0:
256,192,41837,1,0,0:0:0:0:
402,192,41837,1,0,0:0:0:0:
36,192,42001,1,0,0:0:0:0:
182,192,42001,1,0,0:0:0:0:
329,192,42001,1,0,0:0:0:0:
475,192,42001,1,0,0:0:0:0:
256,192,42002,1,0,0:0:0:0:
109,0,42002,128,0,43133:0:0:0:0:
402,0,42002,128,0,43133:0:0:0:0:
36,192,42248,1,0,0:0:0:0:
475,192,42248,1,0,0:0:0:0:
36,192,42375,1,0,0:0:0:0:
475,192,42375,1,0,0:0:0:0:
36,192,42501,1,0,0:0:0:0:
475,192,42501,1,0,0:0:0:0:
182,192,42627,1,0,0:0:0:0:
329,192,42627,1,0,0:0:0:0:
36,192,42754,1,0,0:0:0:0:
475,192,42754,1,0,0:0:0:0:
36,192,42880,1,0,0:0:0:0:
475,192,42880,1,0,0:0:0:0:
36,192,43006,1,0,0:0:0:0:
475,192,43006,1,0,0:0:0:0:
182,192,43133,1,0,0:0:0:0:
329,192,43133,1,0,0:0:0:0:
36,192,43256,1,0,0:0:0:0:
475,192,43256,1,0,0:0:0:0:
109,192,43379,1,0,0:0:0:0:
402,192,43379,1,0,0:0:0:0:
182,192,43502,1,0,0:0:0:0:
329,192,43502,1,0,0:0:0:0:
36,192,43748,1,0,0:0:0:0:
475,192,43748,1,0,0:0:0:0:
109,192,43872,1,0,0:0:0:0:
402,192,43872,1,0,0:0:0:0:
182,192,43997,1,0,0:0:0:0:
329,192,43997,1,0,0:0:0:0:
182,192,44121,1,0,0:0:0:0:
329,192,44121,1,0,0:0:0:0:
329,192,44246,1,0,0:0:0:0:
182,192,44413,1,0,0:0:0:0:
329,192,44579,1,0,0:0:0:0:
329,192,44746,1,0,0:0:0:0:
182,192,44912,1,0,0:0:0:0:
329,192,45078,1,0,0:0:0:0:
329,192,45245,1,0,0:0:0:0:
182,192,45411,1,0,0:0:0:0:
329,192,45578,1,0,0:0:0:0:
329,192,45744,1,0,0:0:0:0:
182,192,45910,1,0,0:0:0:0:
329,192,46077,1,0,0:0:0:0:
182,192,46243,1,0,0:0:0:0:
329,192,46346,1,0,0:0:0:0:
182,192,46573,1,0,0:0:0:0:
329,192,46696,1,0,0:0:0:0:
109,192,46944,1,0,0:0:0:0:
402,192,47067,1,0,0:0:0:0:
109,192,47190,1,0,0:0:0:0:
402,192,47313,1,0,0:0:0:0:
109,192,47562,1,0,0:0:0:0:
402,192,47685,1,0,0:0:0:0:
109,192,47933,1,0,0:0:0:0:
402,192,48056,1,0,0:0:0:0:
329,192,48183,1,0,0:0:0:0:
475,192,48183,1,0,0:0:0:0:
256,192,48309,1,0,0:0:0:0:
402,192,48309,1,0,0:0:0:0:
182,192,48435,1,0,0:0:0:0:
329,192,48435,1,0,0:0:0:0:
109,192,48562,1,0,0:0:0:0:
256,192,48562,1,0,0:0:0:0:
36,192,48688,1,0,0:0:0:0:
182,192,48688,1,0,0:0:0:0:
109,192,48815,1,0,0:0:0:0:
256,192,48815,1,0,0:0:0:0:
182,192,48941,1,0,0:0:0:0:
329,192,48941,1,0,0:0:0:0:
256,192,49067,1,0,0:0:0:0:
402,192,49067,1,0,0:0:0:0:
329,192,49194,1,0,0:0:0:0:
475,192,49194,1,0,0:0:0:0:
256,192,49320,1,0,0:0:0:0:
402,192,49320,1,0,0:0:0:0:
182,192,49446,1,0,0:0:0:0:
329,192,49446,1,0,0:0:0:0:
109,192,49573,1,0,0:0:0:0:
256,192,49573,1,0,0:0:0:0:
36,0,49699,128,0,50091:0:0:0:0:
475,0,49699,128,0,50091:0:0:0:0:
256,192,50091,1,0,0:0:0:0:
256,192,50829,1,0,0:0:0:0:
256,192,51567,1,0,0:0:0:0:
256,192,51813,1,0,0:0:0:0:
256,0,52059,128,0,53964:0:0:0:0:
36,0,52796,128,0,54026:0:0:0:0:
109,0,52796,128,0,54026:0:0:0:0:
182,0,52796,128,0,54026:0:0:0:0:
329,0,52796,128,0,54026:0:0:0:0:
402,0,52796,128,0,54026:0:0:0:0:
475,0,52796,128,0,54026:0:0:0:0:
256,192,54026,1,0,0:0:0:0:
402,192,54764,1,0,0:0:0:0:
109,192,55501,1,0,0:0:0:0:
256,192,55747,1,0,0:0:0:0:
402,192,55993,1,0,0:0:0:0:
109,0,56637,128,0,57968:0:0:0:0:
182,0,56637,128,0,57968:0:0:0:0:
256,0,56637,128,0,57968:0:0:0:0:
329,0,56637,128,0,57968:0:0:0:0:
402,0,56637,128,0,57968:0:0:0:0:
36,192,57968,1,0,0:0:0:0:
475,192,57968,1,0,0:0:0:0:
182,192,58082,1,0,0:0:0:0:
329,192,58197,1,0,0:0:0:0:
475,192,58311,1,0,0:0:0:0:
36,192,58426,1,0,0:0:0:0:
256,192,58426,1,0,0:0:0:0:
182,192,58540,1,0,0:0:0:0:
329,192,58655,1,0,0:0:0:0:
475,192,58769,1,0,0:0:0:0:
36,192,58884,1,0,0:0:0:0:
182,192,58998,1,0,0:0:0:0:
329,192,59113,1,0,0:0:0:0:
475,192,59227,1,0,0:0:0:0:
36,192,59342,1,0,0:0:0:0:
402,192,59342,1,0,0:0:0:0:
182,192,59456,1,0,0:0:0:0:
329,192,59571,1,0,0:0:0:0:
475,192,59685,1,0,0:0:0:0:
109,192,59800,1,0,0:0:0:0:
256,192,59800,1,0,0:0:0:0:
329,192,59914,1,0,0:0:0:0:
182,192,60029,1,0,0:0:0:0:
402,192,60143,1,0,0:0:0:0:
109,192,60258,1,0,0:0:0:0:
475,192,60258,1,0,0:0:0:0:
329,192,60372,1,0,0:0:0:0:
182,192,60487,1,0,0:0:0:0:
402,192,60601,1,0,0:0:0:0:
109,192,60716,1,0,0:0:0:0:
256,192,60716,1,0,0:0:0:0:
329,192,60830,1,0,0:0:0:0:
182,192,60945,1,0,0:0:0:0:
402,192,61059,1,0,0:0:0:0:
109,192,61174,1,0,0:0:0:0:
475,192,61174,1,0,0:0:0:0:
329,192,61288,1,0,0:0:0:0:
182,192,61403,1,0,0:0:0:0:
402,192,61517,1,0,0:0:0:0:
36,192,61632,1,0,0:0:0:0:
256,192,61632,1,0,0:0:0:0:
402,192,61746,1,0,0:0:0:0:
256,192,61861,1,0,0:0:0:0:
109,192,61975,1,0,0:0:0:0:
182,192,62090,1,0,0:0:0:0:
475,192,62090,1,0,0:0:0:0:
329,192,62204,1,0,0:0:0:0:
182,192,62319,1,0,0:0:0:0:
36,192,62433,1,0,0:0:0:0:
109,192,62548,1,0,0:0:0:0:
256,192,62548,1,0,0:0:0:0:
402,192,62662,1,0,0:0:0:0:
256,192,62777,1,0,0:0:0:0:
109,192,62891,1,0,0:0:0:0:
36,192,63006,1,0,0:0:0:0:
329,192,63006,1,0,0:0:0:0:
475,192,63120,1,0,0:0:0:0:
329,192,63235,1,0,0:0:0:0:
182,192,63349,1,0,0:0:0:0:
36,192,63464,1,0,0:0:0:0:
256,0,63464,128,0,64733:0:0:0:0:
475,192,63464,1,0,0:0:0:0:
109,0,64213,128,0,64766:0:0:0:0:
182,0,64213,128,0,64750:0:0:0:0:
329,0,64213,128,0,64720:0:0:0:0:
402,0,64213,128,0,64710:0:0:0:0:
475,0,64213,128,0,64701:0:0:0:0:
36,0,64213,128,0,64782:0:0:0:0:
256,192,64957,1,0,0:0:0:0:
475,192,64957,1,0,0:0:0:0:
36,192,65246,1,0,0:0:0:0:
109,192,65361,1,0,0:0:0:0:
182,192,65475,1,0,0:0:0:0:
256,192,65589,1,0,0:0:0:0:
109,192,65703,1,0,0:0:0:0:
182,192,65817,1,0,0:0:0:0:
256,192,65931,1,0,0:0:0:0:
329,192,66046,1,0,0:0:0:0:
182,192,66160,1,0,0:0:0:0:
256,192,66274,1,0,0:0:0:0:
329,192,66388,1,0,0:0:0:0:
402,192,66502,1,0,0:0:0:0:
256,192,66616,1,0,0:0:0:0:
329,192,66731,1,0,0:0:0:0:
402,192,66845,1,0,0:0:0:0:
475,192,66959,1,0,0:0:0:0:
475,192,67073,1,0,0:0:0:0:
402,192,67187,1,0,0:0:0:0:
329,192,67301,1,0,0:0:0:0:
256,192,67416,1,0,0:0:0:0:
329,192,67530,1,0,0:0:0:0:
402,192,67644,1,0,0:0:0:0:
329,192,67758,1,0,0:0:0:0:
256,192,67872,1,0,0:0:0:0:
182,192,67986,1,0,0:0:0:0:
256,192,68101,1,0,0:0:0:0:
329,192,68215,1,0,0:0:0:0:
256,192,68329,1,0,0:0:0:0:
182,192,68443,1,0,0:0:0:0:
109,192,68557,1,0,0:0:0:0:
182,192,68671,1,0,0:0:0:0:
109,192,68786,1,0,0:0:0:0:
36,192,68900,1,0,0:0:0:0:
329,192,68900,1,0,0:0:0:0:
109,192,69014,1,0,0:0:0:0:
182,192,69128,1,0,0:0:0:0:
256,192,69242,1,0,0:0:0:0:
182,192,69356,1,0,0:0:0:0:
402,192,69356,1,0,0:0:0:0:
256,192,69471,1,0,0:0:0:0:
329,192,69585,1,0,0:0:0:0:
402,192,69699,1,0,0:0:0:0:
182,192,69813,1,0,0:0:0:0:
475,192,69813,1,0,0:0:0:0:
402,192,69927,1,0,0:0:0:0:
329,192,70041,1,0,0:0:0:0:
256,192,70156,1,0,0:0:0:0:
36,192,70270,1,0,0:0:0:0:
182,192,70270,1,0,0:0:0:0:
109,192,70384,1,0,0:0:0:0:
182,192,70498,1,0,0:0:0:0:
256,192,70612,1,0,0:0:0:0:
36,192,70726,1,0,0:0:0:0:
329,192,70726,1,0,0:0:0:0:
402,192,70841,1,0,0:0:0:0:
475,192,70955,1,0,0:0:0:0:
402,192,71069,1,0,0:0:0:0:
182,192,71183,1,0,0:0:0:0:
329,192,71183,1,0,0:0:0:0:
109,192,71297,1,0,0:0:0:0:
182,192,71411,1,0,0:0:0:0:
256,192,71526,1,0,0:0:0:0:
36,192,71640,1,0,0:0:0:0:
329,192,71640,1,0,0:0:0:0:
109,192,71754,1,0,0:0:0:0:
182,192,71868,1,0,0:0:0:0:
256,192,71982,1,0,0:0:0:0:
329,192,72096,1,0,0:0:0:0:
475,192,72096,1,0,0:0:0:0:
402,192,72211,1,0,0:0:0:0:
329,192,72325,1,0,0:0:0:0:
256,192,72439,1,0,0:0:0:0:
36,192,72553,1,0,0:0:0:0:
182,192,72553,1,0,0:0:0:0:
329,192,72553,1,0,0:0:0:0:
475,192,72553,1,0,0:0:0:0:
109,192,72780,1,0,0:0:0:0:
402,192,73008,1,0,0:0:0:0:
256,192,73235,1,0,0:0:0:0:
182,192,73462,1,0,0:0:0:0:
475,192,73690,1,0,0:0:0:0:
256,192,73917,1,0,0:0:0:0:
109,192,74144,1,0,0:0:0:0:
329,192,74371,1,0,0:0:0:0:
182,192,74599,1,0,0:0:0:0:
402,192,74826,1,0,0:0:0:0:
475,192,75053,1,0,0:0:0:0:
475,192,75169,1,0,0:0:0:0:
256,192,75284,1,0,0:0:0:0:
36,192,75514,1,0,0:0:0:0:
329,192,75743,1,0,0:0:0:0:
182,192,75972,1,0,0:0:0:0:
109,192,76201,1,0,0:0:0:0:
109,192,76430,1,0,0:0:0:0:
402,192,76659,1,0,0:0:0:0:
182,192,76888,1,0,0:0:0:0:
36,192,77117,1,0,0:0:0:0:
256,192,77346,1,0,0:0:0:0:
475,192,77575,1,0,0:0:0:0:
402,192,77804,1,0,0:0:0:0:
329,192,78033,1,0,0:0:0:0:
182,192,78262,1,0,0:0:0:0:
402,192,78491,1,0,0:0:0:0:
256,192,78720,1,0,0:0:0:0:
475,192,78949,1,0,0:0:0:0:
329,192,79064,1,0,0:0:0:0:
109,192,79178,1,0,0:0:0:0:
256,192,79293,1,0,0:0:0:0:
182,192,79407,1,0,0:0:0:0:
329,192,79522,1,0,0:0:0:0:
256,192,79636,1,0,0:0:0:0:
402,192,79751,1,0,0:0:0:0:
36,0,79865,128,0,80325:0:0:0:0:
475,0,79865,128,0,80325:0:0:0:0:
109,192,80211,1,0,0:0:0:0:
402,192,80211,1,0,0:0:0:0:
109,0,80325,128,0,80782:0:0:0:0:
402,0,80325,128,0,80782:0:0:0:0:
182,192,80668,1,0,0:0:0:0:
329,192,80668,1,0,0:0:0:0:
182,0,80782,128,0,81239:0:0:0:0:
329,0,80782,128,0,81239:0:0:0:0:
109,192,81126,1,0,0:0:0:0:
402,192,81126,1,0,0:0:0:0:
109,0,81239,128,0,81697:0:0:0:0:
402,0,81239,128,0,81697:0:0:0:0:
36,192,81583,1,0,0:0:0:0:
475,192,81583,1,0,0:0:0:0:
36,0,81697,128,0,82154:0:0:0:0:
475,0,81697,128,0,82154:0:0:0:0:
109,192,82040,1,0,0:0:0:0:
402,192,82040,1,0,0:0:0:0:
109,0,82154,128,0,82611:0:0:0:0:
402,0,82154,128,0,82611:0:0:0:0:
182,192,82498,1,0,0:0:0:0:
329,192,82498,1,0,0:0:0:0:
182,0,82611,128,0,83069:0:0:0:0:
329,0,82611,128,0,83069:0:0:0:0:
256,192,82955,1,0,0:0:0:0:
256,0,83069,128,0,83526:0:0:0:0:
36,192,83412,1,0,0:0:0:0:
475,192,83412,1,0,0:0:0:0:
36,0,83526,128,0,83983:0:0:0:0:
475,0,83526,128,0,83983:0:0:0:0:
109,192,83869,1,0,0:0:0:0:
402,192,83869,1,0,0:0:0:0:
109,0,83983,128,0,84440:0:0:0:0:
402,0,83983,128,0,84440:0:0:0:0:
182,192,84327,1,0,0:0:0:0:
329,192,84327,1,0,0:0:0:0:
182,0,84440,128,0,84898:0:0:0:0:
329,0,84440,128,0,84898:0:0:0:0:
109,192,84784,1,0,0:0:0:0:
402,192,84784,1,0,0:0:0:0:
109,0,84898,128,0,85355:0:0:0:0:
402,0,84898,128,0,85355:0:0:0:0:
36,192,85241,1,0,0:0:0:0:
475,192,85241,1,0,0:0:0:0:
36,0,85355,128,0,85812:0:0:0:0:
475,0,85355,128,0,85812:0:0:0:0:
182,192,85699,1,0,0:0:0:0:
329,192,85699,1,0,0:0:0:0:
182,0,85812,128,0,86270:0:0:0:0:
329,0,85812,128,0,86270:0:0:0:0:
109,192,86156,1,0,0:0:0:0:
402,192,86156,1,0,0:0:0:0:
109,0,86270,128,0,86727:0:0:0:0:
402,0,86270,128,0,86727:0:0:0:0:
36,192,86613,1,0,0:0:0:0:
256,192,86613,1,0,0:0:0:0:
475,192,86613,1,0,0:0:0:0:
36,0,86727,128,0,87127:0:0:0:0:
256,0,86727,128,0,87127:0:0:0:0:
475,0,86727,128,0,87127:0:0:0:0:
182,192,87014,1,0,0:0:0:0:
329,192,87014,1,0,0:0:0:0:
182,192,87127,1,0,0:0:0:0:
329,192,87127,1,0,0:0:0:0:
182,192,87289,1,0,0:0:0:0:
329,192,87289,1,0,0:0:0:0:
182,192,87773,1,0,0:0:0:0:
329,192,87773,1,0,0:0:0:0:
182,192,87934,1,0,0:0:0:0:
329,192,87934,1,0,0:0:0:0:
182,192,88256,1,0,0:0:0:0:
329,192,88256,1,0,0:0:0:0:
182,192,88740,1,0,0:0:0:0:
329,192,88740,1,0,0:0:0:0:
182,192,89063,1,0,0:0:0:0:
329,192,89063,1,0,0:0:0:0:
182,192,89224,1,0,0:0:0:0:
329,192,89224,1,0,0:0:0:0:
182,192,89385,1,0,0:0:0:0:
329,192,89385,1,0,0:0:0:0:
182,192,89547,1,0,0:0:0:0:
329,192,89547,1,0,0:0:0:0:
182,192,89708,1,0,0:0:0:0:
329,192,89708,1,0,0:0:0:0:
36,0,90192,128,0,90273:0:0:0:0:
109,0,90192,128,0,90273:0:0:0:0:
182,192,90192,1,0,0:0:0:0:
256,0,90192,128,0,90273:0:0:0:0:
329,192,90192,1,0,0:0:0:0:
402,0,90192,128,0,90273:0:0:0:0:
475,0,90192,128,0,90273:0:0:0:0:
36,0,90353,128,0,90434:0:0:0:0:
109,0,90353,128,0,90434:0:0:0:0:
182,192,90353,1,0,0:0:0:0:
256,0,90353,128,0,90434:0:0:0:0:
329,192,90353,1,0,0:0:0:0:
402,0,90353,128,0,90434:0:0:0:0:
475,0,90353,128,0,90434:0:0:0:0:
36,0,90676,128,0,90756:0:0:0:0:
109,0,90676,128,0,90756:0:0:0:0:
182,192,90676,1,0,0:0:0:0:
256,0,90676,128,0,90756:0:0:0:0:
329,192,90676,1,0,0:0:0:0:
402,0,90676,128,0,90756:0:0:0:0:
475,0,90676,128,0,90756:0:0:0:0:
182,0,91160,128,0,92027:0:0:0:0:
329,0,91160,128,0,92027:0:0:0:0:
36,0,92027,128,0,92108:0:0:0:0:
109,0,92027,128,0,92108:0:0:0:0:
402,0,92027,128,0,92108:0:0:0:0:
475,0,92027,128,0,92108:0:0:0:0:
36,0,92189,128,0,92270:0:0:0:0:
109,0,92189,128,0,92270:0:0:0:0:
182,0,92189,128,0,92270:0:0:0:0:
329,0,92352,128,0,92433:0:0:0:0:
402,0,92352,128,0,92433:0:0:0:0:
475,0,92352,128,0,92433:0:0:0:0:
329,0,92676,128,0,92757:0:0:0:0:
402,0,92676,128,0,92757:0:0:0:0:
475,0,92676,128,0,92757:0:0:0:0:
329,0,93325,128,0,93406:0:0:0:0:
402,0,93325,128,0,93406:0:0:0:0:
475,0,93325,128,0,93406:0:0:0:0:
36,0,93649,128,0,93730:0:0:0:0:
256,0,93649,128,0,93730:0:0:0:0:
475,0,93649,128,0,93730:0:0:0:0:
329,0,93973,128,0,94054:0:0:0:0:
402,0,93973,128,0,94054:0:0:0:0:
475,0,93973,128,0,94054:0:0:0:0:
36,0,94622,128,0,94703:0:0:0:0:
109,0,94622,128,0,94703:0:0:0:0:
182,0,94622,128,0,94703:0:0:0:0:
329,0,94622,128,0,94703:0:0:0:0:
402,0,94622,128,0,94703:0:0:0:0:
475,0,94622,128,0,94703:0:0:0:0:
329,0,94784,128,0,94865:0:0:0:0:
402,0,94784,128,0,94865:0:0:0:0:
475,0,94784,128,0,94865:0:0:0:0:
36,0,94946,128,0,95027:0:0:0:0:
109,0,94946,128,0,95027:0:0:0:0:
182,0,94946,128,0,95027:0:0:0:0:
36,0,95270,128,0,95352:0:0:0:0:
109,0,95270,128,0,95352:0:0:0:0:
182,0,95270,128,0,95352:0:0:0:0:
36,0,95919,128,0,96000:0:0:0:0:
109,0,95919,128,0,96000:0:0:0:0:
182,0,95919,128,0,96000:0:0:0:0:
402,192,96000,1,0,0:0:0:0:
329,192,96081,1,0,0:0:0:0:
329,192,96162,1,0,0:0:0:0:
36,0,96243,128,0,96892:0:0:0:0:
109,0,96243,128,0,96730:0:0:0:0:
182,0,96243,128,0,96568:0:0:0:0:
402,192,96243,1,0,0:0:0:0:
329,192,96325,1,0,0:0:0:0:
402,192,96365,1,0,0:0:0:0:
329,192,96406,1,0,0:0:0:0:
402,192,96487,1,0,0:0:0:0:
182,0,96892,128,0,96973:0:0:0:0:
256,0,96892,128,0,96973:0:0:0:0:
329,0,96892,128,0,96973:0:0:0:0:
36,0,97220,128,0,97301:0:0:0:0:
109,0,97220,128,0,97301:0:0:0:0:
182,0,97220,128,0,97301:0:0:0:0:
256,0,97220,128,0,97301:0:0:0:0:
329,0,97220,128,0,97301:0:0:0:0:
402,0,97220,128,0,97301:0:0:0:0:
475,0,97220,128,0,97301:0:0:0:0:
109,0,97546,128,0,97627:0:0:0:0:
182,0,97546,128,0,97627:0:0:0:0:
256,0,97546,128,0,97627:0:0:0:0:
329,0,97546,128,0,97627:0:0:0:0:
402,0,97546,128,0,97627:0:0:0:0:
109,0,97872,128,0,98521:0:0:0:0:
182,0,97872,128,0,98521:0:0:0:0:
329,0,97872,128,0,98521:0:0:0:0:
402,0,97872,128,0,98521:0:0:0:0:
36,0,98521,128,0,98845:0:0:0:0:
256,0,98521,128,0,98845:0:0:0:0:
475,0,98521,128,0,98845:0:0:0:0:
182,0,98845,128,0,99170:0:0:0:0:
329,0,98845,128,0,99170:0:0:0:0:
36,0,99170,128,0,99251:0:0:0:0:
109,0,99170,128,0,99251:0:0:0:0:
256,0,99170,128,0,99251:0:0:0:0:
402,0,99170,128,0,99251:0:0:0:0:
475,0,99170,128,0,99251:0:0:0:0:
36,0,99819,128,0,99900:0:0:0:0:
109,0,99819,128,0,99900:0:0:0:0:
182,0,99819,128,0,99900:0:0:0:0:
256,0,99819,128,0,99900:0:0:0:0:
329,0,99819,128,0,99900:0:0:0:0:
402,0,99819,128,0,99900:0:0:0:0:
475,0,99819,128,0,99900:0:0:0:0:
109,0,100145,128,0,100226:0:0:0:0:
182,0,100145,128,0,100226:0:0:0:0:
329,0,100145,128,0,100226:0:0:0:0:
402,0,100145,128,0,100226:0:0:0:0:
109,0,100471,128,0,101115:0:0:0:0:
182,0,100471,128,0,101115:0:0:0:0:
256,0,100471,128,0,101115:0:0:0:0:
329,0,100471,128,0,101115:0:0:0:0:
402,0,100471,128,0,101115:0:0:0:0:
36,0,101115,128,0,101441:0:0:0:0:
475,0,101115,128,0,101441:0:0:0:0:
182,0,101441,128,0,102090:0:0:0:0:
329,0,101441,128,0,102090:0:0:0:0:
109,0,102090,128,0,102415:0:0:0:0:
256,0,102090,128,0,102415:0:0:0:0:
402,0,102090,128,0,102415:0:0:0:0:
36,192,102415,1,0,0:0:0:0:
182,192,102415,1,0,0:0:0:0:
329,192,102415,1,0,0:0:0:0:
475,192,102415,1,0,0:0:0:0:
36,192,102739,1,0,0:0:0:0:
182,192,102739,1,0,0:0:0:0:
329,192,102739,1,0,0:0:0:0:
475,192,102739,1,0,0:0:0:0:
109,192,102901,1,0,0:0:0:0:
402,192,102901,1,0,0:0:0:0:
182,192,102982,1,0,0:0:0:0:
329,192,102982,1,0,0:0:0:0:
109,192,103064,1,0,0:0:0:0:
256,192,103064,1,0,0:0:0:0:
402,192,103064,1,0,0:0:0:0:
109,192,103388,1,0,0:0:0:0:
256,192,103388,1,0,0:0:0:0:
402,192,103388,1,0,0:0:0:0:
182,192,103550,1,0,0:0:0:0:
329,192,103550,1,0,0:0:0:0:
109,192,103631,1,0,0:0:0:0:
402,192,103631,1,0,0:0:0:0:
182,192,103712,1,0,0:0:0:0:
329,192,103712,1,0,0:0:0:0:
182,192,104036,1,0,0:0:0:0:
256,192,104036,1,0,0:0:0:0:
329,192,104036,1,0,0:0:0:0:
109,192,104199,1,0,0:0:0:0:
402,192,104199,1,0,0:0:0:0:
36,192,104280,1,0,0:0:0:0:
475,192,104280,1,0,0:0:0:0:
109,192,104361,1,0,0:0:0:0:
402,192,104361,1,0,0:0:0:0:
36,192,104685,1,0,0:0:0:0:
109,192,104685,1,0,0:0:0:0:
182,192,104685,1,0,0:0:0:0:
329,192,104685,1,0,0:0:0:0:
402,192,104685,1,0,0:0:0:0:
475,192,104685,1,0,0:0:0:0:
256,192,104847,1,0,0:0:0:0:
182,192,104928,1,0,0:0:0:0:
329,192,104928,1,0,0:0:0:0:
109,192,105009,1,0,0:0:0:0:
256,192,105009,1,0,0:0:0:0:
402,192,105009,1,0,0:0:0:0:
109,192,105334,1,0,0:0:0:0:
402,192,105334,1,0,0:0:0:0:
36,192,105496,1,0,0:0:0:0:
256,192,105496,1,0,0:0:0:0:
475,192,105496,1,0,0:0:0:0:
182,192,105577,1,0,0:0:0:0:
329,192,105577,1,0,0:0:0:0:
109,192,105658,1,0,0:0:0:0:
402,192,105658,1,0,0:0:0:0:
182,192,105982,1,0,0:0:0:0:
256,192,105982,1,0,0:0:0:0:
329,192,105982,1,0,0:0:0:0:
109,192,106145,1,0,0:0:0:0:
402,192,106145,1,0,0:0:0:0:
182,192,106226,1,0,0:0:0:0:
329,192,106226,1,0,0:0:0:0:
256,192,106307,1,0,0:0:0:0:
36,192,106631,1,0,0:0:0:0:
109,192,106631,1,0,0:0:0:0:
182,192,106631,1,0,0:0:0:0:
256,192,106631,1,0,0:0:0:0:
329,192,106631,1,0,0:0:0:0:
402,192,106631,1,0,0:0:0:0:
475,192,106631,1,0,0:0:0:0:
36,192,106793,1,0,0:0:0:0:
182,192,106793,1,0,0:0:0:0:
256,192,106793,1,0,0:0:0:0:
329,192,106793,1,0,0:0:0:0:
475,192,106793,1,0,0:0:0:0:
109,192,106874,1,0,0:0:0:0:
402,192,106874,1,0,0:0:0:0:
36,192,106955,1,0,0:0:0:0:
182,192,106955,1,0,0:0:0:0:
256,192,106955,1,0,0:0:0:0:
329,192,106955,1,0,0:0:0:0:
475,192,106955,1,0,0:0:0:0:
109,192,107036,1,0,0:0:0:0:
36,192,107118,1,0,0:0:0:0:
109,192,107199,1,0,0:0:0:0:
36,192,107280,1,0,0:0:0:0:
109,192,107361,1,0,0:0:0:0:
36,192,107526,1,0,0:0:0:0:
109,192,107526,1,0,0:0:0:0:
182,192,107526,1,0,0:0:0:0:
256,192,107526,1,0,0:0:0:0:
329,192,107567,1,0,0:0:0:0:
402,192,107567,1,0,0:0:0:0:
475,192,107567,1,0,0:0:0:0:
36,192,107688,1,0,0:0:0:0:
109,192,107688,1,0,0:0:0:0:
182,192,107688,1,0,0:0:0:0:
256,192,107688,1,0,0:0:0:0:
329,192,107729,1,0,0:0:0:0:
402,192,107729,1,0,0:0:0:0:
475,192,107729,1,0,0:0:0:0:
36,192,108175,1,0,0:0:0:0:
109,192,108175,1,0,0:0:0:0:
182,192,108175,1,0,0:0:0:0:
256,192,108175,1,0,0:0:0:0:
329,192,108215,1,0,0:0:0:0:
402,192,108215,1,0,0:0:0:0:
475,192,108215,1,0,0:0:0:0:
36,192,108337,1,0,0:0:0:0:
109,192,108337,1,0,0:0:0:0:
182,192,108337,1,0,0:0:0:0:
256,192,108337,1,0,0:0:0:0:
329,192,108377,1,0,0:0:0:0:
402,192,108377,1,0,0:0:0:0:
475,192,108377,1,0,0:0:0:0:
36,0,108661,128,0,108742:0:0:0:0:
109,0,108661,128,0,108742:0:0:0:0:
182,0,108661,128,0,108742:0:0:0:0:
256,0,108661,128,0,108742:0:0:0:0:
329,0,108661,128,0,108742:0:0:0:0:
402,0,108661,128,0,108742:0:0:0:0:
475,0,108661,128,0,108742:0:0:0:0:
36,0,109107,128,0,109984:0:0:0:0:
109,0,109107,128,0,109984:0:0:0:0:
182,0,109107,128,0,109984:0:0:0:0:
256,0,109107,128,0,109660:0:0:0:0:
329,0,109107,128,0,109660:0:0:0:0:
402,0,109107,128,0,109660:0:0:0:0:
475,0,109107,128,0,109660:0:0:0:0:
256,192,109984,1,0,0:0:0:0:
329,192,109984,1,0,0:0:0:0:
402,192,109984,1,0,0:0:0:0:
475,192,109984,1,0,0:0:0:0:
36,192,110025,1,0,0:0:0:0:
109,192,110025,1,0,0:0:0:0:
182,192,110025,1,0,0:0:0:0:
256,192,110147,1,0,0:0:0:0:
329,192,110147,1,0,0:0:0:0:
402,192,110147,1,0,0:0:0:0:
475,192,110147,1,0,0:0:0:0:
36,192,110187,1,0,0:0:0:0:
109,192,110187,1,0,0:0:0:0:
182,192,110187,1,0,0:0:0:0:
256,192,110633,1,0,0:0:0:0:
329,192,110633,1,0,0:0:0:0:
402,192,110633,1,0,0:0:0:0:
475,192,110633,1,0,0:0:0:0:
36,192,110674,1,0,0:0:0:0:
109,192,110674,1,0,0:0:0:0:
182,192,110674,1,0,0:0:0:0:
256,192,110795,1,0,0:0:0:0:
329,192,110795,1,0,0:0:0:0:
402,192,110795,1,0,0:0:0:0:
475,192,110795,1,0,0:0:0:0:
36,192,110836,1,0,0:0:0:0:
109,192,110836,1,0,0:0:0:0:
182,192,110836,1,0,0:0:0:0:
36,0,111160,128,0,111241:0:0:0:0:
109,0,111160,128,0,111241:0:0:0:0:
182,0,111160,128,0,111241:0:0:0:0:
256,0,111160,128,0,111241:0:0:0:0:
329,0,111160,128,0,111241:0:0:0:0:
402,0,111160,128,0,111241:0:0:0:0:
475,0,111160,128,0,111241:0:0:0:0:
36,0,111606,128,0,112457:0:0:0:0:
182,0,111606,128,0,112457:0:0:0:0:
329,0,111606,128,0,112457:0:0:0:0:
475,0,111606,128,0,112457:0:0:0:0:
109,0,112498,128,0,112822:0:0:0:0:
256,0,112498,128,0,112822:0:0:0:0:
402,0,112498,128,0,112822:0:0:0:0:
36,192,113106,1,0,0:0:0:0:
182,192,113106,1,0,0:0:0:0:
329,192,113106,1,0,0:0:0:0:
475,192,113106,1,0,0:0:0:0:
36,0,113755,128,0,113836:0:0:0:0:
109,0,113755,128,0,113836:0:0:0:0:
182,0,113755,128,0,113836:0:0:0:0:
256,0,113755,128,0,113836:0:0:0:0:
256,192,114322,1,0,0:0:0:0:
329,192,114322,1,0,0:0:0:0:
402,192,114322,1,0,0:0:0:0:
475,192,114322,1,0,0:0:0:0:
36,192,115059,1,0,0:0:0:0:
109,192,115059,1,0,0:0:0:0:
182,192,115059,1,0,0:0:0:0:
256,192,115059,1,0,0:0:0:0:
329,192,115659,1,0,0:0:0:0:
402,192,115659,1,0,0:0:0:0:
475,192,115659,1,0,0:0:0:0:
36,192,116259,1,0,0:0:0:0:
109,192,116259,1,0,0:0:0:0:
182,192,116259,1,0,0:0:0:0:
256,192,116559,1,0,0:0:0:0:
329,192,116859,1,0,0:0:0:0:
402,192,116859,1,0,0:0:0:0:
475,192,116859,1,0,0:0:0:0:
36,192,117084,1,0,0:0:0:0:
109,192,117084,1,0,0:0:0:0:
182,192,117084,1,0,0:0:0:0:
256,192,117084,1,0,0:0:0:0:
256,192,117234,1,0,0:0:0:0:
329,192,117234,1,0,0:0:0:0:
402,192,117234,1,0,0:0:0:0:
475,192,117234,1,0,0:0:0:0:
36,192,117463,1,0,0:0:0:0:
109,192,117463,1,0,0:0:0:0:
182,192,117463,1,0,0:0:0:0:
182,192,117763,1,0,0:0:0:0:
256,192,117763,1,0,0:0:0:0:
329,192,117763,1,0,0:0:0:0:
329,192,118063,1,0,0:0:0:0:
402,192,118063,1,0,0:0:0:0:
475,192,118063,1,0,0:0:0:0:
36,192,118363,1,0,0:0:0:0:
109,192,118363,1,0,0:0:0:0:
182,192,118363,1,0,0:0:0:0:
36,192,118513,1,0,0:0:0:0:
109,192,118513,1,0,0:0:0:0:
182,192,118513,1,0,0:0:0:0:
256,192,118513,1,0,0:0:0:0:
36,192,118663,1,0,0:0:0:0:
109,192,118663,1,0,0:0:0:0:
182,192,118663,1,0,0:0:0:0:
256,192,118663,1,0,0:0:0:0:
329,192,118663,1,0,0:0:0:0:
36,192,118813,1,0,0:0:0:0:
109,192,118813,1,0,0:0:0:0:
182,192,118813,1,0,0:0:0:0:
256,192,118813,1,0,0:0:0:0:
329,192,118813,1,0,0:0:0:0:
402,192,118813,1,0,0:0:0:0:
36,192,118963,1,0,0:0:0:0:
109,192,118963,1,0,0:0:0:0:
182,192,118963,1,0,0:0:0:0:
256,192,118963,1,0,0:0:0:0:
329,192,118963,1,0,0:0:0:0:
402,192,118963,1,0,0:0:0:0:
475,192,118963,1,0,0:0:0:0:
109,192,119263,1,0,0:0:0:0:
182,192,119263,1,0,0:0:0:0:
256,192,119263,1,0,0:0:0:0:
329,192,119263,1,0,0:0:0:0:
402,192,119263,1,0,0:0:0:0:
475,192,119263,1,0,0:0:0:0:
182,192,119563,1,0,0:0:0:0:
256,192,119563,1,0,0:0:0:0:
329,192,119563,1,0,0:0:0:0:
402,192,119563,1,0,0:0:0:0:
475,192,119563,1,0,0:0:0:0:
36,0,119863,128,0,120314:0:0:0:0:
109,0,119863,128,0,120314:0:0:0:0:
182,192,120314,1,0,0:0:0:0:
256,192,120314,1,0,0:0:0:0:
329,192,120614,1,0,0:0:0:0:
402,192,120614,1,0,0:0:0:0:
475,192,120614,1,0,0:0:0:0:
182,192,121214,1,0,0:0:0:0:
329,192,121214,1,0,0:0:0:0:
475,192,121214,1,0,0:0:0:0:
109,192,121514,1,0,0:0:0:0:
256,192,121514,1,0,0:0:0:0:
402,192,121514,1,0,0:0:0:0:
36,192,121814,1,0,0:0:0:0:
182,192,121814,1,0,0:0:0:0:
329,192,121814,1,0,0:0:0:0:
475,192,122114,1,0,0:0:0:0:
402,192,122127,1,0,0:0:0:0:
329,192,122152,1,0,0:0:0:0:
256,192,122164,1,0,0:0:0:0:
182,192,122189,1,0,0:0:0:0:
109,192,122202,1,0,0:0:0:0:
36,192,122214,1,0,0:0:0:0:
475,192,122227,1,0,0:0:0:0:
402,192,122252,1,0,0:0:0:0:
329,192,122264,1,0,0:0:0:0:
256,192,122277,1,0,0:0:0:0:
182,192,122302,1,0,0:0:0:0:
109,192,122314,1,0,0:0:0:0:
36,192,122339,1,0,0:0:0:0:
109,192,122714,1,0,0:0:0:0:
182,192,122714,1,0,0:0:0:0:
256,192,122714,1,0,0:0:0:0:
329,192,122714,1,0,0:0:0:0:
402,192,122714,1,0,0:0:0:0:
475,192,122714,1,0,0:0:0:0:
182,192,122864,1,0,0:0:0:0:
256,192,122864,1,0,0:0:0:0:
329,192,122864,1,0,0:0:0:0:
402,192,122864,1,0,0:0:0:0:
475,192,122864,1,0,0:0:0:0:
256,192,123014,1,0,0:0:0:0:
329,192,123014,1,0,0:0:0:0:
402,192,123014,1,0,0:0:0:0:
475,192,123014,1,0,0:0:0:0:
329,192,123164,1,0,0:0:0:0:
402,192,123164,1,0,0:0:0:0:
475,192,123164,1,0,0:0:0:0:
182,0,123314,128,0,123723:0:0:0:0:
402,192,123314,1,0,0:0:0:0:
475,192,123314,1,0,0:0:0:0:
36,0,123314,128,0,123766:0:0:0:0:
109,0,123314,128,0,123766:0:0:0:0:
182,0,123766,128,0,124220:0:0:0:0:
256,0,123766,128,0,124220:0:0:0:0:
329,0,123766,128,0,124176:0:0:0:0:
329,0,124220,128,0,124835:0:0:0:0:
402,0,124220,128,0,124835:0:0:0:0:
475,0,124220,128,0,124835:0:0:0:0:
36,192,124835,1,0,0:0:0:0:
109,192,124835,1,0,0:0:0:0:
182,192,124835,1,0,0:0:0:0:
256,0,124835,128,0,125441:0:0:0:0:
36,192,125441,1,0,0:0:0:0:
109,0,125441,128,0,126047:0:0:0:0:
182,192,125441,1,0,0:0:0:0:
329,192,125441,1,0,0:0:0:0:
402,0,125441,128,0,126047:0:0:0:0:
475,192,125441,1,0,0:0:0:0:
182,0,126047,128,0,126350:0:0:0:0:
329,0,126047,128,0,126350:0:0:0:0:
475,0,126047,128,0,126350:0:0:0:0:
109,0,126350,128,0,126653:0:0:0:0:
256,0,126350,128,0,126653:0:0:0:0:
402,0,126350,128,0,126653:0:0:0:0:
36,0,126653,128,0,126956:0:0:0:0:
182,0,126653,128,0,126956:0:0:0:0:
329,0,126653,128,0,126956:0:0:0:0:
475,0,126653,128,0,126956:0:0:0:0:
109,0,126956,128,0,127260:0:0:0:0:
256,0,126956,128,0,127260:0:0:0:0:
402,0,126956,128,0,127260:0:0:0:0:
36,192,127260,1,0,0:0:0:0:
182,192,127260,1,0,0:0:0:0:
329,192,127260,1,0,0:0:0:0:
475,192,127260,1,0,0:0:0:0:
109,192,127563,1,0,0:0:0:0:
256,192,127563,1,0,0:0:0:0:
402,192,127563,1,0,0:0:0:0:
182,192,127866,1,0,0:0:0:0:
329,192,127866,1,0,0:0:0:0:
182,192,128169,1,0,0:0:0:0:
256,192,128169,1,0,0:0:0:0:
329,192,128169,1,0,0:0:0:0:
109,192,128320,1,0,0:0:0:0:
182,192,128320,1,0,0:0:0:0:
256,192,128320,1,0,0:0:0:0:
329,192,128320,1,0,0:0:0:0:
402,192,128320,1,0,0:0:0:0:
36,192,128472,1,0,0:0:0:0:
109,192,128472,1,0,0:0:0:0:
182,192,128472,1,0,0:0:0:0:
256,192,128472,1,0,0:0:0:0:
329,192,128472,1,0,0:0:0:0:
402,192,128472,1,0,0:0:0:0:
475,192,128472,1,0,0:0:0:0:
109,192,128623,1,0,0:0:0:0:
182,192,128623,1,0,0:0:0:0:
256,192,128623,1,0,0:0:0:0:
329,192,128623,1,0,0:0:0:0:
402,192,128623,1,0,0:0:0:0:
182,192,128775,1,0,0:0:0:0:
256,192,128775,1,0,0:0:0:0:
329,192,128775,1,0,0:0:0:0:
36,192,129076,1,0,0:0:0:0:
109,192,129076,1,0,0:0:0:0:
402,192,129076,1,0,0:0:0:0:
475,192,129076,1,0,0:0:0:0:
182,192,129376,1,0,0:0:0:0:
256,192,129376,1,0,0:0:0:0:
329,192,129376,1,0,0:0:0:0:
182,0,129678,128,0,130130:0:0:0:0:
329,0,129678,128,0,130130:0:0:0:0:
256,192,130130,1,0,0:0:0:0:
109,192,130430,1,0,0:0:0:0:
402,192,130430,1,0,0:0:0:0:
256,192,131030,1,0,0:0:0:0:
36,192,131330,1,0,0:0:0:0:
475,192,131330,1,0,0:0:0:0:
256,192,131630,1,0,0:0:0:0:
109,0,131930,128,0,132230:0:0:0:0:
182,0,131930,128,0,132230:0:0:0:0:
329,0,131930,128,0,132230:0:0:0:0:
36,192,132230,1,0,0:0:0:0:
256,192,132230,1,0,0:0:0:0:
402,192,132230,1,0,0:0:0:0:
475,192,132230,1,0,0:0:0:0:
182,192,132530,1,0,0:0:0:0:
256,192,132530,1,0,0:0:0:0:
329,192,132530,1,0,0:0:0:0:
109,192,132680,1,0,0:0:0:0:
182,192,132680,1,0,0:0:0:0:
256,192,132680,1,0,0:0:0:0:
329,192,132680,1,0,0:0:0:0:
402,192,132680,1,0,0:0:0:0:
36,192,132830,1,0,0:0:0:0:
109,192,132830,1,0,0:0:0:0:
182,192,132830,1,0,0:0:0:0:
256,192,132830,1,0,0:0:0:0:
329,192,132830,1,0,0:0:0:0:
402,192,132830,1,0,0:0:0:0:
475,192,132830,1,0,0:0:0:0:
109,192,132980,1,0,0:0:0:0:
182,192,132980,1,0,0:0:0:0:
256,192,132980,1,0,0:0:0:0:
329,192,132980,1,0,0:0:0:0:
402,192,132980,1,0,0:0:0:0:
182,192,133130,1,0,0:0:0:0:
256,192,133130,1,0,0:0:0:0:
329,192,133130,1,0,0:0:0:0:
36,0,133430,128,0,133730:0:0:0:0:
109,0,133730,128,0,134180:0:0:0:0:
402,0,134180,128,0,134480:0:0:0:0:
475,0,134480,128,0,134780:0:0:0:0:
36,0,134780,128,0,135981:0:0:0:0:
256,0,134780,128,0,136206:0:0:0:0:
475,0,134780,128,0,135981:0:0:0:0:
109,0,135343,128,0,136206:0:0:0:0:
402,0,135343,128,0,136206:0:0:0:0:
182,0,135906,128,0,136431:0:0:0:0:
329,0,135906,128,0,136431:0:0:0:0:
36,0,137758,128,0,141800:0:0:0:0:
182,192,137758,1,0,0:0:0:0:
256,192,137758,1,0,0:0:0:0:
329,192,137758,1,0,0:0:0:0:
475,0,137758,128,0,141716:0:0:0:0:
109,192,139133,1,0,0:0:0:0:
402,192,139133,1,0,0:0:0:0:
256,0,139383,128,0,139883:0:0:0:0:
182,0,139633,128,0,140133:0:0:0:0:
329,0,139633,128,0,140133:0:0:0:0:
109,0,139883,128,0,140383:0:0:0:0:
402,0,139883,128,0,140383:0:0:0:0:
