[Metadata]
Melt (Nagi ver.)
Supercell
Genesis
yanagi nagi vocaloid hatsune miku
73
0

[TimingPoints]
0,352.941176470588,4,2,0,0,1,0
2824,705.882352941176,4,2,0,0,1,0
12706,352.941176470588,4,2,0,0,1,0
12882,176.470588235294,4,2,0,0,1,0
13500,176.470588235294,4,2,0,0,1,0
13676,352.941176470588,4,2,0,0,1,0
60618,176.470588235294,4,2,0,0,1,0
60662,352.941176470588,4,2,0,0,1,0
60750,352.941176470588,4,2,0,0,1,0
60794,705.882352941176,4,2,0,0,1,0
60882,352.941176470588,4,2,0,0,1,0
60971,176.470588235294,4,2,0,0,1,0
61015,705.882352941176,4,2,0,0,1,0
61103,705.882352941176,4,2,0,0,1,0
61191,352.941176470588,4,2,0,0,1,0
61368,176.470588235294,4,2,0,0,1,0
61412,352.941176470588,4,2,0,0,1,0
61456,705.882352941176,4,2,0,0,1,0
61544,352.941176470588,4,2,0,0,1,0
61721,176.470588235294,4,2,0,0,1,0
61765,352.941176470588,4,2,0,0,1,0
61809,705.882352941176,4,2,0,0,1,0
61897,352.941176470588,4,2,0,0,1,0
90309,705.882352941176,4,2,0,0,1,0
95956,352.941176470588,4,2,0,0,1,0
121632,176.470588235294,4,2,0,0,1,0
121721,352.941176470588,4,2,0,0,1,0
122162,176.470588235294,4,2,0,0,1,0
122250,352.941176470588,4,2,0,0,1,0
122691,176.470588235294,4,2,0,0,1,0
122779,352.941176470588,4,2,0,0,1,0
123221,176.470588235294,4,2,0,0,1,0
123309,352.941176470588,4,2,0,0,1,0
123485,705.882352941176,4,2,0,0,1,0
134074,1411.76470588235,4,2,0,0,1,0
134779,705.882352941176,4,2,0,0,1,0
135309,176.470588235294,4,2,0,0,1,0
135397,352.941176470588,4,2,0,0,1,0
172544,375,4,2,0,0,1,0
172919,400,4,2,0,0,1,0
173319,428.571428571429,4,2,0,0,1,0
173748,461.538461538462,4,2,0,0,1,0
174209,500,4,2,0,0,1,0
174709,545.454545454546,4,2,0,0,1,0
175255,600,4,2,0,0,1,0
175555,1200,4,2,0,0,1,0
175855,5454.54545454546,4,2,0,0,1,0
176537,4285.71428571429,4,2,0,0,1,0
177072,352.941176470588,4,2,0,0,1,0
179719,600,4,2,0,0,1,0
179944,750,4,2,0,0,1,0
180132,352.941176470588,4,2,0,0,1,0


[HitObjects]
256,0,1589,128,0,2824:0:0:0:0:
109,192,2825,1,0,0:0:0:0:
475,192,2825,1,0,0:0:0:0:
36,0,3177,128,0,3529:0:0:0:0:
402,192,3354,1,0,0:0:0:0:
182,192,3530,1,0,0:0:0:0:
475,0,3707,128,0,4059:0:0:0:0:
182,192,3883,1,0,0:0:0:0:
36,192,4236,1,0,0:0:0:0:
256,192,4236,1,0,0:0:0:0:
182,192,4589,1,0,0:0:0:0:
182,192,4942,1,0,0:0:0:0:
256,0,5119,128,0,5648:0:0:0:0:
329,192,5295,1,0,0:0:0:0:
475,192,5648,1,0,0:0:0:0:
36,0,6001,128,0,6353:0:0:0:0:
402,192,6177,1,0,0:0:0:0:
182,192,6354,1,0,0:0:0:0:
475,0,6530,128,0,6882:0:0:0:0:
182,192,6707,1,0,0:0:0:0:
109,192,7060,1,0,0:0:0:0:
329,192,7060,1,0,0:0:0:0:
475,192,7413,1,0,0:0:0:0:
402,192,7766,1,0,0:0:0:0:
182,0,7942,128,0,8471:0:0:0:0:
256,0,8119,128,0,8471:0:0:0:0:
475,192,8472,1,0,0:0:0:0:
109,0,8825,128,0,9177:0:0:0:0:
402,192,9001,1,0,0:0:0:0:
182,192,9177,1,0,0:0:0:0:
402,0,9354,128,0,9706:0:0:0:0:
182,192,9530,1,0,0:0:0:0:
256,192,9883,1,0,0:0:0:0:
475,192,9883,1,0,0:0:0:0:
182,192,10236,1,0,0:0:0:0:
182,192,10589,1,0,0:0:0:0:
329,0,10766,128,0,11295:0:0:0:0:
109,192,10942,1,0,0:0:0:0:
475,192,10942,1,0,0:0:0:0:
256,192,11119,1,0,0:0:0:0:
402,192,11295,1,0,0:0:0:0:
36,0,11648,128,0,12000:0:0:0:0:
256,0,12177,128,0,12529:0:0:0:0:
109,192,12530,1,0,0:0:0:0:
109,0,12707,128,0,13677:0:0:0:0:
402,0,12707,128,0,13677:0:0:0:0:
36,192,14030,1,0,0:0:0:0:
109,192,14030,1,0,0:0:0:0:
402,0,14030,128,0,14118:0:0:0:0:
475,192,14030,1,0,0:0:0:0:
256,0,14119,128,0,14207:0:0:0:0:
109,0,14207,128,0,14295:0:0:0:0:
182,0,14295,128,0,14383:0:0:0:0:
36,192,14383,1,0,0:0:0:0:
256,192,14383,1,0,0:0:0:0:
329,0,14383,128,0,14471:0:0:0:0:
402,192,14383,1,0,0:0:0:0:
475,192,14383,1,0,0:0:0:0:
402,0,14472,128,0,14560:0:0:0:0:
109,0,14560,128,0,14736:0:0:0:0:
475,0,14560,128,0,14648:0:0:0:0:
256,0,14648,128,0,14736:0:0:0:0:
182,0,14736,128,0,14824:0:0:0:0:
329,192,14736,1,0,0:0:0:0:
402,192,14736,1,0,0:0:0:0:
475,192,14736,1,0,0:0:0:0:
109,0,14825,128,0,14913:0:0:0:0:
36,0,14913,128,0,15001:0:0:0:0:
329,192,14913,1,0,0:0:0:0:
402,192,14913,1,0,0:0:0:0:
475,192,14913,1,0,0:0:0:0:
329,0,15001,128,0,15089:0:0:0:0:
36,192,15089,1,0,0:0:0:0:
109,192,15089,1,0,0:0:0:0:
256,0,15089,128,0,15177:0:0:0:0:
402,192,15089,1,0,0:0:0:0:
475,192,15089,1,0,0:0:0:0:
182,0,15177,128,0,15265:0:0:0:0:
109,0,15266,128,0,15354:0:0:0:0:
182,0,15354,128,0,15442:0:0:0:0:
36,192,15442,1,0,0:0:0:0:
256,192,15442,1,0,0:0:0:0:
402,0,15442,128,0,15530:0:0:0:0:
475,192,15442,1,0,0:0:0:0:
329,0,15530,128,0,15618:0:0:0:0:
256,0,15619,128,0,15707:0:0:0:0:
182,0,15707,128,0,15795:0:0:0:0:
36,192,15795,1,0,0:0:0:0:
109,0,15795,128,0,15883:0:0:0:0:
329,192,15795,1,0,0:0:0:0:
402,192,15795,1,0,0:0:0:0:
475,192,15795,1,0,0:0:0:0:
256,0,15883,128,0,15971:0:0:0:0:
182,0,15972,128,0,16060:0:0:0:0:
36,0,16060,128,0,16148:0:0:0:0:
109,192,16148,1,0,0:0:0:0:
182,192,16148,1,0,0:0:0:0:
256,192,16148,1,0,0:0:0:0:
402,0,16148,128,0,16236:0:0:0:0:
475,192,16148,1,0,0:0:0:0:
329,0,16236,128,0,16324:0:0:0:0:
475,0,16325,128,0,16413:0:0:0:0:
256,0,16413,128,0,16501:0:0:0:0:
36,192,16501,1,0,0:0:0:0:
109,0,16501,128,0,16589:0:0:0:0:
182,192,16501,1,0,0:0:0:0:
402,192,16501,1,0,0:0:0:0:
475,192,16501,1,0,0:0:0:0:
329,0,16589,128,0,16677:0:0:0:0:
182,0,16677,128,0,16765:0:0:0:0:
109,0,16766,128,0,16854:0:0:0:0:
36,192,16854,1,0,0:0:0:0:
182,0,16854,128,0,16942:0:0:0:0:
329,192,16854,1,0,0:0:0:0:
402,192,16854,1,0,0:0:0:0:
256,0,16942,128,0,17030:0:0:0:0:
182,192,17030,1,0,0:0:0:0:
329,192,17030,1,0,0:0:0:0:
402,0,17030,128,0,17118:0:0:0:0:
475,192,17030,1,0,0:0:0:0:
475,0,17119,128,0,17207:0:0:0:0:
36,192,17207,1,0,0:0:0:0:
109,0,17207,128,0,17295:0:0:0:0:
182,192,17207,1,0,0:0:0:0:
256,192,17207,1,0,0:0:0:0:
329,192,17207,1,0,0:0:0:0:
182,0,17295,128,0,17383:0:0:0:0:
256,0,17383,128,0,17471:0:0:0:0:
402,0,17383,128,0,17559:0:0:0:0:
329,0,17472,128,0,17560:0:0:0:0:
109,192,17560,1,0,0:0:0:0:
182,192,17560,1,0,0:0:0:0:
256,192,17560,1,0,0:0:0:0:
475,0,17560,128,0,17648:0:0:0:0:
402,0,17648,128,0,17736:0:0:0:0:
109,192,17736,1,0,0:0:0:0:
182,192,17736,1,0,0:0:0:0:
256,192,17736,1,0,0:0:0:0:
329,0,17736,128,0,17824:0:0:0:0:
109,0,17825,128,0,17913:0:0:0:0:
36,0,17913,128,0,18001:0:0:0:0:
182,192,17913,1,0,0:0:0:0:
256,192,17913,1,0,0:0:0:0:
329,192,17913,1,0,0:0:0:0:
402,192,17913,1,0,0:0:0:0:
109,0,18001,128,0,18089:0:0:0:0:
402,0,18089,128,0,18177:0:0:0:0:
475,0,18177,128,0,18265:0:0:0:0:
36,192,18266,1,0,0:0:0:0:
182,0,18266,128,0,18354:0:0:0:0:
256,192,18266,1,0,0:0:0:0:
329,192,18266,1,0,0:0:0:0:
109,0,18354,128,0,18442:0:0:0:0:
36,0,18442,128,0,18530:0:0:0:0:
256,192,18442,1,0,0:0:0:0:
329,192,18442,1,0,0:0:0:0:
109,0,18530,128,0,18618:0:0:0:0:
36,192,18619,1,0,0:0:0:0:
182,0,18619,128,0,18707:0:0:0:0:
329,192,18619,1,0,0:0:0:0:
402,192,18619,1,0,0:0:0:0:
475,192,18619,1,0,0:0:0:0:
256,0,18707,128,0,18795:0:0:0:0:
329,0,18795,128,0,18883:0:0:0:0:
402,192,18795,1,0,0:0:0:0:
475,192,18795,1,0,0:0:0:0:
402,0,18883,128,0,18971:0:0:0:0:
36,192,18972,1,0,0:0:0:0:
182,0,18972,128,0,19060:0:0:0:0:
256,192,18972,1,0,0:0:0:0:
329,192,18972,1,0,0:0:0:0:
475,192,18972,1,0,0:0:0:0:
109,0,19060,128,0,19148:0:0:0:0:
256,0,19148,128,0,19236:0:0:0:0:
329,192,19148,1,0,0:0:0:0:
36,0,19236,128,0,19324:0:0:0:0:
182,192,19325,1,0,0:0:0:0:
256,192,19325,1,0,0:0:0:0:
329,192,19325,1,0,0:0:0:0:
402,0,19325,128,0,19413:0:0:0:0:
475,192,19325,1,0,0:0:0:0:
109,0,19413,128,0,19501:0:0:0:0:
475,0,19501,128,0,19589:0:0:0:0:
402,0,19589,128,0,19677:0:0:0:0:
36,0,19677,128,0,19765:0:0:0:0:
256,192,19677,1,0,0:0:0:0:
329,192,19677,1,0,0:0:0:0:
109,0,19677,128,0,21088:0:0:0:0:
182,0,19766,128,0,19854:0:0:0:0:
256,0,19854,128,0,19942:0:0:0:0:
402,0,19942,128,0,20030:0:0:0:0:
36,192,20030,1,0,0:0:0:0:
182,192,20030,1,0,0:0:0:0:
256,192,20030,1,0,0:0:0:0:
329,0,20030,128,0,20118:0:0:0:0:
256,0,20119,128,0,20207:0:0:0:0:
182,0,20207,128,0,20295:0:0:0:0:
402,192,20207,1,0,0:0:0:0:
475,192,20207,1,0,0:0:0:0:
36,0,20295,128,0,20383:0:0:0:0:
182,192,20383,1,0,0:0:0:0:
256,192,20383,1,0,0:0:0:0:
329,0,20383,128,0,20471:0:0:0:0:
402,192,20383,1,0,0:0:0:0:
475,0,20472,128,0,20560:0:0:0:0:
256,0,20560,128,0,20648:0:0:0:0:
402,0,20648,128,0,20736:0:0:0:0:
182,0,20736,128,0,20824:0:0:0:0:
329,0,20825,128,0,20913:0:0:0:0:
36,0,20913,128,0,21001:0:0:0:0:
256,192,20913,1,0,0:0:0:0:
402,192,20913,1,0,0:0:0:0:
182,0,21001,128,0,21089:0:0:0:0:
36,192,21089,1,0,0:0:0:0:
256,192,21089,1,0,0:0:0:0:
329,0,21089,128,0,21794:0:0:0:0:
475,0,21089,128,0,21177:0:0:0:0:
402,0,21177,128,0,21265:0:0:0:0:
36,192,21266,1,0,0:0:0:0:
109,192,21266,1,0,0:0:0:0:
182,0,21266,128,0,21354:0:0:0:0:
256,192,21266,1,0,0:0:0:0:
256,0,21354,128,0,21442:0:0:0:0:
109,192,21442,1,0,0:0:0:0:
182,192,21442,1,0,0:0:0:0:
402,0,21442,128,0,21530:0:0:0:0:
475,0,21530,128,0,21618:0:0:0:0:
36,0,21619,128,0,21707:0:0:0:0:
109,192,21619,1,0,0:0:0:0:
182,192,21619,1,0,0:0:0:0:
256,192,21619,1,0,0:0:0:0:
109,0,21707,128,0,21795:0:0:0:0:
36,192,21795,1,0,0:0:0:0:
256,0,21795,128,0,21883:0:0:0:0:
402,192,21795,1,0,0:0:0:0:
475,192,21795,1,0,0:0:0:0:
182,0,21795,128,0,22500:0:0:0:0:
329,0,21883,128,0,21971:0:0:0:0:
402,0,21972,128,0,22060:0:0:0:0:
475,0,22060,128,0,22148:0:0:0:0:
36,0,22148,128,0,22324:0:0:0:0:
329,0,22148,128,0,22236:0:0:0:0:
402,0,22236,128,0,22324:0:0:0:0:
256,0,22325,128,0,22413:0:0:0:0:
475,0,22325,128,0,22501:0:0:0:0:
109,0,22413,128,0,22501:0:0:0:0:
36,192,22501,1,0,0:0:0:0:
256,192,22501,1,0,0:0:0:0:
402,0,22677,128,0,22853:0:0:0:0:
475,0,22677,128,0,22853:0:0:0:0:
36,192,22854,1,0,0:0:0:0:
182,192,22854,1,0,0:0:0:0:
256,192,22854,1,0,0:0:0:0:
36,192,23030,1,0,0:0:0:0:
256,192,23030,1,0,0:0:0:0:
182,192,23207,1,0,0:0:0:0:
329,192,23207,1,0,0:0:0:0:
475,192,23207,1,0,0:0:0:0:
36,0,23383,128,0,23559:0:0:0:0:
109,0,23383,128,0,23559:0:0:0:0:
182,192,23560,1,0,0:0:0:0:
256,192,23560,1,0,0:0:0:0:
475,192,23560,1,0,0:0:0:0:
256,192,23736,1,0,0:0:0:0:
475,192,23736,1,0,0:0:0:0:
36,0,23913,128,0,24971:0:0:0:0:
109,0,23913,128,0,24971:0:0:0:0:
182,192,23913,1,0,0:0:0:0:
256,192,23957,1,0,0:0:0:0:
329,192,24001,1,0,0:0:0:0:
402,192,24045,1,0,0:0:0:0:
475,192,24089,1,0,0:0:0:0:
182,192,24133,1,0,0:0:0:0:
256,192,24177,1,0,0:0:0:0:
329,192,24222,1,0,0:0:0:0:
402,192,24266,1,0,0:0:0:0:
475,192,24310,1,0,0:0:0:0:
182,192,24354,1,0,0:0:0:0:
256,192,24398,1,0,0:0:0:0:
329,192,24442,1,0,0:0:0:0:
402,192,24486,1,0,0:0:0:0:
475,192,24530,1,0,0:0:0:0:
182,192,24575,1,0,0:0:0:0:
256,192,24619,1,0,0:0:0:0:
329,192,24663,1,0,0:0:0:0:
402,192,24707,1,0,0:0:0:0:
475,192,24751,1,0,0:0:0:0:
182,192,24795,1,0,0:0:0:0:
402,192,24839,1,0,0:0:0:0:
329,192,24883,1,0,0:0:0:0:
256,192,24927,1,0,0:0:0:0:
182,192,24972,1,0,0:0:0:0:
109,192,25016,1,0,0:0:0:0:
36,192,25060,1,0,0:0:0:0:
475,192,25104,1,0,0:0:0:0:
402,192,25148,1,0,0:0:0:0:
329,192,25192,1,0,0:0:0:0:
256,192,25236,1,0,0:0:0:0:
182,192,25280,1,0,0:0:0:0:
36,192,25325,1,0,0:0:0:0:
109,192,25325,1,0,0:0:0:0:
329,192,25325,1,0,0:0:0:0:
402,192,25325,1,0,0:0:0:0:
329,192,25501,1,0,0:0:0:0:
475,192,25501,1,0,0:0:0:0:
36,192,25677,1,0,0:0:0:0:
256,192,25677,1,0,0:0:0:0:
329,192,25677,1,0,0:0:0:0:
475,192,25854,1,0,0:0:0:0:
36,192,26030,1,0,0:0:0:0:
109,0,26030,128,0,26382:0:0:0:0:
182,0,26030,128,0,26382:0:0:0:0:
402,192,26030,1,0,0:0:0:0:
475,192,26207,1,0,0:0:0:0:
36,192,26383,1,0,0:0:0:0:
256,192,26383,1,0,0:0:0:0:
475,192,26560,1,0,0:0:0:0:
109,192,26736,1,0,0:0:0:0:
402,192,26736,1,0,0:0:0:0:
475,192,26913,1,0,0:0:0:0:
109,192,27089,1,0,0:0:0:0:
402,192,27089,1,0,0:0:0:0:
182,192,27266,1,0,0:0:0:0:
475,192,27266,1,0,0:0:0:0:
475,192,27354,1,0,0:0:0:0:
36,192,27442,1,0,0:0:0:0:
256,192,27442,1,0,0:0:0:0:
329,0,27442,128,0,27794:0:0:0:0:
402,0,27442,128,0,27794:0:0:0:0:
475,192,27619,1,0,0:0:0:0:
36,192,27795,1,0,0:0:0:0:
256,192,27795,1,0,0:0:0:0:
475,192,27972,1,0,0:0:0:0:
109,192,28148,1,0,0:0:0:0:
256,192,28148,1,0,0:0:0:0:
402,192,28148,1,0,0:0:0:0:
182,0,28148,128,0,29559:0:0:0:0:
329,0,28148,128,0,29559:0:0:0:0:
475,192,28325,1,0,0:0:0:0:
109,192,28501,1,0,0:0:0:0:
402,192,28501,1,0,0:0:0:0:
475,192,28677,1,0,0:0:0:0:
36,192,28854,1,0,0:0:0:0:
109,192,28854,1,0,0:0:0:0:
256,0,28854,128,0,29030:0:0:0:0:
402,192,29030,1,0,0:0:0:0:
475,192,29030,1,0,0:0:0:0:
36,192,29207,1,0,0:0:0:0:
109,192,29207,1,0,0:0:0:0:
256,192,29295,1,0,0:0:0:0:
475,192,29383,1,0,0:0:0:0:
36,192,29560,1,0,0:0:0:0:
256,192,29560,1,0,0:0:0:0:
402,0,29560,128,0,29912:0:0:0:0:
475,0,29560,128,0,29912:0:0:0:0:
109,192,29736,1,0,0:0:0:0:
36,192,29913,1,0,0:0:0:0:
256,192,29913,1,0,0:0:0:0:
329,192,29913,1,0,0:0:0:0:
109,192,30089,1,0,0:0:0:0:
36,0,30266,128,0,30618:0:0:0:0:
109,0,30266,128,0,30618:0:0:0:0:
256,192,30266,1,0,0:0:0:0:
475,192,30266,1,0,0:0:0:0:
402,192,30442,1,0,0:0:0:0:
182,192,30619,1,0,0:0:0:0:
256,192,30619,1,0,0:0:0:0:
475,192,30619,1,0,0:0:0:0:
402,192,30795,1,0,0:0:0:0:
36,192,30972,1,0,0:0:0:0:
109,0,30972,128,0,31148:0:0:0:0:
182,0,30972,128,0,31148:0:0:0:0:
329,192,30972,1,0,0:0:0:0:
256,192,31148,1,0,0:0:0:0:
402,192,31148,1,0,0:0:0:0:
475,192,31148,1,0,0:0:0:0:
36,192,31325,1,0,0:0:0:0:
182,192,31325,1,0,0:0:0:0:
329,192,31325,1,0,0:0:0:0:
402,192,31325,1,0,0:0:0:0:
109,192,31501,1,0,0:0:0:0:
256,192,31501,1,0,0:0:0:0:
329,192,31501,1,0,0:0:0:0:
36,192,31589,1,0,0:0:0:0:
402,192,31589,1,0,0:0:0:0:
182,192,31677,1,0,0:0:0:0:
475,192,31677,1,0,0:0:0:0:
36,192,31854,1,0,0:0:0:0:
109,192,31854,1,0,0:0:0:0:
256,192,31854,1,0,0:0:0:0:
109,192,32030,1,0,0:0:0:0:
182,192,32030,1,0,0:0:0:0:
329,192,32030,1,0,0:0:0:0:
475,192,32030,1,0,0:0:0:0:
182,192,32207,1,0,0:0:0:0:
402,192,32207,1,0,0:0:0:0:
256,192,32295,1,0,0:0:0:0:
475,192,32295,1,0,0:0:0:0:
36,192,32383,1,0,0:0:0:0:
109,192,32383,1,0,0:0:0:0:
329,192,32383,1,0,0:0:0:0:
256,192,32560,1,0,0:0:0:0:
402,192,32560,1,0,0:0:0:0:
475,192,32560,1,0,0:0:0:0:
36,192,32736,1,0,0:0:0:0:
182,192,32736,1,0,0:0:0:0:
329,192,32736,1,0,0:0:0:0:
402,192,32736,1,0,0:0:0:0:
109,192,32913,1,0,0:0:0:0:
329,192,32913,1,0,0:0:0:0:
36,192,33001,1,0,0:0:0:0:
256,192,33001,1,0,0:0:0:0:
182,192,33089,1,0,0:0:0:0:
402,192,33089,1,0,0:0:0:0:
475,192,33089,1,0,0:0:0:0:
36,192,33266,1,0,0:0:0:0:
109,192,33266,1,0,0:0:0:0:
256,192,33266,1,0,0:0:0:0:
109,192,33442,1,0,0:0:0:0:
182,192,33442,1,0,0:0:0:0:
329,192,33442,1,0,0:0:0:0:
475,192,33442,1,0,0:0:0:0:
182,192,33619,1,0,0:0:0:0:
402,192,33619,1,0,0:0:0:0:
256,192,33707,1,0,0:0:0:0:
475,192,33707,1,0,0:0:0:0:
36,192,33795,1,0,0:0:0:0:
182,192,33795,1,0,0:0:0:0:
109,0,33795,128,0,35206:0:0:0:0:
329,0,33795,128,0,35206:0:0:0:0:
256,192,33972,1,0,0:0:0:0:
402,0,33972,128,0,34148:0:0:0:0:
475,0,33972,128,0,34148:0:0:0:0:
36,192,34148,1,0,0:0:0:0:
182,192,34148,1,0,0:0:0:0:
36,192,34325,1,0,0:0:0:0:
182,192,34325,1,0,0:0:0:0:
402,0,34501,128,0,34677:0:0:0:0:
475,0,34501,128,0,34677:0:0:0:0:
36,192,34677,1,0,0:0:0:0:
182,192,34677,1,0,0:0:0:0:
36,192,34854,1,0,0:0:0:0:
182,192,34854,1,0,0:0:0:0:
256,192,35030,1,0,0:0:0:0:
402,0,35030,128,0,35206:0:0:0:0:
475,0,35030,128,0,35206:0:0:0:0:
36,192,35207,1,0,0:0:0:0:
182,0,35207,128,0,35383:0:0:0:0:
36,0,35383,128,0,35471:0:0:0:0:
475,192,35383,1,0,0:0:0:0:
109,0,35560,128,0,35648:0:0:0:0:
182,192,35560,1,0,0:0:0:0:
329,192,35560,1,0,0:0:0:0:
182,0,35736,128,0,35824:0:0:0:0:
402,192,35736,1,0,0:0:0:0:
36,192,35913,1,0,0:0:0:0:
109,192,35913,1,0,0:0:0:0:
256,0,35913,128,0,36001:0:0:0:0:
329,192,35913,1,0,0:0:0:0:
475,192,35913,1,0,0:0:0:0:
182,192,36089,1,0,0:0:0:0:
329,0,36089,128,0,36177:0:0:0:0:
36,192,36266,1,0,0:0:0:0:
109,192,36266,1,0,0:0:0:0:
256,192,36266,1,0,0:0:0:0:
402,0,36266,128,0,36354:0:0:0:0:
182,192,36442,1,0,0:0:0:0:
475,0,36442,128,0,36530:0:0:0:0:
36,192,36619,1,0,0:0:0:0:
109,192,36619,1,0,0:0:0:0:
329,192,36619,1,0,0:0:0:0:
402,192,36619,1,0,0:0:0:0:
329,192,36795,1,0,0:0:0:0:
475,0,36795,128,0,36837:0:0:0:0:
36,192,36972,1,0,0:0:0:0:
256,192,36972,1,0,0:0:0:0:
329,192,36972,1,0,0:0:0:0:
182,0,37148,128,0,37190:0:0:0:0:
475,192,37148,1,0,0:0:0:0:
36,192,37325,1,0,0:0:0:0:
109,0,37325,128,0,37677:0:0:0:0:
182,0,37325,128,0,37677:0:0:0:0:
402,192,37325,1,0,0:0:0:0:
329,0,37501,128,0,37543:0:0:0:0:
475,192,37501,1,0,0:0:0:0:
36,192,37677,1,0,0:0:0:0:
256,192,37677,1,0,0:0:0:0:
109,0,37854,128,0,37896:0:0:0:0:
475,192,37854,1,0,0:0:0:0:
109,192,38030,1,0,0:0:0:0:
402,192,38030,1,0,0:0:0:0:
329,0,38207,128,0,38249:0:0:0:0:
475,192,38207,1,0,0:0:0:0:
109,192,38383,1,0,0:0:0:0:
402,192,38383,1,0,0:0:0:0:
182,0,38560,128,0,38602:0:0:0:0:
475,192,38560,1,0,0:0:0:0:
475,192,38648,1,0,0:0:0:0:
36,192,38736,1,0,0:0:0:0:
256,192,38736,1,0,0:0:0:0:
329,0,38736,128,0,39088:0:0:0:0:
402,0,38736,128,0,39088:0:0:0:0:
109,0,38913,128,0,38955:0:0:0:0:
475,192,38913,1,0,0:0:0:0:
36,192,39089,1,0,0:0:0:0:
256,192,39089,1,0,0:0:0:0:
182,0,39266,128,0,39308:0:0:0:0:
475,192,39266,1,0,0:0:0:0:
109,192,39442,1,0,0:0:0:0:
256,192,39442,1,0,0:0:0:0:
402,192,39442,1,0,0:0:0:0:
182,0,39442,128,0,40853:0:0:0:0:
329,0,39442,128,0,40853:0:0:0:0:
475,0,39619,128,0,39661:0:0:0:0:
109,192,39795,1,0,0:0:0:0:
402,192,39795,1,0,0:0:0:0:
256,0,39972,128,0,40014:0:0:0:0:
475,192,39972,1,0,0:0:0:0:
36,192,40148,1,0,0:0:0:0:
109,192,40148,1,0,0:0:0:0:
256,0,40148,128,0,40324:0:0:0:0:
402,0,40325,128,0,40367:0:0:0:0:
475,192,40325,1,0,0:0:0:0:
36,192,40501,1,0,0:0:0:0:
109,192,40501,1,0,0:0:0:0:
256,192,40589,1,0,0:0:0:0:
109,0,40677,128,0,40722:0:0:0:0:
475,192,40677,1,0,0:0:0:0:
36,192,40854,1,0,0:0:0:0:
256,192,40854,1,0,0:0:0:0:
402,0,40854,128,0,41206:0:0:0:0:
475,0,40854,128,0,41206:0:0:0:0:
109,0,41030,128,0,41075:0:0:0:0:
36,192,41207,1,0,0:0:0:0:
256,192,41207,1,0,0:0:0:0:
329,192,41207,1,0,0:0:0:0:
109,0,41383,128,0,41425:0:0:0:0:
36,0,41560,128,0,41912:0:0:0:0:
109,0,41560,128,0,41912:0:0:0:0:
256,192,41560,1,0,0:0:0:0:
475,192,41560,1,0,0:0:0:0:
402,0,41736,128,0,41778:0:0:0:0:
182,192,41913,1,0,0:0:0:0:
256,192,41913,1,0,0:0:0:0:
475,192,41913,1,0,0:0:0:0:
402,0,42089,128,0,42131:0:0:0:0:
36,192,42266,1,0,0:0:0:0:
109,192,42266,1,0,0:0:0:0:
329,0,42266,128,0,42883:0:0:0:0:
402,0,42266,128,0,42883:0:0:0:0:
182,0,42442,128,0,42484:0:0:0:0:
36,192,42619,1,0,0:0:0:0:
109,192,42619,1,0,0:0:0:0:
475,0,42751,128,0,42793:0:0:0:0:
182,192,42795,1,0,0:0:0:0:
182,192,42883,1,0,0:0:0:0:
36,0,42972,128,0,43589:0:0:0:0:
109,0,42972,128,0,43589:0:0:0:0:
402,192,42972,1,0,0:0:0:0:
475,192,42972,1,0,0:0:0:0:
256,0,43148,128,0,43190:0:0:0:0:
402,192,43325,1,0,0:0:0:0:
475,192,43325,1,0,0:0:0:0:
182,0,43501,128,0,43543:0:0:0:0:
329,192,43501,1,0,0:0:0:0:
256,192,43589,1,0,0:0:0:0:
109,192,43677,1,0,0:0:0:0:
182,192,43677,1,0,0:0:0:0:
402,0,43677,128,0,44294:0:0:0:0:
475,0,43677,128,0,44294:0:0:0:0:
256,0,43854,128,0,43896:0:0:0:0:
109,192,44030,1,0,0:0:0:0:
182,192,44030,1,0,0:0:0:0:
36,0,44207,128,0,44249:0:0:0:0:
256,192,44207,1,0,0:0:0:0:
256,192,44295,1,0,0:0:0:0:
109,0,44383,128,0,45000:0:0:0:0:
182,0,44383,128,0,45000:0:0:0:0:
329,192,44383,1,0,0:0:0:0:
402,192,44383,1,0,0:0:0:0:
256,0,44560,128,0,44602:0:0:0:0:
329,192,44736,1,0,0:0:0:0:
402,192,44736,1,0,0:0:0:0:
36,192,44913,1,0,0:0:0:0:
475,0,44913,128,0,44955:0:0:0:0:
36,192,45001,1,0,0:0:0:0:
109,192,45089,1,0,0:0:0:0:
182,192,45089,1,0,0:0:0:0:
256,0,45089,128,0,46500:0:0:0:0:
402,0,45089,128,0,46500:0:0:0:0:
109,0,45266,128,0,45308:0:0:0:0:
329,192,45266,1,0,0:0:0:0:
475,192,45266,1,0,0:0:0:0:
36,192,45442,1,0,0:0:0:0:
36,192,45619,1,0,0:0:0:0:
182,0,45619,128,0,45661:0:0:0:0:
329,192,45795,1,0,0:0:0:0:
475,192,45795,1,0,0:0:0:0:
36,192,45972,1,0,0:0:0:0:
109,0,45972,128,0,46014:0:0:0:0:
36,192,46148,1,0,0:0:0:0:
182,0,46325,128,0,46367:0:0:0:0:
329,192,46325,1,0,0:0:0:0:
475,192,46325,1,0,0:0:0:0:
36,192,46501,1,0,0:0:0:0:
109,192,46501,1,0,0:0:0:0:
329,192,46501,1,0,0:0:0:0:
475,192,46501,1,0,0:0:0:0:
36,192,46677,1,0,0:0:0:0:
109,192,46677,1,0,0:0:0:0:
182,192,46766,1,0,0:0:0:0:
329,192,46766,1,0,0:0:0:0:
36,192,46854,1,0,0:0:0:0:
109,192,46854,1,0,0:0:0:0:
256,192,46854,1,0,0:0:0:0:
402,192,46854,1,0,0:0:0:0:
475,192,46854,1,0,0:0:0:0:
36,192,47030,1,0,0:0:0:0:
109,192,47030,1,0,0:0:0:0:
36,0,47207,128,0,47383:0:0:0:0:
109,0,47207,128,0,47383:0:0:0:0:
182,192,47207,1,0,0:0:0:0:
329,192,47207,1,0,0:0:0:0:
402,192,47207,1,0,0:0:0:0:
475,192,47207,1,0,0:0:0:0:
256,192,47295,1,0,0:0:0:0:
182,192,47383,1,0,0:0:0:0:
329,192,47383,1,0,0:0:0:0:
402,192,47383,1,0,0:0:0:0:
36,192,47560,1,0,0:0:0:0:
109,192,47560,1,0,0:0:0:0:
256,192,47560,1,0,0:0:0:0:
329,192,47560,1,0,0:0:0:0:
402,192,47560,1,0,0:0:0:0:
329,192,47736,1,0,0:0:0:0:
402,192,47736,1,0,0:0:0:0:
36,0,47913,128,0,48618:0:0:0:0:
109,192,47913,1,0,0:0:0:0:
182,192,47913,1,0,0:0:0:0:
256,192,47913,1,0,0:0:0:0:
475,192,47913,1,0,0:0:0:0:
182,192,48089,1,0,0:0:0:0:
402,0,48089,128,0,48618:0:0:0:0:
109,192,48266,1,0,0:0:0:0:
182,0,48266,128,0,48618:0:0:0:0:
256,192,48266,1,0,0:0:0:0:
329,192,48266,1,0,0:0:0:0:
475,192,48266,1,0,0:0:0:0:
329,192,48442,1,0,0:0:0:0:
475,0,48442,128,0,48618:0:0:0:0:
109,192,48619,1,0,0:0:0:0:
256,192,48619,1,0,0:0:0:0:
329,0,48619,128,0,49324:0:0:0:0:
256,192,48795,1,0,0:0:0:0:
182,0,48795,128,0,49324:0:0:0:0:
36,192,48972,1,0,0:0:0:0:
109,192,48972,1,0,0:0:0:0:
402,192,48972,1,0,0:0:0:0:
475,192,48972,1,0,0:0:0:0:
256,0,48972,128,0,49324:0:0:0:0:
475,192,49148,1,0,0:0:0:0:
109,0,49148,128,0,49324:0:0:0:0:
36,192,49325,1,0,0:0:0:0:
402,192,49325,1,0,0:0:0:0:
475,0,49325,128,0,50030:0:0:0:0:
36,192,49501,1,0,0:0:0:0:
329,0,49501,128,0,50030:0:0:0:0:
36,0,49677,128,0,50029:0:0:0:0:
109,192,49677,1,0,0:0:0:0:
182,192,49677,1,0,0:0:0:0:
256,192,49677,1,0,0:0:0:0:
402,192,49677,1,0,0:0:0:0:
182,192,49854,1,0,0:0:0:0:
256,0,49854,128,0,50030:0:0:0:0:
109,192,50030,1,0,0:0:0:0:
402,192,50030,1,0,0:0:0:0:
182,0,50030,128,0,50735:0:0:0:0:
402,192,50207,1,0,0:0:0:0:
256,0,50207,128,0,50736:0:0:0:0:
36,192,50383,1,0,0:0:0:0:
109,192,50383,1,0,0:0:0:0:
329,192,50383,1,0,0:0:0:0:
475,192,50383,1,0,0:0:0:0:
402,0,50383,128,0,50735:0:0:0:0:
109,192,50560,1,0,0:0:0:0:
475,0,50560,128,0,50736:0:0:0:0:
36,192,50736,1,0,0:0:0:0:
109,0,50736,128,0,51441:0:0:0:0:
329,192,50736,1,0,0:0:0:0:
182,0,50913,128,0,51442:0:0:0:0:
329,192,50913,1,0,0:0:0:0:
36,192,51089,1,0,0:0:0:0:
256,192,51089,1,0,0:0:0:0:
329,0,51089,128,0,51441:0:0:0:0:
402,192,51089,1,0,0:0:0:0:
475,192,51089,1,0,0:0:0:0:
256,192,51266,1,0,0:0:0:0:
402,0,51266,128,0,51442:0:0:0:0:
36,192,51442,1,0,0:0:0:0:
475,192,51442,1,0,0:0:0:0:
256,0,51442,128,0,52147:0:0:0:0:
475,192,51619,1,0,0:0:0:0:
36,0,51619,128,0,52148:0:0:0:0:
109,192,51795,1,0,0:0:0:0:
182,192,51795,1,0,0:0:0:0:
329,192,51795,1,0,0:0:0:0:
402,192,51795,1,0,0:0:0:0:
475,0,51795,128,0,52236:0:0:0:0:
402,192,51972,1,0,0:0:0:0:
329,0,51972,128,0,52148:0:0:0:0:
109,192,52148,1,0,0:0:0:0:
182,192,52148,1,0,0:0:0:0:
402,0,52148,128,0,52853:0:0:0:0:
109,192,52325,1,0,0:0:0:0:
329,0,52325,128,0,52854:0:0:0:0:
36,192,52501,1,0,0:0:0:0:
109,0,52501,128,0,52853:0:0:0:0:
182,192,52501,1,0,0:0:0:0:
256,192,52501,1,0,0:0:0:0:
475,192,52501,1,0,0:0:0:0:
36,192,52677,1,0,0:0:0:0:
256,0,52677,128,0,52853:0:0:0:0:
182,192,52854,1,0,0:0:0:0:
475,192,52854,1,0,0:0:0:0:
36,0,52854,128,0,53559:0:0:0:0:
182,192,53030,1,0,0:0:0:0:
329,0,53030,128,0,53559:0:0:0:0:
109,192,53207,1,0,0:0:0:0:
256,192,53207,1,0,0:0:0:0:
402,192,53207,1,0,0:0:0:0:
475,192,53207,1,0,0:0:0:0:
182,0,53207,128,0,53559:0:0:0:0:
475,192,53383,1,0,0:0:0:0:
402,0,53383,128,0,53559:0:0:0:0:
109,192,53560,1,0,0:0:0:0:
256,0,53560,128,0,53736:0:0:0:0:
475,192,53560,1,0,0:0:0:0:
36,0,53736,128,0,53912:0:0:0:0:
109,192,53736,1,0,0:0:0:0:
182,192,53913,1,0,0:0:0:0:
256,192,53913,1,0,0:0:0:0:
329,192,53913,1,0,0:0:0:0:
402,0,53913,128,0,54089:0:0:0:0:
475,192,53913,1,0,0:0:0:0:
182,0,54089,128,0,54265:0:0:0:0:
256,192,54089,1,0,0:0:0:0:
36,192,54266,1,0,0:0:0:0:
109,192,54266,1,0,0:0:0:0:
329,0,54266,128,0,54442:0:0:0:0:
402,192,54266,1,0,0:0:0:0:
475,192,54266,1,0,0:0:0:0:
36,192,54442,1,0,0:0:0:0:
256,0,54442,128,0,54618:0:0:0:0:
109,0,54619,128,0,54795:0:0:0:0:
182,192,54619,1,0,0:0:0:0:
329,192,54619,1,0,0:0:0:0:
402,192,54619,1,0,0:0:0:0:
475,192,54619,1,0,0:0:0:0:
402,192,54795,1,0,0:0:0:0:
182,0,54795,128,0,54971:0:0:0:0:
36,192,54972,1,0,0:0:0:0:
109,192,54972,1,0,0:0:0:0:
256,192,54972,1,0,0:0:0:0:
329,192,54972,1,0,0:0:0:0:
475,0,54972,128,0,55148:0:0:0:0:
256,192,55148,1,0,0:0:0:0:
329,0,55148,128,0,55324:0:0:0:0:
36,192,55325,1,0,0:0:0:0:
109,192,55325,1,0,0:0:0:0:
182,192,55325,1,0,0:0:0:0:
402,0,55325,128,0,55501:0:0:0:0:
475,192,55325,1,0,0:0:0:0:
182,192,55501,1,0,0:0:0:0:
256,0,55501,128,0,55677:0:0:0:0:
36,192,55677,1,0,0:0:0:0:
109,0,55677,128,0,55853:0:0:0:0:
329,192,55677,1,0,0:0:0:0:
402,192,55677,1,0,0:0:0:0:
475,192,55677,1,0,0:0:0:0:
182,0,55854,128,0,56030:0:0:0:0:
475,192,55854,1,0,0:0:0:0:
36,0,56030,128,0,56206:0:0:0:0:
109,192,56030,1,0,0:0:0:0:
256,192,56030,1,0,0:0:0:0:
329,192,56030,1,0,0:0:0:0:
402,192,56030,1,0,0:0:0:0:
329,192,56207,1,0,0:0:0:0:
256,0,56207,128,0,56383:0:0:0:0:
475,0,56383,128,0,56559:0:0:0:0:
109,0,56383,128,0,58500:0:0:0:0:
402,0,56383,128,0,58500:0:0:0:0:
256,0,56560,128,0,56736:0:0:0:0:
36,0,56736,128,0,56912:0:0:0:0:
182,192,56736,1,0,0:0:0:0:
329,192,56736,1,0,0:0:0:0:
475,192,56736,1,0,0:0:0:0:
182,0,56913,128,0,57089:0:0:0:0:
36,192,57089,1,0,0:0:0:0:
256,192,57089,1,0,0:0:0:0:
329,0,57089,128,0,57265:0:0:0:0:
475,192,57089,1,0,0:0:0:0:
256,0,57266,128,0,57442:0:0:0:0:
36,192,57442,1,0,0:0:0:0:
182,192,57442,1,0,0:0:0:0:
329,0,57442,128,0,57618:0:0:0:0:
475,192,57442,1,0,0:0:0:0:
475,0,57619,128,0,57795:0:0:0:0:
36,192,57795,1,0,0:0:0:0:
182,192,57795,1,0,0:0:0:0:
256,192,57795,1,0,0:0:0:0:
329,0,57795,128,0,57971:0:0:0:0:
256,0,57972,128,0,58148:0:0:0:0:
36,192,58148,1,0,0:0:0:0:
182,0,58148,128,0,58324:0:0:0:0:
329,192,58148,1,0,0:0:0:0:
475,192,58148,1,0,0:0:0:0:
36,0,58325,128,0,58501:0:0:0:0:
182,192,58501,1,0,0:0:0:0:
256,192,58501,1,0,0:0:0:0:
329,0,58501,128,0,58677:0:0:0:0:
475,192,58501,1,0,0:0:0:0:
182,0,58677,128,0,58853:0:0:0:0:
36,192,58854,1,0,0:0:0:0:
109,192,58854,1,0,0:0:0:0:
256,0,58854,128,0,59030:0:0:0:0:
329,192,58854,1,0,0:0:0:0:
402,192,58854,1,0,0:0:0:0:
475,192,58854,1,0,0:0:0:0:
402,0,59030,128,0,59206:0:0:0:0:
36,192,59207,1,0,0:0:0:0:
109,192,59207,1,0,0:0:0:0:
182,192,59207,1,0,0:0:0:0:
256,192,59207,1,0,0:0:0:0:
475,192,59207,1,0,0:0:0:0:
329,192,59383,1,0,0:0:0:0:
109,192,59560,1,0,0:0:0:0:
182,192,59560,1,0,0:0:0:0:
256,192,59560,1,0,0:0:0:0:
402,192,59560,1,0,0:0:0:0:
475,192,59560,1,0,0:0:0:0:
36,192,59736,1,0,0:0:0:0:
109,192,59913,1,0,0:0:0:0:
182,192,59913,1,0,0:0:0:0:
329,192,59913,1,0,0:0:0:0:
402,192,59913,1,0,0:0:0:0:
475,192,59913,1,0,0:0:0:0:
256,192,60089,1,0,0:0:0:0:
36,192,60266,1,0,0:0:0:0:
109,192,60266,1,0,0:0:0:0:
182,192,60266,1,0,0:0:0:0:
329,192,60266,1,0,0:0:0:0:
402,192,60266,1,0,0:0:0:0:
475,192,60266,1,0,0:0:0:0:
329,192,60442,1,0,0:0:0:0:
36,192,60619,1,0,0:0:0:0:
109,192,60619,1,0,0:0:0:0:
182,192,60619,1,0,0:0:0:0:
256,192,60619,1,0,0:0:0:0:
109,192,60972,1,0,0:0:0:0:
182,192,60972,1,0,0:0:0:0:
256,192,60972,1,0,0:0:0:0:
329,192,60972,1,0,0:0:0:0:
182,192,61369,1,0,0:0:0:0:
256,192,61369,1,0,0:0:0:0:
329,192,61369,1,0,0:0:0:0:
402,192,61369,1,0,0:0:0:0:
256,192,61722,1,0,0:0:0:0:
329,192,61722,1,0,0:0:0:0:
402,192,61722,1,0,0:0:0:0:
475,192,61722,1,0,0:0:0:0:
109,192,62075,1,0,0:0:0:0:
182,0,62075,128,0,62251:0:0:0:0:
256,0,62075,128,0,62163:0:0:0:0:
475,0,62075,128,0,63486:0:0:0:0:
329,192,62163,1,0,0:0:0:0:
402,0,62163,128,0,62251:0:0:0:0:
36,0,62251,128,0,62293:0:0:0:0:
109,0,62251,128,0,62427:0:0:0:0:
256,0,62251,128,0,62339:0:0:0:0:
182,0,62339,128,0,62427:0:0:0:0:
256,192,62427,1,0,0:0:0:0:
329,0,62427,128,0,62603:0:0:0:0:
402,192,62427,1,0,0:0:0:0:
36,0,62516,128,0,62604:0:0:0:0:
109,0,62604,128,0,62646:0:0:0:0:
182,0,62604,128,0,62646:0:0:0:0:
256,192,62604,1,0,0:0:0:0:
402,192,62604,1,0,0:0:0:0:
329,0,62692,128,0,62734:0:0:0:0:
36,0,62780,128,0,62825:0:0:0:0:
109,0,62780,128,0,62956:0:0:0:0:
256,0,62780,128,0,63044:0:0:0:0:
402,192,62780,1,0,0:0:0:0:
182,0,62869,128,0,62957:0:0:0:0:
36,192,62957,1,0,0:0:0:0:
329,0,62957,128,0,63045:0:0:0:0:
402,192,62957,1,0,0:0:0:0:
109,0,63045,128,0,63133:0:0:0:0:
182,192,63045,1,0,0:0:0:0:
36,192,63133,1,0,0:0:0:0:
256,192,63133,1,0,0:0:0:0:
329,0,63133,128,0,63175:0:0:0:0:
402,0,63133,128,0,63309:0:0:0:0:
109,0,63222,128,0,63398:0:0:0:0:
182,0,63222,128,0,63310:0:0:0:0:
36,0,63310,128,0,63352:0:0:0:0:
256,192,63310,1,0,0:0:0:0:
329,0,63310,128,0,63486:0:0:0:0:
402,0,63398,128,0,63440:0:0:0:0:
109,192,63486,1,0,0:0:0:0:
182,0,63486,128,0,63662:0:0:0:0:
256,0,63486,128,0,63574:0:0:0:0:
36,0,63486,128,0,64897:0:0:0:0:
329,0,63575,128,0,63663:0:0:0:0:
402,192,63575,1,0,0:0:0:0:
109,0,63663,128,0,63839:0:0:0:0:
256,0,63663,128,0,63751:0:0:0:0:
475,0,63663,128,0,63705:0:0:0:0:
182,0,63751,128,0,63839:0:0:0:0:
256,192,63839,1,0,0:0:0:0:
329,192,63839,1,0,0:0:0:0:
402,0,63839,128,0,64015:0:0:0:0:
475,0,63927,128,0,64015:0:0:0:0:
109,0,64016,128,0,64058:0:0:0:0:
182,0,64016,128,0,64104:0:0:0:0:
256,192,64016,1,0,0:0:0:0:
329,192,64016,1,0,0:0:0:0:
402,0,64104,128,0,64192:0:0:0:0:
109,0,64192,128,0,64368:0:0:0:0:
256,0,64192,128,0,64456:0:0:0:0:
329,192,64192,1,0,0:0:0:0:
475,0,64192,128,0,64280:0:0:0:0:
182,0,64280,128,0,64368:0:0:0:0:
329,192,64369,1,0,0:0:0:0:
402,0,64369,128,0,64411:0:0:0:0:
475,192,64369,1,0,0:0:0:0:
109,0,64457,128,0,64499:0:0:0:0:
182,192,64457,1,0,0:0:0:0:
256,192,64545,1,0,0:0:0:0:
329,0,64545,128,0,64721:0:0:0:0:
402,0,64545,128,0,64633:0:0:0:0:
475,192,64545,1,0,0:0:0:0:
109,0,64633,128,0,64809:0:0:0:0:
182,0,64633,128,0,64721:0:0:0:0:
256,192,64722,1,0,0:0:0:0:
475,0,64722,128,0,64764:0:0:0:0:
402,0,64722,128,0,64898:0:0:0:0:
329,0,64810,128,0,64852:0:0:0:0:
475,192,64898,1,0,0:0:0:0:
256,0,64898,128,0,66309:0:0:0:0:
402,192,64942,1,0,0:0:0:0:
329,192,64986,1,0,0:0:0:0:
182,192,65030,1,0,0:0:0:0:
109,192,65075,1,0,0:0:0:0:
36,192,65119,1,0,0:0:0:0:
475,192,65163,1,0,0:0:0:0:
402,192,65207,1,0,0:0:0:0:
329,192,65251,1,0,0:0:0:0:
182,192,65295,1,0,0:0:0:0:
109,192,65339,1,0,0:0:0:0:
36,192,65383,1,0,0:0:0:0:
475,192,65383,1,0,0:0:0:0:
402,192,65427,1,0,0:0:0:0:
329,192,65472,1,0,0:0:0:0:
182,192,65516,1,0,0:0:0:0:
109,192,65560,1,0,0:0:0:0:
36,192,65604,1,0,0:0:0:0:
109,192,65648,1,0,0:0:0:0:
182,192,65692,1,0,0:0:0:0:
329,192,65736,1,0,0:0:0:0:
402,192,65780,1,0,0:0:0:0:
329,192,65825,1,0,0:0:0:0:
182,192,65869,1,0,0:0:0:0:
475,192,65913,1,0,0:0:0:0:
402,192,65957,1,0,0:0:0:0:
329,192,66001,1,0,0:0:0:0:
182,192,66045,1,0,0:0:0:0:
109,192,66089,1,0,0:0:0:0:
36,192,66133,1,0,0:0:0:0:
182,192,66177,1,0,0:0:0:0:
329,192,66222,1,0,0:0:0:0:
475,192,66266,1,0,0:0:0:0:
36,192,66310,1,0,0:0:0:0:
109,0,66310,128,0,67015:0:0:0:0:
182,0,66310,128,0,66398:0:0:0:0:
402,0,66310,128,0,67015:0:0:0:0:
256,0,66398,128,0,66486:0:0:0:0:
36,192,66486,1,0,0:0:0:0:
182,192,66486,1,0,0:0:0:0:
329,0,66486,128,0,66574:0:0:0:0:
475,0,66575,128,0,66663:0:0:0:0:
36,192,66663,1,0,0:0:0:0:
182,192,66663,1,0,0:0:0:0:
329,0,66663,128,0,66751:0:0:0:0:
256,0,66751,128,0,66839:0:0:0:0:
182,0,66839,128,0,66927:0:0:0:0:
329,192,66839,1,0,0:0:0:0:
475,192,66839,1,0,0:0:0:0:
36,0,66927,128,0,67015:0:0:0:0:
182,192,67016,1,0,0:0:0:0:
256,0,67016,128,0,67368:0:0:0:0:
329,192,67016,1,0,0:0:0:0:
475,0,67016,128,0,67104:0:0:0:0:
402,0,67104,128,0,67192:0:0:0:0:
36,192,67192,1,0,0:0:0:0:
109,0,67192,128,0,67280:0:0:0:0:
182,192,67192,1,0,0:0:0:0:
475,192,67192,1,0,0:0:0:0:
329,0,67280,128,0,67368:0:0:0:0:
36,192,67369,1,0,0:0:0:0:
109,192,67369,1,0,0:0:0:0:
182,192,67369,1,0,0:0:0:0:
402,192,67369,1,0,0:0:0:0:
475,192,67369,1,0,0:0:0:0:
182,192,67545,1,0,0:0:0:0:
256,192,67545,1,0,0:0:0:0:
329,192,67545,1,0,0:0:0:0:
36,0,67722,128,0,67810:0:0:0:0:
109,192,67722,1,0,0:0:0:0:
182,0,67722,128,0,67898:0:0:0:0:
475,0,67722,128,0,69133:0:0:0:0:
329,192,67810,1,0,0:0:0:0:
402,0,67810,128,0,67852:0:0:0:0:
36,0,67898,128,0,67940:0:0:0:0:
109,0,67898,128,0,68074:0:0:0:0:
256,0,67898,128,0,67940:0:0:0:0:
182,0,67986,128,0,68074:0:0:0:0:
256,192,68075,1,0,0:0:0:0:
329,0,68075,128,0,68251:0:0:0:0:
402,192,68075,1,0,0:0:0:0:
36,0,68163,128,0,68251:0:0:0:0:
109,0,68251,128,0,68339:0:0:0:0:
182,0,68251,128,0,68339:0:0:0:0:
256,192,68251,1,0,0:0:0:0:
402,192,68251,1,0,0:0:0:0:
329,0,68339,128,0,68381:0:0:0:0:
36,0,68427,128,0,68472:0:0:0:0:
109,0,68427,128,0,68603:0:0:0:0:
256,0,68427,128,0,68691:0:0:0:0:
402,192,68427,1,0,0:0:0:0:
182,0,68516,128,0,68558:0:0:0:0:
36,192,68604,1,0,0:0:0:0:
329,0,68604,128,0,68692:0:0:0:0:
402,192,68604,1,0,0:0:0:0:
109,0,68692,128,0,68780:0:0:0:0:
182,192,68692,1,0,0:0:0:0:
36,192,68780,1,0,0:0:0:0:
256,192,68780,1,0,0:0:0:0:
329,0,68780,128,0,68825:0:0:0:0:
402,0,68780,128,0,68956:0:0:0:0:
109,0,68869,128,0,69045:0:0:0:0:
182,0,68869,128,0,68957:0:0:0:0:
36,0,68957,128,0,69045:0:0:0:0:
256,192,68957,1,0,0:0:0:0:
329,0,68957,128,0,69133:0:0:0:0:
402,0,69045,128,0,69133:0:0:0:0:
109,192,69133,1,0,0:0:0:0:
182,0,69133,128,0,69309:0:0:0:0:
256,0,69133,128,0,69221:0:0:0:0:
36,0,69133,128,0,70544:0:0:0:0:
329,0,69222,128,0,69310:0:0:0:0:
402,192,69222,1,0,0:0:0:0:
109,0,69310,128,0,69486:0:0:0:0:
256,0,69310,128,0,69398:0:0:0:0:
475,0,69310,128,0,69352:0:0:0:0:
182,0,69398,128,0,69486:0:0:0:0:
256,192,69486,1,0,0:0:0:0:
329,192,69486,1,0,0:0:0:0:
402,0,69486,128,0,69662:0:0:0:0:
475,0,69575,128,0,69617:0:0:0:0:
109,0,69663,128,0,69705:0:0:0:0:
182,0,69663,128,0,69705:0:0:0:0:
256,192,69663,1,0,0:0:0:0:
329,192,69663,1,0,0:0:0:0:
402,0,69751,128,0,69839:0:0:0:0:
109,0,69839,128,0,70015:0:0:0:0:
256,0,69839,128,0,70103:0:0:0:0:
329,192,69839,1,0,0:0:0:0:
475,0,69839,128,0,69927:0:0:0:0:
182,0,69927,128,0,70015:0:0:0:0:
329,192,70016,1,0,0:0:0:0:
402,0,70016,128,0,70104:0:0:0:0:
475,192,70016,1,0,0:0:0:0:
109,0,70104,128,0,70192:0:0:0:0:
182,192,70104,1,0,0:0:0:0:
256,192,70192,1,0,0:0:0:0:
329,0,70192,128,0,70368:0:0:0:0:
402,0,70192,128,0,70234:0:0:0:0:
475,192,70192,1,0,0:0:0:0:
109,0,70280,128,0,70456:0:0:0:0:
182,0,70280,128,0,70368:0:0:0:0:
256,192,70369,1,0,0:0:0:0:
475,0,70369,128,0,70457:0:0:0:0:
402,0,70369,128,0,70545:0:0:0:0:
329,0,70457,128,0,70545:0:0:0:0:
109,0,70545,128,0,70721:0:0:0:0:
182,0,70545,128,0,70587:0:0:0:0:
256,192,70545,1,0,0:0:0:0:
475,192,70545,1,0,0:0:0:0:
36,192,70633,1,0,0:0:0:0:
329,0,70633,128,0,70675:0:0:0:0:
256,0,70722,128,0,70764:0:0:0:0:
402,0,70722,128,0,70764:0:0:0:0:
475,0,70722,128,0,70898:0:0:0:0:
109,0,70810,128,0,70852:0:0:0:0:
36,0,70898,128,0,71074:0:0:0:0:
256,192,70898,1,0,0:0:0:0:
329,192,70898,1,0,0:0:0:0:
402,0,70986,128,0,71028:0:0:0:0:
109,0,71075,128,0,71117:0:0:0:0:
182,192,71075,1,0,0:0:0:0:
329,192,71075,1,0,0:0:0:0:
475,0,71075,128,0,71117:0:0:0:0:
36,0,71163,128,0,71205:0:0:0:0:
182,0,71251,128,0,71515:0:0:0:0:
256,0,71251,128,0,71293:0:0:0:0:
329,192,71251,1,0,0:0:0:0:
475,0,71251,128,0,71427:0:0:0:0:
109,0,71339,128,0,71381:0:0:0:0:
36,0,71427,128,0,71472:0:0:0:0:
329,192,71427,1,0,0:0:0:0:
402,192,71427,1,0,0:0:0:0:
109,192,71516,1,0,0:0:0:0:
475,0,71516,128,0,71558:0:0:0:0:
36,0,71604,128,0,71646:0:0:0:0:
182,192,71604,1,0,0:0:0:0:
256,0,71604,128,0,71780:0:0:0:0:
402,192,71604,1,0,0:0:0:0:
109,0,71692,128,0,71734:0:0:0:0:
475,0,71692,128,0,71868:0:0:0:0:
182,192,71780,1,0,0:0:0:0:
402,0,71780,128,0,71825:0:0:0:0:
36,0,71780,128,0,71956:0:0:0:0:
329,0,71869,128,0,71911:0:0:0:0:
109,0,71957,128,0,72662:0:0:0:0:
182,0,71957,128,0,72045:0:0:0:0:
402,0,71957,128,0,72662:0:0:0:0:
475,192,71957,1,0,0:0:0:0:
256,0,72045,128,0,72133:0:0:0:0:
36,192,72133,1,0,0:0:0:0:
182,192,72133,1,0,0:0:0:0:
329,0,72133,128,0,72221:0:0:0:0:
475,0,72222,128,0,72310:0:0:0:0:
36,192,72310,1,0,0:0:0:0:
182,192,72310,1,0,0:0:0:0:
329,0,72310,128,0,72398:0:0:0:0:
256,0,72398,128,0,72486:0:0:0:0:
182,0,72486,128,0,72574:0:0:0:0:
329,192,72486,1,0,0:0:0:0:
475,192,72486,1,0,0:0:0:0:
36,0,72575,128,0,72663:0:0:0:0:
182,0,72663,128,0,73015:0:0:0:0:
256,192,72663,1,0,0:0:0:0:
329,192,72663,1,0,0:0:0:0:
475,192,72663,1,0,0:0:0:0:
256,192,72839,1,0,0:0:0:0:
329,192,72839,1,0,0:0:0:0:
475,192,72839,1,0,0:0:0:0:
36,192,73016,1,0,0:0:0:0:
256,192,73016,1,0,0:0:0:0:
402,192,73016,1,0,0:0:0:0:
475,192,73016,1,0,0:0:0:0:
329,0,73016,128,0,73368:0:0:0:0:
109,192,73060,1,0,0:0:0:0:
182,192,73104,1,0,0:0:0:0:
256,192,73148,1,0,0:0:0:0:
402,192,73192,1,0,0:0:0:0:
475,192,73236,1,0,0:0:0:0:
109,192,73280,1,0,0:0:0:0:
36,192,73369,1,0,0:0:0:0:
182,192,73369,1,0,0:0:0:0:
256,192,73369,1,0,0:0:0:0:
402,192,73369,1,0,0:0:0:0:
329,192,73457,1,0,0:0:0:0:
475,192,73457,1,0,0:0:0:0:
36,192,73545,1,0,0:0:0:0:
182,192,73545,1,0,0:0:0:0:
256,192,73545,1,0,0:0:0:0:
109,192,73633,1,0,0:0:0:0:
329,192,73633,1,0,0:0:0:0:
402,192,73633,1,0,0:0:0:0:
475,192,73633,1,0,0:0:0:0:
182,192,73722,1,0,0:0:0:0:
256,0,73722,128,0,73898:0:0:0:0:
109,192,73810,1,0,0:0:0:0:
475,192,73810,1,0,0:0:0:0:
36,192,73898,1,0,0:0:0:0:
182,192,73898,1,0,0:0:0:0:
329,192,73898,1,0,0:0:0:0:
402,192,73898,1,0,0:0:0:0:
109,192,73986,1,0,0:0:0:0:
256,192,73986,1,0,0:0:0:0:
475,0,73986,128,0,74296:0:0:0:0:
182,192,74075,1,0,0:0:0:0:
402,0,74075,128,0,74382:0:0:0:0:
36,0,74075,128,0,74869:0:0:0:0:
329,0,74163,128,0,74473:0:0:0:0:
109,0,74163,128,0,74780:0:0:0:0:
182,0,74251,128,0,74692:0:0:0:0:
256,192,74251,1,0,0:0:0:0:
256,0,74339,128,0,74560:0:0:0:0:
475,0,74427,128,0,75044:0:0:0:0:
402,0,74516,128,0,74957:0:0:0:0:
329,0,74604,128,0,74868:0:0:0:0:
256,0,74692,128,0,74780:0:0:0:0:
182,192,74780,1,0,0:0:0:0:
109,192,74869,1,0,0:0:0:0:
182,192,74957,1,0,0:0:0:0:
256,192,74957,1,0,0:0:0:0:
329,192,74957,1,0,0:0:0:0:
36,192,75045,1,0,0:0:0:0:
402,192,75045,1,0,0:0:0:0:
109,0,75133,128,0,75175:0:0:0:0:
256,192,75133,1,0,0:0:0:0:
475,0,75133,128,0,75175:0:0:0:0:
36,192,75222,1,0,0:0:0:0:
182,192,75222,1,0,0:0:0:0:
329,192,75222,1,0,0:0:0:0:
402,192,75222,1,0,0:0:0:0:
109,192,75310,1,0,0:0:0:0:
256,192,75310,1,0,0:0:0:0:
36,0,75398,128,0,75972:0:0:0:0:
182,192,75398,1,0,0:0:0:0:
402,192,75398,1,0,0:0:0:0:
475,192,75398,1,0,0:0:0:0:
109,0,75486,128,0,75881:0:0:0:0:
256,192,75486,1,0,0:0:0:0:
329,192,75486,1,0,0:0:0:0:
182,0,75575,128,0,75794:0:0:0:0:
475,0,75575,128,0,76369:0:0:0:0:
256,0,75663,128,0,75705:0:0:0:0:
402,0,75663,128,0,76280:0:0:0:0:
329,0,75751,128,0,76192:0:0:0:0:
256,0,75839,128,0,76103:0:0:0:0:
182,0,75927,128,0,76191:0:0:0:0:
109,0,76016,128,0,76280:0:0:0:0:
36,0,76104,128,0,76368:0:0:0:0:
256,192,76192,1,0,0:0:0:0:
182,192,76280,1,0,0:0:0:0:
329,192,76280,1,0,0:0:0:0:
256,192,76369,1,0,0:0:0:0:
109,192,76457,1,0,0:0:0:0:
182,192,76457,1,0,0:0:0:0:
329,192,76457,1,0,0:0:0:0:
402,192,76457,1,0,0:0:0:0:
36,0,76545,128,0,76721:0:0:0:0:
256,192,76545,1,0,0:0:0:0:
475,0,76545,128,0,76721:0:0:0:0:
182,192,76633,1,0,0:0:0:0:
329,192,76633,1,0,0:0:0:0:
256,192,76722,1,0,0:0:0:0:
36,192,76810,1,0,0:0:0:0:
109,0,76810,128,0,77205:0:0:0:0:
402,0,76810,128,0,77029:0:0:0:0:
182,0,76898,128,0,77293:0:0:0:0:
329,0,76898,128,0,77119:0:0:0:0:
475,192,76898,1,0,0:0:0:0:
36,192,76986,1,0,0:0:0:0:
256,0,76986,128,0,77207:0:0:0:0:
475,0,77075,128,0,77692:0:0:0:0:
402,0,77163,128,0,77604:0:0:0:0:
329,0,77251,128,0,77515:0:0:0:0:
36,0,77251,128,0,77780:0:0:0:0:
256,0,77339,128,0,77381:0:0:0:0:
109,0,77339,128,0,77691:0:0:0:0:
182,0,77427,128,0,77603:0:0:0:0:
256,192,77516,1,0,0:0:0:0:
329,192,77604,1,0,0:0:0:0:
182,192,77692,1,0,0:0:0:0:
256,192,77692,1,0,0:0:0:0:
402,192,77692,1,0,0:0:0:0:
109,192,77780,1,0,0:0:0:0:
475,192,77780,1,0,0:0:0:0:
36,192,77869,1,0,0:0:0:0:
182,192,77869,1,0,0:0:0:0:
256,192,77869,1,0,0:0:0:0:
329,192,77869,1,0,0:0:0:0:
109,192,77957,1,0,0:0:0:0:
402,0,77957,128,0,77999:0:0:0:0:
475,0,77957,128,0,77999:0:0:0:0:
36,192,78045,1,0,0:0:0:0:
256,192,78045,1,0,0:0:0:0:
182,192,78133,1,0,0:0:0:0:
329,192,78133,1,0,0:0:0:0:
402,192,78133,1,0,0:0:0:0:
36,192,78222,1,0,0:0:0:0:
109,192,78222,1,0,0:0:0:0:
475,192,78222,1,0,0:0:0:0:
182,192,78310,1,0,0:0:0:0:
256,192,78310,1,0,0:0:0:0:
329,0,78310,128,0,78574:0:0:0:0:
402,0,78398,128,0,78486:0:0:0:0:
36,192,78486,1,0,0:0:0:0:
109,192,78486,1,0,0:0:0:0:
475,0,78486,128,0,78750:0:0:0:0:
402,0,78575,128,0,78663:0:0:0:0:
182,192,78663,1,0,0:0:0:0:
256,192,78663,1,0,0:0:0:0:
329,0,78663,128,0,78927:0:0:0:0:
402,0,78751,128,0,78839:0:0:0:0:
36,192,78839,1,0,0:0:0:0:
109,192,78839,1,0,0:0:0:0:
475,0,78839,128,0,79015:0:0:0:0:
402,0,78927,128,0,79015:0:0:0:0:
36,0,79016,128,0,79500:0:0:0:0:
182,192,79016,1,0,0:0:0:0:
256,192,79016,1,0,0:0:0:0:
329,192,79016,1,0,0:0:0:0:
109,0,79104,128,0,79414:0:0:0:0:
475,0,79104,128,0,79588:0:0:0:0:
182,0,79192,128,0,79325:0:0:0:0:
402,0,79192,128,0,79502:0:0:0:0:
256,192,79280,1,0,0:0:0:0:
329,0,79280,128,0,79413:0:0:0:0:
256,0,79369,128,0,79545:0:0:0:0:
182,0,79457,128,0,79633:0:0:0:0:
109,0,79545,128,0,79721:0:0:0:0:
329,0,79545,128,0,79721:0:0:0:0:
36,0,79633,128,0,79809:0:0:0:0:
402,0,79633,128,0,79809:0:0:0:0:
182,192,79722,1,0,0:0:0:0:
256,192,79722,1,0,0:0:0:0:
475,0,79722,128,0,79898:0:0:0:0:
329,192,79810,1,0,0:0:0:0:
36,192,79898,1,0,0:0:0:0:
109,192,79898,1,0,0:0:0:0:
256,192,79898,1,0,0:0:0:0:
182,192,79986,1,0,0:0:0:0:
329,192,79986,1,0,0:0:0:0:
402,192,79986,1,0,0:0:0:0:
475,192,79986,1,0,0:0:0:0:
36,0,80075,128,0,80251:0:0:0:0:
109,0,80075,128,0,80251:0:0:0:0:
256,192,80075,1,0,0:0:0:0:
329,192,80163,1,0,0:0:0:0:
475,192,80163,1,0,0:0:0:0:
182,192,80251,1,0,0:0:0:0:
256,192,80251,1,0,0:0:0:0:
402,192,80251,1,0,0:0:0:0:
36,192,80339,1,0,0:0:0:0:
475,192,80339,1,0,0:0:0:0:
109,192,80427,1,0,0:0:0:0:
256,0,80427,128,0,80648:0:0:0:0:
329,192,80427,1,0,0:0:0:0:
402,192,80427,1,0,0:0:0:0:
182,0,80516,128,0,80826:0:0:0:0:
475,0,80516,128,0,80911:0:0:0:0:
109,0,80604,128,0,80914:0:0:0:0:
402,0,80604,128,0,80825:0:0:0:0:
36,0,80692,128,0,81002:0:0:0:0:
329,0,80692,128,0,80734:0:0:0:0:
256,0,80780,128,0,80956:0:0:0:0:
329,0,80869,128,0,81045:0:0:0:0:
182,0,80957,128,0,81133:0:0:0:0:
402,0,80957,128,0,81133:0:0:0:0:
109,0,81045,128,0,81221:0:0:0:0:
475,0,81045,128,0,81221:0:0:0:0:
36,0,81133,128,0,81309:0:0:0:0:
256,192,81133,1,0,0:0:0:0:
329,192,81133,1,0,0:0:0:0:
182,192,81222,1,0,0:0:0:0:
109,192,81310,1,0,0:0:0:0:
256,192,81310,1,0,0:0:0:0:
329,192,81310,1,0,0:0:0:0:
475,192,81310,1,0,0:0:0:0:
36,192,81398,1,0,0:0:0:0:
182,192,81398,1,0,0:0:0:0:
402,192,81398,1,0,0:0:0:0:
109,192,81486,1,0,0:0:0:0:
256,192,81486,1,0,0:0:0:0:
329,0,81486,128,0,81528:0:0:0:0:
475,0,81486,128,0,81528:0:0:0:0:
36,192,81575,1,0,0:0:0:0:
182,192,81575,1,0,0:0:0:0:
256,192,81663,1,0,0:0:0:0:
329,192,81663,1,0,0:0:0:0:
402,192,81663,1,0,0:0:0:0:
475,192,81663,1,0,0:0:0:0:
36,192,81751,1,0,0:0:0:0:
109,192,81751,1,0,0:0:0:0:
182,192,81751,1,0,0:0:0:0:
36,0,81839,128,0,82015:0:0:0:0:
256,0,81839,128,0,82015:0:0:0:0:
329,192,81839,1,0,0:0:0:0:
475,0,81839,128,0,82368:0:0:0:0:
182,0,81927,128,0,82103:0:0:0:0:
402,0,81927,128,0,82103:0:0:0:0:
109,0,82016,128,0,82192:0:0:0:0:
329,0,82016,128,0,82192:0:0:0:0:
36,0,82104,128,0,82280:0:0:0:0:
256,0,82104,128,0,82280:0:0:0:0:
182,0,82192,128,0,82368:0:0:0:0:
402,0,82192,128,0,82456:0:0:0:0:
109,0,82280,128,0,82456:0:0:0:0:
329,0,82280,128,0,82544:0:0:0:0:
36,0,82369,128,0,82810:0:0:0:0:
256,0,82369,128,0,82633:0:0:0:0:
182,0,82457,128,0,82545:0:0:0:0:
475,0,82457,128,0,82721:0:0:0:0:
109,0,82545,128,0,82897:0:0:0:0:
402,0,82545,128,0,82633:0:0:0:0:
182,0,82633,128,0,82985:0:0:0:0:
329,0,82633,128,0,82721:0:0:0:0:
256,0,82722,128,0,82810:0:0:0:0:
402,0,82722,128,0,82986:0:0:0:0:
329,0,82810,128,0,82898:0:0:0:0:
475,0,82810,128,0,83074:0:0:0:0:
256,0,82898,128,0,83074:0:0:0:0:
36,0,82898,128,0,83868:0:0:0:0:
109,0,82986,128,0,83162:0:0:0:0:
329,0,82986,128,0,83162:0:0:0:0:
182,0,83075,128,0,83251:0:0:0:0:
402,0,83075,128,0,83251:0:0:0:0:
256,0,83163,128,0,83339:0:0:0:0:
475,0,83163,128,0,83339:0:0:0:0:
109,0,83251,128,0,83515:0:0:0:0:
329,0,83251,128,0,83515:0:0:0:0:
182,0,83339,128,0,83427:0:0:0:0:
402,0,83339,128,0,83427:0:0:0:0:
256,0,83427,128,0,83603:0:0:0:0:
475,0,83427,128,0,83603:0:0:0:0:
182,0,83516,128,0,83692:0:0:0:0:
402,0,83516,128,0,83692:0:0:0:0:
109,0,83604,128,0,83780:0:0:0:0:
329,0,83604,128,0,83780:0:0:0:0:
256,0,83692,128,0,83868:0:0:0:0:
475,0,83692,128,0,84397:0:0:0:0:
182,0,83780,128,0,83956:0:0:0:0:
402,0,83780,128,0,83956:0:0:0:0:
109,0,83869,128,0,84045:0:0:0:0:
329,0,83869,128,0,84045:0:0:0:0:
36,0,83957,128,0,84133:0:0:0:0:
256,0,83957,128,0,84133:0:0:0:0:
182,0,84045,128,0,84309:0:0:0:0:
402,0,84045,128,0,84309:0:0:0:0:
109,0,84133,128,0,84221:0:0:0:0:
329,0,84133,128,0,84221:0:0:0:0:
36,0,84222,128,0,84310:0:0:0:0:
256,0,84222,128,0,84398:0:0:0:0:
329,0,84310,128,0,84486:0:0:0:0:
109,0,84310,128,0,84662:0:0:0:0:
182,0,84398,128,0,84486:0:0:0:0:
402,0,84398,128,0,84574:0:0:0:0:
36,192,84486,1,0,0:0:0:0:
256,0,84486,128,0,84574:0:0:0:0:
475,0,84486,128,0,84662:0:0:0:0:
329,0,84575,128,0,84663:0:0:0:0:
256,192,84663,1,0,0:0:0:0:
402,192,84663,1,0,0:0:0:0:
182,0,84663,128,0,86074:0:0:0:0:
36,192,84839,1,0,0:0:0:0:
109,192,84839,1,0,0:0:0:0:
329,192,84839,1,0,0:0:0:0:
256,192,85016,1,0,0:0:0:0:
475,192,85016,1,0,0:0:0:0:
36,192,85192,1,0,0:0:0:0:
109,192,85192,1,0,0:0:0:0:
329,192,85192,1,0,0:0:0:0:
256,192,85369,1,0,0:0:0:0:
402,192,85369,1,0,0:0:0:0:
475,192,85369,1,0,0:0:0:0:
36,192,85545,1,0,0:0:0:0:
109,192,85545,1,0,0:0:0:0:
329,192,85545,1,0,0:0:0:0:
256,192,85722,1,0,0:0:0:0:
475,192,85722,1,0,0:0:0:0:
36,192,85898,1,0,0:0:0:0:
109,192,85898,1,0,0:0:0:0:
329,192,85898,1,0,0:0:0:0:
256,192,86075,1,0,0:0:0:0:
475,192,86075,1,0,0:0:0:0:
402,0,86075,128,0,87486:0:0:0:0:
36,192,86251,1,0,0:0:0:0:
182,192,86251,1,0,0:0:0:0:
329,192,86251,1,0,0:0:0:0:
256,192,86427,1,0,0:0:0:0:
475,192,86427,1,0,0:0:0:0:
36,192,86604,1,0,0:0:0:0:
182,192,86604,1,0,0:0:0:0:
329,192,86604,1,0,0:0:0:0:
109,192,86780,1,0,0:0:0:0:
256,192,86780,1,0,0:0:0:0:
475,192,86780,1,0,0:0:0:0:
36,192,86957,1,0,0:0:0:0:
182,192,86957,1,0,0:0:0:0:
329,192,86957,1,0,0:0:0:0:
256,192,87133,1,0,0:0:0:0:
475,192,87133,1,0,0:0:0:0:
36,192,87310,1,0,0:0:0:0:
182,192,87310,1,0,0:0:0:0:
329,192,87310,1,0,0:0:0:0:
109,0,87486,128,0,87662:0:0:0:0:
256,0,87486,128,0,87662:0:0:0:0:
329,192,87486,1,0,0:0:0:0:
182,192,87663,1,0,0:0:0:0:
402,0,87663,128,0,87705:0:0:0:0:
475,192,87663,1,0,0:0:0:0:
36,192,87839,1,0,0:0:0:0:
182,0,87839,128,0,87881:0:0:0:0:
256,192,88016,1,0,0:0:0:0:
329,0,88016,128,0,88058:0:0:0:0:
109,192,88192,1,0,0:0:0:0:
256,0,88192,128,0,88368:0:0:0:0:
402,0,88192,128,0,88368:0:0:0:0:
475,192,88192,1,0,0:0:0:0:
36,192,88369,1,0,0:0:0:0:
182,0,88369,128,0,88411:0:0:0:0:
329,192,88369,1,0,0:0:0:0:
329,0,88545,128,0,88587:0:0:0:0:
475,192,88545,1,0,0:0:0:0:
109,0,88722,128,0,88764:0:0:0:0:
182,192,88722,1,0,0:0:0:0:
36,192,88898,1,0,0:0:0:0:
256,192,88898,1,0,0:0:0:0:
329,0,88898,128,0,88940:0:0:0:0:
402,0,88898,128,0,88940:0:0:0:0:
109,0,89075,128,0,89117:0:0:0:0:
182,0,89075,128,0,89117:0:0:0:0:
256,192,89075,1,0,0:0:0:0:
475,192,89075,1,0,0:0:0:0:
36,192,89251,1,0,0:0:0:0:
256,192,89251,1,0,0:0:0:0:
329,0,89251,128,0,89293:0:0:0:0:
402,0,89251,128,0,89293:0:0:0:0:
109,0,89427,128,0,89472:0:0:0:0:
182,0,89427,128,0,89472:0:0:0:0:
256,192,89427,1,0,0:0:0:0:
475,192,89427,1,0,0:0:0:0:
109,192,89604,1,0,0:0:0:0:
182,192,89604,1,0,0:0:0:0:
329,192,89604,1,0,0:0:0:0:
402,192,89604,1,0,0:0:0:0:
36,0,90310,128,0,90395:0:0:0:0:
182,0,90663,128,0,90748:0:0:0:0:
475,0,91016,128,0,91101:0:0:0:0:
329,0,91369,128,0,91454:0:0:0:0:
256,0,91722,128,0,91807:0:0:0:0:
402,0,92075,128,0,92160:0:0:0:0:
109,0,92427,128,0,92517:0:0:0:0:
36,0,93133,128,0,93223:0:0:0:0:
182,0,93486,128,0,93576:0:0:0:0:
475,0,93839,128,0,93924:0:0:0:0:
329,0,94192,128,0,94277:0:0:0:0:
36,0,94545,128,0,94630:0:0:0:0:
256,0,94545,128,0,94630:0:0:0:0:
402,0,94898,128,0,94983:0:0:0:0:
109,192,95251,1,0,0:0:0:0:
256,0,95251,128,0,95956:0:0:0:0:
36,192,95957,1,0,0:0:0:0:
182,192,95957,1,0,0:0:0:0:
329,192,95957,1,0,0:0:0:0:
475,192,95957,1,0,0:0:0:0:
329,192,96310,1,0,0:0:0:0:
475,192,96310,1,0,0:0:0:0:
109,192,96486,1,0,0:0:0:0:
402,0,96663,128,0,97015:0:0:0:0:
475,0,96663,128,0,97015:0:0:0:0:
36,192,97016,1,0,0:0:0:0:
256,192,97016,1,0,0:0:0:0:
329,192,97016,1,0,0:0:0:0:
329,192,97192,1,0,0:0:0:0:
109,192,97369,1,0,0:0:0:0:
256,192,97369,1,0,0:0:0:0:
475,192,97369,1,0,0:0:0:0:
109,192,97722,1,0,0:0:0:0:
475,192,97722,1,0,0:0:0:0:
329,192,97898,1,0,0:0:0:0:
36,192,98075,1,0,0:0:0:0:
109,192,98075,1,0,0:0:0:0:
256,192,98075,1,0,0:0:0:0:
402,0,98075,128,0,98427:0:0:0:0:
475,0,98075,128,0,98427:0:0:0:0:
329,192,98427,1,0,0:0:0:0:
256,192,98472,1,0,0:0:0:0:
182,192,98516,1,0,0:0:0:0:
475,192,98560,1,0,0:0:0:0:
402,192,98604,1,0,0:0:0:0:
256,192,98648,1,0,0:0:0:0:
109,192,98692,1,0,0:0:0:0:
36,192,98736,1,0,0:0:0:0:
182,0,98780,128,0,98868:0:0:0:0:
402,192,98780,1,0,0:0:0:0:
475,192,98780,1,0,0:0:0:0:
329,0,98780,128,0,100191:0:0:0:0:
109,0,98869,128,0,98957:0:0:0:0:
36,0,98957,128,0,99045:0:0:0:0:
402,192,98957,1,0,0:0:0:0:
475,192,98957,1,0,0:0:0:0:
256,0,99045,128,0,99133:0:0:0:0:
182,0,99133,128,0,99221:0:0:0:0:
402,192,99133,1,0,0:0:0:0:
475,192,99133,1,0,0:0:0:0:
109,0,99222,128,0,99310:0:0:0:0:
36,0,99310,128,0,99398:0:0:0:0:
402,192,99310,1,0,0:0:0:0:
475,192,99310,1,0,0:0:0:0:
182,0,99398,128,0,99486:0:0:0:0:
36,192,99486,1,0,0:0:0:0:
109,192,99486,1,0,0:0:0:0:
256,0,99486,128,0,99574:0:0:0:0:
402,0,99575,128,0,99663:0:0:0:0:
36,192,99663,1,0,0:0:0:0:
109,192,99663,1,0,0:0:0:0:
475,0,99663,128,0,99751:0:0:0:0:
256,0,99751,128,0,99839:0:0:0:0:
36,192,99839,1,0,0:0:0:0:
109,192,99839,1,0,0:0:0:0:
402,0,99839,128,0,99927:0:0:0:0:
256,0,99927,128,0,100015:0:0:0:0:
36,192,100016,1,0,0:0:0:0:
109,192,100016,1,0,0:0:0:0:
182,0,100016,128,0,100104:0:0:0:0:
109,0,100104,128,0,100192:0:0:0:0:
36,192,100192,1,0,0:0:0:0:
256,192,100192,1,0,0:0:0:0:
402,192,100192,1,0,0:0:0:0:
475,192,100192,1,0,0:0:0:0:
36,192,100369,1,0,0:0:0:0:
256,192,100369,1,0,0:0:0:0:
402,192,100369,1,0,0:0:0:0:
475,192,100369,1,0,0:0:0:0:
36,192,100545,1,0,0:0:0:0:
256,192,100545,1,0,0:0:0:0:
402,192,100545,1,0,0:0:0:0:
475,192,100545,1,0,0:0:0:0:
36,192,100722,1,0,0:0:0:0:
256,192,100722,1,0,0:0:0:0:
402,192,100722,1,0,0:0:0:0:
475,192,100722,1,0,0:0:0:0:
109,192,100898,1,0,0:0:0:0:
182,192,100898,1,0,0:0:0:0:
329,0,100898,128,0,101074:0:0:0:0:
402,0,100898,128,0,101074:0:0:0:0:
475,192,101075,1,0,0:0:0:0:
36,192,101163,1,0,0:0:0:0:
109,0,101251,128,0,101427:0:0:0:0:
182,0,101251,128,0,101427:0:0:0:0:
329,192,101251,1,0,0:0:0:0:
402,192,101251,1,0,0:0:0:0:
36,192,101427,1,0,0:0:0:0:
475,192,101516,1,0,0:0:0:0:
36,192,101604,1,0,0:0:0:0:
182,192,101604,1,0,0:0:0:0:
329,192,101604,1,0,0:0:0:0:
402,192,101626,1,0,0:0:0:0:
109,192,101692,1,0,0:0:0:0:
256,192,101692,1,0,0:0:0:0:
36,192,101780,1,0,0:0:0:0:
329,192,101780,1,0,0:0:0:0:
256,192,101869,1,0,0:0:0:0:
475,192,101869,1,0,0:0:0:0:
182,192,101957,1,0,0:0:0:0:
402,192,101957,1,0,0:0:0:0:
36,192,102045,1,0,0:0:0:0:
475,192,102045,1,0,0:0:0:0:
109,192,102133,1,0,0:0:0:0:
256,192,102133,1,0,0:0:0:0:
402,192,102133,1,0,0:0:0:0:
329,192,102155,1,0,0:0:0:0:
36,192,102222,1,0,0:0:0:0:
182,192,102310,1,0,0:0:0:0:
402,192,102310,1,0,0:0:0:0:
109,192,102398,1,0,0:0:0:0:
256,192,102398,1,0,0:0:0:0:
36,192,102486,1,0,0:0:0:0:
475,192,102486,1,0,0:0:0:0:
256,192,102575,1,0,0:0:0:0:
329,192,102575,1,0,0:0:0:0:
109,192,102663,1,0,0:0:0:0:
402,192,102663,1,0,0:0:0:0:
182,192,102685,1,0,0:0:0:0:
36,192,102751,1,0,0:0:0:0:
256,192,102751,1,0,0:0:0:0:
329,192,102839,1,0,0:0:0:0:
109,192,102927,1,0,0:0:0:0:
182,192,102927,1,0,0:0:0:0:
256,192,103016,1,0,0:0:0:0:
475,192,103016,1,0,0:0:0:0:
402,192,103038,1,0,0:0:0:0:
36,192,103104,1,0,0:0:0:0:
329,192,103104,1,0,0:0:0:0:
182,192,103192,1,0,0:0:0:0:
109,192,103280,1,0,0:0:0:0:
402,192,103280,1,0,0:0:0:0:
182,192,103369,1,0,0:0:0:0:
256,192,103369,1,0,0:0:0:0:
36,192,103457,1,0,0:0:0:0:
475,192,103457,1,0,0:0:0:0:
182,192,103545,1,0,0:0:0:0:
402,192,103545,1,0,0:0:0:0:
109,192,103633,1,0,0:0:0:0:
36,192,103722,1,0,0:0:0:0:
329,192,103722,1,0,0:0:0:0:
475,192,103722,1,0,0:0:0:0:
256,192,103744,1,0,0:0:0:0:
182,192,103810,1,0,0:0:0:0:
256,192,103898,1,0,0:0:0:0:
475,192,103898,1,0,0:0:0:0:
329,192,103986,1,0,0:0:0:0:
109,192,104075,1,0,0:0:0:0:
402,192,104075,1,0,0:0:0:0:
36,192,104097,1,0,0:0:0:0:
182,192,104163,1,0,0:0:0:0:
256,192,104163,1,0,0:0:0:0:
402,192,104251,1,0,0:0:0:0:
109,192,104339,1,0,0:0:0:0:
475,192,104339,1,0,0:0:0:0:
182,192,104427,1,0,0:0:0:0:
402,192,104427,1,0,0:0:0:0:
256,192,104450,1,0,0:0:0:0:
36,192,104516,1,0,0:0:0:0:
475,192,104516,1,0,0:0:0:0:
329,192,104604,1,0,0:0:0:0:
109,192,104692,1,0,0:0:0:0:
256,192,104692,1,0,0:0:0:0:
475,192,104692,1,0,0:0:0:0:
182,192,104780,1,0,0:0:0:0:
36,192,104869,1,0,0:0:0:0:
402,192,104869,1,0,0:0:0:0:
109,192,104957,1,0,0:0:0:0:
329,192,104957,1,0,0:0:0:0:
402,192,105045,1,0,0:0:0:0:
475,192,105045,1,0,0:0:0:0:
36,192,105133,1,0,0:0:0:0:
256,192,105133,1,0,0:0:0:0:
329,192,105155,1,0,0:0:0:0:
182,192,105222,1,0,0:0:0:0:
475,192,105222,1,0,0:0:0:0:
36,192,105310,1,0,0:0:0:0:
109,192,105310,1,0,0:0:0:0:
182,192,105398,1,0,0:0:0:0:
329,192,105398,1,0,0:0:0:0:
402,192,105398,1,0,0:0:0:0:
256,192,105486,1,0,0:0:0:0:
36,192,105575,1,0,0:0:0:0:
329,192,105575,1,0,0:0:0:0:
475,192,105575,1,0,0:0:0:0:
109,192,105663,1,0,0:0:0:0:
402,192,105663,1,0,0:0:0:0:
256,192,105751,1,0,0:0:0:0:
36,192,105839,1,0,0:0:0:0:
182,192,105839,1,0,0:0:0:0:
329,192,105839,1,0,0:0:0:0:
402,192,105861,1,0,0:0:0:0:
256,192,105927,1,0,0:0:0:0:
36,192,106016,1,0,0:0:0:0:
475,192,106016,1,0,0:0:0:0:
182,192,106104,1,0,0:0:0:0:
329,192,106104,1,0,0:0:0:0:
109,192,106192,1,0,0:0:0:0:
256,192,106192,1,0,0:0:0:0:
329,192,106280,1,0,0:0:0:0:
402,192,106280,1,0,0:0:0:0:
36,192,106369,1,0,0:0:0:0:
182,192,106369,1,0,0:0:0:0:
475,0,106369,128,0,106545:0:0:0:0:
256,192,106457,1,0,0:0:0:0:
36,192,106545,1,0,0:0:0:0:
329,192,106545,1,0,0:0:0:0:
402,0,106545,128,0,106721:0:0:0:0:
182,192,106633,1,0,0:0:0:0:
109,192,106722,1,0,0:0:0:0:
256,192,106722,1,0,0:0:0:0:
329,0,106722,128,0,106898:0:0:0:0:
475,192,106722,1,0,0:0:0:0:
182,192,106810,1,0,0:0:0:0:
36,192,106898,1,0,0:0:0:0:
256,0,106898,128,0,107074:0:0:0:0:
402,192,106898,1,0,0:0:0:0:
109,192,106986,1,0,0:0:0:0:
475,192,106986,1,0,0:0:0:0:
36,192,107075,1,0,0:0:0:0:
182,0,107075,128,0,107251:0:0:0:0:
329,192,107163,1,0,0:0:0:0:
402,192,107163,1,0,0:0:0:0:
109,192,107251,1,0,0:0:0:0:
256,192,107251,1,0,0:0:0:0:
36,192,107273,1,0,0:0:0:0:
182,192,107339,1,0,0:0:0:0:
402,192,107339,1,0,0:0:0:0:
475,192,107339,1,0,0:0:0:0:
256,192,107427,1,0,0:0:0:0:
329,192,107427,1,0,0:0:0:0:
109,192,107516,1,0,0:0:0:0:
402,192,107516,1,0,0:0:0:0:
36,192,107604,1,0,0:0:0:0:
256,192,107604,1,0,0:0:0:0:
109,192,107692,1,0,0:0:0:0:
402,192,107692,1,0,0:0:0:0:
182,192,107780,1,0,0:0:0:0:
475,192,107780,1,0,0:0:0:0:
109,192,107869,1,0,0:0:0:0:
329,192,107869,1,0,0:0:0:0:
402,192,107869,1,0,0:0:0:0:
182,192,107957,1,0,0:0:0:0:
256,192,107957,1,0,0:0:0:0:
36,192,108045,1,0,0:0:0:0:
475,192,108045,1,0,0:0:0:0:
256,192,108133,1,0,0:0:0:0:
329,192,108133,1,0,0:0:0:0:
109,192,108222,1,0,0:0:0:0:
402,192,108222,1,0,0:0:0:0:
36,192,108310,1,0,0:0:0:0:
182,192,108310,1,0,0:0:0:0:
475,192,108310,1,0,0:0:0:0:
329,192,108398,1,0,0:0:0:0:
109,192,108486,1,0,0:0:0:0:
182,0,108486,128,0,108574:0:0:0:0:
256,0,108486,128,0,108574:0:0:0:0:
475,192,108486,1,0,0:0:0:0:
402,192,108575,1,0,0:0:0:0:
36,0,108663,128,0,108778:0:0:0:0:
109,192,108663,1,0,0:0:0:0:
182,0,108663,128,0,109192:0:0:0:0:
256,0,108663,128,0,109192:0:0:0:0:
475,192,108751,1,0,0:0:0:0:
329,0,108780,128,0,108898:0:0:0:0:
109,192,108839,1,0,0:0:0:0:
402,0,108898,128,0,109016:0:0:0:0:
109,192,109016,1,0,0:0:0:0:
329,192,109016,1,0,0:0:0:0:
475,0,109016,128,0,109131:0:0:0:0:
36,192,109104,1,0,0:0:0:0:
402,0,109133,128,0,109251:0:0:0:0:
329,0,109251,128,0,109369:0:0:0:0:
109,192,109280,1,0,0:0:0:0:
36,192,109369,1,0,0:0:0:0:
256,0,109369,128,0,109484:0:0:0:0:
402,192,109369,1,0,0:0:0:0:
475,192,109457,1,0,0:0:0:0:
182,0,109486,128,0,109604:0:0:0:0:
329,192,109545,1,0,0:0:0:0:
109,0,109604,128,0,109722:0:0:0:0:
402,192,109633,1,0,0:0:0:0:
36,192,109722,1,0,0:0:0:0:
182,192,109722,1,0,0:0:0:0:
329,0,109722,128,0,109837:0:0:0:0:
475,192,109810,1,0,0:0:0:0:
256,0,109839,128,0,109957:0:0:0:0:
402,192,109898,1,0,0:0:0:0:
182,0,109957,128,0,110075:0:0:0:0:
329,192,109986,1,0,0:0:0:0:
36,192,110075,1,0,0:0:0:0:
109,192,110075,1,0,0:0:0:0:
256,192,110075,1,0,0:0:0:0:
402,192,110075,1,0,0:0:0:0:
329,192,110163,1,0,0:0:0:0:
182,192,110251,1,0,0:0:0:0:
256,192,110251,1,0,0:0:0:0:
475,192,110251,1,0,0:0:0:0:
109,192,110339,1,0,0:0:0:0:
36,192,110427,1,0,0:0:0:0:
182,192,110427,1,0,0:0:0:0:
475,192,110427,1,0,0:0:0:0:
256,192,110516,1,0,0:0:0:0:
402,192,110516,1,0,0:0:0:0:
182,192,110604,1,0,0:0:0:0:
329,192,110604,1,0,0:0:0:0:
109,192,110692,1,0,0:0:0:0:
475,192,110692,1,0,0:0:0:0:
182,192,110780,1,0,0:0:0:0:
256,192,110780,1,0,0:0:0:0:
402,192,110780,1,0,0:0:0:0:
36,192,110869,1,0,0:0:0:0:
329,192,110869,1,0,0:0:0:0:
182,192,110957,1,0,0:0:0:0:
402,192,110957,1,0,0:0:0:0:
109,192,111045,1,0,0:0:0:0:
329,192,111045,1,0,0:0:0:0:
182,192,111133,1,0,0:0:0:0:
475,192,111133,1,0,0:0:0:0:
109,192,111222,1,0,0:0:0:0:
402,192,111222,1,0,0:0:0:0:
182,192,111310,1,0,0:0:0:0:
329,192,111310,1,0,0:0:0:0:
36,192,111398,1,0,0:0:0:0:
256,192,111398,1,0,0:0:0:0:
109,0,111486,128,0,111574:0:0:0:0:
182,0,111486,128,0,111574:0:0:0:0:
329,0,111486,128,0,111574:0:0:0:0:
402,0,111486,128,0,111574:0:0:0:0:
475,192,111486,1,0,0:0:0:0:
109,0,111663,128,0,111839:0:0:0:0:
182,0,111663,128,0,111839:0:0:0:0:
256,192,111663,1,0,0:0:0:0:
329,0,111663,128,0,111839:0:0:0:0:
402,0,111663,128,0,111839:0:0:0:0:
36,192,111839,1,0,0:0:0:0:
475,192,111839,1,0,0:0:0:0:
182,192,111927,1,0,0:0:0:0:
256,0,111927,128,0,112103:0:0:0:0:
329,192,111927,1,0,0:0:0:0:
36,192,112016,1,0,0:0:0:0:
109,192,112016,1,0,0:0:0:0:
402,192,112016,1,0,0:0:0:0:
475,192,112016,1,0,0:0:0:0:
329,192,112104,1,0,0:0:0:0:
182,192,112192,1,0,0:0:0:0:
402,192,112192,1,0,0:0:0:0:
475,192,112192,1,0,0:0:0:0:
36,192,112280,1,0,0:0:0:0:
109,192,112280,1,0,0:0:0:0:
256,192,112280,1,0,0:0:0:0:
329,192,112369,1,0,0:0:0:0:
402,0,112369,128,0,112457:0:0:0:0:
475,0,112369,128,0,112457:0:0:0:0:
36,0,112457,128,0,112545:0:0:0:0:
109,0,112457,128,0,112545:0:0:0:0:
256,192,112457,1,0,0:0:0:0:
182,192,112545,1,0,0:0:0:0:
402,0,112545,128,0,112633:0:0:0:0:
475,0,112545,128,0,112633:0:0:0:0:
36,0,112633,128,0,112721:0:0:0:0:
109,0,112633,128,0,112721:0:0:0:0:
256,192,112633,1,0,0:0:0:0:
329,192,112722,1,0,0:0:0:0:
402,0,112722,128,0,112810:0:0:0:0:
475,0,112722,128,0,112810:0:0:0:0:
256,192,112810,1,0,0:0:0:0:
36,0,112810,128,0,112898:0:0:0:0:
109,0,112810,128,0,112898:0:0:0:0:
475,192,112898,1,0,0:0:0:0:
329,0,112898,128,0,114309:0:0:0:0:
402,0,112898,128,0,114309:0:0:0:0:
36,192,112986,1,0,0:0:0:0:
182,192,112986,1,0,0:0:0:0:
256,192,113075,1,0,0:0:0:0:
109,192,113163,1,0,0:0:0:0:
475,192,113163,1,0,0:0:0:0:
36,192,113251,1,0,0:0:0:0:
182,192,113339,1,0,0:0:0:0:
36,0,113427,128,0,113515:0:0:0:0:
109,0,113427,128,0,113515:0:0:0:0:
256,0,113427,128,0,113515:0:0:0:0:
475,0,113427,128,0,113515:0:0:0:0:
182,192,113516,1,0,0:0:0:0:
109,192,113604,1,0,0:0:0:0:
256,192,113604,1,0,0:0:0:0:
182,192,113692,1,0,0:0:0:0:
475,192,113692,1,0,0:0:0:0:
36,192,113780,1,0,0:0:0:0:
256,192,113780,1,0,0:0:0:0:
475,192,113869,1,0,0:0:0:0:
36,0,113957,128,0,114045:0:0:0:0:
109,0,113957,128,0,114045:0:0:0:0:
182,0,113957,128,0,114045:0:0:0:0:
256,0,113957,128,0,114045:0:0:0:0:
475,192,114045,1,0,0:0:0:0:
109,192,114133,1,0,0:0:0:0:
256,192,114133,1,0,0:0:0:0:
36,192,114222,1,0,0:0:0:0:
182,192,114222,1,0,0:0:0:0:
109,192,114310,1,0,0:0:0:0:
256,192,114310,1,0,0:0:0:0:
36,192,114398,1,0,0:0:0:0:
475,192,114398,1,0,0:0:0:0:
109,0,114486,128,0,114574:0:0:0:0:
182,0,114486,128,0,114574:0:0:0:0:
329,0,114486,128,0,114574:0:0:0:0:
402,0,114486,128,0,114574:0:0:0:0:
475,192,114575,1,0,0:0:0:0:
36,192,114663,1,0,0:0:0:0:
256,192,114663,1,0,0:0:0:0:
109,192,114751,1,0,0:0:0:0:
329,192,114751,1,0,0:0:0:0:
182,192,114839,1,0,0:0:0:0:
402,192,114839,1,0,0:0:0:0:
329,192,114927,1,0,0:0:0:0:
475,192,114927,1,0,0:0:0:0:
36,0,115016,128,0,115104:0:0:0:0:
109,0,115016,128,0,115104:0:0:0:0:
182,0,115016,128,0,115104:0:0:0:0:
256,0,115016,128,0,115104:0:0:0:0:
329,192,115104,1,0,0:0:0:0:
402,192,115104,1,0,0:0:0:0:
36,192,115192,1,0,0:0:0:0:
109,192,115192,1,0,0:0:0:0:
256,192,115280,1,0,0:0:0:0:
402,192,115280,1,0,0:0:0:0:
182,192,115369,1,0,0:0:0:0:
329,192,115369,1,0,0:0:0:0:
475,192,115369,1,0,0:0:0:0:
36,192,115457,1,0,0:0:0:0:
109,192,115457,1,0,0:0:0:0:
256,192,115545,1,0,0:0:0:0:
329,192,115545,1,0,0:0:0:0:
402,192,115545,1,0,0:0:0:0:
109,192,115633,1,0,0:0:0:0:
182,192,115633,1,0,0:0:0:0:
329,0,115722,128,0,115810:0:0:0:0:
402,0,115722,128,0,115810:0:0:0:0:
475,0,115722,128,0,115810:0:0:0:0:
36,192,115810,1,0,0:0:0:0:
256,192,115810,1,0,0:0:0:0:
182,192,115898,1,0,0:0:0:0:
329,192,115898,1,0,0:0:0:0:
109,192,115986,1,0,0:0:0:0:
475,192,115986,1,0,0:0:0:0:
256,192,116075,1,0,0:0:0:0:
329,192,116163,1,0,0:0:0:0:
402,192,116163,1,0,0:0:0:0:
36,192,116251,1,0,0:0:0:0:
109,192,116251,1,0,0:0:0:0:
182,192,116339,1,0,0:0:0:0:
475,192,116339,1,0,0:0:0:0:
36,0,116427,128,0,116779:0:0:0:0:
256,192,116427,1,0,0:0:0:0:
402,192,116427,1,0,0:0:0:0:
109,192,116516,1,0,0:0:0:0:
182,192,116516,1,0,0:0:0:0:
329,192,116604,1,0,0:0:0:0:
475,192,116604,1,0,0:0:0:0:
182,192,116692,1,0,0:0:0:0:
256,192,116692,1,0,0:0:0:0:
109,192,116780,1,0,0:0:0:0:
475,192,116780,1,0,0:0:0:0:
402,0,116780,128,0,117132:0:0:0:0:
256,192,116869,1,0,0:0:0:0:
329,192,116869,1,0,0:0:0:0:
36,192,116957,1,0,0:0:0:0:
182,192,116957,1,0,0:0:0:0:
329,192,117045,1,0,0:0:0:0:
475,192,117045,1,0,0:0:0:0:
109,0,117133,128,0,117221:0:0:0:0:
182,0,117133,128,0,117221:0:0:0:0:
256,0,117133,128,0,117221:0:0:0:0:
36,192,117222,1,0,0:0:0:0:
402,192,117222,1,0,0:0:0:0:
109,192,117310,1,0,0:0:0:0:
182,192,117310,1,0,0:0:0:0:
402,192,117398,1,0,0:0:0:0:
475,192,117398,1,0,0:0:0:0:
36,192,117486,1,0,0:0:0:0:
256,192,117486,1,0,0:0:0:0:
329,192,117575,1,0,0:0:0:0:
402,192,117575,1,0,0:0:0:0:
109,192,117663,1,0,0:0:0:0:
256,192,117663,1,0,0:0:0:0:
402,192,117751,1,0,0:0:0:0:
475,192,117751,1,0,0:0:0:0:
182,0,117839,128,0,117927:0:0:0:0:
256,0,117839,128,0,117927:0:0:0:0:
329,0,117839,128,0,117927:0:0:0:0:
36,192,117927,1,0,0:0:0:0:
109,192,117927,1,0,0:0:0:0:
329,192,118016,1,0,0:0:0:0:
475,192,118016,1,0,0:0:0:0:
109,192,118104,1,0,0:0:0:0:
256,192,118104,1,0,0:0:0:0:
329,192,118192,1,0,0:0:0:0:
402,192,118192,1,0,0:0:0:0:
36,192,118280,1,0,0:0:0:0:
256,192,118280,1,0,0:0:0:0:
182,192,118369,1,0,0:0:0:0:
329,192,118369,1,0,0:0:0:0:
109,192,118457,1,0,0:0:0:0:
256,192,118457,1,0,0:0:0:0:
182,0,118545,128,0,118633:0:0:0:0:
402,0,118545,128,0,118633:0:0:0:0:
475,0,118545,128,0,118633:0:0:0:0:
329,192,118633,1,0,0:0:0:0:
36,0,118722,128,0,118810:0:0:0:0:
109,0,118722,128,0,118810:0:0:0:0:
256,0,118722,128,0,118810:0:0:0:0:
475,192,118810,1,0,0:0:0:0:
182,0,118898,128,0,118986:0:0:0:0:
329,0,118898,128,0,118986:0:0:0:0:
402,0,118898,128,0,118986:0:0:0:0:
109,192,118986,1,0,0:0:0:0:
36,0,119075,128,0,119163:0:0:0:0:
256,0,119075,128,0,119163:0:0:0:0:
402,0,119075,128,0,119163:0:0:0:0:
475,192,119163,1,0,0:0:0:0:
109,0,119251,128,0,119339:0:0:0:0:
182,0,119251,128,0,119339:0:0:0:0:
329,0,119251,128,0,119339:0:0:0:0:
36,192,119339,1,0,0:0:0:0:
109,0,119427,128,0,119515:0:0:0:0:
256,0,119427,128,0,119515:0:0:0:0:
402,0,119427,128,0,119515:0:0:0:0:
475,0,119427,128,0,119515:0:0:0:0:
182,192,119516,1,0,0:0:0:0:
329,192,119516,1,0,0:0:0:0:
36,0,119604,128,0,119692:0:0:0:0:
109,0,119604,128,0,119692:0:0:0:0:
256,0,119604,128,0,119692:0:0:0:0:
182,192,119692,1,0,0:0:0:0:
329,192,119692,1,0,0:0:0:0:
475,192,119692,1,0,0:0:0:0:
256,0,119780,128,0,119868:0:0:0:0:
402,0,119780,128,0,119868:0:0:0:0:
109,192,119869,1,0,0:0:0:0:
182,192,119869,1,0,0:0:0:0:
329,192,119869,1,0,0:0:0:0:
36,0,119957,128,0,120045:0:0:0:0:
402,0,119957,128,0,120045:0:0:0:0:
475,0,119957,128,0,120045:0:0:0:0:
109,192,120045,1,0,0:0:0:0:
182,192,120045,1,0,0:0:0:0:
329,192,120045,1,0,0:0:0:0:
36,0,120133,128,0,120221:0:0:0:0:
256,0,120133,128,0,120221:0:0:0:0:
475,0,120133,128,0,120221:0:0:0:0:
182,192,120222,1,0,0:0:0:0:
329,192,120222,1,0,0:0:0:0:
402,192,120222,1,0,0:0:0:0:
36,0,120310,128,0,120398:0:0:0:0:
109,0,120310,128,0,120398:0:0:0:0:
256,0,120310,128,0,120398:0:0:0:0:
182,192,120398,1,0,0:0:0:0:
329,192,120398,1,0,0:0:0:0:
402,192,120398,1,0,0:0:0:0:
109,0,120486,128,0,120574:0:0:0:0:
256,0,120486,128,0,120574:0:0:0:0:
475,0,120486,128,0,120574:0:0:0:0:
182,192,120575,1,0,0:0:0:0:
36,0,120663,128,0,120751:0:0:0:0:
329,0,120663,128,0,120751:0:0:0:0:
402,0,120663,128,0,120751:0:0:0:0:
256,192,120751,1,0,0:0:0:0:
109,0,120839,128,0,120927:0:0:0:0:
182,0,120839,128,0,120927:0:0:0:0:
475,0,120839,128,0,120927:0:0:0:0:
36,192,120927,1,0,0:0:0:0:
402,192,120927,1,0,0:0:0:0:
256,0,121016,128,0,121104:0:0:0:0:
329,0,121016,128,0,121104:0:0:0:0:
475,0,121016,128,0,121104:0:0:0:0:
36,192,121104,1,0,0:0:0:0:
182,192,121104,1,0,0:0:0:0:
402,192,121104,1,0,0:0:0:0:
109,0,121192,128,0,121280:0:0:0:0:
329,0,121192,128,0,121280:0:0:0:0:
475,0,121192,128,0,121280:0:0:0:0:
36,192,121280,1,0,0:0:0:0:
256,192,121280,1,0,0:0:0:0:
402,192,121280,1,0,0:0:0:0:
109,192,121369,1,0,0:0:0:0:
182,192,121369,1,0,0:0:0:0:
329,192,121369,1,0,0:0:0:0:
256,192,121722,1,0,0:0:0:0:
256,192,121810,1,0,0:0:0:0:
109,192,121898,1,0,0:0:0:0:
402,192,121898,1,0,0:0:0:0:
475,192,121898,1,0,0:0:0:0:
256,192,122251,1,0,0:0:0:0:
36,192,122427,1,0,0:0:0:0:
109,192,122427,1,0,0:0:0:0:
329,192,122427,1,0,0:0:0:0:
402,192,122427,1,0,0:0:0:0:
256,192,122780,1,0,0:0:0:0:
109,192,122957,1,0,0:0:0:0:
182,192,122957,1,0,0:0:0:0:
329,192,122957,1,0,0:0:0:0:
402,192,122957,1,0,0:0:0:0:
256,192,123310,1,0,0:0:0:0:
256,192,123398,1,0,0:0:0:0:
36,0,123486,128,0,124191:0:0:0:0:
109,0,123486,128,0,124191:0:0:0:0:
402,0,123486,128,0,124191:0:0:0:0:
475,0,123486,128,0,124191:0:0:0:0:
182,192,124192,1,0,0:0:0:0:
329,192,124192,1,0,0:0:0:0:
109,192,125604,1,0,0:0:0:0:
256,192,125604,1,0,0:0:0:0:
182,192,127016,1,0,0:0:0:0:
329,192,127016,1,0,0:0:0:0:
402,192,127545,1,0,0:0:0:0:
182,192,129133,1,0,0:0:0:0:
256,192,129310,1,0,0:0:0:0:
329,192,129486,1,0,0:0:0:0:
109,192,129663,1,0,0:0:0:0:
36,192,129839,1,0,0:0:0:0:
256,192,129839,1,0,0:0:0:0:
329,192,130016,1,0,0:0:0:0:
402,192,130192,1,0,0:0:0:0:
475,192,130369,1,0,0:0:0:0:
182,192,131251,1,0,0:0:0:0:
256,192,131427,1,0,0:0:0:0:
329,192,131604,1,0,0:0:0:0:
36,192,132663,1,0,0:0:0:0:
109,0,132663,128,0,134074:0:0:0:0:
402,0,132663,128,0,134074:0:0:0:0:
182,192,132839,1,0,0:0:0:0:
256,192,133016,1,0,0:0:0:0:
329,192,133192,1,0,0:0:0:0:
182,192,133369,1,0,0:0:0:0:
256,192,133545,1,0,0:0:0:0:
329,192,133722,1,0,0:0:0:0:
475,192,133898,1,0,0:0:0:0:
36,192,134075,1,0,0:0:0:0:
182,192,134075,1,0,0:0:0:0:
256,192,134075,1,0,0:0:0:0:
109,192,135486,1,0,0:0:0:0:
182,0,135486,128,0,135662:0:0:0:0:
256,0,135486,128,0,135574:0:0:0:0:
475,0,135486,128,0,136897:0:0:0:0:
329,192,135575,1,0,0:0:0:0:
402,0,135575,128,0,135663:0:0:0:0:
36,0,135663,128,0,135705:0:0:0:0:
109,0,135663,128,0,135839:0:0:0:0:
256,0,135663,128,0,135751:0:0:0:0:
182,0,135751,128,0,135839:0:0:0:0:
256,192,135839,1,0,0:0:0:0:
329,0,135839,128,0,136015:0:0:0:0:
402,192,135839,1,0,0:0:0:0:
36,0,135927,128,0,136015:0:0:0:0:
109,0,136016,128,0,136058:0:0:0:0:
182,0,136016,128,0,136058:0:0:0:0:
256,192,136016,1,0,0:0:0:0:
402,192,136016,1,0,0:0:0:0:
329,0,136104,128,0,136146:0:0:0:0:
36,0,136192,128,0,136234:0:0:0:0:
109,0,136192,128,0,136368:0:0:0:0:
256,0,136192,128,0,136456:0:0:0:0:
402,192,136192,1,0,0:0:0:0:
182,0,136280,128,0,136368:0:0:0:0:
36,192,136369,1,0,0:0:0:0:
329,0,136369,128,0,136457:0:0:0:0:
402,192,136369,1,0,0:0:0:0:
109,0,136457,128,0,136545:0:0:0:0:
182,192,136457,1,0,0:0:0:0:
36,192,136545,1,0,0:0:0:0:
256,192,136545,1,0,0:0:0:0:
329,0,136545,128,0,136587:0:0:0:0:
402,0,136545,128,0,136721:0:0:0:0:
109,0,136633,128,0,136809:0:0:0:0:
182,0,136633,128,0,136721:0:0:0:0:
36,0,136722,128,0,136764:0:0:0:0:
256,192,136722,1,0,0:0:0:0:
329,0,136722,128,0,136898:0:0:0:0:
402,0,136810,128,0,136852:0:0:0:0:
109,192,136898,1,0,0:0:0:0:
182,0,136898,128,0,137074:0:0:0:0:
256,0,136898,128,0,136986:0:0:0:0:
36,0,136898,128,0,138309:0:0:0:0:
329,0,136986,128,0,137074:0:0:0:0:
402,192,136986,1,0,0:0:0:0:
109,0,137075,128,0,137251:0:0:0:0:
256,0,137075,128,0,137163:0:0:0:0:
475,0,137075,128,0,137117:0:0:0:0:
182,0,137163,128,0,137251:0:0:0:0:
256,192,137251,1,0,0:0:0:0:
329,192,137251,1,0,0:0:0:0:
402,0,137251,128,0,137427:0:0:0:0:
475,0,137339,128,0,137427:0:0:0:0:
109,0,137427,128,0,137472:0:0:0:0:
182,0,137427,128,0,137515:0:0:0:0:
256,192,137427,1,0,0:0:0:0:
329,192,137427,1,0,0:0:0:0:
402,0,137516,128,0,137604:0:0:0:0:
109,0,137604,128,0,137780:0:0:0:0:
256,0,137604,128,0,137868:0:0:0:0:
329,192,137604,1,0,0:0:0:0:
475,0,137604,128,0,137692:0:0:0:0:
182,0,137692,128,0,137780:0:0:0:0:
329,192,137780,1,0,0:0:0:0:
402,0,137780,128,0,137825:0:0:0:0:
475,192,137780,1,0,0:0:0:0:
109,0,137869,128,0,137911:0:0:0:0:
182,192,137869,1,0,0:0:0:0:
256,192,137957,1,0,0:0:0:0:
329,0,137957,128,0,138133:0:0:0:0:
402,0,137957,128,0,138045:0:0:0:0:
475,192,137957,1,0,0:0:0:0:
109,0,138045,128,0,138221:0:0:0:0:
182,0,138045,128,0,138133:0:0:0:0:
256,192,138133,1,0,0:0:0:0:
475,0,138133,128,0,138175:0:0:0:0:
402,0,138133,128,0,138309:0:0:0:0:
329,0,138222,128,0,138264:0:0:0:0:
475,192,138310,1,0,0:0:0:0:
256,0,138310,128,0,139721:0:0:0:0:
402,192,138354,1,0,0:0:0:0:
329,192,138398,1,0,0:0:0:0:
182,192,138442,1,0,0:0:0:0:
109,192,138486,1,0,0:0:0:0:
36,192,138530,1,0,0:0:0:0:
475,192,138575,1,0,0:0:0:0:
402,192,138619,1,0,0:0:0:0:
329,192,138663,1,0,0:0:0:0:
182,192,138707,1,0,0:0:0:0:
109,192,138751,1,0,0:0:0:0:
36,192,138795,1,0,0:0:0:0:
475,192,138795,1,0,0:0:0:0:
402,192,138839,1,0,0:0:0:0:
329,192,138883,1,0,0:0:0:0:
182,192,138927,1,0,0:0:0:0:
109,192,138972,1,0,0:0:0:0:
36,192,139016,1,0,0:0:0:0:
109,192,139060,1,0,0:0:0:0:
182,192,139104,1,0,0:0:0:0:
329,192,139148,1,0,0:0:0:0:
402,192,139192,1,0,0:0:0:0:
329,192,139236,1,0,0:0:0:0:
182,192,139280,1,0,0:0:0:0:
475,192,139325,1,0,0:0:0:0:
402,192,139369,1,0,0:0:0:0:
329,192,139413,1,0,0:0:0:0:
182,192,139457,1,0,0:0:0:0:
109,192,139501,1,0,0:0:0:0:
36,192,139545,1,0,0:0:0:0:
182,192,139589,1,0,0:0:0:0:
329,192,139633,1,0,0:0:0:0:
475,192,139677,1,0,0:0:0:0:
36,192,139722,1,0,0:0:0:0:
109,0,139722,128,0,140427:0:0:0:0:
182,0,139722,128,0,139810:0:0:0:0:
402,0,139722,128,0,140427:0:0:0:0:
256,0,139810,128,0,139898:0:0:0:0:
36,192,139898,1,0,0:0:0:0:
182,192,139898,1,0,0:0:0:0:
329,0,139898,128,0,139986:0:0:0:0:
475,0,139986,128,0,140074:0:0:0:0:
36,192,140075,1,0,0:0:0:0:
182,192,140075,1,0,0:0:0:0:
329,0,140075,128,0,140163:0:0:0:0:
256,0,140163,128,0,140251:0:0:0:0:
182,0,140251,128,0,140339:0:0:0:0:
329,192,140251,1,0,0:0:0:0:
475,192,140251,1,0,0:0:0:0:
36,0,140339,128,0,140427:0:0:0:0:
182,192,140427,1,0,0:0:0:0:
256,0,140427,128,0,140779:0:0:0:0:
329,192,140427,1,0,0:0:0:0:
475,0,140427,128,0,140515:0:0:0:0:
402,0,140516,128,0,140604:0:0:0:0:
36,192,140604,1,0,0:0:0:0:
109,0,140604,128,0,140692:0:0:0:0:
182,192,140604,1,0,0:0:0:0:
475,192,140604,1,0,0:0:0:0:
329,0,140692,128,0,140780:0:0:0:0:
36,192,140780,1,0,0:0:0:0:
109,192,140780,1,0,0:0:0:0:
182,192,140780,1,0,0:0:0:0:
402,192,140780,1,0,0:0:0:0:
475,192,140780,1,0,0:0:0:0:
182,192,140957,1,0,0:0:0:0:
256,192,140957,1,0,0:0:0:0:
329,192,140957,1,0,0:0:0:0:
36,0,141133,128,0,141221:0:0:0:0:
109,192,141133,1,0,0:0:0:0:
182,0,141133,128,0,141309:0:0:0:0:
475,0,141133,128,0,142544:0:0:0:0:
329,192,141222,1,0,0:0:0:0:
402,0,141222,128,0,141264:0:0:0:0:
36,0,141310,128,0,141352:0:0:0:0:
109,0,141310,128,0,141486:0:0:0:0:
256,0,141310,128,0,141352:0:0:0:0:
182,0,141398,128,0,141486:0:0:0:0:
256,192,141486,1,0,0:0:0:0:
329,0,141486,128,0,141662:0:0:0:0:
402,192,141486,1,0,0:0:0:0:
36,0,141575,128,0,141663:0:0:0:0:
109,0,141663,128,0,141751:0:0:0:0:
182,0,141663,128,0,141751:0:0:0:0:
256,192,141663,1,0,0:0:0:0:
402,192,141663,1,0,0:0:0:0:
329,0,141751,128,0,141793:0:0:0:0:
36,0,141839,128,0,141881:0:0:0:0:
109,0,141839,128,0,142015:0:0:0:0:
256,0,141839,128,0,142103:0:0:0:0:
402,192,141839,1,0,0:0:0:0:
182,0,141927,128,0,141972:0:0:0:0:
36,192,142016,1,0,0:0:0:0:
329,0,142016,128,0,142104:0:0:0:0:
402,192,142016,1,0,0:0:0:0:
109,0,142104,128,0,142192:0:0:0:0:
182,192,142104,1,0,0:0:0:0:
36,192,142192,1,0,0:0:0:0:
256,192,142192,1,0,0:0:0:0:
329,0,142192,128,0,142234:0:0:0:0:
402,0,142192,128,0,142368:0:0:0:0:
109,0,142280,128,0,142456:0:0:0:0:
182,0,142280,128,0,142368:0:0:0:0:
36,0,142369,128,0,142457:0:0:0:0:
256,192,142369,1,0,0:0:0:0:
329,0,142369,128,0,142545:0:0:0:0:
402,0,142457,128,0,142545:0:0:0:0:
109,192,142545,1,0,0:0:0:0:
182,0,142545,128,0,142721:0:0:0:0:
256,0,142545,128,0,142633:0:0:0:0:
36,0,142545,128,0,143956:0:0:0:0:
329,0,142633,128,0,142721:0:0:0:0:
402,192,142633,1,0,0:0:0:0:
109,0,142722,128,0,142898:0:0:0:0:
256,0,142722,128,0,142810:0:0:0:0:
475,0,142722,128,0,142764:0:0:0:0:
182,0,142810,128,0,142898:0:0:0:0:
256,192,142898,1,0,0:0:0:0:
329,192,142898,1,0,0:0:0:0:
402,0,142898,128,0,143074:0:0:0:0:
475,0,142986,128,0,143028:0:0:0:0:
109,0,143075,128,0,143117:0:0:0:0:
182,0,143075,128,0,143117:0:0:0:0:
256,192,143075,1,0,0:0:0:0:
329,192,143075,1,0,0:0:0:0:
402,0,143163,128,0,143251:0:0:0:0:
109,0,143251,128,0,143427:0:0:0:0:
256,0,143251,128,0,143515:0:0:0:0:
329,192,143251,1,0,0:0:0:0:
475,0,143251,128,0,143339:0:0:0:0:
182,0,143339,128,0,143427:0:0:0:0:
329,192,143427,1,0,0:0:0:0:
402,0,143427,128,0,143515:0:0:0:0:
475,192,143427,1,0,0:0:0:0:
109,0,143516,128,0,143604:0:0:0:0:
182,192,143516,1,0,0:0:0:0:
256,192,143604,1,0,0:0:0:0:
329,0,143604,128,0,143780:0:0:0:0:
402,0,143604,128,0,143646:0:0:0:0:
475,192,143604,1,0,0:0:0:0:
109,0,143692,128,0,143868:0:0:0:0:
182,0,143692,128,0,143780:0:0:0:0:
256,192,143780,1,0,0:0:0:0:
475,0,143780,128,0,143868:0:0:0:0:
402,0,143780,128,0,143956:0:0:0:0:
329,0,143869,128,0,143957:0:0:0:0:
109,0,143957,128,0,144133:0:0:0:0:
182,0,143957,128,0,143999:0:0:0:0:
256,192,143957,1,0,0:0:0:0:
475,192,143957,1,0,0:0:0:0:
36,192,144045,1,0,0:0:0:0:
329,0,144045,128,0,144087:0:0:0:0:
256,0,144133,128,0,144175:0:0:0:0:
402,0,144133,128,0,144175:0:0:0:0:
475,0,144133,128,0,144309:0:0:0:0:
109,0,144222,128,0,144264:0:0:0:0:
36,0,144310,128,0,144486:0:0:0:0:
256,192,144310,1,0,0:0:0:0:
329,192,144310,1,0,0:0:0:0:
402,0,144398,128,0,144440:0:0:0:0:
109,0,144486,128,0,144528:0:0:0:0:
182,192,144486,1,0,0:0:0:0:
329,192,144486,1,0,0:0:0:0:
475,0,144486,128,0,144528:0:0:0:0:
36,0,144575,128,0,144617:0:0:0:0:
182,0,144663,128,0,144927:0:0:0:0:
256,0,144663,128,0,144705:0:0:0:0:
329,192,144663,1,0,0:0:0:0:
475,0,144663,128,0,144839:0:0:0:0:
109,0,144751,128,0,144793:0:0:0:0:
36,0,144839,128,0,144881:0:0:0:0:
329,192,144839,1,0,0:0:0:0:
402,192,144839,1,0,0:0:0:0:
109,192,144927,1,0,0:0:0:0:
475,0,144927,128,0,144972:0:0:0:0:
36,0,145016,128,0,145058:0:0:0:0:
182,192,145016,1,0,0:0:0:0:
256,0,145016,128,0,145192:0:0:0:0:
402,192,145016,1,0,0:0:0:0:
109,0,145104,128,0,145146:0:0:0:0:
475,0,145104,128,0,145280:0:0:0:0:
182,192,145192,1,0,0:0:0:0:
402,0,145192,128,0,145234:0:0:0:0:
36,0,145192,128,0,145368:0:0:0:0:
329,0,145280,128,0,145325:0:0:0:0:
109,0,145369,128,0,146074:0:0:0:0:
182,0,145369,128,0,145457:0:0:0:0:
402,0,145369,128,0,146074:0:0:0:0:
475,192,145369,1,0,0:0:0:0:
256,0,145457,128,0,145545:0:0:0:0:
36,192,145545,1,0,0:0:0:0:
182,192,145545,1,0,0:0:0:0:
329,0,145545,128,0,145633:0:0:0:0:
475,0,145633,128,0,145721:0:0:0:0:
36,192,145722,1,0,0:0:0:0:
182,192,145722,1,0,0:0:0:0:
329,0,145722,128,0,145810:0:0:0:0:
256,0,145810,128,0,145898:0:0:0:0:
182,0,145898,128,0,145986:0:0:0:0:
329,192,145898,1,0,0:0:0:0:
475,192,145898,1,0,0:0:0:0:
36,0,145986,128,0,146074:0:0:0:0:
182,0,146075,128,0,146427:0:0:0:0:
256,192,146075,1,0,0:0:0:0:
329,192,146075,1,0,0:0:0:0:
475,192,146075,1,0,0:0:0:0:
256,192,146251,1,0,0:0:0:0:
329,192,146251,1,0,0:0:0:0:
475,192,146251,1,0,0:0:0:0:
36,192,146427,1,0,0:0:0:0:
256,192,146427,1,0,0:0:0:0:
402,192,146427,1,0,0:0:0:0:
475,192,146427,1,0,0:0:0:0:
329,0,146427,128,0,146779:0:0:0:0:
109,192,146472,1,0,0:0:0:0:
182,192,146516,1,0,0:0:0:0:
256,192,146560,1,0,0:0:0:0:
402,192,146604,1,0,0:0:0:0:
475,192,146648,1,0,0:0:0:0:
109,192,146692,1,0,0:0:0:0:
36,192,146780,1,0,0:0:0:0:
182,192,146780,1,0,0:0:0:0:
256,192,146780,1,0,0:0:0:0:
402,192,146780,1,0,0:0:0:0:
329,192,146869,1,0,0:0:0:0:
475,192,146869,1,0,0:0:0:0:
402,192,146913,1,0,0:0:0:0:
36,192,146957,1,0,0:0:0:0:
182,192,146957,1,0,0:0:0:0:
256,192,146957,1,0,0:0:0:0:
109,192,147045,1,0,0:0:0:0:
329,192,147045,1,0,0:0:0:0:
402,192,147045,1,0,0:0:0:0:
475,192,147045,1,0,0:0:0:0:
182,192,147133,1,0,0:0:0:0:
256,0,147133,128,0,147309:0:0:0:0:
109,192,147222,1,0,0:0:0:0:
475,192,147222,1,0,0:0:0:0:
36,192,147310,1,0,0:0:0:0:
182,192,147310,1,0,0:0:0:0:
329,192,147310,1,0,0:0:0:0:
402,192,147310,1,0,0:0:0:0:
109,192,147398,1,0,0:0:0:0:
256,192,147398,1,0,0:0:0:0:
475,0,147398,128,0,147708:0:0:0:0:
329,192,147442,1,0,0:0:0:0:
182,192,147486,1,0,0:0:0:0:
402,0,147486,128,0,147796:0:0:0:0:
36,0,147486,128,0,148280:0:0:0:0:
329,0,147575,128,0,147882:0:0:0:0:
109,0,147575,128,0,148192:0:0:0:0:
182,0,147663,128,0,148104:0:0:0:0:
256,192,147663,1,0,0:0:0:0:
256,0,147751,128,0,147972:0:0:0:0:
475,0,147839,128,0,148456:0:0:0:0:
402,0,147927,128,0,148368:0:0:0:0:
329,0,148016,128,0,148280:0:0:0:0:
256,0,148104,128,0,148192:0:0:0:0:
182,192,148192,1,0,0:0:0:0:
109,192,148280,1,0,0:0:0:0:
36,192,148325,1,0,0:0:0:0:
182,192,148369,1,0,0:0:0:0:
256,192,148369,1,0,0:0:0:0:
329,192,148369,1,0,0:0:0:0:
36,192,148457,1,0,0:0:0:0:
402,192,148457,1,0,0:0:0:0:
109,0,148545,128,0,148587:0:0:0:0:
256,192,148545,1,0,0:0:0:0:
475,0,148545,128,0,148587:0:0:0:0:
36,192,148633,1,0,0:0:0:0:
182,192,148633,1,0,0:0:0:0:
329,192,148633,1,0,0:0:0:0:
402,192,148633,1,0,0:0:0:0:
109,192,148722,1,0,0:0:0:0:
256,192,148722,1,0,0:0:0:0:
36,0,148810,128,0,149382:0:0:0:0:
182,192,148810,1,0,0:0:0:0:
402,192,148810,1,0,0:0:0:0:
475,192,148810,1,0,0:0:0:0:
109,0,148898,128,0,149293:0:0:0:0:
256,192,148898,1,0,0:0:0:0:
329,192,148898,1,0,0:0:0:0:
402,192,148942,1,0,0:0:0:0:
182,0,148986,128,0,149207:0:0:0:0:
475,0,148986,128,0,149780:0:0:0:0:
256,0,149075,128,0,149117:0:0:0:0:
402,0,149075,128,0,149692:0:0:0:0:
329,0,149163,128,0,149604:0:0:0:0:
256,0,149251,128,0,149515:0:0:0:0:
182,0,149339,128,0,149603:0:0:0:0:
109,0,149427,128,0,149691:0:0:0:0:
36,0,149516,128,0,149780:0:0:0:0:
256,192,149604,1,0,0:0:0:0:
182,192,149692,1,0,0:0:0:0:
329,192,149692,1,0,0:0:0:0:
109,192,149736,1,0,0:0:0:0:
256,192,149780,1,0,0:0:0:0:
109,192,149869,1,0,0:0:0:0:
182,192,149869,1,0,0:0:0:0:
329,192,149869,1,0,0:0:0:0:
402,192,149869,1,0,0:0:0:0:
36,0,149957,128,0,150133:0:0:0:0:
256,192,149957,1,0,0:0:0:0:
475,0,149957,128,0,150133:0:0:0:0:
182,192,150045,1,0,0:0:0:0:
329,192,150045,1,0,0:0:0:0:
256,192,150133,1,0,0:0:0:0:
36,192,150222,1,0,0:0:0:0:
109,0,150222,128,0,150617:0:0:0:0:
402,0,150222,128,0,150441:0:0:0:0:
182,0,150310,128,0,150705:0:0:0:0:
329,0,150310,128,0,150529:0:0:0:0:
475,192,150310,1,0,0:0:0:0:
36,192,150398,1,0,0:0:0:0:
256,0,150398,128,0,150619:0:0:0:0:
475,0,150486,128,0,151103:0:0:0:0:
402,0,150575,128,0,151016:0:0:0:0:
329,0,150663,128,0,150927:0:0:0:0:
36,0,150663,128,0,151192:0:0:0:0:
256,0,150751,128,0,150793:0:0:0:0:
109,0,150751,128,0,151103:0:0:0:0:
182,0,150839,128,0,151015:0:0:0:0:
256,192,150927,1,0,0:0:0:0:
329,192,151016,1,0,0:0:0:0:
182,192,151104,1,0,0:0:0:0:
256,192,151104,1,0,0:0:0:0:
402,192,151104,1,0,0:0:0:0:
109,192,151192,1,0,0:0:0:0:
475,192,151192,1,0,0:0:0:0:
402,192,151236,1,0,0:0:0:0:
36,192,151280,1,0,0:0:0:0:
182,192,151280,1,0,0:0:0:0:
256,192,151280,1,0,0:0:0:0:
329,192,151280,1,0,0:0:0:0:
109,192,151369,1,0,0:0:0:0:
402,0,151369,128,0,151411:0:0:0:0:
475,0,151369,128,0,151411:0:0:0:0:
36,192,151457,1,0,0:0:0:0:
256,192,151457,1,0,0:0:0:0:
182,192,151545,1,0,0:0:0:0:
329,192,151545,1,0,0:0:0:0:
402,192,151545,1,0,0:0:0:0:
36,192,151633,1,0,0:0:0:0:
109,192,151633,1,0,0:0:0:0:
475,192,151633,1,0,0:0:0:0:
182,192,151722,1,0,0:0:0:0:
256,192,151722,1,0,0:0:0:0:
329,0,151722,128,0,151986:0:0:0:0:
402,0,151810,128,0,151898:0:0:0:0:
36,192,151898,1,0,0:0:0:0:
109,192,151898,1,0,0:0:0:0:
475,0,151898,128,0,152162:0:0:0:0:
402,0,151986,128,0,152074:0:0:0:0:
182,192,152075,1,0,0:0:0:0:
256,192,152075,1,0,0:0:0:0:
329,0,152075,128,0,152339:0:0:0:0:
402,0,152163,128,0,152251:0:0:0:0:
36,192,152251,1,0,0:0:0:0:
109,192,152251,1,0,0:0:0:0:
475,0,152251,128,0,152427:0:0:0:0:
402,0,152339,128,0,152427:0:0:0:0:
36,0,152427,128,0,152913:0:0:0:0:
182,192,152427,1,0,0:0:0:0:
256,192,152427,1,0,0:0:0:0:
329,192,152427,1,0,0:0:0:0:
109,0,152516,128,0,152826:0:0:0:0:
475,0,152516,128,0,153000:0:0:0:0:
182,0,152604,128,0,152735:0:0:0:0:
402,0,152604,128,0,152914:0:0:0:0:
256,192,152692,1,0,0:0:0:0:
329,0,152692,128,0,152825:0:0:0:0:
256,0,152780,128,0,152956:0:0:0:0:
182,0,152869,128,0,153045:0:0:0:0:
109,0,152957,128,0,153133:0:0:0:0:
329,0,152957,128,0,153133:0:0:0:0:
36,0,153045,128,0,153221:0:0:0:0:
402,0,153045,128,0,153221:0:0:0:0:
182,192,153133,1,0,0:0:0:0:
256,192,153133,1,0,0:0:0:0:
475,0,153133,128,0,153309:0:0:0:0:
109,192,153177,1,0,0:0:0:0:
329,192,153222,1,0,0:0:0:0:
36,192,153310,1,0,0:0:0:0:
109,192,153310,1,0,0:0:0:0:
256,192,153310,1,0,0:0:0:0:
182,192,153398,1,0,0:0:0:0:
329,192,153398,1,0,0:0:0:0:
402,192,153398,1,0,0:0:0:0:
475,192,153398,1,0,0:0:0:0:
36,0,153486,128,0,153662:0:0:0:0:
109,0,153486,128,0,153662:0:0:0:0:
256,192,153486,1,0,0:0:0:0:
329,192,153575,1,0,0:0:0:0:
475,192,153575,1,0,0:0:0:0:
182,192,153663,1,0,0:0:0:0:
256,192,153663,1,0,0:0:0:0:
402,192,153663,1,0,0:0:0:0:
36,192,153751,1,0,0:0:0:0:
475,192,153751,1,0,0:0:0:0:
109,192,153839,1,0,0:0:0:0:
256,0,153839,128,0,154060:0:0:0:0:
329,192,153839,1,0,0:0:0:0:
402,192,153839,1,0,0:0:0:0:
36,192,153883,1,0,0:0:0:0:
182,0,153927,128,0,154237:0:0:0:0:
475,0,153927,128,0,154325:0:0:0:0:
109,0,154016,128,0,154326:0:0:0:0:
402,0,154016,128,0,154235:0:0:0:0:
36,0,154104,128,0,154414:0:0:0:0:
329,0,154104,128,0,154146:0:0:0:0:
256,0,154192,128,0,154368:0:0:0:0:
329,0,154280,128,0,154456:0:0:0:0:
182,0,154369,128,0,154545:0:0:0:0:
402,0,154369,128,0,154545:0:0:0:0:
109,0,154457,128,0,154633:0:0:0:0:
475,0,154457,128,0,154633:0:0:0:0:
36,0,154545,128,0,154721:0:0:0:0:
256,192,154545,1,0,0:0:0:0:
329,192,154545,1,0,0:0:0:0:
182,192,154633,1,0,0:0:0:0:
402,192,154677,1,0,0:0:0:0:
109,192,154722,1,0,0:0:0:0:
256,192,154722,1,0,0:0:0:0:
329,192,154722,1,0,0:0:0:0:
475,192,154722,1,0,0:0:0:0:
36,192,154810,1,0,0:0:0:0:
182,192,154810,1,0,0:0:0:0:
402,192,154810,1,0,0:0:0:0:
109,192,154898,1,0,0:0:0:0:
256,192,154898,1,0,0:0:0:0:
329,0,154898,128,0,154940:0:0:0:0:
475,0,154898,128,0,154940:0:0:0:0:
36,192,154986,1,0,0:0:0:0:
182,192,154986,1,0,0:0:0:0:
256,192,155075,1,0,0:0:0:0:
329,192,155075,1,0,0:0:0:0:
402,192,155075,1,0,0:0:0:0:
475,192,155075,1,0,0:0:0:0:
36,192,155163,1,0,0:0:0:0:
109,192,155163,1,0,0:0:0:0:
182,192,155163,1,0,0:0:0:0:
36,0,155251,128,0,155427:0:0:0:0:
256,0,155251,128,0,155427:0:0:0:0:
329,192,155251,1,0,0:0:0:0:
475,0,155251,128,0,155780:0:0:0:0:
182,0,155339,128,0,155515:0:0:0:0:
402,0,155339,128,0,155515:0:0:0:0:
109,0,155427,128,0,155603:0:0:0:0:
329,0,155427,128,0,155603:0:0:0:0:
36,0,155516,128,0,155692:0:0:0:0:
256,0,155516,128,0,155692:0:0:0:0:
182,0,155604,128,0,155780:0:0:0:0:
402,0,155604,128,0,155868:0:0:0:0:
109,0,155692,128,0,155868:0:0:0:0:
329,0,155692,128,0,155956:0:0:0:0:
36,0,155780,128,0,156221:0:0:0:0:
256,0,155780,128,0,156044:0:0:0:0:
182,0,155869,128,0,155957:0:0:0:0:
475,0,155869,128,0,156133:0:0:0:0:
109,0,155957,128,0,156309:0:0:0:0:
402,0,155957,128,0,156045:0:0:0:0:
182,0,156045,128,0,156397:0:0:0:0:
329,0,156045,128,0,156133:0:0:0:0:
256,0,156133,128,0,156221:0:0:0:0:
402,0,156133,128,0,156397:0:0:0:0:
329,0,156222,128,0,156310:0:0:0:0:
475,0,156222,128,0,156486:0:0:0:0:
256,0,156310,128,0,156486:0:0:0:0:
36,0,156310,128,0,157280:0:0:0:0:
109,0,156398,128,0,156574:0:0:0:0:
329,0,156398,128,0,156574:0:0:0:0:
182,0,156486,128,0,156662:0:0:0:0:
402,0,156486,128,0,156662:0:0:0:0:
256,0,156575,128,0,156751:0:0:0:0:
475,0,156575,128,0,156751:0:0:0:0:
109,0,156663,128,0,156927:0:0:0:0:
329,0,156663,128,0,156927:0:0:0:0:
182,0,156751,128,0,156839:0:0:0:0:
402,0,156751,128,0,156839:0:0:0:0:
256,0,156839,128,0,157015:0:0:0:0:
475,0,156839,128,0,157015:0:0:0:0:
182,0,156927,128,0,157103:0:0:0:0:
402,0,156927,128,0,157103:0:0:0:0:
109,0,157016,128,0,157192:0:0:0:0:
329,0,157016,128,0,157192:0:0:0:0:
256,0,157104,128,0,157280:0:0:0:0:
475,0,157104,128,0,157809:0:0:0:0:
182,0,157192,128,0,157368:0:0:0:0:
402,0,157192,128,0,157368:0:0:0:0:
109,0,157280,128,0,157456:0:0:0:0:
329,0,157280,128,0,157456:0:0:0:0:
36,0,157369,128,0,157545:0:0:0:0:
256,0,157369,128,0,157545:0:0:0:0:
182,0,157457,128,0,157721:0:0:0:0:
402,0,157457,128,0,157721:0:0:0:0:
109,0,157545,128,0,157633:0:0:0:0:
329,0,157545,128,0,157633:0:0:0:0:
36,0,157633,128,0,157721:0:0:0:0:
256,0,157633,128,0,157809:0:0:0:0:
329,0,157722,128,0,157898:0:0:0:0:
109,0,157722,128,0,158074:0:0:0:0:
182,0,157810,128,0,157898:0:0:0:0:
402,0,157810,128,0,157986:0:0:0:0:
36,192,157898,1,0,0:0:0:0:
256,0,157898,128,0,157986:0:0:0:0:
475,0,157898,128,0,158074:0:0:0:0:
329,0,157986,128,0,158074:0:0:0:0:
256,192,158075,1,0,0:0:0:0:
402,192,158075,1,0,0:0:0:0:
182,0,158075,128,0,159486:0:0:0:0:
36,192,158251,1,0,0:0:0:0:
109,192,158251,1,0,0:0:0:0:
329,192,158251,1,0,0:0:0:0:
256,192,158427,1,0,0:0:0:0:
475,192,158427,1,0,0:0:0:0:
36,192,158604,1,0,0:0:0:0:
109,192,158604,1,0,0:0:0:0:
329,192,158604,1,0,0:0:0:0:
256,192,158780,1,0,0:0:0:0:
402,192,158780,1,0,0:0:0:0:
475,192,158780,1,0,0:0:0:0:
36,192,158957,1,0,0:0:0:0:
109,192,158957,1,0,0:0:0:0:
329,192,158957,1,0,0:0:0:0:
256,192,159133,1,0,0:0:0:0:
475,192,159133,1,0,0:0:0:0:
36,192,159310,1,0,0:0:0:0:
109,192,159310,1,0,0:0:0:0:
329,192,159310,1,0,0:0:0:0:
256,192,159486,1,0,0:0:0:0:
475,192,159486,1,0,0:0:0:0:
402,0,159486,128,0,160897:0:0:0:0:
36,192,159663,1,0,0:0:0:0:
182,192,159663,1,0,0:0:0:0:
329,192,159663,1,0,0:0:0:0:
256,192,159839,1,0,0:0:0:0:
475,192,159839,1,0,0:0:0:0:
36,192,160016,1,0,0:0:0:0:
182,192,160016,1,0,0:0:0:0:
329,192,160016,1,0,0:0:0:0:
109,192,160192,1,0,0:0:0:0:
256,192,160192,1,0,0:0:0:0:
475,192,160192,1,0,0:0:0:0:
36,192,160369,1,0,0:0:0:0:
182,192,160369,1,0,0:0:0:0:
329,192,160369,1,0,0:0:0:0:
256,192,160545,1,0,0:0:0:0:
475,192,160545,1,0,0:0:0:0:
36,192,160722,1,0,0:0:0:0:
182,192,160722,1,0,0:0:0:0:
329,192,160722,1,0,0:0:0:0:
109,0,160898,128,0,161074:0:0:0:0:
256,0,160898,128,0,161074:0:0:0:0:
329,192,160898,1,0,0:0:0:0:
182,192,161075,1,0,0:0:0:0:
402,0,161075,128,0,161117:0:0:0:0:
475,192,161075,1,0,0:0:0:0:
36,192,161251,1,0,0:0:0:0:
182,0,161251,128,0,161293:0:0:0:0:
256,192,161427,1,0,0:0:0:0:
329,0,161427,128,0,161472:0:0:0:0:
109,192,161604,1,0,0:0:0:0:
256,0,161604,128,0,161780:0:0:0:0:
402,0,161604,128,0,161780:0:0:0:0:
475,192,161604,1,0,0:0:0:0:
36,192,161780,1,0,0:0:0:0:
182,0,161780,128,0,161825:0:0:0:0:
329,192,161780,1,0,0:0:0:0:
329,0,161957,128,0,161999:0:0:0:0:
475,192,161957,1,0,0:0:0:0:
109,0,162133,128,0,162175:0:0:0:0:
182,192,162133,1,0,0:0:0:0:
36,192,162310,1,0,0:0:0:0:
256,192,162310,1,0,0:0:0:0:
329,0,162310,128,0,162352:0:0:0:0:
402,0,162310,128,0,162352:0:0:0:0:
109,0,162486,128,0,162528:0:0:0:0:
182,0,162486,128,0,162528:0:0:0:0:
256,192,162486,1,0,0:0:0:0:
475,192,162486,1,0,0:0:0:0:
36,192,162663,1,0,0:0:0:0:
256,192,162663,1,0,0:0:0:0:
329,0,162663,128,0,162705:0:0:0:0:
402,0,162663,128,0,162705:0:0:0:0:
109,0,162839,128,0,162881:0:0:0:0:
182,0,162839,128,0,162881:0:0:0:0:
256,192,162839,1,0,0:0:0:0:
475,192,162839,1,0,0:0:0:0:
109,192,163016,1,0,0:0:0:0:
182,192,163016,1,0,0:0:0:0:
329,192,163016,1,0,0:0:0:0:
402,192,163016,1,0,0:0:0:0:
36,192,163722,1,0,0:0:0:0:
109,192,163722,1,0,0:0:0:0:
402,0,163722,128,0,163810:0:0:0:0:
475,192,163722,1,0,0:0:0:0:
256,0,163810,128,0,163898:0:0:0:0:
109,0,163898,128,0,163986:0:0:0:0:
182,0,163986,128,0,164074:0:0:0:0:
36,192,164075,1,0,0:0:0:0:
256,192,164075,1,0,0:0:0:0:
329,0,164075,128,0,164163:0:0:0:0:
402,192,164075,1,0,0:0:0:0:
475,192,164075,1,0,0:0:0:0:
402,0,164163,128,0,164251:0:0:0:0:
109,0,164251,128,0,164427:0:0:0:0:
475,0,164251,128,0,164339:0:0:0:0:
256,0,164339,128,0,164427:0:0:0:0:
182,0,164427,128,0,164515:0:0:0:0:
329,192,164427,1,0,0:0:0:0:
402,192,164427,1,0,0:0:0:0:
475,192,164427,1,0,0:0:0:0:
109,0,164516,128,0,164604:0:0:0:0:
36,0,164604,128,0,164692:0:0:0:0:
329,192,164604,1,0,0:0:0:0:
402,192,164604,1,0,0:0:0:0:
475,192,164604,1,0,0:0:0:0:
329,0,164692,128,0,164780:0:0:0:0:
36,192,164780,1,0,0:0:0:0:
109,192,164780,1,0,0:0:0:0:
256,0,164780,128,0,164868:0:0:0:0:
402,192,164780,1,0,0:0:0:0:
475,192,164780,1,0,0:0:0:0:
182,0,164869,128,0,164957:0:0:0:0:
109,0,164957,128,0,165045:0:0:0:0:
182,0,165045,128,0,165133:0:0:0:0:
36,192,165133,1,0,0:0:0:0:
256,192,165133,1,0,0:0:0:0:
402,0,165133,128,0,165221:0:0:0:0:
475,192,165133,1,0,0:0:0:0:
329,0,165222,128,0,165310:0:0:0:0:
256,0,165310,128,0,165398:0:0:0:0:
182,0,165398,128,0,165486:0:0:0:0:
36,192,165486,1,0,0:0:0:0:
109,0,165486,128,0,165574:0:0:0:0:
329,192,165486,1,0,0:0:0:0:
402,192,165486,1,0,0:0:0:0:
475,192,165486,1,0,0:0:0:0:
256,0,165575,128,0,165663:0:0:0:0:
182,0,165663,128,0,165751:0:0:0:0:
36,0,165751,128,0,165839:0:0:0:0:
109,192,165839,1,0,0:0:0:0:
182,192,165839,1,0,0:0:0:0:
256,192,165839,1,0,0:0:0:0:
402,0,165839,128,0,165927:0:0:0:0:
475,192,165839,1,0,0:0:0:0:
329,0,165927,128,0,166015:0:0:0:0:
475,0,166016,128,0,166104:0:0:0:0:
256,0,166104,128,0,166192:0:0:0:0:
36,192,166192,1,0,0:0:0:0:
109,0,166192,128,0,166280:0:0:0:0:
182,192,166192,1,0,0:0:0:0:
402,192,166192,1,0,0:0:0:0:
475,192,166192,1,0,0:0:0:0:
329,0,166280,128,0,166368:0:0:0:0:
182,0,166369,128,0,166457:0:0:0:0:
109,0,166457,128,0,166545:0:0:0:0:
36,192,166545,1,0,0:0:0:0:
182,0,166545,128,0,166633:0:0:0:0:
329,192,166545,1,0,0:0:0:0:
402,192,166545,1,0,0:0:0:0:
256,0,166633,128,0,166721:0:0:0:0:
182,192,166722,1,0,0:0:0:0:
329,192,166722,1,0,0:0:0:0:
402,0,166722,128,0,166810:0:0:0:0:
475,192,166722,1,0,0:0:0:0:
475,0,166810,128,0,166898:0:0:0:0:
36,192,166898,1,0,0:0:0:0:
109,0,166898,128,0,166986:0:0:0:0:
182,192,166898,1,0,0:0:0:0:
256,192,166898,1,0,0:0:0:0:
329,192,166898,1,0,0:0:0:0:
182,0,166986,128,0,167074:0:0:0:0:
256,0,167075,128,0,167163:0:0:0:0:
402,0,167075,128,0,167251:0:0:0:0:
329,0,167163,128,0,167251:0:0:0:0:
109,192,167251,1,0,0:0:0:0:
182,192,167251,1,0,0:0:0:0:
256,192,167251,1,0,0:0:0:0:
475,0,167251,128,0,167339:0:0:0:0:
402,0,167339,128,0,167427:0:0:0:0:
109,192,167427,1,0,0:0:0:0:
182,192,167427,1,0,0:0:0:0:
256,192,167427,1,0,0:0:0:0:
329,0,167427,128,0,167515:0:0:0:0:
109,0,167516,128,0,167604:0:0:0:0:
36,0,167604,128,0,167692:0:0:0:0:
182,192,167604,1,0,0:0:0:0:
256,192,167604,1,0,0:0:0:0:
329,192,167604,1,0,0:0:0:0:
402,192,167604,1,0,0:0:0:0:
109,0,167692,128,0,167780:0:0:0:0:
402,0,167780,128,0,167868:0:0:0:0:
475,0,167869,128,0,167957:0:0:0:0:
36,192,167957,1,0,0:0:0:0:
182,0,167957,128,0,168045:0:0:0:0:
256,192,167957,1,0,0:0:0:0:
329,192,167957,1,0,0:0:0:0:
109,0,168045,128,0,168133:0:0:0:0:
36,0,168133,128,0,168221:0:0:0:0:
256,192,168133,1,0,0:0:0:0:
329,192,168133,1,0,0:0:0:0:
109,0,168222,128,0,168310:0:0:0:0:
36,192,168310,1,0,0:0:0:0:
182,0,168310,128,0,168398:0:0:0:0:
329,192,168310,1,0,0:0:0:0:
402,192,168310,1,0,0:0:0:0:
475,192,168310,1,0,0:0:0:0:
256,0,168398,128,0,168486:0:0:0:0:
329,0,168486,128,0,168574:0:0:0:0:
402,192,168486,1,0,0:0:0:0:
475,192,168486,1,0,0:0:0:0:
402,0,168575,128,0,168663:0:0:0:0:
36,192,168663,1,0,0:0:0:0:
182,0,168663,128,0,168751:0:0:0:0:
256,192,168663,1,0,0:0:0:0:
329,192,168663,1,0,0:0:0:0:
475,192,168663,1,0,0:0:0:0:
109,0,168751,128,0,168839:0:0:0:0:
256,0,168839,128,0,168927:0:0:0:0:
329,192,168839,1,0,0:0:0:0:
36,0,168927,128,0,169015:0:0:0:0:
182,192,169016,1,0,0:0:0:0:
256,192,169016,1,0,0:0:0:0:
329,192,169016,1,0,0:0:0:0:
402,0,169016,128,0,169104:0:0:0:0:
475,192,169016,1,0,0:0:0:0:
109,0,169104,128,0,169192:0:0:0:0:
475,0,169192,128,0,169280:0:0:0:0:
402,0,169280,128,0,169368:0:0:0:0:
36,0,169369,128,0,169457:0:0:0:0:
256,192,169369,1,0,0:0:0:0:
329,192,169369,1,0,0:0:0:0:
109,0,169369,128,0,170780:0:0:0:0:
182,0,169457,128,0,169545:0:0:0:0:
256,0,169545,128,0,169633:0:0:0:0:
402,0,169633,128,0,169721:0:0:0:0:
36,192,169722,1,0,0:0:0:0:
182,192,169722,1,0,0:0:0:0:
256,192,169722,1,0,0:0:0:0:
329,0,169722,128,0,169810:0:0:0:0:
256,0,169810,128,0,169898:0:0:0:0:
182,0,169898,128,0,169986:0:0:0:0:
402,192,169898,1,0,0:0:0:0:
475,192,169898,1,0,0:0:0:0:
36,0,169986,128,0,170074:0:0:0:0:
182,192,170075,1,0,0:0:0:0:
256,192,170075,1,0,0:0:0:0:
329,0,170075,128,0,170163:0:0:0:0:
402,192,170075,1,0,0:0:0:0:
475,0,170163,128,0,170251:0:0:0:0:
256,0,170251,128,0,170339:0:0:0:0:
402,0,170339,128,0,170427:0:0:0:0:
182,0,170427,128,0,170515:0:0:0:0:
329,0,170516,128,0,170604:0:0:0:0:
36,0,170604,128,0,170692:0:0:0:0:
256,192,170604,1,0,0:0:0:0:
402,192,170604,1,0,0:0:0:0:
182,0,170692,128,0,170780:0:0:0:0:
36,192,170780,1,0,0:0:0:0:
256,192,170780,1,0,0:0:0:0:
329,0,170780,128,0,171485:0:0:0:0:
475,0,170780,128,0,170868:0:0:0:0:
402,0,170869,128,0,170957:0:0:0:0:
36,192,170957,1,0,0:0:0:0:
109,192,170957,1,0,0:0:0:0:
182,0,170957,128,0,171045:0:0:0:0:
256,192,170957,1,0,0:0:0:0:
256,0,171045,128,0,171133:0:0:0:0:
109,192,171133,1,0,0:0:0:0:
182,192,171133,1,0,0:0:0:0:
402,0,171133,128,0,171221:0:0:0:0:
475,0,171222,128,0,171310:0:0:0:0:
36,0,171310,128,0,171398:0:0:0:0:
109,192,171310,1,0,0:0:0:0:
182,192,171310,1,0,0:0:0:0:
256,192,171310,1,0,0:0:0:0:
109,0,171398,128,0,171486:0:0:0:0:
36,192,171486,1,0,0:0:0:0:
256,0,171486,128,0,171574:0:0:0:0:
402,192,171486,1,0,0:0:0:0:
475,192,171486,1,0,0:0:0:0:
182,0,171486,128,0,172191:0:0:0:0:
329,0,171575,128,0,171663:0:0:0:0:
402,0,171663,128,0,171751:0:0:0:0:
475,0,171751,128,0,171839:0:0:0:0:
36,0,171839,128,0,172015:0:0:0:0:
329,0,171839,128,0,171927:0:0:0:0:
402,0,171927,128,0,172015:0:0:0:0:
256,0,172016,128,0,172104:0:0:0:0:
475,0,172016,128,0,172192:0:0:0:0:
109,0,172104,128,0,172192:0:0:0:0:
36,192,172192,1,0,0:0:0:0:
256,192,172192,1,0,0:0:0:0:
402,0,172369,128,0,172545:0:0:0:0:
475,0,172369,128,0,172545:0:0:0:0:
36,192,172545,1,0,0:0:0:0:
182,192,172545,1,0,0:0:0:0:
256,192,172545,1,0,0:0:0:0:
36,192,172733,1,0,0:0:0:0:
256,192,172733,1,0,0:0:0:0:
182,192,172920,1,0,0:0:0:0:
329,192,172920,1,0,0:0:0:0:
475,192,172920,1,0,0:0:0:0:
36,0,173120,128,0,173320:0:0:0:0:
109,0,173120,128,0,173320:0:0:0:0:
182,192,173320,1,0,0:0:0:0:
256,192,173320,1,0,0:0:0:0:
475,192,173320,1,0,0:0:0:0:
256,192,173534,1,0,0:0:0:0:
475,192,173534,1,0,0:0:0:0:
36,192,173749,1,0,0:0:0:0:
182,192,173749,1,0,0:0:0:0:
329,0,173979,128,0,174209:0:0:0:0:
402,0,173979,128,0,174209:0:0:0:0:
109,192,174460,1,0,0:0:0:0:
182,192,174523,1,0,0:0:0:0:
256,192,174585,1,0,0:0:0:0:
329,192,174648,1,0,0:0:0:0:
182,192,174710,1,0,0:0:0:0:
256,192,174778,1,0,0:0:0:0:
329,192,174847,1,0,0:0:0:0:
402,192,174915,1,0,0:0:0:0:
256,192,174983,1,0,0:0:0:0:
329,192,175051,1,0,0:0:0:0:
402,192,175119,1,0,0:0:0:0:
475,192,175188,1,0,0:0:0:0:
402,192,175256,1,0,0:0:0:0:
329,192,175331,1,0,0:0:0:0:
256,192,175406,1,0,0:0:0:0:
182,192,175481,1,0,0:0:0:0:
109,192,175556,1,0,0:0:0:0:
36,192,175706,1,0,0:0:0:0:
182,192,177073,1,0,0:0:0:0:
256,192,177073,1,0,0:0:0:0:
329,0,177073,128,0,180040:0:0:0:0:
475,192,177779,1,0,0:0:0:0:
402,192,177867,1,0,0:0:0:0:
475,192,177956,1,0,0:0:0:0:
256,192,178044,1,0,0:0:0:0:
402,192,178132,1,0,0:0:0:0:
182,192,178220,1,0,0:0:0:0:
256,192,178309,1,0,0:0:0:0:
109,192,178397,1,0,0:0:0:0:
475,192,178485,1,0,0:0:0:0:
402,192,178573,1,0,0:0:0:0:
475,192,178661,1,0,0:0:0:0:
256,192,178750,1,0,0:0:0:0:
402,192,178838,1,0,0:0:0:0:
182,192,178926,1,0,0:0:0:0:
256,192,179014,1,0,0:0:0:0:
109,192,179103,1,0,0:0:0:0:
182,192,179191,1,0,0:0:0:0:
36,192,179279,1,0,0:0:0:0:
475,192,179367,1,0,0:0:0:0:
256,192,179456,1,0,0:0:0:0:
402,192,179544,1,0,0:0:0:0:
182,192,179632,1,0,0:0:0:0:
256,192,179720,1,0,0:0:0:0:
36,192,180133,1,0,0:0:0:0:
109,192,180133,1,0,0:0:0:0:
182,192,180133,1,0,0:0:0:0:
329,192,180133,1,0,0:0:0:0:
402,192,180133,1,0,0:0:0:0:
475,192,180133,1,0,0:0:0:0:
