[Metadata]
Say A Vengeance
ETIA. feat.Jenga
WhiteAndBlack
bms of fighters
58
0

[TimingPoints]
0,324.324324324324,4,2,2,100,1,0
10865,648.648648648649,4,2,2,100,1,0
10946,324.324324324324,4,2,2,100,1,0
10986,162.162162162162,4,2,2,100,1,0
11068,324.324324324324,4,2,2,100,1,0
11108,648.648648648649,4,2,2,100,1,0
11270,324.324324324324,4,2,2,100,1,0
11311,162.162162162162,4,2,2,100,1,0
11392,324.324324324324,4,2,2,100,1,0
11432,648.648648648649,4,2,2,100,1,0
11595,324.324324324324,4,2,2,100,1,0
11635,162.162162162162,4,2,2,100,1,0
11676,324.324324324324,4,2,2,100,1,0
42811,648.648648648649,4,2,2,100,1,0
42973,324.324324324324,4,2,2,100,1,0
43095,108.108108108108,4,2,2,100,1,0
43135,324.324324324324,4,2,2,100,1,0
73297,432.432432432432,4,2,2,100,1,0
73622,259.459459459459,4,2,2,100,1,0
73946,324.324324324324,4,2,2,100,1,0
82865,648.648648648649,4,2,2,100,1,0
83108,129.72972972973,4,2,2,100,1,0
83189,648.648648648649,4,2,2,100,1,0
83432,129.72972972973,4,2,2,100,1,0
83514,648.648648648649,4,2,2,100,1,0
83676,324.324324324324,4,2,2,100,1,0
83757,162.162162162162,4,2,2,100,1,0
83838,324.324324324324,4,2,2,100,1,0
84000,162.162162162162,4,2,2,100,1,0
84081,324.324324324324,4,2,2,100,1,0
84162,648.648648648649,4,2,2,100,1,0
84324,324.324324324324,4,2,2,100,1,0
94054,162.162162162162,4,2,2,100,1,0
94095,324.324324324324,4,2,2,100,1,0
94135,648.648648648649,4,2,2,100,1,0
94297,324.324324324324,4,2,2,100,1,0
94338,162.162162162162,4,2,2,100,1,0
94419,324.324324324324,4,2,2,100,1,0
94459,648.648648648649,4,2,2,100,1,0
94622,324.324324324324,4,2,2,100,1,0
94662,162.162162162162,4,2,2,100,1,0
94703,324.324324324324,4,2,2,100,1,0
107351,162.162162162162,4,2,2,100,1,0
107392,324.324324324324,4,2,2,100,1,0
107432,648.648648648649,4,2,2,100,1,0
107595,324.324324324324,4,2,2,100,1,0
107635,162.162162162162,4,2,2,100,1,0
107676,324.324324324324,4,2,2,100,1,0
125838,162.162162162162,4,2,2,100,1,0
125878,486.486476455143,4,2,2,100,1,0
126000,162.162162162162,4,2,2,100,1,0
126041,486.486476455143,4,2,2,100,1,0
126162,162.162162162162,4,2,2,100,1,0
126203,486.486476455143,4,2,2,100,1,0
126324,162.162162162162,4,2,2,100,1,0
126365,486.486476455143,4,2,2,100,1,0
126486,162.162162162162,4,2,2,100,1,0
126507,486.486476455143,4,2,2,100,1,0
126568,162.162162162162,4,2,2,100,1,0
126588,486.486476455143,4,2,2,100,1,0
126649,162.162162162162,4,2,2,100,1,0
126669,486.486476455143,4,2,2,100,1,0
126730,162.162162162162,4,2,2,100,1,0
126750,486.486476455143,4,2,2,100,1,0
126811,162.162162162162,4,2,2,100,1,0
126831,486.486476455143,4,2,2,100,1,0
126892,162.162162162162,4,2,2,100,1,0
126912,486.486476455143,4,2,2,100,1,0
126973,648.648648648649,4,2,2,100,1,0
127135,324.324324324324,4,2,2,100,1,0
127176,162.162162162162,4,2,2,100,1,0
127196,81.0810810810811,4,2,2,100,1,0
127216,648.648648648649,4,2,2,100,1,0
127378,324.324324324324,4,2,2,100,1,0
127419,162.162162162162,4,2,2,100,1,0
127439,81.0810810810811,4,2,2,100,1,0
127459,648.648648648649,4,2,2,100,1,0
127622,324.324324324324,4,2,2,100,1,0
127662,162.162162162162,4,2,2,100,1,0
127682,81.0810810810811,4,2,2,100,1,0
127703,648.648648648649,4,2,2,100,1,0
127865,324.324324324324,4,2,2,100,1,0
127905,162.162162162162,4,2,2,100,1,0
127926,81.0810810810811,4,2,2,100,1,0
127946,648.648648648649,4,2,2,100,1,0
128108,324.324324324324,4,2,2,100,1,0
128149,162.162162162162,4,2,2,100,1,0
128169,81.0810810810811,4,2,2,100,1,0
128189,648.648648648649,4,2,2,100,1,0
128351,324.324324324324,4,2,2,100,1,0
128392,162.162162162162,4,2,2,100,1,0
128412,81.0810810810811,4,2,2,100,1,0
128432,648.648648648649,4,2,2,100,1,0
128595,324.324324324324,4,2,2,100,1,0
128716,108.108108108108,4,2,2,100,1,0
128757,324.324324324324,4,2,2,100,1,0
129730,432.432432432432,4,2,2,100,1,0
131027,486.486476455143,4,2,2,100,1,0
132324,555.98456908672,4,2,2,100,1,0
133622,648.648648648649,4,2,2,100,1,0
136216,972.972952910285,4,2,2,100,1,0


[HitObjects]
36,0,1297,128,0,1459:0:0:0:0:
329,192,1297,1,0,0:0:0:0:
256,0,1297,128,0,3892:0:0:0:0:
109,0,1459,128,0,1622:0:0:0:0:
475,192,1459,1,0,0:0:0:0:
182,0,1622,128,0,1784:0:0:0:0:
329,192,1622,1,0,0:0:0:0:
402,192,1622,1,0,0:0:0:0:
36,0,1784,128,0,1946:0:0:0:0:
475,192,1784,1,0,0:0:0:0:
182,192,1946,1,0,0:0:0:0:
36,192,2108,1,0,0:0:0:0:
109,192,2270,1,0,0:0:0:0:
182,192,2270,1,0,0:0:0:0:
329,192,2270,1,0,0:0:0:0:
402,192,2291,1,0,0:0:0:0:
475,0,2311,128,0,2595:0:0:0:0:
36,192,2432,1,0,0:0:0:0:
109,192,2595,1,0,0:0:0:0:
402,0,2595,128,0,3081:0:0:0:0:
182,192,2757,1,0,0:0:0:0:
36,192,2919,1,0,0:0:0:0:
109,192,2919,1,0,0:0:0:0:
182,192,3081,1,0,0:0:0:0:
36,0,3081,128,0,3892:0:0:0:0:
329,192,3243,1,0,0:0:0:0:
475,192,3405,1,0,0:0:0:0:
329,192,3568,1,0,0:0:0:0:
402,192,3568,1,0,0:0:0:0:
475,192,3730,1,0,0:0:0:0:
109,192,3892,1,0,0:0:0:0:
329,192,4054,1,0,0:0:0:0:
475,0,4054,128,0,4216:0:0:0:0:
402,192,4135,1,0,0:0:0:0:
36,192,4216,1,0,0:0:0:0:
182,192,4216,1,0,0:0:0:0:
256,192,4216,1,0,0:0:0:0:
329,192,4378,1,0,0:0:0:0:
475,0,4378,128,0,4541:0:0:0:0:
256,192,4541,1,0,0:0:0:0:
402,192,4541,1,0,0:0:0:0:
36,0,4703,128,0,4865:0:0:0:0:
182,192,4703,1,0,0:0:0:0:
256,192,4865,1,0,0:0:0:0:
329,192,4865,1,0,0:0:0:0:
475,192,4865,1,0,0:0:0:0:
182,192,5027,1,0,0:0:0:0:
36,0,5027,128,0,5189:0:0:0:0:
109,192,5189,1,0,0:0:0:0:
256,0,5189,128,0,5230:0:0:0:0:
402,0,5351,128,0,5514:0:0:0:0:
475,192,5351,1,0,0:0:0:0:
329,192,5432,1,0,0:0:0:0:
36,192,5514,1,0,0:0:0:0:
182,192,5514,1,0,0:0:0:0:
256,0,5514,128,0,5554:0:0:0:0:
402,0,5676,128,0,5838:0:0:0:0:
475,192,5676,1,0,0:0:0:0:
256,0,5838,128,0,5878:0:0:0:0:
329,192,5838,1,0,0:0:0:0:
109,0,6000,128,0,6162:0:0:0:0:
182,192,6000,1,0,0:0:0:0:
256,0,6162,128,0,6203:0:0:0:0:
402,192,6162,1,0,0:0:0:0:
475,192,6162,1,0,0:0:0:0:
182,192,6324,1,0,0:0:0:0:
109,0,6324,128,0,6486:0:0:0:0:
36,0,6486,128,0,6649:0:0:0:0:
256,0,6486,128,0,6568:0:0:0:0:
329,192,6486,1,0,0:0:0:0:
109,0,6649,128,0,6811:0:0:0:0:
475,192,6649,1,0,0:0:0:0:
402,192,6730,1,0,0:0:0:0:
36,192,6811,1,0,0:0:0:0:
182,0,6811,128,0,6973:0:0:0:0:
256,0,6811,128,0,6892:0:0:0:0:
329,192,6811,1,0,0:0:0:0:
36,0,6973,128,0,7135:0:0:0:0:
475,192,6973,1,0,0:0:0:0:
182,192,7135,1,0,0:0:0:0:
256,0,7135,128,0,7216:0:0:0:0:
36,192,7297,1,0,0:0:0:0:
109,192,7459,1,0,0:0:0:0:
182,192,7459,1,0,0:0:0:0:
256,0,7459,128,0,7541:0:0:0:0:
329,192,7459,1,0,0:0:0:0:
402,192,7480,1,0,0:0:0:0:
475,0,7500,128,0,7784:0:0:0:0:
36,192,7622,1,0,0:0:0:0:
109,192,7784,1,0,0:0:0:0:
256,0,7784,128,0,7946:0:0:0:0:
402,0,7784,128,0,8270:0:0:0:0:
182,192,7946,1,0,0:0:0:0:
109,192,8027,1,0,0:0:0:0:
36,192,8108,1,0,0:0:0:0:
256,0,8108,128,0,8270:0:0:0:0:
329,192,8108,1,0,0:0:0:0:
182,192,8270,1,0,0:0:0:0:
475,0,8270,128,0,9081:0:0:0:0:
256,0,8432,128,0,8595:0:0:0:0:
329,192,8432,1,0,0:0:0:0:
36,192,8595,1,0,0:0:0:0:
256,0,8757,128,0,8919:0:0:0:0:
329,192,8757,1,0,0:0:0:0:
402,192,8757,1,0,0:0:0:0:
109,192,8919,1,0,0:0:0:0:
182,192,9081,1,0,0:0:0:0:
256,0,9081,128,0,9324:0:0:0:0:
36,0,9081,128,0,11027:0:0:0:0:
402,192,9243,1,0,0:0:0:0:
475,0,9243,128,0,9405:0:0:0:0:
329,192,9324,1,0,0:0:0:0:
109,192,9405,1,0,0:0:0:0:
182,192,9405,1,0,0:0:0:0:
256,0,9405,128,0,9649:0:0:0:0:
329,192,9568,1,0,0:0:0:0:
475,0,9568,128,0,9730:0:0:0:0:
109,192,9730,1,0,0:0:0:0:
256,0,9730,128,0,9973:0:0:0:0:
329,192,9892,1,0,0:0:0:0:
402,0,9892,128,0,10054:0:0:0:0:
109,192,10054,1,0,0:0:0:0:
182,192,10054,1,0,0:0:0:0:
256,0,10054,128,0,10297:0:0:0:0:
475,192,10216,1,0,0:0:0:0:
402,0,10216,128,0,10378:0:0:0:0:
182,192,10378,1,0,0:0:0:0:
256,0,10378,128,0,10662:0:0:0:0:
402,192,10541,1,0,0:0:0:0:
475,0,10541,128,0,10703:0:0:0:0:
329,192,10622,1,0,0:0:0:0:
109,192,10703,1,0,0:0:0:0:
182,192,10703,1,0,0:0:0:0:
256,0,10703,128,0,11017:0:0:0:0:
402,192,10865,1,0,0:0:0:0:
475,0,10865,128,0,11027:0:0:0:0:
109,192,11027,1,0,0:0:0:0:
182,192,11027,1,0,0:0:0:0:
256,192,11027,1,0,0:0:0:0:
329,192,11027,1,0,0:0:0:0:
402,192,11027,1,0,0:0:0:0:
109,192,11351,1,0,0:0:0:0:
182,192,11351,1,0,0:0:0:0:
256,192,11351,1,0,0:0:0:0:
329,192,11351,1,0,0:0:0:0:
402,192,11351,1,0,0:0:0:0:
36,192,11676,1,0,0:0:0:0:
109,192,11676,1,0,0:0:0:0:
182,192,11676,1,0,0:0:0:0:
256,192,11676,1,0,0:0:0:0:
329,0,11676,128,0,11838:0:0:0:0:
402,192,11676,1,0,0:0:0:0:
475,192,11676,1,0,0:0:0:0:
36,0,11838,128,0,12000:0:0:0:0:
109,0,11838,128,0,12000:0:0:0:0:
182,192,11838,1,0,0:0:0:0:
402,0,11838,128,0,12000:0:0:0:0:
256,192,12000,1,0,0:0:0:0:
329,192,12000,1,0,0:0:0:0:
475,0,12000,128,0,12162:0:0:0:0:
36,0,12162,128,0,12324:0:0:0:0:
109,0,12162,128,0,12324:0:0:0:0:
182,192,12162,1,0,0:0:0:0:
329,0,12162,128,0,12324:0:0:0:0:
256,192,12324,1,0,0:0:0:0:
402,192,12324,1,0,0:0:0:0:
36,0,12486,128,0,12649:0:0:0:0:
109,0,12486,128,0,12649:0:0:0:0:
329,192,12486,1,0,0:0:0:0:
182,192,12649,1,0,0:0:0:0:
256,192,12649,1,0,0:0:0:0:
402,192,12669,1,0,0:0:0:0:
475,0,12689,128,0,12973:0:0:0:0:
329,192,12811,1,0,0:0:0:0:
36,0,12811,128,0,12973:0:0:0:0:
109,0,12811,128,0,12973:0:0:0:0:
182,192,12973,1,0,0:0:0:0:
256,192,12973,1,0,0:0:0:0:
329,192,12993,1,0,0:0:0:0:
402,0,13014,128,0,13459:0:0:0:0:
36,0,13135,128,0,13297:0:0:0:0:
109,0,13135,128,0,13297:0:0:0:0:
475,192,13135,1,0,0:0:0:0:
182,192,13297,1,0,0:0:0:0:
256,192,13297,1,0,0:0:0:0:
329,192,13297,1,0,0:0:0:0:
36,0,13459,128,0,13622:0:0:0:0:
109,0,13459,128,0,13622:0:0:0:0:
475,192,13459,1,0,0:0:0:0:
256,0,13459,128,0,14270:0:0:0:0:
329,192,13622,1,0,0:0:0:0:
402,192,13622,1,0,0:0:0:0:
36,0,13784,128,0,13946:0:0:0:0:
109,0,13784,128,0,13946:0:0:0:0:
182,192,13784,1,0,0:0:0:0:
329,192,13946,1,0,0:0:0:0:
402,192,13946,1,0,0:0:0:0:
475,192,13946,1,0,0:0:0:0:
182,192,14108,1,0,0:0:0:0:
36,0,14108,128,0,14270:0:0:0:0:
109,0,14108,128,0,14270:0:0:0:0:
182,192,14270,1,0,0:0:0:0:
329,192,14270,1,0,0:0:0:0:
36,0,14432,128,0,14595:0:0:0:0:
109,0,14432,128,0,14595:0:0:0:0:
475,192,14432,1,0,0:0:0:0:
402,192,14514,1,0,0:0:0:0:
182,192,14595,1,0,0:0:0:0:
256,192,14595,1,0,0:0:0:0:
329,192,14595,1,0,0:0:0:0:
36,0,14757,128,0,14919:0:0:0:0:
109,0,14757,128,0,14919:0:0:0:0:
475,192,14757,1,0,0:0:0:0:
182,192,14919,1,0,0:0:0:0:
329,192,14919,1,0,0:0:0:0:
36,0,15081,128,0,15243:0:0:0:0:
109,0,15081,128,0,15243:0:0:0:0:
475,192,15081,1,0,0:0:0:0:
402,192,15162,1,0,0:0:0:0:
182,192,15243,1,0,0:0:0:0:
256,192,15243,1,0,0:0:0:0:
329,192,15243,1,0,0:0:0:0:
475,192,15405,1,0,0:0:0:0:
36,0,15405,128,0,15568:0:0:0:0:
109,0,15405,128,0,15568:0:0:0:0:
182,192,15568,1,0,0:0:0:0:
256,192,15568,1,0,0:0:0:0:
36,192,15730,1,0,0:0:0:0:
402,0,15730,128,0,15892:0:0:0:0:
475,0,15730,128,0,15892:0:0:0:0:
109,192,15811,1,0,0:0:0:0:
182,192,15892,1,0,0:0:0:0:
256,192,15892,1,0,0:0:0:0:
329,192,15892,1,0,0:0:0:0:
36,192,16054,1,0,0:0:0:0:
402,0,16054,128,0,16216:0:0:0:0:
475,0,16054,128,0,16216:0:0:0:0:
182,192,16216,1,0,0:0:0:0:
329,192,16216,1,0,0:0:0:0:
36,192,16378,1,0,0:0:0:0:
402,0,16378,128,0,16541:0:0:0:0:
475,0,16378,128,0,16541:0:0:0:0:
109,192,16459,1,0,0:0:0:0:
182,192,16541,1,0,0:0:0:0:
256,192,16541,1,0,0:0:0:0:
329,192,16541,1,0,0:0:0:0:
36,192,16703,1,0,0:0:0:0:
402,0,16703,128,0,16865:0:0:0:0:
475,0,16703,128,0,16865:0:0:0:0:
36,192,16865,1,0,0:0:0:0:
109,0,16865,128,0,16946:0:0:0:0:
182,192,16865,1,0,0:0:0:0:
256,0,16865,128,0,16946:0:0:0:0:
329,192,16865,1,0,0:0:0:0:
36,0,17027,128,0,17108:0:0:0:0:
109,192,17027,1,0,0:0:0:0:
182,0,17027,128,0,17108:0:0:0:0:
256,192,17027,1,0,0:0:0:0:
329,192,17027,1,0,0:0:0:0:
402,192,17027,1,0,0:0:0:0:
475,192,17027,1,0,0:0:0:0:
36,192,17189,1,0,0:0:0:0:
109,192,17189,1,0,0:0:0:0:
182,192,17189,1,0,0:0:0:0:
256,192,17189,1,0,0:0:0:0:
329,0,17189,128,0,17270:0:0:0:0:
402,192,17189,1,0,0:0:0:0:
475,0,17189,128,0,17270:0:0:0:0:
36,192,17351,1,0,0:0:0:0:
109,192,17351,1,0,0:0:0:0:
182,192,17351,1,0,0:0:0:0:
256,0,17351,128,0,17432:0:0:0:0:
329,192,17351,1,0,0:0:0:0:
402,0,17351,128,0,17432:0:0:0:0:
475,192,17351,1,0,0:0:0:0:
36,192,17514,1,0,0:0:0:0:
109,192,17514,1,0,0:0:0:0:
182,0,17514,128,0,17595:0:0:0:0:
256,192,17514,1,0,0:0:0:0:
329,0,17514,128,0,17595:0:0:0:0:
402,192,17514,1,0,0:0:0:0:
475,192,17514,1,0,0:0:0:0:
36,192,17676,1,0,0:0:0:0:
109,0,17676,128,0,17757:0:0:0:0:
182,192,17676,1,0,0:0:0:0:
256,0,17676,128,0,17757:0:0:0:0:
329,192,17676,1,0,0:0:0:0:
402,192,17676,1,0,0:0:0:0:
475,192,17676,1,0,0:0:0:0:
36,0,17838,128,0,17919:0:0:0:0:
109,192,17838,1,0,0:0:0:0:
182,0,17838,128,0,17919:0:0:0:0:
256,192,17838,1,0,0:0:0:0:
329,192,17838,1,0,0:0:0:0:
402,192,17838,1,0,0:0:0:0:
475,192,17838,1,0,0:0:0:0:
36,192,18000,1,0,0:0:0:0:
109,192,18000,1,0,0:0:0:0:
182,192,18000,1,0,0:0:0:0:
256,192,18000,1,0,0:0:0:0:
329,0,18000,128,0,18081:0:0:0:0:
402,192,18000,1,0,0:0:0:0:
475,0,18000,128,0,18081:0:0:0:0:
36,0,18162,128,0,18203:0:0:0:0:
109,192,18162,1,0,0:0:0:0:
182,192,18162,1,0,0:0:0:0:
256,0,18162,128,0,18203:0:0:0:0:
329,192,18162,1,0,0:0:0:0:
402,0,18162,128,0,18203:0:0:0:0:
475,192,18162,1,0,0:0:0:0:
36,192,18324,1,0,0:0:0:0:
109,192,18324,1,0,0:0:0:0:
182,0,18324,128,0,18365:0:0:0:0:
256,192,18324,1,0,0:0:0:0:
329,0,18324,128,0,18365:0:0:0:0:
402,192,18324,1,0,0:0:0:0:
475,0,18324,128,0,18365:0:0:0:0:
36,0,18486,128,0,18527:0:0:0:0:
109,192,18486,1,0,0:0:0:0:
182,0,18486,128,0,18527:0:0:0:0:
256,192,18486,1,0,0:0:0:0:
329,192,18486,1,0,0:0:0:0:
402,0,18486,128,0,18527:0:0:0:0:
475,192,18486,1,0,0:0:0:0:
36,192,18649,1,0,0:0:0:0:
109,0,18649,128,0,18689:0:0:0:0:
182,192,18649,1,0,0:0:0:0:
256,0,18649,128,0,18689:0:0:0:0:
329,0,18649,128,0,18689:0:0:0:0:
402,192,18649,1,0,0:0:0:0:
475,192,18649,1,0,0:0:0:0:
36,0,18811,128,0,18851:0:0:0:0:
109,192,18811,1,0,0:0:0:0:
182,0,18811,128,0,18851:0:0:0:0:
256,192,18811,1,0,0:0:0:0:
329,0,18811,128,0,18851:0:0:0:0:
402,192,18811,1,0,0:0:0:0:
475,192,18811,1,0,0:0:0:0:
36,0,18973,128,0,19014:0:0:0:0:
109,192,18973,1,0,0:0:0:0:
182,192,18973,1,0,0:0:0:0:
256,0,18973,128,0,19014:0:0:0:0:
329,192,18973,1,0,0:0:0:0:
402,0,18973,128,0,19014:0:0:0:0:
475,192,18973,1,0,0:0:0:0:
36,192,19135,1,0,0:0:0:0:
109,192,19135,1,0,0:0:0:0:
182,192,19135,1,0,0:0:0:0:
256,192,19135,1,0,0:0:0:0:
329,0,19135,128,0,19176:0:0:0:0:
402,0,19135,128,0,19176:0:0:0:0:
475,0,19135,128,0,19176:0:0:0:0:
36,0,19297,128,0,19338:0:0:0:0:
109,0,19297,128,0,19338:0:0:0:0:
182,0,19297,128,0,19338:0:0:0:0:
256,192,19297,1,0,0:0:0:0:
329,192,19297,1,0,0:0:0:0:
402,192,19297,1,0,0:0:0:0:
475,192,19297,1,0,0:0:0:0:
36,192,19459,1,0,0:0:0:0:
329,192,19459,1,0,0:0:0:0:
109,192,19541,1,0,0:0:0:0:
402,192,19541,1,0,0:0:0:0:
182,192,19622,1,0,0:0:0:0:
256,0,19622,128,0,19784:0:0:0:0:
475,192,19622,1,0,0:0:0:0:
109,192,19703,1,0,0:0:0:0:
402,192,19703,1,0,0:0:0:0:
36,192,19784,1,0,0:0:0:0:
329,192,19784,1,0,0:0:0:0:
109,192,19865,1,0,0:0:0:0:
402,192,19865,1,0,0:0:0:0:
182,192,19946,1,0,0:0:0:0:
256,0,19946,128,0,20108:0:0:0:0:
475,192,19946,1,0,0:0:0:0:
109,192,20027,1,0,0:0:0:0:
402,192,20027,1,0,0:0:0:0:
36,192,20108,1,0,0:0:0:0:
329,192,20108,1,0,0:0:0:0:
109,192,20189,1,0,0:0:0:0:
402,192,20189,1,0,0:0:0:0:
182,192,20270,1,0,0:0:0:0:
256,0,20270,128,0,20432:0:0:0:0:
475,192,20270,1,0,0:0:0:0:
109,192,20351,1,0,0:0:0:0:
402,192,20351,1,0,0:0:0:0:
36,192,20432,1,0,0:0:0:0:
329,192,20432,1,0,0:0:0:0:
109,192,20514,1,0,0:0:0:0:
402,192,20514,1,0,0:0:0:0:
182,192,20595,1,0,0:0:0:0:
475,192,20595,1,0,0:0:0:0:
256,0,20595,128,0,20757:0:0:0:0:
109,192,20676,1,0,0:0:0:0:
402,192,20676,1,0,0:0:0:0:
182,192,20757,1,0,0:0:0:0:
329,192,20757,1,0,0:0:0:0:
36,0,20757,128,0,22054:0:0:0:0:
475,0,20757,128,0,22054:0:0:0:0:
256,192,20811,1,0,0:0:0:0:
329,192,20865,1,0,0:0:0:0:
402,192,20919,1,0,0:0:0:0:
329,192,20973,1,0,0:0:0:0:
256,192,21027,1,0,0:0:0:0:
182,192,21081,1,0,0:0:0:0:
109,192,21135,1,0,0:0:0:0:
182,192,21189,1,0,0:0:0:0:
256,192,21243,1,0,0:0:0:0:
329,192,21297,1,0,0:0:0:0:
402,192,21351,1,0,0:0:0:0:
109,192,21405,1,0,0:0:0:0:
256,0,21405,128,0,21730:0:0:0:0:
329,192,21446,1,0,0:0:0:0:
182,192,21486,1,0,0:0:0:0:
402,192,21527,1,0,0:0:0:0:
329,192,21568,1,0,0:0:0:0:
109,192,21608,1,0,0:0:0:0:
402,192,21649,1,0,0:0:0:0:
182,192,21689,1,0,0:0:0:0:
109,192,21730,1,0,0:0:0:0:
182,192,21770,1,0,0:0:0:0:
256,192,21811,1,0,0:0:0:0:
329,192,21851,1,0,0:0:0:0:
402,192,21892,1,0,0:0:0:0:
329,192,21932,1,0,0:0:0:0:
256,192,21973,1,0,0:0:0:0:
182,192,22014,1,0,0:0:0:0:
109,192,22054,1,0,0:0:0:0:
329,192,22054,1,0,0:0:0:0:
36,192,22135,1,0,0:0:0:0:
402,0,22135,128,0,22216:0:0:0:0:
182,192,22216,1,0,0:0:0:0:
475,0,22216,128,0,22378:0:0:0:0:
109,192,22297,1,0,0:0:0:0:
36,192,22378,1,0,0:0:0:0:
256,192,22378,1,0,0:0:0:0:
329,0,22378,128,0,22459:0:0:0:0:
109,192,22459,1,0,0:0:0:0:
402,0,22459,128,0,22622:0:0:0:0:
182,192,22541,1,0,0:0:0:0:
109,192,22622,1,0,0:0:0:0:
256,0,22622,128,0,22703:0:0:0:0:
36,192,22703,1,0,0:0:0:0:
329,0,22703,128,0,22865:0:0:0:0:
475,192,22703,1,0,0:0:0:0:
402,192,22784,1,0,0:0:0:0:
109,192,22865,1,0,0:0:0:0:
182,0,22865,128,0,22946:0:0:0:0:
256,0,22946,128,0,23108:0:0:0:0:
475,192,22946,1,0,0:0:0:0:
36,192,23027,1,0,0:0:0:0:
329,192,23027,1,0,0:0:0:0:
182,192,23108,1,0,0:0:0:0:
402,0,23108,128,0,23189:0:0:0:0:
109,192,23189,1,0,0:0:0:0:
475,0,23189,128,0,23351:0:0:0:0:
36,192,23270,1,0,0:0:0:0:
256,192,23351,1,0,0:0:0:0:
329,192,23351,1,0,0:0:0:0:
182,192,23432,1,0,0:0:0:0:
402,0,23432,128,0,23514:0:0:0:0:
109,192,23514,1,0,0:0:0:0:
475,0,23514,128,0,23676:0:0:0:0:
36,192,23595,1,0,0:0:0:0:
109,192,23676,1,0,0:0:0:0:
182,192,23676,1,0,0:0:0:0:
329,0,23676,128,0,23757:0:0:0:0:
256,192,23757,1,0,0:0:0:0:
402,0,23757,128,0,23919:0:0:0:0:
36,192,23838,1,0,0:0:0:0:
109,192,23919,1,0,0:0:0:0:
256,0,23919,128,0,24000:0:0:0:0:
182,192,24000,1,0,0:0:0:0:
329,0,24000,128,0,24162:0:0:0:0:
475,192,24000,1,0,0:0:0:0:
402,192,24081,1,0,0:0:0:0:
109,192,24162,1,0,0:0:0:0:
182,0,24162,128,0,24243:0:0:0:0:
36,192,24243,1,0,0:0:0:0:
256,0,24243,128,0,24405:0:0:0:0:
109,192,24324,1,0,0:0:0:0:
475,192,24324,1,0,0:0:0:0:
182,192,24405,1,0,0:0:0:0:
329,0,24405,128,0,24486:0:0:0:0:
109,192,24486,1,0,0:0:0:0:
402,0,24486,128,0,24649:0:0:0:0:
36,192,24568,1,0,0:0:0:0:
182,192,24649,1,0,0:0:0:0:
256,192,24649,1,0,0:0:0:0:
329,0,24730,128,0,24811:0:0:0:0:
475,192,24730,1,0,0:0:0:0:
182,192,24811,1,0,0:0:0:0:
402,0,24811,128,0,24973:0:0:0:0:
109,192,24892,1,0,0:0:0:0:
36,192,24973,1,0,0:0:0:0:
256,0,24973,128,0,25054:0:0:0:0:
475,192,24973,1,0,0:0:0:0:
109,192,25054,1,0,0:0:0:0:
329,0,25054,128,0,25216:0:0:0:0:
402,192,25135,1,0,0:0:0:0:
36,192,25216,1,0,0:0:0:0:
182,0,25216,128,0,25297:0:0:0:0:
109,192,25297,1,0,0:0:0:0:
256,0,25297,128,0,25459:0:0:0:0:
402,192,25297,1,0,0:0:0:0:
475,192,25378,1,0,0:0:0:0:
36,192,25459,1,0,0:0:0:0:
109,0,25459,128,0,25541:0:0:0:0:
182,0,25541,128,0,25703:0:0:0:0:
256,192,25541,1,0,0:0:0:0:
36,192,25622,1,0,0:0:0:0:
329,192,25622,1,0,0:0:0:0:
256,0,25703,128,0,25784:0:0:0:0:
402,192,25703,1,0,0:0:0:0:
475,192,25784,1,0,0:0:0:0:
329,0,25784,128,0,25946:0:0:0:0:
36,192,25865,1,0,0:0:0:0:
109,192,25946,1,0,0:0:0:0:
256,192,25946,1,0,0:0:0:0:
182,192,26027,1,0,0:0:0:0:
329,0,26027,128,0,26108:0:0:0:0:
109,192,26108,1,0,0:0:0:0:
402,0,26108,128,0,26270:0:0:0:0:
36,192,26189,1,0,0:0:0:0:
109,192,26270,1,0,0:0:0:0:
256,0,26270,128,0,26351:0:0:0:0:
475,192,26270,1,0,0:0:0:0:
182,192,26351,1,0,0:0:0:0:
329,0,26351,128,0,26514:0:0:0:0:
36,192,26432,1,0,0:0:0:0:
109,192,26514,1,0,0:0:0:0:
182,0,26514,128,0,26595:0:0:0:0:
256,0,26595,128,0,26757:0:0:0:0:
402,192,26595,1,0,0:0:0:0:
475,192,26595,1,0,0:0:0:0:
329,192,26676,1,0,0:0:0:0:
36,192,26757,1,0,0:0:0:0:
109,0,26757,128,0,26838:0:0:0:0:
182,0,26838,128,0,27000:0:0:0:0:
329,192,26838,1,0,0:0:0:0:
402,192,26919,1,0,0:0:0:0:
475,192,26919,1,0,0:0:0:0:
36,0,27000,128,0,27081:0:0:0:0:
256,192,27000,1,0,0:0:0:0:
109,0,27081,128,0,27162:0:0:0:0:
329,192,27081,1,0,0:0:0:0:
402,192,27162,1,0,0:0:0:0:
182,0,27162,128,0,27243:0:0:0:0:
36,192,27243,1,0,0:0:0:0:
475,192,27243,1,0,0:0:0:0:
109,192,27324,1,0,0:0:0:0:
402,0,27324,128,0,27405:0:0:0:0:
182,192,27405,1,0,0:0:0:0:
475,0,27405,128,0,27568:0:0:0:0:
109,192,27486,1,0,0:0:0:0:
36,192,27568,1,0,0:0:0:0:
256,192,27568,1,0,0:0:0:0:
329,0,27568,128,0,27649:0:0:0:0:
109,192,27649,1,0,0:0:0:0:
402,0,27649,128,0,27811:0:0:0:0:
182,192,27730,1,0,0:0:0:0:
109,192,27811,1,0,0:0:0:0:
256,0,27811,128,0,27892:0:0:0:0:
36,192,27892,1,0,0:0:0:0:
329,0,27892,128,0,28054:0:0:0:0:
475,192,27892,1,0,0:0:0:0:
109,192,27973,1,0,0:0:0:0:
182,0,28054,128,0,28135:0:0:0:0:
402,192,28054,1,0,0:0:0:0:
256,0,28135,128,0,28297:0:0:0:0:
475,192,28135,1,0,0:0:0:0:
36,192,28216,1,0,0:0:0:0:
109,192,28216,1,0,0:0:0:0:
182,192,28297,1,0,0:0:0:0:
402,0,28297,128,0,28378:0:0:0:0:
256,192,28378,1,0,0:0:0:0:
475,0,28378,128,0,28541:0:0:0:0:
329,192,28459,1,0,0:0:0:0:
109,192,28541,1,0,0:0:0:0:
256,192,28541,1,0,0:0:0:0:
182,192,28622,1,0,0:0:0:0:
402,0,28622,128,0,28703:0:0:0:0:
36,192,28703,1,0,0:0:0:0:
475,0,28703,128,0,28865:0:0:0:0:
256,192,28784,1,0,0:0:0:0:
109,192,28865,1,0,0:0:0:0:
182,192,28865,1,0,0:0:0:0:
329,0,28865,128,0,28946:0:0:0:0:
36,192,28946,1,0,0:0:0:0:
402,0,28946,128,0,29108:0:0:0:0:
109,192,29027,1,0,0:0:0:0:
182,192,29108,1,0,0:0:0:0:
256,0,29108,128,0,29189:0:0:0:0:
36,192,29189,1,0,0:0:0:0:
329,0,29189,128,0,29351:0:0:0:0:
475,192,29189,1,0,0:0:0:0:
109,192,29270,1,0,0:0:0:0:
182,0,29351,128,0,29432:0:0:0:0:
402,192,29351,1,0,0:0:0:0:
256,0,29432,128,0,29595:0:0:0:0:
475,192,29432,1,0,0:0:0:0:
36,192,29514,1,0,0:0:0:0:
109,192,29514,1,0,0:0:0:0:
182,192,29595,1,0,0:0:0:0:
329,0,29595,128,0,29676:0:0:0:0:
256,192,29676,1,0,0:0:0:0:
402,0,29676,128,0,29838:0:0:0:0:
109,192,29757,1,0,0:0:0:0:
182,192,29838,1,0,0:0:0:0:
256,192,29838,1,0,0:0:0:0:
36,192,29919,1,0,0:0:0:0:
329,0,29919,128,0,30000:0:0:0:0:
109,192,30000,1,0,0:0:0:0:
402,0,30000,128,0,30162:0:0:0:0:
182,192,30081,1,0,0:0:0:0:
36,192,30162,1,0,0:0:0:0:
256,0,30162,128,0,30243:0:0:0:0:
475,192,30162,1,0,0:0:0:0:
109,192,30243,1,0,0:0:0:0:
329,0,30243,128,0,30405:0:0:0:0:
402,192,30324,1,0,0:0:0:0:
36,192,30405,1,0,0:0:0:0:
182,0,30405,128,0,30486:0:0:0:0:
109,192,30486,1,0,0:0:0:0:
256,0,30486,128,0,30649:0:0:0:0:
475,192,30486,1,0,0:0:0:0:
329,192,30568,1,0,0:0:0:0:
109,0,30649,128,0,30730:0:0:0:0:
402,192,30649,1,0,0:0:0:0:
182,0,30730,128,0,30892:0:0:0:0:
475,192,30730,1,0,0:0:0:0:
36,192,30811,1,0,0:0:0:0:
109,192,30811,1,0,0:0:0:0:
256,0,30892,128,0,30973:0:0:0:0:
402,192,30892,1,0,0:0:0:0:
109,192,30973,1,0,0:0:0:0:
329,0,30973,128,0,31135:0:0:0:0:
36,192,31054,1,0,0:0:0:0:
256,192,31135,1,0,0:0:0:0:
475,192,31135,1,0,0:0:0:0:
182,192,31216,1,0,0:0:0:0:
329,0,31216,128,0,31297:0:0:0:0:
109,192,31297,1,0,0:0:0:0:
402,0,31297,128,0,31459:0:0:0:0:
182,192,31378,1,0,0:0:0:0:
109,192,31459,1,0,0:0:0:0:
256,0,31459,128,0,31541:0:0:0:0:
475,192,31459,1,0,0:0:0:0:
36,192,31541,1,0,0:0:0:0:
329,0,31541,128,0,31703:0:0:0:0:
109,192,31622,1,0,0:0:0:0:
182,0,31703,128,0,31784:0:0:0:0:
475,192,31703,1,0,0:0:0:0:
36,192,31784,1,0,0:0:0:0:
109,192,31784,1,0,0:0:0:0:
256,0,31784,128,0,31946:0:0:0:0:
182,192,31865,1,0,0:0:0:0:
109,0,31946,128,0,32027:0:0:0:0:
329,192,31946,1,0,0:0:0:0:
182,0,32027,128,0,32189:0:0:0:0:
402,192,32027,1,0,0:0:0:0:
36,192,32108,1,0,0:0:0:0:
475,192,32108,1,0,0:0:0:0:
109,192,32189,1,0,0:0:0:0:
256,0,32189,128,0,32270:0:0:0:0:
182,192,32270,1,0,0:0:0:0:
475,192,32270,1,0,0:0:0:0:
329,0,32270,128,0,32432:0:0:0:0:
256,192,32351,1,0,0:0:0:0:
36,192,32432,1,0,0:0:0:0:
109,0,32432,128,0,33730:0:0:0:0:
182,192,32514,1,0,0:0:0:0:
402,0,32514,128,0,32595:0:0:0:0:
329,192,32595,1,0,0:0:0:0:
475,0,32595,128,0,32757:0:0:0:0:
256,192,32676,1,0,0:0:0:0:
36,192,32757,1,0,0:0:0:0:
182,192,32757,1,0,0:0:0:0:
329,0,32757,128,0,32838:0:0:0:0:
256,192,32838,1,0,0:0:0:0:
402,0,32838,128,0,33000:0:0:0:0:
475,192,32919,1,0,0:0:0:0:
182,192,33000,1,0,0:0:0:0:
256,0,33000,128,0,33081:0:0:0:0:
36,192,33081,1,0,0:0:0:0:
329,0,33081,128,0,33243:0:0:0:0:
402,192,33162,1,0,0:0:0:0:
182,0,33243,128,0,33324:0:0:0:0:
475,192,33243,1,0,0:0:0:0:
256,0,33324,128,0,33486:0:0:0:0:
329,192,33324,1,0,0:0:0:0:
36,192,33405,1,0,0:0:0:0:
182,192,33405,1,0,0:0:0:0:
329,192,33486,1,0,0:0:0:0:
402,0,33486,128,0,33568:0:0:0:0:
182,192,33568,1,0,0:0:0:0:
475,0,33568,128,0,33730:0:0:0:0:
256,192,33649,1,0,0:0:0:0:
182,192,33730,1,0,0:0:0:0:
329,192,33730,1,0,0:0:0:0:
36,0,33730,128,0,35027:0:0:0:0:
109,192,33811,1,0,0:0:0:0:
402,0,33811,128,0,33892:0:0:0:0:
256,192,33892,1,0,0:0:0:0:
475,0,33892,128,0,34054:0:0:0:0:
182,192,33973,1,0,0:0:0:0:
109,192,34054,1,0,0:0:0:0:
256,192,34054,1,0,0:0:0:0:
329,0,34054,128,0,34135:0:0:0:0:
402,0,34135,128,0,34297:0:0:0:0:
475,192,34135,1,0,0:0:0:0:
182,192,34216,1,0,0:0:0:0:
109,192,34297,1,0,0:0:0:0:
256,0,34297,128,0,34378:0:0:0:0:
329,0,34378,128,0,34541:0:0:0:0:
402,192,34378,1,0,0:0:0:0:
109,192,34459,1,0,0:0:0:0:
182,0,34541,128,0,34622:0:0:0:0:
475,192,34541,1,0,0:0:0:0:
256,0,34622,128,0,34784:0:0:0:0:
402,192,34622,1,0,0:0:0:0:
109,192,34703,1,0,0:0:0:0:
475,192,34703,1,0,0:0:0:0:
182,192,34784,1,0,0:0:0:0:
329,0,34784,128,0,34865:0:0:0:0:
256,192,34865,1,0,0:0:0:0:
402,0,34865,128,0,35027:0:0:0:0:
329,192,34946,1,0,0:0:0:0:
109,192,35027,1,0,0:0:0:0:
256,192,35027,1,0,0:0:0:0:
475,0,35027,128,0,36324:0:0:0:0:
36,192,35108,1,0,0:0:0:0:
329,0,35108,128,0,35189:0:0:0:0:
182,192,35189,1,0,0:0:0:0:
402,0,35189,128,0,35351:0:0:0:0:
109,192,35270,1,0,0:0:0:0:
36,192,35351,1,0,0:0:0:0:
182,192,35351,1,0,0:0:0:0:
256,0,35351,128,0,35432:0:0:0:0:
329,0,35432,128,0,35595:0:0:0:0:
402,192,35432,1,0,0:0:0:0:
109,192,35514,1,0,0:0:0:0:
36,192,35595,1,0,0:0:0:0:
182,0,35595,128,0,35676:0:0:0:0:
256,0,35676,128,0,35838:0:0:0:0:
402,192,35676,1,0,0:0:0:0:
329,192,35757,1,0,0:0:0:0:
36,192,35838,1,0,0:0:0:0:
109,0,35838,128,0,35919:0:0:0:0:
182,0,35919,128,0,36081:0:0:0:0:
402,192,35919,1,0,0:0:0:0:
36,192,36000,1,0,0:0:0:0:
329,192,36000,1,0,0:0:0:0:
109,192,36081,1,0,0:0:0:0:
256,0,36081,128,0,36162:0:0:0:0:
182,192,36162,1,0,0:0:0:0:
329,0,36162,128,0,36324:0:0:0:0:
256,192,36243,1,0,0:0:0:0:
109,192,36324,1,0,0:0:0:0:
182,192,36324,1,0,0:0:0:0:
402,0,36324,128,0,37622:0:0:0:0:
36,192,36405,1,0,0:0:0:0:
256,0,36405,128,0,36486:0:0:0:0:
182,192,36486,1,0,0:0:0:0:
329,0,36486,128,0,36649:0:0:0:0:
109,192,36568,1,0,0:0:0:0:
36,192,36649,1,0,0:0:0:0:
182,0,36649,128,0,36730:0:0:0:0:
475,192,36649,1,0,0:0:0:0:
109,192,36730,1,0,0:0:0:0:
256,0,36730,128,0,36892:0:0:0:0:
182,192,36811,1,0,0:0:0:0:
109,0,36892,128,0,36973:0:0:0:0:
475,192,36892,1,0,0:0:0:0:
182,0,36973,128,0,37135:0:0:0:0:
329,192,36973,1,0,0:0:0:0:
256,192,37054,1,0,0:0:0:0:
36,0,37135,128,0,37216:0:0:0:0:
329,192,37135,1,0,0:0:0:0:
109,0,37216,128,0,37378:0:0:0:0:
475,192,37216,1,0,0:0:0:0:
182,192,37297,1,0,0:0:0:0:
256,192,37297,1,0,0:0:0:0:
36,0,37378,128,0,37459:0:0:0:0:
329,192,37378,1,0,0:0:0:0:
109,0,37459,128,0,37541:0:0:0:0:
475,192,37459,1,0,0:0:0:0:
256,192,37541,1,0,0:0:0:0:
182,0,37541,128,0,37622:0:0:0:0:
109,192,37622,1,0,0:0:0:0:
329,192,37622,1,0,0:0:0:0:
36,0,37622,128,0,40216:0:0:0:0:
182,192,37703,1,0,0:0:0:0:
402,0,37703,128,0,37784:0:0:0:0:
256,192,37784,1,0,0:0:0:0:
475,0,37784,128,0,37946:0:0:0:0:
182,192,37865,1,0,0:0:0:0:
109,192,37946,1,0,0:0:0:0:
256,192,37946,1,0,0:0:0:0:
329,0,37946,128,0,38027:0:0:0:0:
402,0,38027,128,0,38189:0:0:0:0:
475,192,38027,1,0,0:0:0:0:
182,192,38108,1,0,0:0:0:0:
109,192,38189,1,0,0:0:0:0:
256,0,38189,128,0,38270:0:0:0:0:
329,0,38270,128,0,38432:0:0:0:0:
402,192,38270,1,0,0:0:0:0:
475,192,38351,1,0,0:0:0:0:
109,192,38432,1,0,0:0:0:0:
182,0,38432,128,0,38514:0:0:0:0:
256,0,38514,128,0,38676:0:0:0:0:
402,192,38514,1,0,0:0:0:0:
109,192,38595,1,0,0:0:0:0:
329,192,38595,1,0,0:0:0:0:
182,192,38676,1,0,0:0:0:0:
402,0,38676,128,0,38757:0:0:0:0:
256,192,38757,1,0,0:0:0:0:
475,0,38757,128,0,38919:0:0:0:0:
329,192,38838,1,0,0:0:0:0:
182,192,38919,1,0,0:0:0:0:
256,192,38919,1,0,0:0:0:0:
109,192,39000,1,0,0:0:0:0:
402,0,39000,128,0,39081:0:0:0:0:
329,192,39081,1,0,0:0:0:0:
475,0,39081,128,0,39243:0:0:0:0:
182,192,39162,1,0,0:0:0:0:
109,192,39243,1,0,0:0:0:0:
256,192,39243,1,0,0:0:0:0:
329,0,39243,128,0,39324:0:0:0:0:
182,192,39324,1,0,0:0:0:0:
402,0,39324,128,0,39486:0:0:0:0:
475,192,39405,1,0,0:0:0:0:
109,192,39486,1,0,0:0:0:0:
256,0,39486,128,0,39568:0:0:0:0:
182,192,39568,1,0,0:0:0:0:
329,0,39568,128,0,39730:0:0:0:0:
256,192,39649,1,0,0:0:0:0:
182,0,39730,128,0,39811:0:0:0:0:
402,192,39730,1,0,0:0:0:0:
256,0,39811,128,0,39973:0:0:0:0:
475,192,39811,1,0,0:0:0:0:
109,192,39892,1,0,0:0:0:0:
402,192,39892,1,0,0:0:0:0:
182,192,39973,1,0,0:0:0:0:
329,0,39973,128,0,40054:0:0:0:0:
256,192,40054,1,0,0:0:0:0:
402,0,40054,128,0,40216:0:0:0:0:
329,192,40135,1,0,0:0:0:0:
109,192,40216,1,0,0:0:0:0:
256,192,40216,1,0,0:0:0:0:
475,0,40216,128,0,42811:0:0:0:0:
182,192,40297,1,0,0:0:0:0:
329,0,40297,128,0,40378:0:0:0:0:
109,192,40378,1,0,0:0:0:0:
402,0,40378,128,0,40541:0:0:0:0:
36,192,40459,1,0,0:0:0:0:
109,192,40541,1,0,0:0:0:0:
182,192,40541,1,0,0:0:0:0:
256,0,40541,128,0,40622:0:0:0:0:
36,192,40622,1,0,0:0:0:0:
329,0,40622,128,0,40784:0:0:0:0:
109,192,40703,1,0,0:0:0:0:
182,0,40784,128,0,40865:0:0:0:0:
402,192,40784,1,0,0:0:0:0:
256,0,40865,128,0,41027:0:0:0:0:
329,192,40865,1,0,0:0:0:0:
182,192,40946,1,0,0:0:0:0:
36,192,41027,1,0,0:0:0:0:
109,0,41027,128,0,41108:0:0:0:0:
182,0,41108,128,0,41270:0:0:0:0:
256,192,41108,1,0,0:0:0:0:
36,192,41189,1,0,0:0:0:0:
329,192,41189,1,0,0:0:0:0:
256,0,41270,128,0,41351:0:0:0:0:
402,192,41270,1,0,0:0:0:0:
182,192,41351,1,0,0:0:0:0:
329,0,41351,128,0,41514:0:0:0:0:
402,192,41432,1,0,0:0:0:0:
36,0,41514,128,0,41757:0:0:0:0:
109,0,41514,128,0,41757:0:0:0:0:
256,192,41514,1,0,0:0:0:0:
329,0,41595,128,0,41676:0:0:0:0:
402,0,41676,128,0,41838:0:0:0:0:
36,0,41838,128,0,42081:0:0:0:0:
109,0,41838,128,0,42081:0:0:0:0:
182,192,41838,1,0,0:0:0:0:
256,0,41838,128,0,41919:0:0:0:0:
329,0,41919,128,0,42081:0:0:0:0:
182,0,42081,128,0,42162:0:0:0:0:
36,0,42162,128,0,42405:0:0:0:0:
256,0,42162,128,0,42324:0:0:0:0:
329,192,42162,1,0,0:0:0:0:
402,0,42162,128,0,42405:0:0:0:0:
109,0,42324,128,0,42811:0:0:0:0:
182,0,42405,128,0,42811:0:0:0:0:
329,192,42486,1,0,0:0:0:0:
36,0,42486,128,0,42811:0:0:0:0:
402,0,42486,128,0,42811:0:0:0:0:
256,0,42568,128,0,42649:0:0:0:0:
329,0,42649,128,0,42811:0:0:0:0:
256,192,42811,1,0,0:0:0:0:
36,192,43135,1,0,0:0:0:0:
109,192,43135,1,0,0:0:0:0:
182,192,43135,1,0,0:0:0:0:
256,192,43135,1,0,0:0:0:0:
329,192,43135,1,0,0:0:0:0:
402,192,43135,1,0,0:0:0:0:
475,192,43135,1,0,0:0:0:0:
475,0,43297,128,0,43622:0:0:0:0:
182,192,43459,1,0,0:0:0:0:
329,192,43459,1,0,0:0:0:0:
36,0,43622,128,0,43946:0:0:0:0:
109,192,43784,1,0,0:0:0:0:
402,192,43784,1,0,0:0:0:0:
475,0,43946,128,0,44270:0:0:0:0:
182,192,44108,1,0,0:0:0:0:
329,192,44108,1,0,0:0:0:0:
36,0,44270,128,0,44595:0:0:0:0:
109,192,44432,1,0,0:0:0:0:
402,192,44432,1,0,0:0:0:0:
475,0,44595,128,0,44919:0:0:0:0:
182,192,44757,1,0,0:0:0:0:
329,192,44757,1,0,0:0:0:0:
256,0,44919,128,0,45243:0:0:0:0:
109,192,45081,1,0,0:0:0:0:
402,192,45081,1,0,0:0:0:0:
182,192,45405,1,0,0:0:0:0:
329,192,45405,1,0,0:0:0:0:
36,0,45568,128,0,45892:0:0:0:0:
109,192,45730,1,0,0:0:0:0:
402,192,45730,1,0,0:0:0:0:
475,0,45892,128,0,46216:0:0:0:0:
182,192,46054,1,0,0:0:0:0:
329,192,46054,1,0,0:0:0:0:
36,0,46216,128,0,46541:0:0:0:0:
109,192,46378,1,0,0:0:0:0:
402,192,46378,1,0,0:0:0:0:
475,0,46541,128,0,46865:0:0:0:0:
182,192,46703,1,0,0:0:0:0:
329,192,46703,1,0,0:0:0:0:
109,0,46865,128,0,47189:0:0:0:0:
36,192,47027,1,0,0:0:0:0:
475,192,47027,1,0,0:0:0:0:
402,0,47189,128,0,47514:0:0:0:0:
182,192,47351,1,0,0:0:0:0:
329,192,47351,1,0,0:0:0:0:
256,0,47514,128,0,47838:0:0:0:0:
36,192,47676,1,0,0:0:0:0:
475,192,47676,1,0,0:0:0:0:
109,192,47838,1,0,0:0:0:0:
402,192,47878,1,0,0:0:0:0:
182,192,47919,1,0,0:0:0:0:
329,192,47959,1,0,0:0:0:0:
109,192,48000,1,0,0:0:0:0:
256,192,48000,1,0,0:0:0:0:
402,192,48000,1,0,0:0:0:0:
182,0,48162,128,0,48486:0:0:0:0:
36,192,48324,1,0,0:0:0:0:
475,192,48324,1,0,0:0:0:0:
329,0,48486,128,0,48811:0:0:0:0:
109,192,48649,1,0,0:0:0:0:
402,192,48649,1,0,0:0:0:0:
182,0,48811,128,0,49135:0:0:0:0:
36,192,48973,1,0,0:0:0:0:
475,192,48973,1,0,0:0:0:0:
329,0,49135,128,0,49459:0:0:0:0:
109,192,49297,1,0,0:0:0:0:
402,192,49297,1,0,0:0:0:0:
182,0,49459,128,0,49784:0:0:0:0:
36,192,49622,1,0,0:0:0:0:
475,192,49622,1,0,0:0:0:0:
329,0,49784,128,0,50108:0:0:0:0:
109,192,49946,1,0,0:0:0:0:
402,192,49946,1,0,0:0:0:0:
256,0,50108,128,0,50432:0:0:0:0:
36,192,50270,1,0,0:0:0:0:
475,192,50270,1,0,0:0:0:0:
109,192,50595,1,0,0:0:0:0:
402,192,50595,1,0,0:0:0:0:
182,0,50757,128,0,51081:0:0:0:0:
36,192,50919,1,0,0:0:0:0:
475,192,50919,1,0,0:0:0:0:
329,0,51081,128,0,51405:0:0:0:0:
109,192,51243,1,0,0:0:0:0:
402,192,51243,1,0,0:0:0:0:
182,0,51405,128,0,51730:0:0:0:0:
36,192,51568,1,0,0:0:0:0:
475,192,51568,1,0,0:0:0:0:
329,0,51730,128,0,52054:0:0:0:0:
109,192,51892,1,0,0:0:0:0:
402,192,51892,1,0,0:0:0:0:
109,0,52054,128,0,52378:0:0:0:0:
36,192,52216,1,0,0:0:0:0:
475,192,52216,1,0,0:0:0:0:
402,0,52378,128,0,52703:0:0:0:0:
182,192,52541,1,0,0:0:0:0:
329,192,52541,1,0,0:0:0:0:
109,0,52703,128,0,53027:0:0:0:0:
36,192,52865,1,0,0:0:0:0:
475,192,52865,1,0,0:0:0:0:
36,192,53027,1,0,0:0:0:0:
475,192,53027,1,0,0:0:0:0:
402,0,53027,128,0,53189:0:0:0:0:
36,192,53189,1,0,0:0:0:0:
182,192,53189,1,0,0:0:0:0:
256,0,53189,128,0,53270:0:0:0:0:
475,192,53189,1,0,0:0:0:0:
109,0,53351,128,0,53432:0:0:0:0:
329,0,53351,128,0,53838:0:0:0:0:
109,0,53514,128,0,53838:0:0:0:0:
182,0,53514,128,0,53595:0:0:0:0:
256,192,53514,1,0,0:0:0:0:
402,192,53514,1,0,0:0:0:0:
36,0,53676,128,0,53757:0:0:0:0:
475,0,53676,128,0,54162:0:0:0:0:
256,0,53838,128,0,53919:0:0:0:0:
402,192,53838,1,0,0:0:0:0:
36,0,54000,128,0,54081:0:0:0:0:
329,0,54000,128,0,54486:0:0:0:0:
109,0,54162,128,0,54243:0:0:0:0:
182,192,54162,1,0,0:0:0:0:
402,192,54162,1,0,0:0:0:0:
256,0,54162,128,0,54486:0:0:0:0:
182,0,54324,128,0,54405:0:0:0:0:
475,0,54324,128,0,54811:0:0:0:0:
109,192,54486,1,0,0:0:0:0:
402,192,54486,1,0,0:0:0:0:
36,0,54649,128,0,54730:0:0:0:0:
329,0,54649,128,0,55135:0:0:0:0:
109,0,54811,128,0,54892:0:0:0:0:
182,0,54811,128,0,55135:0:0:0:0:
256,192,54811,1,0,0:0:0:0:
402,192,54811,1,0,0:0:0:0:
36,0,54973,128,0,55054:0:0:0:0:
475,0,54973,128,0,55459:0:0:0:0:
109,0,55135,128,0,55216:0:0:0:0:
402,192,55135,1,0,0:0:0:0:
329,0,55297,128,0,55784:0:0:0:0:
36,192,55459,1,0,0:0:0:0:
182,0,55459,128,0,55541:0:0:0:0:
402,192,55459,1,0,0:0:0:0:
256,0,55459,128,0,55784:0:0:0:0:
475,0,55622,128,0,56108:0:0:0:0:
109,0,55784,128,0,55865:0:0:0:0:
402,192,55784,1,0,0:0:0:0:
36,0,55946,128,0,56027:0:0:0:0:
182,0,55946,128,0,56432:0:0:0:0:
36,0,56108,128,0,56432:0:0:0:0:
256,192,56108,1,0,0:0:0:0:
329,192,56108,1,0,0:0:0:0:
402,0,56108,128,0,56189:0:0:0:0:
109,0,56270,128,0,56351:0:0:0:0:
329,0,56270,128,0,56757:0:0:0:0:
256,192,56432,1,0,0:0:0:0:
475,0,56432,128,0,56514:0:0:0:0:
402,0,56595,128,0,56676:0:0:0:0:
182,0,56595,128,0,57081:0:0:0:0:
36,192,56757,1,0,0:0:0:0:
109,0,56757,128,0,56838:0:0:0:0:
256,192,56757,1,0,0:0:0:0:
475,0,56757,128,0,57081:0:0:0:0:
36,0,56919,128,0,57000:0:0:0:0:
329,0,56919,128,0,57405:0:0:0:0:
256,192,57081,1,0,0:0:0:0:
36,0,57243,128,0,57324:0:0:0:0:
182,0,57243,128,0,57730:0:0:0:0:
109,0,57405,128,0,57730:0:0:0:0:
256,192,57405,1,0,0:0:0:0:
402,192,57405,1,0,0:0:0:0:
475,0,57405,128,0,57486:0:0:0:0:
36,0,57568,128,0,57649:0:0:0:0:
329,0,57568,128,0,58054:0:0:0:0:
256,192,57730,1,0,0:0:0:0:
402,0,57730,128,0,57811:0:0:0:0:
182,0,57892,128,0,58378:0:0:0:0:
36,192,58054,1,0,0:0:0:0:
256,192,58054,1,0,0:0:0:0:
475,0,58054,128,0,58135:0:0:0:0:
402,0,58054,128,0,58378:0:0:0:0:
329,0,58216,128,0,58703:0:0:0:0:
109,192,58378,1,0,0:0:0:0:
256,0,58378,128,0,58459:0:0:0:0:
36,0,58541,128,0,59027:0:0:0:0:
475,0,58541,128,0,58622:0:0:0:0:
109,192,58703,1,0,0:0:0:0:
182,192,58703,1,0,0:0:0:0:
256,0,58703,128,0,59027:0:0:0:0:
402,0,58703,128,0,58784:0:0:0:0:
182,0,58865,128,0,59351:0:0:0:0:
475,0,58865,128,0,58946:0:0:0:0:
109,192,59027,1,0,0:0:0:0:
329,0,59027,128,0,59108:0:0:0:0:
402,0,59189,128,0,59270:0:0:0:0:
36,0,59189,128,0,59676:0:0:0:0:
109,192,59351,1,0,0:0:0:0:
402,192,59351,1,0,0:0:0:0:
475,0,59351,128,0,59432:0:0:0:0:
329,0,59351,128,0,59676:0:0:0:0:
256,0,59514,128,0,59595:0:0:0:0:
182,0,59514,128,0,60000:0:0:0:0:
109,192,59676,1,0,0:0:0:0:
36,0,59838,128,0,60324:0:0:0:0:
475,0,59838,128,0,59919:0:0:0:0:
109,192,60000,1,0,0:0:0:0:
256,192,60000,1,0,0:0:0:0:
329,0,60000,128,0,60324:0:0:0:0:
402,0,60000,128,0,60081:0:0:0:0:
182,0,60162,128,0,60649:0:0:0:0:
256,0,60162,128,0,60243:0:0:0:0:
109,192,60324,1,0,0:0:0:0:
402,0,60324,128,0,60405:0:0:0:0:
36,0,60486,128,0,62108:0:0:0:0:
109,192,60649,1,0,0:0:0:0:
329,192,60649,1,0,0:0:0:0:
475,0,60649,128,0,60730:0:0:0:0:
256,0,60649,128,0,60973:0:0:0:0:
182,0,60811,128,0,61784:0:0:0:0:
109,0,60973,128,0,61946:0:0:0:0:
402,192,60973,1,0,0:0:0:0:
475,192,60973,1,0,0:0:0:0:
256,192,61054,1,0,0:0:0:0:
329,192,61054,1,0,0:0:0:0:
402,192,61135,1,0,0:0:0:0:
475,192,61135,1,0,0:0:0:0:
256,192,61216,1,0,0:0:0:0:
329,192,61216,1,0,0:0:0:0:
402,192,61297,1,0,0:0:0:0:
475,192,61297,1,0,0:0:0:0:
256,192,61378,1,0,0:0:0:0:
329,192,61378,1,0,0:0:0:0:
402,192,61459,1,0,0:0:0:0:
475,192,61459,1,0,0:0:0:0:
256,192,61541,1,0,0:0:0:0:
329,192,61541,1,0,0:0:0:0:
402,192,61622,1,0,0:0:0:0:
475,192,61622,1,0,0:0:0:0:
256,192,61703,1,0,0:0:0:0:
329,192,61703,1,0,0:0:0:0:
402,192,61784,1,0,0:0:0:0:
475,192,61784,1,0,0:0:0:0:
182,192,61865,1,0,0:0:0:0:
256,192,61865,1,0,0:0:0:0:
329,192,61946,1,0,0:0:0:0:
402,192,61946,1,0,0:0:0:0:
475,192,61946,1,0,0:0:0:0:
109,192,62027,1,0,0:0:0:0:
182,192,62027,1,0,0:0:0:0:
256,192,62027,1,0,0:0:0:0:
329,192,62108,1,0,0:0:0:0:
402,192,62108,1,0,0:0:0:0:
475,192,62108,1,0,0:0:0:0:
36,192,62189,1,0,0:0:0:0:
109,192,62189,1,0,0:0:0:0:
182,192,62189,1,0,0:0:0:0:
256,192,62189,1,0,0:0:0:0:
475,0,62270,128,0,62432:0:0:0:0:
402,0,62351,128,0,62514:0:0:0:0:
329,0,62432,128,0,62595:0:0:0:0:
256,0,62514,128,0,62649:0:0:0:0:
182,0,62595,128,0,62703:0:0:0:0:
109,0,62649,128,0,62757:0:0:0:0:
36,0,62703,128,0,62811:0:0:0:0:
475,0,62757,128,0,62865:0:0:0:0:
402,0,62811,128,0,62919:0:0:0:0:
329,0,62865,128,0,62973:0:0:0:0:
256,0,62919,128,0,63027:0:0:0:0:
182,0,62973,128,0,63081:0:0:0:0:
109,0,63027,128,0,63122:0:0:0:0:
36,0,63081,128,0,63162:0:0:0:0:
182,0,63122,128,0,63243:0:0:0:0:
256,0,63162,128,0,63284:0:0:0:0:
329,0,63203,128,0,63324:0:0:0:0:
402,0,63243,128,0,63365:0:0:0:0:
475,0,63284,128,0,63405:0:0:0:0:
36,0,63324,128,0,63365:0:0:0:0:
109,0,63365,128,0,63405:0:0:0:0:
182,0,63405,128,0,63446:0:0:0:0:
256,0,63446,128,0,63486:0:0:0:0:
329,0,63486,128,0,63527:0:0:0:0:
402,0,63527,128,0,63568:0:0:0:0:
36,192,63568,1,0,0:0:0:0:
109,192,63568,1,0,0:0:0:0:
475,192,63568,1,0,0:0:0:0:
256,0,63568,128,0,68757:0:0:0:0:
182,192,63730,1,0,0:0:0:0:
329,192,63892,1,0,0:0:0:0:
475,192,64054,1,0,0:0:0:0:
109,192,64865,1,0,0:0:0:0:
182,192,65027,1,0,0:0:0:0:
329,192,65189,1,0,0:0:0:0:
402,192,65351,1,0,0:0:0:0:
329,192,65649,1,0,0:0:0:0:
402,192,65662,1,0,0:0:0:0:
475,0,65676,128,0,65838:0:0:0:0:
402,0,65838,128,0,65919:0:0:0:0:
36,0,66000,128,0,66081:0:0:0:0:
475,192,66162,1,0,0:0:0:0:
109,192,66324,1,0,0:0:0:0:
36,192,66486,1,0,0:0:0:0:
109,192,66649,1,0,0:0:0:0:
109,192,68757,1,0,0:0:0:0:
182,192,68919,1,0,0:0:0:0:
329,192,69081,1,0,0:0:0:0:
475,192,69243,1,0,0:0:0:0:
36,192,70054,1,0,0:0:0:0:
109,192,70216,1,0,0:0:0:0:
182,192,70378,1,0,0:0:0:0:
402,192,70541,1,0,0:0:0:0:
329,192,70838,1,0,0:0:0:0:
402,192,70851,1,0,0:0:0:0:
475,0,70865,128,0,71027:0:0:0:0:
402,0,71027,128,0,71108:0:0:0:0:
36,0,71189,128,0,71270:0:0:0:0:
109,0,72162,128,0,72324:0:0:0:0:
36,0,72324,128,0,72486:0:0:0:0:
109,0,72486,128,0,73297:0:0:0:0:
109,192,73946,1,0,0:0:0:0:
256,192,73946,1,0,0:0:0:0:
402,192,73946,1,0,0:0:0:0:
475,192,73946,1,0,0:0:0:0:
36,0,73946,128,0,75243:0:0:0:0:
182,0,74108,128,0,74270:0:0:0:0:
329,192,74108,1,0,0:0:0:0:
109,0,74270,128,0,74595:0:0:0:0:
256,0,74270,128,0,74595:0:0:0:0:
182,0,74432,128,0,74595:0:0:0:0:
402,192,74432,1,0,0:0:0:0:
329,192,74595,1,0,0:0:0:0:
475,192,74595,1,0,0:0:0:0:
109,192,74757,1,0,0:0:0:0:
182,0,74757,128,0,74919:0:0:0:0:
256,0,74919,128,0,75243:0:0:0:0:
402,0,74919,128,0,75243:0:0:0:0:
329,192,75081,1,0,0:0:0:0:
182,0,75081,128,0,75243:0:0:0:0:
109,0,75243,128,0,75892:0:0:0:0:
329,192,75243,1,0,0:0:0:0:
475,192,75243,1,0,0:0:0:0:
36,0,75405,128,0,75568:0:0:0:0:
182,192,75405,1,0,0:0:0:0:
256,0,75568,128,0,75892:0:0:0:0:
402,0,75568,128,0,75892:0:0:0:0:
36,0,75730,128,0,75892:0:0:0:0:
475,192,75730,1,0,0:0:0:0:
182,192,75892,1,0,0:0:0:0:
329,192,75892,1,0,0:0:0:0:
475,0,75892,128,0,76541:0:0:0:0:
36,0,76054,128,0,76216:0:0:0:0:
402,192,76054,1,0,0:0:0:0:
109,0,76216,128,0,76541:0:0:0:0:
256,0,76216,128,0,76541:0:0:0:0:
329,192,76378,1,0,0:0:0:0:
36,0,76378,128,0,76541:0:0:0:0:
182,192,76541,1,0,0:0:0:0:
402,192,76541,1,0,0:0:0:0:
329,0,76541,128,0,77838:0:0:0:0:
36,192,76703,1,0,0:0:0:0:
475,0,76703,128,0,76865:0:0:0:0:
109,0,76865,128,0,77189:0:0:0:0:
256,0,76865,128,0,77189:0:0:0:0:
402,192,77027,1,0,0:0:0:0:
475,0,77027,128,0,77189:0:0:0:0:
36,192,77189,1,0,0:0:0:0:
182,192,77189,1,0,0:0:0:0:
402,192,77351,1,0,0:0:0:0:
475,0,77351,128,0,77514:0:0:0:0:
109,0,77514,128,0,77838:0:0:0:0:
256,0,77514,128,0,77838:0:0:0:0:
402,192,77676,1,0,0:0:0:0:
475,0,77676,128,0,77838:0:0:0:0:
36,192,77838,1,0,0:0:0:0:
182,192,77838,1,0,0:0:0:0:
402,0,77838,128,0,79135:0:0:0:0:
329,0,78000,128,0,78162:0:0:0:0:
475,192,78000,1,0,0:0:0:0:
109,0,78162,128,0,78486:0:0:0:0:
256,0,78162,128,0,78486:0:0:0:0:
182,192,78324,1,0,0:0:0:0:
329,0,78324,128,0,78486:0:0:0:0:
36,192,78486,1,0,0:0:0:0:
475,192,78486,1,0,0:0:0:0:
182,192,78649,1,0,0:0:0:0:
329,0,78649,128,0,78811:0:0:0:0:
109,0,78811,128,0,79135:0:0:0:0:
256,0,78811,128,0,79135:0:0:0:0:
182,192,78973,1,0,0:0:0:0:
329,0,78973,128,0,79135:0:0:0:0:
36,0,79135,128,0,79459:0:0:0:0:
475,0,79135,128,0,79459:0:0:0:0:
109,0,79297,128,0,79622:0:0:0:0:
402,0,79297,128,0,79622:0:0:0:0:
182,192,79459,1,0,0:0:0:0:
256,192,79459,1,0,0:0:0:0:
329,192,79459,1,0,0:0:0:0:
36,0,79622,128,0,79946:0:0:0:0:
329,0,79622,128,0,79946:0:0:0:0:
109,192,79784,1,0,0:0:0:0:
256,0,79784,128,0,79791:0:0:0:0:
402,192,79784,1,0,0:0:0:0:
182,0,79946,128,0,80270:0:0:0:0:
475,0,79946,128,0,80270:0:0:0:0:
109,192,80108,1,0,0:0:0:0:
256,0,80108,128,0,80115:0:0:0:0:
402,192,80108,1,0,0:0:0:0:
109,0,80270,128,0,80595:0:0:0:0:
402,0,80270,128,0,80595:0:0:0:0:
36,192,80432,1,0,0:0:0:0:
256,0,80432,128,0,80453:0:0:0:0:
329,192,80432,1,0,0:0:0:0:
182,0,80595,128,0,80919:0:0:0:0:
475,0,80595,128,0,80919:0:0:0:0:
36,192,80757,1,0,0:0:0:0:
256,0,80757,128,0,80777:0:0:0:0:
329,192,80757,1,0,0:0:0:0:
36,0,80919,128,0,81243:0:0:0:0:
329,0,80919,128,0,81243:0:0:0:0:
109,192,81081,1,0,0:0:0:0:
256,0,81081,128,0,81122:0:0:0:0:
402,192,81081,1,0,0:0:0:0:
182,0,81243,128,0,81568:0:0:0:0:
475,0,81243,128,0,81568:0:0:0:0:
36,192,81405,1,0,0:0:0:0:
256,0,81405,128,0,81446:0:0:0:0:
329,192,81405,1,0,0:0:0:0:
109,0,81568,128,0,81892:0:0:0:0:
402,0,81568,128,0,81892:0:0:0:0:
182,192,81730,1,0,0:0:0:0:
256,0,81730,128,0,81811:0:0:0:0:
475,192,81730,1,0,0:0:0:0:
36,0,81892,128,0,82216:0:0:0:0:
329,0,81892,128,0,82216:0:0:0:0:
109,192,82054,1,0,0:0:0:0:
256,0,82054,128,0,82135:0:0:0:0:
402,192,82054,1,0,0:0:0:0:
109,0,82216,128,0,82541:0:0:0:0:
402,0,82216,128,0,82541:0:0:0:0:
182,192,82378,1,0,0:0:0:0:
256,0,82378,128,0,82541:0:0:0:0:
475,192,82378,1,0,0:0:0:0:
36,0,82541,128,0,82865:0:0:0:0:
329,0,82541,128,0,82865:0:0:0:0:
109,192,82703,1,0,0:0:0:0:
256,0,82703,128,0,82865:0:0:0:0:
402,192,82703,1,0,0:0:0:0:
109,0,82865,128,0,83027:0:0:0:0:
182,192,82865,1,0,0:0:0:0:
402,0,82865,128,0,83027:0:0:0:0:
475,192,82865,1,0,0:0:0:0:
36,192,83189,1,0,0:0:0:0:
109,0,83189,128,0,83351:0:0:0:0:
182,0,83189,128,0,83351:0:0:0:0:
256,192,83189,1,0,0:0:0:0:
329,0,83189,128,0,83351:0:0:0:0:
402,0,83189,128,0,83351:0:0:0:0:
475,192,83189,1,0,0:0:0:0:
36,0,83514,128,0,83676:0:0:0:0:
109,0,83514,128,0,83676:0:0:0:0:
182,0,83514,128,0,83676:0:0:0:0:
256,192,83514,1,0,0:0:0:0:
329,0,83514,128,0,83676:0:0:0:0:
402,0,83514,128,0,83676:0:0:0:0:
475,0,83514,128,0,83676:0:0:0:0:
36,192,83838,1,0,0:0:0:0:
36,192,83919,1,0,0:0:0:0:
109,192,84000,1,0,0:0:0:0:
182,192,84000,1,0,0:0:0:0:
256,192,84000,1,0,0:0:0:0:
329,192,84000,1,0,0:0:0:0:
402,192,84000,1,0,0:0:0:0:
475,192,84000,1,0,0:0:0:0:
36,0,84324,128,0,84568:0:0:0:0:
109,0,84324,128,0,84568:0:0:0:0:
182,192,84324,1,0,0:0:0:0:
402,0,84486,128,0,84730:0:0:0:0:
475,0,84486,128,0,84730:0:0:0:0:
36,0,84649,128,0,84892:0:0:0:0:
256,192,84649,1,0,0:0:0:0:
329,192,84649,1,0,0:0:0:0:
109,0,84811,128,0,84892:0:0:0:0:
475,0,84811,128,0,85054:0:0:0:0:
36,0,84973,128,0,85216:0:0:0:0:
402,0,84973,128,0,85054:0:0:0:0:
182,192,85135,1,0,0:0:0:0:
475,0,85135,128,0,85378:0:0:0:0:
36,0,85297,128,0,85541:0:0:0:0:
109,0,85297,128,0,85541:0:0:0:0:
256,192,85297,1,0,0:0:0:0:
329,192,85297,1,0,0:0:0:0:
402,0,85459,128,0,85703:0:0:0:0:
475,0,85459,128,0,85703:0:0:0:0:
36,0,85622,128,0,85865:0:0:0:0:
182,192,85622,1,0,0:0:0:0:
109,0,85784,128,0,85865:0:0:0:0:
475,0,85784,128,0,86027:0:0:0:0:
36,0,85946,128,0,86189:0:0:0:0:
109,0,85946,128,0,86189:0:0:0:0:
256,192,85946,1,0,0:0:0:0:
329,192,85946,1,0,0:0:0:0:
475,0,86108,128,0,86351:0:0:0:0:
36,0,86270,128,0,86514:0:0:0:0:
109,0,86270,128,0,86514:0:0:0:0:
182,192,86432,1,0,0:0:0:0:
475,0,86432,128,0,86676:0:0:0:0:
36,0,86595,128,0,86838:0:0:0:0:
109,0,86595,128,0,86838:0:0:0:0:
256,192,86595,1,0,0:0:0:0:
329,192,86595,1,0,0:0:0:0:
475,0,86757,128,0,87000:0:0:0:0:
36,0,86919,128,0,87162:0:0:0:0:
109,0,86919,128,0,87000:0:0:0:0:
182,192,86919,1,0,0:0:0:0:
109,0,87081,128,0,87162:0:0:0:0:
475,0,87081,128,0,87324:0:0:0:0:
36,0,87243,128,0,87486:0:0:0:0:
256,192,87243,1,0,0:0:0:0:
329,192,87243,1,0,0:0:0:0:
109,0,87405,128,0,87486:0:0:0:0:
475,0,87405,128,0,87649:0:0:0:0:
36,0,87568,128,0,87811:0:0:0:0:
109,0,87568,128,0,87811:0:0:0:0:
182,192,87730,1,0,0:0:0:0:
475,0,87730,128,0,87973:0:0:0:0:
36,0,87892,128,0,88135:0:0:0:0:
109,0,87892,128,0,87973:0:0:0:0:
256,192,87892,1,0,0:0:0:0:
329,192,87892,1,0,0:0:0:0:
109,0,88054,128,0,88135:0:0:0:0:
475,0,88054,128,0,88297:0:0:0:0:
36,0,88216,128,0,88459:0:0:0:0:
182,192,88216,1,0,0:0:0:0:
109,0,88378,128,0,88459:0:0:0:0:
475,0,88378,128,0,88622:0:0:0:0:
36,0,88541,128,0,88784:0:0:0:0:
256,192,88541,1,0,0:0:0:0:
329,192,88541,1,0,0:0:0:0:
402,0,88541,128,0,88622:0:0:0:0:
182,192,88703,1,0,0:0:0:0:
475,0,88703,128,0,88946:0:0:0:0:
36,0,88865,128,0,89108:0:0:0:0:
109,0,88865,128,0,89108:0:0:0:0:
182,192,89027,1,0,0:0:0:0:
475,0,89027,128,0,89270:0:0:0:0:
36,0,89189,128,0,89432:0:0:0:0:
109,0,89189,128,0,89432:0:0:0:0:
256,192,89189,1,0,0:0:0:0:
329,192,89189,1,0,0:0:0:0:
475,0,89351,128,0,89595:0:0:0:0:
36,0,89514,128,0,89757:0:0:0:0:
109,0,89514,128,0,89919:0:0:0:0:
182,192,89514,1,0,0:0:0:0:
402,0,89676,128,0,90081:0:0:0:0:
475,0,89676,128,0,89919:0:0:0:0:
36,0,89838,128,0,90081:0:0:0:0:
256,192,89838,1,0,0:0:0:0:
329,192,89838,1,0,0:0:0:0:
109,0,90000,128,0,90405:0:0:0:0:
475,0,90000,128,0,90243:0:0:0:0:
36,0,90162,128,0,90405:0:0:0:0:
402,0,90162,128,0,90568:0:0:0:0:
182,192,90324,1,0,0:0:0:0:
475,0,90324,128,0,90568:0:0:0:0:
36,0,90486,128,0,90730:0:0:0:0:
256,192,90486,1,0,0:0:0:0:
329,192,90486,1,0,0:0:0:0:
109,0,90486,128,0,90892:0:0:0:0:
402,0,90649,128,0,90892:0:0:0:0:
475,0,90649,128,0,90892:0:0:0:0:
36,0,90811,128,0,91054:0:0:0:0:
182,192,90811,1,0,0:0:0:0:
109,0,90973,128,0,91054:0:0:0:0:
475,0,90973,128,0,91216:0:0:0:0:
36,0,91135,128,0,91378:0:0:0:0:
109,0,91135,128,0,91378:0:0:0:0:
256,192,91135,1,0,0:0:0:0:
329,192,91135,1,0,0:0:0:0:
475,0,91297,128,0,91541:0:0:0:0:
36,0,91459,128,0,91703:0:0:0:0:
109,0,91459,128,0,91703:0:0:0:0:
182,192,91622,1,0,0:0:0:0:
475,0,91622,128,0,91865:0:0:0:0:
36,0,91784,128,0,92027:0:0:0:0:
109,0,91784,128,0,92027:0:0:0:0:
256,192,91784,1,0,0:0:0:0:
329,192,91784,1,0,0:0:0:0:
475,0,91946,128,0,92189:0:0:0:0:
36,0,92108,128,0,92351:0:0:0:0:
182,192,92108,1,0,0:0:0:0:
402,0,92108,128,0,92189:0:0:0:0:
402,0,92270,128,0,92514:0:0:0:0:
475,0,92270,128,0,92514:0:0:0:0:
36,0,92432,128,0,92676:0:0:0:0:
256,192,92432,1,0,0:0:0:0:
329,192,92432,1,0,0:0:0:0:
402,0,92595,128,0,92676:0:0:0:0:
475,0,92595,128,0,92838:0:0:0:0:
36,0,92757,128,0,93000:0:0:0:0:
402,0,92757,128,0,93000:0:0:0:0:
182,192,92919,1,0,0:0:0:0:
475,0,92919,128,0,93162:0:0:0:0:
36,0,93081,128,0,93324:0:0:0:0:
256,192,93081,1,0,0:0:0:0:
329,192,93081,1,0,0:0:0:0:
402,0,93081,128,0,93162:0:0:0:0:
402,0,93243,128,0,93649:0:0:0:0:
475,0,93243,128,0,93486:0:0:0:0:
36,0,93405,128,0,93649:0:0:0:0:
182,192,93405,1,0,0:0:0:0:
109,0,93568,128,0,93973:0:0:0:0:
475,0,93568,128,0,93811:0:0:0:0:
36,0,93730,128,0,93973:0:0:0:0:
256,192,93730,1,0,0:0:0:0:
329,192,93730,1,0,0:0:0:0:
402,0,93730,128,0,93973:0:0:0:0:
182,192,93892,1,0,0:0:0:0:
475,0,93892,128,0,93973:0:0:0:0:
36,0,94054,128,0,94074:0:0:0:0:
109,0,94054,128,0,94074:0:0:0:0:
182,0,94054,128,0,94074:0:0:0:0:
256,0,94054,128,0,94074:0:0:0:0:
329,0,94054,128,0,94074:0:0:0:0:
402,0,94054,128,0,94074:0:0:0:0:
475,0,94054,128,0,94074:0:0:0:0:
36,0,94378,128,0,94399:0:0:0:0:
109,0,94378,128,0,94399:0:0:0:0:
182,0,94378,128,0,94399:0:0:0:0:
256,0,94378,128,0,94399:0:0:0:0:
329,0,94378,128,0,94399:0:0:0:0:
402,0,94378,128,0,94399:0:0:0:0:
475,0,94378,128,0,94399:0:0:0:0:
36,192,94703,1,0,0:0:0:0:
109,192,94703,1,0,0:0:0:0:
182,192,94703,1,0,0:0:0:0:
256,0,94703,128,0,94946:0:0:0:0:
329,192,94703,1,0,0:0:0:0:
402,192,94703,1,0,0:0:0:0:
475,192,94703,1,0,0:0:0:0:
109,0,94865,128,0,95027:0:0:0:0:
36,192,95027,1,0,0:0:0:0:
182,192,95027,1,0,0:0:0:0:
256,0,95027,128,0,95270:0:0:0:0:
329,192,95027,1,0,0:0:0:0:
402,192,95027,1,0,0:0:0:0:
475,192,95027,1,0,0:0:0:0:
402,0,95189,128,0,95351:0:0:0:0:
36,192,95351,1,0,0:0:0:0:
109,192,95351,1,0,0:0:0:0:
182,192,95351,1,0,0:0:0:0:
256,0,95351,128,0,95595:0:0:0:0:
329,192,95351,1,0,0:0:0:0:
475,192,95351,1,0,0:0:0:0:
36,0,95514,128,0,95676:0:0:0:0:
109,192,95676,1,0,0:0:0:0:
182,192,95676,1,0,0:0:0:0:
256,0,95676,128,0,95919:0:0:0:0:
329,192,95676,1,0,0:0:0:0:
402,192,95676,1,0,0:0:0:0:
475,192,95676,1,0,0:0:0:0:
475,0,95838,128,0,96000:0:0:0:0:
36,192,96000,1,0,0:0:0:0:
109,192,96000,1,0,0:0:0:0:
182,192,96000,1,0,0:0:0:0:
256,0,96000,128,0,96243:0:0:0:0:
329,192,96000,1,0,0:0:0:0:
402,192,96000,1,0,0:0:0:0:
182,0,96162,128,0,96324:0:0:0:0:
36,192,96324,1,0,0:0:0:0:
109,192,96324,1,0,0:0:0:0:
256,0,96324,128,0,96568:0:0:0:0:
329,192,96324,1,0,0:0:0:0:
402,192,96324,1,0,0:0:0:0:
475,192,96324,1,0,0:0:0:0:
329,0,96486,128,0,96649:0:0:0:0:
36,192,96649,1,0,0:0:0:0:
109,192,96649,1,0,0:0:0:0:
182,192,96649,1,0,0:0:0:0:
256,0,96649,128,0,96892:0:0:0:0:
402,192,96649,1,0,0:0:0:0:
475,192,96649,1,0,0:0:0:0:
36,0,96811,128,0,96973:0:0:0:0:
109,192,96973,1,0,0:0:0:0:
182,192,96973,1,0,0:0:0:0:
256,0,96973,128,0,97216:0:0:0:0:
329,192,96973,1,0,0:0:0:0:
402,192,96973,1,0,0:0:0:0:
475,192,96973,1,0,0:0:0:0:
475,0,97135,128,0,97297:0:0:0:0:
36,192,97297,1,0,0:0:0:0:
109,192,97297,1,0,0:0:0:0:
182,192,97297,1,0,0:0:0:0:
256,0,97297,128,0,97541:0:0:0:0:
329,192,97297,1,0,0:0:0:0:
402,192,97297,1,0,0:0:0:0:
109,0,97459,128,0,97622:0:0:0:0:
36,192,97622,1,0,0:0:0:0:
182,192,97622,1,0,0:0:0:0:
256,0,97622,128,0,97865:0:0:0:0:
329,192,97622,1,0,0:0:0:0:
402,192,97622,1,0,0:0:0:0:
475,192,97622,1,0,0:0:0:0:
402,0,97784,128,0,97946:0:0:0:0:
36,192,97946,1,0,0:0:0:0:
109,192,97946,1,0,0:0:0:0:
182,192,97946,1,0,0:0:0:0:
256,0,97946,128,0,98189:0:0:0:0:
329,192,97946,1,0,0:0:0:0:
475,192,97946,1,0,0:0:0:0:
36,0,98108,128,0,98270:0:0:0:0:
109,192,98270,1,0,0:0:0:0:
182,192,98270,1,0,0:0:0:0:
256,0,98270,128,0,98514:0:0:0:0:
329,192,98270,1,0,0:0:0:0:
402,192,98270,1,0,0:0:0:0:
475,192,98270,1,0,0:0:0:0:
475,0,98432,128,0,98595:0:0:0:0:
36,192,98595,1,0,0:0:0:0:
109,192,98595,1,0,0:0:0:0:
182,192,98595,1,0,0:0:0:0:
256,0,98595,128,0,98838:0:0:0:0:
329,192,98595,1,0,0:0:0:0:
402,192,98595,1,0,0:0:0:0:
182,0,98757,128,0,98919:0:0:0:0:
36,192,98919,1,0,0:0:0:0:
109,192,98919,1,0,0:0:0:0:
256,0,98919,128,0,99162:0:0:0:0:
329,192,98919,1,0,0:0:0:0:
402,192,98919,1,0,0:0:0:0:
475,192,98919,1,0,0:0:0:0:
329,0,99081,128,0,99243:0:0:0:0:
36,192,99243,1,0,0:0:0:0:
109,192,99243,1,0,0:0:0:0:
182,192,99243,1,0,0:0:0:0:
256,0,99243,128,0,99486:0:0:0:0:
402,192,99243,1,0,0:0:0:0:
475,192,99243,1,0,0:0:0:0:
36,0,99405,128,0,99568:0:0:0:0:
109,192,99568,1,0,0:0:0:0:
182,192,99568,1,0,0:0:0:0:
256,0,99568,128,0,99649:0:0:0:0:
329,192,99568,1,0,0:0:0:0:
402,192,99568,1,0,0:0:0:0:
475,192,99568,1,0,0:0:0:0:
256,0,99730,128,0,99811:0:0:0:0:
475,0,99730,128,0,99811:0:0:0:0:
36,0,99892,128,0,100014:0:0:0:0:
109,0,99892,128,0,100014:0:0:0:0:
182,0,99892,128,0,100014:0:0:0:0:
256,0,99892,128,0,100014:0:0:0:0:
329,0,99892,128,0,100014:0:0:0:0:
402,0,99892,128,0,100014:0:0:0:0:
475,0,99892,128,0,100014:0:0:0:0:
36,192,100054,1,0,0:0:0:0:
109,192,100054,1,0,0:0:0:0:
182,192,100054,1,0,0:0:0:0:
256,192,100054,1,0,0:0:0:0:
329,192,100054,1,0,0:0:0:0:
402,192,100054,1,0,0:0:0:0:
475,192,100054,1,0,0:0:0:0:
36,192,100216,1,0,0:0:0:0:
109,192,100216,1,0,0:0:0:0:
182,192,100216,1,0,0:0:0:0:
256,192,100216,1,0,0:0:0:0:
329,192,100216,1,0,0:0:0:0:
402,192,100216,1,0,0:0:0:0:
475,192,100216,1,0,0:0:0:0:
36,192,100378,1,0,0:0:0:0:
109,192,100378,1,0,0:0:0:0:
182,192,100378,1,0,0:0:0:0:
256,192,100378,1,0,0:0:0:0:
329,192,100378,1,0,0:0:0:0:
402,192,100378,1,0,0:0:0:0:
475,192,100378,1,0,0:0:0:0:
36,192,100541,1,0,0:0:0:0:
109,192,100541,1,0,0:0:0:0:
182,192,100541,1,0,0:0:0:0:
256,192,100541,1,0,0:0:0:0:
329,192,100541,1,0,0:0:0:0:
402,192,100541,1,0,0:0:0:0:
475,192,100541,1,0,0:0:0:0:
36,192,100703,1,0,0:0:0:0:
109,192,100703,1,0,0:0:0:0:
182,192,100703,1,0,0:0:0:0:
256,192,100703,1,0,0:0:0:0:
329,192,100703,1,0,0:0:0:0:
402,192,100703,1,0,0:0:0:0:
475,192,100703,1,0,0:0:0:0:
36,192,100865,1,0,0:0:0:0:
109,192,100865,1,0,0:0:0:0:
182,192,100865,1,0,0:0:0:0:
256,192,100865,1,0,0:0:0:0:
329,192,100865,1,0,0:0:0:0:
402,192,100865,1,0,0:0:0:0:
475,192,100865,1,0,0:0:0:0:
36,192,101027,1,0,0:0:0:0:
109,192,101027,1,0,0:0:0:0:
182,192,101027,1,0,0:0:0:0:
256,192,101027,1,0,0:0:0:0:
329,192,101027,1,0,0:0:0:0:
402,192,101027,1,0,0:0:0:0:
475,192,101027,1,0,0:0:0:0:
36,0,101189,128,0,101311:0:0:0:0:
109,0,101189,128,0,101311:0:0:0:0:
182,0,101189,128,0,101311:0:0:0:0:
256,0,101189,128,0,101311:0:0:0:0:
329,0,101189,128,0,101311:0:0:0:0:
402,0,101189,128,0,101311:0:0:0:0:
475,0,101189,128,0,101311:0:0:0:0:
36,192,101351,1,0,0:0:0:0:
109,192,101351,1,0,0:0:0:0:
182,192,101351,1,0,0:0:0:0:
256,192,101351,1,0,0:0:0:0:
329,192,101351,1,0,0:0:0:0:
402,192,101351,1,0,0:0:0:0:
475,192,101351,1,0,0:0:0:0:
36,192,101514,1,0,0:0:0:0:
109,192,101514,1,0,0:0:0:0:
182,192,101514,1,0,0:0:0:0:
256,192,101514,1,0,0:0:0:0:
329,192,101514,1,0,0:0:0:0:
402,192,101514,1,0,0:0:0:0:
475,192,101514,1,0,0:0:0:0:
36,192,101676,1,0,0:0:0:0:
109,192,101676,1,0,0:0:0:0:
182,192,101676,1,0,0:0:0:0:
256,192,101676,1,0,0:0:0:0:
329,192,101676,1,0,0:0:0:0:
402,192,101676,1,0,0:0:0:0:
475,192,101676,1,0,0:0:0:0:
36,192,101838,1,0,0:0:0:0:
109,192,101838,1,0,0:0:0:0:
182,192,101838,1,0,0:0:0:0:
256,192,101838,1,0,0:0:0:0:
329,192,101838,1,0,0:0:0:0:
402,192,101838,1,0,0:0:0:0:
475,192,101838,1,0,0:0:0:0:
36,192,102000,1,0,0:0:0:0:
109,192,102000,1,0,0:0:0:0:
182,192,102000,1,0,0:0:0:0:
256,192,102000,1,0,0:0:0:0:
329,192,102000,1,0,0:0:0:0:
402,192,102000,1,0,0:0:0:0:
475,192,102000,1,0,0:0:0:0:
36,192,102162,1,0,0:0:0:0:
109,192,102162,1,0,0:0:0:0:
182,192,102162,1,0,0:0:0:0:
256,192,102162,1,0,0:0:0:0:
329,192,102162,1,0,0:0:0:0:
402,192,102162,1,0,0:0:0:0:
475,192,102162,1,0,0:0:0:0:
36,192,102324,1,0,0:0:0:0:
109,192,102324,1,0,0:0:0:0:
182,192,102324,1,0,0:0:0:0:
256,192,102324,1,0,0:0:0:0:
329,192,102324,1,0,0:0:0:0:
402,192,102324,1,0,0:0:0:0:
475,192,102324,1,0,0:0:0:0:
36,192,102486,1,0,0:0:0:0:
109,192,102486,1,0,0:0:0:0:
402,192,102486,1,0,0:0:0:0:
475,192,102486,1,0,0:0:0:0:
182,192,102568,1,0,0:0:0:0:
256,192,102568,1,0,0:0:0:0:
329,192,102568,1,0,0:0:0:0:
36,192,102649,1,0,0:0:0:0:
109,192,102649,1,0,0:0:0:0:
402,192,102649,1,0,0:0:0:0:
475,192,102649,1,0,0:0:0:0:
182,192,102730,1,0,0:0:0:0:
256,192,102730,1,0,0:0:0:0:
329,192,102730,1,0,0:0:0:0:
36,192,102811,1,0,0:0:0:0:
109,192,102811,1,0,0:0:0:0:
402,192,102811,1,0,0:0:0:0:
475,192,102811,1,0,0:0:0:0:
182,192,102892,1,0,0:0:0:0:
256,192,102892,1,0,0:0:0:0:
329,192,102892,1,0,0:0:0:0:
36,192,102973,1,0,0:0:0:0:
109,192,102973,1,0,0:0:0:0:
402,192,102973,1,0,0:0:0:0:
475,192,102973,1,0,0:0:0:0:
182,192,103054,1,0,0:0:0:0:
256,192,103054,1,0,0:0:0:0:
329,192,103054,1,0,0:0:0:0:
36,192,103135,1,0,0:0:0:0:
109,192,103135,1,0,0:0:0:0:
402,192,103135,1,0,0:0:0:0:
475,192,103135,1,0,0:0:0:0:
182,192,103216,1,0,0:0:0:0:
256,192,103216,1,0,0:0:0:0:
329,192,103216,1,0,0:0:0:0:
36,192,103297,1,0,0:0:0:0:
109,192,103297,1,0,0:0:0:0:
402,192,103297,1,0,0:0:0:0:
475,192,103297,1,0,0:0:0:0:
182,192,103378,1,0,0:0:0:0:
256,192,103378,1,0,0:0:0:0:
329,192,103378,1,0,0:0:0:0:
36,192,103459,1,0,0:0:0:0:
109,192,103459,1,0,0:0:0:0:
402,192,103459,1,0,0:0:0:0:
475,192,103459,1,0,0:0:0:0:
182,192,103541,1,0,0:0:0:0:
256,192,103541,1,0,0:0:0:0:
329,192,103541,1,0,0:0:0:0:
36,192,103622,1,0,0:0:0:0:
109,192,103622,1,0,0:0:0:0:
402,192,103622,1,0,0:0:0:0:
475,192,103622,1,0,0:0:0:0:
182,192,103703,1,0,0:0:0:0:
256,192,103703,1,0,0:0:0:0:
329,192,103703,1,0,0:0:0:0:
36,0,103784,128,0,103838:0:0:0:0:
402,0,103784,128,0,105081:0:0:0:0:
475,0,103784,128,0,105081:0:0:0:0:
109,0,103838,128,0,103892:0:0:0:0:
182,0,103892,128,0,103946:0:0:0:0:
256,0,103946,128,0,104000:0:0:0:0:
36,0,104000,128,0,104054:0:0:0:0:
329,0,104000,128,0,104054:0:0:0:0:
109,0,104054,128,0,104108:0:0:0:0:
182,0,104108,128,0,104162:0:0:0:0:
256,0,104162,128,0,104216:0:0:0:0:
36,0,104216,128,0,104324:0:0:0:0:
329,0,104216,128,0,104270:0:0:0:0:
109,0,104270,128,0,104378:0:0:0:0:
182,0,104324,128,0,104432:0:0:0:0:
256,0,104378,128,0,104486:0:0:0:0:
36,0,104432,128,0,104473:0:0:0:0:
329,0,104432,128,0,104541:0:0:0:0:
109,0,104473,128,0,104514:0:0:0:0:
182,0,104514,128,0,104554:0:0:0:0:
256,0,104554,128,0,104595:0:0:0:0:
36,0,104595,128,0,104676:0:0:0:0:
329,0,104595,128,0,104635:0:0:0:0:
109,0,104635,128,0,104716:0:0:0:0:
182,0,104676,128,0,104757:0:0:0:0:
256,0,104716,128,0,104797:0:0:0:0:
36,0,104757,128,0,104878:0:0:0:0:
329,0,104757,128,0,104838:0:0:0:0:
109,0,104797,128,0,104919:0:0:0:0:
182,0,104838,128,0,104959:0:0:0:0:
256,0,104878,128,0,105000:0:0:0:0:
329,0,104919,128,0,105041:0:0:0:0:
36,0,104919,128,0,105081:0:0:0:0:
109,0,104959,128,0,105081:0:0:0:0:
182,0,105000,128,0,105081:0:0:0:0:
256,0,105041,128,0,105081:0:0:0:0:
329,192,105081,1,0,0:0:0:0:
329,0,105405,128,0,105811:0:0:0:0:
329,0,105892,128,0,106297:0:0:0:0:
329,0,106378,128,0,106784:0:0:0:0:
329,0,106865,128,0,107270:0:0:0:0:
36,192,107351,1,0,0:0:0:0:
109,192,107351,1,0,0:0:0:0:
182,192,107351,1,0,0:0:0:0:
256,192,107351,1,0,0:0:0:0:
329,0,107351,128,0,107635:0:0:0:0:
402,192,107351,1,0,0:0:0:0:
475,192,107351,1,0,0:0:0:0:
109,192,107676,1,0,0:0:0:0:
329,192,107676,1,0,0:0:0:0:
36,192,107757,1,0,0:0:0:0:
402,0,107757,128,0,107838:0:0:0:0:
182,0,107838,128,0,107919:0:0:0:0:
475,0,107838,128,0,108000:0:0:0:0:
109,192,107919,1,0,0:0:0:0:
36,192,108000,1,0,0:0:0:0:
256,192,108000,1,0,0:0:0:0:
329,0,108000,128,0,108081:0:0:0:0:
109,192,108081,1,0,0:0:0:0:
402,0,108081,128,0,108243:0:0:0:0:
182,0,108162,128,0,108243:0:0:0:0:
109,192,108243,1,0,0:0:0:0:
256,0,108243,128,0,108324:0:0:0:0:
36,192,108324,1,0,0:0:0:0:
329,0,108324,128,0,108486:0:0:0:0:
475,192,108324,1,0,0:0:0:0:
402,192,108405,1,0,0:0:0:0:
109,0,108486,128,0,108568:0:0:0:0:
182,0,108486,128,0,108568:0:0:0:0:
256,0,108568,128,0,108730:0:0:0:0:
475,192,108568,1,0,0:0:0:0:
36,192,108649,1,0,0:0:0:0:
329,192,108649,1,0,0:0:0:0:
182,192,108730,1,0,0:0:0:0:
402,0,108730,128,0,108811:0:0:0:0:
109,0,108811,128,0,108892:0:0:0:0:
475,0,108811,128,0,108973:0:0:0:0:
36,192,108892,1,0,0:0:0:0:
256,192,108973,1,0,0:0:0:0:
329,192,108973,1,0,0:0:0:0:
182,192,109054,1,0,0:0:0:0:
402,0,109054,128,0,109135:0:0:0:0:
109,0,109135,128,0,109216:0:0:0:0:
475,0,109135,128,0,109297:0:0:0:0:
36,192,109216,1,0,0:0:0:0:
182,192,109297,1,0,0:0:0:0:
256,192,109297,1,0,0:0:0:0:
329,0,109297,128,0,109378:0:0:0:0:
109,192,109378,1,0,0:0:0:0:
402,0,109378,128,0,109541:0:0:0:0:
36,0,109459,128,0,109541:0:0:0:0:
109,192,109541,1,0,0:0:0:0:
256,0,109541,128,0,109622:0:0:0:0:
182,192,109622,1,0,0:0:0:0:
329,0,109622,128,0,109784:0:0:0:0:
475,192,109622,1,0,0:0:0:0:
402,192,109703,1,0,0:0:0:0:
109,0,109784,128,0,109865:0:0:0:0:
182,0,109784,128,0,109865:0:0:0:0:
36,192,109865,1,0,0:0:0:0:
256,0,109865,128,0,110027:0:0:0:0:
182,192,109946,1,0,0:0:0:0:
475,192,109946,1,0,0:0:0:0:
36,192,110027,1,0,0:0:0:0:
329,0,110027,128,0,110108:0:0:0:0:
109,0,110108,128,0,110189:0:0:0:0:
402,0,110108,128,0,110270:0:0:0:0:
182,192,110189,1,0,0:0:0:0:
36,192,110270,1,0,0:0:0:0:
256,192,110270,1,0,0:0:0:0:
329,0,110351,128,0,110432:0:0:0:0:
475,192,110351,1,0,0:0:0:0:
182,0,110432,128,0,110514:0:0:0:0:
402,0,110432,128,0,110595:0:0:0:0:
109,192,110514,1,0,0:0:0:0:
36,192,110595,1,0,0:0:0:0:
256,0,110595,128,0,110676:0:0:0:0:
475,192,110595,1,0,0:0:0:0:
109,192,110676,1,0,0:0:0:0:
329,0,110676,128,0,110838:0:0:0:0:
402,0,110757,128,0,110838:0:0:0:0:
36,192,110838,1,0,0:0:0:0:
182,0,110838,128,0,110919:0:0:0:0:
109,192,110919,1,0,0:0:0:0:
256,0,110919,128,0,111081:0:0:0:0:
475,192,110919,1,0,0:0:0:0:
402,192,111000,1,0,0:0:0:0:
36,0,111081,128,0,111162:0:0:0:0:
109,0,111081,128,0,111162:0:0:0:0:
182,0,111162,128,0,111324:0:0:0:0:
256,192,111162,1,0,0:0:0:0:
329,192,111243,1,0,0:0:0:0:
475,192,111243,1,0,0:0:0:0:
256,0,111324,128,0,111405:0:0:0:0:
402,192,111324,1,0,0:0:0:0:
475,0,111405,128,0,111486:0:0:0:0:
329,0,111405,128,0,111568:0:0:0:0:
36,192,111486,1,0,0:0:0:0:
109,192,111568,1,0,0:0:0:0:
256,192,111568,1,0,0:0:0:0:
182,192,111649,1,0,0:0:0:0:
329,0,111649,128,0,111730:0:0:0:0:
109,0,111730,128,0,111811:0:0:0:0:
402,0,111730,128,0,111892:0:0:0:0:
36,192,111811,1,0,0:0:0:0:
182,192,111892,1,0,0:0:0:0:
256,0,111892,128,0,111973:0:0:0:0:
475,192,111892,1,0,0:0:0:0:
109,192,111973,1,0,0:0:0:0:
329,0,111973,128,0,112135:0:0:0:0:
36,0,112054,128,0,112135:0:0:0:0:
109,192,112135,1,0,0:0:0:0:
182,0,112135,128,0,112216:0:0:0:0:
256,0,112216,128,0,112378:0:0:0:0:
402,192,112216,1,0,0:0:0:0:
475,192,112216,1,0,0:0:0:0:
329,192,112297,1,0,0:0:0:0:
36,0,112378,128,0,112459:0:0:0:0:
109,0,112378,128,0,112459:0:0:0:0:
182,0,112459,128,0,112622:0:0:0:0:
329,192,112459,1,0,0:0:0:0:
402,192,112541,1,0,0:0:0:0:
475,192,112541,1,0,0:0:0:0:
36,0,112622,128,0,112703:0:0:0:0:
256,192,112622,1,0,0:0:0:0:
109,0,112703,128,0,112784:0:0:0:0:
329,0,112703,128,0,112784:0:0:0:0:
402,192,112784,1,0,0:0:0:0:
182,0,112784,128,0,112865:0:0:0:0:
36,192,112865,1,0,0:0:0:0:
475,192,112865,1,0,0:0:0:0:
109,192,112946,1,0,0:0:0:0:
402,0,112946,128,0,113027:0:0:0:0:
182,0,113027,128,0,113108:0:0:0:0:
475,0,113027,128,0,113189:0:0:0:0:
109,192,113108,1,0,0:0:0:0:
36,192,113189,1,0,0:0:0:0:
256,192,113189,1,0,0:0:0:0:
329,0,113189,128,0,113270:0:0:0:0:
109,192,113270,1,0,0:0:0:0:
402,0,113270,128,0,113432:0:0:0:0:
182,0,113351,128,0,113432:0:0:0:0:
109,192,113432,1,0,0:0:0:0:
256,0,113432,128,0,113514:0:0:0:0:
36,192,113514,1,0,0:0:0:0:
329,0,113514,128,0,113676:0:0:0:0:
475,192,113514,1,0,0:0:0:0:
109,192,113595,1,0,0:0:0:0:
182,0,113676,128,0,113757:0:0:0:0:
402,0,113676,128,0,113757:0:0:0:0:
256,0,113757,128,0,113919:0:0:0:0:
475,192,113757,1,0,0:0:0:0:
36,192,113838,1,0,0:0:0:0:
109,192,113838,1,0,0:0:0:0:
182,192,113919,1,0,0:0:0:0:
402,0,113919,128,0,114000:0:0:0:0:
256,0,114000,128,0,114081:0:0:0:0:
475,0,114000,128,0,114162:0:0:0:0:
329,192,114081,1,0,0:0:0:0:
36,192,114162,1,0,0:0:0:0:
109,192,114162,1,0,0:0:0:0:
182,192,114243,1,0,0:0:0:0:
402,0,114243,128,0,114324:0:0:0:0:
36,0,114324,128,0,114405:0:0:0:0:
475,0,114324,128,0,114486:0:0:0:0:
256,192,114405,1,0,0:0:0:0:
109,192,114486,1,0,0:0:0:0:
182,192,114486,1,0,0:0:0:0:
329,0,114486,128,0,114568:0:0:0:0:
36,192,114568,1,0,0:0:0:0:
402,0,114568,128,0,114730:0:0:0:0:
109,0,114649,128,0,114730:0:0:0:0:
182,192,114730,1,0,0:0:0:0:
256,0,114730,128,0,114811:0:0:0:0:
36,192,114811,1,0,0:0:0:0:
329,0,114811,128,0,114973:0:0:0:0:
475,192,114811,1,0,0:0:0:0:
109,192,114892,1,0,0:0:0:0:
182,0,114973,128,0,115054:0:0:0:0:
402,0,114973,128,0,115135:0:0:0:0:
256,0,115054,128,0,115216:0:0:0:0:
475,192,115054,1,0,0:0:0:0:
36,192,115135,1,0,0:0:0:0:
109,192,115135,1,0,0:0:0:0:
182,192,115216,1,0,0:0:0:0:
329,0,115216,128,0,115297:0:0:0:0:
256,0,115297,128,0,115378:0:0:0:0:
402,0,115297,128,0,115459:0:0:0:0:
109,192,115378,1,0,0:0:0:0:
182,192,115459,1,0,0:0:0:0:
475,192,115459,1,0,0:0:0:0:
36,192,115541,1,0,0:0:0:0:
329,0,115541,128,0,115622:0:0:0:0:
109,0,115622,128,0,115703:0:0:0:0:
402,0,115622,128,0,115784:0:0:0:0:
182,192,115703,1,0,0:0:0:0:
36,192,115784,1,0,0:0:0:0:
256,0,115784,128,0,115865:0:0:0:0:
475,192,115784,1,0,0:0:0:0:
109,192,115865,1,0,0:0:0:0:
329,0,115865,128,0,116027:0:0:0:0:
402,0,115946,128,0,116027:0:0:0:0:
36,192,116027,1,0,0:0:0:0:
182,0,116027,128,0,116108:0:0:0:0:
109,192,116108,1,0,0:0:0:0:
256,0,116108,128,0,116270:0:0:0:0:
475,192,116108,1,0,0:0:0:0:
329,192,116189,1,0,0:0:0:0:
109,0,116270,128,0,116351:0:0:0:0:
402,0,116270,128,0,116351:0:0:0:0:
182,0,116351,128,0,116514:0:0:0:0:
475,192,116351,1,0,0:0:0:0:
36,192,116432,1,0,0:0:0:0:
109,192,116432,1,0,0:0:0:0:
256,0,116514,128,0,116595:0:0:0:0:
402,192,116514,1,0,0:0:0:0:
109,0,116595,128,0,116676:0:0:0:0:
329,0,116595,128,0,116757:0:0:0:0:
36,192,116676,1,0,0:0:0:0:
256,192,116757,1,0,0:0:0:0:
475,192,116757,1,0,0:0:0:0:
182,192,116838,1,0,0:0:0:0:
329,0,116838,128,0,116919:0:0:0:0:
109,0,116919,128,0,117000:0:0:0:0:
402,0,116919,128,0,117081:0:0:0:0:
182,192,117000,1,0,0:0:0:0:
36,192,117081,1,0,0:0:0:0:
256,0,117081,128,0,117162:0:0:0:0:
475,192,117081,1,0,0:0:0:0:
109,192,117162,1,0,0:0:0:0:
329,0,117162,128,0,117324:0:0:0:0:
402,0,117243,128,0,117324:0:0:0:0:
182,0,117324,128,0,117405:0:0:0:0:
475,192,117324,1,0,0:0:0:0:
36,192,117405,1,0,0:0:0:0:
109,192,117405,1,0,0:0:0:0:
256,0,117405,128,0,117568:0:0:0:0:
182,192,117486,1,0,0:0:0:0:
109,0,117568,128,0,117649:0:0:0:0:
329,0,117568,128,0,117649:0:0:0:0:
182,0,117649,128,0,117811:0:0:0:0:
402,192,117649,1,0,0:0:0:0:
36,192,117730,1,0,0:0:0:0:
475,192,117730,1,0,0:0:0:0:
109,192,117811,1,0,0:0:0:0:
256,0,117811,128,0,117892:0:0:0:0:
182,0,117892,128,0,117973:0:0:0:0:
475,192,117892,1,0,0:0:0:0:
329,0,117892,128,0,118054:0:0:0:0:
256,192,117973,1,0,0:0:0:0:
36,192,118054,1,0,0:0:0:0:
109,0,118054,128,0,119351:0:0:0:0:
182,192,118135,1,0,0:0:0:0:
402,0,118135,128,0,118216:0:0:0:0:
329,192,118216,1,0,0:0:0:0:
475,0,118216,128,0,118378:0:0:0:0:
256,192,118297,1,0,0:0:0:0:
36,192,118378,1,0,0:0:0:0:
182,192,118378,1,0,0:0:0:0:
329,0,118378,128,0,118459:0:0:0:0:
256,192,118459,1,0,0:0:0:0:
402,0,118459,128,0,118622:0:0:0:0:
475,192,118541,1,0,0:0:0:0:
182,192,118622,1,0,0:0:0:0:
256,0,118622,128,0,118703:0:0:0:0:
36,192,118703,1,0,0:0:0:0:
329,0,118703,128,0,118865:0:0:0:0:
402,192,118784,1,0,0:0:0:0:
182,0,118865,128,0,118946:0:0:0:0:
475,192,118865,1,0,0:0:0:0:
256,0,118946,128,0,119108:0:0:0:0:
329,192,118946,1,0,0:0:0:0:
36,192,119027,1,0,0:0:0:0:
182,192,119027,1,0,0:0:0:0:
329,192,119108,1,0,0:0:0:0:
402,0,119108,128,0,119189:0:0:0:0:
182,192,119189,1,0,0:0:0:0:
475,0,119189,128,0,119351:0:0:0:0:
256,192,119270,1,0,0:0:0:0:
182,192,119351,1,0,0:0:0:0:
329,192,119351,1,0,0:0:0:0:
36,0,119351,128,0,120649:0:0:0:0:
109,192,119432,1,0,0:0:0:0:
402,0,119432,128,0,119514:0:0:0:0:
256,192,119514,1,0,0:0:0:0:
475,0,119514,128,0,119676:0:0:0:0:
182,192,119595,1,0,0:0:0:0:
109,192,119676,1,0,0:0:0:0:
256,192,119676,1,0,0:0:0:0:
329,0,119676,128,0,119757:0:0:0:0:
402,0,119757,128,0,119919:0:0:0:0:
475,192,119757,1,0,0:0:0:0:
182,192,119838,1,0,0:0:0:0:
109,192,119919,1,0,0:0:0:0:
256,0,119919,128,0,120000:0:0:0:0:
329,0,120000,128,0,120162:0:0:0:0:
402,192,120000,1,0,0:0:0:0:
109,192,120081,1,0,0:0:0:0:
182,0,120162,128,0,120243:0:0:0:0:
475,192,120162,1,0,0:0:0:0:
256,0,120243,128,0,120405:0:0:0:0:
402,192,120243,1,0,0:0:0:0:
109,192,120324,1,0,0:0:0:0:
475,192,120324,1,0,0:0:0:0:
182,192,120405,1,0,0:0:0:0:
329,0,120405,128,0,120486:0:0:0:0:
256,192,120486,1,0,0:0:0:0:
402,0,120486,128,0,120649:0:0:0:0:
329,192,120568,1,0,0:0:0:0:
109,192,120649,1,0,0:0:0:0:
256,192,120649,1,0,0:0:0:0:
475,0,120649,128,0,121946:0:0:0:0:
36,192,120730,1,0,0:0:0:0:
329,0,120730,128,0,120811:0:0:0:0:
182,192,120811,1,0,0:0:0:0:
402,0,120811,128,0,120973:0:0:0:0:
109,192,120892,1,0,0:0:0:0:
36,192,120973,1,0,0:0:0:0:
182,192,120973,1,0,0:0:0:0:
256,0,120973,128,0,121054:0:0:0:0:
329,0,121054,128,0,121216:0:0:0:0:
402,192,121054,1,0,0:0:0:0:
109,192,121135,1,0,0:0:0:0:
36,192,121216,1,0,0:0:0:0:
182,0,121216,128,0,121297:0:0:0:0:
256,0,121297,128,0,121459:0:0:0:0:
402,192,121297,1,0,0:0:0:0:
329,192,121378,1,0,0:0:0:0:
36,192,121459,1,0,0:0:0:0:
109,0,121459,128,0,121541:0:0:0:0:
182,0,121541,128,0,121703:0:0:0:0:
402,192,121541,1,0,0:0:0:0:
36,192,121622,1,0,0:0:0:0:
329,192,121622,1,0,0:0:0:0:
109,192,121703,1,0,0:0:0:0:
256,0,121703,128,0,121784:0:0:0:0:
182,192,121784,1,0,0:0:0:0:
329,0,121784,128,0,121946:0:0:0:0:
256,192,121865,1,0,0:0:0:0:
109,192,121946,1,0,0:0:0:0:
182,192,121946,1,0,0:0:0:0:
402,0,121946,128,0,123243:0:0:0:0:
36,192,122027,1,0,0:0:0:0:
256,0,122027,128,0,122108:0:0:0:0:
182,192,122108,1,0,0:0:0:0:
329,0,122108,128,0,122270:0:0:0:0:
109,192,122189,1,0,0:0:0:0:
36,192,122270,1,0,0:0:0:0:
182,0,122270,128,0,122351:0:0:0:0:
475,192,122270,1,0,0:0:0:0:
109,192,122351,1,0,0:0:0:0:
256,0,122351,128,0,122514:0:0:0:0:
182,192,122432,1,0,0:0:0:0:
109,0,122514,128,0,122595:0:0:0:0:
475,192,122514,1,0,0:0:0:0:
182,0,122595,128,0,122757:0:0:0:0:
329,192,122595,1,0,0:0:0:0:
256,192,122676,1,0,0:0:0:0:
36,0,122757,128,0,122838:0:0:0:0:
329,192,122757,1,0,0:0:0:0:
109,0,122838,128,0,123000:0:0:0:0:
475,192,122838,1,0,0:0:0:0:
182,192,122919,1,0,0:0:0:0:
256,192,122919,1,0,0:0:0:0:
36,0,123000,128,0,123081:0:0:0:0:
329,192,123000,1,0,0:0:0:0:
109,0,123081,128,0,123162:0:0:0:0:
475,192,123081,1,0,0:0:0:0:
256,192,123162,1,0,0:0:0:0:
182,0,123162,128,0,123243:0:0:0:0:
109,192,123243,1,0,0:0:0:0:
329,192,123243,1,0,0:0:0:0:
36,0,123243,128,0,125838:0:0:0:0:
182,192,123324,1,0,0:0:0:0:
402,0,123324,128,0,123405:0:0:0:0:
256,192,123405,1,0,0:0:0:0:
475,0,123405,128,0,123568:0:0:0:0:
182,192,123486,1,0,0:0:0:0:
109,192,123568,1,0,0:0:0:0:
256,192,123568,1,0,0:0:0:0:
329,0,123568,128,0,123649:0:0:0:0:
402,0,123649,128,0,123811:0:0:0:0:
475,192,123649,1,0,0:0:0:0:
182,192,123730,1,0,0:0:0:0:
109,192,123811,1,0,0:0:0:0:
256,0,123811,128,0,123892:0:0:0:0:
329,0,123892,128,0,124054:0:0:0:0:
402,192,123892,1,0,0:0:0:0:
475,192,123973,1,0,0:0:0:0:
109,192,124054,1,0,0:0:0:0:
182,0,124054,128,0,124135:0:0:0:0:
256,0,124135,128,0,124297:0:0:0:0:
402,192,124135,1,0,0:0:0:0:
109,192,124216,1,0,0:0:0:0:
329,192,124216,1,0,0:0:0:0:
182,192,124297,1,0,0:0:0:0:
402,0,124297,128,0,124378:0:0:0:0:
256,192,124378,1,0,0:0:0:0:
329,192,124378,1,0,0:0:0:0:
475,0,124378,128,0,124541:0:0:0:0:
109,192,124459,1,0,0:0:0:0:
182,192,124541,1,0,0:0:0:0:
256,192,124541,1,0,0:0:0:0:
109,192,124622,1,0,0:0:0:0:
402,0,124622,128,0,124703:0:0:0:0:
329,192,124703,1,0,0:0:0:0:
475,0,124703,128,0,124865:0:0:0:0:
182,192,124784,1,0,0:0:0:0:
109,192,124865,1,0,0:0:0:0:
256,192,124865,1,0,0:0:0:0:
329,0,124865,128,0,124946:0:0:0:0:
182,192,124946,1,0,0:0:0:0:
402,0,124946,128,0,125108:0:0:0:0:
475,192,125027,1,0,0:0:0:0:
109,192,125108,1,0,0:0:0:0:
256,0,125108,128,0,125189:0:0:0:0:
182,192,125189,1,0,0:0:0:0:
329,0,125189,128,0,125351:0:0:0:0:
256,192,125270,1,0,0:0:0:0:
182,0,125351,128,0,125432:0:0:0:0:
402,192,125351,1,0,0:0:0:0:
256,0,125432,128,0,125595:0:0:0:0:
475,192,125432,1,0,0:0:0:0:
109,192,125514,1,0,0:0:0:0:
402,192,125514,1,0,0:0:0:0:
182,192,125595,1,0,0:0:0:0:
329,0,125595,128,0,125676:0:0:0:0:
109,192,125676,1,0,0:0:0:0:
256,192,125676,1,0,0:0:0:0:
402,0,125676,128,0,125838:0:0:0:0:
329,192,125757,1,0,0:0:0:0:
109,192,125838,1,0,0:0:0:0:
182,192,125838,1,0,0:0:0:0:
256,192,125838,1,0,0:0:0:0:
475,0,125838,128,0,126973:0:0:0:0:
36,192,126000,1,0,0:0:0:0:
109,192,126000,1,0,0:0:0:0:
182,192,126000,1,0,0:0:0:0:
256,192,126000,1,0,0:0:0:0:
329,192,126000,1,0,0:0:0:0:
402,192,126000,1,0,0:0:0:0:
36,192,126162,1,0,0:0:0:0:
109,192,126162,1,0,0:0:0:0:
182,192,126162,1,0,0:0:0:0:
256,192,126162,1,0,0:0:0:0:
329,192,126162,1,0,0:0:0:0:
402,192,126162,1,0,0:0:0:0:
36,192,126324,1,0,0:0:0:0:
109,192,126324,1,0,0:0:0:0:
182,192,126324,1,0,0:0:0:0:
256,192,126324,1,0,0:0:0:0:
329,192,126324,1,0,0:0:0:0:
402,192,126324,1,0,0:0:0:0:
36,192,126486,1,0,0:0:0:0:
109,192,126486,1,0,0:0:0:0:
182,192,126486,1,0,0:0:0:0:
256,192,126568,1,0,0:0:0:0:
329,192,126568,1,0,0:0:0:0:
402,192,126568,1,0,0:0:0:0:
36,192,126649,1,0,0:0:0:0:
109,192,126649,1,0,0:0:0:0:
182,192,126649,1,0,0:0:0:0:
256,192,126730,1,0,0:0:0:0:
329,192,126730,1,0,0:0:0:0:
402,192,126730,1,0,0:0:0:0:
36,192,126811,1,0,0:0:0:0:
109,192,126811,1,0,0:0:0:0:
182,192,126811,1,0,0:0:0:0:
256,192,126892,1,0,0:0:0:0:
329,192,126892,1,0,0:0:0:0:
402,192,126892,1,0,0:0:0:0:
36,192,126973,1,0,0:0:0:0:
109,192,126973,1,0,0:0:0:0:
182,192,126973,1,0,0:0:0:0:
256,0,127216,128,0,127297:0:0:0:0:
329,0,127216,128,0,127297:0:0:0:0:
402,0,127216,128,0,127297:0:0:0:0:
475,0,127216,128,0,127297:0:0:0:0:
182,0,127459,128,0,127541:0:0:0:0:
256,0,127459,128,0,127541:0:0:0:0:
329,0,127459,128,0,127541:0:0:0:0:
402,0,127459,128,0,127541:0:0:0:0:
109,0,127703,128,0,127784:0:0:0:0:
182,0,127703,128,0,127784:0:0:0:0:
256,0,127703,128,0,127784:0:0:0:0:
329,0,127703,128,0,127784:0:0:0:0:
36,0,127946,128,0,128027:0:0:0:0:
109,0,127946,128,0,128027:0:0:0:0:
329,0,127946,128,0,128027:0:0:0:0:
402,0,127946,128,0,128027:0:0:0:0:
109,0,128189,128,0,128270:0:0:0:0:
182,0,128189,128,0,128270:0:0:0:0:
256,0,128189,128,0,128270:0:0:0:0:
402,0,128189,128,0,128270:0:0:0:0:
475,0,128189,128,0,128270:0:0:0:0:
256,192,128432,1,0,0:0:0:0:
475,0,128432,128,0,133274:0:0:0:0:
109,192,128757,1,0,0:0:0:0:
182,192,128757,1,0,0:0:0:0:
256,192,128757,1,0,0:0:0:0:
329,192,128757,1,0,0:0:0:0:
402,192,128757,1,0,0:0:0:0:
36,0,128757,128,0,133274:0:0:0:0:
