[Metadata]
Alicia
IU
Genesis
 
64
0.531

[TimingPoints]
0,441.176470588235,4,2,0,0,1,0
22500,220.588235294118,4,2,2,0,1,0
22610,441.176470588235,4,2,2,0,1,0
22721,882.352941176471,4,2,2,0,1,0
22941,441.176470588235,4,2,2,0,1,0
50735,220.588235294118,4,2,2,0,1,0
50846,441.176470588235,4,2,2,0,1,0
50956,882.352941176471,4,2,2,0,1,0
51176,441.176470588235,4,2,2,0,1,0
89559,220.588235294118,4,2,2,0,1,0
89669,441.176470588235,4,2,2,0,1,0
89779,882.352941176471,4,2,2,0,1,0
90000,441.176470588235,4,2,2,0,1,0
158824,882.352941176471,4,2,2,0,1,0
165882,588.235294117647,4,2,2,0,1,0
169412,441.176470588235,4,2,2,0,1,0
171176,220.588235294118,4,2,2,0,1,0
172059,441.176470588235,4,2,2,0,1,0


[HitObjects]
109,192,1654,5,0,2:0:0:0:
329,192,1710,1,0,2:0:0:0:
182,192,1765,1,0,2:0:0:0:
475,192,1765,1,0,2:0:0:0:
36,192,1985,1,0,2:0:0:0:
256,192,2206,1,0,2:0:0:0:
402,0,2426,128,0,3088:2:0:0:0:
109,192,3088,1,0,2:0:0:0:
36,192,3529,1,0,2:0:0:0:
329,192,3529,1,0,2:0:0:0:
256,192,3750,1,0,2:0:0:0:
182,192,3971,1,0,2:0:0:0:
475,192,4191,1,0,2:0:0:0:
402,192,4412,1,0,2:0:0:0:
329,0,4632,128,0,5294:2:0:0:0:
109,192,4853,1,0,2:0:0:0:
36,192,5184,1,0,2:0:0:0:
182,192,5239,1,0,2:0:0:0:
402,192,5294,1,0,2:0:0:0:
256,192,5515,1,0,2:0:0:0:
109,192,5735,1,0,2:0:0:0:
402,0,5956,128,0,6618:2:0:0:0:
182,192,6618,1,0,2:0:0:0:
109,192,7059,1,0,2:0:0:0:
182,192,7279,1,0,2:0:0:0:
402,192,7500,1,0,2:0:0:0:
475,192,7721,1,0,2:0:0:0:
109,192,8382,1,0,2:0:0:0:
256,192,8382,1,0,2:0:0:0:
402,192,8382,1,0,2:0:0:0:
256,192,8603,1,0,2:0:0:0:
109,192,8824,1,0,2:0:0:0:
402,192,8824,1,0,2:0:0:0:
256,192,9044,1,0,2:0:0:0:
36,192,9265,1,0,2:0:0:0:
182,192,9265,1,0,2:0:0:0:
329,192,9265,1,0,2:0:0:0:
475,192,9265,1,0,2:0:0:0:
109,192,9485,1,0,2:0:0:0:
402,192,9485,1,0,2:0:0:0:
256,192,9596,1,0,2:0:0:0:
36,0,9706,128,0,10368:2:0:0:0:
182,192,9706,1,0,2:0:0:0:
329,192,9706,1,0,2:0:0:0:
475,0,9706,128,0,10368:2:0:0:0:
109,0,9816,128,0,10257:2:0:0:0:
402,0,9816,128,0,10257:2:0:0:0:
182,0,9926,128,0,10147:2:0:0:0:
329,0,9926,128,0,10147:2:0:0:0:
256,192,10037,1,0,2:0:0:0:
256,0,10147,128,0,10368:2:0:0:0:
182,0,10257,128,0,10478:2:0:0:0:
329,0,10257,128,0,10478:2:0:0:0:
109,0,10368,128,0,10588:2:0:0:0:
402,0,10368,128,0,10588:2:0:0:0:
36,0,10478,128,0,10588:2:0:0:0:
475,0,10478,128,0,10588:2:0:0:0:
182,192,10588,1,0,2:0:0:0:
329,192,10588,1,0,2:0:0:0:
109,192,10809,1,0,2:0:0:0:
402,192,10809,1,0,2:0:0:0:
36,192,11029,1,0,2:0:0:0:
182,192,11029,1,0,2:0:0:0:
329,192,11029,1,0,2:0:0:0:
475,192,11029,1,0,2:0:0:0:
109,192,11250,1,0,2:0:0:0:
256,192,11250,1,0,2:0:0:0:
402,192,11250,1,0,2:0:0:0:
182,192,11360,1,0,2:0:0:0:
475,192,11360,1,0,2:0:0:0:
36,0,11471,128,0,12132:2:0:0:0:
256,0,11471,128,0,11691:2:0:0:0:
402,192,11471,1,0,2:0:0:0:
109,0,11581,128,0,12022:2:0:0:0:
329,0,11581,128,0,12022:2:0:0:0:
182,0,11691,128,0,11912:2:0:0:0:
402,0,11691,128,0,11912:2:0:0:0:
256,192,11801,1,0,2:0:0:0:
475,192,11801,1,0,2:0:0:0:
256,0,11912,128,0,12132:2:0:0:0:
475,0,11912,128,0,12132:2:0:0:0:
182,0,12022,128,0,12243:2:0:0:0:
402,0,12022,128,0,12243:2:0:0:0:
109,0,12132,128,0,12353:2:0:0:0:
329,0,12132,128,0,12353:2:0:0:0:
36,0,12243,128,0,12353:2:0:0:0:
256,0,12243,128,0,12353:2:0:0:0:
182,192,12353,1,0,2:0:0:0:
402,192,12353,1,0,2:0:0:0:
109,192,12574,1,0,2:0:0:0:
329,192,12574,1,0,2:0:0:0:
36,192,12794,1,0,2:0:0:0:
182,192,12794,1,0,2:0:0:0:
402,192,12794,1,0,2:0:0:0:
475,192,12794,1,0,2:0:0:0:
109,192,13015,1,0,2:0:0:0:
329,192,13015,1,0,2:0:0:0:
182,192,13125,1,0,2:0:0:0:
402,192,13125,1,0,2:0:0:0:
36,192,13235,1,0,2:0:0:0:
109,192,13235,1,0,2:0:0:0:
256,0,13235,128,0,13456:2:0:0:0:
475,0,13235,128,0,13897:2:0:0:0:
182,0,13346,128,0,13676:2:0:0:0:
402,0,13346,128,0,13787:2:0:0:0:
109,0,13456,128,0,13566:2:0:0:0:
329,0,13456,128,0,13676:2:0:0:0:
36,0,13566,128,0,13787:2:0:0:0:
256,192,13566,1,0,2:0:0:0:
109,0,13676,128,0,13897:2:0:0:0:
256,0,13676,128,0,13787:2:0:0:0:
182,0,13787,128,0,14007:2:0:0:0:
329,0,13787,128,0,13897:2:0:0:0:
402,0,13897,128,0,14007:2:0:0:0:
256,0,13897,128,0,14118:2:0:0:0:
329,0,14007,128,0,14118:2:0:0:0:
475,0,14007,128,0,14118:2:0:0:0:
109,192,14118,1,0,2:0:0:0:
256,192,14145,1,0,2:0:0:0:
402,192,14173,1,0,2:0:0:0:
182,0,14338,128,0,14559:2:0:0:0:
329,0,14338,128,0,14559:2:0:0:0:
36,192,14559,1,0,2:0:0:0:
256,192,14559,1,0,2:0:0:0:
475,192,14559,1,0,2:0:0:0:
109,0,14779,128,0,15221:2:0:0:0:
182,192,14779,1,0,2:0:0:0:
329,192,14779,1,0,2:0:0:0:
402,0,14779,128,0,15221:2:0:0:0:
182,192,14890,1,0,2:0:0:0:
329,192,14890,1,0,2:0:0:0:
36,192,15000,1,0,2:0:0:0:
475,192,15000,1,0,2:0:0:0:
256,192,15221,1,0,2:0:0:0:
36,192,15441,1,0,2:0:0:0:
109,192,15441,1,0,2:0:0:0:
402,192,15441,1,0,2:0:0:0:
475,192,15441,1,0,2:0:0:0:
109,192,15662,1,0,2:0:0:0:
402,192,15662,1,0,2:0:0:0:
36,192,15882,1,0,2:0:0:0:
182,192,15882,1,0,2:0:0:0:
329,192,15882,1,0,2:0:0:0:
475,0,15882,128,0,19412:2:0:0:0:
109,192,16103,1,0,2:0:0:0:
402,192,16103,1,0,2:0:0:0:
36,192,16324,1,0,2:0:0:0:
182,192,16324,1,0,2:0:0:0:
256,192,16324,1,0,2:0:0:0:
329,192,16324,1,0,2:0:0:0:
109,192,16544,1,0,2:0:0:0:
402,192,16544,1,0,2:0:0:0:
182,192,16654,1,0,2:0:0:0:
329,192,16654,1,0,2:0:0:0:
36,0,16765,128,0,17426:2:0:0:0:
256,192,16765,1,0,2:0:0:0:
109,0,16875,128,0,17316:2:0:0:0:
182,0,16985,128,0,17206:2:0:0:0:
329,192,16985,1,0,2:0:0:0:
256,192,17096,1,0,2:0:0:0:
256,192,17206,1,0,2:0:0:0:
329,192,17206,1,0,2:0:0:0:
402,192,17206,1,0,2:0:0:0:
182,192,17316,1,0,2:0:0:0:
109,192,17426,1,0,2:0:0:0:
329,192,17426,1,0,2:0:0:0:
36,192,17537,1,0,2:0:0:0:
109,192,17647,1,0,2:0:0:0:
256,192,17647,1,0,2:0:0:0:
402,192,17647,1,0,2:0:0:0:
36,192,17868,1,0,2:0:0:0:
329,192,17868,1,0,2:0:0:0:
109,192,18088,1,0,2:0:0:0:
182,192,18088,1,0,2:0:0:0:
256,192,18088,1,0,2:0:0:0:
402,192,18088,1,0,2:0:0:0:
36,192,18309,1,0,2:0:0:0:
329,192,18309,1,0,2:0:0:0:
109,192,18419,1,0,2:0:0:0:
256,192,18419,1,0,2:0:0:0:
182,192,18529,1,0,2:0:0:0:
402,0,18529,128,0,19191:2:0:0:0:
329,0,18640,128,0,19081:2:0:0:0:
36,192,18750,1,0,2:0:0:0:
256,0,18750,128,0,18971:2:0:0:0:
182,192,18860,1,0,2:0:0:0:
36,192,18971,1,0,2:0:0:0:
109,192,18971,1,0,2:0:0:0:
182,192,18971,1,0,2:0:0:0:
256,192,19081,1,0,2:0:0:0:
109,192,19191,1,0,2:0:0:0:
329,192,19191,1,0,2:0:0:0:
402,192,19301,1,0,2:0:0:0:
36,192,19412,1,0,2:0:0:0:
182,192,19412,1,0,2:0:0:0:
256,0,19412,128,0,21121:2:0:0:0:
329,192,19632,1,0,2:0:0:0:
475,192,19632,1,0,2:0:0:0:
109,192,19853,1,0,2:0:0:0:
182,192,19853,1,0,2:0:0:0:
402,192,19853,1,0,2:0:0:0:
36,192,20074,1,0,2:0:0:0:
475,192,20074,1,0,2:0:0:0:
182,192,20184,1,0,2:0:0:0:
329,192,20184,1,0,2:0:0:0:
475,0,20294,128,0,20404:2:0:0:0:
109,0,20294,128,0,21176:2:0:0:0:
402,0,20294,128,0,21176:2:0:0:0:
329,0,20404,128,0,20515:2:0:0:0:
182,0,20515,128,0,20625:2:0:0:0:
475,192,20515,1,0,2:0:0:0:
36,0,20625,128,0,20735:2:0:0:0:
329,192,20625,1,0,2:0:0:0:
182,192,20735,1,0,2:0:0:0:
475,0,20735,128,0,20846:2:0:0:0:
36,192,20846,1,0,2:0:0:0:
329,0,20846,128,0,20956:2:0:0:0:
182,0,20956,128,0,21066:2:0:0:0:
36,0,21066,128,0,21176:2:0:0:0:
256,192,21176,1,0,2:0:0:0:
475,192,21176,1,0,2:0:0:0:
182,192,21397,1,0,2:0:0:0:
109,192,21618,1,0,2:0:0:0:
329,192,21618,1,0,2:0:0:0:
475,192,21618,1,0,2:0:0:0:
402,192,21949,1,0,2:0:0:0:
36,192,22059,1,0,2:0:0:0:
256,192,22059,1,0,2:0:0:0:
36,192,22279,1,0,2:0:0:0:
109,192,22500,1,0,2:0:0:0:
402,192,22500,1,0,2:0:0:0:
256,0,22500,128,0,22941:2:0:0:0:
36,0,22941,128,0,23162:2:0:0:0:
475,192,22941,1,0,2:0:0:0:
109,192,23162,1,0,2:0:0:0:
329,192,23162,1,0,2:0:0:0:
256,192,23382,1,0,2:0:0:0:
402,192,23382,1,0,2:0:0:0:
182,0,23603,128,0,24485:2:0:0:0:
329,192,23603,1,0,2:0:0:0:
475,192,23824,1,0,2:0:0:0:
109,192,24044,1,0,2:0:0:0:
256,192,24044,1,0,2:0:0:0:
329,192,24265,1,0,2:0:0:0:
402,192,24265,1,0,2:0:0:0:
109,192,24485,1,0,2:0:0:0:
36,0,24706,128,0,24926:2:0:0:0:
329,192,24706,1,0,2:0:0:0:
182,0,24926,128,0,25368:2:0:0:0:
475,192,24926,1,0,2:0:0:0:
109,192,25147,1,0,2:0:0:0:
329,192,25147,1,0,2:0:0:0:
402,192,25147,1,0,2:0:0:0:
256,0,25368,128,0,26250:2:0:0:0:
475,192,25368,1,0,2:0:0:0:
402,192,25588,1,0,2:0:0:0:
36,192,25809,1,0,2:0:0:0:
182,192,25809,1,0,2:0:0:0:
109,192,26029,1,0,2:0:0:0:
329,192,26029,1,0,2:0:0:0:
402,192,26029,1,0,2:0:0:0:
182,192,26250,1,0,2:0:0:0:
36,0,26471,128,0,26691:2:0:0:0:
475,192,26471,1,0,2:0:0:0:
109,192,26691,1,0,2:0:0:0:
329,192,26691,1,0,2:0:0:0:
256,192,26912,1,0,2:0:0:0:
402,192,26912,1,0,2:0:0:0:
182,0,27132,128,0,28015:2:0:0:0:
329,192,27132,1,0,2:0:0:0:
475,192,27353,1,0,2:0:0:0:
109,192,27574,1,0,2:0:0:0:
36,192,27794,1,0,2:0:0:0:
256,192,27794,1,0,2:0:0:0:
402,192,27794,1,0,2:0:0:0:
109,192,28015,1,0,2:0:0:0:
36,0,28235,128,0,28456:2:0:0:0:
329,192,28235,1,0,2:0:0:0:
182,0,28456,128,0,28897:2:0:0:0:
475,192,28456,1,0,2:0:0:0:
109,192,28676,1,0,2:0:0:0:
329,192,28676,1,0,2:0:0:0:
402,192,28676,1,0,2:0:0:0:
256,0,28897,128,0,29779:2:0:0:0:
475,192,28897,1,0,2:0:0:0:
402,192,29118,1,0,2:0:0:0:
182,192,29338,1,0,2:0:0:0:
36,192,29559,1,0,2:0:0:0:
329,192,29559,1,0,2:0:0:0:
402,192,29559,1,0,2:0:0:0:
182,192,29779,1,0,2:0:0:0:
36,0,30000,128,0,30110:2:0:0:0:
475,0,30000,128,0,30221:2:0:0:0:
109,0,30221,128,0,30331:2:0:0:0:
402,192,30221,1,0,2:0:0:0:
182,192,30441,1,0,2:0:0:0:
256,192,30441,1,0,2:0:0:0:
329,0,30441,128,0,30551:2:0:0:0:
109,0,30662,128,0,30772:2:0:0:0:
402,0,30662,128,0,31544:2:0:0:0:
475,0,30662,128,0,31544:2:0:0:0:
36,0,30882,128,0,30993:2:0:0:0:
109,0,31103,128,0,31213:2:0:0:0:
182,192,31324,1,0,2:0:0:0:
256,192,31324,1,0,2:0:0:0:
329,0,31324,128,0,31434:2:0:0:0:
36,0,31544,128,0,31654:2:0:0:0:
109,0,31765,128,0,31875:2:0:0:0:
402,192,31765,1,0,2:0:0:0:
256,0,31985,128,0,32096:2:0:0:0:
475,192,31985,1,0,2:0:0:0:
36,192,32206,1,0,2:0:0:0:
109,192,32206,1,0,2:0:0:0:
329,0,32206,128,0,32316:2:0:0:0:
182,0,32426,128,0,32537:2:0:0:0:
402,0,32426,128,0,33309:2:0:0:0:
475,0,32426,128,0,33309:2:0:0:0:
109,0,32647,128,0,32757:2:0:0:0:
182,0,32868,128,0,32978:2:0:0:0:
36,192,33088,1,0,2:0:0:0:
109,192,33088,1,0,2:0:0:0:
329,0,33088,128,0,33199:2:0:0:0:
256,0,33309,128,0,33419:2:0:0:0:
36,0,33529,128,0,33640:2:0:0:0:
475,0,33529,128,0,33750:2:0:0:0:
109,0,33750,128,0,33860:2:0:0:0:
402,192,33750,1,0,2:0:0:0:
182,192,33971,1,0,2:0:0:0:
256,192,33971,1,0,2:0:0:0:
329,0,33971,128,0,34081:2:0:0:0:
109,0,34191,128,0,34301:2:0:0:0:
402,0,34191,128,0,35074:2:0:0:0:
475,0,34191,128,0,35074:2:0:0:0:
36,0,34412,128,0,34522:2:0:0:0:
109,0,34632,128,0,34743:2:0:0:0:
182,192,34853,1,0,2:0:0:0:
256,192,34853,1,0,2:0:0:0:
329,0,34853,128,0,34963:2:0:0:0:
36,0,35074,128,0,35184:2:0:0:0:
109,0,35294,128,0,35404:2:0:0:0:
402,192,35294,1,0,2:0:0:0:
256,0,35515,128,0,35625:2:0:0:0:
475,192,35515,1,0,2:0:0:0:
36,192,35735,1,0,2:0:0:0:
109,192,35735,1,0,2:0:0:0:
329,0,35735,128,0,35846:2:0:0:0:
182,0,35956,128,0,36066:2:0:0:0:
402,0,35956,128,0,36838:2:0:0:0:
475,0,35956,128,0,36838:2:0:0:0:
36,192,36176,1,0,2:0:0:0:
109,0,36176,128,0,36287:2:0:0:0:
256,192,36176,1,0,2:0:0:0:
329,192,36287,1,0,2:0:0:0:
36,192,36397,1,0,2:0:0:0:
182,0,36397,128,0,36507:2:0:0:0:
256,192,36397,1,0,2:0:0:0:
36,192,36618,1,0,2:0:0:0:
109,192,36618,1,0,2:0:0:0:
256,192,36618,1,0,2:0:0:0:
329,0,36618,128,0,36728:2:0:0:0:
36,192,36838,1,0,2:0:0:0:
182,0,36838,128,0,36949:2:0:0:0:
256,192,36838,1,0,2:0:0:0:
109,192,37059,1,0,2:0:0:0:
329,192,37059,1,0,2:0:0:0:
475,0,37059,128,0,37279:2:0:0:0:
402,0,37169,128,0,37500:2:0:0:0:
36,192,37279,1,0,2:0:0:0:
256,0,37279,128,0,37721:2:0:0:0:
475,0,37390,128,0,38272:2:0:0:0:
109,192,37500,1,0,2:0:0:0:
182,0,37500,128,0,37610:2:0:0:0:
329,192,37500,1,0,2:0:0:0:
402,0,37610,128,0,38713:2:0:0:0:
36,192,37721,1,0,2:0:0:0:
329,0,37721,128,0,37831:2:0:0:0:
256,0,37831,128,0,37941:2:0:0:0:
109,192,37941,1,0,2:0:0:0:
182,0,37941,128,0,38603:2:0:0:0:
329,0,38051,128,0,38382:2:0:0:0:
36,192,38162,1,0,2:0:0:0:
256,0,38162,128,0,38272:2:0:0:0:
109,0,38272,128,0,38824:2:0:0:0:
36,192,38382,1,0,2:0:0:0:
256,192,38382,1,0,2:0:0:0:
475,0,38382,128,0,38493:2:0:0:0:
329,0,38493,128,0,38603:2:0:0:0:
475,192,38603,1,0,2:0:0:0:
256,0,38603,128,0,38824:2:0:0:0:
182,0,38713,128,0,38824:2:0:0:0:
36,0,38824,128,0,38934:2:0:0:0:
329,192,38824,1,0,2:0:0:0:
109,0,38934,128,0,39044:2:0:0:0:
182,0,39044,128,0,39154:2:0:0:0:
475,192,39044,1,0,2:0:0:0:
402,0,39154,128,0,39265:2:0:0:0:
36,192,39265,1,0,2:0:0:0:
109,0,39265,128,0,39485:2:0:0:0:
329,192,39265,1,0,2:0:0:0:
256,0,39375,128,0,39485:2:0:0:0:
329,0,39485,128,0,39596:2:0:0:0:
402,192,39485,1,0,2:0:0:0:
475,0,39596,128,0,39706:2:0:0:0:
36,192,39706,1,0,2:0:0:0:
182,0,39706,128,0,40147:2:0:0:0:
256,0,39816,128,0,39926:2:0:0:0:
109,192,39926,1,0,2:0:0:0:
402,0,39926,128,0,40147:2:0:0:0:
329,0,40037,128,0,40147:2:0:0:0:
36,192,40147,1,0,2:0:0:0:
256,192,40147,1,0,2:0:0:0:
475,0,40147,128,0,40257:2:0:0:0:
109,0,40257,128,0,40368:2:0:0:0:
402,0,40257,128,0,40368:2:0:0:0:
36,0,40368,128,0,40478:2:0:0:0:
256,192,40368,1,0,2:0:0:0:
182,0,40478,128,0,40588:2:0:0:0:
475,0,40478,128,0,40588:2:0:0:0:
36,0,40588,128,0,40809:2:0:0:0:
109,192,40588,1,0,2:0:0:0:
329,192,40588,1,0,2:0:0:0:
182,0,40699,128,0,41029:2:0:0:0:
256,0,40809,128,0,41250:2:0:0:0:
475,192,40809,1,0,2:0:0:0:
36,0,40919,128,0,41801:2:0:0:0:
109,192,41029,1,0,2:0:0:0:
329,0,41029,128,0,41140:2:0:0:0:
402,192,41029,1,0,2:0:0:0:
182,0,41140,128,0,42243:2:0:0:0:
109,0,41250,128,0,41360:2:0:0:0:
475,192,41250,1,0,2:0:0:0:
329,0,41360,128,0,41471:2:0:0:0:
256,0,41471,128,0,42022:2:0:0:0:
402,0,41471,128,0,41581:2:0:0:0:
475,192,41471,1,0,2:0:0:0:
109,0,41581,128,0,41912:2:0:0:0:
402,192,41691,1,0,2:0:0:0:
475,0,41691,128,0,41801:2:0:0:0:
329,0,41801,128,0,42353:2:0:0:0:
36,0,41912,128,0,42022:2:0:0:0:
402,192,41912,1,0,2:0:0:0:
475,192,41912,1,0,2:0:0:0:
109,0,42022,128,0,42132:2:0:0:0:
36,192,42132,1,0,2:0:0:0:
475,0,42132,128,0,42353:2:0:0:0:
402,0,42243,128,0,42353:2:0:0:0:
109,192,42353,1,0,2:0:0:0:
256,0,42353,128,0,42463:2:0:0:0:
329,0,42463,128,0,42574:2:0:0:0:
36,192,42574,1,0,2:0:0:0:
402,0,42574,128,0,42684:2:0:0:0:
182,0,42684,128,0,42794:2:0:0:0:
109,192,42794,1,0,2:0:0:0:
256,192,42794,1,0,2:0:0:0:
329,0,42794,128,0,43015:2:0:0:0:
475,0,42904,128,0,43015:2:0:0:0:
109,0,43015,128,0,43125:2:0:0:0:
182,192,43015,1,0,2:0:0:0:
36,0,43125,128,0,43235:2:0:0:0:
256,192,43235,1,0,2:0:0:0:
402,0,43235,128,0,43676:2:0:0:0:
475,0,43346,128,0,43456:2:0:0:0:
182,0,43456,128,0,43676:2:0:0:0:
329,192,43456,1,0,2:0:0:0:
109,0,43566,128,0,43676:2:0:0:0:
36,0,43676,128,0,43787:2:0:0:0:
256,192,43676,1,0,2:0:0:0:
475,192,43676,1,0,2:0:0:0:
182,0,43787,128,0,43897:2:0:0:0:
329,0,43787,128,0,43897:2:0:0:0:
256,0,43897,128,0,44007:2:0:0:0:
475,192,43897,1,0,2:0:0:0:
36,0,44007,128,0,44118:2:0:0:0:
402,0,44007,128,0,44118:2:0:0:0:
256,192,44118,1,0,2:0:0:0:
475,0,44118,128,0,45000:2:0:0:0:
402,0,44228,128,0,44449:2:0:0:0:
109,192,44338,1,0,2:0:0:0:
329,0,44338,128,0,44559:2:0:0:0:
256,0,44449,128,0,44669:2:0:0:0:
36,192,44559,1,0,2:0:0:0:
182,192,44559,1,0,2:0:0:0:
402,0,44559,128,0,45000:2:0:0:0:
329,0,44669,128,0,45000:2:0:0:0:
109,192,44779,1,0,2:0:0:0:
256,0,44779,128,0,45000:2:0:0:0:
182,0,44890,128,0,45000:2:0:0:0:
36,192,45000,1,0,2:0:0:0:
109,0,45000,128,0,45662:2:0:0:0:
182,0,45110,128,0,45551:2:0:0:0:
36,192,45221,1,0,2:0:0:0:
256,0,45221,128,0,45441:2:0:0:0:
475,192,45221,1,0,2:0:0:0:
329,192,45331,1,0,2:0:0:0:
36,192,45441,1,0,2:0:0:0:
402,192,45441,1,0,2:0:0:0:
329,0,45441,128,0,45882:2:0:0:0:
256,0,45551,128,0,45882:2:0:0:0:
36,192,45662,1,0,2:0:0:0:
475,192,45662,1,0,2:0:0:0:
182,0,45662,128,0,45882:2:0:0:0:
109,0,45772,128,0,45882:2:0:0:0:
36,0,45882,128,0,46765:2:0:0:0:
475,192,45882,1,0,2:0:0:0:
109,0,45993,128,0,46213:2:0:0:0:
182,0,46103,128,0,46324:2:0:0:0:
402,192,46103,1,0,2:0:0:0:
256,0,46213,128,0,46434:2:0:0:0:
109,0,46324,128,0,46765:2:0:0:0:
329,192,46324,1,0,2:0:0:0:
475,192,46324,1,0,2:0:0:0:
182,0,46434,128,0,46765:2:0:0:0:
256,0,46544,128,0,46765:2:0:0:0:
402,192,46544,1,0,2:0:0:0:
329,0,46654,128,0,46765:2:0:0:0:
402,0,46765,128,0,47426:2:0:0:0:
475,192,46765,1,0,2:0:0:0:
329,0,46875,128,0,47316:2:0:0:0:
36,192,46985,1,0,2:0:0:0:
256,0,46985,128,0,47206:2:0:0:0:
475,192,46985,1,0,2:0:0:0:
182,192,47096,1,0,2:0:0:0:
109,192,47206,1,0,2:0:0:0:
475,192,47206,1,0,2:0:0:0:
182,0,47206,128,0,47757:2:0:0:0:
256,0,47316,128,0,47868:2:0:0:0:
36,192,47426,1,0,2:0:0:0:
475,192,47426,1,0,2:0:0:0:
329,0,47426,128,0,47757:2:0:0:0:
402,0,47537,128,0,47647:2:0:0:0:
36,0,47647,128,0,47978:2:0:0:0:
475,0,47647,128,0,47978:2:0:0:0:
109,0,47757,128,0,48088:2:0:0:0:
402,0,47757,128,0,48088:2:0:0:0:
182,0,47868,128,0,48199:2:0:0:0:
329,0,47868,128,0,48199:2:0:0:0:
256,0,47978,128,0,48309:2:0:0:0:
36,0,48088,128,0,48640:2:0:0:0:
475,0,48088,128,0,48419:2:0:0:0:
109,0,48199,128,0,48529:2:0:0:0:
402,0,48199,128,0,48529:2:0:0:0:
182,0,48309,128,0,48419:2:0:0:0:
329,0,48309,128,0,48640:2:0:0:0:
256,0,48419,128,0,49081:2:0:0:0:
182,0,48529,128,0,48971:2:0:0:0:
475,0,48529,128,0,48971:2:0:0:0:
109,0,48640,128,0,48750:2:0:0:0:
402,0,48640,128,0,48750:2:0:0:0:
36,0,48750,128,0,49081:2:0:0:0:
329,0,48750,128,0,49191:2:0:0:0:
109,192,48860,1,0,2:0:0:0:
402,192,48860,1,0,2:0:0:0:
109,0,48971,128,0,49301:2:0:0:0:
402,0,48971,128,0,49301:2:0:0:0:
182,0,49081,128,0,49191:2:0:0:0:
475,0,49081,128,0,49412:2:0:0:0:
36,0,49191,128,0,49412:2:0:0:0:
256,0,49191,128,0,49412:2:0:0:0:
182,0,49301,128,0,49412:2:0:0:0:
329,0,49301,128,0,49412:2:0:0:0:
109,192,49412,1,0,2:0:0:0:
402,0,49412,128,0,50074:2:0:0:0:
36,192,49632,1,0,2:0:0:0:
109,192,50074,1,0,2:0:0:0:
475,0,50074,128,0,50184:2:0:0:0:
109,192,50184,1,0,2:0:0:0:
256,0,50184,128,0,50294:2:0:0:0:
36,192,50294,1,0,2:0:0:0:
329,0,50294,128,0,51176:2:0:0:0:
36,192,50515,1,0,2:0:0:0:
36,192,50735,1,0,2:0:0:0:
109,192,50735,1,0,2:0:0:0:
475,192,50735,1,0,2:0:0:0:
256,0,50735,128,0,51176:2:0:0:0:
36,0,51176,128,0,51397:2:0:0:0:
182,192,51176,1,0,2:0:0:0:
475,192,51176,1,0,2:0:0:0:
402,192,51287,1,0,2:0:0:0:
109,192,51397,1,0,2:0:0:0:
256,192,51397,1,0,2:0:0:0:
475,192,51397,1,0,2:0:0:0:
329,192,51507,1,0,2:0:0:0:
36,192,51618,1,0,2:0:0:0:
182,192,51618,1,0,2:0:0:0:
402,192,51618,1,0,2:0:0:0:
329,192,51728,1,0,2:0:0:0:
109,0,51838,128,0,52390:2:0:0:0:
182,0,51838,128,0,52390:2:0:0:0:
256,192,51838,1,0,2:0:0:0:
475,192,51838,1,0,2:0:0:0:
36,192,51949,1,0,2:0:0:0:
256,192,52059,1,0,2:0:0:0:
402,192,52059,1,0,2:0:0:0:
329,192,52169,1,0,2:0:0:0:
256,192,52279,1,0,2:0:0:0:
475,192,52279,1,0,2:0:0:0:
36,192,52390,1,0,2:0:0:0:
109,192,52500,1,0,2:0:0:0:
182,192,52500,1,0,2:0:0:0:
329,192,52500,1,0,2:0:0:0:
475,192,52500,1,0,2:0:0:0:
256,192,52610,1,0,2:0:0:0:
36,192,52721,1,0,2:0:0:0:
402,192,52721,1,0,2:0:0:0:
109,192,52831,1,0,2:0:0:0:
36,192,52941,1,0,2:0:0:0:
182,0,52941,128,0,53162:2:0:0:0:
329,192,52941,1,0,2:0:0:0:
109,192,53051,1,0,2:0:0:0:
36,192,53162,1,0,2:0:0:0:
256,192,53162,1,0,2:0:0:0:
402,192,53162,1,0,2:0:0:0:
475,192,53272,1,0,2:0:0:0:
109,192,53382,1,0,2:0:0:0:
182,192,53382,1,0,2:0:0:0:
329,192,53382,1,0,2:0:0:0:
475,192,53493,1,0,2:0:0:0:
36,192,53603,1,0,2:0:0:0:
256,0,53603,128,0,54154:2:0:0:0:
329,0,53603,128,0,54154:2:0:0:0:
402,192,53603,1,0,2:0:0:0:
182,192,53713,1,0,2:0:0:0:
109,192,53824,1,0,2:0:0:0:
402,192,53824,1,0,2:0:0:0:
475,192,53934,1,0,2:0:0:0:
36,192,54044,1,0,2:0:0:0:
402,192,54044,1,0,2:0:0:0:
182,192,54154,1,0,2:0:0:0:
36,192,54265,1,0,2:0:0:0:
256,192,54265,1,0,2:0:0:0:
329,192,54265,1,0,2:0:0:0:
475,192,54265,1,0,2:0:0:0:
402,192,54375,1,0,2:0:0:0:
109,192,54485,1,0,2:0:0:0:
182,192,54485,1,0,2:0:0:0:
256,192,54596,1,0,2:0:0:0:
182,192,54706,1,0,2:0:0:0:
329,0,54706,128,0,54926:2:0:0:0:
475,192,54706,1,0,2:0:0:0:
256,192,54816,1,0,2:0:0:0:
36,192,54926,1,0,2:0:0:0:
182,192,54926,1,0,2:0:0:0:
402,192,54926,1,0,2:0:0:0:
109,192,55037,1,0,2:0:0:0:
256,192,55147,1,0,2:0:0:0:
329,192,55147,1,0,2:0:0:0:
475,192,55147,1,0,2:0:0:0:
109,192,55257,1,0,2:0:0:0:
36,192,55368,1,0,2:0:0:0:
182,192,55368,1,0,2:0:0:0:
402,0,55368,128,0,55919:2:0:0:0:
475,0,55368,128,0,55919:2:0:0:0:
329,192,55478,1,0,2:0:0:0:
36,192,55588,1,0,2:0:0:0:
256,192,55588,1,0,2:0:0:0:
109,192,55699,1,0,2:0:0:0:
36,192,55809,1,0,2:0:0:0:
182,192,55809,1,0,2:0:0:0:
329,192,55919,1,0,2:0:0:0:
109,192,56029,1,0,2:0:0:0:
182,192,56029,1,0,2:0:0:0:
402,192,56029,1,0,2:0:0:0:
475,192,56029,1,0,2:0:0:0:
36,192,56140,1,0,2:0:0:0:
256,192,56250,1,0,2:0:0:0:
329,192,56250,1,0,2:0:0:0:
402,192,56360,1,0,2:0:0:0:
109,192,56471,1,0,2:0:0:0:
329,192,56471,1,0,2:0:0:0:
475,0,56471,128,0,56691:2:0:0:0:
402,192,56581,1,0,2:0:0:0:
36,192,56691,1,0,2:0:0:0:
182,192,56691,1,0,2:0:0:0:
329,192,56691,1,0,2:0:0:0:
256,192,56801,1,0,2:0:0:0:
109,192,56912,1,0,2:0:0:0:
402,192,56912,1,0,2:0:0:0:
475,192,56912,1,0,2:0:0:0:
256,192,57022,1,0,2:0:0:0:
36,0,57132,128,0,57684:2:0:0:0:
109,0,57132,128,0,57684:2:0:0:0:
182,192,57132,1,0,2:0:0:0:
329,192,57132,1,0,2:0:0:0:
475,192,57243,1,0,2:0:0:0:
182,192,57353,1,0,2:0:0:0:
402,192,57353,1,0,2:0:0:0:
256,192,57463,1,0,2:0:0:0:
182,192,57574,1,0,2:0:0:0:
329,192,57574,1,0,2:0:0:0:
475,192,57684,1,0,2:0:0:0:
36,192,57794,1,0,2:0:0:0:
109,192,57794,1,0,2:0:0:0:
256,192,57794,1,0,2:0:0:0:
329,192,57794,1,0,2:0:0:0:
182,192,57904,1,0,2:0:0:0:
109,192,58015,1,0,2:0:0:0:
329,192,58015,1,0,2:0:0:0:
402,192,58015,1,0,2:0:0:0:
475,192,58015,1,0,2:0:0:0:
36,192,58125,1,0,2:0:0:0:
182,192,58125,1,0,2:0:0:0:
256,0,58235,128,0,58346:2:0:0:0:
329,192,58235,1,0,2:0:0:0:
475,0,58235,128,0,58787:2:0:0:0:
109,0,58346,128,0,59007:2:0:0:0:
36,192,58456,1,0,2:0:0:0:
329,0,58456,128,0,58566:2:0:0:0:
182,0,58566,128,0,59118:2:0:0:0:
36,192,58676,1,0,2:0:0:0:
329,192,58676,1,0,2:0:0:0:
402,0,58676,128,0,58787:2:0:0:0:
256,0,58787,128,0,59118:2:0:0:0:
36,192,58897,1,0,2:0:0:0:
475,0,58897,128,0,59118:2:0:0:0:
329,0,59007,128,0,59118:2:0:0:0:
109,0,59118,128,0,59228:2:0:0:0:
402,192,59118,1,0,2:0:0:0:
182,0,59228,128,0,59338:2:0:0:0:
36,192,59338,1,0,2:0:0:0:
256,0,59338,128,0,59449:2:0:0:0:
329,0,59449,128,0,59559:2:0:0:0:
109,0,59559,128,0,59669:2:0:0:0:
402,192,59559,1,0,2:0:0:0:
475,192,59559,1,0,2:0:0:0:
182,0,59669,128,0,59779:2:0:0:0:
36,192,59779,1,0,2:0:0:0:
256,0,59779,128,0,59890:2:0:0:0:
329,0,59890,128,0,60000:2:0:0:0:
36,192,60000,1,0,2:0:0:0:
182,0,60000,128,0,60551:2:0:0:0:
475,0,60000,128,0,60110:2:0:0:0:
329,0,60110,128,0,60772:2:0:0:0:
36,0,60221,128,0,60331:2:0:0:0:
256,192,60221,1,0,2:0:0:0:
402,0,60331,128,0,60882:2:0:0:0:
36,192,60441,1,0,2:0:0:0:
109,0,60441,128,0,60551:2:0:0:0:
256,192,60441,1,0,2:0:0:0:
475,0,60551,128,0,60882:2:0:0:0:
182,0,60662,128,0,60882:2:0:0:0:
256,192,60662,1,0,2:0:0:0:
36,0,60772,128,0,60882:2:0:0:0:
109,192,60882,1,0,2:0:0:0:
329,0,60882,128,0,60993:2:0:0:0:
402,0,60993,128,0,61103:2:0:0:0:
256,192,61103,1,0,2:0:0:0:
475,0,61103,128,0,61213:2:0:0:0:
36,0,61213,128,0,61324:2:0:0:0:
109,192,61324,1,0,2:0:0:0:
182,192,61324,1,0,2:0:0:0:
329,0,61324,128,0,61434:2:0:0:0:
402,0,61434,128,0,61544:2:0:0:0:
256,192,61544,1,0,2:0:0:0:
475,0,61544,128,0,61654:2:0:0:0:
36,0,61654,128,0,61765:2:0:0:0:
182,0,61765,128,0,61875:2:0:0:0:
256,192,61765,1,0,2:0:0:0:
402,0,61765,128,0,62316:2:0:0:0:
36,0,61875,128,0,62537:2:0:0:0:
256,0,61985,128,0,62096:2:0:0:0:
475,192,61985,1,0,2:0:0:0:
109,0,62096,128,0,62647:2:0:0:0:
256,192,62206,1,0,2:0:0:0:
329,0,62206,128,0,62316:2:0:0:0:
475,192,62206,1,0,2:0:0:0:
182,0,62316,128,0,62647:2:0:0:0:
402,0,62426,128,0,62647:2:0:0:0:
475,192,62426,1,0,2:0:0:0:
256,0,62537,128,0,62647:2:0:0:0:
36,0,62647,128,0,62757:2:0:0:0:
329,192,62647,1,0,2:0:0:0:
109,0,62757,128,0,62868:2:0:0:0:
182,0,62868,128,0,62978:2:0:0:0:
475,192,62868,1,0,2:0:0:0:
256,0,62978,128,0,63088:2:0:0:0:
182,192,63088,1,0,2:0:0:0:
329,192,63088,1,0,2:0:0:0:
36,0,63088,128,0,63640:2:0:0:0:
475,0,63088,128,0,63640:2:0:0:0:
109,0,63199,128,0,63309:2:0:0:0:
182,0,63309,128,0,63419:2:0:0:0:
402,192,63309,1,0,2:0:0:0:
256,0,63419,128,0,63529:2:0:0:0:
109,192,63529,1,0,2:0:0:0:
402,192,63529,1,0,2:0:0:0:
36,0,63750,128,0,63860:2:0:0:0:
182,192,63750,1,0,2:0:0:0:
329,192,63750,1,0,2:0:0:0:
475,0,63750,128,0,63860:2:0:0:0:
36,192,63971,1,0,2:0:0:0:
109,0,63971,128,0,64081:2:0:0:0:
256,192,63971,1,0,2:0:0:0:
402,0,63971,128,0,64081:2:0:0:0:
475,192,63971,1,0,2:0:0:0:
109,192,64191,1,0,2:0:0:0:
402,192,64191,1,0,2:0:0:0:
256,192,64301,1,0,2:0:0:0:
36,0,64412,128,0,65074:2:0:0:0:
182,192,64412,1,0,2:0:0:0:
329,192,64412,1,0,2:0:0:0:
475,0,64412,128,0,65074:2:0:0:0:
109,192,64632,1,0,2:0:0:0:
256,192,64632,1,0,2:0:0:0:
182,192,64853,1,0,2:0:0:0:
329,192,64853,1,0,2:0:0:0:
402,192,64853,1,0,2:0:0:0:
256,0,64853,128,0,65294:2:0:0:0:
109,192,65074,1,0,2:0:0:0:
36,192,65294,1,0,2:0:0:0:
329,192,65294,1,0,2:0:0:0:
475,0,65294,128,0,65735:2:0:0:0:
109,192,65404,1,0,2:0:0:0:
182,192,65515,1,0,2:0:0:0:
402,192,65515,1,0,2:0:0:0:
329,192,65625,1,0,2:0:0:0:
109,192,65735,1,0,2:0:0:0:
256,192,65735,1,0,2:0:0:0:
402,0,65735,128,0,66176:2:0:0:0:
182,192,65846,1,0,2:0:0:0:
36,192,65956,1,0,2:0:0:0:
475,192,65956,1,0,2:0:0:0:
109,192,66066,1,0,2:0:0:0:
182,192,66176,1,0,2:0:0:0:
256,192,66176,1,0,2:0:0:0:
329,0,66176,128,0,66618:2:0:0:0:
402,192,66287,1,0,2:0:0:0:
182,192,66397,1,0,2:0:0:0:
475,192,66397,1,0,2:0:0:0:
109,192,66507,1,0,2:0:0:0:
36,192,66618,1,0,2:0:0:0:
256,192,66618,1,0,2:0:0:0:
402,0,66618,128,0,67059:2:0:0:0:
109,192,66728,1,0,2:0:0:0:
182,192,66838,1,0,2:0:0:0:
329,192,66838,1,0,2:0:0:0:
109,192,66949,1,0,2:0:0:0:
36,192,67059,1,0,2:0:0:0:
256,192,67059,1,0,2:0:0:0:
475,0,67059,128,0,68824:2:0:0:0:
182,192,67169,1,0,2:0:0:0:
329,192,67279,1,0,2:0:0:0:
402,192,67279,1,0,2:0:0:0:
109,192,67390,1,0,2:0:0:0:
182,192,67500,1,0,2:0:0:0:
256,192,67500,1,0,2:0:0:0:
36,192,67610,1,0,2:0:0:0:
109,192,67721,1,0,2:0:0:0:
329,192,67721,1,0,2:0:0:0:
402,0,67721,128,0,67831:2:0:0:0:
182,192,67831,1,0,2:0:0:0:
36,192,67941,1,0,2:0:0:0:
256,192,67941,1,0,2:0:0:0:
402,0,67941,128,0,68824:2:0:0:0:
109,192,68051,1,0,2:0:0:0:
182,192,68162,1,0,2:0:0:0:
329,192,68162,1,0,2:0:0:0:
109,192,68272,1,0,2:0:0:0:
182,192,68382,1,0,2:0:0:0:
256,192,68382,1,0,2:0:0:0:
36,0,68382,128,0,68824:2:0:0:0:
109,192,68493,1,0,2:0:0:0:
182,192,68603,1,0,2:0:0:0:
329,192,68603,1,0,2:0:0:0:
256,192,68713,1,0,2:0:0:0:
109,0,68824,128,0,69265:2:0:0:0:
182,192,68824,1,0,2:0:0:0:
329,192,68824,1,0,2:0:0:0:
36,192,68934,1,0,2:0:0:0:
329,192,69044,1,0,2:0:0:0:
475,192,69044,1,0,2:0:0:0:
256,192,69154,1,0,2:0:0:0:
36,192,69265,1,0,2:0:0:0:
182,0,69265,128,0,69706:2:0:0:0:
402,192,69265,1,0,2:0:0:0:
109,192,69375,1,0,2:0:0:0:
256,192,69485,1,0,2:0:0:0:
475,192,69485,1,0,2:0:0:0:
329,192,69596,1,0,2:0:0:0:
109,192,69706,1,0,2:0:0:0:
256,0,69706,128,0,70147:2:0:0:0:
402,192,69706,1,0,2:0:0:0:
36,192,69816,1,0,2:0:0:0:
109,192,69926,1,0,2:0:0:0:
475,192,69926,1,0,2:0:0:0:
329,192,70037,1,0,2:0:0:0:
36,192,70147,1,0,2:0:0:0:
402,192,70147,1,0,2:0:0:0:
182,0,70147,128,0,70588:2:0:0:0:
256,192,70257,1,0,2:0:0:0:
329,192,70368,1,0,2:0:0:0:
475,192,70368,1,0,2:0:0:0:
402,192,70478,1,0,2:0:0:0:
109,192,70588,1,0,2:0:0:0:
329,192,70588,1,0,2:0:0:0:
475,0,70588,128,0,71250:2:0:0:0:
182,192,70699,1,0,2:0:0:0:
256,192,70809,1,0,2:0:0:0:
402,192,70809,1,0,2:0:0:0:
182,192,70919,1,0,2:0:0:0:
109,192,71029,1,0,2:0:0:0:
256,192,71029,1,0,2:0:0:0:
36,192,71140,1,0,2:0:0:0:
109,192,71250,1,0,2:0:0:0:
329,192,71250,1,0,2:0:0:0:
402,0,71250,128,0,71471:2:0:0:0:
182,192,71360,1,0,2:0:0:0:
36,192,71471,1,0,2:0:0:0:
256,192,71471,1,0,2:0:0:0:
329,0,71471,128,0,72353:2:0:0:0:
109,192,71581,1,0,2:0:0:0:
182,192,71691,1,0,2:0:0:0:
402,192,71691,1,0,2:0:0:0:
256,192,71801,1,0,2:0:0:0:
36,192,71912,1,0,2:0:0:0:
475,192,71912,1,0,2:0:0:0:
109,192,72022,1,0,2:0:0:0:
256,192,72132,1,0,2:0:0:0:
402,192,72132,1,0,2:0:0:0:
475,192,72132,1,0,2:0:0:0:
182,192,72243,1,0,2:0:0:0:
402,192,72243,1,0,2:0:0:0:
475,192,72243,1,0,2:0:0:0:
36,0,72353,128,0,73235:2:0:0:0:
109,192,72353,1,0,2:0:0:0:
182,0,72574,128,0,72960:2:0:0:0:
256,0,72574,128,0,73235:2:0:0:0:
329,192,72574,1,0,2:0:0:0:
109,192,72794,1,0,2:0:0:0:
402,192,72794,1,0,2:0:0:0:
475,0,72794,128,0,73235:2:0:0:0:
109,0,73015,128,0,73235:2:0:0:0:
182,192,73015,1,0,2:0:0:0:
329,0,73015,128,0,73401:2:0:0:0:
402,0,73015,128,0,73235:2:0:0:0:
182,0,73235,128,0,73621:2:0:0:0:
36,0,73456,128,0,74007:2:0:0:0:
329,192,73456,1,0,2:0:0:0:
402,0,73456,128,0,73566:2:0:0:0:
475,0,73456,128,0,74007:2:0:0:0:
109,0,73676,128,0,74007:2:0:0:0:
182,192,73676,1,0,2:0:0:0:
256,192,73676,1,0,2:0:0:0:
329,0,73676,128,0,73842:2:0:0:0:
402,0,73676,128,0,74007:2:0:0:0:
182,0,73897,128,0,74062:2:0:0:0:
256,192,73897,1,0,2:0:0:0:
329,192,73897,1,0,2:0:0:0:
36,192,74118,1,0,2:0:0:0:
109,192,74228,1,0,2:0:0:0:
182,192,74338,1,0,2:0:0:0:
402,192,74338,1,0,2:0:0:0:
475,192,74338,1,0,2:0:0:0:
256,192,74449,1,0,2:0:0:0:
36,192,74559,1,0,2:0:0:0:
109,192,74559,1,0,2:0:0:0:
329,192,74559,1,0,2:0:0:0:
256,192,74669,1,0,2:0:0:0:
182,192,74779,1,0,2:0:0:0:
402,192,74779,1,0,2:0:0:0:
475,192,74779,1,0,2:0:0:0:
109,192,74890,1,0,2:0:0:0:
36,192,75000,1,0,2:0:0:0:
182,192,75000,1,0,2:0:0:0:
256,192,75000,1,0,2:0:0:0:
329,192,75000,1,0,2:0:0:0:
475,192,75000,1,0,2:0:0:0:
402,192,75110,1,0,2:0:0:0:
109,192,75221,1,0,2:0:0:0:
329,192,75221,1,0,2:0:0:0:
256,192,75331,1,0,2:0:0:0:
36,192,75441,1,0,2:0:0:0:
182,192,75441,1,0,2:0:0:0:
329,192,75441,1,0,2:0:0:0:
402,192,75441,1,0,2:0:0:0:
256,192,75551,1,0,2:0:0:0:
109,192,75662,1,0,2:0:0:0:
329,192,75662,1,0,2:0:0:0:
402,192,75772,1,0,2:0:0:0:
36,192,75882,1,0,2:0:0:0:
182,192,75882,1,0,2:0:0:0:
329,192,75882,1,0,2:0:0:0:
475,192,75882,1,0,2:0:0:0:
109,192,76103,1,0,2:0:0:0:
402,192,76103,1,0,2:0:0:0:
36,192,76324,1,0,2:0:0:0:
256,192,76324,1,0,2:0:0:0:
329,192,76324,1,0,2:0:0:0:
109,192,76544,1,0,2:0:0:0:
182,192,76544,1,0,2:0:0:0:
475,192,76544,1,0,2:0:0:0:
182,192,76654,1,0,2:0:0:0:
36,192,76765,1,0,2:0:0:0:
329,192,76765,1,0,2:0:0:0:
256,192,76985,1,0,2:0:0:0:
475,192,76985,1,0,2:0:0:0:
182,192,77206,1,0,2:0:0:0:
329,192,77206,1,0,2:0:0:0:
402,192,77206,1,0,2:0:0:0:
109,192,77426,1,0,2:0:0:0:
256,192,77426,1,0,2:0:0:0:
475,192,77426,1,0,2:0:0:0:
256,192,77537,1,0,2:0:0:0:
182,192,77647,1,0,2:0:0:0:
329,192,77647,1,0,2:0:0:0:
475,192,77647,1,0,2:0:0:0:
36,192,77868,1,0,2:0:0:0:
256,192,77868,1,0,2:0:0:0:
182,192,78088,1,0,2:0:0:0:
402,192,78088,1,0,2:0:0:0:
475,192,78088,1,0,2:0:0:0:
109,192,78309,1,0,2:0:0:0:
256,192,78309,1,0,2:0:0:0:
329,192,78309,1,0,2:0:0:0:
329,192,78419,1,0,2:0:0:0:
182,192,78529,1,0,2:0:0:0:
475,192,78529,1,0,2:0:0:0:
109,192,78750,1,0,2:0:0:0:
402,192,78750,1,0,2:0:0:0:
36,192,78971,1,0,2:0:0:0:
329,192,78971,1,0,2:0:0:0:
475,192,78971,1,0,2:0:0:0:
109,192,79191,1,0,2:0:0:0:
256,192,79191,1,0,2:0:0:0:
402,192,79191,1,0,2:0:0:0:
402,192,79301,1,0,2:0:0:0:
36,192,79412,1,0,2:0:0:0:
329,192,79412,1,0,2:0:0:0:
475,192,79412,1,0,2:0:0:0:
182,192,79632,1,0,2:0:0:0:
402,192,79632,1,0,2:0:0:0:
36,192,79853,1,0,2:0:0:0:
109,192,79853,1,0,2:0:0:0:
329,192,79853,1,0,2:0:0:0:
256,192,80074,1,0,2:0:0:0:
402,192,80074,1,0,2:0:0:0:
475,192,80074,1,0,2:0:0:0:
475,192,80184,1,0,2:0:0:0:
109,192,80294,1,0,2:0:0:0:
329,192,80294,1,0,2:0:0:0:
36,192,80515,1,0,2:0:0:0:
256,192,80515,1,0,2:0:0:0:
109,192,80735,1,0,2:0:0:0:
182,192,80735,1,0,2:0:0:0:
475,192,80735,1,0,2:0:0:0:
256,192,80956,1,0,2:0:0:0:
329,192,80956,1,0,2:0:0:0:
402,192,80956,1,0,2:0:0:0:
329,192,81066,1,0,2:0:0:0:
36,192,81176,1,0,2:0:0:0:
109,192,81176,1,0,2:0:0:0:
475,192,81176,1,0,2:0:0:0:
256,192,81397,1,0,2:0:0:0:
329,192,81397,1,0,2:0:0:0:
109,192,81618,1,0,2:0:0:0:
182,192,81618,1,0,2:0:0:0:
402,192,81618,1,0,2:0:0:0:
36,192,81838,1,0,2:0:0:0:
329,192,81838,1,0,2:0:0:0:
475,192,81838,1,0,2:0:0:0:
36,192,81949,1,0,2:0:0:0:
182,192,82059,1,0,2:0:0:0:
402,192,82059,1,0,2:0:0:0:
109,192,82279,1,0,2:0:0:0:
329,192,82279,1,0,2:0:0:0:
36,192,82500,1,0,2:0:0:0:
182,192,82500,1,0,2:0:0:0:
256,192,82500,1,0,2:0:0:0:
109,192,82721,1,0,2:0:0:0:
329,192,82721,1,0,2:0:0:0:
475,192,82721,1,0,2:0:0:0:
109,192,82831,1,0,2:0:0:0:
36,192,82941,1,0,2:0:0:0:
182,192,82941,1,0,2:0:0:0:
256,192,82941,1,0,2:0:0:0:
329,192,83162,1,0,2:0:0:0:
402,192,83162,1,0,2:0:0:0:
182,192,83382,1,0,2:0:0:0:
256,192,83382,1,0,2:0:0:0:
475,192,83382,1,0,2:0:0:0:
36,192,83603,1,0,2:0:0:0:
109,192,83603,1,0,2:0:0:0:
402,192,83603,1,0,2:0:0:0:
109,192,83713,1,0,2:0:0:0:
256,192,83824,1,0,2:0:0:0:
475,192,83824,1,0,2:0:0:0:
182,192,84044,1,0,2:0:0:0:
402,192,84044,1,0,2:0:0:0:
109,192,84265,1,0,2:0:0:0:
256,192,84265,1,0,2:0:0:0:
329,192,84265,1,0,2:0:0:0:
36,192,84485,1,0,2:0:0:0:
182,192,84485,1,0,2:0:0:0:
402,192,84485,1,0,2:0:0:0:
182,192,84596,1,0,2:0:0:0:
109,192,84706,1,0,2:0:0:0:
256,192,84706,1,0,2:0:0:0:
329,192,84706,1,0,2:0:0:0:
402,192,84926,1,0,2:0:0:0:
475,192,84926,1,0,2:0:0:0:
36,192,85147,1,0,2:0:0:0:
256,192,85147,1,0,2:0:0:0:
329,192,85147,1,0,2:0:0:0:
109,192,85368,1,0,2:0:0:0:
182,192,85368,1,0,2:0:0:0:
475,192,85368,1,0,2:0:0:0:
182,192,85478,1,0,2:0:0:0:
36,192,85588,1,0,2:0:0:0:
329,192,85588,1,0,2:0:0:0:
256,192,85809,1,0,2:0:0:0:
475,192,85809,1,0,2:0:0:0:
182,192,86029,1,0,2:0:0:0:
329,192,86029,1,0,2:0:0:0:
402,192,86029,1,0,2:0:0:0:
109,192,86250,1,0,2:0:0:0:
256,192,86250,1,0,2:0:0:0:
475,192,86250,1,0,2:0:0:0:
256,192,86360,1,0,2:0:0:0:
182,192,86471,1,0,2:0:0:0:
329,192,86471,1,0,2:0:0:0:
402,192,86471,1,0,2:0:0:0:
36,192,86691,1,0,2:0:0:0:
475,192,86691,1,0,2:0:0:0:
109,192,86912,1,0,2:0:0:0:
329,192,86912,1,0,2:0:0:0:
402,192,86912,1,0,2:0:0:0:
36,192,87132,1,0,2:0:0:0:
182,192,87132,1,0,2:0:0:0:
256,192,87132,1,0,2:0:0:0:
256,192,87243,1,0,2:0:0:0:
109,192,87353,1,0,2:0:0:0:
402,192,87353,1,0,2:0:0:0:
36,192,87574,1,0,2:0:0:0:
329,192,87574,1,0,2:0:0:0:
256,192,87794,1,0,2:0:0:0:
402,192,87794,1,0,2:0:0:0:
475,192,87794,1,0,2:0:0:0:
36,192,88015,1,0,2:0:0:0:
182,192,88015,1,0,2:0:0:0:
329,192,88015,1,0,2:0:0:0:
329,192,88125,1,0,2:0:0:0:
109,192,88235,1,0,2:0:0:0:
256,0,88235,128,0,89504:2:0:0:0:
402,192,88235,1,0,2:0:0:0:
109,192,89118,1,0,2:0:0:0:
402,192,89118,1,0,2:0:0:0:
36,192,89559,1,0,2:0:0:0:
475,192,89559,1,0,2:0:0:0:
256,0,89559,128,0,90000:2:0:0:0:
36,192,90000,1,0,2:0:0:0:
182,192,90000,1,0,2:0:0:0:
329,192,90000,1,0,2:0:0:0:
475,192,90221,1,0,2:0:0:0:
36,192,90441,1,0,2:0:0:0:
402,192,90441,1,0,2:0:0:0:
329,0,90662,128,0,91544:2:0:0:0:
36,192,90882,1,0,2:0:0:0:
36,192,91324,1,0,2:0:0:0:
109,192,91544,1,0,2:0:0:0:
182,192,91654,1,0,2:0:0:0:
109,192,91765,1,0,2:0:0:0:
402,192,91765,1,0,2:0:0:0:
475,192,91765,1,0,2:0:0:0:
256,192,91985,1,0,2:0:0:0:
109,192,92096,1,0,2:0:0:0:
329,192,92206,1,0,2:0:0:0:
475,192,92206,1,0,2:0:0:0:
109,192,92426,1,0,2:0:0:0:
182,0,92426,128,0,93309:2:0:0:0:
475,192,92647,1,0,2:0:0:0:
475,192,93088,1,0,2:0:0:0:
475,192,93309,1,0,2:0:0:0:
36,192,93529,1,0,2:0:0:0:
182,192,93529,1,0,2:0:0:0:
475,192,93529,1,0,2:0:0:0:
256,192,93750,1,0,2:0:0:0:
36,192,93971,1,0,2:0:0:0:
402,192,93971,1,0,2:0:0:0:
329,0,94191,128,0,95074:2:0:0:0:
36,192,94412,1,0,2:0:0:0:
182,192,94632,1,0,2:0:0:0:
36,192,94853,1,0,2:0:0:0:
109,192,94853,1,0,2:0:0:0:
182,192,94963,1,0,2:0:0:0:
109,192,95294,1,0,2:0:0:0:
256,192,95294,1,0,2:0:0:0:
329,192,95294,1,0,2:0:0:0:
475,192,95294,1,0,2:0:0:0:
36,0,95515,128,0,96618:2:0:0:0:
182,192,95515,1,0,2:0:0:0:
402,192,95625,1,0,2:0:0:0:
109,0,95735,128,0,96618:2:0:0:0:
256,192,95735,1,0,2:0:0:0:
475,192,95735,1,0,2:0:0:0:
182,0,95956,128,0,96618:2:0:0:0:
329,192,95956,1,0,2:0:0:0:
402,192,95956,1,0,2:0:0:0:
256,192,96176,1,0,2:0:0:0:
475,192,96176,1,0,2:0:0:0:
475,192,96507,1,0,2:0:0:0:
475,192,96618,1,0,2:0:0:0:
475,192,96838,1,0,2:0:0:0:
36,192,97059,1,0,2:0:0:0:
182,0,97059,128,0,97279:2:0:0:0:
402,192,97059,1,0,2:0:0:0:
109,0,97279,128,0,97500:2:0:0:0:
329,192,97279,1,0,2:0:0:0:
36,192,97500,1,0,2:0:0:0:
182,192,97500,1,0,2:0:0:0:
256,0,97500,128,0,97721:2:0:0:0:
475,192,97500,1,0,2:0:0:0:
36,0,97721,128,0,97941:2:0:0:0:
402,0,97721,128,0,98382:2:0:0:0:
182,0,97941,128,0,98162:2:0:0:0:
256,192,97941,1,0,2:0:0:0:
109,0,98162,128,0,98382:2:0:0:0:
36,192,98382,1,0,2:0:0:0:
182,192,98382,1,0,2:0:0:0:
329,0,98382,128,0,98603:2:0:0:0:
256,0,98603,128,0,98824:2:0:0:0:
36,192,98824,1,0,2:0:0:0:
182,192,98824,1,0,2:0:0:0:
329,0,98824,128,0,99044:2:0:0:0:
256,0,99044,128,0,99265:2:0:0:0:
475,192,99044,1,0,2:0:0:0:
109,192,99265,1,0,2:0:0:0:
182,192,99265,1,0,2:0:0:0:
329,192,99265,1,0,2:0:0:0:
402,0,99265,128,0,99485:2:0:0:0:
36,0,99485,128,0,100147:2:0:0:0:
182,0,99485,128,0,99706:2:0:0:0:
329,0,99706,128,0,99926:2:0:0:0:
402,192,99706,1,0,2:0:0:0:
256,0,99926,128,0,100147:2:0:0:0:
182,192,100147,1,0,2:0:0:0:
329,192,100147,1,0,2:0:0:0:
475,0,100147,128,0,100368:2:0:0:0:
402,0,100368,128,0,100588:2:0:0:0:
182,192,100588,1,0,2:0:0:0:
329,192,100588,1,0,2:0:0:0:
475,0,100588,128,0,100809:2:0:0:0:
109,192,100809,1,0,2:0:0:0:
402,0,100809,128,0,101029:2:0:0:0:
36,0,101029,128,0,101250:2:0:0:0:
256,192,101029,1,0,2:0:0:0:
329,192,101029,1,0,2:0:0:0:
475,192,101029,1,0,2:0:0:0:
182,0,101250,128,0,101912:2:0:0:0:
329,0,101250,128,0,101471:2:0:0:0:
36,192,101471,1,0,2:0:0:0:
475,0,101471,128,0,101691:2:0:0:0:
402,0,101691,128,0,101912:2:0:0:0:
109,0,101912,128,0,102132:2:0:0:0:
329,192,101912,1,0,2:0:0:0:
475,192,101912,1,0,2:0:0:0:
36,0,102132,128,0,102353:2:0:0:0:
109,0,102353,128,0,102574:2:0:0:0:
329,192,102353,1,0,2:0:0:0:
475,192,102353,1,0,2:0:0:0:
36,0,102574,128,0,102794:2:0:0:0:
256,192,102574,1,0,2:0:0:0:
109,192,102794,1,0,2:0:0:0:
182,0,102794,128,0,103015:2:0:0:0:
329,192,102794,1,0,2:0:0:0:
402,192,102794,1,0,2:0:0:0:
36,192,103015,1,0,2:0:0:0:
256,0,103015,128,0,103235:2:0:0:0:
329,0,103015,128,0,103676:2:0:0:0:
475,192,103015,1,0,2:0:0:0:
182,192,103125,1,0,2:0:0:0:
402,192,103125,1,0,2:0:0:0:
36,192,103235,1,0,2:0:0:0:
109,0,103235,128,0,103456:2:0:0:0:
475,192,103235,1,0,2:0:0:0:
36,0,103456,128,0,103676:2:0:0:0:
182,192,103456,1,0,2:0:0:0:
475,192,103456,1,0,2:0:0:0:
109,192,103676,1,0,2:0:0:0:
256,0,103676,128,0,103897:2:0:0:0:
402,192,103676,1,0,2:0:0:0:
36,192,103897,1,0,2:0:0:0:
329,192,103897,1,0,2:0:0:0:
182,0,103897,128,0,104118:2:0:0:0:
109,192,104118,1,0,2:0:0:0:
256,192,104118,1,0,2:0:0:0:
475,192,104118,1,0,2:0:0:0:
475,0,104228,128,0,105441:2:0:0:0:
36,192,104338,1,0,2:0:0:0:
402,192,104338,1,0,2:0:0:0:
402,0,104449,128,0,105331:2:0:0:0:
182,192,104559,1,0,2:0:0:0:
329,192,104559,1,0,2:0:0:0:
329,0,104669,128,0,105110:2:0:0:0:
36,0,104779,128,0,105331:2:0:0:0:
109,192,104779,1,0,2:0:0:0:
256,192,104779,1,0,2:0:0:0:
256,0,104890,128,0,105772:2:0:0:0:
182,192,105000,1,0,2:0:0:0:
182,0,105110,128,0,105551:2:0:0:0:
109,192,105221,1,0,2:0:0:0:
329,192,105221,1,0,2:0:0:0:
109,0,105331,128,0,105882:2:0:0:0:
36,192,105441,1,0,2:0:0:0:
329,0,105441,128,0,105551:2:0:0:0:
402,192,105441,1,0,2:0:0:0:
475,0,105551,128,0,105662:2:0:0:0:
36,0,105551,128,0,105882:2:0:0:0:
182,192,105662,1,0,2:0:0:0:
329,0,105662,128,0,105772:2:0:0:0:
182,0,105772,128,0,105882:2:0:0:0:
475,0,105772,128,0,105882:2:0:0:0:
256,192,105882,1,0,2:0:0:0:
329,192,105882,1,0,2:0:0:0:
329,0,105993,128,0,106654:2:0:0:0:
36,192,106103,1,0,2:0:0:0:
402,192,106103,1,0,2:0:0:0:
402,0,106213,128,0,106434:2:0:0:0:
182,192,106324,1,0,2:0:0:0:
475,192,106324,1,0,2:0:0:0:
475,0,106434,128,0,107537:2:0:0:0:
36,192,106544,1,0,2:0:0:0:
256,0,106544,128,0,107206:2:0:0:0:
402,192,106544,1,0,2:0:0:0:
402,0,106654,128,0,107096:2:0:0:0:
109,192,106765,1,0,2:0:0:0:
329,192,106765,1,0,2:0:0:0:
329,0,106875,128,0,107096:2:0:0:0:
36,192,106985,1,0,2:0:0:0:
182,192,106985,1,0,2:0:0:0:
182,0,107096,128,0,107537:2:0:0:0:
109,192,107206,1,0,2:0:0:0:
402,0,107206,128,0,107316:2:0:0:0:
109,0,107316,128,0,107537:2:0:0:0:
329,0,107316,128,0,107426:2:0:0:0:
36,192,107426,1,0,2:0:0:0:
256,192,107426,1,0,2:0:0:0:
402,0,107426,128,0,107537:2:0:0:0:
36,192,107537,1,0,2:0:0:0:
329,0,107537,128,0,107647:2:0:0:0:
109,192,107647,1,0,2:0:0:0:
256,192,107647,1,0,2:0:0:0:
402,192,107647,1,0,2:0:0:0:
109,0,107757,128,0,108971:2:0:0:0:
36,192,107868,1,0,2:0:0:0:
182,192,107868,1,0,2:0:0:0:
36,0,107978,128,0,109412:2:0:0:0:
329,192,108088,1,0,2:0:0:0:
475,192,108088,1,0,2:0:0:0:
475,0,108199,128,0,108640:2:0:0:0:
182,0,108309,128,0,108860:2:0:0:0:
256,192,108309,1,0,2:0:0:0:
402,192,108309,1,0,2:0:0:0:
402,0,108419,128,0,109301:2:0:0:0:
329,192,108529,1,0,2:0:0:0:
329,0,108640,128,0,109081:2:0:0:0:
256,192,108750,1,0,2:0:0:0:
475,192,108750,1,0,2:0:0:0:
256,0,108860,128,0,109412:2:0:0:0:
182,192,108971,1,0,2:0:0:0:
475,0,108971,128,0,109081:2:0:0:0:
109,0,109081,128,0,109191:2:0:0:0:
182,0,109081,128,0,109412:2:0:0:0:
329,192,109191,1,0,2:0:0:0:
475,0,109191,128,0,109301:2:0:0:0:
109,0,109301,128,0,109412:2:0:0:0:
329,0,109301,128,0,109412:2:0:0:0:
402,192,109412,1,0,2:0:0:0:
475,192,109412,1,0,2:0:0:0:
475,0,109522,128,0,110184:2:0:0:0:
36,192,109632,1,0,2:0:0:0:
182,192,109632,1,0,2:0:0:0:
36,0,109743,128,0,109963:2:0:0:0:
109,192,109853,1,0,2:0:0:0:
329,192,109853,1,0,2:0:0:0:
109,0,109963,128,0,111066:2:0:0:0:
36,192,110074,1,0,2:0:0:0:
182,192,110074,1,0,2:0:0:0:
402,0,110074,128,0,110735:2:0:0:0:
36,0,110184,128,0,110625:2:0:0:0:
256,192,110294,1,0,2:0:0:0:
475,192,110294,1,0,2:0:0:0:
475,0,110404,128,0,110625:2:0:0:0:
182,192,110515,1,0,2:0:0:0:
329,192,110515,1,0,2:0:0:0:
329,0,110625,128,0,111066:2:0:0:0:
36,0,110735,128,0,110846:2:0:0:0:
256,192,110735,1,0,2:0:0:0:
256,0,110846,128,0,111066:2:0:0:0:
475,0,110846,128,0,110956:2:0:0:0:
36,0,110956,128,0,111066:2:0:0:0:
182,192,110956,1,0,2:0:0:0:
402,192,110956,1,0,2:0:0:0:
182,192,111066,1,0,2:0:0:0:
475,0,111066,128,0,111176:2:0:0:0:
36,192,111176,1,0,2:0:0:0:
256,192,111176,1,0,2:0:0:0:
109,0,111397,128,0,111728:2:0:0:0:
329,192,111397,1,0,2:0:0:0:
475,192,111397,1,0,2:0:0:0:
182,192,111618,1,0,2:0:0:0:
256,192,111618,1,0,2:0:0:0:
402,192,111618,1,0,2:0:0:0:
109,192,111838,1,0,2:0:0:0:
329,192,111838,1,0,2:0:0:0:
475,192,111838,1,0,2:0:0:0:
329,192,111949,1,0,2:0:0:0:
36,192,112059,1,0,2:0:0:0:
256,192,112059,1,0,2:0:0:0:
402,192,112059,1,0,2:0:0:0:
36,0,112279,128,0,112500:2:0:0:0:
182,192,112279,1,0,2:0:0:0:
329,192,112279,1,0,2:0:0:0:
109,0,112500,128,0,112721:2:0:0:0:
256,192,112500,1,0,2:0:0:0:
402,192,112500,1,0,2:0:0:0:
475,192,112500,1,0,2:0:0:0:
182,192,112721,1,0,2:0:0:0:
329,192,112721,1,0,2:0:0:0:
36,0,112721,128,0,113162:2:0:0:0:
182,192,112831,1,0,2:0:0:0:
109,192,112941,1,0,2:0:0:0:
402,192,112941,1,0,2:0:0:0:
182,192,113162,1,0,2:0:0:0:
256,192,113162,1,0,2:0:0:0:
475,0,113162,128,0,113382:2:0:0:0:
36,192,113382,1,0,2:0:0:0:
109,192,113382,1,0,2:0:0:0:
329,192,113382,1,0,2:0:0:0:
402,0,113382,128,0,113603:2:0:0:0:
182,192,113603,1,0,2:0:0:0:
256,192,113603,1,0,2:0:0:0:
475,0,113603,128,0,113934:2:0:0:0:
182,192,113713,1,0,2:0:0:0:
109,192,113824,1,0,2:0:0:0:
329,192,113824,1,0,2:0:0:0:
182,192,114044,1,0,2:0:0:0:
402,192,114044,1,0,2:0:0:0:
475,0,114044,128,0,114706:2:0:0:0:
36,192,114265,1,0,2:0:0:0:
109,192,114265,1,0,2:0:0:0:
256,192,114265,1,0,2:0:0:0:
402,0,114265,128,0,114706:2:0:0:0:
109,192,114485,1,0,2:0:0:0:
182,192,114485,1,0,2:0:0:0:
329,0,114485,128,0,114706:2:0:0:0:
182,192,114596,1,0,2:0:0:0:
36,192,114706,1,0,2:0:0:0:
256,192,114706,1,0,2:0:0:0:
182,192,114926,1,0,2:0:0:0:
329,192,114926,1,0,2:0:0:0:
36,0,114926,128,0,116471:2:0:0:0:
109,0,115147,128,0,115699:2:0:0:0:
256,192,115147,1,0,2:0:0:0:
402,192,115147,1,0,2:0:0:0:
475,192,115147,1,0,2:0:0:0:
182,0,115368,128,0,115478:2:0:0:0:
329,192,115368,1,0,2:0:0:0:
402,192,115368,1,0,2:0:0:0:
329,192,115478,1,0,2:0:0:0:
182,192,115588,1,0,2:0:0:0:
256,192,115588,1,0,2:0:0:0:
475,0,115588,128,0,116140:2:0:0:0:
109,0,115809,128,0,115919:2:0:0:0:
329,192,115809,1,0,2:0:0:0:
402,192,115809,1,0,2:0:0:0:
109,192,116029,1,0,2:0:0:0:
256,192,116029,1,0,2:0:0:0:
36,192,116250,1,0,2:0:0:0:
182,192,116250,1,0,2:0:0:0:
329,192,116250,1,0,2:0:0:0:
329,192,116360,1,0,2:0:0:0:
109,192,116471,1,0,2:0:0:0:
402,192,116471,1,0,2:0:0:0:
256,0,116471,128,0,118235:2:0:0:0:
109,192,117132,1,0,2:0:0:0:
402,192,117132,1,0,2:0:0:0:
36,192,117243,1,0,2:0:0:0:
182,192,117243,1,0,2:0:0:0:
329,192,117243,1,0,2:0:0:0:
475,192,117243,1,0,2:0:0:0:
109,192,117353,1,0,2:0:0:0:
402,192,117353,1,0,2:0:0:0:
109,192,117574,1,0,2:0:0:0:
402,192,117574,1,0,2:0:0:0:
36,192,117794,1,0,2:0:0:0:
475,192,117794,1,0,2:0:0:0:
109,0,117794,128,0,118235:2:0:0:0:
402,0,117794,128,0,118235:2:0:0:0:
36,0,118235,128,0,118456:2:0:0:0:
182,192,118235,1,0,2:0:0:0:
475,192,118235,1,0,2:0:0:0:
402,192,118346,1,0,2:0:0:0:
109,192,118456,1,0,2:0:0:0:
256,192,118456,1,0,2:0:0:0:
475,192,118456,1,0,2:0:0:0:
329,192,118566,1,0,2:0:0:0:
36,192,118676,1,0,2:0:0:0:
182,192,118676,1,0,2:0:0:0:
402,192,118676,1,0,2:0:0:0:
329,192,118787,1,0,2:0:0:0:
109,0,118897,128,0,119449:2:0:0:0:
182,0,118897,128,0,119449:2:0:0:0:
256,192,118897,1,0,2:0:0:0:
475,192,118897,1,0,2:0:0:0:
36,192,119007,1,0,2:0:0:0:
256,192,119118,1,0,2:0:0:0:
402,192,119118,1,0,2:0:0:0:
329,192,119228,1,0,2:0:0:0:
256,192,119338,1,0,2:0:0:0:
475,192,119338,1,0,2:0:0:0:
36,192,119449,1,0,2:0:0:0:
109,192,119559,1,0,2:0:0:0:
182,192,119559,1,0,2:0:0:0:
329,192,119559,1,0,2:0:0:0:
475,192,119559,1,0,2:0:0:0:
256,192,119669,1,0,2:0:0:0:
36,192,119779,1,0,2:0:0:0:
402,192,119779,1,0,2:0:0:0:
109,192,119890,1,0,2:0:0:0:
36,192,120000,1,0,2:0:0:0:
182,0,120000,128,0,120221:2:0:0:0:
329,192,120000,1,0,2:0:0:0:
109,192,120110,1,0,2:0:0:0:
36,192,120221,1,0,2:0:0:0:
256,192,120221,1,0,2:0:0:0:
402,192,120221,1,0,2:0:0:0:
475,192,120331,1,0,2:0:0:0:
109,192,120441,1,0,2:0:0:0:
182,192,120441,1,0,2:0:0:0:
329,192,120441,1,0,2:0:0:0:
475,192,120551,1,0,2:0:0:0:
36,192,120662,1,0,2:0:0:0:
256,0,120662,128,0,121213:2:0:0:0:
329,0,120662,128,0,121213:2:0:0:0:
402,192,120662,1,0,2:0:0:0:
182,192,120772,1,0,2:0:0:0:
109,192,120882,1,0,2:0:0:0:
402,192,120882,1,0,2:0:0:0:
475,192,120993,1,0,2:0:0:0:
36,192,121103,1,0,2:0:0:0:
402,192,121103,1,0,2:0:0:0:
182,192,121213,1,0,2:0:0:0:
36,192,121324,1,0,2:0:0:0:
256,192,121324,1,0,2:0:0:0:
329,192,121324,1,0,2:0:0:0:
475,192,121324,1,0,2:0:0:0:
402,192,121434,1,0,2:0:0:0:
109,192,121544,1,0,2:0:0:0:
182,192,121544,1,0,2:0:0:0:
256,192,121654,1,0,2:0:0:0:
182,192,121765,1,0,2:0:0:0:
329,0,121765,128,0,121985:2:0:0:0:
475,192,121765,1,0,2:0:0:0:
256,192,121875,1,0,2:0:0:0:
36,192,121985,1,0,2:0:0:0:
182,192,121985,1,0,2:0:0:0:
402,192,121985,1,0,2:0:0:0:
109,192,122096,1,0,2:0:0:0:
256,192,122206,1,0,2:0:0:0:
329,192,122206,1,0,2:0:0:0:
475,192,122206,1,0,2:0:0:0:
109,192,122316,1,0,2:0:0:0:
36,192,122426,1,0,2:0:0:0:
182,192,122426,1,0,2:0:0:0:
402,0,122426,128,0,122978:2:0:0:0:
475,0,122426,128,0,122978:2:0:0:0:
329,192,122537,1,0,2:0:0:0:
36,192,122647,1,0,2:0:0:0:
256,192,122647,1,0,2:0:0:0:
109,192,122757,1,0,2:0:0:0:
36,192,122868,1,0,2:0:0:0:
182,192,122868,1,0,2:0:0:0:
329,192,122978,1,0,2:0:0:0:
109,192,123088,1,0,2:0:0:0:
182,192,123088,1,0,2:0:0:0:
402,192,123088,1,0,2:0:0:0:
475,192,123088,1,0,2:0:0:0:
36,192,123199,1,0,2:0:0:0:
256,192,123309,1,0,2:0:0:0:
329,192,123309,1,0,2:0:0:0:
402,192,123419,1,0,2:0:0:0:
109,192,123529,1,0,2:0:0:0:
329,192,123529,1,0,2:0:0:0:
475,0,123529,128,0,123750:2:0:0:0:
402,192,123640,1,0,2:0:0:0:
36,192,123750,1,0,2:0:0:0:
182,192,123750,1,0,2:0:0:0:
329,192,123750,1,0,2:0:0:0:
256,192,123860,1,0,2:0:0:0:
109,192,123971,1,0,2:0:0:0:
402,192,123971,1,0,2:0:0:0:
475,192,123971,1,0,2:0:0:0:
256,192,124081,1,0,2:0:0:0:
36,0,124191,128,0,124743:2:0:0:0:
109,0,124191,128,0,124743:2:0:0:0:
182,192,124191,1,0,2:0:0:0:
329,192,124191,1,0,2:0:0:0:
475,192,124301,1,0,2:0:0:0:
182,192,124412,1,0,2:0:0:0:
402,192,124412,1,0,2:0:0:0:
256,192,124522,1,0,2:0:0:0:
182,192,124632,1,0,2:0:0:0:
329,192,124632,1,0,2:0:0:0:
475,192,124743,1,0,2:0:0:0:
36,192,124853,1,0,2:0:0:0:
109,192,124853,1,0,2:0:0:0:
256,192,124853,1,0,2:0:0:0:
329,192,124853,1,0,2:0:0:0:
182,192,124963,1,0,2:0:0:0:
109,192,125074,1,0,2:0:0:0:
329,192,125074,1,0,2:0:0:0:
402,192,125074,1,0,2:0:0:0:
475,192,125074,1,0,2:0:0:0:
36,192,125184,1,0,2:0:0:0:
182,192,125184,1,0,2:0:0:0:
256,0,125294,128,0,125404:2:0:0:0:
329,192,125294,1,0,2:0:0:0:
475,0,125294,128,0,125846:2:0:0:0:
109,0,125404,128,0,126066:2:0:0:0:
36,192,125515,1,0,2:0:0:0:
329,0,125515,128,0,125625:2:0:0:0:
182,0,125625,128,0,126176:2:0:0:0:
36,192,125735,1,0,2:0:0:0:
329,192,125735,1,0,2:0:0:0:
402,0,125735,128,0,125846:2:0:0:0:
256,0,125846,128,0,126176:2:0:0:0:
36,192,125956,1,0,2:0:0:0:
475,0,125956,128,0,126176:2:0:0:0:
329,0,126066,128,0,126176:2:0:0:0:
109,0,126176,128,0,126287:2:0:0:0:
402,192,126176,1,0,2:0:0:0:
182,0,126287,128,0,126397:2:0:0:0:
36,192,126397,1,0,2:0:0:0:
256,0,126397,128,0,126507:2:0:0:0:
329,0,126507,128,0,126618:2:0:0:0:
109,0,126618,128,0,126728:2:0:0:0:
402,192,126618,1,0,2:0:0:0:
475,192,126618,1,0,2:0:0:0:
182,0,126728,128,0,126838:2:0:0:0:
36,192,126838,1,0,2:0:0:0:
256,0,126838,128,0,126949:2:0:0:0:
329,0,126949,128,0,127059:2:0:0:0:
36,192,127059,1,0,2:0:0:0:
182,0,127059,128,0,127610:2:0:0:0:
475,0,127059,128,0,127169:2:0:0:0:
329,0,127169,128,0,127831:2:0:0:0:
36,0,127279,128,0,127390:2:0:0:0:
256,192,127279,1,0,2:0:0:0:
402,0,127390,128,0,127941:2:0:0:0:
36,192,127500,1,0,2:0:0:0:
109,0,127500,128,0,127610:2:0:0:0:
256,192,127500,1,0,2:0:0:0:
475,0,127610,128,0,127941:2:0:0:0:
182,0,127721,128,0,127941:2:0:0:0:
256,192,127721,1,0,2:0:0:0:
36,0,127831,128,0,127941:2:0:0:0:
109,192,127941,1,0,2:0:0:0:
329,0,127941,128,0,128051:2:0:0:0:
402,0,128051,128,0,128162:2:0:0:0:
256,192,128162,1,0,2:0:0:0:
475,0,128162,128,0,128272:2:0:0:0:
36,0,128272,128,0,128382:2:0:0:0:
109,192,128382,1,0,2:0:0:0:
182,192,128382,1,0,2:0:0:0:
329,0,128382,128,0,128493:2:0:0:0:
402,0,128493,128,0,128603:2:0:0:0:
256,192,128603,1,0,2:0:0:0:
475,0,128603,128,0,128713:2:0:0:0:
36,0,128713,128,0,128824:2:0:0:0:
182,0,128824,128,0,128934:2:0:0:0:
256,192,128824,1,0,2:0:0:0:
402,0,128824,128,0,129375:2:0:0:0:
36,0,128934,128,0,129596:2:0:0:0:
256,0,129044,128,0,129154:2:0:0:0:
475,192,129044,1,0,2:0:0:0:
109,0,129154,128,0,129706:2:0:0:0:
256,192,129265,1,0,2:0:0:0:
329,0,129265,128,0,129375:2:0:0:0:
475,192,129265,1,0,2:0:0:0:
182,0,129375,128,0,129706:2:0:0:0:
402,0,129485,128,0,129706:2:0:0:0:
475,192,129485,1,0,2:0:0:0:
256,0,129596,128,0,129706:2:0:0:0:
36,0,129706,128,0,129816:2:0:0:0:
329,192,129706,1,0,2:0:0:0:
109,0,129816,128,0,129926:2:0:0:0:
182,0,129926,128,0,130037:2:0:0:0:
475,192,129926,1,0,2:0:0:0:
256,0,130037,128,0,130147:2:0:0:0:
182,192,130147,1,0,2:0:0:0:
329,192,130147,1,0,2:0:0:0:
36,0,130147,128,0,130699:2:0:0:0:
475,0,130147,128,0,130699:2:0:0:0:
109,0,130257,128,0,130368:2:0:0:0:
182,0,130368,128,0,130478:2:0:0:0:
402,192,130368,1,0,2:0:0:0:
256,0,130478,128,0,130588:2:0:0:0:
109,192,130588,1,0,2:0:0:0:
402,192,130588,1,0,2:0:0:0:
36,0,130809,128,0,130919:2:0:0:0:
182,192,130809,1,0,2:0:0:0:
329,192,130809,1,0,2:0:0:0:
475,0,130809,128,0,130919:2:0:0:0:
36,192,131029,1,0,2:0:0:0:
109,0,131029,128,0,131140:2:0:0:0:
256,192,131029,1,0,2:0:0:0:
402,0,131029,128,0,131140:2:0:0:0:
475,192,131029,1,0,2:0:0:0:
109,192,131250,1,0,2:0:0:0:
402,192,131250,1,0,2:0:0:0:
256,192,131360,1,0,2:0:0:0:
36,0,131471,128,0,132132:2:0:0:0:
182,192,131471,1,0,2:0:0:0:
329,192,131471,1,0,2:0:0:0:
475,0,131471,128,0,132132:2:0:0:0:
109,192,131691,1,0,2:0:0:0:
256,192,131691,1,0,2:0:0:0:
182,192,131912,1,0,2:0:0:0:
329,192,131912,1,0,2:0:0:0:
402,192,131912,1,0,2:0:0:0:
256,0,131912,128,0,132353:2:0:0:0:
109,192,132132,1,0,2:0:0:0:
36,192,132353,1,0,2:0:0:0:
329,192,132353,1,0,2:0:0:0:
475,0,132353,128,0,132794:2:0:0:0:
109,192,132463,1,0,2:0:0:0:
182,192,132574,1,0,2:0:0:0:
402,192,132574,1,0,2:0:0:0:
329,192,132684,1,0,2:0:0:0:
109,192,132794,1,0,2:0:0:0:
256,192,132794,1,0,2:0:0:0:
402,0,132794,128,0,133235:2:0:0:0:
182,192,132904,1,0,2:0:0:0:
36,192,133015,1,0,2:0:0:0:
475,192,133015,1,0,2:0:0:0:
109,192,133125,1,0,2:0:0:0:
182,192,133235,1,0,2:0:0:0:
256,192,133235,1,0,2:0:0:0:
329,0,133235,128,0,133676:2:0:0:0:
402,192,133346,1,0,2:0:0:0:
182,192,133456,1,0,2:0:0:0:
475,192,133456,1,0,2:0:0:0:
109,192,133566,1,0,2:0:0:0:
36,192,133676,1,0,2:0:0:0:
256,192,133676,1,0,2:0:0:0:
402,0,133676,128,0,134118:2:0:0:0:
109,192,133787,1,0,2:0:0:0:
182,192,133897,1,0,2:0:0:0:
329,192,133897,1,0,2:0:0:0:
109,192,134007,1,0,2:0:0:0:
36,192,134118,1,0,2:0:0:0:
256,192,134118,1,0,2:0:0:0:
475,0,134118,128,0,135882:2:0:0:0:
182,192,134228,1,0,2:0:0:0:
329,192,134338,1,0,2:0:0:0:
402,192,134338,1,0,2:0:0:0:
109,192,134449,1,0,2:0:0:0:
182,192,134559,1,0,2:0:0:0:
256,192,134559,1,0,2:0:0:0:
36,192,134669,1,0,2:0:0:0:
109,192,134779,1,0,2:0:0:0:
329,192,134779,1,0,2:0:0:0:
402,0,134779,128,0,134890:2:0:0:0:
182,192,134890,1,0,2:0:0:0:
36,192,135000,1,0,2:0:0:0:
256,192,135000,1,0,2:0:0:0:
402,0,135000,128,0,135882:2:0:0:0:
109,192,135110,1,0,2:0:0:0:
182,192,135221,1,0,2:0:0:0:
329,192,135221,1,0,2:0:0:0:
109,192,135331,1,0,2:0:0:0:
182,192,135441,1,0,2:0:0:0:
256,192,135441,1,0,2:0:0:0:
36,0,135441,128,0,135882:2:0:0:0:
109,192,135551,1,0,2:0:0:0:
182,192,135662,1,0,2:0:0:0:
329,192,135662,1,0,2:0:0:0:
256,192,135772,1,0,2:0:0:0:
109,0,135882,128,0,136324:2:0:0:0:
182,192,135882,1,0,2:0:0:0:
329,192,135882,1,0,2:0:0:0:
36,192,135993,1,0,2:0:0:0:
329,192,136103,1,0,2:0:0:0:
475,192,136103,1,0,2:0:0:0:
256,192,136213,1,0,2:0:0:0:
36,192,136324,1,0,2:0:0:0:
182,0,136324,128,0,136765:2:0:0:0:
402,192,136324,1,0,2:0:0:0:
109,192,136434,1,0,2:0:0:0:
256,192,136544,1,0,2:0:0:0:
475,192,136544,1,0,2:0:0:0:
329,192,136654,1,0,2:0:0:0:
109,192,136765,1,0,2:0:0:0:
256,0,136765,128,0,137206:2:0:0:0:
402,192,136765,1,0,2:0:0:0:
36,192,136875,1,0,2:0:0:0:
109,192,136985,1,0,2:0:0:0:
475,192,136985,1,0,2:0:0:0:
329,192,137096,1,0,2:0:0:0:
36,192,137206,1,0,2:0:0:0:
402,192,137206,1,0,2:0:0:0:
182,0,137206,128,0,137647:2:0:0:0:
256,192,137316,1,0,2:0:0:0:
329,192,137426,1,0,2:0:0:0:
475,192,137426,1,0,2:0:0:0:
402,192,137537,1,0,2:0:0:0:
109,192,137647,1,0,2:0:0:0:
329,192,137647,1,0,2:0:0:0:
475,0,137647,128,0,138309:2:0:0:0:
182,192,137757,1,0,2:0:0:0:
256,192,137868,1,0,2:0:0:0:
402,192,137868,1,0,2:0:0:0:
182,192,137978,1,0,2:0:0:0:
109,192,138088,1,0,2:0:0:0:
256,192,138088,1,0,2:0:0:0:
36,192,138199,1,0,2:0:0:0:
109,192,138309,1,0,2:0:0:0:
329,192,138309,1,0,2:0:0:0:
402,0,138309,128,0,138529:2:0:0:0:
182,192,138419,1,0,2:0:0:0:
36,192,138529,1,0,2:0:0:0:
256,192,138529,1,0,2:0:0:0:
329,0,138529,128,0,139412:2:0:0:0:
109,192,138640,1,0,2:0:0:0:
182,192,138750,1,0,2:0:0:0:
402,192,138750,1,0,2:0:0:0:
256,192,138860,1,0,2:0:0:0:
36,192,138971,1,0,2:0:0:0:
475,192,138971,1,0,2:0:0:0:
109,192,139081,1,0,2:0:0:0:
256,192,139191,1,0,2:0:0:0:
402,192,139191,1,0,2:0:0:0:
475,192,139191,1,0,2:0:0:0:
182,192,139301,1,0,2:0:0:0:
402,192,139301,1,0,2:0:0:0:
475,192,139301,1,0,2:0:0:0:
36,0,139412,128,0,140294:2:0:0:0:
109,192,139412,1,0,2:0:0:0:
182,0,139632,128,0,140018:2:0:0:0:
256,0,139632,128,0,140294:2:0:0:0:
329,192,139632,1,0,2:0:0:0:
109,192,139853,1,0,2:0:0:0:
402,192,139853,1,0,2:0:0:0:
475,0,139853,128,0,140294:2:0:0:0:
109,0,140074,128,0,140294:2:0:0:0:
182,192,140074,1,0,2:0:0:0:
329,0,140074,128,0,140460:2:0:0:0:
402,0,140074,128,0,140294:2:0:0:0:
182,0,140294,128,0,140680:2:0:0:0:
36,0,140515,128,0,141066:2:0:0:0:
329,192,140515,1,0,2:0:0:0:
402,0,140515,128,0,140625:2:0:0:0:
475,0,140515,128,0,141066:2:0:0:0:
109,0,140735,128,0,141066:2:0:0:0:
182,192,140735,1,0,2:0:0:0:
256,192,140735,1,0,2:0:0:0:
329,0,140735,128,0,140901:2:0:0:0:
402,0,140735,128,0,141066:2:0:0:0:
182,0,140956,128,0,141121:2:0:0:0:
256,192,140956,1,0,2:0:0:0:
329,192,140956,1,0,2:0:0:0:
36,192,141176,1,0,2:0:0:0:
109,192,141287,1,0,2:0:0:0:
182,192,141397,1,0,2:0:0:0:
402,192,141397,1,0,2:0:0:0:
475,192,141397,1,0,2:0:0:0:
256,192,141507,1,0,2:0:0:0:
36,192,141618,1,0,2:0:0:0:
109,192,141618,1,0,2:0:0:0:
329,192,141618,1,0,2:0:0:0:
256,192,141728,1,0,2:0:0:0:
182,192,141838,1,0,2:0:0:0:
402,192,141838,1,0,2:0:0:0:
475,192,141838,1,0,2:0:0:0:
109,192,141949,1,0,2:0:0:0:
36,192,142059,1,0,2:0:0:0:
182,192,142059,1,0,2:0:0:0:
256,192,142059,1,0,2:0:0:0:
329,192,142059,1,0,2:0:0:0:
475,192,142059,1,0,2:0:0:0:
402,192,142169,1,0,2:0:0:0:
109,192,142279,1,0,2:0:0:0:
329,192,142279,1,0,2:0:0:0:
256,192,142390,1,0,2:0:0:0:
36,192,142500,1,0,2:0:0:0:
182,192,142500,1,0,2:0:0:0:
329,192,142500,1,0,2:0:0:0:
402,192,142500,1,0,2:0:0:0:
256,192,142610,1,0,2:0:0:0:
109,192,142721,1,0,2:0:0:0:
329,192,142721,1,0,2:0:0:0:
402,192,142721,1,0,2:0:0:0:
182,0,142941,128,0,143272:2:0:0:0:
402,0,142941,128,0,143051:2:0:0:0:
109,0,143051,128,0,143272:2:0:0:0:
329,0,143051,128,0,143162:2:0:0:0:
36,0,143162,128,0,143272:2:0:0:0:
402,0,143162,128,0,143272:2:0:0:0:
256,0,143272,128,0,143603:2:0:0:0:
475,0,143272,128,0,143382:2:0:0:0:
182,0,143382,128,0,143603:2:0:0:0:
329,192,143382,1,0,2:0:0:0:
402,0,143382,128,0,143493:2:0:0:0:
109,0,143493,128,0,143603:2:0:0:0:
475,0,143493,128,0,143603:2:0:0:0:
36,0,143603,128,0,143713:2:0:0:0:
329,0,143603,128,0,143934:2:0:0:0:
109,0,143713,128,0,143824:2:0:0:0:
256,0,143713,128,0,143934:2:0:0:0:
182,0,143824,128,0,143934:2:0:0:0:
475,0,143824,128,0,143934:2:0:0:0:
402,0,143934,128,0,144265:2:0:0:0:
109,0,144044,128,0,144154:2:0:0:0:
329,0,144044,128,0,144265:2:0:0:0:
36,0,144154,128,0,144265:2:0:0:0:
256,0,144154,128,0,144265:2:0:0:0:
109,192,144265,1,0,2:0:0:0:
182,0,144265,128,0,144375:2:0:0:0:
475,0,144265,128,0,144706:2:0:0:0:
256,0,144375,128,0,144485:2:0:0:0:
402,0,144375,128,0,144706:2:0:0:0:
36,0,144485,128,0,144596:2:0:0:0:
329,0,144485,128,0,144706:2:0:0:0:
109,0,144596,128,0,144706:2:0:0:0:
256,0,144596,128,0,144706:2:0:0:0:
36,0,144706,128,0,145037:2:0:0:0:
182,0,144706,128,0,144816:2:0:0:0:
256,0,144816,128,0,145037:2:0:0:0:
475,0,144816,128,0,144926:2:0:0:0:
109,0,144926,128,0,145037:2:0:0:0:
182,0,144926,128,0,145037:2:0:0:0:
329,0,145037,128,0,145147:2:0:0:0:
402,0,145037,128,0,145368:2:0:0:0:
36,0,145147,128,0,145368:2:0:0:0:
182,0,145147,128,0,145257:2:0:0:0:
475,192,145147,1,0,2:0:0:0:
256,0,145257,128,0,145368:2:0:0:0:
329,0,145257,128,0,145368:2:0:0:0:
109,0,145368,128,0,145478:2:0:0:0:
475,0,145368,128,0,145699:2:0:0:0:
256,0,145478,128,0,145588:2:0:0:0:
402,0,145478,128,0,145699:2:0:0:0:
36,0,145588,128,0,145699:2:0:0:0:
329,0,145588,128,0,145699:2:0:0:0:
182,0,145699,128,0,146029:2:0:0:0:
256,0,145809,128,0,145919:2:0:0:0:
475,0,145809,128,0,146029:2:0:0:0:
109,0,145919,128,0,146029:2:0:0:0:
402,0,145919,128,0,146029:2:0:0:0:
36,0,146029,128,0,146140:2:0:0:0:
256,192,146029,1,0,2:0:0:0:
329,0,146029,128,0,146471:2:0:0:0:
402,0,146140,128,0,146250:2:0:0:0:
182,0,146140,128,0,146471:2:0:0:0:
109,0,146250,128,0,146360:2:0:0:0:
475,0,146250,128,0,146471:2:0:0:0:
256,0,146360,128,0,146471:2:0:0:0:
402,0,146360,128,0,146471:2:0:0:0:
36,0,146471,128,0,146801:2:0:0:0:
109,0,146471,128,0,146581:2:0:0:0:
182,0,146581,128,0,146691:2:0:0:0:
475,0,146581,128,0,146801:2:0:0:0:
109,0,146691,128,0,146801:2:0:0:0:
402,0,146691,128,0,146801:2:0:0:0:
256,0,146801,128,0,146912:2:0:0:0:
329,0,146801,128,0,147132:2:0:0:0:
36,0,146912,128,0,147132:2:0:0:0:
109,0,146912,128,0,147022:2:0:0:0:
182,192,146912,1,0,2:0:0:0:
256,0,147022,128,0,147132:2:0:0:0:
475,0,147022,128,0,147132:2:0:0:0:
182,0,147132,128,0,147463:2:0:0:0:
402,0,147132,128,0,147243:2:0:0:0:
329,0,147243,128,0,147463:2:0:0:0:
475,0,147243,128,0,147353:2:0:0:0:
36,0,147353,128,0,147463:2:0:0:0:
256,0,147353,128,0,147463:2:0:0:0:
109,0,147463,128,0,147794:2:0:0:0:
182,0,147574,128,0,147794:2:0:0:0:
475,0,147574,128,0,147684:2:0:0:0:
329,0,147684,128,0,147794:2:0:0:0:
402,0,147684,128,0,147794:2:0:0:0:
36,0,147794,128,0,147904:2:0:0:0:
256,0,147794,128,0,148125:2:0:0:0:
475,192,147794,1,0,2:0:0:0:
329,0,147904,128,0,148015:2:0:0:0:
109,0,147904,128,0,148235:2:0:0:0:
402,0,148015,128,0,148125:2:0:0:0:
182,0,148015,128,0,148235:2:0:0:0:
329,0,148125,128,0,148235:2:0:0:0:
475,0,148125,128,0,148235:2:0:0:0:
36,192,148235,1,0,2:0:0:0:
256,0,148235,128,0,148346:2:0:0:0:
402,0,148235,128,0,148676:2:0:0:0:
182,0,148346,128,0,148456:2:0:0:0:
109,0,148456,128,0,148566:2:0:0:0:
475,192,148456,1,0,2:0:0:0:
182,0,148566,128,0,148676:2:0:0:0:
36,192,148676,1,0,2:0:0:0:
109,0,148676,128,0,149118:2:0:0:0:
256,0,148676,128,0,148787:2:0:0:0:
329,192,148676,1,0,2:0:0:0:
329,0,148787,128,0,148897:2:0:0:0:
402,0,148897,128,0,149007:2:0:0:0:
475,192,148897,1,0,2:0:0:0:
329,0,149007,128,0,149118:2:0:0:0:
36,192,149118,1,0,2:0:0:0:
256,0,149118,128,0,149228:2:0:0:0:
402,0,149118,128,0,149559:2:0:0:0:
182,0,149228,128,0,149338:2:0:0:0:
109,0,149338,128,0,149449:2:0:0:0:
475,192,149338,1,0,2:0:0:0:
182,0,149449,128,0,149559:2:0:0:0:
36,192,149559,1,0,2:0:0:0:
256,0,149559,128,0,149669:2:0:0:0:
329,192,149559,1,0,2:0:0:0:
109,0,149559,128,0,150000:2:0:0:0:
329,0,149669,128,0,149779:2:0:0:0:
402,0,149779,128,0,149890:2:0:0:0:
475,192,149779,1,0,2:0:0:0:
329,0,149890,128,0,150000:2:0:0:0:
36,0,150000,128,0,150441:2:0:0:0:
256,0,150000,128,0,150221:2:0:0:0:
109,0,150110,128,0,150331:2:0:0:0:
329,0,150110,128,0,150551:2:0:0:0:
182,0,150221,128,0,150551:2:0:0:0:
402,0,150221,128,0,150331:2:0:0:0:
256,0,150331,128,0,150882:2:0:0:0:
475,0,150331,128,0,150772:2:0:0:0:
109,0,150441,128,0,150662:2:0:0:0:
402,0,150441,128,0,150662:2:0:0:0:
36,0,150551,128,0,150882:2:0:0:0:
182,0,150662,128,0,151103:2:0:0:0:
329,0,150662,128,0,151213:2:0:0:0:
402,0,150772,128,0,150993:2:0:0:0:
109,0,150882,128,0,150993:2:0:0:0:
475,0,150882,128,0,151103:2:0:0:0:
36,0,150993,128,0,151434:2:0:0:0:
256,0,150993,128,0,151324:2:0:0:0:
109,0,151103,128,0,151213:2:0:0:0:
402,0,151103,128,0,151434:2:0:0:0:
182,0,151213,128,0,151654:2:0:0:0:
475,0,151213,128,0,151544:2:0:0:0:
109,0,151324,128,0,151985:2:0:0:0:
329,0,151324,128,0,151765:2:0:0:0:
256,0,151434,128,0,151654:2:0:0:0:
402,0,151544,128,0,151654:2:0:0:0:
36,0,151544,128,0,151765:2:0:0:0:
475,0,151654,128,0,151875:2:0:0:0:
182,0,151765,128,0,152096:2:0:0:0:
402,0,151765,128,0,151985:2:0:0:0:
36,0,151875,128,0,152206:2:0:0:0:
329,0,151875,128,0,152096:2:0:0:0:
256,0,151985,128,0,152316:2:0:0:0:
475,0,151985,128,0,152316:2:0:0:0:
109,0,152096,128,0,152426:2:0:0:0:
402,0,152096,128,0,152537:2:0:0:0:
182,0,152206,128,0,152537:2:0:0:0:
329,0,152206,128,0,152647:2:0:0:0:
36,0,152316,128,0,153088:2:0:0:0:
256,0,152426,128,0,152757:2:0:0:0:
475,0,152426,128,0,153309:2:0:0:0:
109,0,152537,128,0,152757:2:0:0:0:
182,0,152647,128,0,153309:2:0:0:0:
402,0,152647,128,0,152978:2:0:0:0:
329,0,152757,128,0,152868:2:0:0:0:
109,0,152868,128,0,152978:2:0:0:0:
256,0,152868,128,0,152978:2:0:0:0:
329,0,152978,128,0,153088:2:0:0:0:
109,0,153088,128,0,153199:2:0:0:0:
402,0,153088,128,0,153199:2:0:0:0:
256,0,153088,128,0,153750:2:0:0:0:
36,0,153199,128,0,153419:2:0:0:0:
329,0,153199,128,0,153419:2:0:0:0:
109,0,153309,128,0,153529:2:0:0:0:
402,0,153309,128,0,153529:2:0:0:0:
182,0,153419,128,0,153640:2:0:0:0:
475,0,153419,128,0,153640:2:0:0:0:
36,0,153529,128,0,153750:2:0:0:0:
329,0,153529,128,0,153971:2:0:0:0:
109,0,153640,128,0,154081:2:0:0:0:
402,0,153640,128,0,153860:2:0:0:0:
182,0,153750,128,0,153860:2:0:0:0:
475,0,153750,128,0,154081:2:0:0:0:
36,0,153860,128,0,154412:2:0:0:0:
256,0,153860,128,0,154301:2:0:0:0:
182,0,153971,128,0,154191:2:0:0:0:
402,0,153971,128,0,154191:2:0:0:0:
329,0,154081,128,0,154412:2:0:0:0:
109,0,154191,128,0,154743:2:0:0:0:
475,0,154191,128,0,154632:2:0:0:0:
182,0,154301,128,0,154522:2:0:0:0:
256,0,154412,128,0,154632:2:0:0:0:
402,0,154412,128,0,154522:2:0:0:0:
36,0,154522,128,0,154853:2:0:0:0:
329,0,154522,128,0,154963:2:0:0:0:
182,0,154632,128,0,154963:2:0:0:0:
402,0,154632,128,0,154743:2:0:0:0:
256,0,154743,128,0,155074:2:0:0:0:
475,0,154743,128,0,155184:2:0:0:0:
109,0,154853,128,0,155294:2:0:0:0:
402,0,154853,128,0,155294:2:0:0:0:
36,0,154963,128,0,155184:2:0:0:0:
182,0,155074,128,0,155184:2:0:0:0:
329,0,155074,128,0,155294:2:0:0:0:
256,0,155184,128,0,155294:2:0:0:0:
182,192,155294,1,0,2:0:0:0:
475,0,155294,128,0,155404:2:0:0:0:
36,0,155404,128,0,155956:2:0:0:0:
402,192,155515,1,0,2:0:0:0:
256,192,155735,1,0,2:0:0:0:
329,192,155735,1,0,2:0:0:0:
402,192,155956,1,0,2:0:0:0:
475,0,155956,128,0,156066:2:0:0:0:
36,0,156066,128,0,156176:2:0:0:0:
182,192,156176,1,0,2:0:0:0:
329,0,156176,128,0,156287:2:0:0:0:
475,192,156176,1,0,2:0:0:0:
109,192,156287,1,0,2:0:0:0:
402,0,156287,128,0,156397:2:0:0:0:
36,192,156397,1,0,2:0:0:0:
475,192,156397,1,0,2:0:0:0:
256,0,156397,128,0,157059:2:0:0:0:
109,192,156507,1,0,2:0:0:0:
182,192,156618,1,0,2:0:0:0:
475,192,156618,1,0,2:0:0:0:
329,192,156728,1,0,2:0:0:0:
36,192,156838,1,0,2:0:0:0:
402,192,156838,1,0,2:0:0:0:
475,192,156949,1,0,2:0:0:0:
182,192,157059,1,0,2:0:0:0:
329,192,157059,1,0,2:0:0:0:
109,192,158824,1,0,2:0:0:0:
256,192,158824,1,0,2:0:0:0:
402,192,158824,1,0,2:0:0:0:
182,192,160588,1,0,2:0:0:0:
329,192,160588,1,0,2:0:0:0:
475,192,160588,1,0,2:0:0:0:
36,192,161471,1,0,2:0:0:0:
109,192,161471,1,0,2:0:0:0:
256,192,161471,1,0,2:0:0:0:
182,192,162353,1,0,2:0:0:0:
329,192,162353,1,0,2:0:0:0:
475,192,162353,1,0,2:0:0:0:
402,192,163897,1,0,2:0:0:0:
109,192,164007,1,0,2:0:0:0:
256,192,164118,1,0,2:0:0:0:
475,192,164118,1,0,2:0:0:0:
36,0,164118,128,0,165882:2:0:0:0:
402,192,164779,1,0,2:0:0:0:
182,192,164890,1,0,2:0:0:0:
109,192,165000,1,0,2:0:0:0:
256,192,165000,1,0,2:0:0:0:
475,192,165000,1,0,2:0:0:0:
109,192,165882,1,0,2:0:0:0:
402,192,165882,1,0,2:0:0:0:
329,192,166103,1,0,2:0:0:0:
109,192,166213,1,0,2:0:0:0:
475,192,166213,1,0,2:0:0:0:
402,192,166324,1,0,2:0:0:0:
329,192,166544,1,0,2:0:0:0:
475,192,166654,1,0,2:0:0:0:
402,192,166765,1,0,2:0:0:0:
329,192,166985,1,0,2:0:0:0:
475,192,167096,1,0,2:0:0:0:
402,192,167206,1,0,2:0:0:0:
329,192,167426,1,0,2:0:0:0:
182,192,167463,1,0,2:0:0:0:
475,192,167537,1,0,2:0:0:0:
109,192,167647,1,0,2:0:0:0:
402,192,167647,1,0,2:0:0:0:
329,192,167868,1,0,2:0:0:0:
109,192,167978,1,0,2:0:0:0:
475,192,167978,1,0,2:0:0:0:
402,192,168088,1,0,2:0:0:0:
329,192,168309,1,0,2:0:0:0:
475,192,168419,1,0,2:0:0:0:
402,192,168529,1,0,2:0:0:0:
329,192,168750,1,0,2:0:0:0:
475,192,168860,1,0,2:0:0:0:
402,192,168971,1,0,2:0:0:0:
329,192,169191,1,0,2:0:0:0:
36,192,169228,1,0,2:0:0:0:
475,192,169301,1,0,2:0:0:0:
109,192,169412,1,0,2:0:0:0:
256,192,169412,1,0,2:0:0:0:
402,192,169412,1,0,2:0:0:0:
109,192,169853,1,0,2:0:0:0:
256,192,169853,1,0,2:0:0:0:
402,192,169853,1,0,2:0:0:0:
109,192,170294,1,0,2:0:0:0:
256,192,170294,1,0,2:0:0:0:
402,192,170294,1,0,2:0:0:0:
109,192,170735,1,0,2:0:0:0:
256,192,170735,1,0,2:0:0:0:
402,192,170735,1,0,2:0:0:0:
256,192,171176,1,0,2:0:0:0:
36,0,171176,128,0,172500:2:0:0:0:
475,0,171176,128,0,172500:2:0:0:0:
256,192,171507,1,0,2:0:0:0:
256,192,171838,1,0,2:0:0:0:
109,192,172059,1,0,2:0:0:0:
402,192,172059,1,0,2:0:0:0:
182,192,172500,1,0,2:0:0:0:
256,192,172500,1,0,2:0:0:0:
329,192,172500,1,0,2:0:0:0:
36,0,172941,128,0,173493:2:0:0:0:
256,192,172941,1,0,2:0:0:0:
329,0,172941,128,0,173272:2:0:0:0:
402,192,172941,1,0,2:0:0:0:
475,0,172941,128,0,173493:2:0:0:0:
109,0,173051,128,0,173162:2:0:0:0:
182,0,173162,128,0,173272:2:0:0:0:
256,192,173162,1,0,2:0:0:0:
402,192,173162,1,0,2:0:0:0:
109,0,173272,128,0,173713:2:0:0:0:
182,0,173382,128,0,173493:2:0:0:0:
329,192,173382,1,0,2:0:0:0:
402,0,173382,128,0,173713:2:0:0:0:
256,0,173493,128,0,173603:2:0:0:0:
36,192,173603,1,0,2:0:0:0:
182,0,173603,128,0,173934:2:0:0:0:
329,192,173603,1,0,2:0:0:0:
475,192,173603,1,0,2:0:0:0:
256,0,173713,128,0,173824:2:0:0:0:
36,192,173824,1,0,2:0:0:0:
109,192,173824,1,0,2:0:0:0:
329,0,173824,128,0,173934:2:0:0:0:
402,192,173824,1,0,2:0:0:0:
475,0,173824,128,0,174154:2:0:0:0:
256,0,173934,128,0,174485:2:0:0:0:
36,192,174044,1,0,2:0:0:0:
109,0,174044,128,0,174375:2:0:0:0:
182,192,174044,1,0,2:0:0:0:
329,0,174044,128,0,174154:2:0:0:0:
402,0,174154,128,0,174265:2:0:0:0:
36,0,174265,128,0,174596:2:0:0:0:
182,192,174265,1,0,2:0:0:0:
329,0,174265,128,0,174596:2:0:0:0:
402,0,174375,128,0,174485:2:0:0:0:
109,192,174485,1,0,2:0:0:0:
182,192,174485,1,0,2:0:0:0:
475,0,174485,128,0,174596:2:0:0:0:
402,0,174596,128,0,174706:2:0:0:0:
36,192,174706,1,0,2:0:0:0:
109,0,174706,128,0,175368:2:0:0:0:
256,192,174706,1,0,2:0:0:0:
329,192,174706,1,0,2:0:0:0:
475,0,174706,128,0,175257:2:0:0:0:
402,0,174816,128,0,175147:2:0:0:0:
36,192,174926,1,0,2:0:0:0:
182,192,174926,1,0,2:0:0:0:
329,0,174926,128,0,175037:2:0:0:0:
256,0,175037,128,0,175368:2:0:0:0:
36,192,175147,1,0,2:0:0:0:
182,192,175147,1,0,2:0:0:0:
329,0,175147,128,0,175257:2:0:0:0:
402,0,175257,128,0,175809:2:0:0:0:
36,0,175368,128,0,175478:2:0:0:0:
182,192,175368,1,0,2:0:0:0:
329,0,175368,128,0,175699:2:0:0:0:
475,192,175368,1,0,2:0:0:0:
256,0,175478,128,0,175588:2:0:0:0:
36,0,175588,128,0,176029:2:0:0:0:
109,192,175588,1,0,2:0:0:0:
182,0,175588,128,0,175919:2:0:0:0:
475,192,175588,1,0,2:0:0:0:
256,0,175699,128,0,175809:2:0:0:0:
109,192,175809,1,0,2:0:0:0:
329,0,175809,128,0,176360:2:0:0:0:
475,192,175809,1,0,2:0:0:0:
256,0,175919,128,0,176250:2:0:0:0:
182,0,176029,128,0,176140:2:0:0:0:
402,192,176029,1,0,2:0:0:0:
475,192,176029,1,0,2:0:0:0:
109,0,176140,128,0,176471:2:0:0:0:
402,192,176250,1,0,2:0:0:0:
475,192,176250,1,0,2:0:0:0:
182,0,176250,128,0,176471:2:0:0:0:
36,0,176360,128,0,176471:2:0:0:0:
256,0,176471,128,0,176912:2:0:0:0:
402,192,176471,1,0,2:0:0:0:
475,0,176471,128,0,176691:2:0:0:0:
329,0,176581,128,0,177022:2:0:0:0:
36,192,176691,1,0,2:0:0:0:
109,192,176691,1,0,2:0:0:0:
182,192,176691,1,0,2:0:0:0:
402,0,176691,128,0,177132:2:0:0:0:
475,0,176801,128,0,177243:2:0:0:0:
36,0,176912,128,0,177243:2:0:0:0:
109,192,176912,1,0,2:0:0:0:
182,0,176912,128,0,177353:2:0:0:0:
256,0,177022,128,0,177463:2:0:0:0:
109,192,177132,1,0,2:0:0:0:
329,0,177132,128,0,177574:2:0:0:0:
402,0,177243,128,0,177684:2:0:0:0:
36,192,177353,1,0,2:0:0:0:
109,0,177353,128,0,177794:2:0:0:0:
475,0,177353,128,0,177684:2:0:0:0:
182,0,177463,128,0,177904:2:0:0:0:
36,192,177574,1,0,2:0:0:0:
256,0,177574,128,0,178015:2:0:0:0:
329,0,177684,128,0,178125:2:0:0:0:
36,0,177794,128,0,177904:2:0:0:0:
402,192,177794,1,0,2:0:0:0:
475,0,177794,128,0,178125:2:0:0:0:
109,0,177904,128,0,178015:2:0:0:0:
182,0,178015,128,0,178125:2:0:0:0:
402,192,178015,1,0,2:0:0:0:
256,0,178125,128,0,178235:2:0:0:0:
36,0,178235,128,0,178346:2:0:0:0:
109,192,178235,1,0,2:0:0:0:
329,0,178235,128,0,178787:2:0:0:0:
402,0,178235,128,0,178566:2:0:0:0:
475,192,178235,1,0,2:0:0:0:
182,0,178346,128,0,178787:2:0:0:0:
109,0,178456,128,0,178566:2:0:0:0:
256,192,178456,1,0,2:0:0:0:
475,192,178456,1,0,2:0:0:0:
36,0,178566,128,0,178676:2:0:0:0:
109,0,178676,128,0,178897:2:0:0:0:
475,192,178676,1,0,2:0:0:0:
256,0,178787,128,0,179228:2:0:0:0:
402,0,178787,128,0,179228:2:0:0:0:
36,192,178897,1,0,2:0:0:0:
182,0,178897,128,0,179007:2:0:0:0:
329,192,178897,1,0,2:0:0:0:
475,192,178897,1,0,2:0:0:0:
109,0,179007,128,0,179449:2:0:0:0:
36,192,179118,1,0,2:0:0:0:
182,0,179118,128,0,179338:2:0:0:0:
475,0,179118,128,0,179669:2:0:0:0:
329,0,179228,128,0,179669:2:0:0:0:
36,192,179338,1,0,2:0:0:0:
256,0,179338,128,0,179449:2:0:0:0:
402,192,179338,1,0,2:0:0:0:
182,0,179449,128,0,179890:2:0:0:0:
109,192,179559,1,0,2:0:0:0:
256,0,179559,128,0,179779:2:0:0:0:
36,0,179559,128,0,180000:2:0:0:0:
402,0,179669,128,0,180000:2:0:0:0:
109,192,179779,1,0,2:0:0:0:
329,0,179779,128,0,179890:2:0:0:0:
475,192,179779,1,0,2:0:0:0:
256,0,179890,128,0,180000:2:0:0:0:
182,192,180000,1,0,2:0:0:0:
329,0,180000,128,0,180110:2:0:0:0:
475,0,180000,128,0,180110:2:0:0:0:
109,192,180221,1,0,2:0:0:0:
256,0,180221,128,0,180331:2:0:0:0:
402,0,180221,128,0,180331:2:0:0:0:
36,192,180441,1,0,2:0:0:0:
182,0,180441,128,0,180551:2:0:0:0:
329,0,180441,128,0,180551:2:0:0:0:
475,192,180441,1,0,2:0:0:0:
109,192,180662,1,0,2:0:0:0:
256,0,180662,128,0,181103:2:0:0:0:
475,0,180662,128,0,181103:2:0:0:0:
329,192,180882,1,0,2:0:0:0:
36,192,181103,1,0,2:0:0:0:
182,0,181103,128,0,181213:2:0:0:0:
402,0,181103,128,0,181213:2:0:0:0:
109,0,181324,128,0,181434:2:0:0:0:
329,0,181324,128,0,181434:2:0:0:0:
402,192,181324,1,0,2:0:0:0:
475,192,181324,1,0,2:0:0:0:
182,192,181544,1,0,2:0:0:0:
36,0,181544,128,0,181985:2:0:0:0:
256,0,181544,128,0,181985:2:0:0:0:
475,192,181765,1,0,2:0:0:0:
109,0,181985,128,0,182096:2:0:0:0:
182,192,181985,1,0,2:0:0:0:
329,0,181985,128,0,182096:2:0:0:0:
36,192,182206,1,0,2:0:0:0:
182,0,182206,128,0,182316:2:0:0:0:
256,192,182206,1,0,2:0:0:0:
402,0,182206,128,0,182316:2:0:0:0:
109,192,182426,1,0,2:0:0:0:
256,0,182426,128,0,182537:2:0:0:0:
475,0,182426,128,0,182537:2:0:0:0:
36,192,182647,1,0,2:0:0:0:
182,0,182647,128,0,183088:2:0:0:0:
402,0,182647,128,0,183088:2:0:0:0:
109,192,182868,1,0,2:0:0:0:
329,192,183088,1,0,2:0:0:0:
475,192,183088,1,0,2:0:0:0:
36,192,183309,1,0,2:0:0:0:
109,192,183309,1,0,2:0:0:0:
402,192,183309,1,0,2:0:0:0:
182,192,183419,1,0,2:0:0:0:
256,192,183419,1,0,2:0:0:0:
36,192,183529,1,0,2:0:0:0:
329,0,183529,128,0,183640:2:0:0:0:
475,0,183529,128,0,183640:2:0:0:0:
109,192,183750,1,0,2:0:0:0:
256,0,183750,128,0,183860:2:0:0:0:
402,0,183750,128,0,183860:2:0:0:0:
36,192,183971,1,0,2:0:0:0:
182,0,183971,128,0,184081:2:0:0:0:
329,0,183971,128,0,184081:2:0:0:0:
475,192,183971,1,0,2:0:0:0:
109,192,184191,1,0,2:0:0:0:
256,0,184191,128,0,184632:2:0:0:0:
475,0,184191,128,0,184632:2:0:0:0:
329,192,184412,1,0,2:0:0:0:
36,192,184632,1,0,2:0:0:0:
182,0,184632,128,0,184743:2:0:0:0:
402,0,184632,128,0,184743:2:0:0:0:
109,0,184853,128,0,184963:2:0:0:0:
329,0,184853,128,0,184963:2:0:0:0:
402,192,184853,1,0,2:0:0:0:
475,192,184853,1,0,2:0:0:0:
182,192,185074,1,0,2:0:0:0:
36,0,185074,128,0,185515:2:0:0:0:
256,0,185074,128,0,185515:2:0:0:0:
475,192,185294,1,0,2:0:0:0:
109,0,185515,128,0,185625:2:0:0:0:
182,192,185515,1,0,2:0:0:0:
329,0,185515,128,0,185625:2:0:0:0:
36,192,185735,1,0,2:0:0:0:
182,0,185735,128,0,185846:2:0:0:0:
256,192,185735,1,0,2:0:0:0:
402,0,185735,128,0,185846:2:0:0:0:
109,192,185956,1,0,2:0:0:0:
256,0,185956,128,0,186066:2:0:0:0:
475,0,185956,128,0,186066:2:0:0:0:
36,192,186176,1,0,2:0:0:0:
182,0,186176,128,0,186618:2:0:0:0:
402,0,186176,128,0,186618:2:0:0:0:
109,192,186397,1,0,2:0:0:0:
329,192,186618,1,0,2:0:0:0:
475,192,186618,1,0,2:0:0:0:
36,192,186838,1,0,2:0:0:0:
109,192,186838,1,0,2:0:0:0:
329,192,186838,1,0,2:0:0:0:
256,192,186949,1,0,2:0:0:0:
402,192,186949,1,0,2:0:0:0:
109,192,187059,1,0,2:0:0:0:
182,0,187059,128,0,187390:2:0:0:0:
329,192,187059,1,0,2:0:0:0:
475,0,187059,128,0,187169:2:0:0:0:
402,0,187169,128,0,187279:2:0:0:0:
36,192,187279,1,0,2:0:0:0:
109,0,187279,128,0,187610:2:0:0:0:
256,192,187279,1,0,2:0:0:0:
329,0,187279,128,0,187390:2:0:0:0:
475,192,187279,1,0,2:0:0:0:
402,0,187390,128,0,187500:2:0:0:0:
36,0,187500,128,0,187831:2:0:0:0:
182,192,187500,1,0,2:0:0:0:
256,192,187500,1,0,2:0:0:0:
329,192,187500,1,0,2:0:0:0:
475,0,187500,128,0,187610:2:0:0:0:
402,0,187610,128,0,187721:2:0:0:0:
109,0,187721,128,0,188162:2:0:0:0:
182,192,187721,1,0,2:0:0:0:
256,192,187721,1,0,2:0:0:0:
329,0,187721,128,0,187831:2:0:0:0:
475,192,187721,1,0,2:0:0:0:
402,0,187831,128,0,187941:2:0:0:0:
36,192,187941,1,0,2:0:0:0:
182,192,187941,1,0,2:0:0:0:
256,192,187941,1,0,2:0:0:0:
329,192,187941,1,0,2:0:0:0:
475,192,187941,1,0,2:0:0:0:
36,0,188162,128,0,188272:2:0:0:0:
182,192,188162,1,0,2:0:0:0:
256,192,188162,1,0,2:0:0:0:
329,192,188162,1,0,2:0:0:0:
402,0,188162,128,0,188493:2:0:0:0:
475,192,188162,1,0,2:0:0:0:
109,0,188272,128,0,188382:2:0:0:0:
36,192,188382,1,0,2:0:0:0:
182,0,188382,128,0,188493:2:0:0:0:
256,192,188382,1,0,2:0:0:0:
329,0,188382,128,0,188713:2:0:0:0:
475,192,188382,1,0,2:0:0:0:
109,0,188493,128,0,188603:2:0:0:0:
36,0,188603,128,0,188713:2:0:0:0:
182,192,188603,1,0,2:0:0:0:
402,192,188603,1,0,2:0:0:0:
475,192,188603,1,0,2:0:0:0:
256,0,188603,128,0,189044:2:0:0:0:
109,0,188713,128,0,188824:2:0:0:0:
36,192,188824,1,0,2:0:0:0:
182,192,188824,1,0,2:0:0:0:
36,0,189044,128,0,189154:2:0:0:0:
182,192,189044,1,0,2:0:0:0:
329,192,189044,1,0,2:0:0:0:
402,192,189044,1,0,2:0:0:0:
475,0,189044,128,0,189265:2:0:0:0:
256,192,189265,1,0,2:0:0:0:
329,192,189265,1,0,2:0:0:0:
402,192,189265,1,0,2:0:0:0:
36,192,189485,1,0,2:0:0:0:
475,192,189485,1,0,2:0:0:0:
256,192,189596,1,0,2:0:0:0:
182,192,189706,1,0,2:0:0:0:
256,192,189706,1,0,2:0:0:0:
329,192,189706,1,0,2:0:0:0:
36,192,189926,1,0,2:0:0:0:
475,192,189926,1,0,2:0:0:0:
256,192,190037,1,0,2:0:0:0:
109,192,190147,1,0,2:0:0:0:
182,192,190147,1,0,2:0:0:0:
256,192,190147,1,0,2:0:0:0:
36,192,190368,1,0,2:0:0:0:
475,192,190368,1,0,2:0:0:0:
256,192,190478,1,0,2:0:0:0:
36,0,190588,128,0,190919:2:0:0:0:
109,192,190588,1,0,2:0:0:0:
182,0,190588,128,0,190699:2:0:0:0:
329,0,190588,128,0,190919:2:0:0:0:
402,0,190588,128,0,190919:2:0:0:0:
109,192,190809,1,0,2:0:0:0:
182,0,190809,128,0,190919:2:0:0:0:
109,0,191029,128,0,191360:2:0:0:0:
182,192,191029,1,0,2:0:0:0:
256,0,191029,128,0,191140:2:0:0:0:
402,0,191029,128,0,191360:2:0:0:0:
475,0,191029,128,0,191360:2:0:0:0:
182,192,191250,1,0,2:0:0:0:
256,0,191250,128,0,191360:2:0:0:0:
36,0,191471,128,0,191801:2:0:0:0:
109,0,191471,128,0,191801:2:0:0:0:
256,0,191471,128,0,191801:2:0:0:0:
329,192,191471,1,0,2:0:0:0:
402,0,191471,128,0,191581:2:0:0:0:
329,192,191691,1,0,2:0:0:0:
402,0,191691,128,0,191801:2:0:0:0:
109,0,191912,128,0,192243:2:0:0:0:
182,0,191912,128,0,192243:2:0:0:0:
329,0,191912,128,0,192243:2:0:0:0:
402,192,191912,1,0,2:0:0:0:
475,0,191912,128,0,192022:2:0:0:0:
402,192,192132,1,0,2:0:0:0:
475,0,192132,128,0,192243:2:0:0:0:
36,0,192353,128,0,192684:2:0:0:0:
109,0,192353,128,0,192684:2:0:0:0:
256,0,192353,128,0,192684:2:0:0:0:
329,192,192353,1,0,2:0:0:0:
402,0,192353,128,0,192463:2:0:0:0:
329,192,192574,1,0,2:0:0:0:
402,0,192574,128,0,192684:2:0:0:0:
109,0,192794,128,0,193125:2:0:0:0:
182,0,192794,128,0,193125:2:0:0:0:
329,0,192794,128,0,193125:2:0:0:0:
402,192,192794,1,0,2:0:0:0:
475,0,192794,128,0,192904:2:0:0:0:
402,192,193015,1,0,2:0:0:0:
475,0,193015,128,0,193125:2:0:0:0:
36,192,193235,1,0,2:0:0:0:
109,0,193235,128,0,193346:2:0:0:0:
256,0,193235,128,0,193566:2:0:0:0:
329,0,193235,128,0,193566:2:0:0:0:
475,0,193235,128,0,193566:2:0:0:0:
36,192,193456,1,0,2:0:0:0:
109,0,193456,128,0,193566:2:0:0:0:
36,0,193676,128,0,194007:2:0:0:0:
109,192,193676,1,0,2:0:0:0:
182,0,193676,128,0,193787:2:0:0:0:
329,0,193676,128,0,194007:2:0:0:0:
402,0,193676,128,0,194007:2:0:0:0:
109,192,193897,1,0,2:0:0:0:
182,0,193897,128,0,194007:2:0:0:0:
109,0,194118,128,0,194449:2:0:0:0:
182,0,194118,128,0,194449:2:0:0:0:
329,0,194118,128,0,194449:2:0:0:0:
402,192,194118,1,0,2:0:0:0:
475,0,194118,128,0,194228:2:0:0:0:
402,192,194338,1,0,2:0:0:0:
475,0,194338,128,0,194449:2:0:0:0:
36,0,194559,128,0,194669:2:0:0:0:
182,0,194559,128,0,194890:2:0:0:0:
256,0,194559,128,0,194890:2:0:0:0:
402,0,194559,128,0,194890:2:0:0:0:
475,192,194559,1,0,2:0:0:0:
36,0,194779,128,0,194890:2:0:0:0:
475,192,194779,1,0,2:0:0:0:
36,0,195000,128,0,195331:2:0:0:0:
109,192,195000,1,0,2:0:0:0:
182,0,195000,128,0,195110:2:0:0:0:
329,0,195000,128,0,195331:2:0:0:0:
402,0,195000,128,0,195331:2:0:0:0:
109,192,195221,1,0,2:0:0:0:
182,0,195221,128,0,195331:2:0:0:0:
109,0,195441,128,0,195772:2:0:0:0:
182,192,195441,1,0,2:0:0:0:
256,0,195441,128,0,195551:2:0:0:0:
402,0,195441,128,0,195772:2:0:0:0:
475,0,195441,128,0,195772:2:0:0:0:
182,192,195662,1,0,2:0:0:0:
256,0,195662,128,0,195772:2:0:0:0:
36,0,195882,128,0,196213:2:0:0:0:
109,192,195882,1,0,2:0:0:0:
182,0,195882,128,0,195993:2:0:0:0:
329,0,195882,128,0,196213:2:0:0:0:
402,0,195882,128,0,196213:2:0:0:0:
109,192,196103,1,0,2:0:0:0:
182,0,196103,128,0,196213:2:0:0:0:
109,0,196324,128,0,196654:2:0:0:0:
182,192,196324,1,0,2:0:0:0:
256,0,196324,128,0,196434:2:0:0:0:
402,0,196324,128,0,196654:2:0:0:0:
475,0,196324,128,0,196654:2:0:0:0:
182,192,196544,1,0,2:0:0:0:
256,0,196544,128,0,196654:2:0:0:0:
36,0,196765,128,0,197096:2:0:0:0:
109,0,196765,128,0,197096:2:0:0:0:
256,0,196765,128,0,197096:2:0:0:0:
329,192,196765,1,0,2:0:0:0:
402,0,196765,128,0,196875:2:0:0:0:
329,192,196985,1,0,2:0:0:0:
402,0,196985,128,0,197096:2:0:0:0:
109,0,197206,128,0,197537:2:0:0:0:
182,0,197206,128,0,197537:2:0:0:0:
329,0,197206,128,0,197537:2:0:0:0:
402,192,197206,1,0,2:0:0:0:
475,0,197206,128,0,197316:2:0:0:0:
402,192,197426,1,0,2:0:0:0:
475,0,197426,128,0,197537:2:0:0:0:
36,0,197647,128,0,197978:2:0:0:0:
109,192,197647,1,0,2:0:0:0:
182,0,197647,128,0,197757:2:0:0:0:
329,0,197647,128,0,197978:2:0:0:0:
402,0,197647,128,0,197978:2:0:0:0:
109,192,197868,1,0,2:0:0:0:
182,0,197868,128,0,197978:2:0:0:0:
109,0,198088,128,0,198419:2:0:0:0:
182,192,198088,1,0,2:0:0:0:
256,0,198088,128,0,198199:2:0:0:0:
402,0,198088,128,0,198419:2:0:0:0:
475,0,198088,128,0,198419:2:0:0:0:
182,192,198309,1,0,2:0:0:0:
256,0,198309,128,0,198419:2:0:0:0:
36,0,198529,128,0,198860:2:0:0:0:
109,0,198529,128,0,198860:2:0:0:0:
256,0,198529,128,0,198860:2:0:0:0:
329,192,198529,1,0,2:0:0:0:
402,0,198529,128,0,198640:2:0:0:0:
329,192,198750,1,0,2:0:0:0:
402,0,198750,128,0,198860:2:0:0:0:
109,0,198971,128,0,199301:2:0:0:0:
182,0,198971,128,0,199301:2:0:0:0:
329,0,198971,128,0,199301:2:0:0:0:
402,192,198971,1,0,2:0:0:0:
475,0,198971,128,0,199081:2:0:0:0:
402,192,199191,1,0,2:0:0:0:
475,0,199191,128,0,199301:2:0:0:0:
36,0,199412,128,0,199743:2:0:0:0:
109,0,199412,128,0,199743:2:0:0:0:
256,0,199412,128,0,199743:2:0:0:0:
329,192,199412,1,0,2:0:0:0:
402,0,199412,128,0,199522:2:0:0:0:
329,192,199632,1,0,2:0:0:0:
402,0,199632,128,0,199743:2:0:0:0:
109,0,199853,128,0,200184:2:0:0:0:
182,0,199853,128,0,200184:2:0:0:0:
329,0,199853,128,0,200184:2:0:0:0:
402,192,199853,1,0,2:0:0:0:
475,0,199853,128,0,199963:2:0:0:0:
402,192,200074,1,0,2:0:0:0:
475,0,200074,128,0,200184:2:0:0:0:
36,192,200294,1,0,2:0:0:0:
109,0,200294,128,0,200404:2:0:0:0:
256,0,200294,128,0,200625:2:0:0:0:
329,0,200294,128,0,200625:2:0:0:0:
475,0,200294,128,0,200625:2:0:0:0:
36,192,200515,1,0,2:0:0:0:
109,0,200515,128,0,200625:2:0:0:0:
36,0,200735,128,0,201066:2:0:0:0:
109,192,200735,1,0,2:0:0:0:
182,0,200735,128,0,200846:2:0:0:0:
329,0,200735,128,0,201066:2:0:0:0:
402,0,200735,128,0,201066:2:0:0:0:
109,192,200956,1,0,2:0:0:0:
182,0,200956,128,0,201066:2:0:0:0:
109,0,201176,128,0,201507:2:0:0:0:
182,0,201176,128,0,201507:2:0:0:0:
329,0,201176,128,0,201507:2:0:0:0:
402,192,201176,1,0,2:0:0:0:
475,0,201176,128,0,201287:2:0:0:0:
402,192,201397,1,0,2:0:0:0:
475,0,201397,128,0,201507:2:0:0:0:
36,0,201618,128,0,201728:2:0:0:0:
182,0,201618,128,0,201949:2:0:0:0:
256,0,201618,128,0,201949:2:0:0:0:
402,0,201618,128,0,201949:2:0:0:0:
475,192,201618,1,0,2:0:0:0:
36,0,201838,128,0,201949:2:0:0:0:
475,192,201838,1,0,2:0:0:0:
36,0,202059,128,0,202390:2:0:0:0:
109,192,202059,1,0,2:0:0:0:
182,0,202059,128,0,202169:2:0:0:0:
329,0,202059,128,0,202390:2:0:0:0:
402,0,202059,128,0,202390:2:0:0:0:
109,192,202279,1,0,2:0:0:0:
182,0,202279,128,0,202390:2:0:0:0:
109,0,202500,128,0,202831:2:0:0:0:
182,192,202500,1,0,2:0:0:0:
256,0,202500,128,0,202610:2:0:0:0:
402,0,202500,128,0,202831:2:0:0:0:
475,0,202500,128,0,202831:2:0:0:0:
182,192,202721,1,0,2:0:0:0:
256,0,202721,128,0,202831:2:0:0:0:
36,0,202941,128,0,203272:2:0:0:0:
109,192,202941,1,0,2:0:0:0:
182,0,202941,128,0,203051:2:0:0:0:
329,0,202941,128,0,203272:2:0:0:0:
402,0,202941,128,0,203272:2:0:0:0:
109,192,203162,1,0,2:0:0:0:
182,0,203162,128,0,203272:2:0:0:0:
109,0,203382,128,0,203713:2:0:0:0:
182,192,203382,1,0,2:0:0:0:
256,0,203382,128,0,203493:2:0:0:0:
402,0,203382,128,0,203713:2:0:0:0:
475,0,203382,128,0,203713:2:0:0:0:
182,192,203603,1,0,2:0:0:0:
256,0,203603,128,0,203713:2:0:0:0:
36,0,203824,128,0,204154:2:0:0:0:
109,0,203824,128,0,204154:2:0:0:0:
256,0,203824,128,0,204154:2:0:0:0:
329,192,203824,1,0,2:0:0:0:
402,0,203824,128,0,203934:2:0:0:0:
329,192,204044,1,0,2:0:0:0:
402,0,204044,128,0,204154:2:0:0:0:
109,0,204265,128,0,204596:2:0:0:0:
182,0,204265,128,0,204596:2:0:0:0:
329,0,204265,128,0,204596:2:0:0:0:
402,192,204265,1,0,2:0:0:0:
475,0,204265,128,0,204375:2:0:0:0:
402,192,204485,1,0,2:0:0:0:
475,0,204485,128,0,204596:2:0:0:0:
256,0,204706,128,0,208235:2:0:0:0:
