[Metadata]
werewolf howls.
かめりあ
ookami
sound voltex touhou zun camellia
71
0.121

[TimingPoints]
0,270.27027027027,4,2,2,100,1,0
15135,540.540540540541,4,2,2,100,1,0
15270,270.27027027027,4,2,2,100,1,0
15338,135.135135135135,4,2,2,100,1,0
15405,270.27027027027,4,2,2,100,1,0
15676,540.540540540541,4,2,2,100,1,0
15811,270.27027027027,4,2,2,100,1,0
15878,135.135135135135,4,2,2,100,1,0
15946,270.27027027027,4,2,2,100,1,0
16216,540.540540540541,4,2,2,100,1,0
16351,270.27027027027,4,2,2,100,1,0
16419,135.135135135135,4,2,2,100,1,0
16486,270.27027027027,4,2,2,100,1,0
16757,540.540540540541,4,2,2,100,1,0
16824,270.27027027027,4,2,2,100,1,0
16858,135.135135135135,4,2,2,100,1,0
16892,270.27027027027,4,2,2,100,1,0
30541,135.135135135135,4,2,2,100,1,0
30608,270.27027027027,4,2,2,100,1,0
30676,540.540540540541,4,2,2,100,1,0
30811,270.27027027027,4,2,2,100,1,0
34595,540.540540540541,4,2,2,100,1,0
34730,270.27027027027,4,2,2,100,1,0
34797,135.135135135135,4,2,2,100,1,0
34865,540.540540540541,4,2,2,100,1,0
35000,270.27027027027,4,2,2,100,1,0
35068,135.135135135135,4,2,2,100,1,0
35135,540.540540540541,4,2,2,100,1,0
35270,270.27027027027,4,2,2,100,1,0
35338,135.135135135135,4,2,2,100,1,0
35405,540.540540540541,4,2,2,100,1,0
35541,270.27027027027,4,2,2,100,1,0
35608,135.135135135135,4,2,2,100,1,0
35676,540.540540540541,4,2,2,100,1,0
35811,270.27027027027,4,2,2,100,1,0
35878,135.135135135135,4,2,2,100,1,0
35946,540.540540540541,4,2,2,100,1,0
36081,270.27027027027,4,2,2,100,1,0
36149,135.135135135135,4,2,2,100,1,0
36216,540.540540540541,4,2,2,100,1,0
36351,270.27027027027,4,2,2,100,1,0
36419,135.135135135135,4,2,2,100,1,0
36486,540.540540540541,4,2,2,100,1,0
36622,270.27027027027,4,2,2,100,1,0
36689,135.135135135135,4,2,2,100,1,0
36757,270.27027027027,4,2,2,100,1,0
45135,540.540540540541,4,2,2,100,1,0
45270,270.27027027027,4,2,2,100,1,0
45338,135.135135135135,4,2,2,100,1,0
45405,2162.16216216216,4,2,2,100,1,0
49730,1081.08108108108,4,2,2,100,1,0
52432,540.540540540541,4,2,2,100,1,0
53514,360.36036036036,4,2,2,100,1,0
54054,270.27027027027,4,2,2,100,1,0
62703,540.540540540541,4,2,2,100,1,0
62838,270.27027027027,4,2,2,100,1,0
62905,135.135135135135,4,2,2,100,1,0
62973,270.27027027027,4,2,2,100,1,0
64865,540.540540540541,4,2,2,100,1,0
65000,270.27027027027,4,2,2,100,1,0
65068,135.135135135135,4,2,2,100,1,0
65135,270.27027027027,4,2,2,100,1,0
67027,540.540540540541,4,2,2,100,1,0
67162,270.27027027027,4,2,2,100,1,0
67230,135.135135135135,4,2,2,100,1,0
67297,270.27027027027,4,2,2,100,1,0
68108,540.540540540541,4,2,2,100,1,0
68243,270.27027027027,4,2,2,100,1,0
68311,135.135135135135,4,2,2,100,1,0
68378,270.27027027027,4,2,2,100,1,0
69189,540.540540540541,4,2,2,100,1,0
69324,270.27027027027,4,2,2,100,1,0
69392,135.135135135135,4,2,2,100,1,0
69459,270.27027027027,4,2,2,100,1,0
69595,540.540540540541,4,2,2,100,1,0
69730,270.27027027027,4,2,2,100,1,0
69797,135.135135135135,4,2,2,100,1,0
69865,540.540540540541,4,2,2,100,1,0
70000,270.27027027027,4,2,2,100,1,0
70068,135.135135135135,4,2,2,100,1,0
70135,270.27027027027,4,2,2,100,1,0
71351,2162.16216216216,4,2,2,100,1,0
75676,1081.08108108108,4,2,2,100,1,0
77838,540.540540540541,4,2,2,100,1,0
78108,360.36036036036,4,2,2,100,1,0
78378,270.27027027027,4,2,2,100,1,0
78649,180.18018018018,4,2,2,100,1,0
78919,270.27027027027,4,2,2,100,1,0
78986,135.135135135135,4,2,2,100,1,0
79122,270.27027027027,4,2,2,100,1,0
79257,540.540540540541,4,2,2,100,1,0
79527,270.27027027027,4,2,2,100,1,0
106014,540.540540540541,4,2,2,100,1,0
106149,135.135135135135,4,2,2,100,1,0
106216,540.540540540541,4,2,2,100,1,0
106351,135.135135135135,4,2,2,100,1,0
106419,540.540540540541,4,2,2,100,1,0
106554,135.135135135135,4,2,2,100,1,0
106622,270.27027027027,4,2,2,100,1,0
107095,540.540540540541,4,2,2,100,1,0
107230,135.135135135135,4,2,2,100,1,0
107297,540.540540540541,4,2,2,100,1,0
107432,135.135135135135,4,2,2,100,1,0
107500,405.405405405405,4,2,2,100,1,0
107601,135.135135135135,4,2,2,100,1,0
107635,270.27027027027,4,2,2,100,1,0
107770,540.540540540541,4,2,2,100,1,0
107905,135.135135135135,4,2,2,100,1,0
107973,540.540540540541,4,2,2,100,1,0
108108,135.135135135135,4,2,2,100,1,0
108176,540.540540540541,4,2,2,100,1,0
108311,135.135135135135,4,2,2,100,1,0
108378,540.540540540541,4,2,2,100,1,0
108514,135.135135135135,4,2,2,100,1,0
108581,540.540540540541,4,2,2,100,1,0
108716,135.135135135135,4,2,2,100,1,0
108784,270.27027027027,4,2,2,100,1,0
110338,540.540540540541,4,2,2,100,1,0
110473,135.135135135135,4,2,2,100,1,0
110541,540.540540540541,4,2,2,100,1,0
110676,135.135135135135,4,2,2,100,1,0
110743,540.540540540541,4,2,2,100,1,0
110878,135.135135135135,4,2,2,100,1,0
110946,270.27027027027,4,2,2,100,1,0
111419,540.540540540541,4,2,2,100,1,0
111554,135.135135135135,4,2,2,100,1,0
111622,540.540540540541,4,2,2,100,1,0
111757,135.135135135135,4,2,2,100,1,0
111824,405.405405405405,4,2,2,100,1,0
111926,135.135135135135,4,2,2,100,1,0
111959,270.27027027027,4,2,2,100,1,0
112095,540.540540540541,4,2,2,100,1,0
112230,135.135135135135,4,2,2,100,1,0
112297,540.540540540541,4,2,2,100,1,0
112432,135.135135135135,4,2,2,100,1,0
112500,540.540540540541,4,2,2,100,1,0
112635,135.135135135135,4,2,2,100,1,0
112703,540.540540540541,4,2,2,100,1,0
112838,135.135135135135,4,2,2,100,1,0
112905,405.405405405405,4,2,2,100,1,0
113007,135.135135135135,4,2,2,100,1,0
113041,540.540540540541,4,2,2,100,1,0
113176,135.135135135135,4,2,2,100,1,0
113243,540.540540540541,4,2,2,100,1,0
113378,135.135135135135,4,2,2,100,1,0
113446,405.405405405405,4,2,2,100,1,0
113547,135.135135135135,4,2,2,100,1,0
113581,405.405405405405,4,2,2,100,1,0
113682,135.135135135135,4,2,2,100,1,0
113716,405.405405405405,4,2,2,100,1,0
113818,135.135135135135,4,2,2,100,1,0
113851,216.216216216216,4,2,2,100,1,0
114122,180.18018018018,4,2,2,100,1,0
114257,135.135135135135,4,2,2,100,1,0
114392,60.0600600600601,4,2,2,100,1,0
115353,60.0600600600601,4,2,2,100,1,0
115593,8648.64864864865,4,2,2,100,1,0
117755,0.91552734375,4,2,2,100,1,0


[HitObjects]
475,0,1621,128,0,3243:0:0:0:0:
109,0,2162,128,0,2297:0:0:0:0:
329,192,2162,1,0,0:0:0:0:
402,192,2162,1,0,0:0:0:0:
36,0,2297,128,0,2432:0:0:0:0:
182,0,2432,128,0,2567:0:0:0:0:
109,0,2567,128,0,2702:0:0:0:0:
256,0,2702,128,0,2837:0:0:0:0:
182,0,2837,128,0,2972:0:0:0:0:
402,0,2972,128,0,3108:0:0:0:0:
256,0,2972,128,0,9729:0:0:0:0:
329,0,3108,128,0,3243:0:0:0:0:
109,192,3243,1,0,0:0:0:0:
402,0,3243,128,0,3378:0:0:0:0:
475,0,3378,128,0,3513:0:0:0:0:
329,0,3513,128,0,3648:0:0:0:0:
402,0,3648,128,0,3783:0:0:0:0:
182,0,3783,128,0,3918:0:0:0:0:
329,0,3918,128,0,4054:0:0:0:0:
109,0,4054,128,0,4189:0:0:0:0:
182,0,4189,128,0,4324:0:0:0:0:
109,0,4324,128,0,4459:0:0:0:0:
36,0,4459,128,0,4594:0:0:0:0:
182,0,4594,128,0,4729:0:0:0:0:
109,0,4729,128,0,4864:0:0:0:0:
329,0,4864,128,0,4999:0:0:0:0:
182,0,4999,128,0,5135:0:0:0:0:
402,0,5135,128,0,5270:0:0:0:0:
329,0,5270,128,0,5405:0:0:0:0:
109,192,5405,1,0,0:0:0:0:
402,0,5405,128,0,5540:0:0:0:0:
475,0,5540,128,0,5675:0:0:0:0:
329,0,5675,128,0,5810:0:0:0:0:
402,0,5810,128,0,5945:0:0:0:0:
109,0,5945,128,0,6081:0:0:0:0:
182,0,6081,128,0,6216:0:0:0:0:
36,0,6216,128,0,6351:0:0:0:0:
109,0,6351,128,0,6486:0:0:0:0:
36,192,6486,1,0,0:0:0:0:
475,0,6486,128,0,6621:0:0:0:0:
109,192,6554,1,0,0:0:0:0:
182,192,6621,1,0,0:0:0:0:
329,0,6621,128,0,6756:0:0:0:0:
36,0,6756,128,0,6891:0:0:0:0:
475,192,6756,1,0,0:0:0:0:
402,192,6824,1,0,0:0:0:0:
109,0,6891,128,0,7027:0:0:0:0:
329,192,6891,1,0,0:0:0:0:
182,192,7027,1,0,0:0:0:0:
402,0,7027,128,0,7162:0:0:0:0:
109,192,7094,1,0,0:0:0:0:
36,192,7162,1,0,0:0:0:0:
475,0,7162,128,0,7297:0:0:0:0:
182,0,7297,128,0,7432:0:0:0:0:
329,192,7297,1,0,0:0:0:0:
402,192,7364,1,0,0:0:0:0:
475,192,7432,1,0,0:0:0:0:
36,0,7432,128,0,7567:0:0:0:0:
182,192,7567,1,0,0:0:0:0:
329,0,7567,128,0,7702:0:0:0:0:
402,192,7567,1,0,0:0:0:0:
475,192,7567,1,0,0:0:0:0:
109,192,7635,1,0,0:0:0:0:
36,192,7702,1,0,0:0:0:0:
402,0,7702,128,0,7837:0:0:0:0:
182,0,7837,128,0,7972:0:0:0:0:
475,192,7837,1,0,0:0:0:0:
402,192,7905,1,0,0:0:0:0:
109,0,7972,128,0,8108:0:0:0:0:
329,192,7972,1,0,0:0:0:0:
36,192,8108,1,0,0:0:0:0:
402,0,8108,128,0,8243:0:0:0:0:
109,192,8175,1,0,0:0:0:0:
182,192,8243,1,0,0:0:0:0:
475,0,8243,128,0,8378:0:0:0:0:
109,0,8378,128,0,8513:0:0:0:0:
329,192,8378,1,0,0:0:0:0:
402,192,8445,1,0,0:0:0:0:
475,192,8513,1,0,0:0:0:0:
36,0,8513,128,0,8648:0:0:0:0:
182,192,8648,1,0,0:0:0:0:
329,0,8648,128,0,8783:0:0:0:0:
109,192,8716,1,0,0:0:0:0:
182,192,8783,1,0,0:0:0:0:
402,0,8783,128,0,8918:0:0:0:0:
109,0,8918,128,0,9054:0:0:0:0:
329,192,8918,1,0,0:0:0:0:
402,192,8986,1,0,0:0:0:0:
36,0,9054,128,0,9189:0:0:0:0:
329,192,9054,1,0,0:0:0:0:
109,192,9189,1,0,0:0:0:0:
402,0,9189,128,0,9324:0:0:0:0:
36,192,9256,1,0,0:0:0:0:
109,192,9324,1,0,0:0:0:0:
475,0,9324,128,0,9459:0:0:0:0:
182,0,9459,128,0,9594:0:0:0:0:
402,192,9459,1,0,0:0:0:0:
475,192,9527,1,0,0:0:0:0:
402,192,9594,1,0,0:0:0:0:
109,0,9594,128,0,9729:0:0:0:0:
36,192,9729,1,0,0:0:0:0:
182,192,9729,1,0,0:0:0:0:
329,192,9729,1,0,0:0:0:0:
475,192,9729,1,0,0:0:0:0:
109,192,9864,1,0,0:0:0:0:
256,192,9864,1,0,0:0:0:0:
402,192,9864,1,0,0:0:0:0:
109,192,9932,1,0,0:0:0:0:
256,192,9932,1,0,0:0:0:0:
402,192,9932,1,0,0:0:0:0:
36,0,10135,128,0,10270:0:0:0:0:
182,0,10135,128,0,10270:0:0:0:0:
329,0,10135,128,0,10270:0:0:0:0:
475,0,10135,128,0,10270:0:0:0:0:
109,192,10270,1,0,0:0:0:0:
256,192,10270,1,0,0:0:0:0:
256,192,10405,1,0,0:0:0:0:
329,192,10405,1,0,0:0:0:0:
402,192,10405,1,0,0:0:0:0:
256,192,10472,1,0,0:0:0:0:
36,192,10540,1,0,0:0:0:0:
182,192,10540,1,0,0:0:0:0:
329,192,10540,1,0,0:0:0:0:
475,192,10540,1,0,0:0:0:0:
36,192,10675,1,0,0:0:0:0:
109,192,10675,1,0,0:0:0:0:
256,192,10675,1,0,0:0:0:0:
402,192,10675,1,0,0:0:0:0:
475,192,10675,1,0,0:0:0:0:
36,192,10810,1,0,0:0:0:0:
109,192,10810,1,0,0:0:0:0:
182,192,10810,1,0,0:0:0:0:
329,192,10810,1,0,0:0:0:0:
402,192,10810,1,0,0:0:0:0:
475,192,10810,1,0,0:0:0:0:
36,192,11891,1,0,0:0:0:0:
109,192,11891,1,0,0:0:0:0:
182,192,11891,1,0,0:0:0:0:
256,192,11891,1,0,0:0:0:0:
36,192,12027,1,0,0:0:0:0:
109,192,12027,1,0,0:0:0:0:
182,192,12027,1,0,0:0:0:0:
36,192,12162,1,0,0:0:0:0:
109,192,12162,1,0,0:0:0:0:
36,192,12297,1,0,0:0:0:0:
475,192,12432,1,0,0:0:0:0:
402,192,12567,1,0,0:0:0:0:
475,192,12567,1,0,0:0:0:0:
329,192,12702,1,0,0:0:0:0:
402,192,12702,1,0,0:0:0:0:
475,192,12702,1,0,0:0:0:0:
256,192,12837,1,0,0:0:0:0:
329,192,12837,1,0,0:0:0:0:
402,192,12837,1,0,0:0:0:0:
475,192,12837,1,0,0:0:0:0:
109,0,12972,128,0,13243:0:0:0:0:
182,192,12972,1,0,0:0:0:0:
256,192,12972,1,0,0:0:0:0:
329,192,12972,1,0,0:0:0:0:
402,0,12972,128,0,13243:0:0:0:0:
36,192,13243,1,0,0:0:0:0:
182,192,13243,1,0,0:0:0:0:
329,192,13243,1,0,0:0:0:0:
475,192,13243,1,0,0:0:0:0:
36,192,14594,1,0,0:0:0:0:
182,192,14594,1,0,0:0:0:0:
329,192,14594,1,0,0:0:0:0:
475,192,14594,1,0,0:0:0:0:
36,192,14684,1,0,0:0:0:0:
182,192,14684,1,0,0:0:0:0:
329,192,14684,1,0,0:0:0:0:
475,192,14684,1,0,0:0:0:0:
36,192,14774,1,0,0:0:0:0:
182,192,14774,1,0,0:0:0:0:
329,192,14774,1,0,0:0:0:0:
475,192,14774,1,0,0:0:0:0:
36,192,14864,1,0,0:0:0:0:
182,192,14864,1,0,0:0:0:0:
329,192,14864,1,0,0:0:0:0:
475,192,14864,1,0,0:0:0:0:
36,0,15135,128,0,15405:0:0:0:0:
109,192,15405,1,0,0:0:0:0:
182,192,15405,1,0,0:0:0:0:
256,192,15405,1,0,0:0:0:0:
329,192,15405,1,0,0:0:0:0:
402,192,15405,1,0,0:0:0:0:
475,192,15405,1,0,0:0:0:0:
475,0,15675,128,0,15945:0:0:0:0:
36,192,15945,1,0,0:0:0:0:
109,192,15945,1,0,0:0:0:0:
182,192,15945,1,0,0:0:0:0:
256,192,15945,1,0,0:0:0:0:
329,192,15945,1,0,0:0:0:0:
402,192,15945,1,0,0:0:0:0:
256,0,16216,128,0,16486:0:0:0:0:
36,192,16486,1,0,0:0:0:0:
109,192,16486,1,0,0:0:0:0:
182,192,16486,1,0,0:0:0:0:
329,192,16486,1,0,0:0:0:0:
402,192,16486,1,0,0:0:0:0:
475,192,16486,1,0,0:0:0:0:
109,0,16756,128,0,16891:0:0:0:0:
402,0,16756,128,0,16891:0:0:0:0:
182,192,16891,1,0,0:0:0:0:
256,192,16891,1,0,0:0:0:0:
329,192,16891,1,0,0:0:0:0:
36,192,17027,1,0,0:0:0:0:
109,192,17027,1,0,0:0:0:0:
182,192,17027,1,0,0:0:0:0:
329,192,17027,1,0,0:0:0:0:
402,192,17027,1,0,0:0:0:0:
475,192,17027,1,0,0:0:0:0:
36,0,17297,128,0,17432:0:0:0:0:
109,0,17297,128,0,17432:0:0:0:0:
182,192,17297,1,0,0:0:0:0:
256,192,17432,1,0,0:0:0:0:
329,192,17567,1,0,0:0:0:0:
402,0,17567,128,0,17702:0:0:0:0:
475,0,17567,128,0,17702:0:0:0:0:
256,192,17702,1,0,0:0:0:0:
36,192,17837,1,0,0:0:0:0:
109,192,17837,1,0,0:0:0:0:
182,192,17837,1,0,0:0:0:0:
256,192,17837,1,0,0:0:0:0:
329,192,17905,1,0,0:0:0:0:
402,192,17905,1,0,0:0:0:0:
475,192,17905,1,0,0:0:0:0:
36,192,17973,1,0,0:0:0:0:
109,192,17973,1,0,0:0:0:0:
182,192,17973,1,0,0:0:0:0:
256,192,17973,1,0,0:0:0:0:
329,192,18040,1,0,0:0:0:0:
402,192,18040,1,0,0:0:0:0:
475,192,18040,1,0,0:0:0:0:
36,192,18108,1,0,0:0:0:0:
109,192,18108,1,0,0:0:0:0:
182,192,18108,1,0,0:0:0:0:
256,192,18175,1,0,0:0:0:0:
329,192,18175,1,0,0:0:0:0:
402,192,18175,1,0,0:0:0:0:
475,192,18175,1,0,0:0:0:0:
36,192,18243,1,0,0:0:0:0:
109,192,18243,1,0,0:0:0:0:
182,192,18243,1,0,0:0:0:0:
256,192,18310,1,0,0:0:0:0:
329,192,18310,1,0,0:0:0:0:
402,192,18310,1,0,0:0:0:0:
475,192,18310,1,0,0:0:0:0:
109,192,18378,1,0,0:0:0:0:
109,0,18513,128,0,19121:0:0:0:0:
402,192,18648,1,0,0:0:0:0:
402,0,18783,128,0,19121:0:0:0:0:
256,0,18919,128,0,19121:0:0:0:0:
109,192,19189,1,0,0:0:0:0:
256,192,19189,1,0,0:0:0:0:
402,192,19189,1,0,0:0:0:0:
109,192,19324,1,0,0:0:0:0:
256,192,19324,1,0,0:0:0:0:
402,192,19324,1,0,0:0:0:0:
36,0,19459,128,0,19594:0:0:0:0:
182,0,19459,128,0,19594:0:0:0:0:
329,192,19459,1,0,0:0:0:0:
402,192,19459,1,0,0:0:0:0:
475,192,19459,1,0,0:0:0:0:
109,192,19594,1,0,0:0:0:0:
475,192,19594,1,0,0:0:0:0:
36,192,19729,1,0,0:0:0:0:
109,192,19729,1,0,0:0:0:0:
182,192,19729,1,0,0:0:0:0:
256,192,19729,1,0,0:0:0:0:
329,0,19729,128,0,19864:0:0:0:0:
475,0,19729,128,0,19864:0:0:0:0:
36,192,20000,1,0,0:0:0:0:
109,0,20000,128,0,20135:0:0:0:0:
256,0,20000,128,0,20135:0:0:0:0:
329,192,20000,1,0,0:0:0:0:
475,192,20000,1,0,0:0:0:0:
36,0,20270,128,0,20405:0:0:0:0:
182,0,20270,128,0,20405:0:0:0:0:
256,192,20270,1,0,0:0:0:0:
329,192,20270,1,0,0:0:0:0:
402,192,20270,1,0,0:0:0:0:
36,192,20540,1,0,0:0:0:0:
109,192,20540,1,0,0:0:0:0:
182,192,20540,1,0,0:0:0:0:
329,0,20540,128,0,20675:0:0:0:0:
402,0,20540,128,0,20675:0:0:0:0:
475,192,20540,1,0,0:0:0:0:
182,192,20675,1,0,0:0:0:0:
256,192,20675,1,0,0:0:0:0:
36,192,20810,1,0,0:0:0:0:
109,0,20810,128,0,20946:0:0:0:0:
182,0,20810,128,0,20946:0:0:0:0:
329,192,20810,1,0,0:0:0:0:
402,192,20810,1,0,0:0:0:0:
475,192,20810,1,0,0:0:0:0:
109,192,21081,1,0,0:0:0:0:
182,192,21081,1,0,0:0:0:0:
256,0,21081,128,0,21216:0:0:0:0:
329,0,21081,128,0,21216:0:0:0:0:
402,192,21081,1,0,0:0:0:0:
475,192,21081,1,0,0:0:0:0:
36,0,21351,128,0,21486:0:0:0:0:
109,0,21351,128,0,21486:0:0:0:0:
182,192,21351,1,0,0:0:0:0:
256,192,21351,1,0,0:0:0:0:
329,192,21351,1,0,0:0:0:0:
475,192,21351,1,0,0:0:0:0:
36,0,21621,128,0,21756:0:0:0:0:
182,0,21621,128,0,21756:0:0:0:0:
329,192,21621,1,0,0:0:0:0:
402,192,21621,1,0,0:0:0:0:
475,192,21621,1,0,0:0:0:0:
109,192,21756,1,0,0:0:0:0:
475,192,21756,1,0,0:0:0:0:
36,192,21891,1,0,0:0:0:0:
109,192,21891,1,0,0:0:0:0:
182,192,21891,1,0,0:0:0:0:
329,0,21891,128,0,22027:0:0:0:0:
402,192,21891,1,0,0:0:0:0:
475,0,21891,128,0,22027:0:0:0:0:
109,192,22162,1,0,0:0:0:0:
182,192,22162,1,0,0:0:0:0:
256,0,22162,128,0,22297:0:0:0:0:
329,192,22162,1,0,0:0:0:0:
402,0,22162,128,0,22297:0:0:0:0:
475,192,22162,1,0,0:0:0:0:
36,192,22432,1,0,0:0:0:0:
109,0,22432,128,0,22567:0:0:0:0:
182,192,22432,1,0,0:0:0:0:
256,0,22432,128,0,22567:0:0:0:0:
329,192,22432,1,0,0:0:0:0:
402,192,22432,1,0,0:0:0:0:
36,192,22702,1,0,0:0:0:0:
109,192,22702,1,0,0:0:0:0:
182,0,22702,128,0,22837:0:0:0:0:
329,0,22702,128,0,22837:0:0:0:0:
402,192,22702,1,0,0:0:0:0:
36,192,22837,1,0,0:0:0:0:
256,192,22837,1,0,0:0:0:0:
36,0,22973,128,0,23108:0:0:0:0:
109,192,22973,1,0,0:0:0:0:
182,0,22973,128,0,23108:0:0:0:0:
329,192,22973,1,0,0:0:0:0:
402,192,22973,1,0,0:0:0:0:
475,192,22973,1,0,0:0:0:0:
36,192,23243,1,0,0:0:0:0:
182,192,23243,1,0,0:0:0:0:
256,192,23243,1,0,0:0:0:0:
329,0,23243,128,0,23378:0:0:0:0:
402,192,23243,1,0,0:0:0:0:
475,0,23243,128,0,23378:0:0:0:0:
256,192,23446,1,0,0:0:0:0:
36,192,23513,1,0,0:0:0:0:
182,0,23513,128,0,23648:0:0:0:0:
329,0,23513,128,0,23648:0:0:0:0:
475,192,23513,1,0,0:0:0:0:
182,192,23716,1,0,0:0:0:0:
329,192,23716,1,0,0:0:0:0:
36,0,23783,128,0,23919:0:0:0:0:
109,0,23783,128,0,23919:0:0:0:0:
256,192,23783,1,0,0:0:0:0:
402,192,23783,1,0,0:0:0:0:
329,192,23851,1,0,0:0:0:0:
475,192,23851,1,0,0:0:0:0:
182,192,23919,1,0,0:0:0:0:
402,192,23919,1,0,0:0:0:0:
36,192,24054,1,0,0:0:0:0:
109,192,24054,1,0,0:0:0:0:
256,192,24054,1,0,0:0:0:0:
402,0,24054,128,0,24189:0:0:0:0:
475,0,24054,128,0,24189:0:0:0:0:
329,192,24189,1,0,0:0:0:0:
36,192,24324,1,0,0:0:0:0:
109,192,24324,1,0,0:0:0:0:
256,0,24324,128,0,24459:0:0:0:0:
329,0,24324,128,0,24459:0:0:0:0:
475,192,24324,1,0,0:0:0:0:
182,192,24459,1,0,0:0:0:0:
109,0,24594,128,0,24729:0:0:0:0:
182,0,24594,128,0,24729:0:0:0:0:
329,192,24594,1,0,0:0:0:0:
402,192,24594,1,0,0:0:0:0:
475,192,24594,1,0,0:0:0:0:
256,192,24729,1,0,0:0:0:0:
36,192,24864,1,0,0:0:0:0:
109,192,24864,1,0,0:0:0:0:
182,192,24864,1,0,0:0:0:0:
329,0,24864,128,0,25000:0:0:0:0:
402,0,24864,128,0,25000:0:0:0:0:
256,192,25000,1,0,0:0:0:0:
475,192,25000,1,0,0:0:0:0:
36,192,25135,1,0,0:0:0:0:
109,192,25135,1,0,0:0:0:0:
182,0,25135,128,0,25270:0:0:0:0:
256,0,25135,128,0,25270:0:0:0:0:
402,192,25135,1,0,0:0:0:0:
329,192,25270,1,0,0:0:0:0:
36,0,25405,128,0,25540:0:0:0:0:
109,0,25405,128,0,25540:0:0:0:0:
256,192,25405,1,0,0:0:0:0:
329,192,25405,1,0,0:0:0:0:
475,192,25405,1,0,0:0:0:0:
402,192,25540,1,0,0:0:0:0:
36,192,25675,1,0,0:0:0:0:
182,192,25675,1,0,0:0:0:0:
256,192,25675,1,0,0:0:0:0:
402,0,25675,128,0,25810:0:0:0:0:
475,0,25675,128,0,25810:0:0:0:0:
109,192,25810,1,0,0:0:0:0:
36,0,25946,128,0,26081:0:0:0:0:
256,0,25946,128,0,26081:0:0:0:0:
329,192,25946,1,0,0:0:0:0:
402,192,25946,1,0,0:0:0:0:
475,192,25946,1,0,0:0:0:0:
109,192,26081,1,0,0:0:0:0:
182,192,26081,1,0,0:0:0:0:
36,192,26216,1,0,0:0:0:0:
109,192,26216,1,0,0:0:0:0:
256,0,26216,128,0,26351:0:0:0:0:
329,192,26216,1,0,0:0:0:0:
475,0,26216,128,0,26351:0:0:0:0:
402,192,26351,1,0,0:0:0:0:
36,192,26486,1,0,0:0:0:0:
182,0,26486,128,0,26621:0:0:0:0:
256,192,26486,1,0,0:0:0:0:
402,0,26486,128,0,26621:0:0:0:0:
475,192,26486,1,0,0:0:0:0:
329,192,26621,1,0,0:0:0:0:
109,0,26756,128,0,26891:0:0:0:0:
182,192,26756,1,0,0:0:0:0:
329,0,26756,128,0,26891:0:0:0:0:
402,192,26756,1,0,0:0:0:0:
475,192,26756,1,0,0:0:0:0:
256,192,26891,1,0,0:0:0:0:
36,0,27027,128,0,27162:0:0:0:0:
256,0,27027,128,0,27162:0:0:0:0:
329,192,27027,1,0,0:0:0:0:
402,192,27027,1,0,0:0:0:0:
475,192,27027,1,0,0:0:0:0:
109,192,27162,1,0,0:0:0:0:
36,192,27297,1,0,0:0:0:0:
109,192,27297,1,0,0:0:0:0:
182,0,27297,128,0,27432:0:0:0:0:
329,192,27297,1,0,0:0:0:0:
402,0,27297,128,0,27432:0:0:0:0:
256,192,27432,1,0,0:0:0:0:
36,0,27567,128,0,27702:0:0:0:0:
109,192,27567,1,0,0:0:0:0:
182,192,27567,1,0,0:0:0:0:
329,192,27567,1,0,0:0:0:0:
402,192,27567,1,0,0:0:0:0:
475,0,27567,128,0,27702:0:0:0:0:
256,192,27770,1,0,0:0:0:0:
109,192,27837,1,0,0:0:0:0:
256,0,27837,128,0,27973:0:0:0:0:
402,192,27837,1,0,0:0:0:0:
36,192,27905,1,0,0:0:0:0:
182,192,27905,1,0,0:0:0:0:
329,192,27905,1,0,0:0:0:0:
475,192,27905,1,0,0:0:0:0:
109,192,27973,1,0,0:0:0:0:
402,192,27973,1,0,0:0:0:0:
36,192,28108,1,0,0:0:0:0:
256,192,28108,1,0,0:0:0:0:
402,192,28108,1,0,0:0:0:0:
36,192,28243,1,0,0:0:0:0:
182,192,28243,1,0,0:0:0:0:
329,192,28243,1,0,0:0:0:0:
475,192,28243,1,0,0:0:0:0:
36,192,28378,1,0,0:0:0:0:
109,192,28378,1,0,0:0:0:0:
256,192,28378,1,0,0:0:0:0:
402,192,28378,1,0,0:0:0:0:
475,192,28378,1,0,0:0:0:0:
109,192,28513,1,0,0:0:0:0:
256,192,28513,1,0,0:0:0:0:
329,192,28513,1,0,0:0:0:0:
36,192,28648,1,0,0:0:0:0:
182,192,28648,1,0,0:0:0:0:
402,192,28648,1,0,0:0:0:0:
475,192,28648,1,0,0:0:0:0:
36,192,28783,1,0,0:0:0:0:
109,192,28783,1,0,0:0:0:0:
182,192,28783,1,0,0:0:0:0:
329,192,28783,1,0,0:0:0:0:
36,192,28919,1,0,0:0:0:0:
109,192,28919,1,0,0:0:0:0:
256,192,28919,1,0,0:0:0:0:
402,192,28919,1,0,0:0:0:0:
475,192,28919,1,0,0:0:0:0:
36,192,29054,1,0,0:0:0:0:
109,192,29054,1,0,0:0:0:0:
182,192,29054,1,0,0:0:0:0:
402,192,29054,1,0,0:0:0:0:
256,192,29189,1,0,0:0:0:0:
329,192,29189,1,0,0:0:0:0:
475,192,29189,1,0,0:0:0:0:
36,192,29324,1,0,0:0:0:0:
109,192,29324,1,0,0:0:0:0:
182,192,29324,1,0,0:0:0:0:
329,192,29324,1,0,0:0:0:0:
36,192,29459,1,0,0:0:0:0:
182,192,29459,1,0,0:0:0:0:
256,192,29459,1,0,0:0:0:0:
402,192,29459,1,0,0:0:0:0:
475,192,29459,1,0,0:0:0:0:
36,192,29594,1,0,0:0:0:0:
109,192,29594,1,0,0:0:0:0:
256,192,29594,1,0,0:0:0:0:
402,192,29594,1,0,0:0:0:0:
36,192,29729,1,0,0:0:0:0:
182,192,29729,1,0,0:0:0:0:
329,192,29729,1,0,0:0:0:0:
475,192,29729,1,0,0:0:0:0:
36,192,29864,1,0,0:0:0:0:
109,192,29864,1,0,0:0:0:0:
182,192,29864,1,0,0:0:0:0:
402,192,29864,1,0,0:0:0:0:
256,192,30000,1,0,0:0:0:0:
329,192,30000,1,0,0:0:0:0:
402,192,30000,1,0,0:0:0:0:
475,192,30000,1,0,0:0:0:0:
36,192,30135,1,0,0:0:0:0:
109,192,30135,1,0,0:0:0:0:
329,192,30135,1,0,0:0:0:0:
475,192,30135,1,0,0:0:0:0:
109,0,30270,128,0,30315:0:0:0:0:
402,0,30270,128,0,30315:0:0:0:0:
182,0,30360,128,0,30405:0:0:0:0:
329,0,30360,128,0,30405:0:0:0:0:
109,0,30450,128,0,30495:0:0:0:0:
402,0,30450,128,0,30495:0:0:0:0:
36,192,30540,1,0,0:0:0:0:
109,0,30540,128,0,30811:0:0:0:0:
256,192,30540,1,0,0:0:0:0:
402,0,30540,128,0,30811:0:0:0:0:
475,192,30540,1,0,0:0:0:0:
36,192,30811,1,0,0:0:0:0:
182,192,30811,1,0,0:0:0:0:
256,192,30811,1,0,0:0:0:0:
109,192,30946,1,0,0:0:0:0:
182,192,30946,1,0,0:0:0:0:
402,192,30946,1,0,0:0:0:0:
36,192,31081,1,0,0:0:0:0:
109,192,31081,1,0,0:0:0:0:
256,192,31081,1,0,0:0:0:0:
329,192,31081,1,0,0:0:0:0:
475,192,31081,1,0,0:0:0:0:
36,192,31216,1,0,0:0:0:0:
182,192,31216,1,0,0:0:0:0:
475,192,31216,1,0,0:0:0:0:
402,192,31351,1,0,0:0:0:0:
475,192,31351,1,0,0:0:0:0:
109,192,31486,1,0,0:0:0:0:
182,192,31486,1,0,0:0:0:0:
256,192,31486,1,0,0:0:0:0:
36,192,31621,1,0,0:0:0:0:
109,192,31621,1,0,0:0:0:0:
182,192,31621,1,0,0:0:0:0:
329,192,31621,1,0,0:0:0:0:
402,192,31621,1,0,0:0:0:0:
475,192,31621,1,0,0:0:0:0:
182,192,31756,1,0,0:0:0:0:
36,192,31892,1,0,0:0:0:0:
256,192,31892,1,0,0:0:0:0:
402,192,31892,1,0,0:0:0:0:
475,192,31892,1,0,0:0:0:0:
109,192,32027,1,0,0:0:0:0:
402,192,32094,1,0,0:0:0:0:
36,192,32162,1,0,0:0:0:0:
182,192,32162,1,0,0:0:0:0:
256,192,32162,1,0,0:0:0:0:
329,192,32162,1,0,0:0:0:0:
402,192,32162,1,0,0:0:0:0:
475,192,32229,1,0,0:0:0:0:
36,192,32297,1,0,0:0:0:0:
475,192,32297,1,0,0:0:0:0:
256,192,32365,1,0,0:0:0:0:
329,192,32365,1,0,0:0:0:0:
402,192,32365,1,0,0:0:0:0:
256,192,32432,1,0,0:0:0:0:
329,192,32500,1,0,0:0:0:0:
402,192,32500,1,0,0:0:0:0:
475,192,32500,1,0,0:0:0:0:
36,192,32567,1,0,0:0:0:0:
109,192,32567,1,0,0:0:0:0:
36,192,32702,1,0,0:0:0:0:
182,192,32702,1,0,0:0:0:0:
256,192,32702,1,0,0:0:0:0:
329,192,32702,1,0,0:0:0:0:
402,192,32702,1,0,0:0:0:0:
475,192,32702,1,0,0:0:0:0:
109,192,32838,1,0,0:0:0:0:
36,192,32973,1,0,0:0:0:0:
182,192,32973,1,0,0:0:0:0:
256,192,32973,1,0,0:0:0:0:
329,192,32973,1,0,0:0:0:0:
36,192,33108,1,0,0:0:0:0:
402,192,33108,1,0,0:0:0:0:
36,192,33243,1,0,0:0:0:0:
109,192,33243,1,0,0:0:0:0:
182,192,33243,1,0,0:0:0:0:
256,192,33243,1,0,0:0:0:0:
329,192,33243,1,0,0:0:0:0:
475,192,33243,1,0,0:0:0:0:
36,192,33378,1,0,0:0:0:0:
402,192,33378,1,0,0:0:0:0:
36,0,33513,128,0,34560:0:0:0:0:
109,192,33513,1,0,0:0:0:0:
109,0,33648,128,0,34425:0:0:0:0:
182,192,33648,1,0,0:0:0:0:
182,0,33783,128,0,34290:0:0:0:0:
256,192,33783,1,0,0:0:0:0:
256,0,33919,128,0,34155:0:0:0:0:
329,192,33919,1,0,0:0:0:0:
402,192,34054,1,0,0:0:0:0:
475,0,34054,128,0,34594:0:0:0:0:
329,192,34189,1,0,0:0:0:0:
402,0,34189,128,0,34594:0:0:0:0:
256,192,34324,1,0,0:0:0:0:
329,0,34324,128,0,34594:0:0:0:0:
182,192,34459,1,0,0:0:0:0:
256,0,34459,128,0,34594:0:0:0:0:
36,0,34594,128,0,35337:0:0:0:0:
109,0,34594,128,0,35337:0:0:0:0:
182,0,34594,128,0,35067:0:0:0:0:
329,0,34864,128,0,35067:0:0:0:0:
402,0,34864,128,0,35608:0:0:0:0:
475,0,34864,128,0,36689:0:0:0:0:
182,0,35135,128,0,35337:0:0:0:0:
256,0,35135,128,0,35608:0:0:0:0:
329,0,35135,128,0,35608:0:0:0:0:
36,0,35405,128,0,36418:0:0:0:0:
109,0,35405,128,0,35878:0:0:0:0:
182,0,35405,128,0,35878:0:0:0:0:
256,0,35675,128,0,35878:0:0:0:0:
329,0,35675,128,0,36148:0:0:0:0:
402,0,35675,128,0,36689:0:0:0:0:
109,0,35945,128,0,36418:0:0:0:0:
182,0,35945,128,0,36148:0:0:0:0:
256,0,35945,128,0,36148:0:0:0:0:
182,0,36216,128,0,36418:0:0:0:0:
256,0,36216,128,0,36689:0:0:0:0:
329,0,36216,128,0,36689:0:0:0:0:
36,0,36486,128,0,36689:0:0:0:0:
109,0,36486,128,0,36689:0:0:0:0:
182,0,36486,128,0,36689:0:0:0:0:
36,192,36756,1,0,0:0:0:0:
109,192,36756,1,0,0:0:0:0:
182,192,36756,1,0,0:0:0:0:
256,192,36756,1,0,0:0:0:0:
329,192,36756,1,0,0:0:0:0:
402,192,36756,1,0,0:0:0:0:
475,192,36756,1,0,0:0:0:0:
109,192,36959,1,0,0:0:0:0:
256,192,36959,1,0,0:0:0:0:
329,192,36959,1,0,0:0:0:0:
402,192,36959,1,0,0:0:0:0:
475,192,36959,1,0,0:0:0:0:
36,192,37162,1,0,0:0:0:0:
256,192,37162,1,0,0:0:0:0:
329,192,37162,1,0,0:0:0:0:
402,192,37162,1,0,0:0:0:0:
475,192,37162,1,0,0:0:0:0:
182,192,37365,1,0,0:0:0:0:
256,0,37365,128,0,37770:0:0:0:0:
329,0,37365,128,0,37770:0:0:0:0:
402,0,37365,128,0,37770:0:0:0:0:
475,0,37365,128,0,37770:0:0:0:0:
36,0,37567,128,0,37669:0:0:0:0:
109,0,37567,128,0,37669:0:0:0:0:
109,192,37702,1,0,0:0:0:0:
182,192,37702,1,0,0:0:0:0:
36,192,37838,1,0,0:0:0:0:
256,192,37838,1,0,0:0:0:0:
329,192,37838,1,0,0:0:0:0:
402,192,37838,1,0,0:0:0:0:
475,192,37838,1,0,0:0:0:0:
109,192,38040,1,0,0:0:0:0:
256,192,38040,1,0,0:0:0:0:
329,192,38040,1,0,0:0:0:0:
402,192,38040,1,0,0:0:0:0:
475,192,38040,1,0,0:0:0:0:
182,192,38243,1,0,0:0:0:0:
256,192,38243,1,0,0:0:0:0:
329,192,38243,1,0,0:0:0:0:
402,192,38243,1,0,0:0:0:0:
475,192,38243,1,0,0:0:0:0:
36,0,38378,128,0,38378:0:0:0:0:
109,0,38378,128,0,38378:0:0:0:0:
182,0,38378,128,0,38378:0:0:0:0:
256,0,38378,128,0,38378:0:0:0:0:
329,0,38378,128,0,38378:0:0:0:0:
402,0,38378,128,0,38378:0:0:0:0:
475,0,38378,128,0,38378:0:0:0:0:
36,192,38513,1,0,0:0:0:0:
109,192,38513,1,0,0:0:0:0:
182,192,38513,1,0,0:0:0:0:
256,192,38513,1,0,0:0:0:0:
329,192,38513,1,0,0:0:0:0:
36,192,38716,1,0,0:0:0:0:
109,192,38716,1,0,0:0:0:0:
182,192,38716,1,0,0:0:0:0:
256,192,38716,1,0,0:0:0:0:
402,192,38716,1,0,0:0:0:0:
36,192,38919,1,0,0:0:0:0:
109,192,38919,1,0,0:0:0:0:
182,192,38919,1,0,0:0:0:0:
256,192,38919,1,0,0:0:0:0:
475,192,38919,1,0,0:0:0:0:
36,192,39121,1,0,0:0:0:0:
109,192,39121,1,0,0:0:0:0:
182,192,39121,1,0,0:0:0:0:
256,192,39121,1,0,0:0:0:0:
402,192,39121,1,0,0:0:0:0:
36,192,39324,1,0,0:0:0:0:
109,192,39324,1,0,0:0:0:0:
182,192,39324,1,0,0:0:0:0:
256,192,39324,1,0,0:0:0:0:
329,192,39324,1,0,0:0:0:0:
256,0,39527,128,0,39729:0:0:0:0:
475,192,39527,1,0,0:0:0:0:
109,0,39527,128,0,40000:0:0:0:0:
182,0,39527,128,0,40000:0:0:0:0:
36,0,39527,128,0,41081:0:0:0:0:
329,0,39729,128,0,40000:0:0:0:0:
402,0,39729,128,0,40000:0:0:0:0:
475,0,39729,128,0,40000:0:0:0:0:
256,192,40000,1,0,0:0:0:0:
329,192,40135,1,0,0:0:0:0:
402,192,40270,1,0,0:0:0:0:
475,192,40405,1,0,0:0:0:0:
109,192,40540,1,0,0:0:0:0:
182,192,40540,1,0,0:0:0:0:
256,192,40540,1,0,0:0:0:0:
329,192,40540,1,0,0:0:0:0:
402,192,40540,1,0,0:0:0:0:
475,192,40675,1,0,0:0:0:0:
402,192,40811,1,0,0:0:0:0:
329,192,40946,1,0,0:0:0:0:
109,192,41081,1,0,0:0:0:0:
182,192,41081,1,0,0:0:0:0:
256,192,41081,1,0,0:0:0:0:
402,192,41081,1,0,0:0:0:0:
475,192,41081,1,0,0:0:0:0:
36,192,41284,1,0,0:0:0:0:
109,192,41284,1,0,0:0:0:0:
256,192,41284,1,0,0:0:0:0:
329,192,41284,1,0,0:0:0:0:
475,192,41284,1,0,0:0:0:0:
36,192,41486,1,0,0:0:0:0:
182,192,41486,1,0,0:0:0:0:
256,192,41486,1,0,0:0:0:0:
329,192,41486,1,0,0:0:0:0:
402,192,41486,1,0,0:0:0:0:
36,0,41689,128,0,42094:0:0:0:0:
109,0,41689,128,0,42094:0:0:0:0:
402,0,41689,128,0,42094:0:0:0:0:
475,0,41689,128,0,42094:0:0:0:0:
182,0,41892,128,0,41993:0:0:0:0:
256,0,41892,128,0,41993:0:0:0:0:
256,192,42027,1,0,0:0:0:0:
329,192,42027,1,0,0:0:0:0:
36,192,42162,1,0,0:0:0:0:
109,192,42162,1,0,0:0:0:0:
182,192,42162,1,0,0:0:0:0:
402,192,42162,1,0,0:0:0:0:
475,192,42162,1,0,0:0:0:0:
36,192,42365,1,0,0:0:0:0:
182,192,42365,1,0,0:0:0:0:
256,192,42365,1,0,0:0:0:0:
329,192,42365,1,0,0:0:0:0:
402,192,42365,1,0,0:0:0:0:
109,192,42567,1,0,0:0:0:0:
182,192,42567,1,0,0:0:0:0:
256,192,42567,1,0,0:0:0:0:
402,192,42567,1,0,0:0:0:0:
475,192,42567,1,0,0:0:0:0:
36,0,42702,128,0,42702:0:0:0:0:
109,0,42702,128,0,42702:0:0:0:0:
182,0,42702,128,0,42702:0:0:0:0:
256,0,42702,128,0,42702:0:0:0:0:
329,0,42702,128,0,42702:0:0:0:0:
402,0,42702,128,0,42702:0:0:0:0:
475,0,42702,128,0,42702:0:0:0:0:
36,192,42838,1,0,0:0:0:0:
109,192,42838,1,0,0:0:0:0:
256,192,42838,1,0,0:0:0:0:
329,192,42838,1,0,0:0:0:0:
402,192,42838,1,0,0:0:0:0:
475,192,42838,1,0,0:0:0:0:
36,192,43040,1,0,0:0:0:0:
109,192,43040,1,0,0:0:0:0:
182,192,43040,1,0,0:0:0:0:
329,192,43040,1,0,0:0:0:0:
402,192,43040,1,0,0:0:0:0:
475,192,43040,1,0,0:0:0:0:
36,192,43243,1,0,0:0:0:0:
109,192,43243,1,0,0:0:0:0:
182,192,43243,1,0,0:0:0:0:
256,192,43243,1,0,0:0:0:0:
402,192,43243,1,0,0:0:0:0:
475,192,43243,1,0,0:0:0:0:
36,192,43446,1,0,0:0:0:0:
182,192,43446,1,0,0:0:0:0:
256,192,43446,1,0,0:0:0:0:
329,192,43446,1,0,0:0:0:0:
402,192,43446,1,0,0:0:0:0:
475,192,43446,1,0,0:0:0:0:
36,192,43648,1,0,0:0:0:0:
109,192,43648,1,0,0:0:0:0:
182,192,43648,1,0,0:0:0:0:
256,192,43648,1,0,0:0:0:0:
329,192,43648,1,0,0:0:0:0:
475,192,43648,1,0,0:0:0:0:
109,192,43784,1,0,0:0:0:0:
182,192,43784,1,0,0:0:0:0:
256,192,43784,1,0,0:0:0:0:
329,192,43784,1,0,0:0:0:0:
402,192,43784,1,0,0:0:0:0:
475,192,43784,1,0,0:0:0:0:
36,192,43986,1,0,0:0:0:0:
109,192,43986,1,0,0:0:0:0:
182,192,43986,1,0,0:0:0:0:
256,192,43986,1,0,0:0:0:0:
329,192,43986,1,0,0:0:0:0:
402,192,43986,1,0,0:0:0:0:
36,192,44189,1,0,0:0:0:0:
182,192,44189,1,0,0:0:0:0:
329,192,44189,1,0,0:0:0:0:
475,192,44189,1,0,0:0:0:0:
36,192,44324,1,0,0:0:0:0:
109,192,44324,1,0,0:0:0:0:
256,192,44324,1,0,0:0:0:0:
402,192,44324,1,0,0:0:0:0:
475,192,44324,1,0,0:0:0:0:
36,192,44459,1,0,0:0:0:0:
109,192,44459,1,0,0:0:0:0:
182,192,44459,1,0,0:0:0:0:
329,192,44459,1,0,0:0:0:0:
402,192,44459,1,0,0:0:0:0:
475,192,44459,1,0,0:0:0:0:
36,192,44594,1,0,0:0:0:0:
109,192,44594,1,0,0:0:0:0:
182,192,44594,1,0,0:0:0:0:
256,192,44594,1,0,0:0:0:0:
329,192,44594,1,0,0:0:0:0:
402,192,44594,1,0,0:0:0:0:
475,192,44594,1,0,0:0:0:0:
36,192,44729,1,0,0:0:0:0:
109,0,44729,128,0,45388:0:0:0:0:
182,192,44729,1,0,0:0:0:0:
256,0,44729,128,0,45388:0:0:0:0:
329,192,44729,1,0,0:0:0:0:
402,0,44729,128,0,45388:0:0:0:0:
475,192,44729,1,0,0:0:0:0:
36,192,44865,1,0,0:0:0:0:
182,192,44865,1,0,0:0:0:0:
329,192,44865,1,0,0:0:0:0:
475,192,44865,1,0,0:0:0:0:
36,192,44932,1,0,0:0:0:0:
182,192,44932,1,0,0:0:0:0:
329,192,44932,1,0,0:0:0:0:
475,192,44932,1,0,0:0:0:0:
36,192,45000,1,0,0:0:0:0:
182,192,45000,1,0,0:0:0:0:
329,192,45000,1,0,0:0:0:0:
475,192,45000,1,0,0:0:0:0:
36,0,45135,128,0,45388:0:0:0:0:
475,0,45135,128,0,45388:0:0:0:0:
109,192,45405,1,0,0:0:0:0:
182,192,45405,1,0,0:0:0:0:
256,192,45405,1,0,0:0:0:0:
329,192,45405,1,0,0:0:0:0:
402,192,45405,1,0,0:0:0:0:
36,192,52432,5,0,0:0:0:0:
109,192,52432,1,0,0:0:0:0:
182,192,52432,1,0,0:0:0:0:
256,192,52432,1,0,0:0:0:0:
329,192,52432,1,0,0:0:0:0:
402,192,52432,1,0,0:0:0:0:
475,192,52432,1,0,0:0:0:0:
36,192,52499,1,0,0:0:0:0:
109,192,52499,1,0,0:0:0:0:
182,192,52499,1,0,0:0:0:0:
256,192,52499,1,0,0:0:0:0:
329,192,52499,1,0,0:0:0:0:
402,192,52499,1,0,0:0:0:0:
475,192,52499,1,0,0:0:0:0:
36,192,52567,1,0,0:0:0:0:
109,192,52567,1,0,0:0:0:0:
182,192,52567,1,0,0:0:0:0:
256,192,52567,1,0,0:0:0:0:
329,192,52567,1,0,0:0:0:0:
402,192,52567,1,0,0:0:0:0:
475,192,52567,1,0,0:0:0:0:
36,192,52634,1,0,0:0:0:0:
109,192,52634,1,0,0:0:0:0:
182,192,52634,1,0,0:0:0:0:
256,192,52634,1,0,0:0:0:0:
329,192,52634,1,0,0:0:0:0:
402,192,52634,1,0,0:0:0:0:
475,192,52634,1,0,0:0:0:0:
36,192,52702,1,0,0:0:0:0:
109,192,52702,1,0,0:0:0:0:
182,192,52702,1,0,0:0:0:0:
256,192,52702,1,0,0:0:0:0:
329,192,52702,1,0,0:0:0:0:
402,192,52702,1,0,0:0:0:0:
475,192,52702,1,0,0:0:0:0:
36,192,52769,1,0,0:0:0:0:
109,192,52769,1,0,0:0:0:0:
182,192,52769,1,0,0:0:0:0:
256,192,52769,1,0,0:0:0:0:
329,192,52769,1,0,0:0:0:0:
402,192,52769,1,0,0:0:0:0:
475,192,52769,1,0,0:0:0:0:
36,192,52837,1,0,0:0:0:0:
109,192,52837,1,0,0:0:0:0:
182,192,52837,1,0,0:0:0:0:
256,192,52837,1,0,0:0:0:0:
329,192,52837,1,0,0:0:0:0:
402,192,52837,1,0,0:0:0:0:
475,192,52837,1,0,0:0:0:0:
36,192,52904,1,0,0:0:0:0:
109,192,52904,1,0,0:0:0:0:
182,192,52904,1,0,0:0:0:0:
256,192,52904,1,0,0:0:0:0:
329,192,52904,1,0,0:0:0:0:
402,192,52904,1,0,0:0:0:0:
475,192,52904,1,0,0:0:0:0:
256,192,53377,1,0,0:0:0:0:
256,192,53513,1,0,0:0:0:0:
256,192,53649,1,0,0:0:0:0:
256,0,53784,128,0,54054:0:0:0:0:
36,192,54054,1,0,0:0:0:0:
109,192,54054,1,0,0:0:0:0:
182,192,54054,1,0,0:0:0:0:
402,192,54054,1,0,0:0:0:0:
475,192,54054,1,0,0:0:0:0:
109,192,54189,1,0,0:0:0:0:
329,192,54189,1,0,0:0:0:0:
402,192,54189,1,0,0:0:0:0:
36,192,54324,1,0,0:0:0:0:
109,0,54324,128,0,54594:0:0:0:0:
182,192,54324,1,0,0:0:0:0:
256,192,54324,1,0,0:0:0:0:
329,192,54324,1,0,0:0:0:0:
475,192,54324,1,0,0:0:0:0:
402,192,54459,1,0,0:0:0:0:
36,192,54594,1,0,0:0:0:0:
182,192,54594,1,0,0:0:0:0:
329,192,54594,1,0,0:0:0:0:
475,192,54594,1,0,0:0:0:0:
109,192,54729,1,0,0:0:0:0:
402,0,54729,128,0,54864:0:0:0:0:
36,192,54864,1,0,0:0:0:0:
182,192,54864,1,0,0:0:0:0:
256,192,54864,1,0,0:0:0:0:
329,0,54864,128,0,54999:0:0:0:0:
475,192,54864,1,0,0:0:0:0:
109,192,54999,1,0,0:0:0:0:
402,0,54999,128,0,55135:0:0:0:0:
36,192,55135,1,0,0:0:0:0:
182,192,55135,1,0,0:0:0:0:
256,192,55135,1,0,0:0:0:0:
329,192,55135,1,0,0:0:0:0:
475,192,55135,1,0,0:0:0:0:
182,192,55270,1,0,0:0:0:0:
329,192,55270,1,0,0:0:0:0:
402,192,55270,1,0,0:0:0:0:
109,192,55405,1,0,0:0:0:0:
182,0,55405,128,0,55675:0:0:0:0:
256,192,55405,1,0,0:0:0:0:
329,192,55405,1,0,0:0:0:0:
402,192,55405,1,0,0:0:0:0:
475,192,55405,1,0,0:0:0:0:
36,192,55540,1,0,0:0:0:0:
109,192,55675,1,0,0:0:0:0:
256,0,55675,128,0,55810:0:0:0:0:
329,192,55675,1,0,0:0:0:0:
475,192,55675,1,0,0:0:0:0:
402,0,55810,128,0,55945:0:0:0:0:
36,0,55810,128,0,56216:0:0:0:0:
182,0,55810,128,0,56216:0:0:0:0:
109,192,55945,1,0,0:0:0:0:
256,192,55945,1,0,0:0:0:0:
475,192,55945,1,0,0:0:0:0:
329,0,55945,128,0,56216:0:0:0:0:
475,0,56081,128,0,56216:0:0:0:0:
109,192,56216,1,0,0:0:0:0:
256,192,56216,1,0,0:0:0:0:
402,192,56216,1,0,0:0:0:0:
109,192,56351,1,0,0:0:0:0:
182,192,56351,1,0,0:0:0:0:
402,192,56351,1,0,0:0:0:0:
36,192,56486,1,0,0:0:0:0:
109,192,56486,1,0,0:0:0:0:
256,192,56486,1,0,0:0:0:0:
329,192,56486,1,0,0:0:0:0:
402,0,56486,128,0,56756:0:0:0:0:
475,192,56486,1,0,0:0:0:0:
182,192,56621,1,0,0:0:0:0:
36,192,56756,1,0,0:0:0:0:
109,192,56756,1,0,0:0:0:0:
329,192,56756,1,0,0:0:0:0:
475,192,56756,1,0,0:0:0:0:
109,0,56891,128,0,57026:0:0:0:0:
402,192,56891,1,0,0:0:0:0:
36,192,57026,1,0,0:0:0:0:
182,0,57026,128,0,57162:0:0:0:0:
256,192,57026,1,0,0:0:0:0:
329,192,57026,1,0,0:0:0:0:
475,192,57026,1,0,0:0:0:0:
402,192,57162,1,0,0:0:0:0:
109,0,57162,128,0,57297:0:0:0:0:
36,192,57297,1,0,0:0:0:0:
182,192,57297,1,0,0:0:0:0:
256,192,57297,1,0,0:0:0:0:
329,192,57297,1,0,0:0:0:0:
475,192,57297,1,0,0:0:0:0:
109,192,57432,1,0,0:0:0:0:
182,192,57432,1,0,0:0:0:0:
329,192,57432,1,0,0:0:0:0:
36,192,57567,1,0,0:0:0:0:
109,192,57567,1,0,0:0:0:0:
256,192,57567,1,0,0:0:0:0:
329,0,57567,128,0,57837:0:0:0:0:
402,192,57567,1,0,0:0:0:0:
475,192,57567,1,0,0:0:0:0:
475,192,57702,1,0,0:0:0:0:
36,192,57837,1,0,0:0:0:0:
109,192,57837,1,0,0:0:0:0:
182,192,57837,1,0,0:0:0:0:
256,0,57837,128,0,58108:0:0:0:0:
402,192,57837,1,0,0:0:0:0:
109,0,57972,128,0,58243:0:0:0:0:
36,192,58108,1,0,0:0:0:0:
182,192,58108,1,0,0:0:0:0:
329,192,58108,1,0,0:0:0:0:
402,0,58108,128,0,58243:0:0:0:0:
475,192,58108,1,0,0:0:0:0:
256,0,58243,128,0,58378:0:0:0:0:
36,192,58310,1,0,0:0:0:0:
109,192,58310,1,0,0:0:0:0:
402,192,58310,1,0,0:0:0:0:
475,192,58310,1,0,0:0:0:0:
182,192,58378,1,0,0:0:0:0:
329,192,58378,1,0,0:0:0:0:
36,192,58445,1,0,0:0:0:0:
109,192,58445,1,0,0:0:0:0:
402,192,58445,1,0,0:0:0:0:
475,192,58445,1,0,0:0:0:0:
256,192,58513,1,0,0:0:0:0:
109,192,58648,1,0,0:0:0:0:
182,192,58648,1,0,0:0:0:0:
256,0,58648,128,0,58918:0:0:0:0:
329,192,58648,1,0,0:0:0:0:
402,192,58648,1,0,0:0:0:0:
475,192,58648,1,0,0:0:0:0:
36,192,58783,1,0,0:0:0:0:
109,192,58918,1,0,0:0:0:0:
182,192,58918,1,0,0:0:0:0:
329,192,58918,1,0,0:0:0:0:
402,192,58918,1,0,0:0:0:0:
256,192,59053,1,0,0:0:0:0:
475,0,59053,128,0,59189:0:0:0:0:
36,192,59189,1,0,0:0:0:0:
109,0,59189,128,0,59324:0:0:0:0:
182,192,59189,1,0,0:0:0:0:
256,192,59189,1,0,0:0:0:0:
329,192,59189,1,0,0:0:0:0:
402,192,59189,1,0,0:0:0:0:
475,192,59324,1,0,0:0:0:0:
329,0,59324,128,0,59459:0:0:0:0:
36,192,59459,1,0,0:0:0:0:
109,192,59459,1,0,0:0:0:0:
256,192,59459,1,0,0:0:0:0:
402,192,59459,1,0,0:0:0:0:
475,192,59459,1,0,0:0:0:0:
109,192,59594,1,0,0:0:0:0:
182,192,59594,1,0,0:0:0:0:
402,192,59594,1,0,0:0:0:0:
36,192,59729,1,0,0:0:0:0:
182,192,59729,1,0,0:0:0:0:
256,192,59729,1,0,0:0:0:0:
329,192,59729,1,0,0:0:0:0:
402,0,59729,128,0,59999:0:0:0:0:
475,192,59729,1,0,0:0:0:0:
109,192,59864,1,0,0:0:0:0:
36,192,59999,1,0,0:0:0:0:
182,192,59999,1,0,0:0:0:0:
256,0,59999,128,0,60135:0:0:0:0:
329,192,59999,1,0,0:0:0:0:
475,192,59999,1,0,0:0:0:0:
109,0,60135,128,0,60270:0:0:0:0:
402,192,60135,1,0,0:0:0:0:
329,0,60135,128,0,60540:0:0:0:0:
475,0,60135,128,0,60540:0:0:0:0:
36,192,60270,1,0,0:0:0:0:
256,192,60270,1,0,0:0:0:0:
402,192,60270,1,0,0:0:0:0:
182,0,60270,128,0,60540:0:0:0:0:
109,192,60405,1,0,0:0:0:0:
36,0,60405,128,0,60540:0:0:0:0:
109,192,60540,1,0,0:0:0:0:
256,192,60540,1,0,0:0:0:0:
402,192,60540,1,0,0:0:0:0:
109,192,60675,1,0,0:0:0:0:
329,192,60675,1,0,0:0:0:0:
402,192,60675,1,0,0:0:0:0:
36,192,60810,1,0,0:0:0:0:
109,0,60810,128,0,61081:0:0:0:0:
182,192,60810,1,0,0:0:0:0:
256,192,60810,1,0,0:0:0:0:
329,192,60810,1,0,0:0:0:0:
475,192,60810,1,0,0:0:0:0:
402,192,60945,1,0,0:0:0:0:
36,192,61081,1,0,0:0:0:0:
256,192,61081,1,0,0:0:0:0:
329,192,61081,1,0,0:0:0:0:
475,192,61081,1,0,0:0:0:0:
109,192,61216,1,0,0:0:0:0:
182,0,61216,128,0,61351:0:0:0:0:
36,192,61351,1,0,0:0:0:0:
256,192,61351,1,0,0:0:0:0:
329,192,61351,1,0,0:0:0:0:
402,0,61351,128,0,61486:0:0:0:0:
475,192,61351,1,0,0:0:0:0:
182,192,61486,1,0,0:0:0:0:
36,0,61486,128,0,61621:0:0:0:0:
109,192,61621,1,0,0:0:0:0:
182,192,61621,1,0,0:0:0:0:
256,0,61621,128,0,61891:0:0:0:0:
402,192,61621,1,0,0:0:0:0:
475,0,61621,128,0,61891:0:0:0:0:
36,192,61756,1,0,0:0:0:0:
329,192,61756,1,0,0:0:0:0:
36,192,61891,1,0,0:0:0:0:
109,192,61891,1,0,0:0:0:0:
182,0,61891,128,0,62162:0:0:0:0:
329,192,61891,1,0,0:0:0:0:
402,0,61891,128,0,62162:0:0:0:0:
256,192,62026,1,0,0:0:0:0:
475,192,62026,1,0,0:0:0:0:
36,192,62162,1,0,0:0:0:0:
109,0,62162,128,0,62432:0:0:0:0:
256,192,62162,1,0,0:0:0:0:
329,0,62162,128,0,62432:0:0:0:0:
182,192,62297,1,0,0:0:0:0:
402,192,62297,1,0,0:0:0:0:
182,192,62432,1,0,0:0:0:0:
402,192,62432,1,0,0:0:0:0:
475,192,62432,1,0,0:0:0:0:
36,0,62432,128,0,62702:0:0:0:0:
256,0,62432,128,0,62702:0:0:0:0:
109,192,62567,1,0,0:0:0:0:
329,192,62567,1,0,0:0:0:0:
402,192,62702,1,0,0:0:0:0:
475,0,62702,128,0,62972:0:0:0:0:
329,192,62736,1,0,0:0:0:0:
256,192,62770,1,0,0:0:0:0:
182,192,62804,1,0,0:0:0:0:
109,192,62838,1,0,0:0:0:0:
36,192,62854,1,0,0:0:0:0:
36,192,62972,1,0,0:0:0:0:
109,192,62972,1,0,0:0:0:0:
182,192,62972,1,0,0:0:0:0:
256,192,62972,1,0,0:0:0:0:
329,192,62972,1,0,0:0:0:0:
402,192,62972,1,0,0:0:0:0:
36,0,63243,128,0,63513:0:0:0:0:
182,192,63243,1,0,0:0:0:0:
329,192,63243,1,0,0:0:0:0:
109,192,63378,1,0,0:0:0:0:
182,192,63378,1,0,0:0:0:0:
256,192,63513,1,0,0:0:0:0:
329,192,63513,1,0,0:0:0:0:
402,192,63513,1,0,0:0:0:0:
475,192,63513,1,0,0:0:0:0:
109,0,63513,128,0,63783:0:0:0:0:
36,192,63648,1,0,0:0:0:0:
256,192,63648,1,0,0:0:0:0:
182,0,63783,128,0,64054:0:0:0:0:
329,192,63783,1,0,0:0:0:0:
475,192,63783,1,0,0:0:0:0:
109,192,63918,1,0,0:0:0:0:
329,192,63918,1,0,0:0:0:0:
475,192,63918,1,0,0:0:0:0:
36,192,64054,1,0,0:0:0:0:
109,192,64054,1,0,0:0:0:0:
256,0,64054,128,0,64324:0:0:0:0:
402,192,64054,1,0,0:0:0:0:
475,192,64054,1,0,0:0:0:0:
36,192,64189,1,0,0:0:0:0:
182,192,64189,1,0,0:0:0:0:
402,192,64189,1,0,0:0:0:0:
36,192,64324,1,0,0:0:0:0:
329,0,64324,128,0,64594:0:0:0:0:
475,192,64324,1,0,0:0:0:0:
256,192,64459,1,0,0:0:0:0:
475,192,64459,1,0,0:0:0:0:
36,192,64594,1,0,0:0:0:0:
109,192,64594,1,0,0:0:0:0:
182,192,64594,1,0,0:0:0:0:
256,192,64594,1,0,0:0:0:0:
402,0,64594,128,0,64864:0:0:0:0:
329,192,64729,1,0,0:0:0:0:
36,0,64864,128,0,65135:0:0:0:0:
109,192,64864,1,0,0:0:0:0:
182,192,64898,1,0,0:0:0:0:
256,192,64932,1,0,0:0:0:0:
329,192,64966,1,0,0:0:0:0:
402,192,65000,1,0,0:0:0:0:
475,192,65016,1,0,0:0:0:0:
109,192,65135,1,0,0:0:0:0:
182,192,65135,1,0,0:0:0:0:
256,192,65135,1,0,0:0:0:0:
329,192,65135,1,0,0:0:0:0:
402,192,65135,1,0,0:0:0:0:
475,192,65135,1,0,0:0:0:0:
36,192,65225,1,0,0:0:0:0:
109,192,65225,1,0,0:0:0:0:
36,192,65315,1,0,0:0:0:0:
109,192,65315,1,0,0:0:0:0:
329,192,65405,1,0,0:0:0:0:
402,192,65405,1,0,0:0:0:0:
256,192,65495,1,0,0:0:0:0:
329,192,65495,1,0,0:0:0:0:
256,192,65585,1,0,0:0:0:0:
329,192,65585,1,0,0:0:0:0:
256,192,65675,1,0,0:0:0:0:
36,192,65810,1,0,0:0:0:0:
109,192,65810,1,0,0:0:0:0:
182,192,65810,1,0,0:0:0:0:
256,192,65810,1,0,0:0:0:0:
475,192,65810,1,0,0:0:0:0:
182,192,65945,1,0,0:0:0:0:
329,0,65945,128,0,66216:0:0:0:0:
36,192,66080,1,0,0:0:0:0:
182,192,66080,1,0,0:0:0:0:
402,192,66080,1,0,0:0:0:0:
36,192,66216,1,0,0:0:0:0:
109,192,66216,1,0,0:0:0:0:
256,0,66216,128,0,66486:0:0:0:0:
402,192,66216,1,0,0:0:0:0:
475,192,66216,1,0,0:0:0:0:
109,192,66351,1,0,0:0:0:0:
329,192,66351,1,0,0:0:0:0:
475,192,66351,1,0,0:0:0:0:
36,192,66486,1,0,0:0:0:0:
182,0,66486,128,0,66756:0:0:0:0:
36,192,66621,1,0,0:0:0:0:
256,192,66621,1,0,0:0:0:0:
402,192,66621,1,0,0:0:0:0:
329,192,66756,1,0,0:0:0:0:
402,192,66756,1,0,0:0:0:0:
475,192,66756,1,0,0:0:0:0:
109,0,66756,128,0,67026:0:0:0:0:
182,192,66891,1,0,0:0:0:0:
256,0,67026,128,0,67297:0:0:0:0:
475,192,67026,1,0,0:0:0:0:
402,192,67060,1,0,0:0:0:0:
329,192,67094,1,0,0:0:0:0:
182,192,67128,1,0,0:0:0:0:
109,192,67162,1,0,0:0:0:0:
36,192,67178,1,0,0:0:0:0:
36,192,67297,1,0,0:0:0:0:
109,0,67297,128,0,67837:0:0:0:0:
182,192,67297,1,0,0:0:0:0:
329,192,67297,1,0,0:0:0:0:
402,0,67297,128,0,67837:0:0:0:0:
475,192,67297,1,0,0:0:0:0:
182,192,67567,1,0,0:0:0:0:
256,192,67567,1,0,0:0:0:0:
329,192,67567,1,0,0:0:0:0:
182,192,67702,1,0,0:0:0:0:
256,192,67702,1,0,0:0:0:0:
329,192,67702,1,0,0:0:0:0:
36,192,67769,1,0,0:0:0:0:
475,192,67769,1,0,0:0:0:0:
182,192,67837,1,0,0:0:0:0:
256,192,67837,1,0,0:0:0:0:
329,192,67837,1,0,0:0:0:0:
36,192,68107,1,0,0:0:0:0:
256,0,68107,128,0,68378:0:0:0:0:
109,192,68141,1,0,0:0:0:0:
182,192,68175,1,0,0:0:0:0:
329,192,68209,1,0,0:0:0:0:
402,192,68243,1,0,0:0:0:0:
475,192,68259,1,0,0:0:0:0:
36,192,68378,1,0,0:0:0:0:
109,192,68378,1,0,0:0:0:0:
182,0,68378,128,0,68918:0:0:0:0:
329,0,68378,128,0,68918:0:0:0:0:
402,192,68378,1,0,0:0:0:0:
475,192,68378,1,0,0:0:0:0:
36,192,68648,1,0,0:0:0:0:
109,192,68648,1,0,0:0:0:0:
402,192,68648,1,0,0:0:0:0:
475,192,68648,1,0,0:0:0:0:
256,192,68738,1,0,0:0:0:0:
256,192,68828,1,0,0:0:0:0:
36,192,68918,1,0,0:0:0:0:
109,192,68918,1,0,0:0:0:0:
402,192,68918,1,0,0:0:0:0:
475,192,68918,1,0,0:0:0:0:
36,0,69188,128,0,69459:0:0:0:0:
475,0,69188,128,0,69459:0:0:0:0:
109,192,69222,1,0,0:0:0:0:
402,192,69222,1,0,0:0:0:0:
182,192,69256,1,0,0:0:0:0:
329,192,69256,1,0,0:0:0:0:
256,192,69290,1,0,0:0:0:0:
109,192,69459,1,0,0:0:0:0:
182,192,69459,1,0,0:0:0:0:
256,192,69459,1,0,0:0:0:0:
329,192,69459,1,0,0:0:0:0:
402,192,69459,1,0,0:0:0:0:
256,0,69730,128,0,69864:0:0:0:0:
36,192,69864,1,0,0:0:0:0:
109,192,69864,1,0,0:0:0:0:
182,192,69864,1,0,0:0:0:0:
329,192,69864,1,0,0:0:0:0:
402,192,69864,1,0,0:0:0:0:
475,192,69864,1,0,0:0:0:0:
182,192,70135,1,0,0:0:0:0:
329,192,70135,1,0,0:0:0:0:
256,0,70135,128,0,71351:0:0:0:0:
109,192,70405,1,0,0:0:0:0:
402,192,70405,1,0,0:0:0:0:
182,192,70472,1,0,0:0:0:0:
329,192,70472,1,0,0:0:0:0:
109,192,70540,1,0,0:0:0:0:
402,192,70540,1,0,0:0:0:0:
182,0,70675,128,0,71080:0:0:0:0:
329,0,70675,128,0,71080:0:0:0:0:
36,192,70810,1,0,0:0:0:0:
475,192,70810,1,0,0:0:0:0:
36,192,70945,1,0,0:0:0:0:
475,192,70945,1,0,0:0:0:0:
109,0,71080,128,0,71351:0:0:0:0:
402,0,71080,128,0,71351:0:0:0:0:
36,192,71351,1,0,0:0:0:0:
182,192,71351,1,0,0:0:0:0:
329,192,71351,1,0,0:0:0:0:
475,192,71351,1,0,0:0:0:0:
36,192,77838,5,0,0:0:0:0:
109,192,77838,1,0,0:0:0:0:
182,192,77838,1,0,0:0:0:0:
329,192,77905,1,0,0:0:0:0:
402,192,77905,1,0,0:0:0:0:
475,192,77905,1,0,0:0:0:0:
36,192,77973,1,0,0:0:0:0:
109,192,77973,1,0,0:0:0:0:
182,192,77973,1,0,0:0:0:0:
329,192,78040,1,0,0:0:0:0:
402,192,78040,1,0,0:0:0:0:
475,192,78040,1,0,0:0:0:0:
36,192,78108,1,0,0:0:0:0:
109,192,78108,1,0,0:0:0:0:
182,192,78108,1,0,0:0:0:0:
329,192,78175,1,0,0:0:0:0:
402,192,78175,1,0,0:0:0:0:
475,192,78175,1,0,0:0:0:0:
36,192,78243,1,0,0:0:0:0:
109,192,78243,1,0,0:0:0:0:
182,192,78243,1,0,0:0:0:0:
329,192,78310,1,0,0:0:0:0:
402,192,78310,1,0,0:0:0:0:
475,192,78310,1,0,0:0:0:0:
36,192,78378,1,0,0:0:0:0:
109,192,78378,1,0,0:0:0:0:
182,192,78378,1,0,0:0:0:0:
329,192,78445,1,0,0:0:0:0:
402,192,78445,1,0,0:0:0:0:
475,192,78445,1,0,0:0:0:0:
36,192,78513,1,0,0:0:0:0:
109,192,78513,1,0,0:0:0:0:
182,192,78513,1,0,0:0:0:0:
329,192,78580,1,0,0:0:0:0:
402,192,78580,1,0,0:0:0:0:
475,192,78580,1,0,0:0:0:0:
36,192,78648,1,0,0:0:0:0:
109,192,78648,1,0,0:0:0:0:
182,192,78648,1,0,0:0:0:0:
329,192,78716,1,0,0:0:0:0:
402,192,78716,1,0,0:0:0:0:
475,192,78716,1,0,0:0:0:0:
36,192,78784,1,0,0:0:0:0:
109,192,78784,1,0,0:0:0:0:
182,192,78784,1,0,0:0:0:0:
329,192,78851,1,0,0:0:0:0:
402,192,78851,1,0,0:0:0:0:
475,192,78851,1,0,0:0:0:0:
256,0,78919,128,0,79527:0:0:0:0:
36,0,79527,128,0,79662:0:0:0:0:
182,0,79527,128,0,79594:0:0:0:0:
329,192,79527,1,0,0:0:0:0:
109,0,79594,128,0,79729:0:0:0:0:
256,0,79594,128,0,79662:0:0:0:0:
402,192,79594,1,0,0:0:0:0:
182,0,79662,128,0,79797:0:0:0:0:
329,0,79662,128,0,79729:0:0:0:0:
475,192,79662,1,0,0:0:0:0:
36,192,79729,1,0,0:0:0:0:
256,0,79729,128,0,79864:0:0:0:0:
402,0,79729,128,0,79797:0:0:0:0:
109,192,79797,1,0,0:0:0:0:
329,0,79797,128,0,79932:0:0:0:0:
475,0,79797,128,0,79864:0:0:0:0:
36,0,79864,128,0,79932:0:0:0:0:
182,192,79864,1,0,0:0:0:0:
402,0,79864,128,0,79999:0:0:0:0:
109,0,79932,128,0,79999:0:0:0:0:
256,192,79932,1,0,0:0:0:0:
475,0,79932,128,0,80067:0:0:0:0:
36,192,79999,1,0,0:0:0:0:
329,192,79999,1,0,0:0:0:0:
182,0,79999,128,0,80067:0:0:0:0:
109,192,80067,1,0,0:0:0:0:
256,192,80067,1,0,0:0:0:0:
402,192,80067,1,0,0:0:0:0:
109,192,80202,1,0,0:0:0:0:
256,192,80202,1,0,0:0:0:0:
402,192,80202,1,0,0:0:0:0:
182,192,80270,1,0,0:0:0:0:
329,192,80270,1,0,0:0:0:0:
36,192,80337,1,0,0:0:0:0:
109,192,80337,1,0,0:0:0:0:
256,192,80337,1,0,0:0:0:0:
402,192,80337,1,0,0:0:0:0:
475,192,80337,1,0,0:0:0:0:
36,192,80472,1,0,0:0:0:0:
182,192,80472,1,0,0:0:0:0:
329,192,80472,1,0,0:0:0:0:
475,192,80472,1,0,0:0:0:0:
109,192,80608,1,0,0:0:0:0:
256,192,80608,1,0,0:0:0:0:
402,192,80608,1,0,0:0:0:0:
182,192,80675,1,0,0:0:0:0:
329,192,80675,1,0,0:0:0:0:
109,192,80743,1,0,0:0:0:0:
402,192,80743,1,0,0:0:0:0:
109,192,80878,1,0,0:0:0:0:
256,192,80878,1,0,0:0:0:0:
329,192,80878,1,0,0:0:0:0:
402,192,80878,1,0,0:0:0:0:
475,192,80878,1,0,0:0:0:0:
36,0,80878,128,0,81148:0:0:0:0:
182,0,80878,128,0,81148:0:0:0:0:
329,0,81013,128,0,81148:0:0:0:0:
475,0,81013,128,0,81148:0:0:0:0:
256,192,81148,1,0,0:0:0:0:
36,0,81283,128,0,81418:0:0:0:0:
182,0,81283,128,0,81418:0:0:0:0:
256,192,81283,1,0,0:0:0:0:
109,192,81418,1,0,0:0:0:0:
256,192,81418,1,0,0:0:0:0:
329,192,81418,1,0,0:0:0:0:
402,192,81418,1,0,0:0:0:0:
475,192,81418,1,0,0:0:0:0:
182,0,81554,128,0,81689:0:0:0:0:
329,0,81554,128,0,81689:0:0:0:0:
36,192,81689,1,0,0:0:0:0:
109,192,81689,1,0,0:0:0:0:
256,192,81689,1,0,0:0:0:0:
402,192,81689,1,0,0:0:0:0:
329,0,81824,128,0,82094:0:0:0:0:
475,0,81824,128,0,82094:0:0:0:0:
36,192,81959,1,0,0:0:0:0:
182,192,81959,1,0,0:0:0:0:
256,192,81959,1,0,0:0:0:0:
402,192,81959,1,0,0:0:0:0:
109,192,82027,1,0,0:0:0:0:
182,192,82094,1,0,0:0:0:0:
329,192,82162,1,0,0:0:0:0:
36,192,82229,1,0,0:0:0:0:
109,192,82229,1,0,0:0:0:0:
256,192,82229,1,0,0:0:0:0:
402,192,82229,1,0,0:0:0:0:
475,192,82229,1,0,0:0:0:0:
182,192,82364,1,0,0:0:0:0:
256,192,82364,1,0,0:0:0:0:
329,192,82364,1,0,0:0:0:0:
36,192,82432,1,0,0:0:0:0:
475,192,82432,1,0,0:0:0:0:
182,192,82499,1,0,0:0:0:0:
256,192,82499,1,0,0:0:0:0:
329,192,82499,1,0,0:0:0:0:
109,192,82635,1,0,0:0:0:0:
182,192,82635,1,0,0:0:0:0:
329,192,82635,1,0,0:0:0:0:
402,192,82635,1,0,0:0:0:0:
36,192,82770,1,0,0:0:0:0:
256,192,82770,1,0,0:0:0:0:
475,192,82770,1,0,0:0:0:0:
182,192,82837,1,0,0:0:0:0:
329,192,82837,1,0,0:0:0:0:
36,192,82905,1,0,0:0:0:0:
475,192,82905,1,0,0:0:0:0:
36,192,83040,1,0,0:0:0:0:
109,192,83040,1,0,0:0:0:0:
256,192,83040,1,0,0:0:0:0:
402,192,83040,1,0,0:0:0:0:
475,192,83040,1,0,0:0:0:0:
182,192,83175,1,0,0:0:0:0:
329,192,83175,1,0,0:0:0:0:
109,192,83310,1,0,0:0:0:0:
256,0,83310,128,0,83581:0:0:0:0:
329,192,83310,1,0,0:0:0:0:
36,0,83445,128,0,83783:0:0:0:0:
329,192,83445,1,0,0:0:0:0:
109,0,83513,128,0,83783:0:0:0:0:
182,0,83581,128,0,83783:0:0:0:0:
329,192,83581,1,0,0:0:0:0:
402,192,83581,1,0,0:0:0:0:
475,192,83581,1,0,0:0:0:0:
256,0,83648,128,0,83783:0:0:0:0:
329,0,83716,128,0,83783:0:0:0:0:
36,192,83851,1,0,0:0:0:0:
256,192,83851,1,0,0:0:0:0:
402,0,83986,128,0,84054:0:0:0:0:
36,192,84121,1,0,0:0:0:0:
109,192,84121,1,0,0:0:0:0:
182,192,84121,1,0,0:0:0:0:
475,0,84121,128,0,84391:0:0:0:0:
402,0,84189,128,0,84391:0:0:0:0:
329,0,84256,128,0,84391:0:0:0:0:
36,192,84324,1,0,0:0:0:0:
182,192,84324,1,0,0:0:0:0:
256,0,84324,128,0,84391:0:0:0:0:
109,192,84391,1,0,0:0:0:0:
36,192,84459,1,0,0:0:0:0:
182,192,84459,1,0,0:0:0:0:
329,192,84459,1,0,0:0:0:0:
475,192,84459,1,0,0:0:0:0:
109,192,84527,1,0,0:0:0:0:
256,192,84527,1,0,0:0:0:0:
402,192,84527,1,0,0:0:0:0:
109,192,84662,1,0,0:0:0:0:
182,192,84662,1,0,0:0:0:0:
256,192,84662,1,0,0:0:0:0:
329,192,84662,1,0,0:0:0:0:
402,192,84662,1,0,0:0:0:0:
329,0,84797,128,0,84932:0:0:0:0:
475,0,84797,128,0,84932:0:0:0:0:
36,192,84932,1,0,0:0:0:0:
109,192,84932,1,0,0:0:0:0:
182,192,84932,1,0,0:0:0:0:
256,192,84999,1,0,0:0:0:0:
402,192,84999,1,0,0:0:0:0:
36,192,85067,1,0,0:0:0:0:
182,192,85067,1,0,0:0:0:0:
36,192,85202,1,0,0:0:0:0:
182,192,85202,1,0,0:0:0:0:
329,192,85202,1,0,0:0:0:0:
402,192,85202,1,0,0:0:0:0:
475,0,85202,128,0,85472:0:0:0:0:
109,192,85270,1,0,0:0:0:0:
256,192,85270,1,0,0:0:0:0:
182,192,85337,1,0,0:0:0:0:
402,192,85337,1,0,0:0:0:0:
329,0,85337,128,0,85472:0:0:0:0:
36,0,85472,128,0,85675:0:0:0:0:
256,192,85472,1,0,0:0:0:0:
109,0,85540,128,0,85675:0:0:0:0:
329,192,85540,1,0,0:0:0:0:
182,0,85608,128,0,85675:0:0:0:0:
256,192,85608,1,0,0:0:0:0:
402,192,85608,1,0,0:0:0:0:
36,192,85743,1,0,0:0:0:0:
109,192,85743,1,0,0:0:0:0:
256,192,85743,1,0,0:0:0:0:
329,192,85743,1,0,0:0:0:0:
475,192,85743,1,0,0:0:0:0:
36,0,85878,128,0,86013:0:0:0:0:
182,0,85878,128,0,86013:0:0:0:0:
109,192,86013,1,0,0:0:0:0:
256,192,86013,1,0,0:0:0:0:
329,192,86013,1,0,0:0:0:0:
402,192,86081,1,0,0:0:0:0:
182,192,86148,1,0,0:0:0:0:
475,192,86148,1,0,0:0:0:0:
36,192,86283,1,0,0:0:0:0:
109,192,86283,1,0,0:0:0:0:
256,192,86283,1,0,0:0:0:0:
402,192,86283,1,0,0:0:0:0:
475,192,86283,1,0,0:0:0:0:
182,0,86283,128,0,86554:0:0:0:0:
329,192,86418,1,0,0:0:0:0:
36,0,86418,128,0,86554:0:0:0:0:
109,192,86554,1,0,0:0:0:0:
256,192,86554,1,0,0:0:0:0:
402,192,86554,1,0,0:0:0:0:
109,0,86689,128,0,86824:0:0:0:0:
256,192,86689,1,0,0:0:0:0:
329,0,86689,128,0,86824:0:0:0:0:
475,0,86689,128,0,86824:0:0:0:0:
36,192,86824,1,0,0:0:0:0:
182,192,86824,1,0,0:0:0:0:
256,192,86824,1,0,0:0:0:0:
402,192,86824,1,0,0:0:0:0:
36,0,86959,128,0,87094:0:0:0:0:
182,0,86959,128,0,87094:0:0:0:0:
402,0,86959,128,0,87094:0:0:0:0:
109,192,87094,1,0,0:0:0:0:
256,192,87094,1,0,0:0:0:0:
329,192,87094,1,0,0:0:0:0:
475,192,87094,1,0,0:0:0:0:
109,0,87229,128,0,87364:0:0:0:0:
329,0,87229,128,0,87364:0:0:0:0:
475,0,87229,128,0,87364:0:0:0:0:
36,192,87364,1,0,0:0:0:0:
182,192,87364,1,0,0:0:0:0:
256,192,87364,1,0,0:0:0:0:
402,192,87364,1,0,0:0:0:0:
36,0,87499,128,0,88175:0:0:0:0:
182,0,87499,128,0,88175:0:0:0:0:
402,0,87499,128,0,88175:0:0:0:0:
109,192,87635,1,0,0:0:0:0:
256,192,87635,1,0,0:0:0:0:
329,192,87635,1,0,0:0:0:0:
475,192,87635,1,0,0:0:0:0:
109,192,87770,1,0,0:0:0:0:
256,192,87770,1,0,0:0:0:0:
329,192,87770,1,0,0:0:0:0:
475,192,87770,1,0,0:0:0:0:
109,192,87905,1,0,0:0:0:0:
256,192,87905,1,0,0:0:0:0:
329,192,87905,1,0,0:0:0:0:
475,192,87905,1,0,0:0:0:0:
109,0,88175,128,0,88175:0:0:0:0:
329,0,88175,128,0,88175:0:0:0:0:
475,0,88175,128,0,88175:0:0:0:0:
109,0,88243,128,0,88243:0:0:0:0:
256,0,88243,128,0,88243:0:0:0:0:
402,0,88243,128,0,88243:0:0:0:0:
182,0,88310,128,0,88310:0:0:0:0:
329,0,88310,128,0,88310:0:0:0:0:
182,0,88445,128,0,88445:0:0:0:0:
256,0,88445,128,0,88445:0:0:0:0:
329,0,88445,128,0,88445:0:0:0:0:
182,0,88581,128,0,88581:0:0:0:0:
256,0,88581,128,0,88581:0:0:0:0:
329,0,88581,128,0,88581:0:0:0:0:
109,192,88716,1,0,0:0:0:0:
256,192,88716,1,0,0:0:0:0:
402,192,88716,1,0,0:0:0:0:
109,192,88851,1,0,0:0:0:0:
256,192,88851,1,0,0:0:0:0:
402,192,88851,1,0,0:0:0:0:
36,192,88918,1,0,0:0:0:0:
329,192,88918,1,0,0:0:0:0:
36,192,88986,1,0,0:0:0:0:
109,192,88986,1,0,0:0:0:0:
256,192,88986,1,0,0:0:0:0:
402,192,88986,1,0,0:0:0:0:
475,192,88986,1,0,0:0:0:0:
36,192,89121,1,0,0:0:0:0:
182,192,89121,1,0,0:0:0:0:
329,192,89121,1,0,0:0:0:0:
475,192,89121,1,0,0:0:0:0:
109,192,89256,1,0,0:0:0:0:
256,192,89256,1,0,0:0:0:0:
402,192,89256,1,0,0:0:0:0:
182,192,89324,1,0,0:0:0:0:
475,192,89324,1,0,0:0:0:0:
109,192,89391,1,0,0:0:0:0:
402,192,89391,1,0,0:0:0:0:
475,192,89391,1,0,0:0:0:0:
109,192,89526,1,0,0:0:0:0:
256,192,89526,1,0,0:0:0:0:
329,192,89526,1,0,0:0:0:0:
402,192,89526,1,0,0:0:0:0:
475,192,89526,1,0,0:0:0:0:
36,0,89526,128,0,89797:0:0:0:0:
182,0,89526,128,0,89797:0:0:0:0:
329,0,89662,128,0,89797:0:0:0:0:
475,0,89662,128,0,89797:0:0:0:0:
256,0,89797,128,0,89999:0:0:0:0:
36,0,89932,128,0,89999:0:0:0:0:
109,0,89932,128,0,89999:0:0:0:0:
182,0,89932,128,0,89999:0:0:0:0:
329,0,89932,128,0,89999:0:0:0:0:
402,192,89932,1,0,0:0:0:0:
475,192,89932,1,0,0:0:0:0:
256,0,90067,128,0,90270:0:0:0:0:
36,192,90202,1,0,0:0:0:0:
109,0,90202,128,0,90270:0:0:0:0:
182,0,90202,128,0,90270:0:0:0:0:
329,0,90202,128,0,90270:0:0:0:0:
402,0,90202,128,0,90270:0:0:0:0:
475,192,90202,1,0,0:0:0:0:
256,0,90337,128,0,90540:0:0:0:0:
36,192,90472,1,0,0:0:0:0:
109,192,90472,1,0,0:0:0:0:
182,0,90472,128,0,90540:0:0:0:0:
329,0,90472,128,0,90540:0:0:0:0:
402,0,90472,128,0,90540:0:0:0:0:
475,0,90472,128,0,90540:0:0:0:0:
329,192,90608,1,0,0:0:0:0:
475,192,90608,1,0,0:0:0:0:
36,192,90675,1,0,0:0:0:0:
182,192,90675,1,0,0:0:0:0:
109,192,90743,1,0,0:0:0:0:
256,192,90743,1,0,0:0:0:0:
182,192,90810,1,0,0:0:0:0:
329,192,90810,1,0,0:0:0:0:
36,192,90878,1,0,0:0:0:0:
109,192,90878,1,0,0:0:0:0:
256,192,90878,1,0,0:0:0:0:
402,192,90878,1,0,0:0:0:0:
475,192,90878,1,0,0:0:0:0:
182,192,91013,1,0,0:0:0:0:
256,192,91013,1,0,0:0:0:0:
329,192,91013,1,0,0:0:0:0:
182,192,91081,1,0,0:0:0:0:
475,192,91081,1,0,0:0:0:0:
109,192,91148,1,0,0:0:0:0:
256,192,91148,1,0,0:0:0:0:
329,192,91148,1,0,0:0:0:0:
109,192,91283,1,0,0:0:0:0:
182,192,91283,1,0,0:0:0:0:
329,192,91283,1,0,0:0:0:0:
402,192,91283,1,0,0:0:0:0:
36,192,91418,1,0,0:0:0:0:
256,192,91418,1,0,0:0:0:0:
475,192,91418,1,0,0:0:0:0:
182,192,91486,1,0,0:0:0:0:
475,192,91486,1,0,0:0:0:0:
36,192,91554,1,0,0:0:0:0:
402,192,91554,1,0,0:0:0:0:
36,192,91689,1,0,0:0:0:0:
109,192,91689,1,0,0:0:0:0:
256,192,91689,1,0,0:0:0:0:
402,192,91689,1,0,0:0:0:0:
475,192,91689,1,0,0:0:0:0:
182,192,91824,1,0,0:0:0:0:
329,192,91824,1,0,0:0:0:0:
109,192,91959,1,0,0:0:0:0:
256,0,91959,128,0,92229:0:0:0:0:
329,192,91959,1,0,0:0:0:0:
36,0,92094,128,0,92432:0:0:0:0:
329,192,92094,1,0,0:0:0:0:
109,0,92162,128,0,92432:0:0:0:0:
182,0,92229,128,0,92432:0:0:0:0:
329,192,92229,1,0,0:0:0:0:
402,192,92229,1,0,0:0:0:0:
475,192,92229,1,0,0:0:0:0:
256,0,92297,128,0,92432:0:0:0:0:
329,0,92364,128,0,92432:0:0:0:0:
36,192,92499,1,0,0:0:0:0:
256,192,92499,1,0,0:0:0:0:
402,0,92635,128,0,92702:0:0:0:0:
36,192,92770,1,0,0:0:0:0:
109,192,92770,1,0,0:0:0:0:
182,192,92770,1,0,0:0:0:0:
475,0,92770,128,0,93040:0:0:0:0:
402,0,92837,128,0,93040:0:0:0:0:
329,0,92905,128,0,93040:0:0:0:0:
36,192,92972,1,0,0:0:0:0:
182,192,92972,1,0,0:0:0:0:
256,0,92972,128,0,93040:0:0:0:0:
109,192,93040,1,0,0:0:0:0:
36,192,93108,1,0,0:0:0:0:
182,192,93108,1,0,0:0:0:0:
329,192,93108,1,0,0:0:0:0:
475,192,93108,1,0,0:0:0:0:
109,192,93175,1,0,0:0:0:0:
256,192,93175,1,0,0:0:0:0:
402,192,93175,1,0,0:0:0:0:
109,192,93310,1,0,0:0:0:0:
182,192,93310,1,0,0:0:0:0:
256,192,93310,1,0,0:0:0:0:
329,192,93310,1,0,0:0:0:0:
402,192,93310,1,0,0:0:0:0:
329,0,93445,128,0,93581:0:0:0:0:
475,0,93445,128,0,93581:0:0:0:0:
36,192,93581,1,0,0:0:0:0:
109,192,93581,1,0,0:0:0:0:
182,192,93581,1,0,0:0:0:0:
256,192,93648,1,0,0:0:0:0:
402,192,93648,1,0,0:0:0:0:
36,192,93716,1,0,0:0:0:0:
182,192,93716,1,0,0:0:0:0:
36,192,93851,1,0,0:0:0:0:
182,192,93851,1,0,0:0:0:0:
329,192,93851,1,0,0:0:0:0:
402,192,93851,1,0,0:0:0:0:
475,0,93851,128,0,94121:0:0:0:0:
109,192,93918,1,0,0:0:0:0:
256,192,93918,1,0,0:0:0:0:
182,192,93986,1,0,0:0:0:0:
402,192,93986,1,0,0:0:0:0:
329,0,93986,128,0,94121:0:0:0:0:
36,0,94121,128,0,94324:0:0:0:0:
256,192,94121,1,0,0:0:0:0:
109,0,94189,128,0,94324:0:0:0:0:
329,192,94189,1,0,0:0:0:0:
182,0,94256,128,0,94324:0:0:0:0:
256,192,94256,1,0,0:0:0:0:
402,192,94256,1,0,0:0:0:0:
36,192,94391,1,0,0:0:0:0:
109,192,94391,1,0,0:0:0:0:
256,192,94391,1,0,0:0:0:0:
329,192,94391,1,0,0:0:0:0:
475,192,94391,1,0,0:0:0:0:
36,0,94526,128,0,94662:0:0:0:0:
182,0,94526,128,0,94662:0:0:0:0:
109,192,94662,1,0,0:0:0:0:
256,192,94662,1,0,0:0:0:0:
329,192,94662,1,0,0:0:0:0:
402,192,94729,1,0,0:0:0:0:
182,192,94797,1,0,0:0:0:0:
475,192,94797,1,0,0:0:0:0:
36,192,94932,1,0,0:0:0:0:
109,192,94932,1,0,0:0:0:0:
256,192,94932,1,0,0:0:0:0:
402,192,94932,1,0,0:0:0:0:
475,192,94932,1,0,0:0:0:0:
182,0,94932,128,0,95202:0:0:0:0:
329,192,95067,1,0,0:0:0:0:
36,0,95067,128,0,95202:0:0:0:0:
109,192,95202,1,0,0:0:0:0:
256,192,95202,1,0,0:0:0:0:
329,192,95202,1,0,0:0:0:0:
402,192,95202,1,0,0:0:0:0:
475,192,95202,1,0,0:0:0:0:
256,192,95337,1,0,0:0:0:0:
36,0,95337,128,0,96283:0:0:0:0:
109,192,95472,1,0,0:0:0:0:
256,192,95472,1,0,0:0:0:0:
329,192,95472,1,0,0:0:0:0:
402,192,95472,1,0,0:0:0:0:
475,192,95472,1,0,0:0:0:0:
182,0,95608,128,0,96283:0:0:0:0:
109,192,95743,1,0,0:0:0:0:
256,192,95743,1,0,0:0:0:0:
402,192,95743,1,0,0:0:0:0:
329,0,95878,128,0,96283:0:0:0:0:
109,192,96013,1,0,0:0:0:0:
256,192,96013,1,0,0:0:0:0:
402,192,96013,1,0,0:0:0:0:
475,192,96013,1,0,0:0:0:0:
475,0,96148,128,0,96283:0:0:0:0:
109,192,96283,1,0,0:0:0:0:
256,192,96283,1,0,0:0:0:0:
402,0,96283,128,0,97094:0:0:0:0:
109,0,96689,128,0,97094:0:0:0:0:
256,0,96824,128,0,97094:0:0:0:0:
36,0,97364,128,0,98108:0:0:0:0:
109,0,97364,128,0,97837:0:0:0:0:
182,0,97364,128,0,97567:0:0:0:0:
256,192,97364,1,0,0:0:0:0:
329,192,97364,1,0,0:0:0:0:
475,192,97364,1,0,0:0:0:0:
402,0,97499,128,0,97972:0:0:0:0:
475,192,97499,1,0,0:0:0:0:
182,0,97635,128,0,97837:0:0:0:0:
256,0,97635,128,0,97837:0:0:0:0:
329,0,97635,128,0,98378:0:0:0:0:
475,192,97635,1,0,0:0:0:0:
475,0,97770,128,0,98378:0:0:0:0:
109,0,97905,128,0,98108:0:0:0:0:
182,0,97905,128,0,98108:0:0:0:0:
256,0,97905,128,0,98243:0:0:0:0:
402,0,98040,128,0,98378:0:0:0:0:
36,0,98175,128,0,98783:0:0:0:0:
109,0,98175,128,0,98513:0:0:0:0:
182,0,98175,128,0,98648:0:0:0:0:
256,0,98310,128,0,98648:0:0:0:0:
329,0,98445,128,0,98648:0:0:0:0:
402,0,98445,128,0,98918:0:0:0:0:
475,0,98445,128,0,99189:0:0:0:0:
109,0,98581,128,0,99054:0:0:0:0:
182,0,98716,128,0,99459:0:0:0:0:
256,0,98716,128,0,98918:0:0:0:0:
329,0,98716,128,0,98918:0:0:0:0:
36,0,98851,128,0,99459:0:0:0:0:
256,0,98986,128,0,99324:0:0:0:0:
329,0,98986,128,0,99189:0:0:0:0:
402,0,98986,128,0,99189:0:0:0:0:
109,0,99121,128,0,99459:0:0:0:0:
402,0,99256,128,0,99459:0:0:0:0:
329,0,99256,128,0,99594:0:0:0:0:
475,0,99256,128,0,99729:0:0:0:0:
256,0,99391,128,0,99729:0:0:0:0:
36,0,99526,128,0,99999:0:0:0:0:
109,0,99526,128,0,99729:0:0:0:0:
182,0,99526,128,0,99729:0:0:0:0:
402,0,99526,128,0,99864:0:0:0:0:
329,0,99662,128,0,99999:0:0:0:0:
109,0,99797,128,0,100135:0:0:0:0:
182,0,99797,128,0,99999:0:0:0:0:
256,0,99797,128,0,99999:0:0:0:0:
475,0,99797,128,0,100540:0:0:0:0:
402,0,99932,128,0,100270:0:0:0:0:
36,0,100067,128,0,100405:0:0:0:0:
182,0,100067,128,0,100270:0:0:0:0:
256,0,100067,128,0,100270:0:0:0:0:
329,0,100067,128,0,100270:0:0:0:0:
109,0,100202,128,0,100540:0:0:0:0:
329,0,100337,128,0,100540:0:0:0:0:
402,0,100337,128,0,100540:0:0:0:0:
182,0,100337,128,0,100675:0:0:0:0:
256,0,100337,128,0,100810:0:0:0:0:
36,0,100472,128,0,100810:0:0:0:0:
109,0,100608,128,0,100945:0:0:0:0:
329,0,100608,128,0,100810:0:0:0:0:
402,0,100608,128,0,100810:0:0:0:0:
475,0,100608,128,0,101081:0:0:0:0:
182,0,100743,128,0,101081:0:0:0:0:
36,0,100878,128,0,101216:0:0:0:0:
256,0,100878,128,0,101081:0:0:0:0:
329,0,100878,128,0,101081:0:0:0:0:
402,0,100878,128,0,101486:0:0:0:0:
109,0,101013,128,0,101351:0:0:0:0:
182,0,101148,128,0,101351:0:0:0:0:
256,0,101148,128,0,101351:0:0:0:0:
329,0,101148,128,0,101554:0:0:0:0:
475,0,101148,128,0,101554:0:0:0:0:
36,0,101283,128,0,101554:0:0:0:0:
109,0,101418,128,0,101621:0:0:0:0:
182,0,101418,128,0,101554:0:0:0:0:
256,0,101418,128,0,101554:0:0:0:0:
402,0,101554,128,0,101621:0:0:0:0:
36,192,101621,1,0,0:0:0:0:
182,192,101621,1,0,0:0:0:0:
256,192,101621,1,0,0:0:0:0:
329,192,101621,1,0,0:0:0:0:
475,192,101621,1,0,0:0:0:0:
109,192,101689,1,0,0:0:0:0:
402,192,101689,1,0,0:0:0:0:
36,192,101756,1,0,0:0:0:0:
182,192,101756,1,0,0:0:0:0:
256,192,101756,1,0,0:0:0:0:
329,192,101756,1,0,0:0:0:0:
475,192,101756,1,0,0:0:0:0:
256,192,101824,1,0,0:0:0:0:
36,0,101959,128,0,102432:0:0:0:0:
109,0,101959,128,0,102162:0:0:0:0:
182,0,101959,128,0,102162:0:0:0:0:
256,0,101959,128,0,102162:0:0:0:0:
329,0,101959,128,0,102702:0:0:0:0:
402,0,101959,128,0,102297:0:0:0:0:
475,0,101959,128,0,102026:0:0:0:0:
475,0,102094,128,0,102702:0:0:0:0:
109,0,102229,128,0,102432:0:0:0:0:
182,0,102229,128,0,102432:0:0:0:0:
256,0,102229,128,0,102567:0:0:0:0:
402,0,102364,128,0,102702:0:0:0:0:
36,0,102499,128,0,103108:0:0:0:0:
109,0,102499,128,0,102837:0:0:0:0:
182,0,102499,128,0,102972:0:0:0:0:
256,0,102635,128,0,102972:0:0:0:0:
329,0,102770,128,0,102972:0:0:0:0:
402,0,102770,128,0,103243:0:0:0:0:
475,0,102770,128,0,103513:0:0:0:0:
109,0,102905,128,0,103378:0:0:0:0:
182,0,103040,128,0,103783:0:0:0:0:
256,0,103040,128,0,103243:0:0:0:0:
329,0,103040,128,0,103243:0:0:0:0:
36,0,103175,128,0,103783:0:0:0:0:
256,0,103310,128,0,103648:0:0:0:0:
329,0,103310,128,0,103513:0:0:0:0:
402,0,103310,128,0,103513:0:0:0:0:
109,0,103445,128,0,103783:0:0:0:0:
402,0,103581,128,0,103783:0:0:0:0:
329,0,103581,128,0,103918:0:0:0:0:
475,0,103581,128,0,104054:0:0:0:0:
256,0,103716,128,0,104054:0:0:0:0:
36,0,103851,128,0,104324:0:0:0:0:
109,0,103851,128,0,104054:0:0:0:0:
182,0,103851,128,0,104054:0:0:0:0:
402,0,103851,128,0,104189:0:0:0:0:
329,0,103986,128,0,104324:0:0:0:0:
109,0,104121,128,0,104459:0:0:0:0:
182,0,104121,128,0,104324:0:0:0:0:
256,0,104121,128,0,104324:0:0:0:0:
475,0,104121,128,0,104864:0:0:0:0:
402,0,104256,128,0,104594:0:0:0:0:
36,0,104391,128,0,104729:0:0:0:0:
182,0,104391,128,0,104594:0:0:0:0:
256,0,104391,128,0,104594:0:0:0:0:
329,0,104391,128,0,104594:0:0:0:0:
109,0,104526,128,0,104864:0:0:0:0:
329,0,104662,128,0,104864:0:0:0:0:
402,0,104662,128,0,104864:0:0:0:0:
182,0,104662,128,0,104999:0:0:0:0:
256,0,104662,128,0,105135:0:0:0:0:
36,0,104797,128,0,105135:0:0:0:0:
109,0,104932,128,0,105270:0:0:0:0:
329,0,104932,128,0,105135:0:0:0:0:
402,0,104932,128,0,105135:0:0:0:0:
475,0,104932,128,0,105405:0:0:0:0:
182,0,105067,128,0,105405:0:0:0:0:
36,0,105202,128,0,105540:0:0:0:0:
256,0,105202,128,0,105405:0:0:0:0:
329,0,105202,128,0,105405:0:0:0:0:
402,0,105202,128,0,105810:0:0:0:0:
109,0,105337,128,0,105675:0:0:0:0:
182,0,105472,128,0,105675:0:0:0:0:
256,0,105472,128,0,105675:0:0:0:0:
329,0,105472,128,0,105945:0:0:0:0:
475,0,105472,128,0,105945:0:0:0:0:
36,0,105608,128,0,105945:0:0:0:0:
182,0,105743,128,0,105945:0:0:0:0:
256,0,105743,128,0,105945:0:0:0:0:
109,0,105743,128,0,106790:0:0:0:0:
402,0,105878,128,0,106926:0:0:0:0:
36,192,106013,1,0,0:0:0:0:
182,192,106013,1,0,0:0:0:0:
256,192,106013,1,0,0:0:0:0:
329,192,106013,1,0,0:0:0:0:
182,192,106216,1,0,0:0:0:0:
256,192,106216,1,0,0:0:0:0:
329,192,106216,1,0,0:0:0:0:
475,192,106216,1,0,0:0:0:0:
36,192,106418,1,0,0:0:0:0:
182,192,106418,1,0,0:0:0:0:
329,192,106418,1,0,0:0:0:0:
475,192,106418,1,0,0:0:0:0:
182,192,106621,1,0,0:0:0:0:
256,192,106621,1,0,0:0:0:0:
329,192,106621,1,0,0:0:0:0:
36,0,106621,128,0,107617:0:0:0:0:
475,0,106621,128,0,107617:0:0:0:0:
109,192,106824,1,0,0:0:0:0:
402,192,106959,1,0,0:0:0:0:
109,192,107094,1,0,0:0:0:0:
182,192,107094,1,0,0:0:0:0:
256,192,107094,1,0,0:0:0:0:
329,192,107094,1,0,0:0:0:0:
182,192,107297,1,0,0:0:0:0:
256,192,107297,1,0,0:0:0:0:
329,192,107297,1,0,0:0:0:0:
402,192,107297,1,0,0:0:0:0:
109,192,107499,1,0,0:0:0:0:
182,192,107499,1,0,0:0:0:0:
256,192,107499,1,0,0:0:0:0:
329,192,107499,1,0,0:0:0:0:
402,192,107499,1,0,0:0:0:0:
36,0,107634,128,0,107635:0:0:0:0:
109,0,107634,128,0,107635:0:0:0:0:
182,0,107634,128,0,107635:0:0:0:0:
256,0,107634,128,0,107635:0:0:0:0:
329,0,107634,128,0,107635:0:0:0:0:
402,0,107634,128,0,107635:0:0:0:0:
475,0,107634,128,0,107635:0:0:0:0:
36,192,107770,1,0,0:0:0:0:
109,192,107770,1,0,0:0:0:0:
402,192,107770,1,0,0:0:0:0:
475,192,107770,1,0,0:0:0:0:
182,0,107770,128,0,108986:0:0:0:0:
329,0,107770,128,0,108986:0:0:0:0:
36,192,107972,1,0,0:0:0:0:
109,192,107972,1,0,0:0:0:0:
256,192,107972,1,0,0:0:0:0:
402,192,107972,1,0,0:0:0:0:
109,192,108175,1,0,0:0:0:0:
256,192,108175,1,0,0:0:0:0:
402,192,108175,1,0,0:0:0:0:
475,192,108175,1,0,0:0:0:0:
36,192,108378,1,0,0:0:0:0:
256,192,108378,1,0,0:0:0:0:
402,192,108378,1,0,0:0:0:0:
475,192,108378,1,0,0:0:0:0:
36,192,108581,1,0,0:0:0:0:
109,192,108581,1,0,0:0:0:0:
256,192,108581,1,0,0:0:0:0:
475,192,108581,1,0,0:0:0:0:
109,192,108783,1,0,0:0:0:0:
402,192,108783,1,0,0:0:0:0:
36,0,108783,128,0,109797:0:0:0:0:
475,0,108783,128,0,109797:0:0:0:0:
256,0,108783,128,0,110338:0:0:0:0:
109,0,108986,128,0,109256:0:0:0:0:
402,0,108986,128,0,109256:0:0:0:0:
182,192,109256,1,0,0:0:0:0:
402,192,109392,1,0,0:0:0:0:
329,192,109527,1,0,0:0:0:0:
109,192,109662,1,0,0:0:0:0:
109,192,109797,1,0,0:0:0:0:
182,192,109797,1,0,0:0:0:0:
329,192,109797,1,0,0:0:0:0:
402,192,109797,1,0,0:0:0:0:
36,192,109932,1,0,0:0:0:0:
475,192,109932,1,0,0:0:0:0:
109,192,110067,1,0,0:0:0:0:
402,192,110067,1,0,0:0:0:0:
182,192,110202,1,0,0:0:0:0:
329,192,110202,1,0,0:0:0:0:
36,0,110338,128,0,111114:0:0:0:0:
109,192,110338,1,0,0:0:0:0:
182,192,110338,1,0,0:0:0:0:
329,192,110338,1,0,0:0:0:0:
402,192,110338,1,0,0:0:0:0:
475,0,110338,128,0,111250:0:0:0:0:
109,192,110540,1,0,0:0:0:0:
182,192,110540,1,0,0:0:0:0:
256,192,110540,1,0,0:0:0:0:
329,192,110540,1,0,0:0:0:0:
109,192,110743,1,0,0:0:0:0:
182,192,110743,1,0,0:0:0:0:
256,192,110743,1,0,0:0:0:0:
329,192,110743,1,0,0:0:0:0:
402,192,110743,1,0,0:0:0:0:
182,192,110945,1,0,0:0:0:0:
256,192,110945,1,0,0:0:0:0:
329,192,110945,1,0,0:0:0:0:
109,0,110945,128,0,111942:0:0:0:0:
402,0,110945,128,0,111942:0:0:0:0:
36,192,111148,1,0,0:0:0:0:
475,192,111283,1,0,0:0:0:0:
182,192,111418,1,0,0:0:0:0:
256,192,111418,1,0,0:0:0:0:
329,192,111418,1,0,0:0:0:0:
475,192,111418,1,0,0:0:0:0:
36,192,111621,1,0,0:0:0:0:
182,192,111621,1,0,0:0:0:0:
256,192,111621,1,0,0:0:0:0:
329,192,111621,1,0,0:0:0:0:
36,192,111824,1,0,0:0:0:0:
182,192,111824,1,0,0:0:0:0:
256,192,111824,1,0,0:0:0:0:
329,192,111824,1,0,0:0:0:0:
475,192,111824,1,0,0:0:0:0:
36,0,111959,128,0,111959:0:0:0:0:
109,0,111959,128,0,111959:0:0:0:0:
182,0,111959,128,0,111959:0:0:0:0:
256,0,111959,128,0,111959:0:0:0:0:
329,0,111959,128,0,111959:0:0:0:0:
402,0,111959,128,0,111959:0:0:0:0:
475,0,111959,128,0,111959:0:0:0:0:
182,192,112094,1,0,0:0:0:0:
256,192,112094,1,0,0:0:0:0:
329,192,112094,1,0,0:0:0:0:
402,192,112094,1,0,0:0:0:0:
475,192,112094,1,0,0:0:0:0:
36,192,112297,1,0,0:0:0:0:
109,192,112297,1,0,0:0:0:0:
182,192,112297,1,0,0:0:0:0:
256,192,112297,1,0,0:0:0:0:
402,192,112297,1,0,0:0:0:0:
109,192,112499,1,0,0:0:0:0:
182,192,112499,1,0,0:0:0:0:
329,192,112499,1,0,0:0:0:0:
402,192,112499,1,0,0:0:0:0:
475,192,112499,1,0,0:0:0:0:
36,192,112702,1,0,0:0:0:0:
109,192,112702,1,0,0:0:0:0:
256,192,112702,1,0,0:0:0:0:
402,192,112702,1,0,0:0:0:0:
475,192,112702,1,0,0:0:0:0:
36,192,112905,1,0,0:0:0:0:
182,192,112905,1,0,0:0:0:0:
256,192,112905,1,0,0:0:0:0:
329,192,112905,1,0,0:0:0:0:
475,192,112905,1,0,0:0:0:0:
36,192,113040,1,0,0:0:0:0:
109,192,113040,1,0,0:0:0:0:
182,192,113040,1,0,0:0:0:0:
329,192,113040,1,0,0:0:0:0:
402,192,113040,1,0,0:0:0:0:
475,192,113040,1,0,0:0:0:0:
109,192,113243,1,0,0:0:0:0:
182,192,113243,1,0,0:0:0:0:
256,192,113243,1,0,0:0:0:0:
329,192,113243,1,0,0:0:0:0:
475,192,113243,1,0,0:0:0:0:
36,192,113445,1,0,0:0:0:0:
109,192,113445,1,0,0:0:0:0:
256,192,113445,1,0,0:0:0:0:
402,192,113445,1,0,0:0:0:0:
475,192,113445,1,0,0:0:0:0:
36,192,113580,1,0,0:0:0:0:
109,192,113580,1,0,0:0:0:0:
182,192,113580,1,0,0:0:0:0:
329,192,113580,1,0,0:0:0:0:
402,192,113580,1,0,0:0:0:0:
475,192,113580,1,0,0:0:0:0:
36,192,113715,1,0,0:0:0:0:
109,192,113715,1,0,0:0:0:0:
182,192,113715,1,0,0:0:0:0:
256,192,113715,1,0,0:0:0:0:
329,192,113715,1,0,0:0:0:0:
402,192,113715,1,0,0:0:0:0:
475,192,113715,1,0,0:0:0:0:
36,192,113851,1,0,0:0:0:0:
109,192,113851,1,0,0:0:0:0:
182,192,113851,1,0,0:0:0:0:
329,192,113851,1,0,0:0:0:0:
402,192,113851,1,0,0:0:0:0:
475,192,113851,1,0,0:0:0:0:
256,0,113851,128,0,115593:0:0:0:0:
36,192,113986,1,0,0:0:0:0:
109,192,113986,1,0,0:0:0:0:
182,192,113986,1,0,0:0:0:0:
329,192,113986,1,0,0:0:0:0:
402,192,113986,1,0,0:0:0:0:
475,192,113986,1,0,0:0:0:0:
36,192,114121,1,0,0:0:0:0:
109,192,114121,1,0,0:0:0:0:
182,192,114121,1,0,0:0:0:0:
329,192,114189,1,0,0:0:0:0:
402,192,114189,1,0,0:0:0:0:
475,192,114189,1,0,0:0:0:0:
36,192,114257,1,0,0:0:0:0:
109,192,114257,1,0,0:0:0:0:
182,192,114257,1,0,0:0:0:0:
329,192,114324,1,0,0:0:0:0:
402,192,114324,1,0,0:0:0:0:
475,192,114324,1,0,0:0:0:0:
36,192,114392,1,0,0:0:0:0:
109,192,114392,1,0,0:0:0:0:
182,192,114392,1,0,0:0:0:0:
329,192,114392,1,0,0:0:0:0:
402,192,114392,1,0,0:0:0:0:
475,192,114392,1,0,0:0:0:0:
