[Metadata]
IZANA
t+pazolite vs P*Light
inava
arcaea
73
0


[TimingPoints]
1139,270.27027027027,4,2,0,0,1,0
26003,-66.6666666666667,4,2,0,5,0,0
26070,-100,4,2,0,5,0,0
26138,-133.333333333333,4,2,0,5,0,0
26273,-100,4,2,0,5,0,0
26408,-66.6666666666667,4,2,0,5,0,0
26475,-100,4,2,0,5,0,0
26543,-133.333333333333,4,2,0,5,0,0
26678,-100,4,2,0,5,0,0
27084,-66.6666666666667,4,2,0,5,0,0
27151,-100,4,2,0,5,0,0
27219,-133.333333333333,4,2,0,5,0,0
27354,-100,4,2,0,5,0,0
27489,-66.6666666666667,4,2,0,5,0,0
27556,-100,4,2,0,5,0,0
27624,-133.333333333333,4,2,0,5,0,0
27759,-100,4,2,0,5,0,0
28165,-66.6666666666667,4,2,0,5,0,0
28232,-100,4,2,0,5,0,0
28300,-133.333333333333,4,2,0,5,0,0
28435,-100,4,2,0,5,0,0
28570,-66.6666666666667,4,2,0,5,0,0
28637,-100,4,2,0,5,0,0
28705,-133.333333333333,4,2,0,5,0,0
28840,-100,4,2,0,5,0,0
46544,-66.6666666666667,4,2,0,5,0,0
46611,-100,4,2,0,5,0,0
46679,-133.333333333333,4,2,0,5,0,0
46747,-66.6666666666667,4,2,0,5,0,0
46814,-100,4,2,0,5,0,0
46882,-133.333333333333,4,2,0,5,0,0
46950,-66.6666666666667,4,2,0,5,0,0
47017,-100,4,2,0,5,0,0
47085,-133.333333333333,4,2,0,5,0,0
47153,-66.6666666666667,4,2,0,5,0,0
47220,-100,4,2,0,5,0,0
47288,-133.333333333333,4,2,0,5,0,0
47355,-100,4,2,0,5,0,0
51949,-200,4,2,0,5,0,0
60598,-100,4,2,0,5,0,0
77625,-66.6666666666667,4,2,0,5,0,0
77659,-100,4,2,0,5,0,0
77693,-133.333333333333,4,2,0,5,0,0
77760,-100,4,2,0,5,0,0
77895,-100,4,2,0,5,0,0
84652,-66.6666666666667,4,2,0,5,0,0
84686,-133.333333333333,4,2,0,5,0,0
84720,-100,4,2,0,5,0,0
85057,-66.6666666666667,4,2,0,5,0,0
85091,-133.333333333333,4,2,0,5,0,0
85125,-100,4,2,0,5,0,0
85463,-66.6666666666667,4,2,0,5,0,0
85497,-133.333333333333,4,2,0,5,0,0
85530,-100,4,2,0,5,0,0
85868,-66.6666666666667,4,2,0,5,0,0
85902,-133.333333333333,4,2,0,5,0,0
85936,-100,4,2,0,5,0,0
101679,-66.6666666666667,4,2,0,5,0,0
101713,-100,4,2,0,5,0,0
101747,-133.333333333333,4,2,0,5,0,0
101814,-100,4,2,0,5,0,0
102084,-66.6666666666667,4,2,0,5,0,0
102118,-100,4,2,0,5,0,0
102152,-133.333333333333,4,2,0,5,0,0
102219,-100,4,2,0,5,0,0
102489,-66.6666666666667,4,2,0,5,0,0
102523,-100,4,2,0,5,0,0
102557,-133.333333333333,4,2,0,5,0,0
102624,-100,4,2,0,5,0,0
102894,-66.6666666666667,4,2,0,5,0,0
102928,-100,4,2,0,5,0,0
102962,-133.333333333333,4,2,0,5,0,0
103029,-100,4,2,0,5,0,0
112490,-66.6666666666667,4,2,0,5,0,0
112557,-100,4,2,0,5,0,0
112625,-133.333333333333,4,2,0,5,0,0
112760,-100,4,2,0,5,0,0
112895,-66.6666666666667,4,2,0,5,0,0
112962,-100,4,2,0,5,0,0
113030,-133.333333333333,4,2,0,5,0,0
113165,-100,4,2,0,5,0,0
113571,-66.6666666666667,4,2,0,5,0,0
113638,-100,4,2,0,5,0,0
113706,-133.333333333333,4,2,0,5,0,0
113841,-100,4,2,0,5,0,0
113976,-66.6666666666667,4,2,0,5,0,0
114043,-100,4,2,0,5,0,0
114111,-133.333333333333,4,2,0,5,0,0
114246,-100,4,2,0,5,0,0
114652,-66.6666666666667,4,2,0,5,0,0
114719,-100,4,2,0,5,0,0
114787,-133.333333333333,4,2,0,5,0,0
114922,-100,4,2,0,5,0,0
115057,-66.6666666666667,4,2,0,5,0,0
115124,-100,4,2,0,5,0,0
115192,-133.333333333333,4,2,0,5,0,0
115327,-100,4,2,0,5,0,0


[HitObjects]
182,192,57,128,0,868:0:0:0:0:
36,192,57,1,0,0:0:0:0:
329,192,57,1,0,0:0:0:0:
475,192,57,1,0,0:0:0:0:
402,192,868,128,0,1003:0:0:0:0:
402,192,1139,128,0,2220:0:0:0:0:
256,192,1139,1,0,0:0:0:0:
36,192,1139,1,0,0:0:0:0:
109,192,2220,128,0,2760:0:0:0:0:
256,192,2220,1,0,0:0:0:0:
36,192,2220,1,0,0:0:0:0:
475,192,2760,128,0,3166:0:0:0:0:
329,192,3166,128,0,3301:0:0:0:0:
402,192,3301,128,0,4382:0:0:0:0:
36,192,3301,1,0,0:0:0:0:
256,192,3301,1,0,0:0:0:0:
182,192,3301,1,0,0:0:0:0:
109,192,4382,128,0,5193:0:0:0:0:
256,192,4382,1,0,0:0:0:0:
329,192,4382,1,0,0:0:0:0:
329,192,5193,128,0,5463:0:0:0:0:
182,192,5463,128,0,6409:0:0:0:0:
36,192,5463,1,0,0:0:0:0:
256,192,5463,1,0,0:0:0:0:
329,192,6003,128,0,6409:0:0:0:0:
256,192,6409,128,0,6544:0:0:0:0:
36,192,6544,128,0,7557:0:0:0:0:
475,192,6544,128,0,7557:0:0:0:0:
109,192,6544,1,0,0:0:0:0:
402,192,6544,1,0,0:0:0:0:
36,192,7625,1,0,0:0:0:0:
109,192,7625,1,0,0:0:0:0:
256,192,7625,1,0,0:0:0:0:
402,192,7625,1,0,0:0:0:0:
475,192,7625,1,0,0:0:0:0:
256,192,7760,1,0,0:0:0:0:
109,192,7895,1,0,0:0:0:0:
182,192,7895,1,0,0:0:0:0:
329,192,7895,1,0,0:0:0:0:
475,192,7895,1,0,0:0:0:0:
256,192,8030,1,0,0:0:0:0:
36,192,8030,1,0,0:0:0:0:
109,192,8030,1,0,0:0:0:0:
182,192,8166,1,0,0:0:0:0:
475,192,8166,1,0,0:0:0:0:
329,192,8233,1,0,0:0:0:0:
36,192,8233,1,0,0:0:0:0:
402,192,8301,1,0,0:0:0:0:
109,192,8301,1,0,0:0:0:0:
475,192,8368,1,0,0:0:0:0:
182,192,8368,1,0,0:0:0:0:
36,192,8436,1,0,0:0:0:0:
256,192,8436,1,0,0:0:0:0:
329,192,8436,1,0,0:0:0:0:
109,192,8436,1,0,0:0:0:0:
329,192,8706,1,0,0:0:0:0:
402,192,8706,1,0,0:0:0:0:
36,192,8706,1,0,0:0:0:0:
182,192,8706,1,0,0:0:0:0:
402,192,8774,128,0,8976:0:0:0:0:
475,192,8774,128,0,8976:0:0:0:0:
109,192,8841,1,0,0:0:0:0:
256,192,8841,1,0,0:0:0:0:
36,192,8976,1,0,0:0:0:0:
329,192,8976,1,0,0:0:0:0:
182,192,8976,1,0,0:0:0:0:
109,192,9044,1,0,0:0:0:0:
256,192,9044,1,0,0:0:0:0:
402,192,9044,1,0,0:0:0:0:
182,192,9111,1,0,0:0:0:0:
329,192,9111,1,0,0:0:0:0:
475,192,9111,1,0,0:0:0:0:
109,192,9179,1,0,0:0:0:0:
256,192,9179,1,0,0:0:0:0:
402,192,9179,1,0,0:0:0:0:
36,192,9247,128,0,9449:0:0:0:0:
182,192,9247,128,0,9382:0:0:0:0:
329,192,9247,128,0,9449:0:0:0:0:
109,192,9382,128,0,9449:0:0:0:0:
475,192,9382,128,0,9449:0:0:0:0:
256,192,9382,1,0,0:0:0:0:
402,192,9382,128,0,9449:0:0:0:0:
182,192,9517,128,0,9720:0:0:0:0:
329,192,9517,128,0,9652:0:0:0:0:
475,192,9517,128,0,9720:0:0:0:0:
36,192,9652,128,0,9720:0:0:0:0:
402,192,9652,128,0,9720:0:0:0:0:
256,192,9652,1,0,0:0:0:0:
109,192,9652,128,0,9720:0:0:0:0:
109,192,9787,1,0,0:0:0:0:
182,192,9787,1,0,0:0:0:0:
256,192,9787,1,0,0:0:0:0:
402,192,9787,1,0,0:0:0:0:
36,192,9787,128,0,9855:0:0:0:0:
475,192,9787,128,0,9855:0:0:0:0:
109,192,9922,1,0,0:0:0:0:
182,192,9922,1,0,0:0:0:0:
329,192,9922,1,0,0:0:0:0:
402,192,9922,1,0,0:0:0:0:
36,192,9922,128,0,9990:0:0:0:0:
475,192,9922,128,0,9990:0:0:0:0:
109,192,10057,1,0,0:0:0:0:
256,192,10057,1,0,0:0:0:0:
329,192,10057,1,0,0:0:0:0:
402,192,10057,1,0,0:0:0:0:
36,192,10057,128,0,10125:0:0:0:0:
475,192,10057,128,0,10125:0:0:0:0:
109,192,10193,1,0,0:0:0:0:
182,192,10193,1,0,0:0:0:0:
256,192,10193,1,0,0:0:0:0:
402,192,10193,1,0,0:0:0:0:
36,192,10193,128,0,10260:0:0:0:0:
475,192,10193,128,0,10260:0:0:0:0:
109,192,10328,128,0,10530:0:0:0:0:
402,192,10328,128,0,10530:0:0:0:0:
256,192,10328,128,0,10801:0:0:0:0:
36,192,10328,1,0,0:0:0:0:
475,192,10328,1,0,0:0:0:0:
182,192,10598,128,0,10666:0:0:0:0:
402,192,10598,1,0,0:0:0:0:
475,192,10598,128,0,10868:0:0:0:0:
36,192,10598,128,0,10801:0:0:0:0:
109,192,10598,1,0,0:0:0:0:
329,192,10666,128,0,10733:0:0:0:0:
182,192,10733,128,0,10801:0:0:0:0:
329,192,10801,128,0,10868:0:0:0:0:
36,192,10868,1,0,0:0:0:0:
109,192,10868,1,0,0:0:0:0:
182,192,10868,1,0,0:0:0:0:
256,192,10868,1,0,0:0:0:0:
256,192,11003,128,0,11071:0:0:0:0:
329,192,11003,128,0,11071:0:0:0:0:
402,192,11003,128,0,11071:0:0:0:0:
475,192,11003,128,0,11071:0:0:0:0:
36,192,11138,1,0,0:0:0:0:
109,192,11138,1,0,0:0:0:0:
256,192,11274,1,0,0:0:0:0:
402,192,11274,1,0,0:0:0:0:
475,192,11274,1,0,0:0:0:0:
329,192,11274,1,0,0:0:0:0:
36,192,11409,128,0,11476:0:0:0:0:
109,192,11409,128,0,11476:0:0:0:0:
182,192,11409,128,0,11476:0:0:0:0:
256,192,11409,128,0,11476:0:0:0:0:
402,192,11544,128,0,11611:0:0:0:0:
475,192,11544,128,0,11611:0:0:0:0:
329,192,11544,128,0,11611:0:0:0:0:
256,192,11679,128,0,11747:0:0:0:0:
182,192,11679,128,0,11747:0:0:0:0:
329,192,11679,128,0,11747:0:0:0:0:
182,192,11814,128,0,11882:0:0:0:0:
109,192,11814,128,0,11882:0:0:0:0:
36,192,11814,128,0,11882:0:0:0:0:
182,192,11949,1,0,0:0:0:0:
256,192,11949,1,0,0:0:0:0:
402,192,11949,1,0,0:0:0:0:
329,192,11949,1,0,0:0:0:0:
475,192,11949,1,0,0:0:0:0:
475,192,12084,1,0,0:0:0:0:
329,192,12084,1,0,0:0:0:0:
109,192,12152,1,0,0:0:0:0:
256,192,12152,1,0,0:0:0:0:
36,192,12152,1,0,0:0:0:0:
182,192,12220,128,0,12287:0:0:0:0:
329,192,12220,128,0,12287:0:0:0:0:
475,192,12220,128,0,12287:0:0:0:0:
36,192,12355,1,0,0:0:0:0:
182,192,12355,128,0,12422:0:0:0:0:
329,192,12355,128,0,12422:0:0:0:0:
475,192,12355,128,0,12422:0:0:0:0:
256,192,12490,128,0,12693:0:0:0:0:
182,192,12524,128,0,12828:0:0:0:0:
109,192,12557,128,0,12963:0:0:0:0:
36,192,12591,128,0,12963:0:0:0:0:
329,192,12625,1,0,0:0:0:0:
402,192,12625,1,0,0:0:0:0:
475,192,12625,128,0,12659:0:0:0:0:
256,192,12760,1,0,0:0:0:0:
329,192,12760,1,0,0:0:0:0:
402,192,12760,128,0,12794:0:0:0:0:
182,192,12895,1,0,0:0:0:0:
256,192,12895,1,0,0:0:0:0:
329,192,12895,128,0,12929:0:0:0:0:
256,192,13030,128,0,13166:0:0:0:0:
36,192,13030,1,0,0:0:0:0:
109,192,13064,1,0,0:0:0:0:
182,192,13098,1,0,0:0:0:0:
329,192,13098,1,0,0:0:0:0:
402,192,13132,1,0,0:0:0:0:
475,192,13166,1,0,0:0:0:0:
475,192,13233,1,0,0:0:0:0:
182,192,13233,128,0,13368:0:0:0:0:
329,192,13233,128,0,13368:0:0:0:0:
402,192,13267,1,0,0:0:0:0:
256,192,13301,1,0,0:0:0:0:
109,192,13334,1,0,0:0:0:0:
36,192,13368,1,0,0:0:0:0:
36,192,13436,1,0,0:0:0:0:
256,192,13436,128,0,13571:0:0:0:0:
109,192,13470,1,0,0:0:0:0:
182,192,13503,1,0,0:0:0:0:
329,192,13503,1,0,0:0:0:0:
402,192,13537,1,0,0:0:0:0:
475,192,13571,1,0,0:0:0:0:
36,192,13571,128,0,13706:0:0:0:0:
109,192,13571,128,0,13706:0:0:0:0:
182,192,13706,1,0,0:0:0:0:
256,192,13706,1,0,0:0:0:0:
329,192,13706,1,0,0:0:0:0:
402,192,13706,1,0,0:0:0:0:
475,192,13706,1,0,0:0:0:0:
402,192,13841,128,0,13976:0:0:0:0:
475,192,13841,128,0,13976:0:0:0:0:
182,192,13976,1,0,0:0:0:0:
256,192,13976,1,0,0:0:0:0:
329,192,13976,1,0,0:0:0:0:
109,192,13976,1,0,0:0:0:0:
36,192,13976,1,0,0:0:0:0:
36,192,14111,1,0,0:0:0:0:
182,192,14111,1,0,0:0:0:0:
256,192,14111,1,0,0:0:0:0:
402,192,14111,1,0,0:0:0:0:
475,192,14111,1,0,0:0:0:0:
109,192,14179,1,0,0:0:0:0:
182,192,14247,1,0,0:0:0:0:
256,192,14247,1,0,0:0:0:0:
329,192,14314,1,0,0:0:0:0:
475,192,14314,1,0,0:0:0:0:
36,192,14382,1,0,0:0:0:0:
109,192,14382,1,0,0:0:0:0:
182,192,14382,1,0,0:0:0:0:
402,192,14382,1,0,0:0:0:0:
329,192,14449,1,0,0:0:0:0:
475,192,14449,1,0,0:0:0:0:
182,192,14517,1,0,0:0:0:0:
256,192,14517,1,0,0:0:0:0:
109,192,14584,1,0,0:0:0:0:
475,192,14652,128,0,14855:0:0:0:0:
256,192,14652,1,0,0:0:0:0:
36,192,14652,1,0,0:0:0:0:
329,192,14686,128,0,14855:0:0:0:0:
182,192,14720,128,0,14922:0:0:0:0:
36,192,14753,128,0,14855:0:0:0:0:
36,192,14922,128,0,14956:0:0:0:0:
256,192,14922,1,0,0:0:0:0:
329,192,14922,128,0,15024:0:0:0:0:
402,192,14922,128,0,15057:0:0:0:0:
475,192,14922,128,0,15091:0:0:0:0:
109,192,14956,128,0,14990:0:0:0:0:
182,192,14990,128,0,15024:0:0:0:0:
256,192,15024,128,0,15057:0:0:0:0:
329,192,15057,128,0,15091:0:0:0:0:
402,192,15091,128,0,15125:0:0:0:0:
475,192,15125,128,0,15159:0:0:0:0:
36,192,15193,128,0,15294:0:0:0:0:
109,192,15193,128,0,15294:0:0:0:0:
182,192,15193,128,0,15294:0:0:0:0:
256,192,15193,128,0,15294:0:0:0:0:
256,192,15328,1,0,0:0:0:0:
329,192,15328,1,0,0:0:0:0:
475,192,15328,1,0,0:0:0:0:
402,192,15328,1,0,0:0:0:0:
36,192,15463,1,0,0:0:0:0:
109,192,15463,1,0,0:0:0:0:
182,192,15463,1,0,0:0:0:0:
329,192,15463,1,0,0:0:0:0:
402,192,15463,1,0,0:0:0:0:
256,192,15598,1,0,0:0:0:0:
475,192,15598,1,0,0:0:0:0:
36,192,15733,1,0,0:0:0:0:
109,192,15733,1,0,0:0:0:0:
182,192,15733,1,0,0:0:0:0:
256,192,15733,1,0,0:0:0:0:
329,192,15733,1,0,0:0:0:0:
402,192,15733,1,0,0:0:0:0:
109,192,15868,1,0,0:0:0:0:
256,192,15868,1,0,0:0:0:0:
182,192,15868,1,0,0:0:0:0:
329,192,15868,1,0,0:0:0:0:
402,192,15868,1,0,0:0:0:0:
475,192,15868,1,0,0:0:0:0:
182,192,16003,1,0,0:0:0:0:
256,192,16003,1,0,0:0:0:0:
329,192,16003,1,0,0:0:0:0:
402,192,16003,1,0,0:0:0:0:
475,192,16003,1,0,0:0:0:0:
36,192,16003,1,0,0:0:0:0:
36,192,16138,1,0,0:0:0:0:
109,192,16138,1,0,0:0:0:0:
256,192,16138,1,0,0:0:0:0:
329,192,16138,1,0,0:0:0:0:
402,192,16138,1,0,0:0:0:0:
475,192,16138,1,0,0:0:0:0:
475,192,16274,128,0,16364:0:0:0:0:
36,192,16274,1,0,0:0:0:0:
109,192,16274,1,0,0:0:0:0:
182,192,16274,1,0,0:0:0:0:
256,192,16274,1,0,0:0:0:0:
402,192,16296,128,0,16386:0:0:0:0:
329,192,16319,128,0,16409:0:0:0:0:
256,192,16341,128,0,16431:0:0:0:0:
182,192,16364,128,0,16454:0:0:0:0:
109,192,16386,128,0,16476:0:0:0:0:
36,192,16409,128,0,16499:0:0:0:0:
36,192,16544,128,0,16634:0:0:0:0:
256,192,16544,1,0,0:0:0:0:
329,192,16544,1,0,0:0:0:0:
402,192,16544,1,0,0:0:0:0:
475,192,16544,1,0,0:0:0:0:
109,192,16566,128,0,16657:0:0:0:0:
182,192,16589,128,0,16679:0:0:0:0:
256,192,16611,128,0,16702:0:0:0:0:
329,192,16634,128,0,16724:0:0:0:0:
402,192,16657,128,0,16747:0:0:0:0:
475,192,16679,128,0,16769:0:0:0:0:
475,192,16814,128,0,16904:0:0:0:0:
36,192,16814,1,0,0:0:0:0:
109,192,16814,1,0,0:0:0:0:
182,192,16814,1,0,0:0:0:0:
256,192,16814,1,0,0:0:0:0:
402,192,16837,128,0,16927:0:0:0:0:
329,192,16859,128,0,16949:0:0:0:0:
256,192,16882,128,0,16972:0:0:0:0:
182,192,16904,128,0,16994:0:0:0:0:
109,192,16927,128,0,17017:0:0:0:0:
36,192,16949,128,0,17039:0:0:0:0:
475,192,17084,1,0,0:0:0:0:
402,192,17084,1,0,0:0:0:0:
256,192,17129,1,0,0:0:0:0:
329,192,17129,1,0,0:0:0:0:
109,192,17175,1,0,0:0:0:0:
182,192,17175,1,0,0:0:0:0:
329,192,17220,1,0,0:0:0:0:
402,192,17220,1,0,0:0:0:0:
182,192,17265,1,0,0:0:0:0:
256,192,17265,1,0,0:0:0:0:
109,192,17310,1,0,0:0:0:0:
36,192,17310,1,0,0:0:0:0:
402,192,17355,1,0,0:0:0:0:
256,192,17355,1,0,0:0:0:0:
475,192,17355,1,0,0:0:0:0:
329,192,17355,1,0,0:0:0:0:
256,192,17422,128,0,17625:0:0:0:0:
182,192,17422,128,0,17625:0:0:0:0:
402,192,17490,1,0,0:0:0:0:
475,192,17625,1,0,0:0:0:0:
36,192,17625,1,0,0:0:0:0:
329,192,17625,1,0,0:0:0:0:
402,192,17693,1,0,0:0:0:0:
256,192,17693,1,0,0:0:0:0:
109,192,17693,1,0,0:0:0:0:
329,192,17760,1,0,0:0:0:0:
182,192,17760,1,0,0:0:0:0:
36,192,17760,1,0,0:0:0:0:
402,192,17828,1,0,0:0:0:0:
256,192,17828,1,0,0:0:0:0:
109,192,17828,1,0,0:0:0:0:
36,192,17895,128,0,18098:0:0:0:0:
182,192,17895,128,0,18030:0:0:0:0:
475,192,17895,128,0,18098:0:0:0:0:
109,192,18030,128,0,18098:0:0:0:0:
402,192,18030,128,0,18098:0:0:0:0:
256,192,18030,1,0,0:0:0:0:
329,192,18030,128,0,18098:0:0:0:0:
36,192,18166,128,0,18368:0:0:0:0:
329,192,18166,128,0,18301:0:0:0:0:
475,192,18166,128,0,18368:0:0:0:0:
182,192,18301,128,0,18368:0:0:0:0:
402,192,18301,128,0,18368:0:0:0:0:
256,192,18301,1,0,0:0:0:0:
109,192,18301,128,0,18368:0:0:0:0:
109,192,18436,1,0,0:0:0:0:
182,192,18436,1,0,0:0:0:0:
256,192,18436,1,0,0:0:0:0:
36,192,18436,1,0,0:0:0:0:
329,192,18436,128,0,18503:0:0:0:0:
475,192,18436,128,0,18503:0:0:0:0:
109,192,18571,1,0,0:0:0:0:
182,192,18571,1,0,0:0:0:0:
475,192,18571,1,0,0:0:0:0:
36,192,18571,1,0,0:0:0:0:
256,192,18571,128,0,18638:0:0:0:0:
402,192,18571,128,0,18638:0:0:0:0:
109,192,18706,1,0,0:0:0:0:
475,192,18706,1,0,0:0:0:0:
36,192,18706,1,0,0:0:0:0:
402,192,18706,1,0,0:0:0:0:
182,192,18706,128,0,18774:0:0:0:0:
329,192,18706,128,0,18774:0:0:0:0:
36,192,18841,1,0,0:0:0:0:
329,192,18841,1,0,0:0:0:0:
475,192,18841,1,0,0:0:0:0:
402,192,18841,1,0,0:0:0:0:
109,192,18841,128,0,18909:0:0:0:0:
256,192,18841,128,0,18909:0:0:0:0:
402,192,18976,128,0,19179:0:0:0:0:
36,192,18976,128,0,19179:0:0:0:0:
182,192,18976,128,0,19449:0:0:0:0:
475,192,18976,1,0,0:0:0:0:
329,192,18976,1,0,0:0:0:0:
256,192,18976,1,0,0:0:0:0:
329,192,19247,128,0,19314:0:0:0:0:
109,192,19247,1,0,0:0:0:0:
36,192,19247,128,0,19449:0:0:0:0:
256,192,19247,128,0,19449:0:0:0:0:
402,192,19247,1,0,0:0:0:0:
475,192,19314,128,0,19382:0:0:0:0:
329,192,19382,128,0,19449:0:0:0:0:
475,192,19449,128,0,19517:0:0:0:0:
36,192,19517,1,0,0:0:0:0:
109,192,19517,1,0,0:0:0:0:
182,192,19517,1,0,0:0:0:0:
256,192,19517,1,0,0:0:0:0:
329,192,19517,1,0,0:0:0:0:
256,192,19652,128,0,19720:0:0:0:0:
329,192,19652,128,0,19720:0:0:0:0:
402,192,19652,128,0,19720:0:0:0:0:
475,192,19652,128,0,19720:0:0:0:0:
182,192,19652,128,0,19720:0:0:0:0:
36,192,19787,1,0,0:0:0:0:
109,192,19787,1,0,0:0:0:0:
256,192,19922,1,0,0:0:0:0:
402,192,19922,1,0,0:0:0:0:
475,192,19922,1,0,0:0:0:0:
329,192,19922,1,0,0:0:0:0:
182,192,19922,1,0,0:0:0:0:
36,192,20057,128,0,20125:0:0:0:0:
109,192,20057,128,0,20125:0:0:0:0:
182,192,20057,128,0,20125:0:0:0:0:
256,192,20057,128,0,20125:0:0:0:0:
329,192,20057,128,0,20125:0:0:0:0:
402,192,20193,128,0,20260:0:0:0:0:
475,192,20193,128,0,20260:0:0:0:0:
329,192,20193,128,0,20260:0:0:0:0:
256,192,20328,128,0,20395:0:0:0:0:
182,192,20328,128,0,20395:0:0:0:0:
329,192,20328,128,0,20395:0:0:0:0:
182,192,20463,128,0,20530:0:0:0:0:
109,192,20463,128,0,20530:0:0:0:0:
36,192,20463,128,0,20530:0:0:0:0:
182,192,20598,1,0,0:0:0:0:
256,192,20598,1,0,0:0:0:0:
402,192,20598,1,0,0:0:0:0:
329,192,20598,1,0,0:0:0:0:
475,192,20598,1,0,0:0:0:0:
36,192,20733,1,0,0:0:0:0:
182,192,20733,1,0,0:0:0:0:
402,192,20801,1,0,0:0:0:0:
256,192,20801,1,0,0:0:0:0:
475,192,20801,1,0,0:0:0:0:
329,192,20868,128,0,20936:0:0:0:0:
182,192,20868,128,0,20936:0:0:0:0:
36,192,20868,128,0,20936:0:0:0:0:
475,192,21003,1,0,0:0:0:0:
329,192,21003,128,0,21071:0:0:0:0:
182,192,21003,128,0,21071:0:0:0:0:
36,192,21003,128,0,21071:0:0:0:0:
256,192,21138,128,0,21341:0:0:0:0:
329,192,21172,128,0,21476:0:0:0:0:
402,192,21206,128,0,21611:0:0:0:0:
475,192,21240,128,0,21611:0:0:0:0:
182,192,21274,1,0,0:0:0:0:
109,192,21274,1,0,0:0:0:0:
36,192,21274,128,0,21307:0:0:0:0:
256,192,21409,1,0,0:0:0:0:
182,192,21409,1,0,0:0:0:0:
109,192,21409,128,0,21443:0:0:0:0:
329,192,21544,1,0,0:0:0:0:
256,192,21544,1,0,0:0:0:0:
182,192,21544,128,0,21578:0:0:0:0:
256,192,21679,128,0,21882:0:0:0:0:
36,192,21679,1,0,0:0:0:0:
329,192,21679,1,0,0:0:0:0:
402,192,21679,1,0,0:0:0:0:
475,192,21679,1,0,0:0:0:0:
109,192,21679,1,0,0:0:0:0:
182,192,21679,1,0,0:0:0:0:
402,192,21814,1,0,0:0:0:0:
109,192,21814,128,0,21882:0:0:0:0:
36,192,21814,128,0,21882:0:0:0:0:
36,192,21949,1,0,0:0:0:0:
256,192,21949,1,0,0:0:0:0:
329,192,21949,1,0,0:0:0:0:
109,192,21983,1,0,0:0:0:0:
182,192,22017,1,0,0:0:0:0:
475,192,22017,1,0,0:0:0:0:
402,192,22051,1,0,0:0:0:0:
329,192,22084,1,0,0:0:0:0:
182,192,22084,1,0,0:0:0:0:
109,192,22118,1,0,0:0:0:0:
36,192,22152,1,0,0:0:0:0:
329,192,22152,1,0,0:0:0:0:
402,192,22186,1,0,0:0:0:0:
256,192,22220,128,0,22355:0:0:0:0:
475,192,22220,1,0,0:0:0:0:
109,192,22220,128,0,22355:0:0:0:0:
329,192,22355,1,0,0:0:0:0:
402,192,22355,1,0,0:0:0:0:
475,192,22355,1,0,0:0:0:0:
256,192,22490,128,0,22693:0:0:0:0:
402,192,22490,128,0,22693:0:0:0:0:
475,192,22490,128,0,22693:0:0:0:0:
36,192,22490,1,0,0:0:0:0:
109,192,22490,1,0,0:0:0:0:
182,192,22625,1,0,0:0:0:0:
329,192,22693,1,0,0:0:0:0:
36,192,22760,1,0,0:0:0:0:
109,192,22760,1,0,0:0:0:0:
256,192,22760,1,0,0:0:0:0:
402,192,22760,1,0,0:0:0:0:
475,192,22760,1,0,0:0:0:0:
256,192,22828,128,0,22895:0:0:0:0:
109,192,22828,128,0,22895:0:0:0:0:
329,192,22895,1,0,0:0:0:0:
475,192,22895,1,0,0:0:0:0:
182,192,22895,1,0,0:0:0:0:
329,192,22963,128,0,23030:0:0:0:0:
182,192,22963,128,0,23030:0:0:0:0:
402,192,23030,1,0,0:0:0:0:
36,192,23030,1,0,0:0:0:0:
256,192,23030,1,0,0:0:0:0:
402,192,23098,128,0,23166:0:0:0:0:
256,192,23098,128,0,23166:0:0:0:0:
475,192,23166,1,0,0:0:0:0:
109,192,23166,1,0,0:0:0:0:
329,192,23166,1,0,0:0:0:0:
329,192,23233,128,0,23301:0:0:0:0:
475,192,23233,128,0,23301:0:0:0:0:
182,192,23301,1,0,0:0:0:0:
36,192,23301,1,0,0:0:0:0:
402,192,23301,1,0,0:0:0:0:
109,192,23301,1,0,0:0:0:0:
256,192,23301,1,0,0:0:0:0:
36,192,23368,128,0,23436:0:0:0:0:
182,192,23368,128,0,23436:0:0:0:0:
475,192,23436,1,0,0:0:0:0:
402,192,23458,1,0,0:0:0:0:
329,192,23481,1,0,0:0:0:0:
256,192,23503,1,0,0:0:0:0:
182,192,23526,1,0,0:0:0:0:
109,192,23548,1,0,0:0:0:0:
36,192,23571,1,0,0:0:0:0:
329,192,23571,128,0,23638:0:0:0:0:
402,192,23571,128,0,23638:0:0:0:0:
475,192,23571,128,0,23638:0:0:0:0:
256,192,23571,128,0,23638:0:0:0:0:
36,192,23706,128,0,23774:0:0:0:0:
109,192,23706,128,0,23774:0:0:0:0:
182,192,23706,128,0,23774:0:0:0:0:
256,192,23706,128,0,23774:0:0:0:0:
475,192,23706,1,0,0:0:0:0:
182,192,23841,128,0,23976:0:0:0:0:
329,192,23841,128,0,24111:0:0:0:0:
256,192,23841,1,0,0:0:0:0:
36,192,23841,1,0,0:0:0:0:
109,192,23841,1,0,0:0:0:0:
402,192,23841,1,0,0:0:0:0:
475,192,23841,1,0,0:0:0:0:
256,192,23976,128,0,24247:0:0:0:0:
36,192,23976,1,0,0:0:0:0:
109,192,23976,1,0,0:0:0:0:
402,192,23976,1,0,0:0:0:0:
475,192,23976,1,0,0:0:0:0:
36,192,24111,1,0,0:0:0:0:
109,192,24111,1,0,0:0:0:0:
402,192,24111,1,0,0:0:0:0:
475,192,24111,1,0,0:0:0:0:
182,192,24111,128,0,24382:0:0:0:0:
36,192,24247,1,0,0:0:0:0:
109,192,24247,1,0,0:0:0:0:
402,192,24247,1,0,0:0:0:0:
475,192,24247,1,0,0:0:0:0:
329,192,24247,128,0,24517:0:0:0:0:
36,192,24382,1,0,0:0:0:0:
109,192,24382,1,0,0:0:0:0:
402,192,24382,1,0,0:0:0:0:
475,192,24382,1,0,0:0:0:0:
256,192,24382,128,0,24652:0:0:0:0:
36,192,24517,1,0,0:0:0:0:
109,192,24517,1,0,0:0:0:0:
402,192,24517,1,0,0:0:0:0:
475,192,24517,1,0,0:0:0:0:
182,192,24517,128,0,24787:0:0:0:0:
36,192,24652,1,0,0:0:0:0:
109,192,24652,1,0,0:0:0:0:
402,192,24652,1,0,0:0:0:0:
475,192,24652,1,0,0:0:0:0:
329,192,24652,128,0,24922:0:0:0:0:
36,192,24787,1,0,0:0:0:0:
109,192,24787,1,0,0:0:0:0:
402,192,24787,1,0,0:0:0:0:
475,192,24787,1,0,0:0:0:0:
256,192,24787,128,0,24922:0:0:0:0:
36,192,24922,1,0,0:0:0:0:
109,192,24922,1,0,0:0:0:0:
182,192,24922,1,0,0:0:0:0:
402,192,24922,1,0,0:0:0:0:
475,192,24922,1,0,0:0:0:0:
256,192,25057,128,0,25159:0:0:0:0:
256,192,25193,1,0,0:0:0:0:
256,192,25328,1,0,0:0:0:0:
329,192,25463,1,0,0:0:0:0:
475,192,25463,1,0,0:0:0:0:
36,192,25530,1,0,0:0:0:0:
182,192,25530,1,0,0:0:0:0:
329,192,25598,1,0,0:0:0:0:
475,192,25598,1,0,0:0:0:0:
36,192,25666,1,0,0:0:0:0:
182,192,25666,1,0,0:0:0:0:
256,192,25733,1,0,0:0:0:0:
402,192,25733,1,0,0:0:0:0:
182,192,25801,1,0,0:0:0:0:
329,192,25801,1,0,0:0:0:0:
109,192,25868,1,0,0:0:0:0:
256,192,25868,1,0,0:0:0:0:
36,192,25936,1,0,0:0:0:0:
182,192,25936,1,0,0:0:0:0:
329,192,26003,1,0,0:0:0:0:
256,192,26003,1,0,0:0:0:0:
402,192,26003,1,0,0:0:0:0:
475,192,26003,1,0,0:0:0:0:
36,192,26274,1,0,0:0:0:0:
182,192,26274,1,0,0:0:0:0:
256,192,26409,1,0,0:0:0:0:
329,192,26409,1,0,0:0:0:0:
402,192,26409,1,0,0:0:0:0:
475,192,26409,1,0,0:0:0:0:
36,192,26679,1,0,0:0:0:0:
182,192,26679,1,0,0:0:0:0:
36,192,26747,1,0,0:0:0:0:
182,192,26747,1,0,0:0:0:0:
256,192,26814,1,0,0:0:0:0:
329,192,26814,1,0,0:0:0:0:
402,192,26814,1,0,0:0:0:0:
475,192,26814,1,0,0:0:0:0:
109,192,26814,1,0,0:0:0:0:
182,192,27084,1,0,0:0:0:0:
109,192,27084,1,0,0:0:0:0:
256,192,27084,1,0,0:0:0:0:
36,192,27084,1,0,0:0:0:0:
329,192,27355,1,0,0:0:0:0:
402,192,27355,1,0,0:0:0:0:
256,192,27490,1,0,0:0:0:0:
36,192,27490,1,0,0:0:0:0:
109,192,27490,1,0,0:0:0:0:
475,192,27490,1,0,0:0:0:0:
402,192,27760,1,0,0:0:0:0:
329,192,27760,1,0,0:0:0:0:
402,192,27828,1,0,0:0:0:0:
329,192,27828,1,0,0:0:0:0:
182,192,27895,128,0,28030:0:0:0:0:
109,192,27895,128,0,28030:0:0:0:0:
256,192,27895,128,0,28030:0:0:0:0:
475,192,27895,1,0,0:0:0:0:
36,192,28030,1,0,0:0:0:0:
256,192,28166,1,0,0:0:0:0:
329,192,28166,1,0,0:0:0:0:
402,192,28166,1,0,0:0:0:0:
475,192,28166,1,0,0:0:0:0:
182,192,28166,1,0,0:0:0:0:
36,192,28436,1,0,0:0:0:0:
182,192,28436,1,0,0:0:0:0:
256,192,28571,1,0,0:0:0:0:
329,192,28571,1,0,0:0:0:0:
402,192,28571,1,0,0:0:0:0:
475,192,28571,1,0,0:0:0:0:
182,192,28571,1,0,0:0:0:0:
402,192,28841,1,0,0:0:0:0:
329,192,28841,1,0,0:0:0:0:
109,192,28909,1,0,0:0:0:0:
182,192,28909,1,0,0:0:0:0:
402,192,28976,1,0,0:0:0:0:
475,192,28976,1,0,0:0:0:0:
36,192,28976,1,0,0:0:0:0:
182,192,28976,1,0,0:0:0:0:
329,192,28976,1,0,0:0:0:0:
256,192,28976,1,0,0:0:0:0:
256,192,29247,1,0,0:0:0:0:
182,192,29247,1,0,0:0:0:0:
109,192,29247,1,0,0:0:0:0:
36,192,29247,1,0,0:0:0:0:
329,192,29247,1,0,0:0:0:0:
36,192,29382,1,0,0:0:0:0:
182,192,29382,1,0,0:0:0:0:
475,192,29517,1,0,0:0:0:0:
329,192,29517,1,0,0:0:0:0:
256,192,29652,1,0,0:0:0:0:
182,192,29652,1,0,0:0:0:0:
109,192,29652,1,0,0:0:0:0:
36,192,29652,1,0,0:0:0:0:
329,192,29652,1,0,0:0:0:0:
109,192,29787,128,0,29855:0:0:0:0:
329,192,29787,128,0,29855:0:0:0:0:
182,192,29922,128,0,29990:0:0:0:0:
402,192,29922,128,0,29990:0:0:0:0:
475,192,29922,1,0,0:0:0:0:
109,192,30057,128,0,30125:0:0:0:0:
329,192,30057,128,0,30125:0:0:0:0:
36,192,30193,128,0,30260:0:0:0:0:
256,192,30193,128,0,30260:0:0:0:0:
475,192,30193,1,0,0:0:0:0:
182,192,30328,128,0,30530:0:0:0:0:
475,192,30328,128,0,30530:0:0:0:0:
36,192,30328,1,0,0:0:0:0:
109,192,30328,1,0,0:0:0:0:
402,192,30328,1,0,0:0:0:0:
256,192,30463,1,0,0:0:0:0:
329,192,30463,128,0,30530:0:0:0:0:
109,192,30598,128,0,30801:0:0:0:0:
402,192,30598,128,0,30801:0:0:0:0:
182,192,30598,128,0,30666:0:0:0:0:
475,192,30598,1,0,0:0:0:0:
256,192,30733,1,0,0:0:0:0:
329,192,30733,128,0,30801:0:0:0:0:
36,192,30868,128,0,31071:0:0:0:0:
329,192,30868,128,0,31071:0:0:0:0:
475,192,30868,1,0,0:0:0:0:
182,192,30868,128,0,30936:0:0:0:0:
256,192,31003,1,0,0:0:0:0:
182,192,31138,128,0,31341:0:0:0:0:
475,192,31138,128,0,31341:0:0:0:0:
402,192,31138,128,0,31206:0:0:0:0:
36,192,31138,1,0,0:0:0:0:
256,192,31274,1,0,0:0:0:0:
109,192,31274,128,0,31341:0:0:0:0:
36,192,31409,128,0,31611:0:0:0:0:
329,192,31409,128,0,31611:0:0:0:0:
475,192,31409,1,0,0:0:0:0:
182,192,31409,1,0,0:0:0:0:
256,192,31544,1,0,0:0:0:0:
475,192,31544,128,0,31611:0:0:0:0:
109,192,31679,128,0,31882:0:0:0:0:
402,192,31679,128,0,31882:0:0:0:0:
182,192,31679,128,0,31747:0:0:0:0:
36,192,31679,1,0,0:0:0:0:
329,192,31679,1,0,0:0:0:0:
256,192,31814,1,0,0:0:0:0:
329,192,31814,128,0,31882:0:0:0:0:
182,192,31949,128,0,32152:0:0:0:0:
475,192,31949,128,0,32152:0:0:0:0:
402,192,31949,1,0,0:0:0:0:
36,192,31949,128,0,32017:0:0:0:0:
109,192,31949,1,0,0:0:0:0:
256,192,32084,1,0,0:0:0:0:
329,192,32084,128,0,32152:0:0:0:0:
475,192,32220,1,0,0:0:0:0:
36,192,32220,128,0,32422:0:0:0:0:
329,192,32220,128,0,32422:0:0:0:0:
402,192,32220,128,0,32287:0:0:0:0:
182,192,32220,1,0,0:0:0:0:
256,192,32355,1,0,0:0:0:0:
109,192,32355,128,0,32422:0:0:0:0:
36,192,32490,1,0,0:0:0:0:
109,192,32490,1,0,0:0:0:0:
475,192,32490,1,0,0:0:0:0:
329,192,32490,1,0,0:0:0:0:
256,192,32557,1,0,0:0:0:0:
182,192,32557,1,0,0:0:0:0:
402,192,32625,1,0,0:0:0:0:
329,192,32625,1,0,0:0:0:0:
109,192,32693,1,0,0:0:0:0:
182,192,32693,1,0,0:0:0:0:
475,192,32760,1,0,0:0:0:0:
402,192,32760,1,0,0:0:0:0:
329,192,32760,1,0,0:0:0:0:
36,192,32828,1,0,0:0:0:0:
182,192,32828,1,0,0:0:0:0:
256,192,32895,1,0,0:0:0:0:
329,192,32895,1,0,0:0:0:0:
475,192,32963,1,0,0:0:0:0:
402,192,32963,1,0,0:0:0:0:
36,192,33030,1,0,0:0:0:0:
182,192,33030,1,0,0:0:0:0:
329,192,33030,1,0,0:0:0:0:
109,192,33098,1,0,0:0:0:0:
256,192,33098,1,0,0:0:0:0:
402,192,33098,1,0,0:0:0:0:
182,192,33166,1,0,0:0:0:0:
329,192,33166,1,0,0:0:0:0:
475,192,33166,1,0,0:0:0:0:
256,192,33233,1,0,0:0:0:0:
36,192,33301,1,0,0:0:0:0:
182,192,33301,1,0,0:0:0:0:
329,192,33301,1,0,0:0:0:0:
109,192,33368,1,0,0:0:0:0:
256,192,33368,1,0,0:0:0:0:
402,192,33368,1,0,0:0:0:0:
182,192,33436,1,0,0:0:0:0:
329,192,33436,1,0,0:0:0:0:
475,192,33436,1,0,0:0:0:0:
256,192,33503,1,0,0:0:0:0:
109,192,33571,1,0,0:0:0:0:
182,192,33571,128,0,33706:0:0:0:0:
36,192,33571,128,0,33706:0:0:0:0:
256,192,33706,1,0,0:0:0:0:
402,192,33841,1,0,0:0:0:0:
329,192,33841,128,0,33976:0:0:0:0:
475,192,33841,128,0,33976:0:0:0:0:
256,192,33976,1,0,0:0:0:0:
109,192,34111,128,0,34348:0:0:0:0:
256,192,34145,128,0,34382:0:0:0:0:
402,192,34179,128,0,34382:0:0:0:0:
36,192,34382,1,0,0:0:0:0:
109,192,34382,1,0,0:0:0:0:
329,192,34382,1,0,0:0:0:0:
475,192,34382,1,0,0:0:0:0:
182,192,34382,1,0,0:0:0:0:
182,192,34652,128,0,34720:0:0:0:0:
402,192,34652,1,0,0:0:0:0:
475,192,34652,1,0,0:0:0:0:
36,192,34652,1,0,0:0:0:0:
109,192,34652,1,0,0:0:0:0:
256,192,34720,128,0,34855:0:0:0:0:
329,192,34787,128,0,34990:0:0:0:0:
182,192,34787,1,0,0:0:0:0:
402,192,34855,128,0,35125:0:0:0:0:
475,192,34922,128,0,35666:0:0:0:0:
36,192,34922,1,0,0:0:0:0:
256,192,34922,1,0,0:0:0:0:
109,192,34990,1,0,0:0:0:0:
182,192,35057,1,0,0:0:0:0:
329,192,35057,1,0,0:0:0:0:
256,192,35125,1,0,0:0:0:0:
36,192,35193,1,0,0:0:0:0:
109,192,35193,1,0,0:0:0:0:
329,192,35193,1,0,0:0:0:0:
402,192,35193,1,0,0:0:0:0:
182,192,35328,1,0,0:0:0:0:
256,192,35328,1,0,0:0:0:0:
36,192,35463,1,0,0:0:0:0:
109,192,35463,1,0,0:0:0:0:
329,192,35463,1,0,0:0:0:0:
402,192,35463,1,0,0:0:0:0:
182,192,35530,1,0,0:0:0:0:
329,192,35530,1,0,0:0:0:0:
256,192,35598,1,0,0:0:0:0:
109,192,35598,1,0,0:0:0:0:
329,192,35666,1,0,0:0:0:0:
402,192,35733,1,0,0:0:0:0:
475,192,35733,1,0,0:0:0:0:
182,192,35733,1,0,0:0:0:0:
256,192,35733,128,0,35868:0:0:0:0:
36,192,35733,128,0,35801:0:0:0:0:
329,192,35801,128,0,35936:0:0:0:0:
109,192,35801,128,0,35868:0:0:0:0:
182,192,35868,128,0,36206:0:0:0:0:
256,192,35936,128,0,36611:0:0:0:0:
329,192,36003,1,0,0:0:0:0:
402,192,36003,1,0,0:0:0:0:
475,192,36003,1,0,0:0:0:0:
36,192,36003,1,0,0:0:0:0:
402,192,36138,1,0,0:0:0:0:
475,192,36138,1,0,0:0:0:0:
329,192,36274,1,0,0:0:0:0:
182,192,36274,1,0,0:0:0:0:
475,192,36274,1,0,0:0:0:0:
36,192,36274,128,0,36747:0:0:0:0:
109,192,36409,1,0,0:0:0:0:
329,192,36409,1,0,0:0:0:0:
402,192,36409,1,0,0:0:0:0:
182,192,36544,128,0,36747:0:0:0:0:
329,192,36544,128,0,36747:0:0:0:0:
475,192,36544,128,0,36747:0:0:0:0:
256,192,36679,1,0,0:0:0:0:
402,192,36679,1,0,0:0:0:0:
109,192,36679,1,0,0:0:0:0:
329,192,36814,128,0,36882:0:0:0:0:
109,192,36814,1,0,0:0:0:0:
36,192,36814,1,0,0:0:0:0:
475,192,36814,1,0,0:0:0:0:
402,192,36814,1,0,0:0:0:0:
256,192,36882,128,0,37017:0:0:0:0:
182,192,36949,128,0,37152:0:0:0:0:
329,192,36949,1,0,0:0:0:0:
109,192,37017,128,0,37287:0:0:0:0:
36,192,37084,128,0,37828:0:0:0:0:
475,192,37084,1,0,0:0:0:0:
256,192,37084,1,0,0:0:0:0:
402,192,37152,1,0,0:0:0:0:
329,192,37220,1,0,0:0:0:0:
182,192,37220,1,0,0:0:0:0:
256,192,37287,1,0,0:0:0:0:
475,192,37355,1,0,0:0:0:0:
402,192,37355,1,0,0:0:0:0:
182,192,37355,1,0,0:0:0:0:
109,192,37355,1,0,0:0:0:0:
329,192,37490,1,0,0:0:0:0:
256,192,37490,1,0,0:0:0:0:
475,192,37625,1,0,0:0:0:0:
402,192,37625,1,0,0:0:0:0:
182,192,37625,1,0,0:0:0:0:
109,192,37625,1,0,0:0:0:0:
329,192,37693,1,0,0:0:0:0:
182,192,37693,1,0,0:0:0:0:
256,192,37760,1,0,0:0:0:0:
402,192,37760,1,0,0:0:0:0:
182,192,37828,1,0,0:0:0:0:
109,192,37895,1,0,0:0:0:0:
36,192,37895,1,0,0:0:0:0:
329,192,37895,1,0,0:0:0:0:
256,192,37895,128,0,38098:0:0:0:0:
402,192,38030,1,0,0:0:0:0:
475,192,38030,1,0,0:0:0:0:
109,192,38030,1,0,0:0:0:0:
256,192,38166,128,0,38368:0:0:0:0:
182,192,38166,1,0,0:0:0:0:
329,192,38166,1,0,0:0:0:0:
109,192,38166,1,0,0:0:0:0:
402,192,38301,1,0,0:0:0:0:
475,192,38301,1,0,0:0:0:0:
109,192,38301,1,0,0:0:0:0:
256,192,38436,128,0,38638:0:0:0:0:
36,192,38436,1,0,0:0:0:0:
402,192,38436,1,0,0:0:0:0:
182,192,38503,1,0,0:0:0:0:
329,192,38571,1,0,0:0:0:0:
109,192,38571,1,0,0:0:0:0:
475,192,38638,1,0,0:0:0:0:
256,192,38706,128,0,38909:0:0:0:0:
36,192,38706,1,0,0:0:0:0:
109,192,38706,1,0,0:0:0:0:
402,192,38706,1,0,0:0:0:0:
329,192,38841,1,0,0:0:0:0:
182,192,38841,1,0,0:0:0:0:
109,192,38841,1,0,0:0:0:0:
329,192,38976,128,0,39044:0:0:0:0:
109,192,38976,1,0,0:0:0:0:
36,192,38976,1,0,0:0:0:0:
475,192,38976,1,0,0:0:0:0:
402,192,38976,1,0,0:0:0:0:
256,192,39044,128,0,39179:0:0:0:0:
182,192,39111,128,0,39314:0:0:0:0:
329,192,39111,1,0,0:0:0:0:
109,192,39179,128,0,39449:0:0:0:0:
36,192,39247,128,0,39990:0:0:0:0:
475,192,39247,1,0,0:0:0:0:
256,192,39247,1,0,0:0:0:0:
402,192,39314,1,0,0:0:0:0:
329,192,39382,1,0,0:0:0:0:
182,192,39382,1,0,0:0:0:0:
256,192,39449,1,0,0:0:0:0:
475,192,39517,1,0,0:0:0:0:
402,192,39517,1,0,0:0:0:0:
182,192,39517,1,0,0:0:0:0:
109,192,39517,1,0,0:0:0:0:
329,192,39652,1,0,0:0:0:0:
256,192,39652,1,0,0:0:0:0:
475,192,39787,1,0,0:0:0:0:
402,192,39787,1,0,0:0:0:0:
182,192,39787,1,0,0:0:0:0:
109,192,39787,1,0,0:0:0:0:
329,192,39855,1,0,0:0:0:0:
182,192,39855,1,0,0:0:0:0:
256,192,39922,1,0,0:0:0:0:
402,192,39922,1,0,0:0:0:0:
182,192,39990,1,0,0:0:0:0:
109,192,40057,1,0,0:0:0:0:
36,192,40057,1,0,0:0:0:0:
329,192,40057,1,0,0:0:0:0:
256,192,40057,128,0,40193:0:0:0:0:
475,192,40057,128,0,40125:0:0:0:0:
182,192,40125,128,0,40260:0:0:0:0:
402,192,40125,128,0,40193:0:0:0:0:
329,192,40193,128,0,40530:0:0:0:0:
256,192,40260,128,0,41071:0:0:0:0:
109,192,40260,1,0,0:0:0:0:
36,192,40260,1,0,0:0:0:0:
182,192,40328,1,0,0:0:0:0:
475,192,40328,1,0,0:0:0:0:
402,192,40328,1,0,0:0:0:0:
109,192,40463,1,0,0:0:0:0:
36,192,40463,1,0,0:0:0:0:
329,192,40598,1,0,0:0:0:0:
402,192,40598,128,0,40666:0:0:0:0:
36,192,40598,128,0,40666:0:0:0:0:
182,192,40598,128,0,40666:0:0:0:0:
329,192,40733,128,0,40801:0:0:0:0:
475,192,40733,128,0,40801:0:0:0:0:
109,192,40733,128,0,40801:0:0:0:0:
182,192,40733,1,0,0:0:0:0:
182,192,40868,128,0,40936:0:0:0:0:
36,192,40868,128,0,40936:0:0:0:0:
329,192,40936,128,0,41003:0:0:0:0:
475,192,40936,128,0,41003:0:0:0:0:
36,192,41003,128,0,41071:0:0:0:0:
182,192,41003,128,0,41071:0:0:0:0:
475,192,41071,128,0,41138:0:0:0:0:
329,192,41071,128,0,41138:0:0:0:0:
36,192,41138,1,0,0:0:0:0:
109,192,41138,1,0,0:0:0:0:
182,192,41138,1,0,0:0:0:0:
256,192,41138,1,0,0:0:0:0:
329,192,41409,128,0,41544:0:0:0:0:
402,192,41409,128,0,41544:0:0:0:0:
475,192,41409,128,0,41544:0:0:0:0:
182,192,41544,128,0,41747:0:0:0:0:
36,192,41544,128,0,41747:0:0:0:0:
109,192,41544,128,0,41747:0:0:0:0:
256,192,41544,1,0,0:0:0:0:
402,192,41814,128,0,41949:0:0:0:0:
182,192,41814,128,0,41949:0:0:0:0:
329,192,41949,128,0,42084:0:0:0:0:
109,192,41949,128,0,42084:0:0:0:0:
475,192,41949,1,0,0:0:0:0:
36,192,42084,128,0,42220:0:0:0:0:
256,192,42084,128,0,42220:0:0:0:0:
329,192,42220,128,0,42355:0:0:0:0:
475,192,42220,128,0,42355:0:0:0:0:
36,192,42355,1,0,0:0:0:0:
182,192,42355,1,0,0:0:0:0:
36,192,42490,128,0,42625:0:0:0:0:
182,192,42490,128,0,42625:0:0:0:0:
329,192,42625,1,0,0:0:0:0:
475,192,42625,1,0,0:0:0:0:
109,192,42760,128,0,43030:0:0:0:0:
402,192,42760,128,0,43030:0:0:0:0:
36,192,43030,1,0,0:0:0:0:
182,192,43030,1,0,0:0:0:0:
256,192,43030,1,0,0:0:0:0:
329,192,43030,1,0,0:0:0:0:
475,192,43030,1,0,0:0:0:0:
36,192,43301,1,0,0:0:0:0:
182,192,43301,1,0,0:0:0:0:
256,192,43301,1,0,0:0:0:0:
475,192,43301,1,0,0:0:0:0:
109,192,43368,1,0,0:0:0:0:
329,192,43368,1,0,0:0:0:0:
182,192,43436,1,0,0:0:0:0:
402,192,43436,1,0,0:0:0:0:
36,192,43503,1,0,0:0:0:0:
256,192,43503,1,0,0:0:0:0:
475,192,43571,1,0,0:0:0:0:
109,192,43571,1,0,0:0:0:0:
182,192,43571,1,0,0:0:0:0:
402,192,43571,1,0,0:0:0:0:
329,192,43571,1,0,0:0:0:0:
109,192,43638,1,0,0:0:0:0:
256,192,43706,1,0,0:0:0:0:
475,192,43706,1,0,0:0:0:0:
109,192,43774,1,0,0:0:0:0:
36,192,43841,1,0,0:0:0:0:
182,192,43841,1,0,0:0:0:0:
402,192,43841,1,0,0:0:0:0:
329,192,43909,1,0,0:0:0:0:
256,192,43976,1,0,0:0:0:0:
182,192,43976,1,0,0:0:0:0:
109,192,43976,1,0,0:0:0:0:
36,192,44111,1,0,0:0:0:0:
329,192,44111,1,0,0:0:0:0:
402,192,44111,1,0,0:0:0:0:
475,192,44111,1,0,0:0:0:0:
182,192,44111,1,0,0:0:0:0:
402,192,44179,1,0,0:0:0:0:
256,192,44247,1,0,0:0:0:0:
109,192,44247,1,0,0:0:0:0:
402,192,44314,1,0,0:0:0:0:
36,192,44382,128,0,44517:0:0:0:0:
182,192,44382,128,0,44517:0:0:0:0:
329,192,44382,128,0,44517:0:0:0:0:
475,192,44382,1,0,0:0:0:0:
109,192,44517,128,0,44652:0:0:0:0:
256,192,44517,128,0,44652:0:0:0:0:
402,192,44517,128,0,44618:0:0:0:0:
182,192,44652,128,0,44787:0:0:0:0:
329,192,44652,128,0,44787:0:0:0:0:
475,192,44652,128,0,44787:0:0:0:0:
402,192,44652,1,0,0:0:0:0:
109,192,44787,128,0,44888:0:0:0:0:
256,192,44787,128,0,44922:0:0:0:0:
402,192,44787,128,0,44922:0:0:0:0:
36,192,44922,128,0,45057:0:0:0:0:
182,192,44922,128,0,45057:0:0:0:0:
109,192,44922,1,0,0:0:0:0:
329,192,45057,128,0,45193:0:0:0:0:
475,192,45057,128,0,45193:0:0:0:0:
402,192,45057,1,0,0:0:0:0:
109,192,45193,128,0,45395:0:0:0:0:
182,192,45193,128,0,45395:0:0:0:0:
256,192,45193,128,0,45395:0:0:0:0:
36,192,45193,128,0,45395:0:0:0:0:
475,192,45463,1,0,0:0:0:0:
256,192,45463,1,0,0:0:0:0:
36,192,45463,1,0,0:0:0:0:
329,192,45463,1,0,0:0:0:0:
109,192,45530,1,0,0:0:0:0:
402,192,45530,1,0,0:0:0:0:
329,192,45598,1,0,0:0:0:0:
182,192,45598,1,0,0:0:0:0:
256,192,45666,1,0,0:0:0:0:
475,192,45666,1,0,0:0:0:0:
402,192,45733,1,0,0:0:0:0:
36,192,45733,1,0,0:0:0:0:
329,192,45733,1,0,0:0:0:0:
109,192,45733,1,0,0:0:0:0:
182,192,45733,1,0,0:0:0:0:
329,192,45801,1,0,0:0:0:0:
36,192,45868,1,0,0:0:0:0:
182,192,45868,1,0,0:0:0:0:
329,192,45936,1,0,0:0:0:0:
475,192,46003,1,0,0:0:0:0:
256,192,46003,1,0,0:0:0:0:
402,192,46003,1,0,0:0:0:0:
109,192,46071,1,0,0:0:0:0:
256,192,46138,1,0,0:0:0:0:
475,192,46138,1,0,0:0:0:0:
329,192,46138,1,0,0:0:0:0:
402,192,46274,1,0,0:0:0:0:
109,192,46274,1,0,0:0:0:0:
256,192,46274,1,0,0:0:0:0:
36,192,46274,1,0,0:0:0:0:
182,192,46274,1,0,0:0:0:0:
182,192,46341,1,0,0:0:0:0:
329,192,46409,1,0,0:0:0:0:
475,192,46409,1,0,0:0:0:0:
182,192,46476,1,0,0:0:0:0:
36,192,46544,1,0,0:0:0:0:
109,192,46544,1,0,0:0:0:0:
256,192,46544,1,0,0:0:0:0:
402,192,46544,1,0,0:0:0:0:
475,192,46544,1,0,0:0:0:0:
109,192,46747,1,0,0:0:0:0:
182,192,46747,1,0,0:0:0:0:
256,192,46747,1,0,0:0:0:0:
329,192,46747,1,0,0:0:0:0:
475,192,46747,1,0,0:0:0:0:
36,192,46949,1,0,0:0:0:0:
109,192,46949,1,0,0:0:0:0:
182,192,46949,1,0,0:0:0:0:
256,192,46949,1,0,0:0:0:0:
402,192,46949,1,0,0:0:0:0:
109,192,47152,1,0,0:0:0:0:
256,192,47152,1,0,0:0:0:0:
329,192,47152,1,0,0:0:0:0:
402,192,47152,1,0,0:0:0:0:
475,192,47152,1,0,0:0:0:0:
329,192,47355,128,0,47557:0:0:0:0:
256,192,47355,128,0,47557:0:0:0:0:
475,192,47355,128,0,47557:0:0:0:0:
402,192,47355,128,0,47557:0:0:0:0:
36,192,47355,128,0,47557:0:0:0:0:
109,192,47355,128,0,47557:0:0:0:0:
182,192,47355,128,0,47557:0:0:0:0:
36,192,47625,1,0,0:0:0:0:
329,192,47625,1,0,0:0:0:0:
475,192,47625,1,0,0:0:0:0:
109,192,47625,1,0,0:0:0:0:
256,192,47693,1,0,0:0:0:0:
182,192,47760,1,0,0:0:0:0:
402,192,47760,1,0,0:0:0:0:
109,192,47828,1,0,0:0:0:0:
36,192,47895,1,0,0:0:0:0:
329,192,47895,1,0,0:0:0:0:
402,192,47895,1,0,0:0:0:0:
475,192,47895,1,0,0:0:0:0:
109,192,47963,1,0,0:0:0:0:
182,192,48030,1,0,0:0:0:0:
402,192,48030,1,0,0:0:0:0:
329,192,48030,1,0,0:0:0:0:
256,192,48098,1,0,0:0:0:0:
329,192,48166,1,0,0:0:0:0:
36,192,48166,1,0,0:0:0:0:
109,192,48166,1,0,0:0:0:0:
182,192,48166,1,0,0:0:0:0:
402,192,48233,1,0,0:0:0:0:
475,192,48301,1,0,0:0:0:0:
109,192,48301,1,0,0:0:0:0:
256,192,48301,1,0,0:0:0:0:
402,192,48368,1,0,0:0:0:0:
329,192,48436,1,0,0:0:0:0:
36,192,48436,1,0,0:0:0:0:
182,192,48436,1,0,0:0:0:0:
475,192,48436,1,0,0:0:0:0:
256,192,48503,1,0,0:0:0:0:
182,192,48571,1,0,0:0:0:0:
402,192,48571,1,0,0:0:0:0:
329,192,48571,1,0,0:0:0:0:
109,192,48638,1,0,0:0:0:0:
36,192,48706,1,0,0:0:0:0:
256,192,48706,1,0,0:0:0:0:
475,192,48706,1,0,0:0:0:0:
329,192,48706,1,0,0:0:0:0:
109,192,48774,1,0,0:0:0:0:
182,192,48841,1,0,0:0:0:0:
402,192,48841,1,0,0:0:0:0:
329,192,48841,1,0,0:0:0:0:
256,192,48909,1,0,0:0:0:0:
329,192,48976,1,0,0:0:0:0:
36,192,48976,1,0,0:0:0:0:
109,192,48976,1,0,0:0:0:0:
182,192,48976,1,0,0:0:0:0:
402,192,49044,1,0,0:0:0:0:
475,192,49111,1,0,0:0:0:0:
182,192,49111,1,0,0:0:0:0:
256,192,49111,1,0,0:0:0:0:
402,192,49179,1,0,0:0:0:0:
329,192,49247,1,0,0:0:0:0:
36,192,49247,1,0,0:0:0:0:
109,192,49247,1,0,0:0:0:0:
475,192,49247,1,0,0:0:0:0:
256,192,49314,1,0,0:0:0:0:
182,192,49382,1,0,0:0:0:0:
329,192,49382,1,0,0:0:0:0:
402,192,49382,1,0,0:0:0:0:
109,192,49449,1,0,0:0:0:0:
36,192,49517,1,0,0:0:0:0:
256,192,49517,1,0,0:0:0:0:
475,192,49517,1,0,0:0:0:0:
402,192,49517,1,0,0:0:0:0:
109,192,49584,1,0,0:0:0:0:
182,192,49652,1,0,0:0:0:0:
329,192,49652,1,0,0:0:0:0:
36,192,49652,1,0,0:0:0:0:
256,192,49720,1,0,0:0:0:0:
329,192,49787,1,0,0:0:0:0:
402,192,49787,1,0,0:0:0:0:
475,192,49787,1,0,0:0:0:0:
182,192,49855,1,0,0:0:0:0:
256,192,49855,1,0,0:0:0:0:
36,192,49922,1,0,0:0:0:0:
109,192,49922,1,0,0:0:0:0:
402,192,49990,1,0,0:0:0:0:
475,192,49990,1,0,0:0:0:0:
256,192,50057,1,0,0:0:0:0:
329,192,50057,1,0,0:0:0:0:
182,192,50057,1,0,0:0:0:0:
109,192,50125,1,0,0:0:0:0:
36,192,50125,1,0,0:0:0:0:
402,192,50193,1,0,0:0:0:0:
475,192,50193,1,0,0:0:0:0:
256,192,50260,1,0,0:0:0:0:
329,192,50260,1,0,0:0:0:0:
182,192,50328,1,0,0:0:0:0:
109,192,50328,1,0,0:0:0:0:
36,192,50328,1,0,0:0:0:0:
329,192,50395,1,0,0:0:0:0:
402,192,50395,1,0,0:0:0:0:
475,192,50395,1,0,0:0:0:0:
109,192,50463,1,0,0:0:0:0:
182,192,50463,1,0,0:0:0:0:
256,192,50463,1,0,0:0:0:0:
329,192,50530,1,0,0:0:0:0:
402,192,50530,1,0,0:0:0:0:
475,192,50530,1,0,0:0:0:0:
36,192,50598,1,0,0:0:0:0:
109,192,50598,1,0,0:0:0:0:
182,192,50598,1,0,0:0:0:0:
329,192,50666,1,0,0:0:0:0:
402,192,50666,1,0,0:0:0:0:
475,192,50666,1,0,0:0:0:0:
109,192,50733,1,0,0:0:0:0:
182,192,50733,1,0,0:0:0:0:
256,192,50733,1,0,0:0:0:0:
329,192,50801,1,0,0:0:0:0:
402,192,50801,1,0,0:0:0:0:
475,192,50801,1,0,0:0:0:0:
36,192,50868,1,0,0:0:0:0:
109,192,50868,1,0,0:0:0:0:
256,192,50868,1,0,0:0:0:0:
182,192,50936,1,0,0:0:0:0:
329,192,50936,1,0,0:0:0:0:
475,192,50936,1,0,0:0:0:0:
109,192,51003,1,0,0:0:0:0:
256,192,51003,1,0,0:0:0:0:
402,192,51003,1,0,0:0:0:0:
36,192,51071,1,0,0:0:0:0:
182,192,51071,1,0,0:0:0:0:
329,192,51071,1,0,0:0:0:0:
256,192,51138,1,0,0:0:0:0:
402,192,51138,1,0,0:0:0:0:
475,192,51138,1,0,0:0:0:0:
36,192,51206,1,0,0:0:0:0:
182,192,51206,1,0,0:0:0:0:
329,192,51206,1,0,0:0:0:0:
109,192,51274,1,0,0:0:0:0:
256,192,51274,1,0,0:0:0:0:
402,192,51274,1,0,0:0:0:0:
182,192,51341,1,0,0:0:0:0:
329,192,51341,1,0,0:0:0:0:
475,192,51341,1,0,0:0:0:0:
109,192,51409,128,0,51882:0:0:0:0:
256,192,51409,128,0,51882:0:0:0:0:
402,192,51409,128,0,51882:0:0:0:0:
36,192,51409,1,0,0:0:0:0:
36,192,51679,128,0,51882:0:0:0:0:
182,192,51679,128,0,51882:0:0:0:0:
329,192,51679,128,0,51882:0:0:0:0:
475,192,51679,128,0,51882:0:0:0:0:
182,192,51949,1,0,0:0:0:0:
329,192,51949,1,0,0:0:0:0:
475,192,51949,1,0,0:0:0:0:
36,192,52084,1,0,0:0:0:0:
109,192,52220,1,0,0:0:0:0:
182,192,52355,1,0,0:0:0:0:
329,192,52355,1,0,0:0:0:0:
36,192,52490,1,0,0:0:0:0:
109,192,52625,1,0,0:0:0:0:
182,192,52760,1,0,0:0:0:0:
402,192,52760,1,0,0:0:0:0:
256,192,52895,1,0,0:0:0:0:
36,192,53030,1,0,0:0:0:0:
182,192,53030,1,0,0:0:0:0:
402,192,53030,1,0,0:0:0:0:
256,192,53166,1,0,0:0:0:0:
109,192,53301,1,0,0:0:0:0:
402,192,53436,1,0,0:0:0:0:
256,192,53571,1,0,0:0:0:0:
109,192,53706,1,0,0:0:0:0:
402,192,53841,1,0,0:0:0:0:
109,192,53976,1,0,0:0:0:0:
36,192,54111,1,0,0:0:0:0:
256,192,54111,1,0,0:0:0:0:
475,192,54111,1,0,0:0:0:0:
182,192,54247,1,0,0:0:0:0:
109,192,54382,1,0,0:0:0:0:
256,192,54517,1,0,0:0:0:0:
329,192,54652,1,0,0:0:0:0:
109,192,54652,1,0,0:0:0:0:
475,192,54652,1,0,0:0:0:0:
182,192,54787,1,0,0:0:0:0:
402,192,54922,1,0,0:0:0:0:
109,192,55057,1,0,0:0:0:0:
256,192,55057,1,0,0:0:0:0:
36,192,55057,1,0,0:0:0:0:
402,192,55193,1,0,0:0:0:0:
182,192,55193,1,0,0:0:0:0:
329,192,55193,1,0,0:0:0:0:
256,192,55328,1,0,0:0:0:0:
109,192,55463,1,0,0:0:0:0:
182,192,55598,1,0,0:0:0:0:
256,192,55733,1,0,0:0:0:0:
109,192,55868,1,0,0:0:0:0:
402,192,56003,1,0,0:0:0:0:
182,192,56003,1,0,0:0:0:0:
256,192,56138,1,0,0:0:0:0:
329,192,56274,1,0,0:0:0:0:
36,192,56274,1,0,0:0:0:0:
475,192,56274,1,0,0:0:0:0:
256,192,56409,1,0,0:0:0:0:
182,192,56544,1,0,0:0:0:0:
329,192,56679,1,0,0:0:0:0:
256,192,56814,1,0,0:0:0:0:
182,192,56949,1,0,0:0:0:0:
329,192,57084,1,0,0:0:0:0:
36,192,57084,1,0,0:0:0:0:
475,192,57084,1,0,0:0:0:0:
256,192,57220,1,0,0:0:0:0:
36,192,57355,1,0,0:0:0:0:
475,192,57355,1,0,0:0:0:0:
182,192,57355,1,0,0:0:0:0:
329,192,57490,1,0,0:0:0:0:
182,192,57625,1,0,0:0:0:0:
402,192,57625,1,0,0:0:0:0:
109,192,57760,1,0,0:0:0:0:
256,192,57895,1,0,0:0:0:0:
256,192,58030,1,0,0:0:0:0:
329,192,58166,1,0,0:0:0:0:
182,192,58301,1,0,0:0:0:0:
36,192,58436,1,0,0:0:0:0:
256,192,58436,1,0,0:0:0:0:
475,192,58436,1,0,0:0:0:0:
256,192,58571,1,0,0:0:0:0:
109,192,58571,1,0,0:0:0:0:
256,192,58706,1,0,0:0:0:0:
182,192,58706,1,0,0:0:0:0:
256,192,58841,1,0,0:0:0:0:
109,192,58976,1,0,0:0:0:0:
329,192,58976,1,0,0:0:0:0:
475,192,58976,1,0,0:0:0:0:
329,192,59111,1,0,0:0:0:0:
182,192,59111,1,0,0:0:0:0:
329,192,59247,1,0,0:0:0:0:
256,192,59247,1,0,0:0:0:0:
329,192,59382,1,0,0:0:0:0:
402,192,59517,1,0,0:0:0:0:
475,192,59517,1,0,0:0:0:0:
182,192,59517,1,0,0:0:0:0:
402,192,59652,1,0,0:0:0:0:
256,192,59652,1,0,0:0:0:0:
402,192,59787,1,0,0:0:0:0:
329,192,59787,1,0,0:0:0:0:
402,192,59922,1,0,0:0:0:0:
36,192,60057,1,0,0:0:0:0:
182,192,60057,1,0,0:0:0:0:
36,192,60193,1,0,0:0:0:0:
182,192,60193,1,0,0:0:0:0:
329,192,60328,1,0,0:0:0:0:
475,192,60328,1,0,0:0:0:0:
329,192,60463,1,0,0:0:0:0:
475,192,60463,1,0,0:0:0:0:
109,192,60598,128,0,61409:0:0:0:0:
256,192,60598,128,0,61409:0:0:0:0:
36,192,60598,1,0,0:0:0:0:
329,192,61138,1,0,0:0:0:0:
475,192,61138,1,0,0:0:0:0:
36,192,61138,1,0,0:0:0:0:
182,192,61138,1,0,0:0:0:0:
402,192,61409,128,0,61544:0:0:0:0:
329,192,61409,128,0,61544:0:0:0:0:
402,192,61679,128,0,62760:0:0:0:0:
182,192,61679,1,0,0:0:0:0:
329,192,61679,128,0,62760:0:0:0:0:
256,192,62220,1,0,0:0:0:0:
475,192,62220,1,0,0:0:0:0:
36,192,62220,1,0,0:0:0:0:
256,192,62760,128,0,63301:0:0:0:0:
36,192,62760,1,0,0:0:0:0:
109,192,62760,128,0,63301:0:0:0:0:
475,192,63301,128,0,63706:0:0:0:0:
182,192,63301,1,0,0:0:0:0:
36,192,63301,1,0,0:0:0:0:
402,192,63301,128,0,63706:0:0:0:0:
329,192,63301,1,0,0:0:0:0:
329,192,63706,128,0,63841:0:0:0:0:
182,192,63706,128,0,63841:0:0:0:0:
402,192,63841,128,0,64922:0:0:0:0:
36,192,63841,1,0,0:0:0:0:
109,192,63841,1,0,0:0:0:0:
256,192,63841,128,0,64922:0:0:0:0:
182,192,64382,1,0,0:0:0:0:
475,192,64382,1,0,0:0:0:0:
329,192,64382,1,0,0:0:0:0:
36,192,64382,1,0,0:0:0:0:
109,192,64922,128,0,65733:0:0:0:0:
329,192,64922,1,0,0:0:0:0:
182,192,64922,128,0,65733:0:0:0:0:
256,192,65463,1,0,0:0:0:0:
475,192,65463,1,0,0:0:0:0:
36,192,65463,1,0,0:0:0:0:
329,192,65733,128,0,66003:0:0:0:0:
475,192,65733,128,0,66003:0:0:0:0:
36,192,66003,128,0,67017:0:0:0:0:
256,192,66003,1,0,0:0:0:0:
182,192,66003,128,0,67017:0:0:0:0:
475,192,66544,128,0,67017:0:0:0:0:
256,192,66544,1,0,0:0:0:0:
402,192,66544,1,0,0:0:0:0:
329,192,66544,128,0,67017:0:0:0:0:
109,192,66544,1,0,0:0:0:0:
256,192,66949,128,0,67017:0:0:0:0:
109,192,67084,128,0,68638:0:0:0:0:
402,192,67084,128,0,68909:0:0:0:0:
329,192,67084,1,0,0:0:0:0:
182,192,67084,1,0,0:0:0:0:
182,192,67625,128,0,67828:0:0:0:0:
329,192,67760,128,0,67895:0:0:0:0:
182,192,67895,1,0,0:0:0:0:
256,192,67895,1,0,0:0:0:0:
36,192,67895,1,0,0:0:0:0:
256,192,68166,1,0,0:0:0:0:
329,192,68166,1,0,0:0:0:0:
475,192,68166,1,0,0:0:0:0:
109,192,68706,128,0,69179:0:0:0:0:
182,192,68774,128,0,69179:0:0:0:0:
256,192,68841,128,0,69179:0:0:0:0:
329,192,68909,128,0,69179:0:0:0:0:
402,192,68976,128,0,69179:0:0:0:0:
256,192,69247,1,0,0:0:0:0:
36,192,69247,128,0,73503:0:0:0:0:
475,192,69247,128,0,73503:0:0:0:0:
256,192,69517,1,0,0:0:0:0:
256,192,69787,1,0,0:0:0:0:
256,192,70057,1,0,0:0:0:0:
256,192,70328,1,0,0:0:0:0:
256,192,70598,1,0,0:0:0:0:
256,192,70868,1,0,0:0:0:0:
329,192,70868,128,0,71003:0:0:0:0:
402,192,70868,128,0,71003:0:0:0:0:
109,192,71003,128,0,71138:0:0:0:0:
182,192,71003,128,0,71138:0:0:0:0:
256,192,71138,1,0,0:0:0:0:
329,192,71138,128,0,71409:0:0:0:0:
402,192,71138,128,0,71409:0:0:0:0:
256,192,71409,1,0,0:0:0:0:
256,192,71679,1,0,0:0:0:0:
256,192,71949,1,0,0:0:0:0:
109,192,71949,128,0,72084:0:0:0:0:
182,192,71949,128,0,72084:0:0:0:0:
329,192,72084,128,0,72220:0:0:0:0:
402,192,72084,128,0,72220:0:0:0:0:
256,192,72220,1,0,0:0:0:0:
109,192,72220,128,0,72490:0:0:0:0:
182,192,72220,128,0,72490:0:0:0:0:
256,192,72490,1,0,0:0:0:0:
256,192,72760,1,0,0:0:0:0:
256,192,73030,1,0,0:0:0:0:
109,192,73030,128,0,73166:0:0:0:0:
402,192,73030,128,0,73166:0:0:0:0:
182,192,73166,128,0,73301:0:0:0:0:
329,192,73166,128,0,73301:0:0:0:0:
256,192,73301,1,0,0:0:0:0:
109,192,73301,128,0,73503:0:0:0:0:
402,192,73301,128,0,73503:0:0:0:0:
36,192,73571,1,0,0:0:0:0:
109,192,73571,1,0,0:0:0:0:
256,192,73571,1,0,0:0:0:0:
402,192,73571,1,0,0:0:0:0:
475,192,73571,1,0,0:0:0:0:
36,192,73706,1,0,0:0:0:0:
109,192,73706,1,0,0:0:0:0:
256,192,73706,1,0,0:0:0:0:
36,192,73841,1,0,0:0:0:0:
109,192,73841,1,0,0:0:0:0:
256,192,73841,1,0,0:0:0:0:
36,192,73976,1,0,0:0:0:0:
109,192,73976,1,0,0:0:0:0:
256,192,73976,1,0,0:0:0:0:
182,192,74111,1,0,0:0:0:0:
329,192,74111,1,0,0:0:0:0:
475,192,74111,1,0,0:0:0:0:
182,192,74247,1,0,0:0:0:0:
329,192,74247,1,0,0:0:0:0:
475,192,74247,1,0,0:0:0:0:
182,192,74382,1,0,0:0:0:0:
329,192,74382,1,0,0:0:0:0:
475,192,74382,1,0,0:0:0:0:
182,192,74517,1,0,0:0:0:0:
329,192,74517,1,0,0:0:0:0:
475,192,74517,1,0,0:0:0:0:
36,192,74652,1,0,0:0:0:0:
109,192,74652,1,0,0:0:0:0:
182,192,74652,1,0,0:0:0:0:
256,192,74652,1,0,0:0:0:0:
182,192,74787,1,0,0:0:0:0:
109,192,74787,1,0,0:0:0:0:
256,192,74787,1,0,0:0:0:0:
329,192,74787,1,0,0:0:0:0:
182,192,74922,1,0,0:0:0:0:
256,192,74922,1,0,0:0:0:0:
329,192,74922,1,0,0:0:0:0:
402,192,74922,1,0,0:0:0:0:
256,192,75057,1,0,0:0:0:0:
329,192,75057,1,0,0:0:0:0:
402,192,75057,1,0,0:0:0:0:
475,192,75057,1,0,0:0:0:0:
36,192,75193,1,0,0:0:0:0:
109,192,75193,1,0,0:0:0:0:
182,192,75193,1,0,0:0:0:0:
256,192,75193,1,0,0:0:0:0:
109,192,75328,1,0,0:0:0:0:
182,192,75328,1,0,0:0:0:0:
329,192,75328,1,0,0:0:0:0:
256,192,75328,1,0,0:0:0:0:
182,192,75463,1,0,0:0:0:0:
256,192,75463,1,0,0:0:0:0:
329,192,75463,1,0,0:0:0:0:
402,192,75463,1,0,0:0:0:0:
256,192,75598,1,0,0:0:0:0:
329,192,75598,1,0,0:0:0:0:
402,192,75598,1,0,0:0:0:0:
475,192,75598,1,0,0:0:0:0:
36,192,75733,1,0,0:0:0:0:
182,192,75733,1,0,0:0:0:0:
329,192,75733,1,0,0:0:0:0:
475,192,75733,1,0,0:0:0:0:
256,192,75801,1,0,0:0:0:0:
109,192,75801,1,0,0:0:0:0:
182,192,75868,1,0,0:0:0:0:
329,192,75868,1,0,0:0:0:0:
256,192,75936,1,0,0:0:0:0:
402,192,75936,1,0,0:0:0:0:
329,192,76003,1,0,0:0:0:0:
475,192,76003,1,0,0:0:0:0:
36,192,76071,1,0,0:0:0:0:
182,192,76071,1,0,0:0:0:0:
109,192,76138,1,0,0:0:0:0:
256,192,76138,1,0,0:0:0:0:
182,192,76206,1,0,0:0:0:0:
329,192,76206,1,0,0:0:0:0:
402,192,76274,1,0,0:0:0:0:
256,192,76274,1,0,0:0:0:0:
329,192,76341,1,0,0:0:0:0:
475,192,76341,1,0,0:0:0:0:
36,192,76409,1,0,0:0:0:0:
182,192,76409,1,0,0:0:0:0:
329,192,76476,1,0,0:0:0:0:
475,192,76476,1,0,0:0:0:0:
109,192,76544,1,0,0:0:0:0:
256,192,76544,1,0,0:0:0:0:
475,192,76611,1,0,0:0:0:0:
329,192,76611,1,0,0:0:0:0:
182,192,76679,1,0,0:0:0:0:
36,192,76679,1,0,0:0:0:0:
256,192,76747,1,0,0:0:0:0:
402,192,76747,1,0,0:0:0:0:
36,192,76814,1,0,0:0:0:0:
182,192,76814,1,0,0:0:0:0:
475,192,76814,1,0,0:0:0:0:
329,192,76814,1,0,0:0:0:0:
256,192,77084,128,0,77186:0:0:0:0:
256,192,77220,1,0,0:0:0:0:
182,192,77355,1,0,0:0:0:0:
36,192,77355,1,0,0:0:0:0:
329,192,77355,1,0,0:0:0:0:
475,192,77355,1,0,0:0:0:0:
109,192,77490,1,0,0:0:0:0:
402,192,77490,1,0,0:0:0:0:
256,192,77490,1,0,0:0:0:0:
182,192,77557,1,0,0:0:0:0:
329,192,77557,1,0,0:0:0:0:
109,192,77625,128,0,77760:0:0:0:0:
402,192,77625,128,0,77760:0:0:0:0:
256,192,77625,128,0,77760:0:0:0:0:
36,192,77625,1,0,0:0:0:0:
475,192,77625,1,0,0:0:0:0:
36,192,77895,128,0,78166:0:0:0:0:
109,192,77895,1,0,0:0:0:0:
182,192,77895,1,0,0:0:0:0:
256,192,77895,1,0,0:0:0:0:
329,192,77895,1,0,0:0:0:0:
402,192,77895,1,0,0:0:0:0:
475,192,77895,1,0,0:0:0:0:
109,192,77963,128,0,78166:0:0:0:0:
182,192,78030,128,0,78166:0:0:0:0:
402,192,78030,128,0,78064:0:0:0:0:
329,192,78030,1,0,0:0:0:0:
256,192,78098,128,0,78166:0:0:0:0:
402,192,78166,1,0,0:0:0:0:
329,192,78166,1,0,0:0:0:0:
475,192,78166,128,0,78368:0:0:0:0:
402,192,78233,128,0,78368:0:0:0:0:
182,192,78301,1,0,0:0:0:0:
329,192,78301,128,0,78368:0:0:0:0:
109,192,78301,128,0,78334:0:0:0:0:
256,192,78368,128,0,78503:0:0:0:0:
36,192,78436,128,0,78526:0:0:0:0:
475,192,78436,1,0,0:0:0:0:
329,192,78436,1,0,0:0:0:0:
402,192,78436,1,0,0:0:0:0:
109,192,78481,128,0,78571:0:0:0:0:
182,192,78526,128,0,78616:0:0:0:0:
256,192,78571,128,0,78661:0:0:0:0:
329,192,78616,128,0,78796:0:0:0:0:
402,192,78661,128,0,78796:0:0:0:0:
109,192,78706,1,0,0:0:0:0:
182,192,78706,1,0,0:0:0:0:
475,192,78706,128,0,78796:0:0:0:0:
36,192,78706,128,0,78740:0:0:0:0:
329,192,78841,1,0,0:0:0:0:
475,192,78841,1,0,0:0:0:0:
402,192,78841,1,0,0:0:0:0:
256,192,78841,128,0,79449:0:0:0:0:
182,192,78841,128,0,79044:0:0:0:0:
402,192,78976,1,0,0:0:0:0:
109,192,78976,1,0,0:0:0:0:
36,192,78976,1,0,0:0:0:0:
329,192,79111,128,0,79449:0:0:0:0:
475,192,79111,128,0,79449:0:0:0:0:
182,192,79111,128,0,79145:0:0:0:0:
36,192,79247,1,0,0:0:0:0:
109,192,79247,1,0,0:0:0:0:
182,192,79382,128,0,79416:0:0:0:0:
475,192,79517,1,0,0:0:0:0:
329,192,79517,1,0,0:0:0:0:
256,192,79517,1,0,0:0:0:0:
402,192,79517,1,0,0:0:0:0:
36,192,79517,128,0,79720:0:0:0:0:
402,192,79584,128,0,79720:0:0:0:0:
109,192,79584,128,0,79720:0:0:0:0:
475,192,79652,128,0,79720:0:0:0:0:
182,192,79652,128,0,79720:0:0:0:0:
256,192,79787,1,0,0:0:0:0:
109,192,79787,1,0,0:0:0:0:
36,192,79787,1,0,0:0:0:0:
182,192,79787,1,0,0:0:0:0:
329,192,79787,128,0,79990:0:0:0:0:
475,192,79855,128,0,79990:0:0:0:0:
256,192,79855,128,0,79990:0:0:0:0:
36,192,79922,128,0,79990:0:0:0:0:
182,192,79922,128,0,79990:0:0:0:0:
256,192,80057,1,0,0:0:0:0:
475,192,80057,128,0,80328:0:0:0:0:
402,192,80057,1,0,0:0:0:0:
329,192,80057,1,0,0:0:0:0:
182,192,80057,1,0,0:0:0:0:
109,192,80057,1,0,0:0:0:0:
36,192,80057,1,0,0:0:0:0:
402,192,80125,128,0,80328:0:0:0:0:
329,192,80193,128,0,80328:0:0:0:0:
109,192,80193,128,0,80226:0:0:0:0:
182,192,80193,1,0,0:0:0:0:
256,192,80260,128,0,80328:0:0:0:0:
109,192,80328,1,0,0:0:0:0:
182,192,80328,1,0,0:0:0:0:
36,192,80328,128,0,80530:0:0:0:0:
109,192,80395,128,0,80530:0:0:0:0:
329,192,80463,1,0,0:0:0:0:
182,192,80463,128,0,80530:0:0:0:0:
402,192,80463,128,0,80497:0:0:0:0:
256,192,80530,128,0,80666:0:0:0:0:
475,192,80598,128,0,80688:0:0:0:0:
36,192,80598,1,0,0:0:0:0:
182,192,80598,1,0,0:0:0:0:
109,192,80598,1,0,0:0:0:0:
402,192,80643,128,0,80733:0:0:0:0:
329,192,80688,128,0,80778:0:0:0:0:
256,192,80733,128,0,80823:0:0:0:0:
182,192,80778,128,0,80958:0:0:0:0:
109,192,80823,128,0,80958:0:0:0:0:
402,192,80868,1,0,0:0:0:0:
329,192,80868,1,0,0:0:0:0:
36,192,80868,128,0,80958:0:0:0:0:
475,192,80868,128,0,80902:0:0:0:0:
182,192,81003,1,0,0:0:0:0:
36,192,81003,1,0,0:0:0:0:
109,192,81003,1,0,0:0:0:0:
256,192,81003,128,0,81611:0:0:0:0:
329,192,81003,128,0,81206:0:0:0:0:
109,192,81138,1,0,0:0:0:0:
402,192,81138,1,0,0:0:0:0:
475,192,81138,1,0,0:0:0:0:
182,192,81274,128,0,81611:0:0:0:0:
36,192,81274,128,0,81611:0:0:0:0:
329,192,81274,128,0,81307:0:0:0:0:
475,192,81409,1,0,0:0:0:0:
402,192,81409,1,0,0:0:0:0:
329,192,81544,128,0,81578:0:0:0:0:
36,192,81679,1,0,0:0:0:0:
182,192,81679,1,0,0:0:0:0:
256,192,81679,1,0,0:0:0:0:
109,192,81679,1,0,0:0:0:0:
329,192,81679,128,0,81814:0:0:0:0:
475,192,81679,128,0,81882:0:0:0:0:
182,192,81814,128,0,81882:0:0:0:0:
402,192,81814,128,0,81882:0:0:0:0:
109,192,81814,1,0,0:0:0:0:
256,192,81814,1,0,0:0:0:0:
36,192,81814,128,0,81882:0:0:0:0:
402,192,81949,1,0,0:0:0:0:
329,192,81949,1,0,0:0:0:0:
475,192,81949,1,0,0:0:0:0:
256,192,81949,1,0,0:0:0:0:
36,192,81949,128,0,82152:0:0:0:0:
182,192,81949,128,0,82084:0:0:0:0:
329,192,82084,128,0,82152:0:0:0:0:
256,192,82084,1,0,0:0:0:0:
109,192,82084,128,0,82152:0:0:0:0:
402,192,82084,1,0,0:0:0:0:
475,192,82084,128,0,82152:0:0:0:0:
36,192,82220,128,0,82490:0:0:0:0:
109,192,82220,1,0,0:0:0:0:
182,192,82220,1,0,0:0:0:0:
256,192,82220,1,0,0:0:0:0:
329,192,82220,1,0,0:0:0:0:
402,192,82220,1,0,0:0:0:0:
475,192,82220,1,0,0:0:0:0:
109,192,82287,128,0,82490:0:0:0:0:
182,192,82355,128,0,82490:0:0:0:0:
402,192,82355,128,0,82388:0:0:0:0:
329,192,82355,1,0,0:0:0:0:
256,192,82422,128,0,82490:0:0:0:0:
402,192,82490,1,0,0:0:0:0:
329,192,82490,1,0,0:0:0:0:
475,192,82490,128,0,82693:0:0:0:0:
402,192,82557,128,0,82693:0:0:0:0:
182,192,82625,1,0,0:0:0:0:
329,192,82625,128,0,82693:0:0:0:0:
109,192,82625,128,0,82659:0:0:0:0:
256,192,82693,128,0,82828:0:0:0:0:
36,192,82760,128,0,82850:0:0:0:0:
475,192,82760,1,0,0:0:0:0:
402,192,82760,1,0,0:0:0:0:
329,192,82760,1,0,0:0:0:0:
109,192,82805,128,0,82895:0:0:0:0:
182,192,82850,128,0,82940:0:0:0:0:
256,192,82895,128,0,82985:0:0:0:0:
329,192,82940,128,0,83120:0:0:0:0:
402,192,82985,128,0,83120:0:0:0:0:
109,192,83030,1,0,0:0:0:0:
182,192,83030,1,0,0:0:0:0:
475,192,83030,128,0,83120:0:0:0:0:
36,192,83030,128,0,83064:0:0:0:0:
329,192,83166,1,0,0:0:0:0:
475,192,83166,1,0,0:0:0:0:
402,192,83166,1,0,0:0:0:0:
256,192,83166,128,0,83774:0:0:0:0:
109,192,83166,128,0,83368:0:0:0:0:
329,192,83301,1,0,0:0:0:0:
182,192,83301,1,0,0:0:0:0:
36,192,83301,1,0,0:0:0:0:
402,192,83436,128,0,83774:0:0:0:0:
475,192,83436,128,0,83774:0:0:0:0:
109,192,83436,128,0,83470:0:0:0:0:
36,192,83571,1,0,0:0:0:0:
182,192,83571,1,0,0:0:0:0:
109,192,83706,128,0,83740:0:0:0:0:
402,192,83841,1,0,0:0:0:0:
36,192,83841,128,0,84044:0:0:0:0:
256,192,83841,1,0,0:0:0:0:
329,192,83841,1,0,0:0:0:0:
475,192,83841,1,0,0:0:0:0:
109,192,83909,128,0,84044:0:0:0:0:
329,192,83909,128,0,84044:0:0:0:0:
182,192,83976,128,0,84044:0:0:0:0:
475,192,83976,128,0,84044:0:0:0:0:
256,192,83976,1,0,0:0:0:0:
36,192,84111,1,0,0:0:0:0:
329,192,84111,128,0,84314:0:0:0:0:
109,192,84111,1,0,0:0:0:0:
256,192,84111,1,0,0:0:0:0:
182,192,84111,1,0,0:0:0:0:
36,192,84179,128,0,84314:0:0:0:0:
402,192,84179,128,0,84314:0:0:0:0:
182,192,84247,128,0,84314:0:0:0:0:
475,192,84247,128,0,84314:0:0:0:0:
256,192,84247,1,0,0:0:0:0:
475,192,84382,1,0,0:0:0:0:
182,192,84382,128,0,84584:0:0:0:0:
36,192,84382,128,0,84720:0:0:0:0:
256,192,84382,128,0,84720:0:0:0:0:
109,192,84382,128,0,84449:0:0:0:0:
329,192,84382,1,0,0:0:0:0:
402,192,84382,1,0,0:0:0:0:
475,192,84517,1,0,0:0:0:0:
402,192,84517,1,0,0:0:0:0:
329,192,84517,1,0,0:0:0:0:
109,192,84517,128,0,84720:0:0:0:0:
475,192,84652,1,0,0:0:0:0:
402,192,84652,1,0,0:0:0:0:
329,192,84652,1,0,0:0:0:0:
182,192,84652,128,0,84720:0:0:0:0:
256,192,84787,128,0,85125:0:0:0:0:
329,192,84787,128,0,84990:0:0:0:0:
402,192,84787,128,0,84855:0:0:0:0:
475,192,84787,128,0,85125:0:0:0:0:
36,192,84787,1,0,0:0:0:0:
109,192,84787,1,0,0:0:0:0:
182,192,84787,1,0,0:0:0:0:
182,192,84922,1,0,0:0:0:0:
36,192,84922,1,0,0:0:0:0:
109,192,84922,1,0,0:0:0:0:
402,192,84922,128,0,85125:0:0:0:0:
182,192,85057,1,0,0:0:0:0:
109,192,85057,1,0,0:0:0:0:
329,192,85057,128,0,85125:0:0:0:0:
36,192,85057,1,0,0:0:0:0:
36,192,85193,128,0,85530:0:0:0:0:
109,192,85193,1,0,0:0:0:0:
182,192,85193,1,0,0:0:0:0:
475,192,85193,1,0,0:0:0:0:
402,192,85193,1,0,0:0:0:0:
329,192,85193,1,0,0:0:0:0:
256,192,85193,1,0,0:0:0:0:
109,192,85328,128,0,85530:0:0:0:0:
182,192,85328,1,0,0:0:0:0:
256,192,85328,1,0,0:0:0:0:
329,192,85328,1,0,0:0:0:0:
402,192,85328,1,0,0:0:0:0:
475,192,85328,1,0,0:0:0:0:
182,192,85463,128,0,85530:0:0:0:0:
256,192,85463,1,0,0:0:0:0:
329,192,85463,1,0,0:0:0:0:
475,192,85463,1,0,0:0:0:0:
402,192,85463,1,0,0:0:0:0:
329,192,85598,1,0,0:0:0:0:
402,192,85598,1,0,0:0:0:0:
475,192,85598,128,0,85936:0:0:0:0:
256,192,85598,1,0,0:0:0:0:
182,192,85598,1,0,0:0:0:0:
109,192,85598,1,0,0:0:0:0:
36,192,85598,1,0,0:0:0:0:
256,192,85733,1,0,0:0:0:0:
329,192,85733,1,0,0:0:0:0:
402,192,85733,128,0,85936:0:0:0:0:
182,192,85733,1,0,0:0:0:0:
109,192,85733,1,0,0:0:0:0:
36,192,85733,1,0,0:0:0:0:
329,192,85868,128,0,85936:0:0:0:0:
182,192,85868,1,0,0:0:0:0:
256,192,85868,1,0,0:0:0:0:
109,192,85868,1,0,0:0:0:0:
36,192,85868,1,0,0:0:0:0:
475,192,86003,1,0,0:0:0:0:
329,192,86003,1,0,0:0:0:0:
256,192,86003,1,0,0:0:0:0:
402,192,86003,1,0,0:0:0:0:
36,192,86003,128,0,86093:0:0:0:0:
109,192,86026,128,0,86116:0:0:0:0:
182,192,86048,128,0,86138:0:0:0:0:
256,192,86071,128,0,86161:0:0:0:0:
329,192,86093,128,0,86184:0:0:0:0:
402,192,86116,128,0,86206:0:0:0:0:
475,192,86138,128,0,86229:0:0:0:0:
36,192,86274,1,0,0:0:0:0:
109,192,86274,1,0,0:0:0:0:
182,192,86274,1,0,0:0:0:0:
256,192,86274,1,0,0:0:0:0:
475,192,86274,128,0,86364:0:0:0:0:
402,192,86296,128,0,86386:0:0:0:0:
329,192,86319,128,0,86409:0:0:0:0:
256,192,86341,128,0,86431:0:0:0:0:
182,192,86364,128,0,86454:0:0:0:0:
109,192,86386,128,0,86476:0:0:0:0:
36,192,86409,128,0,86499:0:0:0:0:
256,192,86544,1,0,0:0:0:0:
329,192,86544,1,0,0:0:0:0:
402,192,86544,1,0,0:0:0:0:
475,192,86544,1,0,0:0:0:0:
36,192,86679,128,0,86814:0:0:0:0:
182,192,86679,128,0,86814:0:0:0:0:
475,192,86679,1,0,0:0:0:0:
402,192,86679,1,0,0:0:0:0:
329,192,86747,1,0,0:0:0:0:
256,192,86747,1,0,0:0:0:0:
475,192,86814,1,0,0:0:0:0:
402,192,86814,1,0,0:0:0:0:
109,192,86814,1,0,0:0:0:0:
182,192,86949,128,0,87084:0:0:0:0:
109,192,86949,128,0,87084:0:0:0:0:
475,192,86949,1,0,0:0:0:0:
329,192,86949,1,0,0:0:0:0:
256,192,87017,1,0,0:0:0:0:
402,192,87017,1,0,0:0:0:0:
475,192,87084,1,0,0:0:0:0:
329,192,87084,1,0,0:0:0:0:
36,192,87084,1,0,0:0:0:0:
256,192,87220,1,0,0:0:0:0:
329,192,87220,1,0,0:0:0:0:
182,192,87220,128,0,87355:0:0:0:0:
36,192,87220,128,0,87355:0:0:0:0:
402,192,87287,1,0,0:0:0:0:
475,192,87287,1,0,0:0:0:0:
109,192,87355,1,0,0:0:0:0:
256,192,87355,1,0,0:0:0:0:
329,192,87355,1,0,0:0:0:0:
182,192,87490,128,0,87625:0:0:0:0:
109,192,87490,128,0,87625:0:0:0:0:
402,192,87490,1,0,0:0:0:0:
256,192,87490,1,0,0:0:0:0:
329,192,87557,1,0,0:0:0:0:
475,192,87557,1,0,0:0:0:0:
402,192,87625,1,0,0:0:0:0:
256,192,87625,1,0,0:0:0:0:
36,192,87625,1,0,0:0:0:0:
109,192,87693,1,0,0:0:0:0:
329,192,87760,128,0,87895:0:0:0:0:
402,192,87760,128,0,87895:0:0:0:0:
182,192,87760,1,0,0:0:0:0:
109,192,87828,1,0,0:0:0:0:
256,192,87895,1,0,0:0:0:0:
36,192,87895,1,0,0:0:0:0:
475,192,87895,1,0,0:0:0:0:
329,192,88030,128,0,88166:0:0:0:0:
475,192,88030,128,0,88166:0:0:0:0:
36,192,88030,1,0,0:0:0:0:
256,192,88030,1,0,0:0:0:0:
182,192,88098,1,0,0:0:0:0:
109,192,88098,1,0,0:0:0:0:
36,192,88166,1,0,0:0:0:0:
402,192,88166,1,0,0:0:0:0:
256,192,88166,1,0,0:0:0:0:
109,192,88233,1,0,0:0:0:0:
329,192,88301,128,0,88436:0:0:0:0:
402,192,88301,128,0,88436:0:0:0:0:
182,192,88301,1,0,0:0:0:0:
256,192,88368,1,0,0:0:0:0:
256,192,88436,1,0,0:0:0:0:
36,192,88436,1,0,0:0:0:0:
475,192,88436,1,0,0:0:0:0:
402,192,88503,1,0,0:0:0:0:
182,192,88571,128,0,88706:0:0:0:0:
109,192,88571,128,0,88706:0:0:0:0:
329,192,88571,1,0,0:0:0:0:
256,192,88638,1,0,0:0:0:0:
256,192,88706,1,0,0:0:0:0:
475,192,88706,1,0,0:0:0:0:
402,192,88706,1,0,0:0:0:0:
36,192,88706,1,0,0:0:0:0:
109,192,88774,1,0,0:0:0:0:
402,192,88841,128,0,88976:0:0:0:0:
182,192,88841,1,0,0:0:0:0:
475,192,88841,128,0,88976:0:0:0:0:
329,192,88909,1,0,0:0:0:0:
36,192,88976,1,0,0:0:0:0:
256,192,88976,1,0,0:0:0:0:
182,192,88976,1,0,0:0:0:0:
182,192,89044,1,0,0:0:0:0:
402,192,89111,128,0,89247:0:0:0:0:
475,192,89111,128,0,89247:0:0:0:0:
256,192,89111,1,0,0:0:0:0:
109,192,89179,1,0,0:0:0:0:
36,192,89247,1,0,0:0:0:0:
256,192,89247,1,0,0:0:0:0:
329,192,89247,1,0,0:0:0:0:
402,192,89314,1,0,0:0:0:0:
109,192,89382,128,0,89517:0:0:0:0:
36,192,89382,128,0,89517:0:0:0:0:
182,192,89382,1,0,0:0:0:0:
402,192,89449,1,0,0:0:0:0:
475,192,89517,1,0,0:0:0:0:
329,192,89517,1,0,0:0:0:0:
256,192,89517,1,0,0:0:0:0:
329,192,89584,1,0,0:0:0:0:
109,192,89652,128,0,89787:0:0:0:0:
36,192,89652,128,0,89787:0:0:0:0:
182,192,89652,1,0,0:0:0:0:
329,192,89720,1,0,0:0:0:0:
182,192,89787,1,0,0:0:0:0:
475,192,89787,1,0,0:0:0:0:
256,192,89787,1,0,0:0:0:0:
329,192,89855,1,0,0:0:0:0:
402,192,89855,1,0,0:0:0:0:
256,192,89922,128,0,90260:0:0:0:0:
36,192,89922,1,0,0:0:0:0:
182,192,89922,1,0,0:0:0:0:
402,192,89922,128,0,90057:0:0:0:0:
475,192,89922,128,0,90057:0:0:0:0:
109,192,89990,1,0,0:0:0:0:
329,192,90057,1,0,0:0:0:0:
109,192,90125,1,0,0:0:0:0:
182,192,90125,1,0,0:0:0:0:
36,192,90193,128,0,90328:0:0:0:0:
109,192,90193,128,0,90328:0:0:0:0:
402,192,90193,1,0,0:0:0:0:
475,192,90193,1,0,0:0:0:0:
329,192,90260,1,0,0:0:0:0:
256,192,90328,1,0,0:0:0:0:
475,192,90328,1,0,0:0:0:0:
402,192,90328,1,0,0:0:0:0:
36,192,90373,128,0,90440:0:0:0:0:
109,192,90395,128,0,90463:0:0:0:0:
182,192,90418,128,0,90485:0:0:0:0:
256,192,90440,128,0,90508:0:0:0:0:
329,192,90463,128,0,90530:0:0:0:0:
402,192,90485,128,0,90553:0:0:0:0:
475,192,90508,128,0,90575:0:0:0:0:
256,192,90598,1,0,0:0:0:0:
182,192,90598,1,0,0:0:0:0:
109,192,90598,1,0,0:0:0:0:
36,192,90598,1,0,0:0:0:0:
475,192,90643,128,0,90711:0:0:0:0:
402,192,90666,128,0,90733:0:0:0:0:
329,192,90688,128,0,90756:0:0:0:0:
256,192,90711,128,0,90778:0:0:0:0:
182,192,90733,128,0,90801:0:0:0:0:
109,192,90756,128,0,90823:0:0:0:0:
36,192,90778,128,0,90846:0:0:0:0:
256,192,90868,1,0,0:0:0:0:
329,192,90868,1,0,0:0:0:0:
402,192,90868,1,0,0:0:0:0:
475,192,90868,1,0,0:0:0:0:
109,192,91003,1,0,0:0:0:0:
36,192,91003,1,0,0:0:0:0:
256,192,91003,1,0,0:0:0:0:
475,192,91071,1,0,0:0:0:0:
329,192,91071,1,0,0:0:0:0:
182,192,91071,1,0,0:0:0:0:
475,192,91138,128,0,91274:0:0:0:0:
329,192,91138,128,0,91274:0:0:0:0:
256,192,91138,1,0,0:0:0:0:
182,192,91274,128,0,91409:0:0:0:0:
36,192,91274,128,0,91409:0:0:0:0:
329,192,91341,1,0,0:0:0:0:
256,192,91409,1,0,0:0:0:0:
402,192,91409,1,0,0:0:0:0:
475,192,91409,1,0,0:0:0:0:
182,192,91544,1,0,0:0:0:0:
329,192,91544,1,0,0:0:0:0:
475,192,91544,1,0,0:0:0:0:
109,192,91611,1,0,0:0:0:0:
256,192,91611,1,0,0:0:0:0:
402,192,91611,1,0,0:0:0:0:
36,192,91679,128,0,91747:0:0:0:0:
182,192,91679,128,0,91747:0:0:0:0:
329,192,91679,128,0,91747:0:0:0:0:
182,192,91814,128,0,91882:0:0:0:0:
329,192,91814,128,0,91882:0:0:0:0:
475,192,91814,128,0,91882:0:0:0:0:
36,192,91949,128,0,92084:0:0:0:0:
109,192,91949,128,0,92084:0:0:0:0:
182,192,91949,128,0,92084:0:0:0:0:
256,192,91949,128,0,92084:0:0:0:0:
329,192,92084,128,0,92220:0:0:0:0:
402,192,92084,128,0,92220:0:0:0:0:
475,192,92084,128,0,92220:0:0:0:0:
36,192,92220,1,0,0:0:0:0:
109,192,92220,1,0,0:0:0:0:
182,192,92220,1,0,0:0:0:0:
256,192,92220,1,0,0:0:0:0:
182,192,92355,128,0,92490:0:0:0:0:
256,192,92355,128,0,92490:0:0:0:0:
329,192,92355,128,0,92490:0:0:0:0:
109,192,92490,1,0,0:0:0:0:
475,192,92490,1,0,0:0:0:0:
402,192,92490,1,0,0:0:0:0:
36,192,92490,1,0,0:0:0:0:
182,192,92625,1,0,0:0:0:0:
256,192,92625,1,0,0:0:0:0:
329,192,92625,1,0,0:0:0:0:
36,192,92693,1,0,0:0:0:0:
109,192,92693,1,0,0:0:0:0:
402,192,92693,1,0,0:0:0:0:
475,192,92693,1,0,0:0:0:0:
182,192,92760,1,0,0:0:0:0:
256,192,92760,1,0,0:0:0:0:
329,192,92760,1,0,0:0:0:0:
182,192,92895,1,0,0:0:0:0:
256,192,92895,1,0,0:0:0:0:
329,192,92895,1,0,0:0:0:0:
109,192,92895,1,0,0:0:0:0:
402,192,92895,1,0,0:0:0:0:
402,192,93030,1,0,0:0:0:0:
36,192,93030,128,0,93098:0:0:0:0:
182,192,93030,128,0,93098:0:0:0:0:
475,192,93030,1,0,0:0:0:0:
329,192,93030,1,0,0:0:0:0:
256,192,93030,1,0,0:0:0:0:
475,192,93166,1,0,0:0:0:0:
402,192,93166,1,0,0:0:0:0:
256,192,93166,128,0,93233:0:0:0:0:
109,192,93166,128,0,93233:0:0:0:0:
329,192,93166,1,0,0:0:0:0:
36,192,93166,1,0,0:0:0:0:
182,192,93301,128,0,93368:0:0:0:0:
36,192,93301,1,0,0:0:0:0:
109,192,93301,1,0,0:0:0:0:
475,192,93301,1,0,0:0:0:0:
402,192,93301,1,0,0:0:0:0:
329,192,93301,128,0,93368:0:0:0:0:
182,192,93436,1,0,0:0:0:0:
36,192,93436,1,0,0:0:0:0:
475,192,93436,1,0,0:0:0:0:
402,192,93436,128,0,93503:0:0:0:0:
256,192,93436,128,0,93503:0:0:0:0:
109,192,93436,1,0,0:0:0:0:
329,192,93571,128,0,93774:0:0:0:0:
475,192,93571,128,0,93774:0:0:0:0:
36,192,93571,1,0,0:0:0:0:
182,192,93571,1,0,0:0:0:0:
109,192,93638,1,0,0:0:0:0:
256,192,93638,1,0,0:0:0:0:
36,192,93706,1,0,0:0:0:0:
182,192,93706,1,0,0:0:0:0:
109,192,93774,1,0,0:0:0:0:
256,192,93774,1,0,0:0:0:0:
36,192,93841,128,0,93976:0:0:0:0:
182,192,93841,128,0,93976:0:0:0:0:
329,192,93841,1,0,0:0:0:0:
475,192,93841,1,0,0:0:0:0:
329,192,93976,128,0,94044:0:0:0:0:
475,192,93976,128,0,94044:0:0:0:0:
36,192,94044,1,0,0:0:0:0:
182,192,94044,1,0,0:0:0:0:
256,192,94111,1,0,0:0:0:0:
329,192,94111,1,0,0:0:0:0:
402,192,94111,1,0,0:0:0:0:
475,192,94111,1,0,0:0:0:0:
109,192,94179,1,0,0:0:0:0:
182,192,94179,1,0,0:0:0:0:
329,192,94247,1,0,0:0:0:0:
402,192,94247,1,0,0:0:0:0:
182,192,94314,1,0,0:0:0:0:
256,192,94314,1,0,0:0:0:0:
36,192,94382,1,0,0:0:0:0:
109,192,94382,1,0,0:0:0:0:
402,192,94382,1,0,0:0:0:0:
475,192,94382,1,0,0:0:0:0:
256,192,94449,1,0,0:0:0:0:
329,192,94449,1,0,0:0:0:0:
109,192,94517,1,0,0:0:0:0:
182,192,94517,1,0,0:0:0:0:
329,192,94584,1,0,0:0:0:0:
402,192,94584,1,0,0:0:0:0:
36,192,94652,128,0,94922:0:0:0:0:
182,192,94652,128,0,94922:0:0:0:0:
256,192,94652,128,0,94922:0:0:0:0:
475,192,94652,128,0,94922:0:0:0:0:
109,192,94922,1,0,0:0:0:0:
329,192,94922,1,0,0:0:0:0:
402,192,94922,1,0,0:0:0:0:
182,192,95193,5,0,0:0:0:0:
109,192,95193,1,0,0:0:0:0:
475,192,95193,1,0,0:0:0:0:
329,192,95193,1,0,0:0:0:0:
109,192,95260,128,0,95463:0:0:0:0:
36,192,95260,128,0,95463:0:0:0:0:
402,192,95328,1,0,0:0:0:0:
256,192,95328,1,0,0:0:0:0:
475,192,95463,1,0,0:0:0:0:
182,192,95463,1,0,0:0:0:0:
329,192,95463,1,0,0:0:0:0:
402,192,95530,1,0,0:0:0:0:
256,192,95530,1,0,0:0:0:0:
109,192,95530,1,0,0:0:0:0:
329,192,95598,1,0,0:0:0:0:
182,192,95598,1,0,0:0:0:0:
36,192,95598,1,0,0:0:0:0:
402,192,95666,1,0,0:0:0:0:
256,192,95666,1,0,0:0:0:0:
109,192,95666,1,0,0:0:0:0:
475,192,95733,128,0,95936:0:0:0:0:
329,192,95733,128,0,95868:0:0:0:0:
182,192,95733,128,0,95936:0:0:0:0:
402,192,95868,128,0,95936:0:0:0:0:
36,192,95868,128,0,95936:0:0:0:0:
256,192,95868,1,0,0:0:0:0:
109,192,95868,128,0,95936:0:0:0:0:
329,192,96003,128,0,96206:0:0:0:0:
182,192,96003,128,0,96138:0:0:0:0:
36,192,96003,128,0,96206:0:0:0:0:
475,192,96138,128,0,96206:0:0:0:0:
109,192,96138,128,0,96206:0:0:0:0:
256,192,96138,1,0,0:0:0:0:
402,192,96138,128,0,96206:0:0:0:0:
402,192,96274,1,0,0:0:0:0:
329,192,96274,1,0,0:0:0:0:
256,192,96274,1,0,0:0:0:0:
109,192,96274,1,0,0:0:0:0:
475,192,96274,128,0,96341:0:0:0:0:
36,192,96274,128,0,96341:0:0:0:0:
402,192,96409,1,0,0:0:0:0:
329,192,96409,1,0,0:0:0:0:
182,192,96409,1,0,0:0:0:0:
109,192,96409,1,0,0:0:0:0:
475,192,96409,128,0,96476:0:0:0:0:
36,192,96409,128,0,96476:0:0:0:0:
402,192,96544,1,0,0:0:0:0:
256,192,96544,1,0,0:0:0:0:
182,192,96544,1,0,0:0:0:0:
109,192,96544,1,0,0:0:0:0:
475,192,96544,128,0,96611:0:0:0:0:
36,192,96544,128,0,96611:0:0:0:0:
402,192,96679,1,0,0:0:0:0:
329,192,96679,1,0,0:0:0:0:
256,192,96679,1,0,0:0:0:0:
109,192,96679,1,0,0:0:0:0:
475,192,96679,128,0,96747:0:0:0:0:
36,192,96679,128,0,96747:0:0:0:0:
36,192,96814,128,0,96949:0:0:0:0:
182,192,96814,128,0,96949:0:0:0:0:
329,192,96814,128,0,96949:0:0:0:0:
109,192,96949,128,0,97084:0:0:0:0:
256,192,96949,128,0,97051:0:0:0:0:
402,192,96949,128,0,97084:0:0:0:0:
256,192,97084,1,0,0:0:0:0:
182,192,97084,128,0,97186:0:0:0:0:
329,192,97084,128,0,97186:0:0:0:0:
475,192,97084,128,0,97186:0:0:0:0:
36,192,97220,128,0,97321:0:0:0:0:
182,192,97220,128,0,97321:0:0:0:0:
329,192,97220,128,0,97321:0:0:0:0:
256,192,97220,1,0,0:0:0:0:
475,192,97355,1,0,0:0:0:0:
402,192,97355,1,0,0:0:0:0:
329,192,97355,1,0,0:0:0:0:
256,192,97355,1,0,0:0:0:0:
256,192,97490,128,0,97557:0:0:0:0:
182,192,97490,128,0,97557:0:0:0:0:
109,192,97490,128,0,97557:0:0:0:0:
36,192,97490,128,0,97557:0:0:0:0:
475,192,97625,1,0,0:0:0:0:
402,192,97625,1,0,0:0:0:0:
256,192,97760,1,0,0:0:0:0:
109,192,97760,1,0,0:0:0:0:
36,192,97760,1,0,0:0:0:0:
182,192,97760,1,0,0:0:0:0:
475,192,97895,128,0,97963:0:0:0:0:
402,192,97895,128,0,97963:0:0:0:0:
329,192,97895,128,0,97963:0:0:0:0:
256,192,97895,128,0,97963:0:0:0:0:
109,192,98030,128,0,98098:0:0:0:0:
36,192,98030,128,0,98098:0:0:0:0:
182,192,98030,128,0,98098:0:0:0:0:
402,192,98098,1,0,0:0:0:0:
475,192,98098,1,0,0:0:0:0:
256,192,98166,128,0,98233:0:0:0:0:
329,192,98166,128,0,98233:0:0:0:0:
182,192,98166,128,0,98233:0:0:0:0:
36,192,98233,1,0,0:0:0:0:
109,192,98233,1,0,0:0:0:0:
329,192,98301,128,0,98368:0:0:0:0:
402,192,98301,128,0,98368:0:0:0:0:
475,192,98301,128,0,98368:0:0:0:0:
182,192,98368,1,0,0:0:0:0:
256,192,98368,1,0,0:0:0:0:
402,192,98436,1,0,0:0:0:0:
256,192,98436,1,0,0:0:0:0:
109,192,98436,1,0,0:0:0:0:
475,192,98436,1,0,0:0:0:0:
36,192,98436,1,0,0:0:0:0:
36,192,98571,1,0,0:0:0:0:
182,192,98571,1,0,0:0:0:0:
402,192,98638,1,0,0:0:0:0:
256,192,98638,1,0,0:0:0:0:
475,192,98638,1,0,0:0:0:0:
329,192,98706,128,0,98774:0:0:0:0:
182,192,98706,128,0,98774:0:0:0:0:
36,192,98706,128,0,98774:0:0:0:0:
475,192,98841,1,0,0:0:0:0:
329,192,98841,128,0,98909:0:0:0:0:
182,192,98841,128,0,98909:0:0:0:0:
36,192,98841,128,0,98909:0:0:0:0:
256,192,98976,128,0,99179:0:0:0:0:
329,192,99010,128,0,99314:0:0:0:0:
402,192,99044,128,0,99449:0:0:0:0:
475,192,99078,128,0,99449:0:0:0:0:
182,192,99111,1,0,0:0:0:0:
109,192,99111,1,0,0:0:0:0:
36,192,99111,128,0,99145:0:0:0:0:
256,192,99247,1,0,0:0:0:0:
182,192,99247,1,0,0:0:0:0:
109,192,99247,128,0,99280:0:0:0:0:
329,192,99382,1,0,0:0:0:0:
256,192,99382,1,0,0:0:0:0:
182,192,99382,128,0,99416:0:0:0:0:
256,192,99517,128,0,99652:0:0:0:0:
475,192,99517,1,0,0:0:0:0:
402,192,99551,1,0,0:0:0:0:
329,192,99584,1,0,0:0:0:0:
182,192,99584,1,0,0:0:0:0:
109,192,99618,1,0,0:0:0:0:
36,192,99652,1,0,0:0:0:0:
36,192,99720,1,0,0:0:0:0:
329,192,99720,128,0,99855:0:0:0:0:
182,192,99720,128,0,99855:0:0:0:0:
109,192,99753,1,0,0:0:0:0:
256,192,99787,1,0,0:0:0:0:
402,192,99821,1,0,0:0:0:0:
475,192,99855,1,0,0:0:0:0:
475,192,99922,1,0,0:0:0:0:
256,192,99922,128,0,100057:0:0:0:0:
402,192,99956,1,0,0:0:0:0:
329,192,99990,1,0,0:0:0:0:
182,192,99990,1,0,0:0:0:0:
109,192,100024,1,0,0:0:0:0:
36,192,100057,1,0,0:0:0:0:
475,192,100057,128,0,100193:0:0:0:0:
402,192,100057,128,0,100193:0:0:0:0:
329,192,100193,1,0,0:0:0:0:
256,192,100193,1,0,0:0:0:0:
182,192,100193,1,0,0:0:0:0:
109,192,100193,1,0,0:0:0:0:
36,192,100193,1,0,0:0:0:0:
109,192,100328,128,0,100463:0:0:0:0:
36,192,100328,128,0,100463:0:0:0:0:
329,192,100463,1,0,0:0:0:0:
256,192,100463,1,0,0:0:0:0:
182,192,100463,1,0,0:0:0:0:
402,192,100463,1,0,0:0:0:0:
475,192,100463,1,0,0:0:0:0:
329,192,100598,1,0,0:0:0:0:
256,192,100598,1,0,0:0:0:0:
109,192,100598,1,0,0:0:0:0:
36,192,100598,1,0,0:0:0:0:
475,192,100666,1,0,0:0:0:0:
109,192,100733,1,0,0:0:0:0:
182,192,100733,1,0,0:0:0:0:
329,192,100733,1,0,0:0:0:0:
402,192,100733,1,0,0:0:0:0:
36,192,100801,1,0,0:0:0:0:
475,192,100868,1,0,0:0:0:0:
402,192,100868,1,0,0:0:0:0:
256,192,100868,1,0,0:0:0:0:
182,192,100868,1,0,0:0:0:0:
329,192,100936,1,0,0:0:0:0:
109,192,101003,1,0,0:0:0:0:
36,192,101003,1,0,0:0:0:0:
256,192,101003,1,0,0:0:0:0:
402,192,101071,1,0,0:0:0:0:
475,192,101071,1,0,0:0:0:0:
36,192,101138,128,0,101341:0:0:0:0:
256,192,101138,1,0,0:0:0:0:
182,192,101172,128,0,101341:0:0:0:0:
329,192,101206,128,0,101409:0:0:0:0:
475,192,101240,128,0,101341:0:0:0:0:
475,192,101409,128,0,101443:0:0:0:0:
256,192,101409,1,0,0:0:0:0:
182,192,101409,128,0,101510:0:0:0:0:
109,192,101409,128,0,101544:0:0:0:0:
36,192,101409,128,0,101578:0:0:0:0:
402,192,101443,128,0,101476:0:0:0:0:
329,192,101476,128,0,101510:0:0:0:0:
256,192,101510,128,0,101544:0:0:0:0:
182,192,101544,128,0,101578:0:0:0:0:
109,192,101578,128,0,101611:0:0:0:0:
36,192,101611,128,0,101645:0:0:0:0:
475,192,101679,128,0,101814:0:0:0:0:
402,192,101679,128,0,101814:0:0:0:0:
329,192,101679,128,0,101814:0:0:0:0:
256,192,101679,128,0,101814:0:0:0:0:
36,192,101814,1,0,0:0:0:0:
109,192,101814,1,0,0:0:0:0:
182,192,101814,1,0,0:0:0:0:
329,192,101949,1,0,0:0:0:0:
402,192,101949,1,0,0:0:0:0:
475,192,101949,1,0,0:0:0:0:
36,192,102084,128,0,102220:0:0:0:0:
182,192,102084,128,0,102220:0:0:0:0:
256,192,102084,128,0,102220:0:0:0:0:
109,192,102084,128,0,102220:0:0:0:0:
329,192,102220,1,0,0:0:0:0:
402,192,102220,1,0,0:0:0:0:
475,192,102220,1,0,0:0:0:0:
36,192,102355,1,0,0:0:0:0:
109,192,102355,1,0,0:0:0:0:
182,192,102355,1,0,0:0:0:0:
182,192,102490,128,0,102625:0:0:0:0:
256,192,102490,128,0,102625:0:0:0:0:
402,192,102490,128,0,102625:0:0:0:0:
475,192,102490,128,0,102625:0:0:0:0:
109,192,102625,1,0,0:0:0:0:
36,192,102625,1,0,0:0:0:0:
329,192,102625,1,0,0:0:0:0:
182,192,102760,1,0,0:0:0:0:
402,192,102760,1,0,0:0:0:0:
475,192,102760,1,0,0:0:0:0:
36,192,102895,128,0,103030:0:0:0:0:
109,192,102895,128,0,103030:0:0:0:0:
256,192,102895,128,0,103030:0:0:0:0:
329,192,102895,128,0,103030:0:0:0:0:
182,192,103030,1,0,0:0:0:0:
402,192,103030,1,0,0:0:0:0:
475,192,103030,1,0,0:0:0:0:
36,192,103166,1,0,0:0:0:0:
109,192,103166,1,0,0:0:0:0:
256,192,103166,1,0,0:0:0:0:
36,192,103301,128,0,103391:0:0:0:0:
256,192,103301,1,0,0:0:0:0:
329,192,103301,1,0,0:0:0:0:
402,192,103301,1,0,0:0:0:0:
475,192,103301,1,0,0:0:0:0:
109,192,103323,128,0,103413:0:0:0:0:
182,192,103346,128,0,103436:0:0:0:0:
256,192,103368,128,0,103458:0:0:0:0:
329,192,103391,128,0,103481:0:0:0:0:
402,192,103413,128,0,103503:0:0:0:0:
475,192,103436,128,0,103526:0:0:0:0:
36,192,103481,1,0,0:0:0:0:
109,192,103503,1,0,0:0:0:0:
182,192,103526,1,0,0:0:0:0:
256,192,103548,1,0,0:0:0:0:
36,192,103571,128,0,103661:0:0:0:0:
329,192,103571,1,0,0:0:0:0:
109,192,103593,128,0,103684:0:0:0:0:
402,192,103593,1,0,0:0:0:0:
182,192,103616,128,0,103706:0:0:0:0:
475,192,103616,1,0,0:0:0:0:
256,192,103638,128,0,103729:0:0:0:0:
329,192,103661,128,0,103751:0:0:0:0:
402,192,103684,128,0,103774:0:0:0:0:
475,192,103706,128,0,103796:0:0:0:0:
109,192,103841,1,0,0:0:0:0:
256,192,103841,1,0,0:0:0:0:
36,192,103841,1,0,0:0:0:0:
182,192,103841,1,0,0:0:0:0:
256,192,103909,128,0,104111:0:0:0:0:
402,192,103909,128,0,104111:0:0:0:0:
109,192,103976,1,0,0:0:0:0:
36,192,104111,1,0,0:0:0:0:
329,192,104111,1,0,0:0:0:0:
182,192,104111,1,0,0:0:0:0:
109,192,104179,1,0,0:0:0:0:
256,192,104179,1,0,0:0:0:0:
402,192,104179,1,0,0:0:0:0:
182,192,104247,1,0,0:0:0:0:
329,192,104247,1,0,0:0:0:0:
475,192,104247,1,0,0:0:0:0:
109,192,104314,1,0,0:0:0:0:
256,192,104314,1,0,0:0:0:0:
402,192,104314,1,0,0:0:0:0:
475,192,104382,128,0,104584:0:0:0:0:
329,192,104382,128,0,104517:0:0:0:0:
36,192,104382,128,0,104584:0:0:0:0:
402,192,104517,128,0,104584:0:0:0:0:
109,192,104517,128,0,104584:0:0:0:0:
256,192,104517,1,0,0:0:0:0:
182,192,104517,128,0,104584:0:0:0:0:
475,192,104652,128,0,104855:0:0:0:0:
182,192,104652,128,0,104787:0:0:0:0:
36,192,104652,128,0,104855:0:0:0:0:
329,192,104787,128,0,104855:0:0:0:0:
109,192,104787,128,0,104855:0:0:0:0:
256,192,104787,1,0,0:0:0:0:
402,192,104787,128,0,104855:0:0:0:0:
402,192,104922,1,0,0:0:0:0:
329,192,104922,1,0,0:0:0:0:
256,192,104922,1,0,0:0:0:0:
475,192,104922,1,0,0:0:0:0:
182,192,104922,128,0,104990:0:0:0:0:
36,192,104922,128,0,104990:0:0:0:0:
402,192,105057,1,0,0:0:0:0:
329,192,105057,1,0,0:0:0:0:
36,192,105057,1,0,0:0:0:0:
475,192,105057,1,0,0:0:0:0:
256,192,105057,128,0,105125:0:0:0:0:
109,192,105057,128,0,105125:0:0:0:0:
402,192,105193,1,0,0:0:0:0:
36,192,105193,1,0,0:0:0:0:
475,192,105193,1,0,0:0:0:0:
109,192,105193,1,0,0:0:0:0:
329,192,105193,128,0,105260:0:0:0:0:
182,192,105193,128,0,105260:0:0:0:0:
475,192,105328,1,0,0:0:0:0:
182,192,105328,1,0,0:0:0:0:
36,192,105328,1,0,0:0:0:0:
109,192,105328,1,0,0:0:0:0:
402,192,105328,128,0,105395:0:0:0:0:
256,192,105328,128,0,105395:0:0:0:0:
475,192,105463,128,0,105530:0:0:0:0:
329,192,105463,128,0,105733:0:0:0:0:
36,192,105463,1,0,0:0:0:0:
182,192,105463,1,0,0:0:0:0:
256,192,105463,1,0,0:0:0:0:
109,192,105463,1,0,0:0:0:0:
36,192,105598,128,0,105936:0:0:0:0:
182,192,105598,128,0,105936:0:0:0:0:
402,192,105733,1,0,0:0:0:0:
475,192,105733,128,0,105801:0:0:0:0:
256,192,105733,128,0,105936:0:0:0:0:
109,192,105733,1,0,0:0:0:0:
329,192,105801,128,0,105868:0:0:0:0:
475,192,105868,128,0,105936:0:0:0:0:
329,192,105936,128,0,106003:0:0:0:0:
475,192,106003,1,0,0:0:0:0:
402,192,106003,1,0,0:0:0:0:
36,192,106003,1,0,0:0:0:0:
256,192,106003,1,0,0:0:0:0:
182,192,106003,1,0,0:0:0:0:
256,192,106138,128,0,106206:0:0:0:0:
182,192,106138,128,0,106206:0:0:0:0:
109,192,106138,128,0,106206:0:0:0:0:
402,192,106138,128,0,106206:0:0:0:0:
329,192,106138,128,0,106206:0:0:0:0:
475,192,106274,1,0,0:0:0:0:
402,192,106274,1,0,0:0:0:0:
36,192,106274,1,0,0:0:0:0:
109,192,106274,1,0,0:0:0:0:
329,192,106409,1,0,0:0:0:0:
182,192,106409,1,0,0:0:0:0:
109,192,106409,1,0,0:0:0:0:
256,192,106409,1,0,0:0:0:0:
402,192,106409,1,0,0:0:0:0:
475,192,106544,128,0,106611:0:0:0:0:
402,192,106544,128,0,106611:0:0:0:0:
36,192,106544,128,0,106611:0:0:0:0:
182,192,106544,128,0,106611:0:0:0:0:
109,192,106544,128,0,106611:0:0:0:0:
329,192,106544,128,0,106611:0:0:0:0:
329,192,106679,128,0,106747:0:0:0:0:
36,192,106679,128,0,106747:0:0:0:0:
182,192,106679,128,0,106747:0:0:0:0:
109,192,106679,1,0,0:0:0:0:
256,192,106679,1,0,0:0:0:0:
256,192,106814,128,0,106882:0:0:0:0:
402,192,106814,128,0,106882:0:0:0:0:
109,192,106814,128,0,106882:0:0:0:0:
182,192,106814,1,0,0:0:0:0:
329,192,106814,1,0,0:0:0:0:
182,192,106949,128,0,107017:0:0:0:0:
329,192,106949,128,0,107017:0:0:0:0:
475,192,106949,128,0,107017:0:0:0:0:
256,192,106949,1,0,0:0:0:0:
402,192,106949,1,0,0:0:0:0:
329,192,107084,1,0,0:0:0:0:
256,192,107084,1,0,0:0:0:0:
109,192,107084,1,0,0:0:0:0:
182,192,107084,1,0,0:0:0:0:
36,192,107084,1,0,0:0:0:0:
475,192,107220,1,0,0:0:0:0:
329,192,107220,1,0,0:0:0:0:
109,192,107287,1,0,0:0:0:0:
256,192,107287,1,0,0:0:0:0:
36,192,107287,1,0,0:0:0:0:
182,192,107355,128,0,107422:0:0:0:0:
329,192,107355,128,0,107422:0:0:0:0:
475,192,107355,128,0,107422:0:0:0:0:
36,192,107490,1,0,0:0:0:0:
182,192,107490,128,0,107557:0:0:0:0:
329,192,107490,128,0,107557:0:0:0:0:
475,192,107490,128,0,107557:0:0:0:0:
256,192,107625,128,0,107828:0:0:0:0:
182,192,107659,128,0,107963:0:0:0:0:
109,192,107693,128,0,108098:0:0:0:0:
36,192,107726,128,0,108098:0:0:0:0:
329,192,107760,1,0,0:0:0:0:
402,192,107760,1,0,0:0:0:0:
475,192,107760,128,0,107794:0:0:0:0:
256,192,107895,1,0,0:0:0:0:
329,192,107895,1,0,0:0:0:0:
402,192,107895,128,0,107929:0:0:0:0:
182,192,108030,1,0,0:0:0:0:
256,192,108030,1,0,0:0:0:0:
329,192,108030,128,0,108064:0:0:0:0:
256,192,108166,128,0,108368:0:0:0:0:
475,192,108166,1,0,0:0:0:0:
182,192,108166,1,0,0:0:0:0:
109,192,108166,1,0,0:0:0:0:
36,192,108166,1,0,0:0:0:0:
402,192,108166,1,0,0:0:0:0:
329,192,108166,1,0,0:0:0:0:
109,192,108301,1,0,0:0:0:0:
402,192,108301,128,0,108368:0:0:0:0:
475,192,108301,128,0,108368:0:0:0:0:
475,192,108436,1,0,0:0:0:0:
256,192,108436,1,0,0:0:0:0:
182,192,108436,1,0,0:0:0:0:
402,192,108470,1,0,0:0:0:0:
329,192,108503,1,0,0:0:0:0:
36,192,108503,1,0,0:0:0:0:
109,192,108537,1,0,0:0:0:0:
256,192,108537,1,0,0:0:0:0:
182,192,108571,1,0,0:0:0:0:
329,192,108571,1,0,0:0:0:0:
402,192,108605,1,0,0:0:0:0:
256,192,108605,1,0,0:0:0:0:
475,192,108638,1,0,0:0:0:0:
182,192,108638,1,0,0:0:0:0:
109,192,108672,1,0,0:0:0:0:
256,192,108706,128,0,108841:0:0:0:0:
36,192,108706,1,0,0:0:0:0:
402,192,108706,128,0,108841:0:0:0:0:
182,192,108841,1,0,0:0:0:0:
109,192,108841,1,0,0:0:0:0:
36,192,108841,1,0,0:0:0:0:
256,192,108976,128,0,109179:0:0:0:0:
109,192,108976,128,0,109179:0:0:0:0:
36,192,108976,128,0,109179:0:0:0:0:
475,192,108976,1,0,0:0:0:0:
402,192,108976,1,0,0:0:0:0:
182,192,109111,1,0,0:0:0:0:
329,192,109179,128,0,109247:0:0:0:0:
402,192,109247,1,0,0:0:0:0:
256,192,109247,1,0,0:0:0:0:
109,192,109247,1,0,0:0:0:0:
36,192,109247,1,0,0:0:0:0:
475,192,109247,128,0,109314:0:0:0:0:
256,192,109314,128,0,109382:0:0:0:0:
402,192,109382,128,0,109449:0:0:0:0:
182,192,109382,1,0,0:0:0:0:
36,192,109382,1,0,0:0:0:0:
329,192,109382,1,0,0:0:0:0:
182,192,109449,128,0,109517:0:0:0:0:
329,192,109517,128,0,109584:0:0:0:0:
109,192,109517,1,0,0:0:0:0:
475,192,109517,1,0,0:0:0:0:
256,192,109517,1,0,0:0:0:0:
109,192,109584,128,0,109652:0:0:0:0:
256,192,109652,128,0,109720:0:0:0:0:
36,192,109652,1,0,0:0:0:0:
402,192,109652,1,0,0:0:0:0:
182,192,109652,1,0,0:0:0:0:
36,192,109720,128,0,109787:0:0:0:0:
182,192,109787,128,0,109855:0:0:0:0:
329,192,109787,1,0,0:0:0:0:
475,192,109787,1,0,0:0:0:0:
109,192,109787,1,0,0:0:0:0:
402,192,109787,1,0,0:0:0:0:
256,192,109787,1,0,0:0:0:0:
329,192,109855,128,0,109922:0:0:0:0:
475,192,109922,128,0,109990:0:0:0:0:
36,192,109922,1,0,0:0:0:0:
109,192,109945,1,0,0:0:0:0:
182,192,109967,1,0,0:0:0:0:
256,192,109990,1,0,0:0:0:0:
329,192,110012,1,0,0:0:0:0:
402,192,110035,1,0,0:0:0:0:
475,192,110057,1,0,0:0:0:0:
182,192,110057,128,0,110125:0:0:0:0:
109,192,110057,128,0,110125:0:0:0:0:
36,192,110057,128,0,110125:0:0:0:0:
256,192,110057,128,0,110125:0:0:0:0:
475,192,110193,128,0,110260:0:0:0:0:
256,192,110193,1,0,0:0:0:0:
36,192,110193,128,0,110260:0:0:0:0:
402,192,110215,128,0,110260:0:0:0:0:
109,192,110215,128,0,110260:0:0:0:0:
329,192,110238,128,0,110260:0:0:0:0:
182,192,110238,128,0,110260:0:0:0:0:
329,192,110328,128,0,110801:0:0:0:0:
182,192,110328,128,0,110530:0:0:0:0:
256,192,110328,1,0,0:0:0:0:
475,192,110328,1,0,0:0:0:0:
402,192,110328,1,0,0:0:0:0:
109,192,110328,1,0,0:0:0:0:
36,192,110328,1,0,0:0:0:0:
256,192,110463,128,0,110598:0:0:0:0:
475,192,110463,1,0,0:0:0:0:
402,192,110463,1,0,0:0:0:0:
109,192,110463,1,0,0:0:0:0:
36,192,110463,1,0,0:0:0:0:
182,192,110598,128,0,111071:0:0:0:0:
475,192,110598,1,0,0:0:0:0:
402,192,110598,1,0,0:0:0:0:
109,192,110598,1,0,0:0:0:0:
36,192,110598,1,0,0:0:0:0:
256,192,110733,128,0,110868:0:0:0:0:
475,192,110733,1,0,0:0:0:0:
402,192,110733,1,0,0:0:0:0:
109,192,110733,1,0,0:0:0:0:
36,192,110733,1,0,0:0:0:0:
329,192,110868,128,0,111341:0:0:0:0:
475,192,110868,1,0,0:0:0:0:
402,192,110868,1,0,0:0:0:0:
109,192,110868,1,0,0:0:0:0:
36,192,110868,1,0,0:0:0:0:
256,192,111003,128,0,111138:0:0:0:0:
475,192,111003,1,0,0:0:0:0:
402,192,111003,1,0,0:0:0:0:
109,192,111003,1,0,0:0:0:0:
36,192,111003,1,0,0:0:0:0:
182,192,111138,128,0,111409:0:0:0:0:
475,192,111138,1,0,0:0:0:0:
402,192,111138,1,0,0:0:0:0:
109,192,111138,1,0,0:0:0:0:
36,192,111138,1,0,0:0:0:0:
256,192,111274,128,0,111409:0:0:0:0:
475,192,111274,1,0,0:0:0:0:
402,192,111274,1,0,0:0:0:0:
109,192,111274,1,0,0:0:0:0:
36,192,111274,1,0,0:0:0:0:
475,192,111409,1,0,0:0:0:0:
402,192,111409,1,0,0:0:0:0:
329,192,111409,1,0,0:0:0:0:
109,192,111409,1,0,0:0:0:0:
36,192,111409,1,0,0:0:0:0:
256,192,111544,128,0,111645:0:0:0:0:
256,192,111679,1,0,0:0:0:0:
256,192,111814,1,0,0:0:0:0:
182,192,111949,1,0,0:0:0:0:
36,192,111949,1,0,0:0:0:0:
109,192,111983,1,0,0:0:0:0:
475,192,112017,1,0,0:0:0:0:
329,192,112017,1,0,0:0:0:0:
402,192,112051,1,0,0:0:0:0:
182,192,112084,1,0,0:0:0:0:
36,192,112084,1,0,0:0:0:0:
109,192,112118,1,0,0:0:0:0:
475,192,112152,1,0,0:0:0:0:
329,192,112152,1,0,0:0:0:0:
402,192,112186,1,0,0:0:0:0:
256,192,112220,1,0,0:0:0:0:
109,192,112220,1,0,0:0:0:0:
36,192,112253,1,0,0:0:0:0:
329,192,112287,1,0,0:0:0:0:
182,192,112287,1,0,0:0:0:0:
109,192,112321,1,0,0:0:0:0:
402,192,112355,1,0,0:0:0:0:
256,192,112355,1,0,0:0:0:0:
182,192,112388,1,0,0:0:0:0:
475,192,112422,1,0,0:0:0:0:
329,192,112422,1,0,0:0:0:0:
256,192,112456,1,0,0:0:0:0:
182,192,112490,1,0,0:0:0:0:
402,192,112490,1,0,0:0:0:0:
109,192,112490,1,0,0:0:0:0:
36,192,112490,1,0,0:0:0:0:
475,192,112760,1,0,0:0:0:0:
329,192,112760,1,0,0:0:0:0:
182,192,112760,1,0,0:0:0:0:
256,192,112895,1,0,0:0:0:0:
182,192,112895,1,0,0:0:0:0:
109,192,112895,1,0,0:0:0:0:
36,192,112895,1,0,0:0:0:0:
402,192,112895,1,0,0:0:0:0:
475,192,113166,1,0,0:0:0:0:
329,192,113166,1,0,0:0:0:0:
182,192,113166,1,0,0:0:0:0:
475,192,113233,1,0,0:0:0:0:
329,192,113233,1,0,0:0:0:0:
182,192,113233,1,0,0:0:0:0:
256,192,113301,1,0,0:0:0:0:
182,192,113301,1,0,0:0:0:0:
109,192,113301,1,0,0:0:0:0:
36,192,113301,1,0,0:0:0:0:
402,192,113301,1,0,0:0:0:0:
329,192,113571,1,0,0:0:0:0:
402,192,113571,1,0,0:0:0:0:
256,192,113571,1,0,0:0:0:0:
475,192,113571,1,0,0:0:0:0:
182,192,113571,1,0,0:0:0:0:
109,192,113841,1,0,0:0:0:0:
36,192,113841,1,0,0:0:0:0:
329,192,113841,1,0,0:0:0:0:
256,192,113976,1,0,0:0:0:0:
475,192,113976,1,0,0:0:0:0:
182,192,113976,1,0,0:0:0:0:
402,192,113976,1,0,0:0:0:0:
329,192,113976,1,0,0:0:0:0:
36,192,114247,1,0,0:0:0:0:
109,192,114247,1,0,0:0:0:0:
256,192,114247,1,0,0:0:0:0:
402,192,114247,1,0,0:0:0:0:
475,192,114247,1,0,0:0:0:0:
109,192,114314,1,0,0:0:0:0:
402,192,114314,1,0,0:0:0:0:
329,192,114382,128,0,114517:0:0:0:0:
475,192,114382,128,0,114517:0:0:0:0:
182,192,114382,128,0,114517:0:0:0:0:
256,192,114382,1,0,0:0:0:0:
36,192,114382,128,0,114517:0:0:0:0:
402,192,114517,1,0,0:0:0:0:
109,192,114517,1,0,0:0:0:0:
256,192,114652,1,0,0:0:0:0:
182,192,114652,1,0,0:0:0:0:
109,192,114652,1,0,0:0:0:0:
36,192,114652,1,0,0:0:0:0:
329,192,114652,1,0,0:0:0:0:
36,192,114787,1,0,0:0:0:0:
182,192,114787,1,0,0:0:0:0:
475,192,114922,1,0,0:0:0:0:
329,192,114922,1,0,0:0:0:0:
256,192,115057,1,0,0:0:0:0:
182,192,115057,1,0,0:0:0:0:
109,192,115057,1,0,0:0:0:0:
36,192,115057,1,0,0:0:0:0:
329,192,115057,1,0,0:0:0:0:
402,192,115057,1,0,0:0:0:0:
36,192,115193,1,0,0:0:0:0:
182,192,115193,1,0,0:0:0:0:
475,192,115328,1,0,0:0:0:0:
402,192,115328,1,0,0:0:0:0:
329,192,115328,1,0,0:0:0:0:
109,192,115395,1,0,0:0:0:0:
182,192,115395,1,0,0:0:0:0:
36,192,115395,1,0,0:0:0:0:
182,192,115463,1,0,0:0:0:0:
109,192,115463,1,0,0:0:0:0:
475,192,115463,1,0,0:0:0:0:
329,192,115463,1,0,0:0:0:0:
402,192,115463,1,0,0:0:0:0:
256,192,115463,1,0,0:0:0:0:
36,192,115733,1,0,0:0:0:0:
402,192,115733,1,0,0:0:0:0:
182,192,115733,1,0,0:0:0:0:
329,192,115733,128,0,115801:0:0:0:0:
475,192,115733,128,0,115801:0:0:0:0:
329,192,115868,128,0,116071:0:0:0:0:
475,192,115868,128,0,116071:0:0:0:0:
36,192,116003,128,0,116138:0:0:0:0:
182,192,116003,128,0,116138:0:0:0:0:
256,192,116003,1,0,0:0:0:0:
256,192,116138,1,0,0:0:0:0:
329,192,116138,1,0,0:0:0:0:
402,192,116138,1,0,0:0:0:0:
475,192,116138,1,0,0:0:0:0:
109,192,116138,1,0,0:0:0:0:
182,192,116274,128,0,116341:0:0:0:0:
36,192,116274,128,0,116341:0:0:0:0:
329,192,116274,128,0,116341:0:0:0:0:
329,192,116409,128,0,116476:0:0:0:0:
182,192,116409,128,0,116476:0:0:0:0:
36,192,116409,1,0,0:0:0:0:
475,192,116409,128,0,116476:0:0:0:0:
402,192,116544,128,0,116611:0:0:0:0:
109,192,116544,128,0,116611:0:0:0:0:
256,192,116544,128,0,116611:0:0:0:0:
182,192,116679,128,0,116747:0:0:0:0:
36,192,116679,128,0,116747:0:0:0:0:
329,192,116679,128,0,116747:0:0:0:0:
475,192,116679,1,0,0:0:0:0:
329,192,116814,128,0,117017:0:0:0:0:
36,192,116814,128,0,117017:0:0:0:0:
475,192,116814,1,0,0:0:0:0:
402,192,116814,1,0,0:0:0:0:
109,192,116814,1,0,0:0:0:0:
256,192,116949,1,0,0:0:0:0:
182,192,116949,128,0,117017:0:0:0:0:
402,192,117084,128,0,117287:0:0:0:0:
109,192,117084,128,0,117287:0:0:0:0:
329,192,117084,128,0,117152:0:0:0:0:
36,192,117084,1,0,0:0:0:0:
256,192,117220,1,0,0:0:0:0:
182,192,117220,128,0,117287:0:0:0:0:
475,192,117355,128,0,117557:0:0:0:0:
182,192,117355,128,0,117557:0:0:0:0:
36,192,117355,1,0,0:0:0:0:
329,192,117355,128,0,117422:0:0:0:0:
256,192,117490,1,0,0:0:0:0:
329,192,117625,128,0,117828:0:0:0:0:
36,192,117625,128,0,117828:0:0:0:0:
109,192,117625,128,0,117693:0:0:0:0:
475,192,117625,1,0,0:0:0:0:
256,192,117760,1,0,0:0:0:0:
402,192,117760,128,0,117828:0:0:0:0:
36,192,117895,128,0,118368:0:0:0:0:
109,192,117895,128,0,117963:0:0:0:0:
329,192,117895,1,0,0:0:0:0:
402,192,117895,1,0,0:0:0:0:
475,192,117895,1,0,0:0:0:0:
256,192,117895,128,0,117929:0:0:0:0:
109,192,118030,128,0,118368:0:0:0:0:
182,192,118030,128,0,118098:0:0:0:0:
402,192,118030,1,0,0:0:0:0:
475,192,118030,1,0,0:0:0:0:
329,192,118030,128,0,118064:0:0:0:0:
182,192,118166,128,0,118368:0:0:0:0:
256,192,118166,128,0,118233:0:0:0:0:
475,192,118166,1,0,0:0:0:0:
402,192,118166,128,0,118199:0:0:0:0:
256,192,118301,128,0,118368:0:0:0:0:
329,192,118301,128,0,118368:0:0:0:0:
475,192,118301,128,0,118334:0:0:0:0:
402,192,118436,128,0,118503:0:0:0:0:
475,192,118436,128,0,118909:0:0:0:0:
36,192,118436,1,0,0:0:0:0:
109,192,118436,1,0,0:0:0:0:
182,192,118436,1,0,0:0:0:0:
256,192,118436,128,0,118470:0:0:0:0:
402,192,118571,128,0,118909:0:0:0:0:
329,192,118571,128,0,118638:0:0:0:0:
36,192,118571,1,0,0:0:0:0:
109,192,118571,1,0,0:0:0:0:
182,192,118571,128,0,118605:0:0:0:0:
329,192,118706,128,0,118909:0:0:0:0:
256,192,118706,128,0,118774:0:0:0:0:
36,192,118706,1,0,0:0:0:0:
109,192,118706,128,0,118740:0:0:0:0:
256,192,118841,128,0,118909:0:0:0:0:
182,192,118841,128,0,118909:0:0:0:0:
36,192,118841,128,0,118875:0:0:0:0:
36,192,118976,1,0,0:0:0:0:
109,192,118976,1,0,0:0:0:0:
475,192,118976,1,0,0:0:0:0:
329,192,118976,1,0,0:0:0:0:
256,192,119044,1,0,0:0:0:0:
182,192,119044,1,0,0:0:0:0:
402,192,119111,1,0,0:0:0:0:
329,192,119111,1,0,0:0:0:0:
475,192,119111,1,0,0:0:0:0:
109,192,119179,1,0,0:0:0:0:
182,192,119179,1,0,0:0:0:0:
36,192,119179,1,0,0:0:0:0:
475,192,119247,1,0,0:0:0:0:
402,192,119247,1,0,0:0:0:0:
329,192,119247,1,0,0:0:0:0:
256,192,119247,1,0,0:0:0:0:
36,192,119314,1,0,0:0:0:0:
109,192,119314,1,0,0:0:0:0:
182,192,119382,1,0,0:0:0:0:
256,192,119382,1,0,0:0:0:0:
329,192,119382,1,0,0:0:0:0:
475,192,119449,1,0,0:0:0:0:
402,192,119449,1,0,0:0:0:0:
36,192,119517,1,0,0:0:0:0:
182,192,119517,1,0,0:0:0:0:
329,192,119517,1,0,0:0:0:0:
109,192,119584,1,0,0:0:0:0:
256,192,119584,1,0,0:0:0:0:
402,192,119584,1,0,0:0:0:0:
182,192,119652,1,0,0:0:0:0:
329,192,119652,1,0,0:0:0:0:
475,192,119652,1,0,0:0:0:0:
256,192,119720,1,0,0:0:0:0:
36,192,119787,1,0,0:0:0:0:
182,192,119787,1,0,0:0:0:0:
329,192,119787,1,0,0:0:0:0:
109,192,119855,1,0,0:0:0:0:
256,192,119855,1,0,0:0:0:0:
402,192,119855,1,0,0:0:0:0:
182,192,119922,1,0,0:0:0:0:
329,192,119922,1,0,0:0:0:0:
475,192,119922,1,0,0:0:0:0:
256,192,119990,1,0,0:0:0:0:
182,192,120057,128,0,120193:0:0:0:0:
36,192,120057,128,0,120193:0:0:0:0:
109,192,120057,128,0,120193:0:0:0:0:
256,192,120193,1,0,0:0:0:0:
329,192,120328,128,0,120463:0:0:0:0:
475,192,120328,128,0,120463:0:0:0:0:
402,192,120328,128,0,120463:0:0:0:0:
256,192,120463,1,0,0:0:0:0:
475,192,120598,128,0,120834:0:0:0:0:
329,192,120632,128,0,120834:0:0:0:0:
182,192,120666,128,0,120834:0:0:0:0:
36,192,120699,128,0,120834:0:0:0:0:
36,192,120868,1,0,0:0:0:0:
109,192,120868,1,0,0:0:0:0:
329,192,120868,1,0,0:0:0:0:
475,192,120868,1,0,0:0:0:0:
182,192,120868,1,0,0:0:0:0:
402,192,120868,1,0,0:0:0:0:
256,192,120868,128,0,121071:0:0:0:0:
