[Metadata]
Rosen Vampir
Gothpheus
LCH
EZ2AC
56
1.25

[TimingPoints]
0,361.44578313253,4,2,2,100,1,0
120000,1000,4,2,2,100,1,0


[HitObjects]
36,192,1446,5,0,0:0:0:0:
182,192,1446,1,0,0:0:0:0:
256,192,1446,1,0,0:0:0:0:
329,192,1446,1,0,0:0:0:0:
475,0,1446,128,0,2892:0:0:0:0:
109,192,1536,1,0,0:0:0:0:
182,192,1627,1,0,0:0:0:0:
402,192,1627,1,0,0:0:0:0:
256,192,1717,1,0,0:0:0:0:
109,192,1807,1,0,0:0:0:0:
329,192,1807,1,0,0:0:0:0:
402,192,1898,1,0,0:0:0:0:
182,192,1988,1,0,0:0:0:0:
329,192,1988,1,0,0:0:0:0:
402,192,2078,1,0,0:0:0:0:
36,192,2169,1,0,0:0:0:0:
329,192,2169,1,0,0:0:0:0:
256,192,2259,1,0,0:0:0:0:
182,192,2349,1,0,0:0:0:0:
329,192,2349,1,0,0:0:0:0:
109,192,2440,1,0,0:0:0:0:
36,192,2530,1,0,0:0:0:0:
256,192,2530,1,0,0:0:0:0:
109,192,2620,1,0,0:0:0:0:
182,192,2711,1,0,0:0:0:0:
329,192,2711,1,0,0:0:0:0:
402,192,2801,1,0,0:0:0:0:
109,192,2892,1,0,0:0:0:0:
256,192,2892,1,0,0:0:0:0:
329,0,2892,128,0,4337:0:0:0:0:
402,192,2982,1,0,0:0:0:0:
182,192,3072,1,0,0:0:0:0:
475,192,3072,1,0,0:0:0:0:
402,192,3163,1,0,0:0:0:0:
109,192,3253,1,0,0:0:0:0:
256,192,3253,1,0,0:0:0:0:
182,192,3343,1,0,0:0:0:0:
109,192,3434,1,0,0:0:0:0:
256,192,3434,1,0,0:0:0:0:
182,192,3524,1,0,0:0:0:0:
109,192,3614,1,0,0:0:0:0:
475,192,3614,1,0,0:0:0:0:
36,192,3705,1,0,0:0:0:0:
109,192,3795,1,0,0:0:0:0:
402,192,3795,1,0,0:0:0:0:
182,192,3886,1,0,0:0:0:0:
109,192,3976,1,0,0:0:0:0:
256,192,3976,1,0,0:0:0:0:
402,192,4066,1,0,0:0:0:0:
36,192,4157,1,0,0:0:0:0:
256,192,4157,1,0,0:0:0:0:
402,192,4247,1,0,0:0:0:0:
182,192,4337,1,0,0:0:0:0:
475,192,4337,1,0,0:0:0:0:
256,0,4337,128,0,5783:0:0:0:0:
402,192,4428,1,0,0:0:0:0:
109,192,4518,1,0,0:0:0:0:
329,192,4518,1,0,0:0:0:0:
402,192,4608,1,0,0:0:0:0:
182,192,4699,1,0,0:0:0:0:
329,192,4699,1,0,0:0:0:0:
109,192,4789,1,0,0:0:0:0:
36,192,4880,1,0,0:0:0:0:
402,192,4880,1,0,0:0:0:0:
109,192,4970,1,0,0:0:0:0:
182,192,5060,1,0,0:0:0:0:
475,192,5060,1,0,0:0:0:0:
402,192,5151,1,0,0:0:0:0:
182,192,5241,1,0,0:0:0:0:
329,192,5241,1,0,0:0:0:0:
402,192,5331,1,0,0:0:0:0:
109,192,5422,1,0,0:0:0:0:
475,192,5422,1,0,0:0:0:0:
402,192,5512,1,0,0:0:0:0:
36,192,5602,1,0,0:0:0:0:
329,192,5602,1,0,0:0:0:0:
182,192,5693,1,0,0:0:0:0:
329,192,5783,1,0,0:0:0:0:
402,192,5783,1,0,0:0:0:0:
109,0,5783,128,0,7229:0:0:0:0:
182,192,5873,1,0,0:0:0:0:
36,192,5964,1,0,0:0:0:0:
256,192,5964,1,0,0:0:0:0:
182,192,6054,1,0,0:0:0:0:
329,192,6145,1,0,0:0:0:0:
475,192,6145,1,0,0:0:0:0:
182,192,6235,1,0,0:0:0:0:
36,192,6325,1,0,0:0:0:0:
256,192,6325,1,0,0:0:0:0:
329,192,6416,1,0,0:0:0:0:
182,192,6506,1,0,0:0:0:0:
402,192,6506,1,0,0:0:0:0:
475,192,6596,1,0,0:0:0:0:
256,192,6687,1,0,0:0:0:0:
402,192,6687,1,0,0:0:0:0:
329,192,6777,1,0,0:0:0:0:
256,192,6867,1,0,0:0:0:0:
475,192,6867,1,0,0:0:0:0:
182,192,6958,1,0,0:0:0:0:
36,192,7048,1,0,0:0:0:0:
256,192,7048,1,0,0:0:0:0:
329,192,7139,1,0,0:0:0:0:
36,192,7229,1,0,0:0:0:0:
182,192,7229,1,0,0:0:0:0:
256,192,7229,1,0,0:0:0:0:
402,192,7229,1,0,0:0:0:0:
475,0,7229,128,0,8675:0:0:0:0:
109,192,7319,1,0,0:0:0:0:
182,192,7410,1,0,0:0:0:0:
329,192,7410,1,0,0:0:0:0:
256,192,7500,1,0,0:0:0:0:
36,192,7590,1,0,0:0:0:0:
329,192,7590,1,0,0:0:0:0:
402,192,7681,1,0,0:0:0:0:
36,192,7771,1,0,0:0:0:0:
182,192,7771,1,0,0:0:0:0:
402,192,7861,1,0,0:0:0:0:
109,192,7952,1,0,0:0:0:0:
329,192,7952,1,0,0:0:0:0:
256,192,8042,1,0,0:0:0:0:
182,192,8133,1,0,0:0:0:0:
402,192,8133,1,0,0:0:0:0:
109,192,8223,1,0,0:0:0:0:
182,192,8313,1,0,0:0:0:0:
256,192,8313,1,0,0:0:0:0:
109,192,8404,1,0,0:0:0:0:
36,192,8494,1,0,0:0:0:0:
182,192,8494,1,0,0:0:0:0:
329,192,8584,1,0,0:0:0:0:
109,192,8675,1,0,0:0:0:0:
256,192,8675,1,0,0:0:0:0:
402,0,8675,128,0,10120:0:0:0:0:
329,192,8765,1,0,0:0:0:0:
36,192,8855,1,0,0:0:0:0:
256,192,8855,1,0,0:0:0:0:
182,192,8946,1,0,0:0:0:0:
109,192,9036,1,0,0:0:0:0:
329,192,9036,1,0,0:0:0:0:
475,192,9127,1,0,0:0:0:0:
256,192,9217,1,0,0:0:0:0:
329,192,9217,1,0,0:0:0:0:
475,192,9307,1,0,0:0:0:0:
182,192,9398,1,0,0:0:0:0:
329,192,9398,1,0,0:0:0:0:
256,192,9488,1,0,0:0:0:0:
36,192,9578,1,0,0:0:0:0:
182,192,9578,1,0,0:0:0:0:
256,192,9669,1,0,0:0:0:0:
182,192,9759,1,0,0:0:0:0:
329,192,9759,1,0,0:0:0:0:
109,192,9849,1,0,0:0:0:0:
36,192,9940,1,0,0:0:0:0:
475,192,9940,1,0,0:0:0:0:
109,192,10030,1,0,0:0:0:0:
182,192,10120,1,0,0:0:0:0:
329,192,10120,1,0,0:0:0:0:
256,0,10120,128,0,11566:0:0:0:0:
36,192,10211,1,0,0:0:0:0:
109,192,10301,1,0,0:0:0:0:
182,192,10301,1,0,0:0:0:0:
329,192,10392,1,0,0:0:0:0:
402,192,10482,1,0,0:0:0:0:
475,192,10482,1,0,0:0:0:0:
182,192,10572,1,0,0:0:0:0:
36,192,10663,1,0,0:0:0:0:
329,192,10663,1,0,0:0:0:0:
109,192,10753,1,0,0:0:0:0:
329,192,10843,1,0,0:0:0:0:
402,192,10843,1,0,0:0:0:0:
109,192,10934,1,0,0:0:0:0:
36,192,11024,1,0,0:0:0:0:
182,192,11024,1,0,0:0:0:0:
109,192,11114,1,0,0:0:0:0:
329,192,11205,1,0,0:0:0:0:
475,192,11205,1,0,0:0:0:0:
182,192,11295,1,0,0:0:0:0:
36,192,11386,1,0,0:0:0:0:
329,192,11386,1,0,0:0:0:0:
109,192,11476,1,0,0:0:0:0:
182,192,11566,1,0,0:0:0:0:
402,192,11566,1,0,0:0:0:0:
36,0,11566,128,0,13012:0:0:0:0:
109,192,11657,1,0,0:0:0:0:
329,192,11747,1,0,0:0:0:0:
475,192,11747,1,0,0:0:0:0:
256,192,11837,1,0,0:0:0:0:
182,192,11928,1,0,0:0:0:0:
402,192,11928,1,0,0:0:0:0:
109,192,12018,1,0,0:0:0:0:
329,192,12108,1,0,0:0:0:0:
475,192,12108,1,0,0:0:0:0:
256,192,12199,1,0,0:0:0:0:
109,192,12289,1,0,0:0:0:0:
402,192,12289,1,0,0:0:0:0:
475,192,12380,1,0,0:0:0:0:
256,192,12470,1,0,0:0:0:0:
402,192,12470,1,0,0:0:0:0:
329,192,12560,1,0,0:0:0:0:
182,192,12651,1,0,0:0:0:0:
475,192,12651,1,0,0:0:0:0:
256,192,12741,1,0,0:0:0:0:
109,192,12831,1,0,0:0:0:0:
329,192,12831,1,0,0:0:0:0:
402,192,12922,1,0,0:0:0:0:
182,192,13012,1,0,0:0:0:0:
256,192,13012,1,0,0:0:0:0:
329,192,13012,1,0,0:0:0:0:
475,192,13012,1,0,0:0:0:0:
109,192,13102,1,0,0:0:0:0:
182,192,13102,1,0,0:0:0:0:
36,192,13193,1,0,0:0:0:0:
109,192,13193,1,0,0:0:0:0:
402,192,13193,1,0,0:0:0:0:
182,192,13373,1,0,0:0:0:0:
329,192,13373,1,0,0:0:0:0:
475,192,13373,1,0,0:0:0:0:
36,192,13554,1,0,0:0:0:0:
109,192,13554,1,0,0:0:0:0:
256,192,13554,1,0,0:0:0:0:
402,192,13554,1,0,0:0:0:0:
402,192,13645,1,0,0:0:0:0:
182,192,13735,1,0,0:0:0:0:
329,192,13735,1,0,0:0:0:0:
475,192,13735,1,0,0:0:0:0:
402,0,13735,128,0,14458:0:0:0:0:
36,192,13916,1,0,0:0:0:0:
182,192,13916,1,0,0:0:0:0:
256,192,13916,1,0,0:0:0:0:
109,192,14096,1,0,0:0:0:0:
256,192,14096,1,0,0:0:0:0:
329,192,14096,1,0,0:0:0:0:
182,192,14277,1,0,0:0:0:0:
329,192,14277,1,0,0:0:0:0:
475,192,14277,1,0,0:0:0:0:
182,192,14458,1,0,0:0:0:0:
256,192,14458,1,0,0:0:0:0:
475,192,14458,1,0,0:0:0:0:
109,192,14548,1,0,0:0:0:0:
182,192,14548,1,0,0:0:0:0:
36,192,14639,1,0,0:0:0:0:
109,192,14639,1,0,0:0:0:0:
256,192,14639,1,0,0:0:0:0:
182,192,14819,1,0,0:0:0:0:
329,192,14819,1,0,0:0:0:0:
402,192,14819,1,0,0:0:0:0:
109,192,15000,1,0,0:0:0:0:
182,192,15000,1,0,0:0:0:0:
256,192,15000,1,0,0:0:0:0:
256,192,15090,1,0,0:0:0:0:
182,192,15181,1,0,0:0:0:0:
402,192,15181,1,0,0:0:0:0:
475,192,15181,1,0,0:0:0:0:
256,0,15181,128,0,15904:0:0:0:0:
36,192,15361,1,0,0:0:0:0:
109,192,15361,1,0,0:0:0:0:
329,192,15361,1,0,0:0:0:0:
182,192,15542,1,0,0:0:0:0:
329,192,15542,1,0,0:0:0:0:
402,192,15542,1,0,0:0:0:0:
36,192,15723,1,0,0:0:0:0:
182,192,15723,1,0,0:0:0:0:
402,192,15723,1,0,0:0:0:0:
109,192,15904,1,0,0:0:0:0:
329,192,15904,1,0,0:0:0:0:
475,192,15904,1,0,0:0:0:0:
182,192,15994,1,0,0:0:0:0:
402,192,15994,1,0,0:0:0:0:
36,192,16084,1,0,0:0:0:0:
256,192,16084,1,0,0:0:0:0:
329,192,16084,1,0,0:0:0:0:
109,192,16265,1,0,0:0:0:0:
256,192,16265,1,0,0:0:0:0:
402,192,16265,1,0,0:0:0:0:
36,192,16446,1,0,0:0:0:0:
182,192,16446,1,0,0:0:0:0:
329,192,16446,1,0,0:0:0:0:
475,192,16446,1,0,0:0:0:0:
329,192,16536,1,0,0:0:0:0:
109,192,16627,1,0,0:0:0:0:
256,192,16627,1,0,0:0:0:0:
402,192,16627,1,0,0:0:0:0:
329,0,16627,128,0,17349:0:0:0:0:
182,192,16807,1,0,0:0:0:0:
256,192,16807,1,0,0:0:0:0:
475,192,16807,1,0,0:0:0:0:
36,192,16988,1,0,0:0:0:0:
109,192,16988,1,0,0:0:0:0:
402,192,16988,1,0,0:0:0:0:
182,192,17169,1,0,0:0:0:0:
256,192,17169,1,0,0:0:0:0:
475,192,17169,1,0,0:0:0:0:
36,192,17349,1,0,0:0:0:0:
109,192,17349,1,0,0:0:0:0:
402,192,17349,1,0,0:0:0:0:
182,192,17440,1,0,0:0:0:0:
256,192,17440,1,0,0:0:0:0:
109,192,17530,1,0,0:0:0:0:
329,192,17530,1,0,0:0:0:0:
402,192,17530,1,0,0:0:0:0:
36,192,17711,1,0,0:0:0:0:
182,192,17711,1,0,0:0:0:0:
329,192,17711,1,0,0:0:0:0:
36,192,17892,1,0,0:0:0:0:
109,192,17892,1,0,0:0:0:0:
256,192,17892,1,0,0:0:0:0:
402,192,17892,1,0,0:0:0:0:
475,192,17892,1,0,0:0:0:0:
475,192,17982,1,0,0:0:0:0:
182,192,18072,1,0,0:0:0:0:
256,192,18072,1,0,0:0:0:0:
329,192,18072,1,0,0:0:0:0:
475,192,18072,1,0,0:0:0:0:
402,192,18163,1,0,0:0:0:0:
36,192,18253,1,0,0:0:0:0:
182,192,18253,1,0,0:0:0:0:
329,192,18253,1,0,0:0:0:0:
475,192,18253,1,0,0:0:0:0:
256,192,18343,1,0,0:0:0:0:
182,192,18434,1,0,0:0:0:0:
329,192,18434,1,0,0:0:0:0:
402,192,18434,1,0,0:0:0:0:
475,192,18434,1,0,0:0:0:0:
109,192,18524,1,0,0:0:0:0:
36,192,18614,1,0,0:0:0:0:
182,192,18614,1,0,0:0:0:0:
256,192,18614,1,0,0:0:0:0:
402,192,18614,1,0,0:0:0:0:
109,192,18705,1,0,0:0:0:0:
36,192,18795,1,0,0:0:0:0:
182,192,18795,1,0,0:0:0:0:
329,192,18795,1,0,0:0:0:0:
475,192,18795,1,0,0:0:0:0:
256,192,18886,1,0,0:0:0:0:
402,192,18886,1,0,0:0:0:0:
182,192,18976,1,0,0:0:0:0:
329,192,18976,1,0,0:0:0:0:
475,192,18976,1,0,0:0:0:0:
402,192,19066,1,0,0:0:0:0:
109,192,19157,1,0,0:0:0:0:
182,192,19157,1,0,0:0:0:0:
329,192,19157,1,0,0:0:0:0:
256,192,19247,1,0,0:0:0:0:
36,192,19337,1,0,0:0:0:0:
182,192,19337,1,0,0:0:0:0:
329,192,19337,1,0,0:0:0:0:
109,192,19428,1,0,0:0:0:0:
36,192,19518,1,0,0:0:0:0:
402,192,19518,1,0,0:0:0:0:
475,192,19518,1,0,0:0:0:0:
109,192,19608,1,0,0:0:0:0:
36,192,19699,1,0,0:0:0:0:
182,192,19699,1,0,0:0:0:0:
329,192,19699,1,0,0:0:0:0:
256,192,19789,1,0,0:0:0:0:
109,192,19880,1,0,0:0:0:0:
182,192,19880,1,0,0:0:0:0:
329,192,19880,1,0,0:0:0:0:
402,192,19970,1,0,0:0:0:0:
109,192,20060,1,0,0:0:0:0:
256,192,20060,1,0,0:0:0:0:
475,192,20060,1,0,0:0:0:0:
402,192,20151,1,0,0:0:0:0:
36,192,20241,1,0,0:0:0:0:
329,192,20241,1,0,0:0:0:0:
475,192,20241,1,0,0:0:0:0:
109,192,20331,1,0,0:0:0:0:
256,192,20331,1,0,0:0:0:0:
402,192,20331,1,0,0:0:0:0:
182,192,20422,1,0,0:0:0:0:
329,192,20422,1,0,0:0:0:0:
475,192,20422,1,0,0:0:0:0:
256,192,20512,1,0,0:0:0:0:
36,192,20602,1,0,0:0:0:0:
182,192,20602,1,0,0:0:0:0:
402,192,20602,1,0,0:0:0:0:
109,192,20693,1,0,0:0:0:0:
36,192,20783,1,0,0:0:0:0:
256,192,20783,1,0,0:0:0:0:
329,192,20783,1,0,0:0:0:0:
109,192,20873,1,0,0:0:0:0:
182,192,20964,1,0,0:0:0:0:
402,192,20964,1,0,0:0:0:0:
475,192,20964,1,0,0:0:0:0:
109,192,21054,1,0,0:0:0:0:
182,192,21145,1,0,0:0:0:0:
329,192,21145,1,0,0:0:0:0:
402,192,21145,1,0,0:0:0:0:
256,192,21235,1,0,0:0:0:0:
36,192,21325,1,0,0:0:0:0:
182,192,21325,1,0,0:0:0:0:
329,192,21325,1,0,0:0:0:0:
475,192,21416,1,0,0:0:0:0:
109,192,21506,1,0,0:0:0:0:
256,192,21506,1,0,0:0:0:0:
402,192,21506,1,0,0:0:0:0:
329,192,21596,1,0,0:0:0:0:
36,192,21687,1,0,0:0:0:0:
109,192,21687,1,0,0:0:0:0:
256,192,21687,1,0,0:0:0:0:
182,192,21777,1,0,0:0:0:0:
329,192,21777,1,0,0:0:0:0:
109,192,21867,1,0,0:0:0:0:
256,192,21867,1,0,0:0:0:0:
402,192,21867,1,0,0:0:0:0:
182,192,21958,1,0,0:0:0:0:
109,192,22048,1,0,0:0:0:0:
256,192,22048,1,0,0:0:0:0:
475,192,22048,1,0,0:0:0:0:
329,192,22139,1,0,0:0:0:0:
36,192,22229,1,0,0:0:0:0:
256,192,22229,1,0,0:0:0:0:
402,192,22229,1,0,0:0:0:0:
475,192,22319,1,0,0:0:0:0:
109,192,22410,1,0,0:0:0:0:
329,192,22410,1,0,0:0:0:0:
402,192,22410,1,0,0:0:0:0:
256,192,22500,1,0,0:0:0:0:
36,192,22590,1,0,0:0:0:0:
182,192,22590,1,0,0:0:0:0:
475,192,22590,1,0,0:0:0:0:
109,192,22681,1,0,0:0:0:0:
182,192,22771,1,0,0:0:0:0:
329,192,22771,1,0,0:0:0:0:
402,192,22771,1,0,0:0:0:0:
256,192,22861,1,0,0:0:0:0:
36,192,22952,1,0,0:0:0:0:
109,192,22952,1,0,0:0:0:0:
329,192,22952,1,0,0:0:0:0:
182,192,23042,1,0,0:0:0:0:
109,192,23133,1,0,0:0:0:0:
256,192,23133,1,0,0:0:0:0:
402,192,23133,1,0,0:0:0:0:
182,192,23223,1,0,0:0:0:0:
329,192,23223,1,0,0:0:0:0:
475,192,23223,1,0,0:0:0:0:
109,192,23313,1,0,0:0:0:0:
256,192,23313,1,0,0:0:0:0:
402,192,23313,1,0,0:0:0:0:
36,192,23404,1,0,0:0:0:0:
182,192,23404,1,0,0:0:0:0:
329,192,23404,1,0,0:0:0:0:
109,192,23494,1,0,0:0:0:0:
256,192,23494,1,0,0:0:0:0:
402,192,23494,1,0,0:0:0:0:
36,192,23675,1,0,0:0:0:0:
256,192,23675,1,0,0:0:0:0:
475,192,23675,1,0,0:0:0:0:
182,192,23855,1,0,0:0:0:0:
256,192,23855,1,0,0:0:0:0:
329,192,23855,1,0,0:0:0:0:
36,0,24217,128,0,24307:0:0:0:0:
109,0,24217,128,0,24307:0:0:0:0:
182,0,24217,128,0,24307:0:0:0:0:
256,0,24217,128,0,24307:0:0:0:0:
329,0,24217,128,0,24307:0:0:0:0:
402,0,24217,128,0,24307:0:0:0:0:
475,0,24217,128,0,24307:0:0:0:0:
36,192,24578,1,0,0:0:0:0:
256,192,24578,1,0,0:0:0:0:
329,192,24578,1,0,0:0:0:0:
475,192,24578,1,0,0:0:0:0:
109,192,24669,1,0,0:0:0:0:
402,192,24669,1,0,0:0:0:0:
182,192,24759,1,0,0:0:0:0:
475,192,24759,1,0,0:0:0:0:
36,192,24849,1,0,0:0:0:0:
256,192,24849,1,0,0:0:0:0:
109,192,24940,1,0,0:0:0:0:
329,192,24940,1,0,0:0:0:0:
256,192,25030,1,0,0:0:0:0:
402,192,25030,1,0,0:0:0:0:
182,192,25120,1,0,0:0:0:0:
475,192,25120,1,0,0:0:0:0:
109,192,25211,1,0,0:0:0:0:
256,192,25211,1,0,0:0:0:0:
36,192,25301,1,0,0:0:0:0:
329,192,25301,1,0,0:0:0:0:
109,192,25392,1,0,0:0:0:0:
402,192,25392,1,0,0:0:0:0:
182,192,25482,1,0,0:0:0:0:
329,192,25482,1,0,0:0:0:0:
256,192,25572,1,0,0:0:0:0:
402,192,25572,1,0,0:0:0:0:
182,192,25663,1,0,0:0:0:0:
329,192,25663,1,0,0:0:0:0:
475,192,25663,1,0,0:0:0:0:
109,192,25753,1,0,0:0:0:0:
402,192,25753,1,0,0:0:0:0:
182,192,25843,1,0,0:0:0:0:
329,192,25843,1,0,0:0:0:0:
109,192,25934,1,0,0:0:0:0:
256,192,25934,1,0,0:0:0:0:
36,192,26024,1,0,0:0:0:0:
182,192,26024,1,0,0:0:0:0:
109,192,26114,1,0,0:0:0:0:
329,192,26114,1,0,0:0:0:0:
36,192,26205,1,0,0:0:0:0:
256,192,26205,1,0,0:0:0:0:
109,192,26295,1,0,0:0:0:0:
329,192,26295,1,0,0:0:0:0:
182,192,26386,1,0,0:0:0:0:
402,192,26386,1,0,0:0:0:0:
329,192,26476,1,0,0:0:0:0:
475,192,26476,1,0,0:0:0:0:
256,192,26566,1,0,0:0:0:0:
402,192,26566,1,0,0:0:0:0:
182,192,26657,1,0,0:0:0:0:
329,192,26657,1,0,0:0:0:0:
109,192,26747,1,0,0:0:0:0:
402,192,26747,1,0,0:0:0:0:
182,192,26837,1,0,0:0:0:0:
475,192,26837,1,0,0:0:0:0:
36,192,26928,1,0,0:0:0:0:
329,192,26928,1,0,0:0:0:0:
109,192,27018,1,0,0:0:0:0:
256,192,27018,1,0,0:0:0:0:
182,192,27108,1,0,0:0:0:0:
329,192,27108,1,0,0:0:0:0:
256,192,27199,1,0,0:0:0:0:
402,192,27199,1,0,0:0:0:0:
182,192,27289,1,0,0:0:0:0:
475,192,27289,1,0,0:0:0:0:
329,192,27380,1,0,0:0:0:0:
402,192,27380,1,0,0:0:0:0:
36,192,27470,1,0,0:0:0:0:
182,192,27470,1,0,0:0:0:0:
109,192,27560,1,0,0:0:0:0:
36,192,27651,1,0,0:0:0:0:
256,192,27651,1,0,0:0:0:0:
109,192,27741,1,0,0:0:0:0:
36,192,27831,1,0,0:0:0:0:
329,192,27831,1,0,0:0:0:0:
109,192,27922,1,0,0:0:0:0:
36,192,28012,1,0,0:0:0:0:
402,192,28012,1,0,0:0:0:0:
109,192,28102,1,0,0:0:0:0:
36,192,28193,1,0,0:0:0:0:
475,192,28193,1,0,0:0:0:0:
109,192,28283,1,0,0:0:0:0:
36,192,28373,1,0,0:0:0:0:
402,192,28373,1,0,0:0:0:0:
109,192,28464,1,0,0:0:0:0:
36,192,28554,1,0,0:0:0:0:
329,192,28554,1,0,0:0:0:0:
109,192,28645,1,0,0:0:0:0:
36,192,28735,1,0,0:0:0:0:
182,192,28735,1,0,0:0:0:0:
256,192,28735,1,0,0:0:0:0:
109,192,28825,1,0,0:0:0:0:
256,0,28916,128,0,29277:0:0:0:0:
329,192,28916,1,0,0:0:0:0:
475,192,28916,1,0,0:0:0:0:
402,192,29006,1,0,0:0:0:0:
36,192,29096,1,0,0:0:0:0:
182,192,29096,1,0,0:0:0:0:
475,192,29096,1,0,0:0:0:0:
402,192,29187,1,0,0:0:0:0:
109,192,29277,1,0,0:0:0:0:
329,192,29277,1,0,0:0:0:0:
475,192,29277,1,0,0:0:0:0:
182,192,29367,1,0,0:0:0:0:
402,192,29367,1,0,0:0:0:0:
256,192,29458,1,0,0:0:0:0:
329,192,29458,1,0,0:0:0:0:
475,192,29458,1,0,0:0:0:0:
182,192,29548,1,0,0:0:0:0:
402,192,29548,1,0,0:0:0:0:
109,192,29639,1,0,0:0:0:0:
256,192,29639,1,0,0:0:0:0:
475,192,29639,1,0,0:0:0:0:
182,192,29729,1,0,0:0:0:0:
402,192,29729,1,0,0:0:0:0:
36,192,29819,1,0,0:0:0:0:
256,192,29819,1,0,0:0:0:0:
475,192,29819,1,0,0:0:0:0:
329,192,29910,1,0,0:0:0:0:
402,192,29910,1,0,0:0:0:0:
109,192,30000,1,0,0:0:0:0:
256,192,30000,1,0,0:0:0:0:
475,192,30000,1,0,0:0:0:0:
182,192,30090,1,0,0:0:0:0:
402,192,30090,1,0,0:0:0:0:
109,192,30181,1,0,0:0:0:0:
329,192,30181,1,0,0:0:0:0:
475,192,30181,1,0,0:0:0:0:
182,192,30271,1,0,0:0:0:0:
402,192,30271,1,0,0:0:0:0:
36,192,30361,1,0,0:0:0:0:
256,192,30361,1,0,0:0:0:0:
329,192,30361,1,0,0:0:0:0:
475,192,30361,1,0,0:0:0:0:
182,192,30452,1,0,0:0:0:0:
402,192,30452,1,0,0:0:0:0:
109,192,30542,1,0,0:0:0:0:
329,192,30542,1,0,0:0:0:0:
36,192,30633,1,0,0:0:0:0:
256,192,30633,1,0,0:0:0:0:
402,192,30723,1,0,0:0:0:0:
475,192,30723,1,0,0:0:0:0:
182,192,30813,1,0,0:0:0:0:
329,192,30813,1,0,0:0:0:0:
109,192,30904,1,0,0:0:0:0:
256,192,30904,1,0,0:0:0:0:
36,192,30994,1,0,0:0:0:0:
182,192,30994,1,0,0:0:0:0:
109,192,31084,1,0,0:0:0:0:
329,192,31084,1,0,0:0:0:0:
36,192,31175,1,0,0:0:0:0:
256,192,31175,1,0,0:0:0:0:
182,192,31265,1,0,0:0:0:0:
329,192,31265,1,0,0:0:0:0:
109,192,31355,1,0,0:0:0:0:
256,192,31355,1,0,0:0:0:0:
182,192,31446,1,0,0:0:0:0:
402,192,31446,1,0,0:0:0:0:
256,192,31536,1,0,0:0:0:0:
475,192,31536,1,0,0:0:0:0:
329,192,31627,1,0,0:0:0:0:
256,192,31717,1,0,0:0:0:0:
402,192,31717,1,0,0:0:0:0:
36,192,31807,1,0,0:0:0:0:
182,192,31807,1,0,0:0:0:0:
109,192,31898,1,0,0:0:0:0:
256,192,31898,1,0,0:0:0:0:
329,192,31988,1,0,0:0:0:0:
475,192,31988,1,0,0:0:0:0:
256,192,32078,1,0,0:0:0:0:
402,192,32078,1,0,0:0:0:0:
36,192,32169,1,0,0:0:0:0:
182,192,32169,1,0,0:0:0:0:
109,192,32259,1,0,0:0:0:0:
329,192,32259,1,0,0:0:0:0:
182,192,32349,1,0,0:0:0:0:
402,192,32349,1,0,0:0:0:0:
256,192,32440,1,0,0:0:0:0:
475,192,32440,1,0,0:0:0:0:
109,192,32530,1,0,0:0:0:0:
329,192,32530,1,0,0:0:0:0:
182,192,32620,1,0,0:0:0:0:
402,192,32620,1,0,0:0:0:0:
329,192,32711,1,0,0:0:0:0:
475,192,32711,1,0,0:0:0:0:
256,192,32801,1,0,0:0:0:0:
402,192,32801,1,0,0:0:0:0:
182,192,32892,1,0,0:0:0:0:
329,192,32892,1,0,0:0:0:0:
109,192,32982,1,0,0:0:0:0:
256,192,32982,1,0,0:0:0:0:
36,192,33072,1,0,0:0:0:0:
182,192,33072,1,0,0:0:0:0:
109,192,33163,1,0,0:0:0:0:
329,192,33163,1,0,0:0:0:0:
256,192,33253,1,0,0:0:0:0:
402,192,33253,1,0,0:0:0:0:
182,192,33343,1,0,0:0:0:0:
329,192,33343,1,0,0:0:0:0:
256,192,33434,1,0,0:0:0:0:
402,192,33434,1,0,0:0:0:0:
329,192,33524,1,0,0:0:0:0:
475,192,33524,1,0,0:0:0:0:
256,192,33614,1,0,0:0:0:0:
402,192,33614,1,0,0:0:0:0:
182,192,33705,1,0,0:0:0:0:
329,192,33705,1,0,0:0:0:0:
109,192,33795,1,0,0:0:0:0:
256,192,33795,1,0,0:0:0:0:
182,192,33886,1,0,0:0:0:0:
329,192,33886,1,0,0:0:0:0:
36,192,33976,1,0,0:0:0:0:
256,192,33976,1,0,0:0:0:0:
182,192,34066,1,0,0:0:0:0:
402,192,34066,1,0,0:0:0:0:
109,192,34157,1,0,0:0:0:0:
256,192,34157,1,0,0:0:0:0:
182,192,34247,1,0,0:0:0:0:
329,192,34247,1,0,0:0:0:0:
256,192,34337,1,0,0:0:0:0:
475,192,34337,1,0,0:0:0:0:
182,192,34428,1,0,0:0:0:0:
402,192,34428,1,0,0:0:0:0:
109,192,34518,1,0,0:0:0:0:
329,192,34518,1,0,0:0:0:0:
36,192,34608,1,0,0:0:0:0:
256,192,34608,1,0,0:0:0:0:
329,192,34699,1,0,0:0:0:0:
475,192,34699,1,0,0:0:0:0:
182,192,34789,1,0,0:0:0:0:
402,192,34789,1,0,0:0:0:0:
109,192,34880,1,0,0:0:0:0:
256,192,34880,1,0,0:0:0:0:
402,192,34970,1,0,0:0:0:0:
475,192,34970,1,0,0:0:0:0:
182,192,35060,1,0,0:0:0:0:
329,192,35060,1,0,0:0:0:0:
36,192,35151,1,0,0:0:0:0:
256,192,35151,1,0,0:0:0:0:
182,192,35241,1,0,0:0:0:0:
402,192,35241,1,0,0:0:0:0:
329,192,35331,1,0,0:0:0:0:
475,192,35331,1,0,0:0:0:0:
256,192,35422,1,0,0:0:0:0:
402,192,35422,1,0,0:0:0:0:
109,192,35512,1,0,0:0:0:0:
329,192,35512,1,0,0:0:0:0:
182,192,35602,1,0,0:0:0:0:
475,192,35602,1,0,0:0:0:0:
36,192,35693,1,0,0:0:0:0:
402,192,35693,1,0,0:0:0:0:
256,192,35783,1,0,0:0:0:0:
475,192,35783,1,0,0:0:0:0:
182,192,35873,1,0,0:0:0:0:
402,192,35873,1,0,0:0:0:0:
109,192,35964,1,0,0:0:0:0:
329,192,35964,1,0,0:0:0:0:
256,192,36054,1,0,0:0:0:0:
402,192,36054,1,0,0:0:0:0:
36,0,36145,128,0,36235:0:0:0:0:
109,0,36145,128,0,36235:0:0:0:0:
182,0,36145,128,0,36235:0:0:0:0:
329,0,36145,128,0,36235:0:0:0:0:
475,0,36145,128,0,36235:0:0:0:0:
36,0,36325,128,0,36416:0:0:0:0:
109,0,36325,128,0,36416:0:0:0:0:
182,0,36325,128,0,36416:0:0:0:0:
329,0,36325,128,0,36416:0:0:0:0:
475,0,36325,128,0,36416:0:0:0:0:
36,0,36506,128,0,36596:0:0:0:0:
109,0,36506,128,0,36596:0:0:0:0:
182,0,36506,128,0,36596:0:0:0:0:
329,0,36506,128,0,36596:0:0:0:0:
475,0,36506,128,0,36596:0:0:0:0:
36,0,36687,128,0,36777:0:0:0:0:
109,0,36687,128,0,36777:0:0:0:0:
182,0,36687,128,0,36777:0:0:0:0:
329,0,36687,128,0,36777:0:0:0:0:
475,0,36687,128,0,36777:0:0:0:0:
36,0,36867,128,0,36958:0:0:0:0:
109,0,36867,128,0,36958:0:0:0:0:
182,0,36867,128,0,36958:0:0:0:0:
329,0,36867,128,0,36958:0:0:0:0:
402,0,36867,128,0,36958:0:0:0:0:
36,0,37048,128,0,37139:0:0:0:0:
109,0,37048,128,0,37139:0:0:0:0:
182,0,37048,128,0,37139:0:0:0:0:
329,0,37048,128,0,37139:0:0:0:0:
402,0,37048,128,0,37139:0:0:0:0:
36,0,37229,128,0,37319:0:0:0:0:
109,0,37229,128,0,37319:0:0:0:0:
182,0,37229,128,0,37319:0:0:0:0:
329,0,37229,128,0,37319:0:0:0:0:
402,0,37229,128,0,37319:0:0:0:0:
36,0,37410,128,0,37500:0:0:0:0:
109,0,37410,128,0,37500:0:0:0:0:
182,0,37410,128,0,37500:0:0:0:0:
329,0,37410,128,0,37500:0:0:0:0:
402,0,37410,128,0,37500:0:0:0:0:
36,0,37590,128,0,37681:0:0:0:0:
182,0,37590,128,0,37681:0:0:0:0:
256,0,37590,128,0,37681:0:0:0:0:
329,0,37590,128,0,37681:0:0:0:0:
475,0,37590,128,0,37681:0:0:0:0:
36,0,37771,128,0,37861:0:0:0:0:
182,0,37771,128,0,37861:0:0:0:0:
256,0,37771,128,0,37861:0:0:0:0:
329,0,37771,128,0,37861:0:0:0:0:
475,0,37771,128,0,37861:0:0:0:0:
36,0,37952,128,0,38042:0:0:0:0:
182,0,37952,128,0,38042:0:0:0:0:
256,0,37952,128,0,38042:0:0:0:0:
329,0,37952,128,0,38042:0:0:0:0:
475,0,37952,128,0,38042:0:0:0:0:
36,0,38133,128,0,38223:0:0:0:0:
182,0,38133,128,0,38223:0:0:0:0:
256,0,38133,128,0,38223:0:0:0:0:
329,0,38133,128,0,38223:0:0:0:0:
475,0,38133,128,0,38223:0:0:0:0:
36,0,38313,128,0,38404:0:0:0:0:
182,0,38313,128,0,38404:0:0:0:0:
256,0,38313,128,0,38404:0:0:0:0:
402,0,38313,128,0,38404:0:0:0:0:
475,0,38313,128,0,38404:0:0:0:0:
36,0,38494,128,0,38584:0:0:0:0:
182,0,38494,128,0,38584:0:0:0:0:
256,0,38494,128,0,38584:0:0:0:0:
402,0,38494,128,0,38584:0:0:0:0:
475,0,38494,128,0,38584:0:0:0:0:
36,0,38675,128,0,38765:0:0:0:0:
182,0,38675,128,0,38765:0:0:0:0:
256,0,38675,128,0,38765:0:0:0:0:
402,0,38675,128,0,38765:0:0:0:0:
475,0,38675,128,0,38765:0:0:0:0:
36,0,38855,128,0,38946:0:0:0:0:
182,0,38855,128,0,38946:0:0:0:0:
256,0,38855,128,0,38946:0:0:0:0:
402,0,38855,128,0,38946:0:0:0:0:
475,0,38855,128,0,38946:0:0:0:0:
36,192,39036,1,0,0:0:0:0:
256,192,39036,1,0,0:0:0:0:
109,192,39127,1,0,0:0:0:0:
329,192,39127,1,0,0:0:0:0:
182,192,39217,1,0,0:0:0:0:
402,192,39217,1,0,0:0:0:0:
256,192,39307,1,0,0:0:0:0:
475,192,39307,1,0,0:0:0:0:
182,192,39398,1,0,0:0:0:0:
402,192,39398,1,0,0:0:0:0:
109,192,39488,1,0,0:0:0:0:
329,192,39488,1,0,0:0:0:0:
36,192,39578,1,0,0:0:0:0:
256,192,39578,1,0,0:0:0:0:
182,192,39669,1,0,0:0:0:0:
402,192,39669,1,0,0:0:0:0:
109,192,39759,1,0,0:0:0:0:
329,192,39759,1,0,0:0:0:0:
182,192,39849,1,0,0:0:0:0:
256,192,39849,1,0,0:0:0:0:
109,192,39940,1,0,0:0:0:0:
329,192,39940,1,0,0:0:0:0:
36,192,40030,1,0,0:0:0:0:
256,192,40030,1,0,0:0:0:0:
109,192,40120,1,0,0:0:0:0:
329,192,40120,1,0,0:0:0:0:
182,192,40211,1,0,0:0:0:0:
402,192,40211,1,0,0:0:0:0:
256,192,40301,1,0,0:0:0:0:
475,192,40301,1,0,0:0:0:0:
36,192,40392,1,0,0:0:0:0:
329,192,40392,1,0,0:0:0:0:
182,192,40482,1,0,0:0:0:0:
402,192,40482,1,0,0:0:0:0:
256,192,40572,1,0,0:0:0:0:
475,192,40572,1,0,0:0:0:0:
109,192,40663,1,0,0:0:0:0:
329,192,40663,1,0,0:0:0:0:
182,192,40753,1,0,0:0:0:0:
256,192,40753,1,0,0:0:0:0:
329,192,40843,1,0,0:0:0:0:
475,192,40843,1,0,0:0:0:0:
256,192,40934,1,0,0:0:0:0:
402,192,40934,1,0,0:0:0:0:
182,192,41024,1,0,0:0:0:0:
329,192,41024,1,0,0:0:0:0:
109,192,41114,1,0,0:0:0:0:
256,192,41114,1,0,0:0:0:0:
182,192,41205,1,0,0:0:0:0:
329,192,41205,1,0,0:0:0:0:
109,192,41295,1,0,0:0:0:0:
256,192,41295,1,0,0:0:0:0:
36,192,41386,1,0,0:0:0:0:
329,192,41386,1,0,0:0:0:0:
182,192,41476,1,0,0:0:0:0:
402,192,41476,1,0,0:0:0:0:
256,192,41566,1,0,0:0:0:0:
475,192,41566,1,0,0:0:0:0:
109,192,41657,1,0,0:0:0:0:
329,192,41657,1,0,0:0:0:0:
182,192,41747,1,0,0:0:0:0:
402,192,41747,1,0,0:0:0:0:
109,192,41837,1,0,0:0:0:0:
329,192,41837,1,0,0:0:0:0:
36,0,41928,128,0,42018:0:0:0:0:
182,0,41928,128,0,42018:0:0:0:0:
256,0,41928,128,0,42018:0:0:0:0:
402,0,41928,128,0,42018:0:0:0:0:
475,0,41928,128,0,42018:0:0:0:0:
36,0,42108,128,0,42199:0:0:0:0:
182,0,42108,128,0,42199:0:0:0:0:
256,0,42108,128,0,42199:0:0:0:0:
402,0,42108,128,0,42199:0:0:0:0:
475,0,42108,128,0,42199:0:0:0:0:
36,0,42289,128,0,42380:0:0:0:0:
182,0,42289,128,0,42380:0:0:0:0:
256,0,42289,128,0,42380:0:0:0:0:
402,0,42289,128,0,42380:0:0:0:0:
475,0,42289,128,0,42380:0:0:0:0:
36,0,42470,128,0,42560:0:0:0:0:
182,0,42470,128,0,42560:0:0:0:0:
256,0,42470,128,0,42560:0:0:0:0:
402,0,42470,128,0,42560:0:0:0:0:
475,0,42470,128,0,42560:0:0:0:0:
36,0,42651,128,0,42741:0:0:0:0:
182,0,42651,128,0,42741:0:0:0:0:
256,0,42651,128,0,42741:0:0:0:0:
329,0,42651,128,0,42741:0:0:0:0:
475,0,42651,128,0,42741:0:0:0:0:
36,0,42831,128,0,42922:0:0:0:0:
182,0,42831,128,0,42922:0:0:0:0:
256,0,42831,128,0,42922:0:0:0:0:
329,0,42831,128,0,42922:0:0:0:0:
475,0,42831,128,0,42922:0:0:0:0:
36,0,43012,128,0,43102:0:0:0:0:
182,0,43012,128,0,43102:0:0:0:0:
256,0,43012,128,0,43102:0:0:0:0:
329,0,43012,128,0,43102:0:0:0:0:
475,0,43012,128,0,43102:0:0:0:0:
36,0,43193,128,0,43283:0:0:0:0:
182,0,43193,128,0,43283:0:0:0:0:
256,0,43193,128,0,43283:0:0:0:0:
329,0,43193,128,0,43283:0:0:0:0:
475,0,43193,128,0,43283:0:0:0:0:
36,0,43373,128,0,43464:0:0:0:0:
109,0,43373,128,0,43464:0:0:0:0:
256,0,43373,128,0,43464:0:0:0:0:
329,0,43373,128,0,43464:0:0:0:0:
402,0,43373,128,0,43464:0:0:0:0:
36,0,43554,128,0,43645:0:0:0:0:
109,0,43554,128,0,43645:0:0:0:0:
256,0,43554,128,0,43645:0:0:0:0:
329,0,43554,128,0,43645:0:0:0:0:
402,0,43554,128,0,43645:0:0:0:0:
36,0,43735,128,0,43825:0:0:0:0:
109,0,43735,128,0,43825:0:0:0:0:
256,0,43735,128,0,43825:0:0:0:0:
329,0,43735,128,0,43825:0:0:0:0:
402,0,43735,128,0,43825:0:0:0:0:
36,0,43916,128,0,44006:0:0:0:0:
109,0,43916,128,0,44006:0:0:0:0:
256,0,43916,128,0,44006:0:0:0:0:
329,0,43916,128,0,44006:0:0:0:0:
402,0,43916,128,0,44006:0:0:0:0:
36,0,44096,128,0,44187:0:0:0:0:
182,0,44096,128,0,44187:0:0:0:0:
329,0,44096,128,0,44187:0:0:0:0:
402,0,44096,128,0,44187:0:0:0:0:
475,0,44096,128,0,44187:0:0:0:0:
36,0,44277,128,0,44367:0:0:0:0:
182,0,44277,128,0,44367:0:0:0:0:
329,0,44277,128,0,44367:0:0:0:0:
402,0,44277,128,0,44367:0:0:0:0:
475,0,44277,128,0,44367:0:0:0:0:
36,0,44458,128,0,44548:0:0:0:0:
182,0,44458,128,0,44548:0:0:0:0:
329,0,44458,128,0,44548:0:0:0:0:
402,0,44458,128,0,44548:0:0:0:0:
475,0,44458,128,0,44548:0:0:0:0:
36,0,44639,128,0,44729:0:0:0:0:
182,0,44639,128,0,44729:0:0:0:0:
329,0,44639,128,0,44729:0:0:0:0:
402,0,44639,128,0,44729:0:0:0:0:
475,0,44639,128,0,44729:0:0:0:0:
109,192,44819,1,0,0:0:0:0:
329,192,44819,1,0,0:0:0:0:
182,192,44910,1,0,0:0:0:0:
402,192,44910,1,0,0:0:0:0:
256,192,45000,1,0,0:0:0:0:
475,192,45000,1,0,0:0:0:0:
36,192,45090,1,0,0:0:0:0:
329,192,45090,1,0,0:0:0:0:
256,192,45181,1,0,0:0:0:0:
402,192,45181,1,0,0:0:0:0:
182,192,45271,1,0,0:0:0:0:
329,192,45271,1,0,0:0:0:0:
109,192,45361,1,0,0:0:0:0:
256,192,45361,1,0,0:0:0:0:
36,192,45452,1,0,0:0:0:0:
182,192,45452,1,0,0:0:0:0:
256,192,45542,1,0,0:0:0:0:
475,192,45542,1,0,0:0:0:0:
182,192,45633,1,0,0:0:0:0:
402,192,45633,1,0,0:0:0:0:
109,192,45723,1,0,0:0:0:0:
329,192,45723,1,0,0:0:0:0:
36,192,45813,1,0,0:0:0:0:
256,192,45813,1,0,0:0:0:0:
109,192,45904,1,0,0:0:0:0:
329,192,45904,1,0,0:0:0:0:
182,192,45994,1,0,0:0:0:0:
402,192,45994,1,0,0:0:0:0:
256,192,46084,1,0,0:0:0:0:
475,192,46084,1,0,0:0:0:0:
182,192,46175,1,0,0:0:0:0:
329,192,46175,1,0,0:0:0:0:
109,192,46265,1,0,0:0:0:0:
402,192,46265,1,0,0:0:0:0:
36,192,46355,1,0,0:0:0:0:
256,192,46355,1,0,0:0:0:0:
109,192,46446,1,0,0:0:0:0:
329,192,46446,1,0,0:0:0:0:
256,192,46536,1,0,0:0:0:0:
402,192,46536,1,0,0:0:0:0:
182,192,46627,1,0,0:0:0:0:
475,192,46627,1,0,0:0:0:0:
109,192,46717,1,0,0:0:0:0:
329,192,46717,1,0,0:0:0:0:
182,192,46807,1,0,0:0:0:0:
402,192,46807,1,0,0:0:0:0:
256,192,46898,1,0,0:0:0:0:
475,192,46898,1,0,0:0:0:0:
329,192,46988,1,0,0:0:0:0:
402,192,46988,1,0,0:0:0:0:
256,192,47078,1,0,0:0:0:0:
475,192,47078,1,0,0:0:0:0:
182,192,47169,1,0,0:0:0:0:
402,192,47169,1,0,0:0:0:0:
109,192,47259,1,0,0:0:0:0:
329,192,47259,1,0,0:0:0:0:
36,192,47349,1,0,0:0:0:0:
256,192,47349,1,0,0:0:0:0:
109,192,47440,1,0,0:0:0:0:
329,192,47440,1,0,0:0:0:0:
256,192,47530,1,0,0:0:0:0:
402,192,47530,1,0,0:0:0:0:
182,192,47620,1,0,0:0:0:0:
329,192,47620,1,0,0:0:0:0:
36,192,47711,1,0,0:0:0:0:
109,192,47711,1,0,0:0:0:0:
256,192,47711,1,0,0:0:0:0:
402,192,47711,1,0,0:0:0:0:
475,192,47711,1,0,0:0:0:0:
109,192,47801,1,0,0:0:0:0:
182,192,47801,1,0,0:0:0:0:
182,192,47892,1,0,0:0:0:0:
256,192,47892,1,0,0:0:0:0:
329,192,47892,1,0,0:0:0:0:
109,192,48072,1,0,0:0:0:0:
182,192,48072,1,0,0:0:0:0:
475,192,48072,1,0,0:0:0:0:
36,192,48253,1,0,0:0:0:0:
182,192,48253,1,0,0:0:0:0:
329,192,48253,1,0,0:0:0:0:
402,192,48253,1,0,0:0:0:0:
402,192,48343,1,0,0:0:0:0:
182,192,48434,1,0,0:0:0:0:
256,192,48434,1,0,0:0:0:0:
329,192,48434,1,0,0:0:0:0:
402,0,48434,128,0,49157:0:0:0:0:
36,192,48614,1,0,0:0:0:0:
109,192,48614,1,0,0:0:0:0:
256,192,48614,1,0,0:0:0:0:
182,192,48795,1,0,0:0:0:0:
329,192,48795,1,0,0:0:0:0:
475,192,48795,1,0,0:0:0:0:
109,192,48976,1,0,0:0:0:0:
256,192,48976,1,0,0:0:0:0:
329,192,48976,1,0,0:0:0:0:
256,192,49157,1,0,0:0:0:0:
329,192,49157,1,0,0:0:0:0:
475,192,49157,1,0,0:0:0:0:
109,192,49247,1,0,0:0:0:0:
182,192,49247,1,0,0:0:0:0:
36,192,49337,1,0,0:0:0:0:
109,192,49337,1,0,0:0:0:0:
256,192,49337,1,0,0:0:0:0:
256,192,49518,1,0,0:0:0:0:
402,192,49518,1,0,0:0:0:0:
475,192,49518,1,0,0:0:0:0:
36,192,49699,1,0,0:0:0:0:
109,192,49699,1,0,0:0:0:0:
182,192,49699,1,0,0:0:0:0:
329,192,49699,1,0,0:0:0:0:
182,192,49789,1,0,0:0:0:0:
256,192,49880,1,0,0:0:0:0:
402,192,49880,1,0,0:0:0:0:
475,192,49880,1,0,0:0:0:0:
182,0,49880,128,0,50602:0:0:0:0:
109,192,50060,1,0,0:0:0:0:
329,192,50060,1,0,0:0:0:0:
402,192,50060,1,0,0:0:0:0:
36,192,50241,1,0,0:0:0:0:
256,192,50241,1,0,0:0:0:0:
329,192,50241,1,0,0:0:0:0:
109,192,50422,1,0,0:0:0:0:
329,192,50422,1,0,0:0:0:0:
402,192,50422,1,0,0:0:0:0:
329,192,50602,1,0,0:0:0:0:
402,192,50602,1,0,0:0:0:0:
475,192,50602,1,0,0:0:0:0:
256,192,50693,1,0,0:0:0:0:
329,192,50693,1,0,0:0:0:0:
109,192,50783,1,0,0:0:0:0:
182,192,50783,1,0,0:0:0:0:
256,192,50783,1,0,0:0:0:0:
256,192,50964,1,0,0:0:0:0:
329,192,50964,1,0,0:0:0:0:
475,192,50964,1,0,0:0:0:0:
36,192,51145,1,0,0:0:0:0:
109,192,51145,1,0,0:0:0:0:
182,192,51145,1,0,0:0:0:0:
329,192,51145,1,0,0:0:0:0:
36,192,51235,1,0,0:0:0:0:
256,192,51325,1,0,0:0:0:0:
402,192,51325,1,0,0:0:0:0:
475,192,51325,1,0,0:0:0:0:
36,0,51325,128,0,52048:0:0:0:0:
109,192,51506,1,0,0:0:0:0:
182,192,51506,1,0,0:0:0:0:
329,192,51506,1,0,0:0:0:0:
182,192,51687,1,0,0:0:0:0:
256,192,51687,1,0,0:0:0:0:
402,192,51687,1,0,0:0:0:0:
256,192,51867,1,0,0:0:0:0:
329,192,51867,1,0,0:0:0:0:
475,192,51867,1,0,0:0:0:0:
109,192,52048,1,0,0:0:0:0:
256,192,52048,1,0,0:0:0:0:
329,192,52048,1,0,0:0:0:0:
182,192,52139,1,0,0:0:0:0:
402,192,52139,1,0,0:0:0:0:
256,192,52229,1,0,0:0:0:0:
329,192,52229,1,0,0:0:0:0:
475,192,52229,1,0,0:0:0:0:
36,192,52410,1,0,0:0:0:0:
109,192,52410,1,0,0:0:0:0:
182,192,52410,1,0,0:0:0:0:
36,192,52590,1,0,0:0:0:0:
182,192,52590,1,0,0:0:0:0:
329,192,52590,1,0,0:0:0:0:
402,192,52590,1,0,0:0:0:0:
402,192,52681,1,0,0:0:0:0:
109,192,52771,1,0,0:0:0:0:
256,192,52771,1,0,0:0:0:0:
402,192,52771,1,0,0:0:0:0:
475,192,52771,1,0,0:0:0:0:
329,192,52861,1,0,0:0:0:0:
36,192,52952,1,0,0:0:0:0:
109,192,52952,1,0,0:0:0:0:
256,192,52952,1,0,0:0:0:0:
402,192,52952,1,0,0:0:0:0:
182,192,53042,1,0,0:0:0:0:
109,192,53133,1,0,0:0:0:0:
329,192,53133,1,0,0:0:0:0:
475,192,53133,1,0,0:0:0:0:
182,192,53223,1,0,0:0:0:0:
36,192,53313,1,0,0:0:0:0:
109,192,53313,1,0,0:0:0:0:
256,192,53313,1,0,0:0:0:0:
402,192,53313,1,0,0:0:0:0:
329,192,53404,1,0,0:0:0:0:
36,192,53494,1,0,0:0:0:0:
109,192,53494,1,0,0:0:0:0:
256,192,53494,1,0,0:0:0:0:
402,192,53494,1,0,0:0:0:0:
475,192,53494,1,0,0:0:0:0:
182,192,53584,1,0,0:0:0:0:
329,192,53584,1,0,0:0:0:0:
109,192,53675,1,0,0:0:0:0:
256,192,53675,1,0,0:0:0:0:
402,192,53675,1,0,0:0:0:0:
182,192,53765,1,0,0:0:0:0:
36,192,53855,1,0,0:0:0:0:
256,192,53855,1,0,0:0:0:0:
475,192,53855,1,0,0:0:0:0:
329,192,53946,1,0,0:0:0:0:
109,192,54036,1,0,0:0:0:0:
182,192,54036,1,0,0:0:0:0:
402,192,54036,1,0,0:0:0:0:
329,192,54127,1,0,0:0:0:0:
256,192,54217,1,0,0:0:0:0:
402,192,54217,1,0,0:0:0:0:
475,192,54217,1,0,0:0:0:0:
182,192,54307,1,0,0:0:0:0:
109,192,54398,1,0,0:0:0:0:
329,192,54398,1,0,0:0:0:0:
475,192,54398,1,0,0:0:0:0:
182,192,54488,1,0,0:0:0:0:
36,192,54578,1,0,0:0:0:0:
256,192,54578,1,0,0:0:0:0:
402,192,54578,1,0,0:0:0:0:
329,192,54669,1,0,0:0:0:0:
109,192,54759,1,0,0:0:0:0:
256,192,54759,1,0,0:0:0:0:
402,192,54759,1,0,0:0:0:0:
475,192,54849,1,0,0:0:0:0:
36,192,54940,1,0,0:0:0:0:
182,192,54940,1,0,0:0:0:0:
402,192,54940,1,0,0:0:0:0:
109,192,55030,1,0,0:0:0:0:
329,192,55030,1,0,0:0:0:0:
182,192,55120,1,0,0:0:0:0:
256,192,55120,1,0,0:0:0:0:
475,192,55120,1,0,0:0:0:0:
329,192,55211,1,0,0:0:0:0:
109,192,55301,1,0,0:0:0:0:
256,192,55301,1,0,0:0:0:0:
402,192,55301,1,0,0:0:0:0:
329,192,55392,1,0,0:0:0:0:
36,192,55482,1,0,0:0:0:0:
109,192,55482,1,0,0:0:0:0:
256,192,55482,1,0,0:0:0:0:
182,192,55572,1,0,0:0:0:0:
109,192,55663,1,0,0:0:0:0:
402,192,55663,1,0,0:0:0:0:
475,192,55663,1,0,0:0:0:0:
182,192,55753,1,0,0:0:0:0:
36,192,55843,1,0,0:0:0:0:
256,192,55843,1,0,0:0:0:0:
329,192,55843,1,0,0:0:0:0:
402,192,55934,1,0,0:0:0:0:
109,192,56024,1,0,0:0:0:0:
329,192,56024,1,0,0:0:0:0:
475,192,56024,1,0,0:0:0:0:
256,192,56114,1,0,0:0:0:0:
36,192,56205,1,0,0:0:0:0:
182,192,56205,1,0,0:0:0:0:
329,192,56205,1,0,0:0:0:0:
256,192,56295,1,0,0:0:0:0:
36,192,56386,1,0,0:0:0:0:
329,192,56386,1,0,0:0:0:0:
475,192,56386,1,0,0:0:0:0:
109,192,56476,1,0,0:0:0:0:
402,192,56476,1,0,0:0:0:0:
182,192,56566,1,0,0:0:0:0:
256,192,56566,1,0,0:0:0:0:
475,192,56566,1,0,0:0:0:0:
402,192,56657,1,0,0:0:0:0:
109,192,56747,1,0,0:0:0:0:
256,192,56747,1,0,0:0:0:0:
475,192,56747,1,0,0:0:0:0:
329,192,56837,1,0,0:0:0:0:
36,192,56928,1,0,0:0:0:0:
256,192,56928,1,0,0:0:0:0:
402,192,56928,1,0,0:0:0:0:
182,192,57018,1,0,0:0:0:0:
256,192,57108,1,0,0:0:0:0:
402,192,57108,1,0,0:0:0:0:
475,192,57108,1,0,0:0:0:0:
329,192,57199,1,0,0:0:0:0:
36,192,57289,1,0,0:0:0:0:
109,192,57289,1,0,0:0:0:0:
256,192,57289,1,0,0:0:0:0:
329,192,57380,1,0,0:0:0:0:
182,192,57470,1,0,0:0:0:0:
402,192,57470,1,0,0:0:0:0:
475,192,57470,1,0,0:0:0:0:
329,192,57560,1,0,0:0:0:0:
109,192,57651,1,0,0:0:0:0:
256,192,57651,1,0,0:0:0:0:
402,192,57651,1,0,0:0:0:0:
329,192,57741,1,0,0:0:0:0:
36,192,57831,1,0,0:0:0:0:
182,192,57831,1,0,0:0:0:0:
475,192,57831,1,0,0:0:0:0:
109,192,57922,1,0,0:0:0:0:
256,192,57922,1,0,0:0:0:0:
402,192,57922,1,0,0:0:0:0:
36,192,58012,1,0,0:0:0:0:
182,192,58012,1,0,0:0:0:0:
475,192,58012,1,0,0:0:0:0:
109,192,58102,1,0,0:0:0:0:
256,192,58102,1,0,0:0:0:0:
329,192,58102,1,0,0:0:0:0:
36,192,58193,1,0,0:0:0:0:
182,192,58193,1,0,0:0:0:0:
475,192,58193,1,0,0:0:0:0:
109,192,58373,1,0,0:0:0:0:
256,192,58373,1,0,0:0:0:0:
402,192,58373,1,0,0:0:0:0:
36,192,58554,1,0,0:0:0:0:
182,192,58554,1,0,0:0:0:0:
329,192,58554,1,0,0:0:0:0:
475,192,58554,1,0,0:0:0:0:
36,0,58916,128,0,59006:0:0:0:0:
109,0,58916,128,0,59006:0:0:0:0:
182,0,58916,128,0,59006:0:0:0:0:
256,0,58916,128,0,59006:0:0:0:0:
329,0,58916,128,0,59006:0:0:0:0:
402,0,58916,128,0,59006:0:0:0:0:
475,0,58916,128,0,59006:0:0:0:0:
36,0,59277,128,0,59910:0:0:0:0:
182,0,59277,128,0,59729:0:0:0:0:
256,0,59277,128,0,59458:0:0:0:0:
402,0,59277,128,0,60994:0:0:0:0:
475,0,59277,128,0,61355:0:0:0:0:
109,0,59458,128,0,60090:0:0:0:0:
256,0,59548,128,0,60271:0:0:0:0:
329,0,59639,128,0,60633:0:0:0:0:
182,0,59819,128,0,60452:0:0:0:0:
36,192,60000,1,0,0:0:0:0:
36,0,60090,128,0,62078:0:0:0:0:
109,0,60181,128,0,60813:0:0:0:0:
256,0,60361,128,0,60633:0:0:0:0:
182,0,60542,128,0,61175:0:0:0:0:
256,0,60723,128,0,60904:0:0:0:0:
329,0,60723,128,0,62982:0:0:0:0:
109,0,60904,128,0,62259:0:0:0:0:
256,0,60994,128,0,61898:0:0:0:0:
402,0,61084,128,0,61536:0:0:0:0:
182,0,61265,128,0,61717:0:0:0:0:
475,192,61446,1,0,0:0:0:0:
475,0,61536,128,0,62801:0:0:0:0:
402,0,61627,128,0,62440:0:0:0:0:
182,0,61807,128,0,62078:0:0:0:0:
256,0,61988,128,0,62349:0:0:0:0:
36,0,62169,128,0,63163:0:0:0:0:
182,0,62169,128,0,64608:0:0:0:0:
109,0,62349,128,0,63343:0:0:0:0:
256,0,62440,128,0,62620:0:0:0:0:
402,0,62530,128,0,63705:0:0:0:0:
256,0,62711,128,0,63886:0:0:0:0:
475,0,62892,128,0,63524:0:0:0:0:
329,0,63072,128,0,63795:0:0:0:0:
36,0,63253,128,0,63524:0:0:0:0:
109,0,63434,128,0,64247:0:0:0:0:
475,0,63614,128,0,64970:0:0:0:0:
36,0,63614,128,0,65512:0:0:0:0:
402,0,63795,128,0,64066:0:0:0:0:
329,0,63886,128,0,64789:0:0:0:0:
256,0,63976,128,0,64428:0:0:0:0:
402,0,64157,128,0,64970:0:0:0:0:
109,0,64337,128,0,64970:0:0:0:0:
256,0,64518,128,0,64970:0:0:0:0:
182,0,64699,128,0,65151:0:0:0:0:
329,0,64880,128,0,65331:0:0:0:0:
109,0,65060,128,0,66054:0:0:0:0:
256,0,65060,128,0,65241:0:0:0:0:
402,0,65060,128,0,65693:0:0:0:0:
475,0,65060,128,0,67500:0:0:0:0:
182,0,65241,128,0,66416:0:0:0:0:
256,0,65331,128,0,66235:0:0:0:0:
329,0,65422,128,0,65873:0:0:0:0:
36,0,65602,128,0,67319:0:0:0:0:
402,192,65783,1,0,0:0:0:0:
402,0,65873,128,0,66416:0:0:0:0:
329,0,65964,128,0,67681:0:0:0:0:
109,0,66145,128,0,66777:0:0:0:0:
256,0,66325,128,0,66596:0:0:0:0:
182,0,66506,128,0,66687:0:0:0:0:
402,0,66506,128,0,68133:0:0:0:0:
256,0,66687,128,0,66958:0:0:0:0:
182,0,66777,128,0,67861:0:0:0:0:
109,0,66867,128,0,67139:0:0:0:0:
256,0,67048,128,0,67861:0:0:0:0:
109,192,67229,1,0,0:0:0:0:
109,0,67319,128,0,68765:0:0:0:0:
36,0,67410,128,0,69307:0:0:0:0:
475,0,67590,128,0,68223:0:0:0:0:
329,0,67771,128,0,68042:0:0:0:0:
256,0,67952,128,0,68404:0:0:0:0:
182,0,67952,128,0,69488:0:0:0:0:
329,0,68133,128,0,68584:0:0:0:0:
402,0,68223,128,0,69127:0:0:0:0:
475,0,68313,128,0,70030:0:0:0:0:
256,0,68494,128,0,68946:0:0:0:0:
329,0,68675,128,0,69849:0:0:0:0:
109,0,68855,128,0,70211:0:0:0:0:
256,0,69036,128,0,69307:0:0:0:0:
402,0,69217,128,0,69669:0:0:0:0:
256,0,69398,128,0,70753:0:0:0:0:
36,0,69398,128,0,71837:0:0:0:0:
182,0,69578,128,0,70392:0:0:0:0:
402,0,69759,128,0,70753:0:0:0:0:
329,0,69940,128,0,70572:0:0:0:0:
475,0,70120,128,0,70753:0:0:0:0:
109,0,70301,128,0,70934:0:0:0:0:
182,0,70482,128,0,70753:0:0:0:0:
329,0,70663,128,0,71024:0:0:0:0:
182,0,70843,128,0,71024:0:0:0:0:
256,0,70843,128,0,70934:0:0:0:0:
402,0,70843,128,0,71114:0:0:0:0:
475,0,70843,128,0,72741:0:0:0:0:
109,0,71024,128,0,71295:0:0:0:0:
256,0,71024,128,0,71114:0:0:0:0:
182,0,71114,128,0,71657:0:0:0:0:
329,0,71114,128,0,71476:0:0:0:0:
256,0,71205,128,0,71295:0:0:0:0:
402,0,71205,128,0,71476:0:0:0:0:
109,0,71386,128,0,72018:0:0:0:0:
256,0,71386,128,0,71657:0:0:0:0:
329,192,71566,1,0,0:0:0:0:
402,192,71566,1,0,0:0:0:0:
329,0,71657,128,0,71837:0:0:0:0:
402,0,71657,128,0,72199:0:0:0:0:
182,0,71747,128,0,72199:0:0:0:0:
256,0,71747,128,0,72018:0:0:0:0:
329,0,71928,128,0,72199:0:0:0:0:
36,0,71928,128,0,72922:0:0:0:0:
109,0,72108,128,0,72380:0:0:0:0:
256,0,72108,128,0,72380:0:0:0:0:
182,0,72289,128,0,72470:0:0:0:0:
329,0,72289,128,0,72470:0:0:0:0:
402,0,72289,128,0,73825:0:0:0:0:
109,0,72470,128,0,72560:0:0:0:0:
256,0,72470,128,0,72560:0:0:0:0:
182,0,72560,128,0,73102:0:0:0:0:
329,0,72560,128,0,72741:0:0:0:0:
109,0,72651,128,0,72922:0:0:0:0:
256,0,72651,128,0,73102:0:0:0:0:
329,0,72831,128,0,73283:0:0:0:0:
475,0,72831,128,0,73464:0:0:0:0:
36,192,73012,1,0,0:0:0:0:
109,192,73012,1,0,0:0:0:0:
36,0,73102,128,0,73645:0:0:0:0:
109,0,73102,128,0,73283:0:0:0:0:
256,0,73193,128,0,73464:0:0:0:0:
182,0,73193,128,0,73825:0:0:0:0:
109,0,73373,128,0,73645:0:0:0:0:
329,0,73373,128,0,73645:0:0:0:0:
256,0,73554,128,0,73916:0:0:0:0:
475,0,73554,128,0,74187:0:0:0:0:
36,0,73735,128,0,74729:0:0:0:0:
329,0,73735,128,0,73916:0:0:0:0:
109,0,73735,128,0,75361:0:0:0:0:
182,0,73916,128,0,74006:0:0:0:0:
402,0,73916,128,0,74006:0:0:0:0:
256,0,74006,128,0,74367:0:0:0:0:
329,0,74006,128,0,74187:0:0:0:0:
182,0,74096,128,0,74548:0:0:0:0:
402,0,74096,128,0,74367:0:0:0:0:
329,0,74277,128,0,74548:0:0:0:0:
475,0,74277,128,0,76175:0:0:0:0:
256,0,74458,128,0,74729:0:0:0:0:
402,0,74458,128,0,74910:0:0:0:0:
182,0,74639,128,0,74910:0:0:0:0:
329,0,74639,128,0,75090:0:0:0:0:
36,0,74819,128,0,75090:0:0:0:0:
256,0,74819,128,0,75090:0:0:0:0:
182,0,75000,128,0,75271:0:0:0:0:
402,0,75000,128,0,75271:0:0:0:0:
256,0,75181,128,0,75813:0:0:0:0:
329,0,75181,128,0,75361:0:0:0:0:
36,0,75181,128,0,77078:0:0:0:0:
182,0,75361,128,0,75452:0:0:0:0:
402,0,75361,128,0,75452:0:0:0:0:
109,0,75452,128,0,76355:0:0:0:0:
329,0,75452,128,0,75633:0:0:0:0:
182,0,75542,128,0,75633:0:0:0:0:
402,0,75542,128,0,75813:0:0:0:0:
182,0,75723,128,0,75994:0:0:0:0:
329,0,75723,128,0,75994:0:0:0:0:
256,0,75904,128,0,76355:0:0:0:0:
402,0,75904,128,0,76175:0:0:0:0:
182,0,76084,128,0,76536:0:0:0:0:
329,0,76084,128,0,76536:0:0:0:0:
402,0,76265,128,0,76536:0:0:0:0:
475,0,76265,128,0,76536:0:0:0:0:
256,0,76446,128,0,76536:0:0:0:0:
109,0,76446,128,0,76717:0:0:0:0:
182,0,76627,128,0,76717:0:0:0:0:
256,0,76627,128,0,77078:0:0:0:0:
329,0,76627,128,0,76807:0:0:0:0:
475,0,76627,128,0,76807:0:0:0:0:
402,0,76627,128,0,78253:0:0:0:0:
109,0,76807,128,0,76898:0:0:0:0:
182,0,76807,128,0,76898:0:0:0:0:
329,0,76898,128,0,77259:0:0:0:0:
475,0,76898,128,0,77440:0:0:0:0:
109,0,76988,128,0,77620:0:0:0:0:
182,0,76988,128,0,77259:0:0:0:0:
36,0,77169,128,0,77620:0:0:0:0:
256,0,77169,128,0,77440:0:0:0:0:
182,192,77349,1,0,0:0:0:0:
329,192,77349,1,0,0:0:0:0:
182,0,77440,128,0,77801:0:0:0:0:
329,0,77440,128,0,77801:0:0:0:0:
256,0,77530,128,0,77982:0:0:0:0:
475,0,77530,128,0,78163:0:0:0:0:
109,0,77711,128,0,77982:0:0:0:0:
36,0,77711,128,0,79066:0:0:0:0:
182,0,77892,128,0,77982:0:0:0:0:
329,0,77892,128,0,78163:0:0:0:0:
109,0,78072,128,0,78524:0:0:0:0:
256,0,78072,128,0,78253:0:0:0:0:
182,0,78072,128,0,79699:0:0:0:0:
329,0,78253,128,0,78343:0:0:0:0:
475,0,78253,128,0,78343:0:0:0:0:
256,0,78343,128,0,78524:0:0:0:0:
402,0,78343,128,0,78705:0:0:0:0:
329,0,78434,128,0,78886:0:0:0:0:
475,0,78434,128,0,78705:0:0:0:0:
109,0,78614,128,0,79428:0:0:0:0:
256,0,78614,128,0,78886:0:0:0:0:
402,192,78795,1,0,0:0:0:0:
475,192,78795,1,0,0:0:0:0:
402,0,78886,128,0,79428:0:0:0:0:
475,0,78886,128,0,79247:0:0:0:0:
256,0,78976,128,0,79066:0:0:0:0:
329,0,78976,128,0,79247:0:0:0:0:
36,0,79157,128,0,79970:0:0:0:0:
256,0,79157,128,0,79608:0:0:0:0:
475,0,79337,128,0,79428:0:0:0:0:
329,0,79337,128,0,79699:0:0:0:0:
402,0,79518,128,0,79608:0:0:0:0:
475,0,79518,128,0,80151:0:0:0:0:
109,0,79518,128,0,81054:0:0:0:0:
256,0,79699,128,0,79789:0:0:0:0:
402,0,79699,128,0,79789:0:0:0:0:
182,0,79789,128,0,80331:0:0:0:0:
329,0,79789,128,0,80512:0:0:0:0:
256,0,79880,128,0,79970:0:0:0:0:
402,0,79880,128,0,80151:0:0:0:0:
36,0,80060,128,0,80693:0:0:0:0:
256,0,80060,128,0,80331:0:0:0:0:
402,0,80241,128,0,80512:0:0:0:0:
475,0,80241,128,0,80873:0:0:0:0:
182,0,80422,128,0,80693:0:0:0:0:
256,0,80422,128,0,80873:0:0:0:0:
329,0,80602,128,0,81054:0:0:0:0:
402,0,80602,128,0,81235:0:0:0:0:
36,0,80783,128,0,80873:0:0:0:0:
182,0,80783,128,0,81416:0:0:0:0:
36,0,80964,128,0,82319:0:0:0:0:
256,0,80964,128,0,81235:0:0:0:0:
475,0,80964,128,0,82139:0:0:0:0:
109,0,81145,128,0,81596:0:0:0:0:
329,0,81145,128,0,81416:0:0:0:0:
256,0,81325,128,0,81596:0:0:0:0:
402,0,81325,128,0,82139:0:0:0:0:
182,0,81506,128,0,81777:0:0:0:0:
329,0,81506,128,0,81958:0:0:0:0:
109,0,81687,128,0,81958:0:0:0:0:
256,0,81687,128,0,81777:0:0:0:0:
182,0,81867,128,0,82139:0:0:0:0:
256,0,81867,128,0,82319:0:0:0:0:
109,0,82048,128,0,82319:0:0:0:0:
329,0,82048,128,0,82319:0:0:0:0:
182,0,82229,128,0,82319:0:0:0:0:
402,0,82229,128,0,82319:0:0:0:0:
475,0,82229,128,0,82319:0:0:0:0:
36,192,82410,1,0,0:0:0:0:
182,192,82410,1,0,0:0:0:0:
256,192,82410,1,0,0:0:0:0:
329,192,82410,1,0,0:0:0:0:
402,192,82410,1,0,0:0:0:0:
475,192,82410,1,0,0:0:0:0:
109,192,82500,1,0,0:0:0:0:
182,192,82590,1,0,0:0:0:0:
329,192,82590,1,0,0:0:0:0:
256,192,82681,1,0,0:0:0:0:
182,192,82771,1,0,0:0:0:0:
402,192,82771,1,0,0:0:0:0:
475,192,82771,1,0,0:0:0:0:
329,192,82861,1,0,0:0:0:0:
109,192,82952,1,0,0:0:0:0:
256,192,82952,1,0,0:0:0:0:
402,192,82952,1,0,0:0:0:0:
182,192,83042,1,0,0:0:0:0:
109,192,83133,1,0,0:0:0:0:
329,192,83133,1,0,0:0:0:0:
475,192,83133,1,0,0:0:0:0:
36,192,83223,1,0,0:0:0:0:
109,192,83313,1,0,0:0:0:0:
256,192,83313,1,0,0:0:0:0:
402,192,83313,1,0,0:0:0:0:
182,192,83404,1,0,0:0:0:0:
36,192,83494,1,0,0:0:0:0:
109,192,83494,1,0,0:0:0:0:
256,192,83494,1,0,0:0:0:0:
329,192,83584,1,0,0:0:0:0:
36,192,83675,1,0,0:0:0:0:
182,192,83675,1,0,0:0:0:0:
475,192,83675,1,0,0:0:0:0:
402,192,83765,1,0,0:0:0:0:
109,192,83855,1,0,0:0:0:0:
182,192,83855,1,0,0:0:0:0:
329,192,83855,1,0,0:0:0:0:
256,192,83946,1,0,0:0:0:0:
182,192,84036,1,0,0:0:0:0:
402,192,84036,1,0,0:0:0:0:
475,192,84036,1,0,0:0:0:0:
36,192,84127,1,0,0:0:0:0:
109,192,84217,1,0,0:0:0:0:
256,192,84217,1,0,0:0:0:0:
329,192,84217,1,0,0:0:0:0:
182,192,84307,1,0,0:0:0:0:
109,192,84398,1,0,0:0:0:0:
256,192,84398,1,0,0:0:0:0:
475,192,84398,1,0,0:0:0:0:
182,192,84488,1,0,0:0:0:0:
36,192,84578,1,0,0:0:0:0:
256,192,84578,1,0,0:0:0:0:
402,192,84578,1,0,0:0:0:0:
329,192,84669,1,0,0:0:0:0:
109,192,84759,1,0,0:0:0:0:
256,192,84759,1,0,0:0:0:0:
402,192,84759,1,0,0:0:0:0:
182,192,84849,1,0,0:0:0:0:
256,192,84940,1,0,0:0:0:0:
475,192,84940,1,0,0:0:0:0:
329,192,85030,1,0,0:0:0:0:
182,192,85120,1,0,0:0:0:0:
402,192,85120,1,0,0:0:0:0:
256,192,85211,1,0,0:0:0:0:
36,192,85301,1,0,0:0:0:0:
182,192,85301,1,0,0:0:0:0:
109,192,85392,1,0,0:0:0:0:
36,192,85482,1,0,0:0:0:0:
256,192,85482,1,0,0:0:0:0:
109,192,85572,1,0,0:0:0:0:
36,192,85663,1,0,0:0:0:0:
329,192,85663,1,0,0:0:0:0:
109,192,85753,1,0,0:0:0:0:
36,192,85843,1,0,0:0:0:0:
402,192,85843,1,0,0:0:0:0:
109,192,85934,1,0,0:0:0:0:
36,192,86024,1,0,0:0:0:0:
475,192,86024,1,0,0:0:0:0:
109,192,86114,1,0,0:0:0:0:
36,192,86205,1,0,0:0:0:0:
402,192,86205,1,0,0:0:0:0:
109,192,86295,1,0,0:0:0:0:
36,192,86386,1,0,0:0:0:0:
329,192,86386,1,0,0:0:0:0:
109,192,86476,1,0,0:0:0:0:
36,192,86566,1,0,0:0:0:0:
256,192,86566,1,0,0:0:0:0:
109,192,86657,1,0,0:0:0:0:
36,0,86747,128,0,87108:0:0:0:0:
182,192,86747,1,0,0:0:0:0:
475,192,86747,1,0,0:0:0:0:
402,192,86837,1,0,0:0:0:0:
256,192,86928,1,0,0:0:0:0:
475,192,86928,1,0,0:0:0:0:
402,192,87018,1,0,0:0:0:0:
182,192,87108,1,0,0:0:0:0:
329,192,87108,1,0,0:0:0:0:
475,192,87108,1,0,0:0:0:0:
256,192,87199,1,0,0:0:0:0:
402,192,87199,1,0,0:0:0:0:
36,192,87289,1,0,0:0:0:0:
182,192,87289,1,0,0:0:0:0:
475,192,87289,1,0,0:0:0:0:
109,192,87380,1,0,0:0:0:0:
402,192,87380,1,0,0:0:0:0:
36,192,87470,1,0,0:0:0:0:
256,192,87470,1,0,0:0:0:0:
475,192,87470,1,0,0:0:0:0:
109,192,87560,1,0,0:0:0:0:
402,192,87560,1,0,0:0:0:0:
182,192,87651,1,0,0:0:0:0:
329,192,87651,1,0,0:0:0:0:
475,192,87651,1,0,0:0:0:0:
256,192,87741,1,0,0:0:0:0:
402,192,87741,1,0,0:0:0:0:
109,192,87831,1,0,0:0:0:0:
329,192,87831,1,0,0:0:0:0:
475,192,87831,1,0,0:0:0:0:
256,192,87922,1,0,0:0:0:0:
402,192,87922,1,0,0:0:0:0:
36,192,88012,1,0,0:0:0:0:
182,192,88012,1,0,0:0:0:0:
475,192,88012,1,0,0:0:0:0:
109,192,88102,1,0,0:0:0:0:
402,192,88102,1,0,0:0:0:0:
36,192,88193,1,0,0:0:0:0:
256,192,88193,1,0,0:0:0:0:
329,192,88193,1,0,0:0:0:0:
475,192,88193,1,0,0:0:0:0:
109,192,88283,1,0,0:0:0:0:
402,192,88283,1,0,0:0:0:0:
182,192,88373,1,0,0:0:0:0:
475,192,88373,1,0,0:0:0:0:
36,192,88464,1,0,0:0:0:0:
256,192,88464,1,0,0:0:0:0:
109,192,88554,1,0,0:0:0:0:
329,192,88554,1,0,0:0:0:0:
182,192,88645,1,0,0:0:0:0:
402,192,88645,1,0,0:0:0:0:
329,192,88735,1,0,0:0:0:0:
475,192,88735,1,0,0:0:0:0:
256,192,88825,1,0,0:0:0:0:
402,192,88825,1,0,0:0:0:0:
182,192,88916,1,0,0:0:0:0:
329,192,88916,1,0,0:0:0:0:
109,192,89006,1,0,0:0:0:0:
256,192,89006,1,0,0:0:0:0:
36,192,89096,1,0,0:0:0:0:
182,192,89096,1,0,0:0:0:0:
109,192,89187,1,0,0:0:0:0:
329,192,89187,1,0,0:0:0:0:
182,192,89277,1,0,0:0:0:0:
402,192,89277,1,0,0:0:0:0:
256,192,89367,1,0,0:0:0:0:
475,192,89367,1,0,0:0:0:0:
329,192,89458,1,0,0:0:0:0:
256,192,89548,1,0,0:0:0:0:
402,192,89548,1,0,0:0:0:0:
182,192,89639,1,0,0:0:0:0:
475,192,89639,1,0,0:0:0:0:
109,192,89729,1,0,0:0:0:0:
402,192,89729,1,0,0:0:0:0:
36,192,89819,1,0,0:0:0:0:
329,192,89819,1,0,0:0:0:0:
256,192,89910,1,0,0:0:0:0:
475,192,89910,1,0,0:0:0:0:
182,192,90000,1,0,0:0:0:0:
402,192,90000,1,0,0:0:0:0:
109,192,90090,1,0,0:0:0:0:
329,192,90090,1,0,0:0:0:0:
182,192,90181,1,0,0:0:0:0:
402,192,90181,1,0,0:0:0:0:
256,192,90271,1,0,0:0:0:0:
475,192,90271,1,0,0:0:0:0:
329,192,90361,1,0,0:0:0:0:
182,192,90452,1,0,0:0:0:0:
402,192,90452,1,0,0:0:0:0:
256,192,90542,1,0,0:0:0:0:
475,192,90542,1,0,0:0:0:0:
182,192,90633,1,0,0:0:0:0:
402,192,90633,1,0,0:0:0:0:
109,192,90723,1,0,0:0:0:0:
329,192,90723,1,0,0:0:0:0:
36,192,90813,1,0,0:0:0:0:
256,192,90813,1,0,0:0:0:0:
182,192,90904,1,0,0:0:0:0:
109,192,90994,1,0,0:0:0:0:
256,192,90994,1,0,0:0:0:0:
36,192,91084,1,0,0:0:0:0:
182,192,91084,1,0,0:0:0:0:
109,192,91175,1,0,0:0:0:0:
329,192,91175,1,0,0:0:0:0:
182,192,91265,1,0,0:0:0:0:
402,192,91265,1,0,0:0:0:0:
256,192,91355,1,0,0:0:0:0:
475,192,91355,1,0,0:0:0:0:
182,192,91446,1,0,0:0:0:0:
402,192,91446,1,0,0:0:0:0:
256,192,91536,1,0,0:0:0:0:
475,192,91536,1,0,0:0:0:0:
36,192,91627,1,0,0:0:0:0:
329,192,91627,1,0,0:0:0:0:
109,192,91717,1,0,0:0:0:0:
402,192,91717,1,0,0:0:0:0:
182,192,91807,1,0,0:0:0:0:
329,192,91807,1,0,0:0:0:0:
109,192,91898,1,0,0:0:0:0:
256,192,91898,1,0,0:0:0:0:
36,192,91988,1,0,0:0:0:0:
182,192,91988,1,0,0:0:0:0:
109,192,92078,1,0,0:0:0:0:
256,192,92078,1,0,0:0:0:0:
182,192,92169,1,0,0:0:0:0:
402,192,92169,1,0,0:0:0:0:
109,192,92259,1,0,0:0:0:0:
329,192,92259,1,0,0:0:0:0:
36,192,92349,1,0,0:0:0:0:
256,192,92349,1,0,0:0:0:0:
182,192,92440,1,0,0:0:0:0:
329,192,92440,1,0,0:0:0:0:
256,192,92530,1,0,0:0:0:0:
402,192,92530,1,0,0:0:0:0:
329,192,92620,1,0,0:0:0:0:
475,192,92620,1,0,0:0:0:0:
182,192,92711,1,0,0:0:0:0:
402,192,92711,1,0,0:0:0:0:
256,192,92801,1,0,0:0:0:0:
475,192,92801,1,0,0:0:0:0:
182,192,92892,1,0,0:0:0:0:
329,192,92892,1,0,0:0:0:0:
109,192,92982,1,0,0:0:0:0:
256,192,92982,1,0,0:0:0:0:
36,192,93072,1,0,0:0:0:0:
182,192,93072,1,0,0:0:0:0:
109,192,93163,1,0,0:0:0:0:
329,192,93163,1,0,0:0:0:0:
256,192,93253,1,0,0:0:0:0:
402,192,93253,1,0,0:0:0:0:
329,192,93343,1,0,0:0:0:0:
475,192,93343,1,0,0:0:0:0:
182,192,93434,1,0,0:0:0:0:
402,192,93434,1,0,0:0:0:0:
109,192,93524,1,0,0:0:0:0:
329,192,93524,1,0,0:0:0:0:
36,192,93614,1,0,0:0:0:0:
256,192,93614,1,0,0:0:0:0:
182,192,93705,1,0,0:0:0:0:
402,192,93705,1,0,0:0:0:0:
329,192,93795,1,0,0:0:0:0:
475,192,93795,1,0,0:0:0:0:
109,192,93886,1,0,0:0:0:0:
256,192,93886,1,0,0:0:0:0:
36,0,93976,128,0,94066:0:0:0:0:
182,0,93976,128,0,94066:0:0:0:0:
329,0,93976,128,0,94066:0:0:0:0:
475,0,93976,128,0,94066:0:0:0:0:
256,192,94066,1,0,0:0:0:0:
402,192,94066,1,0,0:0:0:0:
36,0,94157,128,0,94247:0:0:0:0:
182,0,94157,128,0,94247:0:0:0:0:
329,0,94157,128,0,94247:0:0:0:0:
475,0,94157,128,0,94247:0:0:0:0:
109,192,94247,1,0,0:0:0:0:
256,192,94247,1,0,0:0:0:0:
36,0,94337,128,0,94428:0:0:0:0:
182,0,94337,128,0,94428:0:0:0:0:
329,0,94337,128,0,94428:0:0:0:0:
475,0,94337,128,0,94428:0:0:0:0:
256,192,94428,1,0,0:0:0:0:
402,192,94428,1,0,0:0:0:0:
36,0,94518,128,0,94608:0:0:0:0:
182,0,94518,128,0,94608:0:0:0:0:
329,0,94518,128,0,94608:0:0:0:0:
475,0,94518,128,0,94608:0:0:0:0:
109,192,94608,1,0,0:0:0:0:
256,192,94608,1,0,0:0:0:0:
36,0,94699,128,0,94789:0:0:0:0:
182,0,94699,128,0,94789:0:0:0:0:
329,0,94699,128,0,94789:0:0:0:0:
402,0,94699,128,0,94789:0:0:0:0:
256,192,94789,1,0,0:0:0:0:
475,192,94789,1,0,0:0:0:0:
36,0,94880,128,0,94970:0:0:0:0:
182,0,94880,128,0,94970:0:0:0:0:
329,0,94880,128,0,94970:0:0:0:0:
402,0,94880,128,0,94970:0:0:0:0:
109,192,94970,1,0,0:0:0:0:
256,192,94970,1,0,0:0:0:0:
36,0,95060,128,0,95151:0:0:0:0:
182,0,95060,128,0,95151:0:0:0:0:
329,0,95060,128,0,95151:0:0:0:0:
402,0,95060,128,0,95151:0:0:0:0:
256,192,95151,1,0,0:0:0:0:
475,192,95151,1,0,0:0:0:0:
36,0,95241,128,0,95331:0:0:0:0:
182,0,95241,128,0,95331:0:0:0:0:
329,0,95241,128,0,95331:0:0:0:0:
402,0,95241,128,0,95331:0:0:0:0:
109,192,95331,1,0,0:0:0:0:
256,192,95331,1,0,0:0:0:0:
36,0,95422,128,0,95512:0:0:0:0:
182,0,95422,128,0,95512:0:0:0:0:
402,0,95422,128,0,95512:0:0:0:0:
475,0,95422,128,0,95512:0:0:0:0:
256,192,95512,1,0,0:0:0:0:
329,192,95512,1,0,0:0:0:0:
36,0,95602,128,0,95693:0:0:0:0:
182,0,95602,128,0,95693:0:0:0:0:
402,0,95602,128,0,95693:0:0:0:0:
475,0,95602,128,0,95693:0:0:0:0:
109,192,95693,1,0,0:0:0:0:
329,192,95693,1,0,0:0:0:0:
36,0,95783,128,0,95873:0:0:0:0:
182,0,95783,128,0,95873:0:0:0:0:
402,0,95783,128,0,95873:0:0:0:0:
475,0,95783,128,0,95873:0:0:0:0:
256,192,95873,1,0,0:0:0:0:
329,192,95873,1,0,0:0:0:0:
36,0,95964,128,0,96054:0:0:0:0:
182,0,95964,128,0,96054:0:0:0:0:
402,0,95964,128,0,96054:0:0:0:0:
475,0,95964,128,0,96054:0:0:0:0:
109,192,96054,1,0,0:0:0:0:
329,192,96054,1,0,0:0:0:0:
36,0,96145,128,0,96235:0:0:0:0:
182,0,96145,128,0,96235:0:0:0:0:
256,0,96145,128,0,96235:0:0:0:0:
402,0,96145,128,0,96235:0:0:0:0:
329,192,96235,1,0,0:0:0:0:
475,192,96235,1,0,0:0:0:0:
36,0,96325,128,0,96416:0:0:0:0:
182,0,96325,128,0,96416:0:0:0:0:
256,0,96325,128,0,96416:0:0:0:0:
402,0,96325,128,0,96416:0:0:0:0:
109,192,96416,1,0,0:0:0:0:
329,192,96416,1,0,0:0:0:0:
36,0,96506,128,0,96596:0:0:0:0:
182,0,96506,128,0,96596:0:0:0:0:
256,0,96506,128,0,96596:0:0:0:0:
402,0,96506,128,0,96596:0:0:0:0:
329,192,96596,1,0,0:0:0:0:
475,192,96596,1,0,0:0:0:0:
36,0,96687,128,0,96777:0:0:0:0:
182,0,96687,128,0,96777:0:0:0:0:
256,0,96687,128,0,96777:0:0:0:0:
402,0,96687,128,0,96777:0:0:0:0:
109,192,96777,1,0,0:0:0:0:
329,192,96777,1,0,0:0:0:0:
36,192,96867,1,0,0:0:0:0:
256,192,96867,1,0,0:0:0:0:
109,192,96958,1,0,0:0:0:0:
329,192,96958,1,0,0:0:0:0:
182,192,97048,1,0,0:0:0:0:
402,192,97048,1,0,0:0:0:0:
256,192,97139,1,0,0:0:0:0:
475,192,97139,1,0,0:0:0:0:
182,192,97229,1,0,0:0:0:0:
402,192,97229,1,0,0:0:0:0:
109,192,97319,1,0,0:0:0:0:
329,192,97319,1,0,0:0:0:0:
182,192,97410,1,0,0:0:0:0:
402,192,97410,1,0,0:0:0:0:
256,192,97500,1,0,0:0:0:0:
475,192,97500,1,0,0:0:0:0:
36,192,97590,1,0,0:0:0:0:
329,192,97590,1,0,0:0:0:0:
109,192,97681,1,0,0:0:0:0:
402,192,97681,1,0,0:0:0:0:
182,192,97771,1,0,0:0:0:0:
475,192,97771,1,0,0:0:0:0:
256,192,97861,1,0,0:0:0:0:
402,192,97861,1,0,0:0:0:0:
36,192,97952,1,0,0:0:0:0:
182,192,97952,1,0,0:0:0:0:
256,192,98042,1,0,0:0:0:0:
475,192,98042,1,0,0:0:0:0:
182,192,98133,1,0,0:0:0:0:
329,192,98133,1,0,0:0:0:0:
402,192,98223,1,0,0:0:0:0:
475,192,98223,1,0,0:0:0:0:
109,192,98313,1,0,0:0:0:0:
329,192,98313,1,0,0:0:0:0:
182,192,98404,1,0,0:0:0:0:
402,192,98404,1,0,0:0:0:0:
256,192,98494,1,0,0:0:0:0:
475,192,98494,1,0,0:0:0:0:
182,192,98584,1,0,0:0:0:0:
402,192,98584,1,0,0:0:0:0:
109,192,98675,1,0,0:0:0:0:
329,192,98675,1,0,0:0:0:0:
182,192,98765,1,0,0:0:0:0:
402,192,98765,1,0,0:0:0:0:
256,192,98855,1,0,0:0:0:0:
475,192,98855,1,0,0:0:0:0:
36,192,98946,1,0,0:0:0:0:
329,192,98946,1,0,0:0:0:0:
109,192,99036,1,0,0:0:0:0:
402,192,99036,1,0,0:0:0:0:
182,192,99127,1,0,0:0:0:0:
329,192,99127,1,0,0:0:0:0:
256,192,99217,1,0,0:0:0:0:
475,192,99217,1,0,0:0:0:0:
182,192,99307,1,0,0:0:0:0:
402,192,99307,1,0,0:0:0:0:
109,192,99398,1,0,0:0:0:0:
329,192,99398,1,0,0:0:0:0:
36,192,99488,1,0,0:0:0:0:
256,192,99488,1,0,0:0:0:0:
182,192,99578,1,0,0:0:0:0:
402,192,99578,1,0,0:0:0:0:
256,192,99669,1,0,0:0:0:0:
329,192,99669,1,0,0:0:0:0:
109,0,99759,128,0,99849:0:0:0:0:
182,0,99759,128,0,99849:0:0:0:0:
402,0,99759,128,0,99849:0:0:0:0:
475,0,99759,128,0,99849:0:0:0:0:
256,192,99849,1,0,0:0:0:0:
329,192,99849,1,0,0:0:0:0:
109,0,99940,128,0,100030:0:0:0:0:
182,0,99940,128,0,100030:0:0:0:0:
402,0,99940,128,0,100030:0:0:0:0:
475,0,99940,128,0,100030:0:0:0:0:
36,192,100030,1,0,0:0:0:0:
256,192,100030,1,0,0:0:0:0:
109,0,100120,128,0,100211:0:0:0:0:
182,0,100120,128,0,100211:0:0:0:0:
402,0,100120,128,0,100211:0:0:0:0:
475,0,100120,128,0,100211:0:0:0:0:
256,192,100211,1,0,0:0:0:0:
329,192,100211,1,0,0:0:0:0:
109,0,100301,128,0,100392:0:0:0:0:
182,0,100301,128,0,100392:0:0:0:0:
402,0,100301,128,0,100392:0:0:0:0:
475,0,100301,128,0,100392:0:0:0:0:
36,192,100392,1,0,0:0:0:0:
256,192,100392,1,0,0:0:0:0:
109,0,100482,128,0,100572:0:0:0:0:
182,0,100482,128,0,100572:0:0:0:0:
329,0,100482,128,0,100572:0:0:0:0:
402,0,100482,128,0,100572:0:0:0:0:
256,192,100572,1,0,0:0:0:0:
475,192,100572,1,0,0:0:0:0:
109,0,100663,128,0,100753:0:0:0:0:
182,0,100663,128,0,100753:0:0:0:0:
329,0,100663,128,0,100753:0:0:0:0:
402,0,100663,128,0,100753:0:0:0:0:
36,192,100753,1,0,0:0:0:0:
256,192,100753,1,0,0:0:0:0:
109,0,100843,128,0,100934:0:0:0:0:
182,0,100843,128,0,100934:0:0:0:0:
329,0,100843,128,0,100934:0:0:0:0:
402,0,100843,128,0,100934:0:0:0:0:
256,192,100934,1,0,0:0:0:0:
475,192,100934,1,0,0:0:0:0:
109,0,101024,128,0,101114:0:0:0:0:
182,0,101024,128,0,101114:0:0:0:0:
329,0,101024,128,0,101114:0:0:0:0:
402,0,101024,128,0,101114:0:0:0:0:
36,192,101114,1,0,0:0:0:0:
256,192,101114,1,0,0:0:0:0:
182,0,101205,128,0,101295:0:0:0:0:
329,0,101205,128,0,101295:0:0:0:0:
402,0,101205,128,0,101295:0:0:0:0:
475,0,101205,128,0,101295:0:0:0:0:
109,192,101295,1,0,0:0:0:0:
256,192,101295,1,0,0:0:0:0:
182,0,101386,128,0,101476:0:0:0:0:
329,0,101386,128,0,101476:0:0:0:0:
402,0,101386,128,0,101476:0:0:0:0:
475,0,101386,128,0,101476:0:0:0:0:
36,192,101476,1,0,0:0:0:0:
109,192,101476,1,0,0:0:0:0:
182,0,101566,128,0,101657:0:0:0:0:
329,0,101566,128,0,101657:0:0:0:0:
402,0,101566,128,0,101657:0:0:0:0:
475,0,101566,128,0,101657:0:0:0:0:
109,192,101657,1,0,0:0:0:0:
256,192,101657,1,0,0:0:0:0:
182,0,101747,128,0,101837:0:0:0:0:
329,0,101747,128,0,101837:0:0:0:0:
402,0,101747,128,0,101837:0:0:0:0:
475,0,101747,128,0,101837:0:0:0:0:
36,192,101837,1,0,0:0:0:0:
109,192,101837,1,0,0:0:0:0:
182,0,101928,128,0,102018:0:0:0:0:
256,0,101928,128,0,102018:0:0:0:0:
402,0,101928,128,0,102018:0:0:0:0:
475,0,101928,128,0,102018:0:0:0:0:
36,192,102018,1,0,0:0:0:0:
329,192,102018,1,0,0:0:0:0:
182,0,102108,128,0,102199:0:0:0:0:
256,0,102108,128,0,102199:0:0:0:0:
402,0,102108,128,0,102199:0:0:0:0:
475,0,102108,128,0,102199:0:0:0:0:
109,192,102199,1,0,0:0:0:0:
329,192,102199,1,0,0:0:0:0:
182,0,102289,128,0,102380:0:0:0:0:
256,0,102289,128,0,102380:0:0:0:0:
402,0,102289,128,0,102380:0:0:0:0:
475,0,102289,128,0,102380:0:0:0:0:
36,192,102380,1,0,0:0:0:0:
329,192,102380,1,0,0:0:0:0:
182,0,102470,128,0,102560:0:0:0:0:
256,0,102470,128,0,102560:0:0:0:0:
402,0,102470,128,0,102560:0:0:0:0:
475,0,102470,128,0,102560:0:0:0:0:
109,192,102560,1,0,0:0:0:0:
329,192,102560,1,0,0:0:0:0:
256,192,102651,1,0,0:0:0:0:
402,192,102651,1,0,0:0:0:0:
182,192,102741,1,0,0:0:0:0:
329,192,102741,1,0,0:0:0:0:
109,192,102831,1,0,0:0:0:0:
402,192,102831,1,0,0:0:0:0:
182,192,102922,1,0,0:0:0:0:
475,192,102922,1,0,0:0:0:0:
256,192,103012,1,0,0:0:0:0:
402,192,103012,1,0,0:0:0:0:
182,192,103102,1,0,0:0:0:0:
329,192,103102,1,0,0:0:0:0:
256,192,103193,1,0,0:0:0:0:
475,192,103193,1,0,0:0:0:0:
182,192,103283,1,0,0:0:0:0:
402,192,103283,1,0,0:0:0:0:
109,192,103373,1,0,0:0:0:0:
329,192,103373,1,0,0:0:0:0:
36,192,103464,1,0,0:0:0:0:
256,192,103464,1,0,0:0:0:0:
182,192,103554,1,0,0:0:0:0:
402,192,103554,1,0,0:0:0:0:
109,192,103645,1,0,0:0:0:0:
329,192,103645,1,0,0:0:0:0:
36,192,103735,1,0,0:0:0:0:
256,192,103735,1,0,0:0:0:0:
182,192,103825,1,0,0:0:0:0:
329,192,103825,1,0,0:0:0:0:
109,192,103916,1,0,0:0:0:0:
256,192,103916,1,0,0:0:0:0:
182,192,104006,1,0,0:0:0:0:
329,192,104006,1,0,0:0:0:0:
256,192,104096,1,0,0:0:0:0:
402,192,104096,1,0,0:0:0:0:
329,192,104187,1,0,0:0:0:0:
475,192,104187,1,0,0:0:0:0:
182,192,104277,1,0,0:0:0:0:
402,192,104277,1,0,0:0:0:0:
109,192,104367,1,0,0:0:0:0:
329,192,104367,1,0,0:0:0:0:
36,192,104458,1,0,0:0:0:0:
256,192,104458,1,0,0:0:0:0:
182,192,104548,1,0,0:0:0:0:
402,192,104548,1,0,0:0:0:0:
109,192,104639,1,0,0:0:0:0:
329,192,104639,1,0,0:0:0:0:
36,192,104729,1,0,0:0:0:0:
256,192,104729,1,0,0:0:0:0:
109,192,104819,1,0,0:0:0:0:
329,192,104819,1,0,0:0:0:0:
182,192,104910,1,0,0:0:0:0:
402,192,104910,1,0,0:0:0:0:
329,192,105000,1,0,0:0:0:0:
475,192,105000,1,0,0:0:0:0:
256,192,105090,1,0,0:0:0:0:
402,192,105090,1,0,0:0:0:0:
182,192,105181,1,0,0:0:0:0:
329,192,105181,1,0,0:0:0:0:
109,192,105271,1,0,0:0:0:0:
256,192,105271,1,0,0:0:0:0:
36,192,105361,1,0,0:0:0:0:
182,192,105361,1,0,0:0:0:0:
329,192,105452,1,0,0:0:0:0:
36,192,105542,1,0,0:0:0:0:
109,192,105542,1,0,0:0:0:0:
182,192,105542,1,0,0:0:0:0:
256,192,105542,1,0,0:0:0:0:
402,192,105542,1,0,0:0:0:0:
475,192,105542,1,0,0:0:0:0:
109,192,105633,1,0,0:0:0:0:
182,192,105633,1,0,0:0:0:0:
182,192,105723,1,0,0:0:0:0:
256,192,105723,1,0,0:0:0:0:
329,192,105723,1,0,0:0:0:0:
109,192,105904,1,0,0:0:0:0:
256,192,105904,1,0,0:0:0:0:
402,192,105904,1,0,0:0:0:0:
36,192,106084,1,0,0:0:0:0:
182,192,106084,1,0,0:0:0:0:
329,192,106084,1,0,0:0:0:0:
475,192,106084,1,0,0:0:0:0:
329,192,106175,1,0,0:0:0:0:
109,192,106265,1,0,0:0:0:0:
256,192,106265,1,0,0:0:0:0:
402,192,106265,1,0,0:0:0:0:
329,0,106265,128,0,106988:0:0:0:0:
109,192,106446,1,0,0:0:0:0:
182,192,106446,1,0,0:0:0:0:
402,192,106446,1,0,0:0:0:0:
182,192,106627,1,0,0:0:0:0:
256,192,106627,1,0,0:0:0:0:
475,192,106627,1,0,0:0:0:0:
109,192,106807,1,0,0:0:0:0:
256,192,106807,1,0,0:0:0:0:
402,192,106807,1,0,0:0:0:0:
182,192,106988,1,0,0:0:0:0:
256,192,106988,1,0,0:0:0:0:
402,192,106988,1,0,0:0:0:0:
109,192,107078,1,0,0:0:0:0:
182,192,107078,1,0,0:0:0:0:
36,192,107169,1,0,0:0:0:0:
109,192,107169,1,0,0:0:0:0:
256,192,107169,1,0,0:0:0:0:
182,192,107349,1,0,0:0:0:0:
329,192,107349,1,0,0:0:0:0:
402,192,107349,1,0,0:0:0:0:
36,192,107530,1,0,0:0:0:0:
109,192,107530,1,0,0:0:0:0:
256,192,107530,1,0,0:0:0:0:
329,192,107530,1,0,0:0:0:0:
256,192,107620,1,0,0:0:0:0:
182,192,107711,1,0,0:0:0:0:
402,192,107711,1,0,0:0:0:0:
475,192,107711,1,0,0:0:0:0:
256,0,107711,128,0,108434:0:0:0:0:
36,192,107892,1,0,0:0:0:0:
182,192,107892,1,0,0:0:0:0:
329,192,107892,1,0,0:0:0:0:
109,192,108072,1,0,0:0:0:0:
329,192,108072,1,0,0:0:0:0:
475,192,108072,1,0,0:0:0:0:
109,192,108253,1,0,0:0:0:0:
182,192,108253,1,0,0:0:0:0:
475,192,108253,1,0,0:0:0:0:
36,192,108434,1,0,0:0:0:0:
182,192,108434,1,0,0:0:0:0:
402,192,108434,1,0,0:0:0:0:
109,192,108524,1,0,0:0:0:0:
329,192,108524,1,0,0:0:0:0:
36,192,108614,1,0,0:0:0:0:
182,192,108614,1,0,0:0:0:0:
256,192,108614,1,0,0:0:0:0:
109,192,108795,1,0,0:0:0:0:
182,192,108795,1,0,0:0:0:0:
402,192,108795,1,0,0:0:0:0:
36,192,108976,1,0,0:0:0:0:
256,192,108976,1,0,0:0:0:0:
329,192,108976,1,0,0:0:0:0:
475,192,108976,1,0,0:0:0:0:
36,192,109066,1,0,0:0:0:0:
109,192,109157,1,0,0:0:0:0:
182,192,109157,1,0,0:0:0:0:
402,192,109157,1,0,0:0:0:0:
36,0,109157,128,0,109880:0:0:0:0:
109,192,109337,1,0,0:0:0:0:
256,192,109337,1,0,0:0:0:0:
475,192,109337,1,0,0:0:0:0:
182,192,109518,1,0,0:0:0:0:
329,192,109518,1,0,0:0:0:0:
475,192,109518,1,0,0:0:0:0:
109,192,109699,1,0,0:0:0:0:
256,192,109699,1,0,0:0:0:0:
402,192,109699,1,0,0:0:0:0:
109,192,109880,1,0,0:0:0:0:
182,192,109880,1,0,0:0:0:0:
329,192,109880,1,0,0:0:0:0:
182,192,109970,1,0,0:0:0:0:
256,192,109970,1,0,0:0:0:0:
109,192,110060,1,0,0:0:0:0:
256,192,110060,1,0,0:0:0:0:
329,192,110060,1,0,0:0:0:0:
182,192,110241,1,0,0:0:0:0:
329,192,110241,1,0,0:0:0:0:
475,192,110241,1,0,0:0:0:0:
36,192,110422,1,0,0:0:0:0:
109,192,110422,1,0,0:0:0:0:
256,192,110422,1,0,0:0:0:0:
402,192,110422,1,0,0:0:0:0:
402,192,110512,1,0,0:0:0:0:
182,192,110602,1,0,0:0:0:0:
329,192,110602,1,0,0:0:0:0:
402,192,110602,1,0,0:0:0:0:
475,192,110602,1,0,0:0:0:0:
256,192,110693,1,0,0:0:0:0:
36,192,110783,1,0,0:0:0:0:
182,192,110783,1,0,0:0:0:0:
329,192,110783,1,0,0:0:0:0:
109,192,110873,1,0,0:0:0:0:
182,192,110964,1,0,0:0:0:0:
402,192,110964,1,0,0:0:0:0:
475,192,110964,1,0,0:0:0:0:
256,192,111054,1,0,0:0:0:0:
109,192,111145,1,0,0:0:0:0:
182,192,111145,1,0,0:0:0:0:
329,192,111145,1,0,0:0:0:0:
475,192,111235,1,0,0:0:0:0:
36,192,111325,1,0,0:0:0:0:
182,192,111325,1,0,0:0:0:0:
256,192,111325,1,0,0:0:0:0:
402,192,111325,1,0,0:0:0:0:
109,192,111416,1,0,0:0:0:0:
329,192,111416,1,0,0:0:0:0:
36,192,111506,1,0,0:0:0:0:
256,192,111506,1,0,0:0:0:0:
402,192,111506,1,0,0:0:0:0:
182,192,111596,1,0,0:0:0:0:
109,192,111687,1,0,0:0:0:0:
256,192,111687,1,0,0:0:0:0:
475,192,111687,1,0,0:0:0:0:
329,192,111777,1,0,0:0:0:0:
109,192,111867,1,0,0:0:0:0:
256,192,111867,1,0,0:0:0:0:
402,192,111867,1,0,0:0:0:0:
182,192,111958,1,0,0:0:0:0:
256,192,112048,1,0,0:0:0:0:
402,192,112048,1,0,0:0:0:0:
475,192,112048,1,0,0:0:0:0:
329,192,112139,1,0,0:0:0:0:
36,192,112229,1,0,0:0:0:0:
182,192,112229,1,0,0:0:0:0:
402,192,112229,1,0,0:0:0:0:
475,192,112319,1,0,0:0:0:0:
109,192,112410,1,0,0:0:0:0:
256,192,112410,1,0,0:0:0:0:
402,192,112410,1,0,0:0:0:0:
329,192,112500,1,0,0:0:0:0:
36,192,112590,1,0,0:0:0:0:
256,192,112590,1,0,0:0:0:0:
402,192,112590,1,0,0:0:0:0:
182,192,112681,1,0,0:0:0:0:
109,192,112771,1,0,0:0:0:0:
256,192,112771,1,0,0:0:0:0:
36,192,112861,1,0,0:0:0:0:
182,192,112861,1,0,0:0:0:0:
109,192,112952,1,0,0:0:0:0:
329,192,112952,1,0,0:0:0:0:
402,192,112952,1,0,0:0:0:0:
256,192,113042,1,0,0:0:0:0:
182,192,113133,1,0,0:0:0:0:
329,192,113133,1,0,0:0:0:0:
402,192,113133,1,0,0:0:0:0:
475,192,113223,1,0,0:0:0:0:
36,192,113313,1,0,0:0:0:0:
182,192,113313,1,0,0:0:0:0:
402,192,113313,1,0,0:0:0:0:
329,192,113404,1,0,0:0:0:0:
109,192,113494,1,0,0:0:0:0:
256,192,113494,1,0,0:0:0:0:
475,192,113494,1,0,0:0:0:0:
182,192,113584,1,0,0:0:0:0:
109,192,113675,1,0,0:0:0:0:
329,192,113675,1,0,0:0:0:0:
402,192,113675,1,0,0:0:0:0:
182,192,113765,1,0,0:0:0:0:
36,192,113855,1,0,0:0:0:0:
256,192,113855,1,0,0:0:0:0:
475,192,113855,1,0,0:0:0:0:
329,192,113946,1,0,0:0:0:0:
182,192,114036,1,0,0:0:0:0:
256,192,114036,1,0,0:0:0:0:
402,192,114036,1,0,0:0:0:0:
109,192,114127,1,0,0:0:0:0:
36,192,114217,1,0,0:0:0:0:
182,192,114217,1,0,0:0:0:0:
329,192,114217,1,0,0:0:0:0:
256,192,114307,1,0,0:0:0:0:
402,192,114307,1,0,0:0:0:0:
109,192,114398,1,0,0:0:0:0:
329,192,114398,1,0,0:0:0:0:
475,192,114398,1,0,0:0:0:0:
256,192,114488,1,0,0:0:0:0:
36,192,114578,1,0,0:0:0:0:
182,192,114578,1,0,0:0:0:0:
402,192,114578,1,0,0:0:0:0:
329,192,114669,1,0,0:0:0:0:
109,192,114759,1,0,0:0:0:0:
256,192,114759,1,0,0:0:0:0:
402,192,114759,1,0,0:0:0:0:
182,192,114849,1,0,0:0:0:0:
109,192,114940,1,0,0:0:0:0:
329,192,114940,1,0,0:0:0:0:
475,192,114940,1,0,0:0:0:0:
182,192,115030,1,0,0:0:0:0:
36,192,115120,1,0,0:0:0:0:
256,192,115120,1,0,0:0:0:0:
329,192,115120,1,0,0:0:0:0:
402,192,115211,1,0,0:0:0:0:
109,192,115301,1,0,0:0:0:0:
182,192,115301,1,0,0:0:0:0:
329,192,115301,1,0,0:0:0:0:
256,192,115392,1,0,0:0:0:0:
182,192,115482,1,0,0:0:0:0:
329,192,115482,1,0,0:0:0:0:
475,192,115482,1,0,0:0:0:0:
256,192,115572,1,0,0:0:0:0:
36,0,115663,128,0,115753:0:0:0:0:
182,192,115663,1,0,0:0:0:0:
329,0,115663,128,0,115753:0:0:0:0:
475,192,115663,1,0,0:0:0:0:
109,192,115753,1,0,0:0:0:0:
256,0,115753,128,0,115843:0:0:0:0:
402,0,115753,128,0,115843:0:0:0:0:
36,192,115843,1,0,0:0:0:0:
182,0,115843,128,0,115934:0:0:0:0:
329,192,115843,1,0,0:0:0:0:
475,0,115843,128,0,115934:0:0:0:0:
109,0,115934,128,0,116024:0:0:0:0:
256,0,115934,128,0,116024:0:0:0:0:
402,192,115934,1,0,0:0:0:0:
36,0,116024,128,0,116114:0:0:0:0:
182,0,116024,128,0,116114:0:0:0:0:
329,0,116024,128,0,116114:0:0:0:0:
475,0,116024,128,0,116114:0:0:0:0:
109,0,116205,128,0,116295:0:0:0:0:
256,0,116205,128,0,116295:0:0:0:0:
402,0,116205,128,0,116295:0:0:0:0:
182,0,116386,128,0,116566:0:0:0:0:
256,0,116386,128,0,116566:0:0:0:0:
329,0,116386,128,0,116566:0:0:0:0:
36,0,116747,128,0,116837:0:0:0:0:
109,0,116747,128,0,116837:0:0:0:0:
182,0,116747,128,0,116837:0:0:0:0:
256,0,116747,128,0,116837:0:0:0:0:
329,0,116747,128,0,116837:0:0:0:0:
402,0,116747,128,0,116837:0:0:0:0:
475,0,116747,128,0,116837:0:0:0:0:
36,192,117108,1,0,0:0:0:0:
109,192,117108,1,0,0:0:0:0:
256,0,117108,128,0,117199:0:0:0:0:
402,0,117108,128,0,117199:0:0:0:0:
475,192,117108,1,0,0:0:0:0:
182,0,117199,128,0,117289:0:0:0:0:
329,192,117199,1,0,0:0:0:0:
36,192,117289,1,0,0:0:0:0:
109,0,117289,128,0,117380:0:0:0:0:
256,0,117289,128,0,117380:0:0:0:0:
402,192,117289,1,0,0:0:0:0:
475,192,117289,1,0,0:0:0:0:
182,192,117380,1,0,0:0:0:0:
329,0,117380,128,0,117470:0:0:0:0:
36,192,117470,1,0,0:0:0:0:
109,192,117470,1,0,0:0:0:0:
256,0,117470,128,0,117560:0:0:0:0:
402,192,117470,1,0,0:0:0:0:
475,192,117470,1,0,0:0:0:0:
36,0,117651,128,0,117741:0:0:0:0:
182,0,117651,128,0,117741:0:0:0:0:
329,0,117651,128,0,117741:0:0:0:0:
475,0,117651,128,0,117741:0:0:0:0:
109,0,117831,128,0,118012:0:0:0:0:
182,0,117831,128,0,118012:0:0:0:0:
329,0,117831,128,0,118012:0:0:0:0:
402,0,117831,128,0,118012:0:0:0:0:
36,0,118193,128,0,118283:0:0:0:0:
109,0,118193,128,0,118283:0:0:0:0:
182,0,118193,128,0,118283:0:0:0:0:
256,0,118193,128,0,118283:0:0:0:0:
329,0,118193,128,0,118283:0:0:0:0:
402,0,118193,128,0,118283:0:0:0:0:
475,0,118193,128,0,118283:0:0:0:0:
36,192,118554,1,0,0:0:0:0:
109,0,118554,128,0,118645:0:0:0:0:
329,0,118554,128,0,118645:0:0:0:0:
402,0,118554,128,0,118645:0:0:0:0:
182,192,118645,1,0,0:0:0:0:
256,0,118645,128,0,118735:0:0:0:0:
475,0,118645,128,0,118735:0:0:0:0:
36,0,118735,128,0,118825:0:0:0:0:
109,0,118735,128,0,118825:0:0:0:0:
329,0,118735,128,0,118825:0:0:0:0:
402,192,118735,1,0,0:0:0:0:
182,0,118825,128,0,118916:0:0:0:0:
256,192,118825,1,0,0:0:0:0:
475,0,118825,128,0,118916:0:0:0:0:
36,0,118916,128,0,119006:0:0:0:0:
109,0,118916,128,0,119006:0:0:0:0:
329,0,118916,128,0,119006:0:0:0:0:
402,0,118916,128,0,119006:0:0:0:0:
36,0,119096,128,0,119187:0:0:0:0:
182,0,119096,128,0,119187:0:0:0:0:
256,0,119096,128,0,119187:0:0:0:0:
329,0,119096,128,0,119187:0:0:0:0:
475,0,119096,128,0,119187:0:0:0:0:
109,0,119277,128,0,119367:0:0:0:0:
182,0,119277,128,0,119367:0:0:0:0:
256,0,119277,128,0,119367:0:0:0:0:
329,0,119277,128,0,119367:0:0:0:0:
402,0,119277,128,0,119367:0:0:0:0:
36,0,119458,128,0,120000:0:0:0:0:
475,0,119458,128,0,120000:0:0:0:0:
109,0,119503,128,0,120000:0:0:0:0:
402,0,119503,128,0,120000:0:0:0:0:
182,0,119548,128,0,120000:0:0:0:0:
329,0,119548,128,0,120000:0:0:0:0:
256,0,119593,128,0,120000:0:0:0:0:
