[Metadata]
NIHILISM
nato
Cheolu
Artcore EZ2AC
65
3.32

[TimingPoints]
0,333.3333333,4,2,2,100,1,0

[HitObjects]
36,192,3999,5,0,0:0:0:0:
109,192,3999,1,0,0:0:0:0:
182,192,4166,1,0,0:0:0:0:
36,192,4166,1,0,0:0:0:0:
475,192,4333,1,0,0:0:0:0:
402,192,4333,1,0,0:0:0:0:
475,192,4499,1,0,0:0:0:0:
329,192,4499,1,0,0:0:0:0:
256,192,4666,1,0,0:0:0:0:
329,192,4833,1,0,0:0:0:0:
256,192,4833,1,0,0:0:0:0:
182,192,4833,1,0,0:0:0:0:
402,192,4999,1,0,0:0:0:0:
109,192,4999,1,0,0:0:0:0:
402,192,5166,1,0,0:0:0:0:
475,192,5166,1,0,0:0:0:0:
36,192,5166,1,0,0:0:0:0:
109,192,5166,1,0,0:0:0:0:
256,0,5333,128,0,5999:0:0:0:0:
182,192,6666,1,0,0:0:0:0:
36,192,6666,1,0,0:0:0:0:
182,192,6833,1,0,0:0:0:0:
109,192,6833,1,0,0:0:0:0:
475,192,6999,1,0,0:0:0:0:
329,192,6999,1,0,0:0:0:0:
402,192,7166,1,0,0:0:0:0:
329,192,7166,1,0,0:0:0:0:
329,0,7333,128,0,7999:0:0:0:0:
36,192,7333,1,0,0:0:0:0:
402,0,7416,128,0,7999:0:0:0:0:
475,0,7499,128,0,7999:0:0:0:0:
182,192,7499,1,0,0:0:0:0:
109,192,7499,1,0,0:0:0:0:
256,192,7666,1,0,0:0:0:0:
182,192,7833,1,0,0:0:0:0:
109,192,7833,1,0,0:0:0:0:
256,0,7999,128,0,9333:0:0:0:0:
109,192,9333,1,0,0:0:0:0:
36,192,9333,1,0,0:0:0:0:
256,192,9499,1,0,0:0:0:0:
109,192,9499,1,0,0:0:0:0:
475,192,9666,1,0,0:0:0:0:
402,192,9666,1,0,0:0:0:0:
402,192,9833,1,0,0:0:0:0:
256,192,9833,1,0,0:0:0:0:
329,192,9999,1,0,0:0:0:0:
182,192,9999,1,0,0:0:0:0:
329,192,10166,1,0,0:0:0:0:
475,192,10166,1,0,0:0:0:0:
36,192,10166,1,0,0:0:0:0:
182,192,10166,1,0,0:0:0:0:
402,192,10333,1,0,0:0:0:0:
109,192,10333,1,0,0:0:0:0:
329,192,10499,1,0,0:0:0:0:
182,192,10499,1,0,0:0:0:0:
256,0,10666,128,0,11333:0:0:0:0:
182,192,11999,1,0,0:0:0:0:
36,192,11999,1,0,0:0:0:0:
329,192,12166,1,0,0:0:0:0:
182,192,12166,1,0,0:0:0:0:
475,192,12333,1,0,0:0:0:0:
329,192,12333,1,0,0:0:0:0:
256,192,12499,1,0,0:0:0:0:
36,0,12666,128,0,13333:0:0:0:0:
329,192,12666,1,0,0:0:0:0:
109,0,12749,128,0,13333:0:0:0:0:
182,0,12833,128,0,13333:0:0:0:0:
475,192,12833,1,0,0:0:0:0:
402,192,12833,1,0,0:0:0:0:
329,192,12999,1,0,0:0:0:0:
256,192,12999,1,0,0:0:0:0:
475,192,13166,1,0,0:0:0:0:
402,192,13166,1,0,0:0:0:0:
256,192,13333,1,0,0:0:0:0:
329,192,13416,1,0,0:0:0:0:
182,192,13416,1,0,0:0:0:0:
402,192,13499,1,0,0:0:0:0:
109,192,13499,1,0,0:0:0:0:
329,192,13583,1,0,0:0:0:0:
182,192,13583,1,0,0:0:0:0:
402,192,13666,1,0,0:0:0:0:
109,192,13666,1,0,0:0:0:0:
475,192,13749,1,0,0:0:0:0:
36,192,13749,1,0,0:0:0:0:
402,192,13833,1,0,0:0:0:0:
109,192,13833,1,0,0:0:0:0:
329,192,13916,1,0,0:0:0:0:
182,192,13916,1,0,0:0:0:0:
109,192,13999,1,0,0:0:0:0:
36,192,13999,1,0,0:0:0:0:
475,192,14083,1,0,0:0:0:0:
402,192,14083,1,0,0:0:0:0:
109,192,14166,1,0,0:0:0:0:
36,192,14166,1,0,0:0:0:0:
475,192,14249,1,0,0:0:0:0:
402,192,14249,1,0,0:0:0:0:
109,192,14333,1,0,0:0:0:0:
36,192,14333,1,0,0:0:0:0:
475,192,14416,1,0,0:0:0:0:
402,192,14416,1,0,0:0:0:0:
109,192,14499,1,0,0:0:0:0:
36,192,14499,1,0,0:0:0:0:
475,192,14583,1,0,0:0:0:0:
402,192,14583,1,0,0:0:0:0:
256,0,14666,128,0,14749:0:0:0:0:
36,0,14666,128,0,15333:0:0:0:0:
475,192,14749,1,0,0:0:0:0:
329,192,14749,1,0,0:0:0:0:
109,0,14749,128,0,14916:0:0:0:0:
402,192,14833,1,0,0:0:0:0:
182,0,14833,128,0,14999:0:0:0:0:
256,192,14916,1,0,0:0:0:0:
475,0,14999,128,0,15666:0:0:0:0:
329,192,14999,1,0,0:0:0:0:
109,0,14999,128,0,15166:0:0:0:0:
402,0,15083,128,0,15499:0:0:0:0:
182,192,15083,1,0,0:0:0:0:
256,192,15166,1,0,0:0:0:0:
109,192,15249,1,0,0:0:0:0:
182,192,15333,1,0,0:0:0:0:
36,192,15416,1,0,0:0:0:0:
109,192,15499,1,0,0:0:0:0:
182,192,15583,1,0,0:0:0:0:
402,192,15666,1,0,0:0:0:0:
256,192,15666,1,0,0:0:0:0:
182,192,15749,1,0,0:0:0:0:
36,192,15749,1,0,0:0:0:0:
475,192,15833,1,0,0:0:0:0:
329,192,15833,1,0,0:0:0:0:
256,192,15916,1,0,0:0:0:0:
109,192,15916,1,0,0:0:0:0:
182,0,15999,128,0,16333:0:0:0:0:
36,0,15999,128,0,16333:0:0:0:0:
329,192,16083,1,0,0:0:0:0:
256,192,16083,1,0,0:0:0:0:
402,192,16166,1,0,0:0:0:0:
475,192,16249,1,0,0:0:0:0:
402,192,16333,1,0,0:0:0:0:
256,0,16333,128,0,16666:0:0:0:0:
109,0,16333,128,0,16666:0:0:0:0:
329,192,16416,1,0,0:0:0:0:
402,192,16499,1,0,0:0:0:0:
36,192,16499,1,0,0:0:0:0:
475,192,16583,1,0,0:0:0:0:
329,0,16666,128,0,16999:0:0:0:0:
36,192,16666,1,0,0:0:0:0:
402,0,16749,128,0,16999:0:0:0:0:
109,192,16749,1,0,0:0:0:0:
475,0,16833,128,0,16999:0:0:0:0:
182,192,16833,1,0,0:0:0:0:
109,192,16916,1,0,0:0:0:0:
182,192,16999,1,0,0:0:0:0:
36,192,16999,1,0,0:0:0:0:
402,192,17083,1,0,0:0:0:0:
256,192,17083,1,0,0:0:0:0:
182,192,17166,1,0,0:0:0:0:
109,192,17166,1,0,0:0:0:0:
402,192,17249,1,0,0:0:0:0:
329,192,17249,1,0,0:0:0:0:
475,0,17333,128,0,17999:0:0:0:0:
256,0,17333,128,0,17416:0:0:0:0:
402,0,17416,128,0,17583:0:0:0:0:
182,192,17416,1,0,0:0:0:0:
36,192,17416,1,0,0:0:0:0:
329,0,17499,128,0,17666:0:0:0:0:
109,192,17499,1,0,0:0:0:0:
256,192,17583,1,0,0:0:0:0:
402,0,17666,128,0,17833:0:0:0:0:
182,192,17666,1,0,0:0:0:0:
36,0,17666,128,0,18333:0:0:0:0:
329,192,17749,1,0,0:0:0:0:
109,0,17749,128,0,18166:0:0:0:0:
256,192,17833,1,0,0:0:0:0:
402,192,17916,1,0,0:0:0:0:
329,192,17999,1,0,0:0:0:0:
475,192,18083,1,0,0:0:0:0:
402,192,18166,1,0,0:0:0:0:
329,192,18249,1,0,0:0:0:0:
256,192,18333,1,0,0:0:0:0:
109,192,18333,1,0,0:0:0:0:
475,192,18416,1,0,0:0:0:0:
329,192,18416,1,0,0:0:0:0:
182,192,18499,1,0,0:0:0:0:
36,192,18499,1,0,0:0:0:0:
402,192,18583,1,0,0:0:0:0:
256,192,18583,1,0,0:0:0:0:
475,0,18666,128,0,18999:0:0:0:0:
329,0,18666,128,0,18999:0:0:0:0:
256,192,18749,1,0,0:0:0:0:
182,192,18749,1,0,0:0:0:0:
109,192,18833,1,0,0:0:0:0:
36,192,18916,1,0,0:0:0:0:
402,0,18999,128,0,19333:0:0:0:0:
256,0,18999,128,0,19333:0:0:0:0:
109,192,18999,1,0,0:0:0:0:
182,192,19083,1,0,0:0:0:0:
475,192,19166,1,0,0:0:0:0:
109,192,19166,1,0,0:0:0:0:
36,192,19249,1,0,0:0:0:0:
475,192,19333,1,0,0:0:0:0:
182,0,19333,128,0,19666:0:0:0:0:
402,192,19416,1,0,0:0:0:0:
109,0,19416,128,0,19666:0:0:0:0:
329,192,19499,1,0,0:0:0:0:
36,0,19499,128,0,19666:0:0:0:0:
402,192,19583,1,0,0:0:0:0:
475,192,19666,1,0,0:0:0:0:
329,192,19666,1,0,0:0:0:0:
256,192,19749,1,0,0:0:0:0:
109,192,19749,1,0,0:0:0:0:
402,192,19833,1,0,0:0:0:0:
329,192,19833,1,0,0:0:0:0:
182,192,19916,1,0,0:0:0:0:
109,192,19916,1,0,0:0:0:0:
256,0,19999,128,0,20083:0:0:0:0:
36,0,19999,128,0,20666:0:0:0:0:
329,192,20083,1,0,0:0:0:0:
182,192,20083,1,0,0:0:0:0:
109,0,20083,128,0,20249:0:0:0:0:
402,0,20166,128,0,20333:0:0:0:0:
256,192,20166,1,0,0:0:0:0:
182,192,20249,1,0,0:0:0:0:
475,0,20333,128,0,20999:0:0:0:0:
329,192,20333,1,0,0:0:0:0:
109,0,20333,128,0,20499:0:0:0:0:
402,0,20416,128,0,20833:0:0:0:0:
182,192,20416,1,0,0:0:0:0:
256,192,20499,1,0,0:0:0:0:
109,192,20583,1,0,0:0:0:0:
182,192,20666,1,0,0:0:0:0:
36,192,20749,1,0,0:0:0:0:
109,192,20833,1,0,0:0:0:0:
182,192,20916,1,0,0:0:0:0:
402,192,20999,1,0,0:0:0:0:
256,192,20999,1,0,0:0:0:0:
182,192,21083,1,0,0:0:0:0:
36,192,21083,1,0,0:0:0:0:
475,192,21166,1,0,0:0:0:0:
329,192,21166,1,0,0:0:0:0:
256,192,21249,1,0,0:0:0:0:
109,192,21249,1,0,0:0:0:0:
182,0,21333,128,0,21666:0:0:0:0:
36,0,21333,128,0,21666:0:0:0:0:
402,192,21416,1,0,0:0:0:0:
256,192,21416,1,0,0:0:0:0:
329,192,21499,1,0,0:0:0:0:
402,192,21583,1,0,0:0:0:0:
475,192,21666,1,0,0:0:0:0:
256,0,21666,128,0,21999:0:0:0:0:
109,0,21666,128,0,21999:0:0:0:0:
402,192,21749,1,0,0:0:0:0:
329,192,21833,1,0,0:0:0:0:
36,192,21833,1,0,0:0:0:0:
475,192,21916,1,0,0:0:0:0:
329,0,21999,128,0,22333:0:0:0:0:
36,192,21999,1,0,0:0:0:0:
402,0,22083,128,0,22333:0:0:0:0:
109,192,22083,1,0,0:0:0:0:
475,0,22166,128,0,22333:0:0:0:0:
182,192,22166,1,0,0:0:0:0:
109,192,22249,1,0,0:0:0:0:
182,192,22333,1,0,0:0:0:0:
36,192,22333,1,0,0:0:0:0:
402,192,22416,1,0,0:0:0:0:
256,192,22416,1,0,0:0:0:0:
182,192,22499,1,0,0:0:0:0:
109,192,22499,1,0,0:0:0:0:
402,192,22583,1,0,0:0:0:0:
329,192,22583,1,0,0:0:0:0:
475,0,22666,128,0,23333:0:0:0:0:
256,0,22666,128,0,22749:0:0:0:0:
402,0,22749,128,0,22916:0:0:0:0:
329,192,22749,1,0,0:0:0:0:
182,192,22749,1,0,0:0:0:0:
256,192,22833,1,0,0:0:0:0:
109,0,22833,128,0,22999:0:0:0:0:
329,192,22916,1,0,0:0:0:0:
402,0,22999,128,0,23166:0:0:0:0:
182,192,22999,1,0,0:0:0:0:
36,0,22999,128,0,23666:0:0:0:0:
329,192,23083,1,0,0:0:0:0:
109,0,23083,128,0,23499:0:0:0:0:
256,192,23166,1,0,0:0:0:0:
402,192,23249,1,0,0:0:0:0:
329,192,23333,1,0,0:0:0:0:
475,192,23416,1,0,0:0:0:0:
402,192,23499,1,0,0:0:0:0:
329,192,23583,1,0,0:0:0:0:
256,192,23666,1,0,0:0:0:0:
109,192,23666,1,0,0:0:0:0:
475,192,23749,1,0,0:0:0:0:
329,192,23749,1,0,0:0:0:0:
182,192,23833,1,0,0:0:0:0:
36,192,23833,1,0,0:0:0:0:
402,192,23916,1,0,0:0:0:0:
256,192,23916,1,0,0:0:0:0:
475,0,23999,128,0,24333:0:0:0:0:
329,0,23999,128,0,24333:0:0:0:0:
256,192,24083,1,0,0:0:0:0:
109,192,24083,1,0,0:0:0:0:
182,192,24166,1,0,0:0:0:0:
109,192,24249,1,0,0:0:0:0:
402,0,24333,128,0,24666:0:0:0:0:
256,0,24333,128,0,24666:0:0:0:0:
36,192,24333,1,0,0:0:0:0:
109,192,24416,1,0,0:0:0:0:
475,192,24499,1,0,0:0:0:0:
182,192,24499,1,0,0:0:0:0:
36,192,24583,1,0,0:0:0:0:
475,192,24666,1,0,0:0:0:0:
182,0,24666,128,0,24999:0:0:0:0:
402,192,24749,1,0,0:0:0:0:
109,0,24749,128,0,24999:0:0:0:0:
329,192,24833,1,0,0:0:0:0:
36,0,24833,128,0,24999:0:0:0:0:
402,192,24916,1,0,0:0:0:0:
475,192,24999,1,0,0:0:0:0:
329,192,24999,1,0,0:0:0:0:
256,192,25083,1,0,0:0:0:0:
109,192,25083,1,0,0:0:0:0:
402,192,25166,1,0,0:0:0:0:
329,192,25166,1,0,0:0:0:0:
182,192,25249,1,0,0:0:0:0:
109,192,25249,1,0,0:0:0:0:
329,0,25333,128,0,25416:0:0:0:0:
402,0,25333,128,0,25499:0:0:0:0:
475,0,25333,128,0,25583:0:0:0:0:
36,0,25333,128,0,26083:0:0:0:0:
109,0,25333,128,0,25999:0:0:0:0:
182,0,25333,128,0,25916:0:0:0:0:
256,0,25416,128,0,25833:0:0:0:0:
329,0,25499,128,0,25749:0:0:0:0:
402,0,25583,128,0,25666:0:0:0:0:
475,0,25666,128,0,26583:0:0:0:0:
402,0,25749,128,0,26499:0:0:0:0:
329,0,25833,128,0,26416:0:0:0:0:
256,0,25916,128,0,26333:0:0:0:0:
182,0,25999,128,0,26249:0:0:0:0:
109,0,26083,128,0,26166:0:0:0:0:
36,0,26166,128,0,27583:0:0:0:0:
109,0,26249,128,0,27166:0:0:0:0:
182,0,26333,128,0,26999:0:0:0:0:
256,0,26416,128,0,26833:0:0:0:0:
329,0,26499,128,0,26666:0:0:0:0:
402,0,26583,128,0,26749:0:0:0:0:
475,0,26666,128,0,27416:0:0:0:0:
329,0,26749,128,0,26916:0:0:0:0:
402,0,26833,128,0,27333:0:0:0:0:
256,0,26916,128,0,27083:0:0:0:0:
329,0,26999,128,0,27249:0:0:0:0:
182,0,27083,128,0,27249:0:0:0:0:
256,0,27166,128,0,27333:0:0:0:0:
109,0,27249,128,0,27583:0:0:0:0:
329,0,27333,128,0,27416:0:0:0:0:
182,0,27333,128,0,27416:0:0:0:0:
402,0,27416,128,0,27499:0:0:0:0:
256,0,27416,128,0,27499:0:0:0:0:
475,0,27499,128,0,27583:0:0:0:0:
329,0,27499,128,0,27583:0:0:0:0:
109,0,27666,128,0,27749:0:0:0:0:
256,0,27749,128,0,27916:0:0:0:0:
402,0,27833,128,0,27916:0:0:0:0:
329,0,27999,128,0,28583:0:0:0:0:
402,0,27999,128,0,28666:0:0:0:0:
475,0,27999,128,0,28749:0:0:0:0:
36,0,27999,128,0,28249:0:0:0:0:
109,0,27999,128,0,28166:0:0:0:0:
182,0,27999,128,0,28083:0:0:0:0:
256,0,28083,128,0,28499:0:0:0:0:
182,0,28166,128,0,28416:0:0:0:0:
109,0,28249,128,0,28333:0:0:0:0:
36,0,28333,128,0,29249:0:0:0:0:
109,0,28416,128,0,29166:0:0:0:0:
182,0,28499,128,0,29083:0:0:0:0:
256,0,28583,128,0,28999:0:0:0:0:
329,0,28666,128,0,28916:0:0:0:0:
402,0,28749,128,0,28833:0:0:0:0:
475,0,28833,128,0,30249:0:0:0:0:
402,0,28916,128,0,29833:0:0:0:0:
329,0,28999,128,0,29666:0:0:0:0:
256,0,29083,128,0,29499:0:0:0:0:
182,0,29166,128,0,29333:0:0:0:0:
109,0,29249,128,0,29416:0:0:0:0:
36,0,29333,128,0,30083:0:0:0:0:
182,0,29416,128,0,29583:0:0:0:0:
109,0,29499,128,0,29999:0:0:0:0:
256,0,29583,128,0,29749:0:0:0:0:
182,0,29666,128,0,29916:0:0:0:0:
329,0,29749,128,0,29916:0:0:0:0:
256,0,29833,128,0,29999:0:0:0:0:
402,0,29916,128,0,30249:0:0:0:0:
329,0,29999,128,0,30083:0:0:0:0:
182,0,29999,128,0,30083:0:0:0:0:
256,0,30083,128,0,30166:0:0:0:0:
109,0,30083,128,0,30166:0:0:0:0:
182,0,30166,128,0,30249:0:0:0:0:
36,0,30166,128,0,30249:0:0:0:0:
402,0,30333,128,0,30416:0:0:0:0:
256,0,30416,128,0,30583:0:0:0:0:
109,0,30499,128,0,30583:0:0:0:0:
329,0,30666,128,0,30749:0:0:0:0:
402,0,30666,128,0,30833:0:0:0:0:
475,0,30666,128,0,30916:0:0:0:0:
36,0,30666,128,0,30916:0:0:0:0:
109,0,30666,128,0,30833:0:0:0:0:
182,0,30666,128,0,30749:0:0:0:0:
256,0,30749,128,0,31166:0:0:0:0:
329,0,30833,128,0,31083:0:0:0:0:
182,0,30833,128,0,31083:0:0:0:0:
402,0,30916,128,0,30999:0:0:0:0:
109,0,30916,128,0,30999:0:0:0:0:
475,0,30999,128,0,31666:0:0:0:0:
36,0,30999,128,0,31583:0:0:0:0:
402,0,31083,128,0,31499:0:0:0:0:
109,0,31083,128,0,31416:0:0:0:0:
329,0,31166,128,0,31333:0:0:0:0:
182,0,31166,128,0,31249:0:0:0:0:
256,0,31249,128,0,31916:0:0:0:0:
182,0,31333,128,0,32083:0:0:0:0:
329,0,31416,128,0,31749:0:0:0:0:
109,0,31499,128,0,32249:0:0:0:0:
402,0,31583,128,0,31999:0:0:0:0:
36,0,31666,128,0,32416:0:0:0:0:
475,0,31749,128,0,31833:0:0:0:0:
329,0,31833,128,0,32166:0:0:0:0:
475,0,31916,128,0,32749:0:0:0:0:
256,0,31999,128,0,32333:0:0:0:0:
402,0,32083,128,0,32583:0:0:0:0:
182,0,32166,128,0,32499:0:0:0:0:
329,0,32249,128,0,32666:0:0:0:0:
109,0,32333,128,0,32583:0:0:0:0:
256,0,32416,128,0,32916:0:0:0:0:
36,0,32499,128,0,32749:0:0:0:0:
182,0,32583,128,0,32666:0:0:0:0:
402,0,32666,128,0,32749:0:0:0:0:
109,0,32666,128,0,32749:0:0:0:0:
329,0,32749,128,0,32833:0:0:0:0:
182,0,32749,128,0,32833:0:0:0:0:
475,0,32833,128,0,32916:0:0:0:0:
36,0,32833,128,0,32916:0:0:0:0:
256,0,32999,128,0,33249:0:0:0:0:
109,0,32999,128,0,33083:0:0:0:0:
329,0,33083,128,0,33166:0:0:0:0:
182,0,33083,128,0,33166:0:0:0:0:
402,0,33166,128,0,33249:0:0:0:0:
329,0,33333,128,0,33583:0:0:0:0:
402,0,33333,128,0,33499:0:0:0:0:
475,0,33333,128,0,33416:0:0:0:0:
36,0,33333,128,0,33416:0:0:0:0:
109,0,33333,128,0,33499:0:0:0:0:
182,0,33333,128,0,33583:0:0:0:0:
256,0,33416,128,0,33833:0:0:0:0:
475,0,33499,128,0,33749:0:0:0:0:
36,0,33499,128,0,33749:0:0:0:0:
402,0,33583,128,0,33666:0:0:0:0:
109,0,33583,128,0,33666:0:0:0:0:
329,0,33666,128,0,34416:0:0:0:0:
182,0,33666,128,0,33916:0:0:0:0:
402,0,33749,128,0,34499:0:0:0:0:
109,0,33749,128,0,33999:0:0:0:0:
475,0,33833,128,0,34583:0:0:0:0:
36,0,33833,128,0,34083:0:0:0:0:
256,0,33916,128,0,34333:0:0:0:0:
182,0,33999,128,0,34249:0:0:0:0:
109,0,34083,128,0,34166:0:0:0:0:
36,0,34166,128,0,34583:0:0:0:0:
109,0,34249,128,0,34583:0:0:0:0:
182,0,34333,128,0,34583:0:0:0:0:
256,0,34416,128,0,34583:0:0:0:0:
329,0,34499,128,0,34583:0:0:0:0:
402,192,34583,1,0,0:0:0:0:
402,0,34666,128,0,34999:0:0:0:0:
475,0,34666,128,0,34999:0:0:0:0:
182,0,34666,128,0,34999:0:0:0:0:
256,0,34666,128,0,34999:0:0:0:0:
109,0,34999,128,0,35041:0:0:0:0:
36,0,34999,128,0,35041:0:0:0:0:
109,0,35083,128,0,35124:0:0:0:0:
36,0,35083,128,0,35124:0:0:0:0:
109,0,35166,128,0,35208:0:0:0:0:
36,0,35166,128,0,35208:0:0:0:0:
329,192,35333,1,0,0:0:0:0:
256,192,35333,1,0,0:0:0:0:
182,192,35416,1,0,0:0:0:0:
109,192,35416,1,0,0:0:0:0:
475,192,35499,1,0,0:0:0:0:
402,192,35499,1,0,0:0:0:0:
109,192,35583,1,0,0:0:0:0:
36,192,35583,1,0,0:0:0:0:
329,192,35666,1,0,0:0:0:0:
256,192,35666,1,0,0:0:0:0:
182,192,35749,1,0,0:0:0:0:
109,192,35749,1,0,0:0:0:0:
475,192,35833,1,0,0:0:0:0:
402,192,35833,1,0,0:0:0:0:
109,192,35916,1,0,0:0:0:0:
36,192,35916,1,0,0:0:0:0:
329,0,35999,128,0,36111:0:0:0:0:
402,0,35999,128,0,36041:0:0:0:0:
256,0,35999,128,0,36083:0:0:0:0:
109,0,35999,128,0,36041:0:0:0:0:
182,0,35999,128,0,36111:0:0:0:0:
475,192,36083,1,0,0:0:0:0:
36,192,36083,1,0,0:0:0:0:
402,192,36166,1,0,0:0:0:0:
109,192,36166,1,0,0:0:0:0:
329,192,36249,1,0,0:0:0:0:
256,192,36249,1,0,0:0:0:0:
182,192,36333,1,0,0:0:0:0:
36,192,36333,1,0,0:0:0:0:
402,192,36416,1,0,0:0:0:0:
109,192,36416,1,0,0:0:0:0:
256,192,36499,1,0,0:0:0:0:
182,192,36499,1,0,0:0:0:0:
475,192,36583,1,0,0:0:0:0:
329,192,36583,1,0,0:0:0:0:
402,192,36666,1,0,0:0:0:0:
109,192,36666,1,0,0:0:0:0:
329,192,36749,1,0,0:0:0:0:
182,192,36749,1,0,0:0:0:0:
109,192,36833,1,0,0:0:0:0:
36,192,36833,1,0,0:0:0:0:
329,192,36916,1,0,0:0:0:0:
182,192,36916,1,0,0:0:0:0:
475,192,36999,1,0,0:0:0:0:
402,192,36999,1,0,0:0:0:0:
329,192,37083,1,0,0:0:0:0:
182,192,37083,1,0,0:0:0:0:
109,192,37166,1,0,0:0:0:0:
36,192,37166,1,0,0:0:0:0:
256,192,37249,1,0,0:0:0:0:
402,0,37333,128,0,37499:0:0:0:0:
109,0,37333,128,0,37499:0:0:0:0:
329,192,37416,1,0,0:0:0:0:
256,192,37416,1,0,0:0:0:0:
182,192,37499,1,0,0:0:0:0:
36,192,37499,1,0,0:0:0:0:
402,192,37583,1,0,0:0:0:0:
109,192,37583,1,0,0:0:0:0:
256,192,37666,1,0,0:0:0:0:
182,192,37666,1,0,0:0:0:0:
475,192,37749,1,0,0:0:0:0:
329,192,37749,1,0,0:0:0:0:
402,192,37833,1,0,0:0:0:0:
109,192,37833,1,0,0:0:0:0:
329,192,37916,1,0,0:0:0:0:
182,192,37916,1,0,0:0:0:0:
109,192,37999,1,0,0:0:0:0:
36,192,37999,1,0,0:0:0:0:
329,192,38083,1,0,0:0:0:0:
182,192,38083,1,0,0:0:0:0:
402,192,38166,1,0,0:0:0:0:
475,192,38166,1,0,0:0:0:0:
182,0,38166,128,0,38249:0:0:0:0:
36,0,38166,128,0,38249:0:0:0:0:
109,0,38166,128,0,38249:0:0:0:0:
329,192,38249,1,0,0:0:0:0:
256,0,38333,128,0,38416:0:0:0:0:
182,0,38333,128,0,38416:0:0:0:0:
109,0,38333,128,0,38416:0:0:0:0:
36,192,38416,1,0,0:0:0:0:
329,0,38499,128,0,38583:0:0:0:0:
256,0,38499,128,0,38583:0:0:0:0:
182,0,38499,128,0,38583:0:0:0:0:
475,192,38583,1,0,0:0:0:0:
329,0,38666,128,0,38749:0:0:0:0:
402,0,38666,128,0,38749:0:0:0:0:
109,0,38666,128,0,38749:0:0:0:0:
182,0,38666,128,0,38749:0:0:0:0:
475,192,38749,1,0,0:0:0:0:
36,192,38749,1,0,0:0:0:0:
256,192,38833,1,0,0:0:0:0:
182,192,38833,1,0,0:0:0:0:
402,192,38916,1,0,0:0:0:0:
109,192,38916,1,0,0:0:0:0:
329,192,38999,1,0,0:0:0:0:
256,192,38999,1,0,0:0:0:0:
182,192,39083,1,0,0:0:0:0:
36,192,39083,1,0,0:0:0:0:
475,192,39166,1,0,0:0:0:0:
329,192,39166,1,0,0:0:0:0:
182,192,39249,1,0,0:0:0:0:
109,192,39249,1,0,0:0:0:0:
402,192,39333,1,0,0:0:0:0:
329,192,39333,1,0,0:0:0:0:
256,192,39416,1,0,0:0:0:0:
36,192,39416,1,0,0:0:0:0:
402,0,39499,128,0,39666:0:0:0:0:
475,0,39499,128,0,39666:0:0:0:0:
109,192,39499,1,0,0:0:0:0:
329,0,39499,128,0,39666:0:0:0:0:
182,192,39583,1,0,0:0:0:0:
256,192,39666,1,0,0:0:0:0:
402,192,39749,1,0,0:0:0:0:
109,192,39749,1,0,0:0:0:0:
475,192,39833,1,0,0:0:0:0:
36,192,39833,1,0,0:0:0:0:
329,192,39916,1,0,0:0:0:0:
256,192,39916,1,0,0:0:0:0:
402,0,39999,128,0,40083:0:0:0:0:
475,0,39999,128,0,40083:0:0:0:0:
109,0,39999,128,0,40083:0:0:0:0:
182,0,39999,128,0,40083:0:0:0:0:
329,192,40083,1,0,0:0:0:0:
256,192,40083,1,0,0:0:0:0:
402,192,40166,1,0,0:0:0:0:
36,192,40166,1,0,0:0:0:0:
182,192,40249,1,0,0:0:0:0:
109,192,40249,1,0,0:0:0:0:
256,192,40333,1,0,0:0:0:0:
36,192,40333,1,0,0:0:0:0:
329,192,40416,1,0,0:0:0:0:
182,192,40416,1,0,0:0:0:0:
402,192,40499,1,0,0:0:0:0:
109,192,40499,1,0,0:0:0:0:
475,192,40583,1,0,0:0:0:0:
329,192,40583,1,0,0:0:0:0:
256,192,40666,1,0,0:0:0:0:
182,192,40666,1,0,0:0:0:0:
475,192,40749,1,0,0:0:0:0:
329,192,40749,1,0,0:0:0:0:
182,0,40833,128,0,40999:0:0:0:0:
402,192,40833,1,0,0:0:0:0:
36,0,40833,128,0,40999:0:0:0:0:
109,0,40833,128,0,40999:0:0:0:0:
329,192,40916,1,0,0:0:0:0:
256,192,40999,1,0,0:0:0:0:
402,192,41083,1,0,0:0:0:0:
109,192,41083,1,0,0:0:0:0:
475,192,41166,1,0,0:0:0:0:
36,192,41166,1,0,0:0:0:0:
329,192,41249,1,0,0:0:0:0:
182,192,41249,1,0,0:0:0:0:
402,0,41333,128,0,41444:0:0:0:0:
475,0,41333,128,0,41374:0:0:0:0:
256,0,41333,128,0,41416:0:0:0:0:
36,0,41333,128,0,41374:0:0:0:0:
109,0,41333,128,0,41444:0:0:0:0:
329,192,41416,1,0,0:0:0:0:
182,192,41416,1,0,0:0:0:0:
402,192,41499,1,0,0:0:0:0:
109,192,41499,1,0,0:0:0:0:
256,192,41583,1,0,0:0:0:0:
182,192,41583,1,0,0:0:0:0:
475,192,41666,1,0,0:0:0:0:
329,192,41666,1,0,0:0:0:0:
402,192,41749,1,0,0:0:0:0:
109,192,41749,1,0,0:0:0:0:
329,192,41833,1,0,0:0:0:0:
256,192,41833,1,0,0:0:0:0:
182,192,41916,1,0,0:0:0:0:
36,192,41916,1,0,0:0:0:0:
402,192,41999,1,0,0:0:0:0:
109,192,41999,1,0,0:0:0:0:
329,192,42083,1,0,0:0:0:0:
182,192,42083,1,0,0:0:0:0:
402,192,42166,1,0,0:0:0:0:
475,192,42166,1,0,0:0:0:0:
36,0,42166,128,0,42249:0:0:0:0:
109,0,42166,128,0,42249:0:0:0:0:
329,192,42249,1,0,0:0:0:0:
256,192,42333,1,0,0:0:0:0:
402,192,42333,1,0,0:0:0:0:
109,0,42333,128,0,42416:0:0:0:0:
182,0,42333,128,0,42416:0:0:0:0:
329,192,42416,1,0,0:0:0:0:
402,192,42499,1,0,0:0:0:0:
475,192,42499,1,0,0:0:0:0:
182,0,42499,128,0,42583:0:0:0:0:
256,0,42499,128,0,42583:0:0:0:0:
36,192,42583,1,0,0:0:0:0:
402,0,42666,128,0,42833:0:0:0:0:
109,0,42666,128,0,42833:0:0:0:0:
256,192,42749,1,0,0:0:0:0:
182,192,42749,1,0,0:0:0:0:
475,192,42833,1,0,0:0:0:0:
329,192,42833,1,0,0:0:0:0:
402,192,42916,1,0,0:0:0:0:
109,192,42916,1,0,0:0:0:0:
329,192,42999,1,0,0:0:0:0:
256,192,42999,1,0,0:0:0:0:
182,192,43083,1,0,0:0:0:0:
36,192,43083,1,0,0:0:0:0:
402,192,43166,1,0,0:0:0:0:
109,192,43166,1,0,0:0:0:0:
329,192,43249,1,0,0:0:0:0:
182,192,43249,1,0,0:0:0:0:
475,192,43333,1,0,0:0:0:0:
402,192,43333,1,0,0:0:0:0:
329,192,43416,1,0,0:0:0:0:
182,192,43416,1,0,0:0:0:0:
402,0,43499,128,0,43583:0:0:0:0:
475,0,43499,128,0,43583:0:0:0:0:
329,0,43499,128,0,43583:0:0:0:0:
36,192,43499,1,0,0:0:0:0:
109,192,43499,1,0,0:0:0:0:
182,192,43583,1,0,0:0:0:0:
402,0,43666,128,0,43749:0:0:0:0:
329,0,43666,128,0,43749:0:0:0:0:
256,0,43666,128,0,43749:0:0:0:0:
475,192,43749,1,0,0:0:0:0:
329,0,43833,128,0,43916:0:0:0:0:
256,0,43833,128,0,43916:0:0:0:0:
182,0,43833,128,0,43916:0:0:0:0:
36,192,43916,1,0,0:0:0:0:
329,0,43999,128,0,44083:0:0:0:0:
402,0,43999,128,0,44083:0:0:0:0:
109,0,43999,128,0,44083:0:0:0:0:
182,0,43999,128,0,44083:0:0:0:0:
475,192,44083,1,0,0:0:0:0:
36,192,44083,1,0,0:0:0:0:
329,192,44166,1,0,0:0:0:0:
256,192,44166,1,0,0:0:0:0:
402,192,44249,1,0,0:0:0:0:
109,192,44249,1,0,0:0:0:0:
256,192,44333,1,0,0:0:0:0:
182,192,44333,1,0,0:0:0:0:
475,192,44416,1,0,0:0:0:0:
329,192,44416,1,0,0:0:0:0:
182,192,44499,1,0,0:0:0:0:
36,192,44499,1,0,0:0:0:0:
402,192,44583,1,0,0:0:0:0:
329,192,44583,1,0,0:0:0:0:
182,192,44666,1,0,0:0:0:0:
109,192,44666,1,0,0:0:0:0:
256,192,44749,1,0,0:0:0:0:
402,0,44833,128,0,44916:0:0:0:0:
475,0,44833,128,0,44916:0:0:0:0:
36,192,44833,1,0,0:0:0:0:
109,192,44833,1,0,0:0:0:0:
182,192,44916,1,0,0:0:0:0:
329,0,44999,128,0,45083:0:0:0:0:
402,0,44999,128,0,45083:0:0:0:0:
109,192,44999,1,0,0:0:0:0:
256,192,44999,1,0,0:0:0:0:
182,192,45083,1,0,0:0:0:0:
256,0,45166,128,0,45249:0:0:0:0:
329,0,45166,128,0,45249:0:0:0:0:
36,192,45166,1,0,0:0:0:0:
109,192,45166,1,0,0:0:0:0:
475,192,45249,1,0,0:0:0:0:
329,0,45333,128,0,45999:0:0:0:0:
402,0,45333,128,0,45999:0:0:0:0:
36,0,45333,128,0,45999:0:0:0:0:
109,0,45333,128,0,45999:0:0:0:0:
256,192,45499,1,0,0:0:0:0:
182,192,45583,1,0,0:0:0:0:
256,192,45666,1,0,0:0:0:0:
182,192,45749,1,0,0:0:0:0:
256,192,45833,1,0,0:0:0:0:
475,0,45999,128,0,46666:0:0:0:0:
109,192,46166,1,0,0:0:0:0:
402,192,46249,1,0,0:0:0:0:
109,192,46333,1,0,0:0:0:0:
402,192,46416,1,0,0:0:0:0:
109,192,46499,1,0,0:0:0:0:
182,0,46666,128,0,46749:0:0:0:0:
36,0,46666,128,0,47333:0:0:0:0:
329,192,46749,1,0,0:0:0:0:
256,0,46749,128,0,46916:0:0:0:0:
182,192,46833,1,0,0:0:0:0:
109,192,46833,1,0,0:0:0:0:
402,192,46916,1,0,0:0:0:0:
329,0,46916,128,0,47083:0:0:0:0:
256,192,46999,1,0,0:0:0:0:
182,192,46999,1,0,0:0:0:0:
475,192,47083,1,0,0:0:0:0:
402,0,47083,128,0,47249:0:0:0:0:
329,192,47166,1,0,0:0:0:0:
256,192,47166,1,0,0:0:0:0:
182,192,47249,1,0,0:0:0:0:
109,0,47249,128,0,47416:0:0:0:0:
329,0,47333,128,0,47999:0:0:0:0:
475,0,47333,128,0,47416:0:0:0:0:
256,0,47416,128,0,47583:0:0:0:0:
182,192,47416,1,0,0:0:0:0:
475,192,47499,1,0,0:0:0:0:
36,192,47499,1,0,0:0:0:0:
182,0,47583,128,0,47749:0:0:0:0:
109,192,47583,1,0,0:0:0:0:
475,192,47666,1,0,0:0:0:0:
402,192,47666,1,0,0:0:0:0:
109,0,47749,128,0,47916:0:0:0:0:
36,192,47749,1,0,0:0:0:0:
402,192,47833,1,0,0:0:0:0:
256,192,47833,1,0,0:0:0:0:
475,192,47916,1,0,0:0:0:0:
36,192,47916,1,0,0:0:0:0:
402,0,47999,128,0,48666:0:0:0:0:
256,0,47999,128,0,48083:0:0:0:0:
182,0,48083,128,0,48249:0:0:0:0:
109,192,48083,1,0,0:0:0:0:
329,192,48166,1,0,0:0:0:0:
256,192,48166,1,0,0:0:0:0:
109,0,48249,128,0,48416:0:0:0:0:
36,192,48249,1,0,0:0:0:0:
256,192,48333,1,0,0:0:0:0:
182,192,48333,1,0,0:0:0:0:
475,192,48416,1,0,0:0:0:0:
36,0,48416,128,0,48583:0:0:0:0:
182,192,48499,1,0,0:0:0:0:
109,192,48499,1,0,0:0:0:0:
475,0,48583,128,0,48749:0:0:0:0:
329,192,48583,1,0,0:0:0:0:
256,0,48666,128,0,49333:0:0:0:0:
109,0,48666,128,0,48749:0:0:0:0:
402,192,48749,1,0,0:0:0:0:
36,0,48749,128,0,48916:0:0:0:0:
182,192,48833,1,0,0:0:0:0:
109,192,48833,1,0,0:0:0:0:
475,0,48916,128,0,49083:0:0:0:0:
402,192,48916,1,0,0:0:0:0:
109,192,48999,1,0,0:0:0:0:
36,192,48999,1,0,0:0:0:0:
402,0,49083,128,0,49249:0:0:0:0:
329,192,49083,1,0,0:0:0:0:
475,192,49166,1,0,0:0:0:0:
36,192,49166,1,0,0:0:0:0:
182,192,49249,1,0,0:0:0:0:
109,192,49249,1,0,0:0:0:0:
475,0,49333,128,0,49999:0:0:0:0:
329,0,49333,128,0,49416:0:0:0:0:
256,0,49416,128,0,49583:0:0:0:0:
182,192,49416,1,0,0:0:0:0:
402,192,49499,1,0,0:0:0:0:
329,192,49499,1,0,0:0:0:0:
182,0,49583,128,0,49749:0:0:0:0:
109,192,49583,1,0,0:0:0:0:
329,192,49666,1,0,0:0:0:0:
256,192,49666,1,0,0:0:0:0:
109,0,49749,128,0,49916:0:0:0:0:
36,192,49749,1,0,0:0:0:0:
256,192,49833,1,0,0:0:0:0:
182,192,49833,1,0,0:0:0:0:
402,0,49916,128,0,50083:0:0:0:0:
329,192,49916,1,0,0:0:0:0:
182,0,49999,128,0,50666:0:0:0:0:
36,0,49999,128,0,50083:0:0:0:0:
329,192,50083,1,0,0:0:0:0:
256,0,50083,128,0,50249:0:0:0:0:
475,192,50166,1,0,0:0:0:0:
36,192,50166,1,0,0:0:0:0:
402,192,50249,1,0,0:0:0:0:
329,0,50249,128,0,50416:0:0:0:0:
109,192,50333,1,0,0:0:0:0:
36,192,50333,1,0,0:0:0:0:
475,192,50416,1,0,0:0:0:0:
402,0,50416,128,0,50583:0:0:0:0:
256,192,50499,1,0,0:0:0:0:
109,192,50499,1,0,0:0:0:0:
475,192,50583,1,0,0:0:0:0:
36,192,50583,1,0,0:0:0:0:
256,0,50666,128,0,50749:0:0:0:0:
109,0,50666,128,0,51333:0:0:0:0:
402,192,50749,1,0,0:0:0:0:
329,0,50749,128,0,50916:0:0:0:0:
256,192,50833,1,0,0:0:0:0:
182,192,50833,1,0,0:0:0:0:
475,192,50916,1,0,0:0:0:0:
402,0,50916,128,0,51083:0:0:0:0:
329,192,50999,1,0,0:0:0:0:
256,192,50999,1,0,0:0:0:0:
475,0,51083,128,0,51249:0:0:0:0:
36,192,51083,1,0,0:0:0:0:
402,192,51166,1,0,0:0:0:0:
329,192,51166,1,0,0:0:0:0:
182,192,51249,1,0,0:0:0:0:
36,0,51249,128,0,51416:0:0:0:0:
256,0,51333,128,0,51999:0:0:0:0:
402,0,51333,128,0,51416:0:0:0:0:
475,0,51416,128,0,51583:0:0:0:0:
109,192,51416,1,0,0:0:0:0:
402,192,51499,1,0,0:0:0:0:
329,192,51499,1,0,0:0:0:0:
109,192,51583,1,0,0:0:0:0:
36,0,51583,128,0,51749:0:0:0:0:
475,192,51666,1,0,0:0:0:0:
402,192,51666,1,0,0:0:0:0:
182,192,51749,1,0,0:0:0:0:
109,0,51749,128,0,51916:0:0:0:0:
475,192,51833,1,0,0:0:0:0:
36,192,51833,1,0,0:0:0:0:
402,192,51916,1,0,0:0:0:0:
329,192,51916,1,0,0:0:0:0:
182,0,51999,128,0,52083:0:0:0:0:
36,0,51999,128,0,52666:0:0:0:0:
329,192,52083,1,0,0:0:0:0:
256,0,52083,128,0,52249:0:0:0:0:
182,192,52166,1,0,0:0:0:0:
109,192,52166,1,0,0:0:0:0:
402,192,52249,1,0,0:0:0:0:
329,0,52249,128,0,52416:0:0:0:0:
256,192,52333,1,0,0:0:0:0:
182,192,52333,1,0,0:0:0:0:
475,192,52416,1,0,0:0:0:0:
402,0,52416,128,0,52583:0:0:0:0:
329,192,52499,1,0,0:0:0:0:
256,192,52499,1,0,0:0:0:0:
182,192,52583,1,0,0:0:0:0:
109,0,52583,128,0,52749:0:0:0:0:
329,0,52666,128,0,53333:0:0:0:0:
475,0,52666,128,0,52749:0:0:0:0:
256,0,52749,128,0,52916:0:0:0:0:
182,192,52749,1,0,0:0:0:0:
475,192,52833,1,0,0:0:0:0:
36,192,52833,1,0,0:0:0:0:
182,0,52916,128,0,53083:0:0:0:0:
109,192,52916,1,0,0:0:0:0:
475,192,52999,1,0,0:0:0:0:
402,192,52999,1,0,0:0:0:0:
109,0,53083,128,0,53249:0:0:0:0:
36,192,53083,1,0,0:0:0:0:
402,192,53166,1,0,0:0:0:0:
256,192,53166,1,0,0:0:0:0:
475,192,53249,1,0,0:0:0:0:
36,192,53249,1,0,0:0:0:0:
402,0,53333,128,0,53999:0:0:0:0:
256,0,53333,128,0,53416:0:0:0:0:
182,0,53416,128,0,53583:0:0:0:0:
109,192,53416,1,0,0:0:0:0:
329,192,53499,1,0,0:0:0:0:
256,192,53499,1,0,0:0:0:0:
109,0,53583,128,0,53749:0:0:0:0:
36,192,53583,1,0,0:0:0:0:
256,192,53666,1,0,0:0:0:0:
182,192,53666,1,0,0:0:0:0:
475,192,53749,1,0,0:0:0:0:
36,0,53749,128,0,53916:0:0:0:0:
182,192,53833,1,0,0:0:0:0:
109,192,53833,1,0,0:0:0:0:
475,0,53916,128,0,54083:0:0:0:0:
329,192,53916,1,0,0:0:0:0:
256,0,53999,128,0,54666:0:0:0:0:
109,0,53999,128,0,54083:0:0:0:0:
402,192,54083,1,0,0:0:0:0:
36,0,54083,128,0,54249:0:0:0:0:
182,192,54166,1,0,0:0:0:0:
109,192,54166,1,0,0:0:0:0:
475,0,54249,128,0,54416:0:0:0:0:
402,192,54249,1,0,0:0:0:0:
109,192,54333,1,0,0:0:0:0:
36,192,54333,1,0,0:0:0:0:
402,0,54416,128,0,54583:0:0:0:0:
329,192,54416,1,0,0:0:0:0:
475,192,54499,1,0,0:0:0:0:
36,192,54499,1,0,0:0:0:0:
182,192,54583,1,0,0:0:0:0:
109,192,54583,1,0,0:0:0:0:
402,0,54666,128,0,54749:0:0:0:0:
475,0,54666,128,0,54749:0:0:0:0:
36,192,54666,1,0,0:0:0:0:
329,0,54666,128,0,54749:0:0:0:0:
402,0,54833,128,0,54916:0:0:0:0:
475,0,54833,128,0,54916:0:0:0:0:
109,192,54833,1,0,0:0:0:0:
329,0,54833,128,0,54916:0:0:0:0:
402,0,54999,128,0,55083:0:0:0:0:
475,0,54999,128,0,55083:0:0:0:0:
182,192,54999,1,0,0:0:0:0:
329,0,54999,128,0,55083:0:0:0:0:
402,0,55166,128,0,55249:0:0:0:0:
475,0,55166,128,0,55249:0:0:0:0:
256,192,55166,1,0,0:0:0:0:
329,0,55166,128,0,55249:0:0:0:0:
182,0,55333,128,0,55416:0:0:0:0:
475,192,55333,1,0,0:0:0:0:
36,0,55333,128,0,55416:0:0:0:0:
109,0,55333,128,0,55416:0:0:0:0:
182,0,55499,128,0,55583:0:0:0:0:
402,192,55499,1,0,0:0:0:0:
36,0,55499,128,0,55583:0:0:0:0:
109,0,55499,128,0,55583:0:0:0:0:
182,0,55666,128,0,55749:0:0:0:0:
329,192,55666,1,0,0:0:0:0:
36,0,55666,128,0,55749:0:0:0:0:
109,0,55666,128,0,55749:0:0:0:0:
182,0,55833,128,0,55916:0:0:0:0:
256,192,55833,1,0,0:0:0:0:
36,0,55833,128,0,55916:0:0:0:0:
109,0,55833,128,0,55916:0:0:0:0:
402,0,55999,128,0,56083:0:0:0:0:
475,0,55999,128,0,56083:0:0:0:0:
256,192,55999,1,0,0:0:0:0:
329,0,55999,128,0,56083:0:0:0:0:
402,0,56166,128,0,56249:0:0:0:0:
475,192,56166,1,0,0:0:0:0:
256,0,56166,128,0,56249:0:0:0:0:
329,0,56166,128,0,56249:0:0:0:0:
256,0,56333,128,0,56416:0:0:0:0:
329,0,56333,128,0,56416:0:0:0:0:
109,192,56333,1,0,0:0:0:0:
182,0,56333,128,0,56416:0:0:0:0:
256,0,56499,128,0,56583:0:0:0:0:
329,192,56499,1,0,0:0:0:0:
109,0,56499,128,0,56583:0:0:0:0:
182,0,56499,128,0,56583:0:0:0:0:
182,0,56666,128,0,56749:0:0:0:0:
256,192,56666,1,0,0:0:0:0:
36,0,56666,128,0,56749:0:0:0:0:
109,0,56666,128,0,56749:0:0:0:0:
182,0,56833,128,0,56916:0:0:0:0:
256,0,56833,128,0,56916:0:0:0:0:
36,192,56833,1,0,0:0:0:0:
109,0,56833,128,0,56916:0:0:0:0:
329,0,56999,128,0,57083:0:0:0:0:
402,192,56999,1,0,0:0:0:0:
182,0,56999,128,0,57083:0:0:0:0:
256,0,56999,128,0,57083:0:0:0:0:
329,0,57166,128,0,57249:0:0:0:0:
402,0,57166,128,0,57249:0:0:0:0:
182,192,57166,1,0,0:0:0:0:
256,0,57166,128,0,57249:0:0:0:0:
329,0,57333,128,0,59958:0:0:0:0:
475,0,57333,128,0,59958:0:0:0:0:
256,0,57333,128,0,57999:0:0:0:0:
109,192,57333,1,0,0:0:0:0:
182,192,57333,1,0,0:0:0:0:
182,192,57499,1,0,0:0:0:0:
109,192,57499,1,0,0:0:0:0:
182,192,57666,1,0,0:0:0:0:
109,192,57666,1,0,0:0:0:0:
182,192,57833,1,0,0:0:0:0:
109,192,57833,1,0,0:0:0:0:
402,0,57999,128,0,58666:0:0:0:0:
182,192,57999,1,0,0:0:0:0:
109,192,57999,1,0,0:0:0:0:
182,192,58166,1,0,0:0:0:0:
109,192,58166,1,0,0:0:0:0:
182,192,58333,1,0,0:0:0:0:
109,192,58333,1,0,0:0:0:0:
182,192,58499,1,0,0:0:0:0:
109,192,58499,1,0,0:0:0:0:
182,192,58666,1,0,0:0:0:0:
109,192,58666,1,0,0:0:0:0:
36,0,58666,128,0,59333:0:0:0:0:
182,192,58833,1,0,0:0:0:0:
109,192,58833,1,0,0:0:0:0:
182,192,58999,1,0,0:0:0:0:
109,192,58999,1,0,0:0:0:0:
182,192,59166,1,0,0:0:0:0:
109,192,59166,1,0,0:0:0:0:
182,192,59333,1,0,0:0:0:0:
109,192,59333,1,0,0:0:0:0:
256,192,59499,1,0,0:0:0:0:
36,0,59499,128,0,59583:0:0:0:0:
256,192,59666,1,0,0:0:0:0:
109,0,59666,128,0,59749:0:0:0:0:
256,192,59833,1,0,0:0:0:0:
182,0,59833,128,0,59916:0:0:0:0:
36,0,59999,128,0,62624:0:0:0:0:
182,0,59999,128,0,62624:0:0:0:0:
402,192,59999,1,0,0:0:0:0:
256,0,59999,128,0,60666:0:0:0:0:
329,192,59999,1,0,0:0:0:0:
402,192,60166,1,0,0:0:0:0:
329,192,60166,1,0,0:0:0:0:
402,192,60333,1,0,0:0:0:0:
329,192,60333,1,0,0:0:0:0:
402,192,60499,1,0,0:0:0:0:
329,192,60499,1,0,0:0:0:0:
109,0,60666,128,0,61333:0:0:0:0:
402,192,60666,1,0,0:0:0:0:
329,192,60666,1,0,0:0:0:0:
402,192,60833,1,0,0:0:0:0:
329,192,60833,1,0,0:0:0:0:
256,0,60999,128,0,61333:0:0:0:0:
402,192,60999,1,0,0:0:0:0:
329,192,60999,1,0,0:0:0:0:
329,192,61166,1,0,0:0:0:0:
475,0,61333,128,0,61999:0:0:0:0:
402,192,61333,1,0,0:0:0:0:
329,192,61333,1,0,0:0:0:0:
402,192,61499,1,0,0:0:0:0:
329,192,61499,1,0,0:0:0:0:
402,192,61666,1,0,0:0:0:0:
329,192,61666,1,0,0:0:0:0:
402,192,61833,1,0,0:0:0:0:
329,192,61833,1,0,0:0:0:0:
402,192,61999,1,0,0:0:0:0:
329,192,61999,1,0,0:0:0:0:
256,0,61999,128,0,62333:0:0:0:0:
329,192,62166,1,0,0:0:0:0:
475,0,62333,128,0,62416:0:0:0:0:
329,192,62333,1,0,0:0:0:0:
402,0,62499,128,0,62583:0:0:0:0:
329,192,62499,1,0,0:0:0:0:
329,0,62666,128,0,65291:0:0:0:0:
402,0,62666,128,0,65291:0:0:0:0:
256,192,62666,1,0,0:0:0:0:
109,0,62666,128,0,63333:0:0:0:0:
182,192,62666,1,0,0:0:0:0:
256,192,62833,1,0,0:0:0:0:
182,192,62833,1,0,0:0:0:0:
256,192,62999,1,0,0:0:0:0:
182,192,62999,1,0,0:0:0:0:
256,192,63166,1,0,0:0:0:0:
182,192,63166,1,0,0:0:0:0:
475,0,63333,128,0,63999:0:0:0:0:
256,192,63333,1,0,0:0:0:0:
182,192,63333,1,0,0:0:0:0:
256,192,63499,1,0,0:0:0:0:
182,192,63499,1,0,0:0:0:0:
109,0,63666,128,0,63999:0:0:0:0:
256,192,63666,1,0,0:0:0:0:
182,192,63666,1,0,0:0:0:0:
256,192,63833,1,0,0:0:0:0:
256,192,63999,1,0,0:0:0:0:
182,192,63999,1,0,0:0:0:0:
36,0,63999,128,0,64666:0:0:0:0:
256,192,64166,1,0,0:0:0:0:
182,192,64166,1,0,0:0:0:0:
256,192,64333,1,0,0:0:0:0:
182,192,64333,1,0,0:0:0:0:
256,192,64499,1,0,0:0:0:0:
182,192,64499,1,0,0:0:0:0:
256,192,64666,1,0,0:0:0:0:
109,0,64666,128,0,64749:0:0:0:0:
256,192,64833,1,0,0:0:0:0:
36,0,64833,128,0,64916:0:0:0:0:
256,192,64999,1,0,0:0:0:0:
109,0,64999,128,0,65083:0:0:0:0:
256,192,65166,1,0,0:0:0:0:
182,0,65166,128,0,65249:0:0:0:0:
402,192,65333,1,0,0:0:0:0:
256,0,65333,128,0,66666:0:0:0:0:
36,0,65333,128,0,65666:0:0:0:0:
182,192,65333,1,0,0:0:0:0:
329,192,65499,1,0,0:0:0:0:
109,192,65499,1,0,0:0:0:0:
402,192,65583,1,0,0:0:0:0:
182,192,65583,1,0,0:0:0:0:
329,192,65666,1,0,0:0:0:0:
109,192,65666,1,0,0:0:0:0:
182,192,65833,1,0,0:0:0:0:
36,192,65833,1,0,0:0:0:0:
329,192,65999,1,0,0:0:0:0:
182,192,65999,1,0,0:0:0:0:
475,192,66166,1,0,0:0:0:0:
329,192,66166,1,0,0:0:0:0:
329,192,66333,1,0,0:0:0:0:
182,192,66333,1,0,0:0:0:0:
182,192,66499,1,0,0:0:0:0:
36,192,66499,1,0,0:0:0:0:
329,192,66666,1,0,0:0:0:0:
182,192,66666,1,0,0:0:0:0:
109,192,66666,1,0,0:0:0:0:
402,192,66833,1,0,0:0:0:0:
256,192,66833,1,0,0:0:0:0:
109,192,66833,1,0,0:0:0:0:
475,192,66999,1,0,0:0:0:0:
329,192,66999,1,0,0:0:0:0:
109,192,66999,1,0,0:0:0:0:
402,192,67166,1,0,0:0:0:0:
109,192,67166,1,0,0:0:0:0:
475,192,67333,1,0,0:0:0:0:
402,192,67333,1,0,0:0:0:0:
109,192,67333,1,0,0:0:0:0:
402,192,67499,1,0,0:0:0:0:
329,192,67499,1,0,0:0:0:0:
109,192,67499,1,0,0:0:0:0:
329,192,67666,1,0,0:0:0:0:
256,192,67666,1,0,0:0:0:0:
109,192,67666,1,0,0:0:0:0:
256,192,67833,1,0,0:0:0:0:
182,192,67833,1,0,0:0:0:0:
109,192,67833,1,0,0:0:0:0:
329,0,67999,128,0,68083:0:0:0:0:
402,0,67999,128,0,68249:0:0:0:0:
475,0,67999,128,0,68749:0:0:0:0:
256,0,67999,128,0,68249:0:0:0:0:
36,0,67999,128,0,68083:0:0:0:0:
109,0,67999,128,0,68249:0:0:0:0:
182,0,67999,128,0,68083:0:0:0:0:
36,0,68166,128,0,69416:0:0:0:0:
329,0,68166,128,0,68416:0:0:0:0:
182,0,68166,128,0,68416:0:0:0:0:
402,0,68333,128,0,68583:0:0:0:0:
256,0,68333,128,0,68583:0:0:0:0:
109,0,68333,128,0,68583:0:0:0:0:
329,0,68499,128,0,68749:0:0:0:0:
182,0,68499,128,0,68749:0:0:0:0:
402,0,68666,128,0,68916:0:0:0:0:
256,0,68666,128,0,69249:0:0:0:0:
109,0,68666,128,0,68916:0:0:0:0:
475,0,68833,128,0,69749:0:0:0:0:
329,0,68833,128,0,69083:0:0:0:0:
182,0,68833,128,0,69083:0:0:0:0:
402,0,68999,128,0,69249:0:0:0:0:
109,0,68999,128,0,69249:0:0:0:0:
329,0,69166,128,0,69416:0:0:0:0:
182,0,69166,128,0,69416:0:0:0:0:
402,0,69333,128,0,69583:0:0:0:0:
256,0,69333,128,0,69583:0:0:0:0:
109,0,69333,128,0,69583:0:0:0:0:
329,0,69499,128,0,69749:0:0:0:0:
182,0,69499,128,0,69749:0:0:0:0:
36,0,69499,128,0,70083:0:0:0:0:
402,0,69666,128,0,69916:0:0:0:0:
256,0,69666,128,0,69916:0:0:0:0:
109,0,69666,128,0,69916:0:0:0:0:
475,0,69833,128,0,70416:0:0:0:0:
329,0,69833,128,0,70083:0:0:0:0:
182,0,69833,128,0,70416:0:0:0:0:
402,0,69999,128,0,70249:0:0:0:0:
256,0,69999,128,0,70583:0:0:0:0:
109,0,69999,128,0,70249:0:0:0:0:
329,0,70166,128,0,70916:0:0:0:0:
36,0,70166,128,0,71583:0:0:0:0:
402,0,70333,128,0,70749:0:0:0:0:
109,0,70333,128,0,70749:0:0:0:0:
475,0,70499,128,0,70916:0:0:0:0:
182,0,70499,128,0,70916:0:0:0:0:
256,0,70666,128,0,71083:0:0:0:0:
402,0,70833,128,0,71083:0:0:0:0:
109,0,70833,128,0,71083:0:0:0:0:
475,0,70999,128,0,71916:0:0:0:0:
329,0,70999,128,0,71249:0:0:0:0:
182,0,70999,128,0,71249:0:0:0:0:
402,0,71166,128,0,71416:0:0:0:0:
256,0,71166,128,0,71749:0:0:0:0:
109,0,71166,128,0,71416:0:0:0:0:
329,0,71333,128,0,71583:0:0:0:0:
182,0,71333,128,0,71583:0:0:0:0:
402,0,71499,128,0,71749:0:0:0:0:
109,0,71499,128,0,71749:0:0:0:0:
329,0,71666,128,0,72583:0:0:0:0:
182,0,71666,128,0,72249:0:0:0:0:
36,0,71666,128,0,71916:0:0:0:0:
402,0,71833,128,0,72083:0:0:0:0:
256,0,71833,128,0,72416:0:0:0:0:
109,0,71833,128,0,72083:0:0:0:0:
475,0,71999,128,0,72916:0:0:0:0:
36,0,71999,128,0,72249:0:0:0:0:
402,0,72166,128,0,72749:0:0:0:0:
109,0,72166,128,0,72416:0:0:0:0:
36,0,72333,128,0,73916:0:0:0:0:
182,0,72333,128,0,72583:0:0:0:0:
256,0,72499,128,0,73083:0:0:0:0:
109,0,72499,128,0,72749:0:0:0:0:
329,0,72666,128,0,72916:0:0:0:0:
182,0,72666,128,0,73249:0:0:0:0:
109,0,72833,128,0,73416:0:0:0:0:
402,0,72833,128,0,73083:0:0:0:0:
475,0,72999,128,0,73916:0:0:0:0:
329,0,72999,128,0,73249:0:0:0:0:
402,0,73166,128,0,73749:0:0:0:0:
256,0,73166,128,0,73416:0:0:0:0:
329,0,73333,128,0,73583:0:0:0:0:
182,0,73333,128,0,73583:0:0:0:0:
256,0,73499,128,0,75083:0:0:0:0:
109,0,73499,128,0,73749:0:0:0:0:
329,0,73666,128,0,74249:0:0:0:0:
182,0,73666,128,0,74249:0:0:0:0:
402,0,73833,128,0,74083:0:0:0:0:
109,0,73833,128,0,74083:0:0:0:0:
475,0,73999,128,0,74583:0:0:0:0:
36,0,73999,128,0,74416:0:0:0:0:
402,0,74166,128,0,74583:0:0:0:0:
109,0,74166,128,0,74416:0:0:0:0:
329,0,74333,128,0,74916:0:0:0:0:
182,0,74333,128,0,74749:0:0:0:0:
109,0,74499,128,0,74749:0:0:0:0:
36,0,74499,128,0,75583:0:0:0:0:
475,0,74666,128,0,75083:0:0:0:0:
402,0,74666,128,0,74916:0:0:0:0:
182,0,74833,128,0,75249:0:0:0:0:
109,0,74833,128,0,75416:0:0:0:0:
402,0,74999,128,0,75249:0:0:0:0:
329,0,74999,128,0,75416:0:0:0:0:
475,0,75166,128,0,75916:0:0:0:0:
256,0,75166,128,0,75583:0:0:0:0:
402,0,75333,128,0,75749:0:0:0:0:
182,0,75333,128,0,75749:0:0:0:0:
329,0,75499,128,0,75749:0:0:0:0:
109,0,75499,128,0,75749:0:0:0:0:
256,0,75666,128,0,75916:0:0:0:0:
36,0,75666,128,0,75916:0:0:0:0:
329,0,75833,128,0,75916:0:0:0:0:
402,0,75833,128,0,75916:0:0:0:0:
109,0,75833,128,0,75916:0:0:0:0:
182,0,75833,128,0,75916:0:0:0:0:
475,0,75999,128,0,76333:0:0:0:0:
256,0,75999,128,0,77333:0:0:0:0:
109,192,75999,1,0,0:0:0:0:
329,192,75999,1,0,0:0:0:0:
402,192,76166,1,0,0:0:0:0:
182,192,76166,1,0,0:0:0:0:
329,192,76249,1,0,0:0:0:0:
109,192,76249,1,0,0:0:0:0:
402,192,76333,1,0,0:0:0:0:
182,192,76333,1,0,0:0:0:0:
475,192,76499,1,0,0:0:0:0:
329,192,76499,1,0,0:0:0:0:
329,192,76666,1,0,0:0:0:0:
182,192,76666,1,0,0:0:0:0:
182,192,76833,1,0,0:0:0:0:
36,192,76833,1,0,0:0:0:0:
329,192,76999,1,0,0:0:0:0:
182,192,76999,1,0,0:0:0:0:
475,192,77166,1,0,0:0:0:0:
329,192,77166,1,0,0:0:0:0:
402,192,77333,1,0,0:0:0:0:
329,192,77333,1,0,0:0:0:0:
182,192,77333,1,0,0:0:0:0:
402,192,77499,1,0,0:0:0:0:
256,192,77499,1,0,0:0:0:0:
109,192,77499,1,0,0:0:0:0:
402,192,77666,1,0,0:0:0:0:
182,192,77666,1,0,0:0:0:0:
36,192,77666,1,0,0:0:0:0:
402,192,77833,1,0,0:0:0:0:
109,192,77833,1,0,0:0:0:0:
402,192,77999,1,0,0:0:0:0:
109,192,77999,1,0,0:0:0:0:
36,192,77999,1,0,0:0:0:0:
402,192,78166,1,0,0:0:0:0:
182,192,78166,1,0,0:0:0:0:
109,192,78166,1,0,0:0:0:0:
402,192,78333,1,0,0:0:0:0:
256,192,78333,1,0,0:0:0:0:
182,192,78333,1,0,0:0:0:0:
402,192,78499,1,0,0:0:0:0:
329,192,78499,1,0,0:0:0:0:
256,192,78499,1,0,0:0:0:0:
329,0,78666,128,0,79999:0:0:0:0:
402,0,78666,128,0,79999:0:0:0:0:
475,0,78666,128,0,79999:0:0:0:0:
36,0,78666,128,0,79999:0:0:0:0:
109,0,78666,128,0,79999:0:0:0:0:
182,0,78666,128,0,79999:0:0:0:0:
256,192,79999,1,0,0:0:0:0:
256,192,80333,1,0,0:0:0:0:
475,192,80666,1,0,0:0:0:0:
402,192,80666,1,0,0:0:0:0:
109,192,80750,1,0,0:0:0:0:
36,192,80750,1,0,0:0:0:0:
475,192,80833,1,0,0:0:0:0:
402,192,80833,1,0,0:0:0:0:
109,192,80917,1,0,0:0:0:0:
36,192,80917,1,0,0:0:0:0:
475,192,81000,1,0,0:0:0:0:
402,192,81000,1,0,0:0:0:0:
109,192,81083,1,0,0:0:0:0:
36,192,81083,1,0,0:0:0:0:
475,192,81167,1,0,0:0:0:0:
402,192,81167,1,0,0:0:0:0:
109,192,81250,1,0,0:0:0:0:
36,192,81250,1,0,0:0:0:0:
256,192,81333,1,0,0:0:0:0:
36,192,81333,1,0,0:0:0:0:
329,192,81417,1,0,0:0:0:0:
109,192,81417,1,0,0:0:0:0:
402,192,81500,1,0,0:0:0:0:
182,192,81500,1,0,0:0:0:0:
475,192,81583,1,0,0:0:0:0:
256,192,81583,1,0,0:0:0:0:
329,192,81667,1,0,0:0:0:0:
182,192,81667,1,0,0:0:0:0:
402,192,81750,1,0,0:0:0:0:
109,192,81750,1,0,0:0:0:0:
475,192,81833,1,0,0:0:0:0:
256,192,81833,1,0,0:0:0:0:
36,192,81833,1,0,0:0:0:0:
329,192,81917,1,0,0:0:0:0:
182,192,81917,1,0,0:0:0:0:
402,192,82000,1,0,0:0:0:0:
109,192,82000,1,0,0:0:0:0:
475,192,82083,1,0,0:0:0:0:
36,192,82083,1,0,0:0:0:0:
402,192,82167,1,0,0:0:0:0:
182,192,82167,1,0,0:0:0:0:
329,192,82250,1,0,0:0:0:0:
109,192,82250,1,0,0:0:0:0:
256,192,82333,1,0,0:0:0:0:
36,192,82333,1,0,0:0:0:0:
329,192,82417,1,0,0:0:0:0:
182,192,82417,1,0,0:0:0:0:
402,192,82500,1,0,0:0:0:0:
109,192,82500,1,0,0:0:0:0:
475,192,82583,1,0,0:0:0:0:
36,192,82583,1,0,0:0:0:0:
402,192,82667,1,0,0:0:0:0:
109,192,82667,1,0,0:0:0:0:
329,192,82750,1,0,0:0:0:0:
182,192,82750,1,0,0:0:0:0:
475,192,82833,1,0,0:0:0:0:
256,192,82833,1,0,0:0:0:0:
402,192,82917,1,0,0:0:0:0:
182,192,82917,1,0,0:0:0:0:
329,192,83000,1,0,0:0:0:0:
109,192,83000,1,0,0:0:0:0:
256,192,83083,1,0,0:0:0:0:
36,192,83083,1,0,0:0:0:0:
329,192,83167,1,0,0:0:0:0:
109,192,83167,1,0,0:0:0:0:
402,192,83250,1,0,0:0:0:0:
182,192,83250,1,0,0:0:0:0:
109,192,83333,1,0,0:0:0:0:
36,192,83333,1,0,0:0:0:0:
475,192,83417,1,0,0:0:0:0:
402,192,83417,1,0,0:0:0:0:
182,192,83500,1,0,0:0:0:0:
109,192,83500,1,0,0:0:0:0:
402,192,83583,1,0,0:0:0:0:
329,192,83583,1,0,0:0:0:0:
109,192,83667,1,0,0:0:0:0:
36,192,83667,1,0,0:0:0:0:
475,192,83750,1,0,0:0:0:0:
402,192,83750,1,0,0:0:0:0:
182,192,83833,1,0,0:0:0:0:
109,192,83833,1,0,0:0:0:0:
402,192,83917,1,0,0:0:0:0:
329,192,83917,1,0,0:0:0:0:
475,192,84000,1,0,0:0:0:0:
256,192,84000,1,0,0:0:0:0:
402,192,84083,1,0,0:0:0:0:
182,192,84083,1,0,0:0:0:0:
329,192,84167,1,0,0:0:0:0:
109,192,84167,1,0,0:0:0:0:
256,192,84250,1,0,0:0:0:0:
36,192,84250,1,0,0:0:0:0:
329,192,84333,1,0,0:0:0:0:
182,192,84333,1,0,0:0:0:0:
402,192,84417,1,0,0:0:0:0:
109,192,84417,1,0,0:0:0:0:
475,192,84500,1,0,0:0:0:0:
256,192,84500,1,0,0:0:0:0:
36,192,84500,1,0,0:0:0:0:
329,192,84583,1,0,0:0:0:0:
182,192,84583,1,0,0:0:0:0:
402,192,84667,1,0,0:0:0:0:
109,192,84667,1,0,0:0:0:0:
475,192,84750,1,0,0:0:0:0:
36,192,84750,1,0,0:0:0:0:
329,192,84833,1,0,0:0:0:0:
109,192,84833,1,0,0:0:0:0:
402,192,84917,1,0,0:0:0:0:
182,192,84917,1,0,0:0:0:0:
475,192,85000,1,0,0:0:0:0:
256,192,85000,1,0,0:0:0:0:
329,192,85083,1,0,0:0:0:0:
182,192,85083,1,0,0:0:0:0:
402,192,85167,1,0,0:0:0:0:
109,192,85167,1,0,0:0:0:0:
475,192,85250,1,0,0:0:0:0:
36,192,85250,1,0,0:0:0:0:
402,192,85333,1,0,0:0:0:0:
109,192,85333,1,0,0:0:0:0:
329,192,85417,1,0,0:0:0:0:
182,192,85417,1,0,0:0:0:0:
256,192,85500,1,0,0:0:0:0:
36,192,85500,1,0,0:0:0:0:
329,192,85583,1,0,0:0:0:0:
109,192,85583,1,0,0:0:0:0:
402,192,85667,1,0,0:0:0:0:
182,192,85667,1,0,0:0:0:0:
475,192,85750,1,0,0:0:0:0:
256,192,85750,1,0,0:0:0:0:
402,192,85833,1,0,0:0:0:0:
182,192,85833,1,0,0:0:0:0:
329,192,85917,1,0,0:0:0:0:
109,192,85917,1,0,0:0:0:0:
475,192,86000,1,0,0:0:0:0:
402,192,86000,1,0,0:0:0:0:
109,192,86083,1,0,0:0:0:0:
36,192,86083,1,0,0:0:0:0:
402,192,86167,1,0,0:0:0:0:
329,192,86167,1,0,0:0:0:0:
182,192,86250,1,0,0:0:0:0:
109,192,86250,1,0,0:0:0:0:
475,192,86333,1,0,0:0:0:0:
402,192,86333,1,0,0:0:0:0:
109,192,86417,1,0,0:0:0:0:
36,192,86417,1,0,0:0:0:0:
402,192,86500,1,0,0:0:0:0:
329,192,86500,1,0,0:0:0:0:
182,192,86583,1,0,0:0:0:0:
109,192,86583,1,0,0:0:0:0:
256,192,86667,1,0,0:0:0:0:
36,192,86667,1,0,0:0:0:0:
329,192,86750,1,0,0:0:0:0:
109,192,86750,1,0,0:0:0:0:
402,192,86833,1,0,0:0:0:0:
182,192,86833,1,0,0:0:0:0:
329,192,86917,1,0,0:0:0:0:
109,192,86917,1,0,0:0:0:0:
256,192,87000,1,0,0:0:0:0:
36,192,87000,1,0,0:0:0:0:
329,192,87083,1,0,0:0:0:0:
182,192,87083,1,0,0:0:0:0:
402,192,87167,1,0,0:0:0:0:
109,192,87167,1,0,0:0:0:0:
475,192,87250,1,0,0:0:0:0:
36,192,87250,1,0,0:0:0:0:
402,192,87333,1,0,0:0:0:0:
109,192,87333,1,0,0:0:0:0:
329,192,87417,1,0,0:0:0:0:
182,192,87417,1,0,0:0:0:0:
256,192,87500,1,0,0:0:0:0:
109,192,87500,1,0,0:0:0:0:
182,192,87583,1,0,0:0:0:0:
36,192,87583,1,0,0:0:0:0:
329,192,87666,1,0,0:0:0:0:
109,192,87666,1,0,0:0:0:0:
402,192,87750,1,0,0:0:0:0:
182,192,87750,1,0,0:0:0:0:
475,192,87833,1,0,0:0:0:0:
256,192,87833,1,0,0:0:0:0:
329,192,87916,1,0,0:0:0:0:
182,192,87916,1,0,0:0:0:0:
402,192,88000,1,0,0:0:0:0:
256,192,88000,1,0,0:0:0:0:
475,192,88083,1,0,0:0:0:0:
329,192,88083,1,0,0:0:0:0:
402,192,88166,1,0,0:0:0:0:
182,192,88166,1,0,0:0:0:0:
329,192,88250,1,0,0:0:0:0:
109,192,88250,1,0,0:0:0:0:
256,192,88333,1,0,0:0:0:0:
36,192,88333,1,0,0:0:0:0:
329,192,88416,1,0,0:0:0:0:
109,192,88416,1,0,0:0:0:0:
402,192,88500,1,0,0:0:0:0:
182,192,88500,1,0,0:0:0:0:
256,192,88583,1,0,0:0:0:0:
36,192,88583,1,0,0:0:0:0:
475,192,88666,1,0,0:0:0:0:
329,192,88666,1,0,0:0:0:0:
182,192,88750,1,0,0:0:0:0:
36,192,88750,1,0,0:0:0:0:
402,192,88833,1,0,0:0:0:0:
256,192,88833,1,0,0:0:0:0:
182,192,88916,1,0,0:0:0:0:
36,192,88916,1,0,0:0:0:0:
475,192,89000,1,0,0:0:0:0:
329,192,89000,1,0,0:0:0:0:
256,192,89083,1,0,0:0:0:0:
109,192,89083,1,0,0:0:0:0:
475,192,89166,1,0,0:0:0:0:
329,192,89166,1,0,0:0:0:0:
182,192,89250,1,0,0:0:0:0:
36,192,89250,1,0,0:0:0:0:
475,192,89333,1,0,0:0:0:0:
256,192,89333,1,0,0:0:0:0:
402,192,89416,1,0,0:0:0:0:
182,192,89416,1,0,0:0:0:0:
329,192,89500,1,0,0:0:0:0:
109,192,89500,1,0,0:0:0:0:
402,192,89583,1,0,0:0:0:0:
182,192,89583,1,0,0:0:0:0:
475,192,89666,1,0,0:0:0:0:
256,192,89666,1,0,0:0:0:0:
329,192,89750,1,0,0:0:0:0:
182,192,89750,1,0,0:0:0:0:
402,192,89833,1,0,0:0:0:0:
109,192,89833,1,0,0:0:0:0:
475,192,89916,1,0,0:0:0:0:
36,192,89916,1,0,0:0:0:0:
402,192,90000,1,0,0:0:0:0:
109,192,90000,1,0,0:0:0:0:
329,192,90083,1,0,0:0:0:0:
182,192,90083,1,0,0:0:0:0:
402,192,90166,1,0,0:0:0:0:
256,192,90166,1,0,0:0:0:0:
475,192,90250,1,0,0:0:0:0:
329,192,90250,1,0,0:0:0:0:
402,192,90333,1,0,0:0:0:0:
182,192,90333,1,0,0:0:0:0:
329,192,90416,1,0,0:0:0:0:
109,192,90416,1,0,0:0:0:0:
256,192,90500,1,0,0:0:0:0:
36,192,90500,1,0,0:0:0:0:
329,192,90583,1,0,0:0:0:0:
182,192,90583,1,0,0:0:0:0:
256,192,90666,1,0,0:0:0:0:
109,192,90666,1,0,0:0:0:0:
182,192,90750,1,0,0:0:0:0:
36,192,90750,1,0,0:0:0:0:
329,192,90833,1,0,0:0:0:0:
109,192,90833,1,0,0:0:0:0:
402,192,90916,1,0,0:0:0:0:
182,192,90916,1,0,0:0:0:0:
475,192,91000,1,0,0:0:0:0:
256,192,91000,1,0,0:0:0:0:
402,192,91083,1,0,0:0:0:0:
182,192,91083,1,0,0:0:0:0:
329,192,91166,1,0,0:0:0:0:
109,192,91166,1,0,0:0:0:0:
475,192,91250,1,0,0:0:0:0:
256,192,91250,1,0,0:0:0:0:
182,192,91333,1,0,0:0:0:0:
36,192,91333,1,0,0:0:0:0:
475,192,91416,1,0,0:0:0:0:
329,192,91416,1,0,0:0:0:0:
256,192,91500,1,0,0:0:0:0:
109,192,91500,1,0,0:0:0:0:
475,192,91583,1,0,0:0:0:0:
329,192,91583,1,0,0:0:0:0:
182,192,91666,1,0,0:0:0:0:
36,192,91666,1,0,0:0:0:0:
402,192,91750,1,0,0:0:0:0:
256,192,91750,1,0,0:0:0:0:
182,192,91833,1,0,0:0:0:0:
36,192,91833,1,0,0:0:0:0:
475,192,91916,1,0,0:0:0:0:
329,192,91916,1,0,0:0:0:0:
256,192,92000,1,0,0:0:0:0:
402,0,92000,128,0,92166:0:0:0:0:
36,192,92000,1,0,0:0:0:0:
109,192,92000,1,0,0:0:0:0:
329,0,92166,128,0,92333:0:0:0:0:
475,192,92166,1,0,0:0:0:0:
36,192,92166,1,0,0:0:0:0:
182,192,92166,1,0,0:0:0:0:
402,192,92333,1,0,0:0:0:0:
475,192,92333,1,0,0:0:0:0:
109,192,92333,1,0,0:0:0:0:
256,0,92333,128,0,92500:0:0:0:0:
329,192,92500,1,0,0:0:0:0:
402,192,92500,1,0,0:0:0:0:
36,192,92500,1,0,0:0:0:0:
182,0,92500,128,0,92666:0:0:0:0:
329,192,92666,1,0,0:0:0:0:
475,192,92666,1,0,0:0:0:0:
109,0,92666,128,0,92833:0:0:0:0:
256,192,92666,1,0,0:0:0:0:
256,192,92833,1,0,0:0:0:0:
402,192,92833,1,0,0:0:0:0:
36,0,92833,128,0,93000:0:0:0:0:
182,192,92833,1,0,0:0:0:0:
329,192,93000,1,0,0:0:0:0:
475,0,93000,128,0,93166:0:0:0:0:
109,192,93000,1,0,0:0:0:0:
182,192,93000,1,0,0:0:0:0:
256,192,93166,1,0,0:0:0:0:
402,0,93166,128,0,93333:0:0:0:0:
36,192,93166,1,0,0:0:0:0:
109,192,93166,1,0,0:0:0:0:
329,192,93333,1,0,0:0:0:0:
475,192,93333,1,0,0:0:0:0:
109,0,93333,128,0,93500:0:0:0:0:
256,192,93333,1,0,0:0:0:0:
329,192,93500,1,0,0:0:0:0:
402,192,93500,1,0,0:0:0:0:
36,192,93500,1,0,0:0:0:0:
182,0,93500,128,0,93666:0:0:0:0:
402,192,93666,1,0,0:0:0:0:
475,192,93666,1,0,0:0:0:0:
109,192,93666,1,0,0:0:0:0:
256,0,93666,128,0,93833:0:0:0:0:
329,0,93833,128,0,94000:0:0:0:0:
475,192,93833,1,0,0:0:0:0:
36,192,93833,1,0,0:0:0:0:
182,192,93833,1,0,0:0:0:0:
256,192,94000,1,0,0:0:0:0:
402,0,94000,128,0,94166:0:0:0:0:
36,192,94000,1,0,0:0:0:0:
109,192,94000,1,0,0:0:0:0:
329,192,94166,1,0,0:0:0:0:
475,0,94166,128,0,94333:0:0:0:0:
109,192,94166,1,0,0:0:0:0:
182,192,94166,1,0,0:0:0:0:
256,192,94333,1,0,0:0:0:0:
402,192,94333,1,0,0:0:0:0:
36,0,94333,128,0,94500:0:0:0:0:
182,192,94333,1,0,0:0:0:0:
475,192,94500,1,0,0:0:0:0:
109,0,94500,128,0,94666:0:0:0:0:
256,192,94500,1,0,0:0:0:0:
329,192,94500,1,0,0:0:0:0:
329,192,94666,1,0,0:0:0:0:
475,0,94666,128,0,94833:0:0:0:0:
182,192,94666,1,0,0:0:0:0:
256,192,94666,1,0,0:0:0:0:
256,192,94833,1,0,0:0:0:0:
402,0,94833,128,0,95000:0:0:0:0:
109,192,94833,1,0,0:0:0:0:
182,192,94833,1,0,0:0:0:0:
182,192,95000,1,0,0:0:0:0:
329,0,95000,128,0,95166:0:0:0:0:
36,192,95000,1,0,0:0:0:0:
109,192,95000,1,0,0:0:0:0:
256,0,95166,128,0,95333:0:0:0:0:
475,192,95166,1,0,0:0:0:0:
36,192,95166,1,0,0:0:0:0:
109,192,95166,1,0,0:0:0:0:
402,192,95333,1,0,0:0:0:0:
475,192,95333,1,0,0:0:0:0:
36,192,95333,1,0,0:0:0:0:
182,0,95333,128,0,95500:0:0:0:0:
402,192,95500,1,0,0:0:0:0:
475,192,95500,1,0,0:0:0:0:
109,0,95500,128,0,95666:0:0:0:0:
329,192,95500,1,0,0:0:0:0:
329,192,95666,1,0,0:0:0:0:
402,192,95666,1,0,0:0:0:0:
36,0,95666,128,0,95833:0:0:0:0:
256,192,95666,1,0,0:0:0:0:
329,192,95833,1,0,0:0:0:0:
402,192,95833,1,0,0:0:0:0:
475,0,95833,128,0,96000:0:0:0:0:
109,192,95833,1,0,0:0:0:0:
182,192,95833,1,0,0:0:0:0:
256,192,95833,1,0,0:0:0:0:
256,192,96000,1,0,0:0:0:0:
329,192,96000,1,0,0:0:0:0:
36,0,96000,128,0,96166:0:0:0:0:
182,192,96000,1,0,0:0:0:0:
329,192,96166,1,0,0:0:0:0:
402,192,96166,1,0,0:0:0:0:
109,0,96166,128,0,96333:0:0:0:0:
256,192,96166,1,0,0:0:0:0:
402,192,96333,1,0,0:0:0:0:
475,192,96333,1,0,0:0:0:0:
182,0,96333,128,0,96500:0:0:0:0:
329,192,96333,1,0,0:0:0:0:
402,192,96500,1,0,0:0:0:0:
475,192,96500,1,0,0:0:0:0:
36,192,96500,1,0,0:0:0:0:
256,0,96500,128,0,96666:0:0:0:0:
329,0,96666,128,0,96833:0:0:0:0:
475,192,96666,1,0,0:0:0:0:
36,192,96666,1,0,0:0:0:0:
109,192,96666,1,0,0:0:0:0:
182,192,96833,1,0,0:0:0:0:
402,0,96833,128,0,97000:0:0:0:0:
36,192,96833,1,0,0:0:0:0:
109,192,96833,1,0,0:0:0:0:
256,192,97000,1,0,0:0:0:0:
475,0,97000,128,0,97166:0:0:0:0:
109,192,97000,1,0,0:0:0:0:
182,192,97000,1,0,0:0:0:0:
329,192,97166,1,0,0:0:0:0:
36,0,97166,128,0,97333:0:0:0:0:
182,192,97166,1,0,0:0:0:0:
256,192,97166,1,0,0:0:0:0:
329,192,97333,1,0,0:0:0:0:
402,192,97333,1,0,0:0:0:0:
475,0,97333,128,0,98666:0:0:0:0:
109,192,97333,1,0,0:0:0:0:
182,192,97333,1,0,0:0:0:0:
256,192,97333,1,0,0:0:0:0:
182,192,97500,1,0,0:0:0:0:
256,192,97500,1,0,0:0:0:0:
36,192,97500,1,0,0:0:0:0:
109,192,97500,1,0,0:0:0:0:
182,192,97666,1,0,0:0:0:0:
402,192,97666,1,0,0:0:0:0:
36,192,97666,1,0,0:0:0:0:
109,192,97666,1,0,0:0:0:0:
329,192,97833,1,0,0:0:0:0:
402,192,97833,1,0,0:0:0:0:
36,192,97833,1,0,0:0:0:0:
109,192,97833,1,0,0:0:0:0:
329,192,98000,1,0,0:0:0:0:
402,192,98000,1,0,0:0:0:0:
36,192,98000,1,0,0:0:0:0:
256,192,98000,1,0,0:0:0:0:
329,192,98166,1,0,0:0:0:0:
402,192,98166,1,0,0:0:0:0:
182,192,98166,1,0,0:0:0:0:
256,192,98166,1,0,0:0:0:0:
256,192,98333,1,0,0:0:0:0:
329,192,98333,1,0,0:0:0:0:
109,192,98333,1,0,0:0:0:0:
182,192,98333,1,0,0:0:0:0:
182,192,98500,1,0,0:0:0:0:
256,192,98500,1,0,0:0:0:0:
36,192,98500,1,0,0:0:0:0:
109,192,98500,1,0,0:0:0:0:
402,192,98666,1,0,0:0:0:0:
36,0,98666,128,0,100000:0:0:0:0:
329,192,98666,1,0,0:0:0:0:
182,192,98666,1,0,0:0:0:0:
256,192,98666,1,0,0:0:0:0:
402,192,98833,1,0,0:0:0:0:
475,192,98833,1,0,0:0:0:0:
256,192,98833,1,0,0:0:0:0:
329,192,98833,1,0,0:0:0:0:
402,192,99000,1,0,0:0:0:0:
475,192,99000,1,0,0:0:0:0:
109,192,99000,1,0,0:0:0:0:
329,192,99000,1,0,0:0:0:0:
402,192,99166,1,0,0:0:0:0:
475,192,99166,1,0,0:0:0:0:
109,192,99166,1,0,0:0:0:0:
182,192,99166,1,0,0:0:0:0:
256,192,99333,1,0,0:0:0:0:
475,192,99333,1,0,0:0:0:0:
109,192,99333,1,0,0:0:0:0:
182,192,99333,1,0,0:0:0:0:
256,192,99500,1,0,0:0:0:0:
329,192,99500,1,0,0:0:0:0:
109,192,99500,1,0,0:0:0:0:
182,192,99500,1,0,0:0:0:0:
329,192,99666,1,0,0:0:0:0:
402,192,99666,1,0,0:0:0:0:
182,192,99666,1,0,0:0:0:0:
256,192,99666,1,0,0:0:0:0:
402,192,99833,1,0,0:0:0:0:
475,192,99833,1,0,0:0:0:0:
256,192,99833,1,0,0:0:0:0:
329,192,99833,1,0,0:0:0:0:
329,0,100000,128,0,100666:0:0:0:0:
475,0,100000,128,0,101333:0:0:0:0:
182,192,100000,1,0,0:0:0:0:
256,192,100000,1,0,0:0:0:0:
256,0,100166,128,0,100666:0:0:0:0:
109,192,100166,1,0,0:0:0:0:
36,192,100166,1,0,0:0:0:0:
402,192,100333,1,0,0:0:0:0:
182,0,100333,128,0,100666:0:0:0:0:
36,192,100333,1,0,0:0:0:0:
402,192,100500,1,0,0:0:0:0:
109,0,100500,128,0,100666:0:0:0:0:
36,192,100500,1,0,0:0:0:0:
402,0,100666,128,0,101333:0:0:0:0:
36,192,100666,1,0,0:0:0:0:
329,0,100833,128,0,101333:0:0:0:0:
182,192,100833,1,0,0:0:0:0:
109,192,100833,1,0,0:0:0:0:
256,0,101000,128,0,101333:0:0:0:0:
109,192,101000,1,0,0:0:0:0:
36,192,101000,1,0,0:0:0:0:
182,0,101166,128,0,101333:0:0:0:0:
109,192,101166,1,0,0:0:0:0:
36,192,101166,1,0,0:0:0:0:
109,0,101333,128,0,102000:0:0:0:0:
36,0,101333,128,0,102625:0:0:0:0:
402,192,101500,1,0,0:0:0:0:
329,192,101500,1,0,0:0:0:0:
182,0,101500,128,0,102000:0:0:0:0:
475,192,101666,1,0,0:0:0:0:
402,192,101666,1,0,0:0:0:0:
256,0,101666,128,0,102000:0:0:0:0:
475,192,101833,1,0,0:0:0:0:
402,192,101833,1,0,0:0:0:0:
329,0,101833,128,0,102000:0:0:0:0:
475,192,102000,1,0,0:0:0:0:
402,192,102000,1,0,0:0:0:0:
475,192,102083,1,0,0:0:0:0:
402,192,102083,1,0,0:0:0:0:
109,192,102166,1,0,0:0:0:0:
182,192,102208,1,0,0:0:0:0:
256,192,102250,1,0,0:0:0:0:
329,192,102291,1,0,0:0:0:0:
109,192,102291,1,0,0:0:0:0:
402,192,102333,1,0,0:0:0:0:
182,192,102333,1,0,0:0:0:0:
475,192,102375,1,0,0:0:0:0:
256,192,102375,1,0,0:0:0:0:
329,192,102416,1,0,0:0:0:0:
109,192,102416,1,0,0:0:0:0:
402,192,102458,1,0,0:0:0:0:
182,192,102458,1,0,0:0:0:0:
475,192,102500,1,0,0:0:0:0:
256,192,102500,1,0,0:0:0:0:
329,192,102541,1,0,0:0:0:0:
109,192,102541,1,0,0:0:0:0:
402,192,102583,1,0,0:0:0:0:
182,192,102583,1,0,0:0:0:0:
475,192,102625,1,0,0:0:0:0:
256,192,102625,1,0,0:0:0:0:
402,0,102666,128,0,102750:0:0:0:0:
36,0,102666,128,0,102833:0:0:0:0:
329,192,102750,1,0,0:0:0:0:
182,192,102750,1,0,0:0:0:0:
475,0,102833,128,0,102916:0:0:0:0:
109,0,102833,128,0,103000:0:0:0:0:
402,192,102916,1,0,0:0:0:0:
256,192,102916,1,0,0:0:0:0:
182,0,103000,128,0,103166:0:0:0:0:
36,0,103000,128,0,103083:0:0:0:0:
475,192,103083,1,0,0:0:0:0:
329,192,103083,1,0,0:0:0:0:
256,0,103166,128,0,103333:0:0:0:0:
109,0,103166,128,0,103250:0:0:0:0:
402,192,103250,1,0,0:0:0:0:
36,192,103250,1,0,0:0:0:0:
475,0,103333,128,0,103500:0:0:0:0:
109,0,103333,128,0,103416:0:0:0:0:
329,192,103416,1,0,0:0:0:0:
182,192,103416,1,0,0:0:0:0:
402,0,103500,128,0,103666:0:0:0:0:
36,0,103500,128,0,103583:0:0:0:0:
256,192,103583,1,0,0:0:0:0:
109,192,103583,1,0,0:0:0:0:
475,0,103666,128,0,103750:0:0:0:0:
329,0,103666,128,0,103833:0:0:0:0:
182,192,103750,1,0,0:0:0:0:
36,192,103750,1,0,0:0:0:0:
256,0,103833,128,0,104000:0:0:0:0:
402,0,103833,128,0,103916:0:0:0:0:
475,192,103916,1,0,0:0:0:0:
109,192,103916,1,0,0:0:0:0:
475,0,104000,128,0,104083:0:0:0:0:
109,0,104000,128,0,104166:0:0:0:0:
402,192,104083,1,0,0:0:0:0:
256,192,104083,1,0,0:0:0:0:
182,0,104166,128,0,104333:0:0:0:0:
36,0,104166,128,0,104250:0:0:0:0:
475,192,104250,1,0,0:0:0:0:
329,192,104250,1,0,0:0:0:0:
256,0,104333,128,0,104500:0:0:0:0:
109,0,104333,128,0,104416:0:0:0:0:
402,192,104416,1,0,0:0:0:0:
36,192,104416,1,0,0:0:0:0:
329,0,104500,128,0,104666:0:0:0:0:
182,0,104500,128,0,104583:0:0:0:0:
475,192,104583,1,0,0:0:0:0:
109,192,104583,1,0,0:0:0:0:
402,0,104666,128,0,104833:0:0:0:0:
36,0,104666,128,0,104750:0:0:0:0:
256,192,104750,1,0,0:0:0:0:
109,192,104750,1,0,0:0:0:0:
475,0,104833,128,0,104916:0:0:0:0:
329,0,104833,128,0,105000:0:0:0:0:
182,192,104916,1,0,0:0:0:0:
36,192,104916,1,0,0:0:0:0:
402,0,105000,128,0,105083:0:0:0:0:
256,0,105000,128,0,105166:0:0:0:0:
475,192,105083,1,0,0:0:0:0:
109,192,105083,1,0,0:0:0:0:
182,0,105166,128,0,105333:0:0:0:0:
329,0,105166,128,0,105250:0:0:0:0:
402,192,105250,1,0,0:0:0:0:
36,192,105250,1,0,0:0:0:0:
402,0,105333,128,0,105416:0:0:0:0:
36,0,105333,128,0,105500:0:0:0:0:
329,192,105416,1,0,0:0:0:0:
182,192,105416,1,0,0:0:0:0:
256,0,105500,128,0,105666:0:0:0:0:
109,0,105500,128,0,105583:0:0:0:0:
402,192,105583,1,0,0:0:0:0:
36,192,105583,1,0,0:0:0:0:
475,0,105666,128,0,105833:0:0:0:0:
329,0,105666,128,0,105750:0:0:0:0:
182,192,105750,1,0,0:0:0:0:
36,192,105750,1,0,0:0:0:0:
256,0,105833,128,0,106000:0:0:0:0:
109,0,105833,128,0,105916:0:0:0:0:
402,192,105916,1,0,0:0:0:0:
36,192,105916,1,0,0:0:0:0:
475,0,106000,128,0,106166:0:0:0:0:
109,0,106000,128,0,106083:0:0:0:0:
329,192,106083,1,0,0:0:0:0:
182,192,106083,1,0,0:0:0:0:
402,0,106166,128,0,106250:0:0:0:0:
256,0,106166,128,0,106333:0:0:0:0:
475,192,106250,1,0,0:0:0:0:
109,192,106250,1,0,0:0:0:0:
182,0,106333,128,0,106416:0:0:0:0:
36,0,106333,128,0,106500:0:0:0:0:
475,192,106416,1,0,0:0:0:0:
329,192,106416,1,0,0:0:0:0:
256,0,106500,128,0,106666:0:0:0:0:
402,0,106500,128,0,106583:0:0:0:0:
475,192,106583,1,0,0:0:0:0:
109,192,106583,1,0,0:0:0:0:
329,0,106666,128,0,106708:0:0:0:0:
402,0,106666,128,0,106708:0:0:0:0:
182,0,106666,128,0,106708:0:0:0:0:
36,0,106666,128,0,106708:0:0:0:0:
109,0,106666,128,0,106875:0:0:0:0:
402,0,106833,128,0,106875:0:0:0:0:
475,0,106833,128,0,106875:0:0:0:0:
182,0,106833,128,0,107041:0:0:0:0:
256,0,106833,128,0,106875:0:0:0:0:
329,0,107000,128,0,107041:0:0:0:0:
475,0,107000,128,0,107041:0:0:0:0:
36,0,107000,128,0,107041:0:0:0:0:
256,0,107000,128,0,107208:0:0:0:0:
329,0,107166,128,0,107208:0:0:0:0:
402,0,107166,128,0,107208:0:0:0:0:
36,0,107166,128,0,107208:0:0:0:0:
109,0,107166,128,0,107208:0:0:0:0:
256,192,107333,1,0,0:0:0:0:
182,192,107375,1,0,0:0:0:0:
109,192,107416,1,0,0:0:0:0:
36,192,107458,1,0,0:0:0:0:
109,192,107500,1,0,0:0:0:0:
182,192,107541,1,0,0:0:0:0:
256,192,107583,1,0,0:0:0:0:
329,192,107625,1,0,0:0:0:0:
402,192,107666,1,0,0:0:0:0:
475,192,107708,1,0,0:0:0:0:
402,192,107750,1,0,0:0:0:0:
329,192,107791,1,0,0:0:0:0:
256,192,107833,1,0,0:0:0:0:
329,192,107875,1,0,0:0:0:0:
182,192,107875,1,0,0:0:0:0:
402,192,107916,1,0,0:0:0:0:
109,192,107916,1,0,0:0:0:0:
402,0,108000,128,0,108083:0:0:0:0:
36,0,108000,128,0,108166:0:0:0:0:
329,192,108083,1,0,0:0:0:0:
182,192,108083,1,0,0:0:0:0:
475,0,108166,128,0,108250:0:0:0:0:
329,192,108166,1,0,0:0:0:0:
109,0,108166,128,0,108333:0:0:0:0:
402,192,108250,1,0,0:0:0:0:
256,192,108250,1,0,0:0:0:0:
182,0,108333,128,0,108500:0:0:0:0:
36,0,108333,128,0,108416:0:0:0:0:
475,192,108416,1,0,0:0:0:0:
329,192,108416,1,0,0:0:0:0:
256,0,108500,128,0,108666:0:0:0:0:
109,0,108500,128,0,108583:0:0:0:0:
475,192,108583,1,0,0:0:0:0:
402,192,108583,1,0,0:0:0:0:
36,192,108583,1,0,0:0:0:0:
475,0,108666,128,0,108833:0:0:0:0:
109,0,108666,128,0,108750:0:0:0:0:
329,192,108750,1,0,0:0:0:0:
182,192,108750,1,0,0:0:0:0:
402,0,108833,128,0,109000:0:0:0:0:
182,192,108833,1,0,0:0:0:0:
36,0,108833,128,0,108916:0:0:0:0:
256,192,108916,1,0,0:0:0:0:
109,192,108916,1,0,0:0:0:0:
475,0,109000,128,0,109083:0:0:0:0:
329,0,109000,128,0,109166:0:0:0:0:
182,192,109083,1,0,0:0:0:0:
36,192,109083,1,0,0:0:0:0:
256,0,109166,128,0,109333:0:0:0:0:
402,0,109166,128,0,109250:0:0:0:0:
475,192,109250,1,0,0:0:0:0:
109,192,109250,1,0,0:0:0:0:
475,0,109333,128,0,109416:0:0:0:0:
109,0,109333,128,0,109500:0:0:0:0:
402,192,109416,1,0,0:0:0:0:
256,192,109416,1,0,0:0:0:0:
256,192,109500,1,0,0:0:0:0:
182,0,109500,128,0,109666:0:0:0:0:
36,0,109500,128,0,109583:0:0:0:0:
475,192,109583,1,0,0:0:0:0:
329,192,109583,1,0,0:0:0:0:
256,0,109666,128,0,109833:0:0:0:0:
109,0,109666,128,0,109750:0:0:0:0:
402,192,109750,1,0,0:0:0:0:
36,192,109750,1,0,0:0:0:0:
329,0,109833,128,0,110000:0:0:0:0:
182,0,109833,128,0,109916:0:0:0:0:
475,192,109916,1,0,0:0:0:0:
109,192,109916,1,0,0:0:0:0:
402,0,110000,128,0,110166:0:0:0:0:
36,0,110000,128,0,110083:0:0:0:0:
256,192,110083,1,0,0:0:0:0:
109,192,110083,1,0,0:0:0:0:
475,0,110166,128,0,110250:0:0:0:0:
329,0,110166,128,0,110333:0:0:0:0:
256,192,110166,1,0,0:0:0:0:
182,192,110250,1,0,0:0:0:0:
36,192,110250,1,0,0:0:0:0:
402,0,110333,128,0,110416:0:0:0:0:
256,0,110333,128,0,110500:0:0:0:0:
475,192,110416,1,0,0:0:0:0:
109,192,110416,1,0,0:0:0:0:
182,0,110500,128,0,110666:0:0:0:0:
329,0,110500,128,0,110583:0:0:0:0:
402,192,110583,1,0,0:0:0:0:
36,192,110583,1,0,0:0:0:0:
402,0,110666,128,0,111500:0:0:0:0:
475,0,110666,128,0,111833:0:0:0:0:
36,0,110666,128,0,111916:0:0:0:0:
329,0,110666,128,0,111166:0:0:0:0:
109,0,110750,128,0,110916:0:0:0:0:
182,0,110833,128,0,111000:0:0:0:0:
256,0,110916,128,0,111083:0:0:0:0:
109,0,111000,128,0,111916:0:0:0:0:
182,0,111083,128,0,111250:0:0:0:0:
256,0,111166,128,0,111333:0:0:0:0:
329,0,111250,128,0,111416:0:0:0:0:
182,0,111333,128,0,111916:0:0:0:0:
256,0,111416,128,0,111583:0:0:0:0:
329,0,111500,128,0,111666:0:0:0:0:
402,0,111583,128,0,111750:0:0:0:0:
256,0,111666,128,0,111916:0:0:0:0:
329,0,111750,128,0,111916:0:0:0:0:
402,0,111833,128,0,111916:0:0:0:0:
475,192,111916,1,0,0:0:0:0:
36,192,112000,1,0,0:0:0:0:
109,0,112041,128,0,112666:0:0:0:0:
182,192,112083,1,0,0:0:0:0:
256,192,112125,1,0,0:0:0:0:
329,192,112166,1,0,0:0:0:0:
402,192,112208,1,0,0:0:0:0:
475,192,112250,1,0,0:0:0:0:
36,192,112250,1,0,0:0:0:0:
402,192,112291,1,0,0:0:0:0:
329,192,112333,1,0,0:0:0:0:
256,192,112375,1,0,0:0:0:0:
182,192,112416,1,0,0:0:0:0:
475,192,112500,1,0,0:0:0:0:
36,192,112500,1,0,0:0:0:0:
182,192,112583,1,0,0:0:0:0:
256,192,112625,1,0,0:0:0:0:
402,0,112666,128,0,113291:0:0:0:0:
329,192,112666,1,0,0:0:0:0:
475,192,112750,1,0,0:0:0:0:
36,192,112750,1,0,0:0:0:0:
329,192,112833,1,0,0:0:0:0:
256,192,112875,1,0,0:0:0:0:
182,192,112916,1,0,0:0:0:0:
109,192,112958,1,0,0:0:0:0:
475,192,113000,1,0,0:0:0:0:
36,192,113000,1,0,0:0:0:0:
109,192,113041,1,0,0:0:0:0:
182,192,113083,1,0,0:0:0:0:
256,192,113125,1,0,0:0:0:0:
329,192,113166,1,0,0:0:0:0:
475,192,113250,1,0,0:0:0:0:
36,192,113250,1,0,0:0:0:0:
402,0,113333,128,0,113416:0:0:0:0:
36,0,113333,128,0,113500:0:0:0:0:
329,192,113416,1,0,0:0:0:0:
182,192,113416,1,0,0:0:0:0:
475,0,113500,128,0,113583:0:0:0:0:
109,0,113500,128,0,113666:0:0:0:0:
402,192,113583,1,0,0:0:0:0:
329,192,113583,1,0,0:0:0:0:
256,192,113583,1,0,0:0:0:0:
182,0,113666,128,0,113833:0:0:0:0:
36,0,113666,128,0,113750:0:0:0:0:
475,192,113750,1,0,0:0:0:0:
329,192,113750,1,0,0:0:0:0:
256,0,113833,128,0,114000:0:0:0:0:
109,0,113833,128,0,113916:0:0:0:0:
402,192,113916,1,0,0:0:0:0:
36,192,113916,1,0,0:0:0:0:
475,0,114000,128,0,114166:0:0:0:0:
109,0,114000,128,0,114083:0:0:0:0:
329,192,114083,1,0,0:0:0:0:
182,192,114083,1,0,0:0:0:0:
402,0,114166,128,0,114333:0:0:0:0:
36,0,114166,128,0,114250:0:0:0:0:
256,192,114250,1,0,0:0:0:0:
182,192,114250,1,0,0:0:0:0:
109,192,114250,1,0,0:0:0:0:
475,0,114333,128,0,114416:0:0:0:0:
329,0,114333,128,0,114500:0:0:0:0:
182,192,114416,1,0,0:0:0:0:
36,192,114416,1,0,0:0:0:0:
256,0,114500,128,0,114666:0:0:0:0:
402,0,114500,128,0,114583:0:0:0:0:
475,192,114583,1,0,0:0:0:0:
109,192,114583,1,0,0:0:0:0:
475,0,114666,128,0,114750:0:0:0:0:
109,0,114666,128,0,114833:0:0:0:0:
402,192,114750,1,0,0:0:0:0:
329,192,114750,1,0,0:0:0:0:
256,192,114750,1,0,0:0:0:0:
182,0,114833,128,0,115000:0:0:0:0:
36,0,114833,128,0,114916:0:0:0:0:
475,192,114916,1,0,0:0:0:0:
329,192,114916,1,0,0:0:0:0:
256,0,115000,128,0,115166:0:0:0:0:
109,0,115000,128,0,115083:0:0:0:0:
402,192,115083,1,0,0:0:0:0:
36,192,115083,1,0,0:0:0:0:
329,0,115166,128,0,115333:0:0:0:0:
182,0,115166,128,0,115250:0:0:0:0:
475,192,115250,1,0,0:0:0:0:
109,192,115250,1,0,0:0:0:0:
402,0,115333,128,0,115500:0:0:0:0:
36,0,115333,128,0,115416:0:0:0:0:
256,192,115416,1,0,0:0:0:0:
182,192,115416,1,0,0:0:0:0:
109,192,115416,1,0,0:0:0:0:
475,0,115500,128,0,115583:0:0:0:0:
329,0,115500,128,0,115666:0:0:0:0:
182,192,115583,1,0,0:0:0:0:
36,192,115583,1,0,0:0:0:0:
402,0,115666,128,0,115750:0:0:0:0:
256,0,115666,128,0,115833:0:0:0:0:
475,192,115750,1,0,0:0:0:0:
109,192,115750,1,0,0:0:0:0:
182,0,115833,128,0,116000:0:0:0:0:
329,0,115833,128,0,115916:0:0:0:0:
402,192,115916,1,0,0:0:0:0:
36,192,115916,1,0,0:0:0:0:
402,0,116000,128,0,116083:0:0:0:0:
36,0,116000,128,0,116166:0:0:0:0:
329,192,116083,1,0,0:0:0:0:
182,192,116083,1,0,0:0:0:0:
475,192,116166,1,0,0:0:0:0:
256,0,116166,128,0,116333:0:0:0:0:
109,0,116166,128,0,116250:0:0:0:0:
402,192,116250,1,0,0:0:0:0:
182,192,116250,1,0,0:0:0:0:
36,192,116250,1,0,0:0:0:0:
475,0,116333,128,0,116500:0:0:0:0:
329,0,116333,128,0,116416:0:0:0:0:
182,192,116416,1,0,0:0:0:0:
36,192,116416,1,0,0:0:0:0:
256,0,116500,128,0,116666:0:0:0:0:
109,0,116500,128,0,116583:0:0:0:0:
402,192,116583,1,0,0:0:0:0:
36,192,116583,1,0,0:0:0:0:
475,0,116666,128,0,116833:0:0:0:0:
109,0,116666,128,0,116750:0:0:0:0:
329,192,116750,1,0,0:0:0:0:
182,192,116750,1,0,0:0:0:0:
402,0,116833,128,0,116916:0:0:0:0:
256,0,116833,128,0,117000:0:0:0:0:
36,192,116833,1,0,0:0:0:0:
475,192,116916,1,0,0:0:0:0:
329,192,116916,1,0,0:0:0:0:
109,192,116916,1,0,0:0:0:0:
182,0,117000,128,0,117083:0:0:0:0:
36,0,117000,128,0,117166:0:0:0:0:
475,192,117083,1,0,0:0:0:0:
329,192,117083,1,0,0:0:0:0:
402,0,117166,128,0,117250:0:0:0:0:
475,192,117250,1,0,0:0:0:0:
109,192,117250,1,0,0:0:0:0:
256,0,117333,128,0,117416:0:0:0:0:
329,0,117333,128,0,117416:0:0:0:0:
402,0,117333,128,0,117416:0:0:0:0:
36,0,117333,128,0,117416:0:0:0:0:
109,0,117333,128,0,117416:0:0:0:0:
182,0,117333,128,0,117416:0:0:0:0:
256,0,117500,128,0,117583:0:0:0:0:
329,0,117500,128,0,117583:0:0:0:0:
475,0,117500,128,0,117583:0:0:0:0:
36,0,117500,128,0,117583:0:0:0:0:
109,0,117500,128,0,117583:0:0:0:0:
182,0,117500,128,0,117583:0:0:0:0:
256,0,117666,128,0,117750:0:0:0:0:
402,0,117666,128,0,117750:0:0:0:0:
475,0,117666,128,0,117750:0:0:0:0:
36,0,117666,128,0,117750:0:0:0:0:
109,0,117666,128,0,117750:0:0:0:0:
182,0,117666,128,0,117750:0:0:0:0:
329,0,117833,128,0,117916:0:0:0:0:
402,0,117833,128,0,117916:0:0:0:0:
475,0,117833,128,0,117916:0:0:0:0:
36,0,117833,128,0,117916:0:0:0:0:
109,0,117833,128,0,117916:0:0:0:0:
182,0,117833,128,0,117916:0:0:0:0:
36,192,118000,1,0,0:0:0:0:
109,192,118041,1,0,0:0:0:0:
182,192,118083,1,0,0:0:0:0:
256,192,118125,1,0,0:0:0:0:
329,192,118166,1,0,0:0:0:0:
402,192,118208,1,0,0:0:0:0:
475,192,118250,1,0,0:0:0:0:
402,192,118291,1,0,0:0:0:0:
329,192,118333,1,0,0:0:0:0:
256,192,118375,1,0,0:0:0:0:
182,192,118416,1,0,0:0:0:0:
109,192,118458,1,0,0:0:0:0:
182,192,118500,1,0,0:0:0:0:
256,192,118541,1,0,0:0:0:0:
109,192,118541,1,0,0:0:0:0:
329,192,118583,1,0,0:0:0:0:
36,192,118583,1,0,0:0:0:0:
402,0,118666,128,0,118750:0:0:0:0:
36,0,118666,128,0,118833:0:0:0:0:
329,192,118750,1,0,0:0:0:0:
182,192,118750,1,0,0:0:0:0:
475,0,118833,128,0,118916:0:0:0:0:
329,192,118833,1,0,0:0:0:0:
109,0,118833,128,0,119000:0:0:0:0:
402,192,118916,1,0,0:0:0:0:
256,192,118916,1,0,0:0:0:0:
182,0,119000,128,0,119166:0:0:0:0:
36,0,119000,128,0,119083:0:0:0:0:
475,192,119083,1,0,0:0:0:0:
329,192,119083,1,0,0:0:0:0:
256,0,119166,128,0,119333:0:0:0:0:
109,0,119166,128,0,119250:0:0:0:0:
475,192,119250,1,0,0:0:0:0:
402,192,119250,1,0,0:0:0:0:
36,192,119250,1,0,0:0:0:0:
475,0,119333,128,0,119500:0:0:0:0:
109,0,119333,128,0,119416:0:0:0:0:
329,192,119416,1,0,0:0:0:0:
182,192,119416,1,0,0:0:0:0:
402,0,119500,128,0,119666:0:0:0:0:
182,192,119500,1,0,0:0:0:0:
36,0,119500,128,0,119583:0:0:0:0:
256,192,119583,1,0,0:0:0:0:
109,192,119583,1,0,0:0:0:0:
475,0,119666,128,0,119750:0:0:0:0:
329,0,119666,128,0,119833:0:0:0:0:
182,192,119750,1,0,0:0:0:0:
36,192,119750,1,0,0:0:0:0:
256,0,119833,128,0,120000:0:0:0:0:
402,0,119833,128,0,119916:0:0:0:0:
475,192,119916,1,0,0:0:0:0:
109,192,119916,1,0,0:0:0:0:
475,0,120000,128,0,120083:0:0:0:0:
109,0,120000,128,0,120166:0:0:0:0:
402,192,120083,1,0,0:0:0:0:
256,192,120083,1,0,0:0:0:0:
256,192,120166,1,0,0:0:0:0:
182,0,120166,128,0,120333:0:0:0:0:
36,0,120166,128,0,120250:0:0:0:0:
475,192,120250,1,0,0:0:0:0:
329,192,120250,1,0,0:0:0:0:
256,0,120333,128,0,120500:0:0:0:0:
109,0,120333,128,0,120416:0:0:0:0:
402,192,120416,1,0,0:0:0:0:
36,192,120416,1,0,0:0:0:0:
329,0,120500,128,0,120666:0:0:0:0:
182,0,120500,128,0,120583:0:0:0:0:
475,192,120583,1,0,0:0:0:0:
109,192,120583,1,0,0:0:0:0:
402,0,120666,128,0,120750:0:0:0:0:
256,192,120666,1,0,0:0:0:0:
36,0,120666,128,0,121291:0:0:0:0:
475,192,120750,1,0,0:0:0:0:
109,0,120750,128,0,121291:0:0:0:0:
329,0,120833,128,0,120916:0:0:0:0:
182,0,120833,128,0,121291:0:0:0:0:
402,0,121000,128,0,121083:0:0:0:0:
475,0,121000,128,0,121083:0:0:0:0:
256,0,121000,128,0,121083:0:0:0:0:
329,0,121000,128,0,121083:0:0:0:0:
402,0,121166,128,0,121291:0:0:0:0:
475,0,121166,128,0,121291:0:0:0:0:
256,0,121166,128,0,121291:0:0:0:0:
329,0,121166,128,0,121291:0:0:0:0:
402,192,121333,1,0,0:0:0:0:
256,0,121333,128,0,122666:0:0:0:0:
329,192,121333,1,0,0:0:0:0:
36,192,121333,1,0,0:0:0:0:
109,192,121333,1,0,0:0:0:0:
182,192,121416,1,0,0:0:0:0:
402,192,121500,1,0,0:0:0:0:
475,192,121500,1,0,0:0:0:0:
36,192,121500,1,0,0:0:0:0:
109,192,121500,1,0,0:0:0:0:
182,192,121583,1,0,0:0:0:0:
329,192,121666,1,0,0:0:0:0:
402,192,121666,1,0,0:0:0:0:
36,192,121666,1,0,0:0:0:0:
109,192,121666,1,0,0:0:0:0:
475,192,121750,1,0,0:0:0:0:
329,192,121833,1,0,0:0:0:0:
402,192,121833,1,0,0:0:0:0:
109,192,121833,1,0,0:0:0:0:
182,192,121833,1,0,0:0:0:0:
475,192,121916,1,0,0:0:0:0:
329,192,122000,1,0,0:0:0:0:
402,192,122000,1,0,0:0:0:0:
36,192,122000,1,0,0:0:0:0:
109,192,122000,1,0,0:0:0:0:
182,192,122083,1,0,0:0:0:0:
402,192,122166,1,0,0:0:0:0:
475,192,122166,1,0,0:0:0:0:
36,192,122166,1,0,0:0:0:0:
109,192,122166,1,0,0:0:0:0:
182,192,122250,1,0,0:0:0:0:
329,192,122333,1,0,0:0:0:0:
402,192,122333,1,0,0:0:0:0:
36,192,122333,1,0,0:0:0:0:
109,192,122333,1,0,0:0:0:0:
475,192,122416,1,0,0:0:0:0:
329,192,122500,1,0,0:0:0:0:
402,192,122500,1,0,0:0:0:0:
109,192,122500,1,0,0:0:0:0:
182,192,122500,1,0,0:0:0:0:
402,192,122666,1,0,0:0:0:0:
182,192,122666,1,0,0:0:0:0:
109,192,122666,1,0,0:0:0:0:
402,192,122833,1,0,0:0:0:0:
256,192,122833,1,0,0:0:0:0:
109,192,122833,1,0,0:0:0:0:
402,192,123000,1,0,0:0:0:0:
475,192,123000,1,0,0:0:0:0:
109,192,123000,1,0,0:0:0:0:
329,192,123000,1,0,0:0:0:0:
402,192,123166,1,0,0:0:0:0:
329,192,123166,1,0,0:0:0:0:
109,192,123166,1,0,0:0:0:0:
402,192,123333,1,0,0:0:0:0:
475,192,123333,1,0,0:0:0:0:
36,192,123333,1,0,0:0:0:0:
329,192,123333,1,0,0:0:0:0:
402,192,123500,1,0,0:0:0:0:
329,192,123500,1,0,0:0:0:0:
36,192,123500,1,0,0:0:0:0:
329,192,123666,1,0,0:0:0:0:
256,192,123666,1,0,0:0:0:0:
36,192,123666,1,0,0:0:0:0:
256,192,123833,1,0,0:0:0:0:
182,192,123833,1,0,0:0:0:0:
36,192,123833,1,0,0:0:0:0:
402,0,124000,128,0,125333:0:0:0:0:
475,0,124000,128,0,125333:0:0:0:0:
256,0,124000,128,0,126666:0:0:0:0:
329,0,124000,128,0,125333:0:0:0:0:
36,0,124000,128,0,125333:0:0:0:0:
109,0,124000,128,0,125333:0:0:0:0:
182,0,124000,128,0,125333:0:0:0:0:
329,0,126666,128,0,128000:0:0:0:0:
182,0,128000,128,0,129333:0:0:0:0:
109,0,129333,128,0,130666:0:0:0:0:
256,0,130666,128,0,132000:0:0:0:0:
402,0,132000,128,0,133333:0:0:0:0:
36,0,133333,128,0,134670:0:0:0:0:
402,0,134670,128,0,137336:0:0:0:0:
109,0,134670,128,0,137336:0:0:0:0:
