[Metadata]
Khionos TiARA
Ellim Gnirps vs yomi
inava
sound voltex kanako chiharu
55
0

[TimingPoints]
888,300,4,2,0,0,1,0


[HitObjects]
36,192,888,5,0,0:0:0:0:
329,192,888,1,0,0:0:0:0:
475,192,906,1,0,0:0:0:0:
182,192,1188,1,0,0:0:0:0:
256,192,1338,1,0,0:0:0:0:
109,192,1488,1,0,0:0:0:0:
329,192,1488,1,0,0:0:0:0:
182,192,1638,1,0,0:0:0:0:
402,192,1638,1,0,0:0:0:0:
256,192,1788,1,0,0:0:0:0:
475,192,1788,1,0,0:0:0:0:
329,192,1938,1,0,0:0:0:0:
109,192,1938,1,0,0:0:0:0:
36,192,2088,1,0,0:0:0:0:
475,192,2088,1,0,0:0:0:0:
182,192,2106,1,0,0:0:0:0:
402,192,2388,1,0,0:0:0:0:
109,192,2538,1,0,0:0:0:0:
256,192,2538,1,0,0:0:0:0:
329,192,2688,1,0,0:0:0:0:
475,192,2688,1,0,0:0:0:0:
36,192,2988,1,0,0:0:0:0:
329,192,2988,1,0,0:0:0:0:
109,192,3288,1,0,0:0:0:0:
475,192,3288,1,0,0:0:0:0:
256,192,3288,1,0,0:0:0:0:
402,192,3306,1,0,0:0:0:0:
182,192,3588,1,0,0:0:0:0:
329,192,3738,1,0,0:0:0:0:
402,192,3738,1,0,0:0:0:0:
36,192,3888,1,0,0:0:0:0:
256,192,3888,1,0,0:0:0:0:
182,192,4188,1,0,0:0:0:0:
475,192,4188,1,0,0:0:0:0:
109,192,4338,1,0,0:0:0:0:
182,192,4413,1,0,0:0:0:0:
256,192,4488,1,0,0:0:0:0:
36,192,4488,1,0,0:0:0:0:
402,192,4488,1,0,0:0:0:0:
109,192,4788,1,0,0:0:0:0:
256,192,4788,1,0,0:0:0:0:
182,192,5088,1,0,0:0:0:0:
329,192,5088,1,0,0:0:0:0:
475,192,5088,1,0,0:0:0:0:
182,192,5538,1,0,0:0:0:0:
109,192,5613,1,0,0:0:0:0:
36,192,5688,1,0,0:0:0:0:
256,192,5688,1,0,0:0:0:0:
402,192,5688,1,0,0:0:0:0:
182,192,5988,1,0,0:0:0:0:
329,192,5988,1,0,0:0:0:0:
256,192,6138,1,0,0:0:0:0:
402,192,6138,1,0,0:0:0:0:
36,192,6288,1,0,0:0:0:0:
329,192,6288,1,0,0:0:0:0:
109,192,6438,1,0,0:0:0:0:
402,192,6438,1,0,0:0:0:0:
182,192,6588,1,0,0:0:0:0:
475,192,6588,1,0,0:0:0:0:
256,192,6738,1,0,0:0:0:0:
36,192,6738,1,0,0:0:0:0:
109,192,6888,1,0,0:0:0:0:
329,192,6888,1,0,0:0:0:0:
475,192,6906,1,0,0:0:0:0:
256,192,7188,1,0,0:0:0:0:
329,192,7338,1,0,0:0:0:0:
402,192,7338,1,0,0:0:0:0:
36,192,7488,1,0,0:0:0:0:
182,192,7488,1,0,0:0:0:0:
256,192,7788,1,0,0:0:0:0:
256,192,8088,1,0,0:0:0:0:
109,192,8088,1,0,0:0:0:0:
402,192,8088,1,0,0:0:0:0:
475,192,8088,1,0,0:0:0:0:
36,192,8388,1,0,0:0:0:0:
182,192,8538,1,0,0:0:0:0:
329,192,8538,1,0,0:0:0:0:
475,192,8538,1,0,0:0:0:0:
109,192,8688,1,0,0:0:0:0:
182,192,8988,1,0,0:0:0:0:
402,192,8988,1,0,0:0:0:0:
475,192,8988,1,0,0:0:0:0:
329,192,9138,1,0,0:0:0:0:
256,192,9213,1,0,0:0:0:0:
36,192,9288,1,0,0:0:0:0:
182,192,9288,1,0,0:0:0:0:
475,192,9288,1,0,0:0:0:0:
402,192,9388,1,0,0:0:0:0:
329,192,9488,1,0,0:0:0:0:
256,192,9588,1,0,0:0:0:0:
36,192,9588,1,0,0:0:0:0:
109,192,9688,1,0,0:0:0:0:
182,192,9788,1,0,0:0:0:0:
329,192,9888,1,0,0:0:0:0:
475,192,9888,1,0,0:0:0:0:
256,192,9988,1,0,0:0:0:0:
182,192,10088,1,0,0:0:0:0:
256,192,10188,1,0,0:0:0:0:
36,192,10188,1,0,0:0:0:0:
329,192,10288,1,0,0:0:0:0:
402,192,10388,1,0,0:0:0:0:
256,192,10488,1,0,0:0:0:0:
475,192,10488,1,0,0:0:0:0:
329,192,10588,1,0,0:0:0:0:
182,192,10688,1,0,0:0:0:0:
256,192,10788,1,0,0:0:0:0:
36,192,10788,1,0,0:0:0:0:
402,192,10888,1,0,0:0:0:0:
182,192,10988,1,0,0:0:0:0:
329,192,11088,1,0,0:0:0:0:
36,192,11088,1,0,0:0:0:0:
109,192,11188,1,0,0:0:0:0:
182,192,11288,1,0,0:0:0:0:
256,192,11388,1,0,0:0:0:0:
475,192,11388,1,0,0:0:0:0:
402,192,11488,1,0,0:0:0:0:
329,192,11588,1,0,0:0:0:0:
256,192,11688,1,0,0:0:0:0:
36,192,11688,1,0,0:0:0:0:
475,192,11688,1,0,0:0:0:0:
109,192,11763,1,0,0:0:0:0:
402,192,11763,1,0,0:0:0:0:
182,192,11838,1,0,0:0:0:0:
329,192,11838,1,0,0:0:0:0:
109,192,11913,1,0,0:0:0:0:
402,192,11913,1,0,0:0:0:0:
36,192,11988,1,0,0:0:0:0:
475,192,11988,1,0,0:0:0:0:
256,192,11988,1,0,0:0:0:0:
109,192,12063,1,0,0:0:0:0:
329,192,12063,1,0,0:0:0:0:
182,192,12138,1,0,0:0:0:0:
402,192,12138,1,0,0:0:0:0:
256,192,12213,1,0,0:0:0:0:
475,192,12213,1,0,0:0:0:0:
109,192,12288,1,0,0:0:0:0:
329,192,12288,1,0,0:0:0:0:
36,192,12288,1,0,0:0:0:0:
402,192,12363,1,0,0:0:0:0:
182,192,12363,1,0,0:0:0:0:
475,192,12438,1,0,0:0:0:0:
256,192,12438,1,0,0:0:0:0:
329,192,12513,1,0,0:0:0:0:
36,192,12588,1,0,0:0:0:0:
402,192,12588,1,0,0:0:0:0:
475,192,12588,1,0,0:0:0:0:
182,192,12588,1,0,0:0:0:0:
109,192,12663,1,0,0:0:0:0:
256,192,12663,1,0,0:0:0:0:
182,192,12738,1,0,0:0:0:0:
329,192,12738,1,0,0:0:0:0:
256,192,12813,1,0,0:0:0:0:
402,192,12813,1,0,0:0:0:0:
36,192,12888,128,0,13113:0:0:0:0:
182,192,12888,128,0,13113:0:0:0:0:
475,192,12888,1,0,0:0:0:0:
329,192,12888,1,0,0:0:0:0:
109,192,13038,1,0,0:0:0:0:
402,192,13038,1,0,0:0:0:0:
256,192,13038,1,0,0:0:0:0:
329,192,13188,128,0,13413:0:0:0:0:
475,192,13188,128,0,13413:0:0:0:0:
36,192,13188,1,0,0:0:0:0:
182,192,13188,1,0,0:0:0:0:
402,192,13338,1,0,0:0:0:0:
109,192,13338,1,0,0:0:0:0:
256,192,13338,1,0,0:0:0:0:
109,192,13488,128,0,13713:0:0:0:0:
182,192,13488,128,0,13713:0:0:0:0:
329,192,13488,1,0,0:0:0:0:
475,192,13488,1,0,0:0:0:0:
36,192,13638,1,0,0:0:0:0:
256,192,13638,1,0,0:0:0:0:
329,192,13788,128,0,14013:0:0:0:0:
402,192,13788,128,0,14013:0:0:0:0:
109,192,13788,1,0,0:0:0:0:
182,192,13788,1,0,0:0:0:0:
256,192,13938,1,0,0:0:0:0:
475,192,13938,1,0,0:0:0:0:
36,192,14088,1,0,0:0:0:0:
109,192,14088,1,0,0:0:0:0:
329,192,14088,1,0,0:0:0:0:
402,192,14088,1,0,0:0:0:0:
182,192,14163,1,0,0:0:0:0:
256,192,14163,1,0,0:0:0:0:
36,192,14238,1,0,0:0:0:0:
109,192,14238,1,0,0:0:0:0:
182,192,14313,1,0,0:0:0:0:
256,192,14313,1,0,0:0:0:0:
475,192,14388,1,0,0:0:0:0:
329,192,14388,1,0,0:0:0:0:
109,192,14388,1,0,0:0:0:0:
36,192,14388,1,0,0:0:0:0:
256,192,14463,1,0,0:0:0:0:
402,192,14463,1,0,0:0:0:0:
329,192,14538,1,0,0:0:0:0:
475,192,14538,1,0,0:0:0:0:
256,192,14613,1,0,0:0:0:0:
402,192,14613,1,0,0:0:0:0:
182,192,14688,1,0,0:0:0:0:
36,192,14688,1,0,0:0:0:0:
256,192,14788,1,0,0:0:0:0:
109,192,14788,1,0,0:0:0:0:
329,192,14888,1,0,0:0:0:0:
182,192,14888,1,0,0:0:0:0:
475,192,14988,1,0,0:0:0:0:
256,192,14988,1,0,0:0:0:0:
36,192,14988,1,0,0:0:0:0:
402,192,14988,1,0,0:0:0:0:
182,192,15088,1,0,0:0:0:0:
329,192,15088,1,0,0:0:0:0:
256,192,15188,1,0,0:0:0:0:
36,192,15188,1,0,0:0:0:0:
109,192,15188,1,0,0:0:0:0:
402,192,15188,1,0,0:0:0:0:
329,192,15288,1,0,0:0:0:0:
475,192,15288,1,0,0:0:0:0:
36,192,15363,128,0,15813:0:0:0:0:
182,192,15363,128,0,15813:0:0:0:0:
109,192,15438,1,0,0:0:0:0:
256,192,15438,1,0,0:0:0:0:
329,192,15513,1,0,0:0:0:0:
475,192,15513,1,0,0:0:0:0:
109,192,15588,128,0,15813:0:0:0:0:
256,192,15588,128,0,15813:0:0:0:0:
402,192,15738,1,0,0:0:0:0:
256,192,15888,1,0,0:0:0:0:
36,192,15888,1,0,0:0:0:0:
182,192,15988,1,0,0:0:0:0:
475,192,15988,1,0,0:0:0:0:
402,192,15988,1,0,0:0:0:0:
329,192,16088,1,0,0:0:0:0:
109,192,16088,1,0,0:0:0:0:
182,192,16188,1,0,0:0:0:0:
402,192,16188,1,0,0:0:0:0:
329,192,16288,1,0,0:0:0:0:
109,192,16288,1,0,0:0:0:0:
36,192,16288,1,0,0:0:0:0:
475,192,16388,1,0,0:0:0:0:
256,192,16388,1,0,0:0:0:0:
329,192,16488,128,0,16713:0:0:0:0:
36,192,16488,128,0,16713:0:0:0:0:
402,192,16563,128,0,16713:0:0:0:0:
109,192,16563,128,0,16713:0:0:0:0:
475,192,16638,128,0,16713:0:0:0:0:
182,192,16638,128,0,16713:0:0:0:0:
329,192,16788,1,0,0:0:0:0:
36,192,16788,128,0,17013:0:0:0:0:
256,192,16788,128,0,17013:0:0:0:0:
402,192,16938,1,0,0:0:0:0:
109,192,16938,1,0,0:0:0:0:
402,192,17013,1,0,0:0:0:0:
182,192,17013,1,0,0:0:0:0:
475,192,17088,1,0,0:0:0:0:
256,192,17088,1,0,0:0:0:0:
36,192,17088,1,0,0:0:0:0:
182,192,17238,1,0,0:0:0:0:
109,192,17238,1,0,0:0:0:0:
329,192,17313,1,0,0:0:0:0:
402,192,17313,1,0,0:0:0:0:
36,192,17388,128,0,17613:0:0:0:0:
256,192,17388,128,0,17613:0:0:0:0:
475,192,17388,128,0,17613:0:0:0:0:
402,192,17538,1,0,0:0:0:0:
329,192,17613,1,0,0:0:0:0:
402,192,17688,128,0,17913:0:0:0:0:
256,192,17688,1,0,0:0:0:0:
109,192,17688,128,0,17913:0:0:0:0:
475,192,17688,128,0,17913:0:0:0:0:
36,192,17688,128,0,17913:0:0:0:0:
182,192,17838,1,0,0:0:0:0:
329,192,17913,1,0,0:0:0:0:
182,192,17988,1,0,0:0:0:0:
256,192,17988,1,0,0:0:0:0:
36,192,17988,1,0,0:0:0:0:
109,192,17988,1,0,0:0:0:0:
402,192,18138,1,0,0:0:0:0:
475,192,18138,1,0,0:0:0:0:
256,192,18138,1,0,0:0:0:0:
329,192,18138,1,0,0:0:0:0:
329,192,18288,128,0,18513:0:0:0:0:
475,192,18288,128,0,18513:0:0:0:0:
182,192,18288,128,0,18363:0:0:0:0:
36,192,18288,128,0,18513:0:0:0:0:
182,192,18438,1,0,0:0:0:0:
402,192,18588,128,0,18663:0:0:0:0:
109,192,18588,128,0,18813:0:0:0:0:
256,192,18588,128,0,18813:0:0:0:0:
402,192,18738,1,0,0:0:0:0:
182,192,18888,128,0,19113:0:0:0:0:
475,192,18888,128,0,19113:0:0:0:0:
109,192,18963,128,0,19113:0:0:0:0:
402,192,18963,128,0,19113:0:0:0:0:
36,192,19038,128,0,19263:0:0:0:0:
329,192,19038,128,0,19263:0:0:0:0:
256,192,19188,1,0,0:0:0:0:
475,192,19188,128,0,19413:0:0:0:0:
182,192,19188,128,0,19413:0:0:0:0:
109,192,19338,128,0,19413:0:0:0:0:
402,192,19338,128,0,19413:0:0:0:0:
36,192,19338,128,0,19413:0:0:0:0:
329,192,19338,128,0,19413:0:0:0:0:
329,192,19488,1,0,0:0:0:0:
475,192,19488,1,0,0:0:0:0:
36,192,19488,1,0,0:0:0:0:
256,192,19488,1,0,0:0:0:0:
402,192,19638,1,0,0:0:0:0:
182,192,19638,1,0,0:0:0:0:
329,192,19713,1,0,0:0:0:0:
182,192,19713,1,0,0:0:0:0:
256,192,19788,1,0,0:0:0:0:
475,192,19788,1,0,0:0:0:0:
109,192,19788,1,0,0:0:0:0:
36,192,19788,1,0,0:0:0:0:
256,192,19938,1,0,0:0:0:0:
402,192,19938,1,0,0:0:0:0:
36,192,19938,1,0,0:0:0:0:
109,192,19938,1,0,0:0:0:0:
36,192,20088,1,0,0:0:0:0:
182,192,20088,1,0,0:0:0:0:
475,192,20088,1,0,0:0:0:0:
256,192,20163,1,0,0:0:0:0:
329,192,20238,1,0,0:0:0:0:
109,192,20238,1,0,0:0:0:0:
402,192,20313,1,0,0:0:0:0:
36,192,20388,1,0,0:0:0:0:
475,192,20388,1,0,0:0:0:0:
329,192,20388,1,0,0:0:0:0:
256,192,20463,1,0,0:0:0:0:
182,192,20538,1,0,0:0:0:0:
402,192,20538,1,0,0:0:0:0:
109,192,20613,1,0,0:0:0:0:
36,192,20688,1,0,0:0:0:0:
402,192,20688,128,0,20763:0:0:0:0:
329,192,20688,128,0,20763:0:0:0:0:
475,192,20688,1,0,0:0:0:0:
109,192,20763,128,0,20838:0:0:0:0:
182,192,20763,128,0,20838:0:0:0:0:
256,192,20838,1,0,0:0:0:0:
329,192,20913,128,0,20988:0:0:0:0:
402,192,20913,128,0,20988:0:0:0:0:
475,192,20988,1,0,0:0:0:0:
36,192,20988,1,0,0:0:0:0:
109,192,21025,1,0,0:0:0:0:
182,192,21063,1,0,0:0:0:0:
256,192,21100,1,0,0:0:0:0:
475,192,21138,1,0,0:0:0:0:
402,192,21175,1,0,0:0:0:0:
329,192,21213,1,0,0:0:0:0:
256,192,21250,1,0,0:0:0:0:
182,192,21288,1,0,0:0:0:0:
36,192,21288,1,0,0:0:0:0:
475,192,21363,1,0,0:0:0:0:
329,192,21363,1,0,0:0:0:0:
256,192,21438,1,0,0:0:0:0:
109,192,21438,1,0,0:0:0:0:
402,192,21513,1,0,0:0:0:0:
329,192,21588,128,0,21663:0:0:0:0:
475,192,21588,128,0,21663:0:0:0:0:
36,192,21588,128,0,21663:0:0:0:0:
182,192,21588,128,0,21663:0:0:0:0:
402,192,21738,1,0,0:0:0:0:
256,192,21738,1,0,0:0:0:0:
109,192,21738,1,0,0:0:0:0:
182,192,21813,1,0,0:0:0:0:
329,192,21888,1,0,0:0:0:0:
109,192,21888,1,0,0:0:0:0:
36,192,21888,1,0,0:0:0:0:
475,192,21963,1,0,0:0:0:0:
256,192,21963,1,0,0:0:0:0:
402,192,22038,1,0,0:0:0:0:
182,192,22038,1,0,0:0:0:0:
329,192,22113,1,0,0:0:0:0:
109,192,22113,1,0,0:0:0:0:
475,192,22188,128,0,22488:0:0:0:0:
256,192,22188,128,0,22413:0:0:0:0:
36,192,22188,128,0,22488:0:0:0:0:
329,192,22338,128,0,22488:0:0:0:0:
182,192,22338,128,0,22488:0:0:0:0:
256,192,22488,1,0,0:0:0:0:
402,192,22788,128,0,23013:0:0:0:0:
475,192,22788,128,0,23013:0:0:0:0:
36,192,22788,128,0,23013:0:0:0:0:
109,192,22788,128,0,23013:0:0:0:0:
256,192,22788,1,0,0:0:0:0:
329,192,23088,1,0,0:0:0:0:
475,192,23088,1,0,0:0:0:0:
36,192,23088,1,0,0:0:0:0:
109,192,23088,1,0,0:0:0:0:
182,192,23163,1,0,0:0:0:0:
475,192,23238,1,0,0:0:0:0:
402,192,23238,1,0,0:0:0:0:
256,192,23238,1,0,0:0:0:0:
109,192,23313,1,0,0:0:0:0:
182,192,23313,1,0,0:0:0:0:
36,192,23313,1,0,0:0:0:0:
329,192,23388,1,0,0:0:0:0:
475,192,23538,1,0,0:0:0:0:
182,192,23538,1,0,0:0:0:0:
475,192,23613,1,0,0:0:0:0:
182,192,23613,1,0,0:0:0:0:
256,192,23688,1,0,0:0:0:0:
329,192,23688,1,0,0:0:0:0:
36,192,23688,1,0,0:0:0:0:
109,192,23688,1,0,0:0:0:0:
329,192,23838,1,0,0:0:0:0:
402,192,23838,1,0,0:0:0:0:
36,192,23838,1,0,0:0:0:0:
109,192,23838,1,0,0:0:0:0:
109,192,23988,1,0,0:0:0:0:
256,192,23988,1,0,0:0:0:0:
402,192,23988,1,0,0:0:0:0:
475,192,23988,1,0,0:0:0:0:
36,192,23988,1,0,0:0:0:0:
329,192,24063,1,0,0:0:0:0:
182,192,24063,1,0,0:0:0:0:
109,192,24138,1,0,0:0:0:0:
256,192,24138,1,0,0:0:0:0:
402,192,24138,1,0,0:0:0:0:
36,192,24138,1,0,0:0:0:0:
475,192,24138,1,0,0:0:0:0:
182,192,24213,1,0,0:0:0:0:
329,192,24213,1,0,0:0:0:0:
109,192,24288,1,0,0:0:0:0:
256,192,24288,1,0,0:0:0:0:
475,192,24288,1,0,0:0:0:0:
36,192,24288,1,0,0:0:0:0:
402,192,24288,1,0,0:0:0:0:
329,192,24363,1,0,0:0:0:0:
36,192,24438,1,0,0:0:0:0:
182,192,24438,1,0,0:0:0:0:
256,192,24513,1,0,0:0:0:0:
329,192,24588,1,0,0:0:0:0:
109,192,24588,1,0,0:0:0:0:
402,192,24606,1,0,0:0:0:0:
475,192,24625,1,0,0:0:0:0:
256,192,24738,1,0,0:0:0:0:
182,192,24738,1,0,0:0:0:0:
36,192,24738,1,0,0:0:0:0:
109,192,24888,1,0,0:0:0:0:
256,192,24888,1,0,0:0:0:0:
402,192,24888,1,0,0:0:0:0:
36,192,25038,128,0,25150:0:0:0:0:
475,192,25038,128,0,25150:0:0:0:0:
182,192,25038,128,0,25150:0:0:0:0:
329,192,25038,128,0,25150:0:0:0:0:
256,192,25188,1,0,0:0:0:0:
109,192,25338,128,0,25450:0:0:0:0:
402,192,25338,128,0,25450:0:0:0:0:
182,192,25338,128,0,25450:0:0:0:0:
329,192,25338,128,0,25450:0:0:0:0:
256,192,25488,1,0,0:0:0:0:
36,192,25488,128,0,25713:0:0:0:0:
475,192,25488,128,0,25713:0:0:0:0:
402,192,25563,128,0,25713:0:0:0:0:
109,192,25563,128,0,25713:0:0:0:0:
182,192,25638,128,0,25863:0:0:0:0:
329,192,25638,128,0,25938:0:0:0:0:
256,192,25788,1,0,0:0:0:0:
36,192,25788,128,0,26013:0:0:0:0:
475,192,25788,128,0,26013:0:0:0:0:
182,192,25938,1,0,0:0:0:0:
329,192,26013,1,0,0:0:0:0:
109,192,26088,1,0,0:0:0:0:
402,192,26088,1,0,0:0:0:0:
256,192,26088,1,0,0:0:0:0:
475,192,26088,1,0,0:0:0:0:
36,192,26088,1,0,0:0:0:0:
182,192,26238,1,0,0:0:0:0:
329,192,26238,1,0,0:0:0:0:
256,192,26313,1,0,0:0:0:0:
109,192,26388,1,0,0:0:0:0:
402,192,26388,1,0,0:0:0:0:
36,192,26388,1,0,0:0:0:0:
475,192,26388,1,0,0:0:0:0:
329,192,26463,1,0,0:0:0:0:
182,192,26463,1,0,0:0:0:0:
256,192,26463,1,0,0:0:0:0:
109,192,26538,1,0,0:0:0:0:
402,192,26538,1,0,0:0:0:0:
36,192,26538,1,0,0:0:0:0:
475,192,26538,1,0,0:0:0:0:
256,192,26613,1,0,0:0:0:0:
182,192,26613,1,0,0:0:0:0:
329,192,26613,1,0,0:0:0:0:
36,192,26688,128,0,26913:0:0:0:0:
475,192,26688,128,0,26913:0:0:0:0:
402,192,26838,128,0,26913:0:0:0:0:
109,192,26838,128,0,26913:0:0:0:0:
256,192,26838,128,0,26913:0:0:0:0:
36,192,26988,1,0,0:0:0:0:
475,192,26988,1,0,0:0:0:0:
256,192,26988,1,0,0:0:0:0:
402,192,27063,1,0,0:0:0:0:
182,192,27063,1,0,0:0:0:0:
329,192,27138,1,0,0:0:0:0:
109,192,27138,1,0,0:0:0:0:
36,192,27213,1,0,0:0:0:0:
475,192,27213,1,0,0:0:0:0:
256,192,27213,1,0,0:0:0:0:
402,192,27288,1,0,0:0:0:0:
109,192,27288,1,0,0:0:0:0:
182,192,27363,1,0,0:0:0:0:
256,192,27363,1,0,0:0:0:0:
329,192,27438,1,0,0:0:0:0:
475,192,27438,1,0,0:0:0:0:
182,192,27513,1,0,0:0:0:0:
36,192,27513,1,0,0:0:0:0:
402,192,27588,128,0,27888:0:0:0:0:
109,192,27588,128,0,27888:0:0:0:0:
256,192,27588,128,0,27888:0:0:0:0:
329,192,27888,1,0,0:0:0:0:
182,192,27888,1,0,0:0:0:0:
475,192,28038,1,0,0:0:0:0:
109,192,28038,1,0,0:0:0:0:
402,192,28038,1,0,0:0:0:0:
256,192,28038,1,0,0:0:0:0:
36,192,28188,1,0,0:0:0:0:
329,192,28188,1,0,0:0:0:0:
182,192,28188,1,0,0:0:0:0:
475,192,28188,1,0,0:0:0:0:
36,192,28263,1,0,0:0:0:0:
182,192,28263,1,0,0:0:0:0:
256,192,28338,1,0,0:0:0:0:
329,192,28413,1,0,0:0:0:0:
475,192,28413,1,0,0:0:0:0:
402,192,28413,1,0,0:0:0:0:
256,192,28488,1,0,0:0:0:0:
36,192,28488,128,0,28713:0:0:0:0:
475,192,28563,1,0,0:0:0:0:
109,192,28563,128,0,28713:0:0:0:0:
329,192,28563,1,0,0:0:0:0:
402,192,28563,1,0,0:0:0:0:
182,192,28638,128,0,28713:0:0:0:0:
402,192,28713,1,0,0:0:0:0:
329,192,28713,1,0,0:0:0:0:
475,192,28788,128,0,29013:0:0:0:0:
256,192,28788,1,0,0:0:0:0:
109,192,28863,1,0,0:0:0:0:
182,192,28863,1,0,0:0:0:0:
402,192,28863,128,0,29013:0:0:0:0:
36,192,28863,1,0,0:0:0:0:
329,192,28938,128,0,29013:0:0:0:0:
182,192,29013,1,0,0:0:0:0:
109,192,29013,1,0,0:0:0:0:
475,192,29088,1,0,0:0:0:0:
256,192,29088,1,0,0:0:0:0:
36,192,29088,1,0,0:0:0:0:
329,192,29163,1,0,0:0:0:0:
109,192,29163,1,0,0:0:0:0:
402,192,29238,1,0,0:0:0:0:
182,192,29238,1,0,0:0:0:0:
475,192,29313,1,0,0:0:0:0:
256,192,29313,1,0,0:0:0:0:
182,192,29388,1,0,0:0:0:0:
36,192,29388,1,0,0:0:0:0:
256,192,29463,1,0,0:0:0:0:
109,192,29463,1,0,0:0:0:0:
329,192,29538,1,0,0:0:0:0:
182,192,29538,1,0,0:0:0:0:
402,192,29613,1,0,0:0:0:0:
256,192,29613,1,0,0:0:0:0:
475,192,29688,1,0,0:0:0:0:
329,192,29688,1,0,0:0:0:0:
182,192,29763,1,0,0:0:0:0:
109,192,29763,1,0,0:0:0:0:
36,192,29763,1,0,0:0:0:0:
256,192,29838,1,0,0:0:0:0:
402,192,29838,1,0,0:0:0:0:
109,192,29913,1,0,0:0:0:0:
36,192,29913,1,0,0:0:0:0:
182,192,29913,1,0,0:0:0:0:
329,192,29988,1,0,0:0:0:0:
475,192,29988,1,0,0:0:0:0:
109,192,30063,1,0,0:0:0:0:
36,192,30063,1,0,0:0:0:0:
182,192,30063,1,0,0:0:0:0:
402,192,30138,1,0,0:0:0:0:
256,192,30138,1,0,0:0:0:0:
109,192,30213,1,0,0:0:0:0:
182,192,30213,1,0,0:0:0:0:
36,192,30213,1,0,0:0:0:0:
475,192,30288,1,0,0:0:0:0:
329,192,30288,1,0,0:0:0:0:
256,192,30363,1,0,0:0:0:0:
402,192,30363,1,0,0:0:0:0:
182,192,30438,1,0,0:0:0:0:
329,192,30438,1,0,0:0:0:0:
109,192,30513,1,0,0:0:0:0:
256,192,30513,1,0,0:0:0:0:
36,192,30588,1,0,0:0:0:0:
182,192,30588,1,0,0:0:0:0:
475,192,30663,1,0,0:0:0:0:
256,192,30663,1,0,0:0:0:0:
402,192,30738,1,0,0:0:0:0:
182,192,30738,1,0,0:0:0:0:
329,192,30813,1,0,0:0:0:0:
109,192,30813,1,0,0:0:0:0:
256,192,30888,1,0,0:0:0:0:
36,192,30888,1,0,0:0:0:0:
475,192,31038,1,0,0:0:0:0:
329,192,31038,1,0,0:0:0:0:
402,192,31188,1,0,0:0:0:0:
256,192,31188,1,0,0:0:0:0:
329,192,31338,1,0,0:0:0:0:
182,192,31338,1,0,0:0:0:0:
109,192,31488,1,0,0:0:0:0:
182,192,31488,1,0,0:0:0:0:
36,192,31488,1,0,0:0:0:0:
402,192,31563,1,0,0:0:0:0:
475,192,31563,1,0,0:0:0:0:
329,192,31563,1,0,0:0:0:0:
109,192,31638,1,0,0:0:0:0:
182,192,31638,1,0,0:0:0:0:
36,192,31638,1,0,0:0:0:0:
402,192,31713,1,0,0:0:0:0:
475,192,31713,1,0,0:0:0:0:
329,192,31713,1,0,0:0:0:0:
182,192,31788,1,0,0:0:0:0:
256,192,31788,1,0,0:0:0:0:
36,192,31788,1,0,0:0:0:0:
109,192,31788,1,0,0:0:0:0:
402,192,31938,1,0,0:0:0:0:
329,192,32013,1,0,0:0:0:0:
402,192,32088,128,0,32163:0:0:0:0:
256,192,32088,128,0,32163:0:0:0:0:
36,192,32088,128,0,32163:0:0:0:0:
109,192,32088,128,0,32163:0:0:0:0:
475,192,32238,128,0,32313:0:0:0:0:
329,192,32238,128,0,32313:0:0:0:0:
182,192,32238,128,0,32313:0:0:0:0:
256,192,32388,1,0,0:0:0:0:
402,192,32388,1,0,0:0:0:0:
36,192,32388,1,0,0:0:0:0:
109,192,32388,1,0,0:0:0:0:
475,192,32538,128,0,32613:0:0:0:0:
329,192,32538,128,0,32613:0:0:0:0:
182,192,32538,128,0,32613:0:0:0:0:
402,192,32688,128,0,32763:0:0:0:0:
256,192,32688,128,0,32763:0:0:0:0:
36,192,32688,128,0,32763:0:0:0:0:
109,192,32688,128,0,32763:0:0:0:0:
475,192,32838,1,0,0:0:0:0:
182,192,32838,1,0,0:0:0:0:
182,192,32988,128,0,33063:0:0:0:0:
36,192,32988,128,0,33063:0:0:0:0:
402,192,32988,128,0,33063:0:0:0:0:
475,192,32988,128,0,33063:0:0:0:0:
329,192,33138,128,0,33213:0:0:0:0:
256,192,33138,128,0,33213:0:0:0:0:
109,192,33138,128,0,33213:0:0:0:0:
402,192,33288,1,0,0:0:0:0:
182,192,33288,1,0,0:0:0:0:
475,192,33288,1,0,0:0:0:0:
36,192,33288,1,0,0:0:0:0:
109,192,33438,128,0,33513:0:0:0:0:
256,192,33438,128,0,33513:0:0:0:0:
329,192,33438,128,0,33513:0:0:0:0:
402,192,33588,128,0,33663:0:0:0:0:
475,192,33588,128,0,33663:0:0:0:0:
36,192,33588,128,0,33663:0:0:0:0:
182,192,33588,128,0,33663:0:0:0:0:
109,192,33738,1,0,0:0:0:0:
329,192,33738,1,0,0:0:0:0:
36,192,33888,128,0,33963:0:0:0:0:
256,192,33888,128,0,33963:0:0:0:0:
475,192,33888,128,0,33963:0:0:0:0:
182,192,33888,128,0,33963:0:0:0:0:
182,192,34038,128,0,34113:0:0:0:0:
329,192,34038,128,0,34113:0:0:0:0:
402,192,34038,128,0,34113:0:0:0:0:
109,192,34188,1,0,0:0:0:0:
36,192,34188,1,0,0:0:0:0:
475,192,34188,1,0,0:0:0:0:
256,192,34188,1,0,0:0:0:0:
402,192,34338,1,0,0:0:0:0:
182,192,34338,1,0,0:0:0:0:
329,192,34413,1,0,0:0:0:0:
109,192,34413,1,0,0:0:0:0:
402,192,34488,128,0,34563:0:0:0:0:
36,192,34488,128,0,34563:0:0:0:0:
256,192,34488,128,0,34563:0:0:0:0:
475,192,34488,128,0,34563:0:0:0:0:
329,192,34638,1,0,0:0:0:0:
182,192,34638,1,0,0:0:0:0:
402,192,34788,128,0,34863:0:0:0:0:
475,192,34788,128,0,34863:0:0:0:0:
36,192,34788,128,0,34863:0:0:0:0:
256,192,34788,128,0,34863:0:0:0:0:
329,192,34938,128,0,35013:0:0:0:0:
182,192,34938,128,0,35013:0:0:0:0:
109,192,34938,128,0,35013:0:0:0:0:
402,192,35088,1,0,0:0:0:0:
36,192,35088,1,0,0:0:0:0:
256,192,35088,1,0,0:0:0:0:
475,192,35088,1,0,0:0:0:0:
182,192,35238,128,0,35313:0:0:0:0:
329,192,35238,128,0,35313:0:0:0:0:
475,192,35238,128,0,35313:0:0:0:0:
182,192,35388,128,0,35463:0:0:0:0:
36,192,35388,128,0,35463:0:0:0:0:
402,192,35388,128,0,35463:0:0:0:0:
256,192,35388,128,0,35463:0:0:0:0:
109,192,35538,1,0,0:0:0:0:
329,192,35538,1,0,0:0:0:0:
256,192,35688,128,0,35763:0:0:0:0:
402,192,35688,128,0,35763:0:0:0:0:
36,192,35688,128,0,35763:0:0:0:0:
182,192,35688,128,0,35763:0:0:0:0:
475,192,35838,128,0,35913:0:0:0:0:
329,192,35838,128,0,35913:0:0:0:0:
109,192,35838,128,0,35913:0:0:0:0:
256,192,35988,1,0,0:0:0:0:
402,192,35988,1,0,0:0:0:0:
36,192,35988,1,0,0:0:0:0:
182,192,35988,1,0,0:0:0:0:
475,192,36138,128,0,36213:0:0:0:0:
329,192,36138,128,0,36213:0:0:0:0:
109,192,36138,128,0,36213:0:0:0:0:
182,192,36288,128,0,36363:0:0:0:0:
36,192,36288,128,0,36363:0:0:0:0:
402,192,36288,128,0,36363:0:0:0:0:
329,192,36288,128,0,36363:0:0:0:0:
475,192,36438,1,0,0:0:0:0:
256,192,36438,1,0,0:0:0:0:
109,192,36588,128,0,36663:0:0:0:0:
36,192,36588,128,0,36663:0:0:0:0:
402,192,36588,128,0,36663:0:0:0:0:
256,192,36588,128,0,36663:0:0:0:0:
182,192,36738,1,0,0:0:0:0:
329,192,36738,1,0,0:0:0:0:
109,192,36813,1,0,0:0:0:0:
402,192,36813,1,0,0:0:0:0:
256,192,36888,1,0,0:0:0:0:
36,192,36888,1,0,0:0:0:0:
475,192,36888,1,0,0:0:0:0:
109,192,37038,1,0,0:0:0:0:
182,192,37038,1,0,0:0:0:0:
329,192,37038,128,0,37488:0:0:0:0:
256,192,37188,1,0,0:0:0:0:
36,192,37188,1,0,0:0:0:0:
402,192,37188,1,0,0:0:0:0:
475,192,37188,1,0,0:0:0:0:
402,192,37338,1,0,0:0:0:0:
109,192,37338,1,0,0:0:0:0:
182,192,37413,1,0,0:0:0:0:
475,192,37488,1,0,0:0:0:0:
36,192,37488,1,0,0:0:0:0:
256,192,37488,1,0,0:0:0:0:
329,192,37563,1,0,0:0:0:0:
182,192,37638,1,0,0:0:0:0:
475,192,37638,1,0,0:0:0:0:
402,192,37713,1,0,0:0:0:0:
109,192,37788,1,0,0:0:0:0:
36,192,37788,1,0,0:0:0:0:
329,192,37788,1,0,0:0:0:0:
256,192,37863,1,0,0:0:0:0:
402,192,37938,1,0,0:0:0:0:
182,192,37938,1,0,0:0:0:0:
109,192,38013,1,0,0:0:0:0:
475,192,38088,1,0,0:0:0:0:
256,192,38088,1,0,0:0:0:0:
36,192,38088,1,0,0:0:0:0:
329,192,38088,1,0,0:0:0:0:
402,192,38163,1,0,0:0:0:0:
182,192,38238,1,0,0:0:0:0:
329,192,38238,1,0,0:0:0:0:
182,192,38313,1,0,0:0:0:0:
402,192,38313,1,0,0:0:0:0:
475,192,38388,1,0,0:0:0:0:
109,192,38388,1,0,0:0:0:0:
256,192,38388,1,0,0:0:0:0:
36,192,38388,1,0,0:0:0:0:
329,192,38538,1,0,0:0:0:0:
182,192,38538,1,0,0:0:0:0:
475,192,38688,1,0,0:0:0:0:
256,192,38688,1,0,0:0:0:0:
36,192,38688,1,0,0:0:0:0:
182,192,38838,128,0,39138:0:0:0:0:
402,192,38838,1,0,0:0:0:0:
475,192,38988,1,0,0:0:0:0:
329,192,38988,1,0,0:0:0:0:
256,192,38988,1,0,0:0:0:0:
36,192,38988,1,0,0:0:0:0:
329,192,39138,1,0,0:0:0:0:
109,192,39138,1,0,0:0:0:0:
402,192,39213,1,0,0:0:0:0:
182,192,39213,1,0,0:0:0:0:
475,192,39288,128,0,39363:0:0:0:0:
256,192,39288,128,0,39363:0:0:0:0:
36,192,39288,1,0,0:0:0:0:
182,192,39438,128,0,39513:0:0:0:0:
402,192,39438,128,0,39513:0:0:0:0:
475,192,39588,1,0,0:0:0:0:
109,192,39588,128,0,39663:0:0:0:0:
329,192,39588,128,0,39663:0:0:0:0:
256,192,39738,128,0,39813:0:0:0:0:
36,192,39738,128,0,39813:0:0:0:0:
402,192,39888,1,0,0:0:0:0:
182,192,39888,1,0,0:0:0:0:
36,192,39888,1,0,0:0:0:0:
329,192,40038,1,0,0:0:0:0:
109,192,40038,1,0,0:0:0:0:
402,192,40113,1,0,0:0:0:0:
182,192,40113,1,0,0:0:0:0:
36,192,40188,1,0,0:0:0:0:
329,192,40188,1,0,0:0:0:0:
256,192,40188,1,0,0:0:0:0:
475,192,40188,1,0,0:0:0:0:
329,192,40338,1,0,0:0:0:0:
182,192,40338,1,0,0:0:0:0:
109,192,40338,1,0,0:0:0:0:
475,192,40338,1,0,0:0:0:0:
256,192,40488,1,0,0:0:0:0:
36,192,40488,1,0,0:0:0:0:
329,192,40488,128,0,41313:0:0:0:0:
475,192,40488,1,0,0:0:0:0:
182,192,40638,1,0,0:0:0:0:
36,192,40638,128,0,40788:0:0:0:0:
475,192,40788,1,0,0:0:0:0:
402,192,40788,1,0,0:0:0:0:
182,192,40788,128,0,40938:0:0:0:0:
36,192,40938,1,0,0:0:0:0:
109,192,40938,1,0,0:0:0:0:
402,192,40938,128,0,41313:0:0:0:0:
475,192,40938,128,0,41313:0:0:0:0:
182,192,41088,1,0,0:0:0:0:
256,192,41088,1,0,0:0:0:0:
182,192,41238,1,0,0:0:0:0:
36,192,41238,1,0,0:0:0:0:
109,192,41388,1,0,0:0:0:0:
329,192,41388,1,0,0:0:0:0:
36,192,41388,1,0,0:0:0:0:
402,192,41388,1,0,0:0:0:0:
475,192,41388,1,0,0:0:0:0:
256,192,41463,1,0,0:0:0:0:
402,192,41538,1,0,0:0:0:0:
182,192,41538,1,0,0:0:0:0:
329,192,41613,1,0,0:0:0:0:
109,192,41613,1,0,0:0:0:0:
256,192,41688,128,0,41763:0:0:0:0:
36,192,41688,128,0,41763:0:0:0:0:
475,192,41688,1,0,0:0:0:0:
402,192,41838,128,0,41913:0:0:0:0:
182,192,41838,128,0,41913:0:0:0:0:
329,192,41988,128,0,42063:0:0:0:0:
109,192,41988,128,0,42063:0:0:0:0:
36,192,41988,1,0,0:0:0:0:
475,192,42138,128,0,42213:0:0:0:0:
256,192,42138,128,0,42213:0:0:0:0:
475,192,42288,1,0,0:0:0:0:
182,192,42288,1,0,0:0:0:0:
36,192,42288,128,0,42438:0:0:0:0:
256,192,42363,1,0,0:0:0:0:
109,192,42363,128,0,42513:0:0:0:0:
329,192,42438,1,0,0:0:0:0:
182,192,42438,128,0,42588:0:0:0:0:
402,192,42513,1,0,0:0:0:0:
256,192,42513,128,0,42663:0:0:0:0:
36,192,42588,1,0,0:0:0:0:
475,192,42588,128,0,42813:0:0:0:0:
402,192,42625,128,0,42813:0:0:0:0:
329,192,42663,128,0,42813:0:0:0:0:
109,192,42663,1,0,0:0:0:0:
256,192,42738,128,0,42813:0:0:0:0:
182,192,42738,1,0,0:0:0:0:
109,192,42813,1,0,0:0:0:0:
256,192,42888,1,0,0:0:0:0:
475,192,42888,1,0,0:0:0:0:
36,192,42888,1,0,0:0:0:0:
182,192,42963,1,0,0:0:0:0:
329,192,42963,1,0,0:0:0:0:
402,192,43038,1,0,0:0:0:0:
109,192,43038,1,0,0:0:0:0:
329,192,43113,1,0,0:0:0:0:
182,192,43113,1,0,0:0:0:0:
475,192,43188,1,0,0:0:0:0:
36,192,43188,1,0,0:0:0:0:
256,192,43188,1,0,0:0:0:0:
402,192,43263,1,0,0:0:0:0:
109,192,43263,1,0,0:0:0:0:
329,192,43338,1,0,0:0:0:0:
182,192,43338,1,0,0:0:0:0:
402,192,43413,1,0,0:0:0:0:
109,192,43413,1,0,0:0:0:0:
475,192,43488,1,0,0:0:0:0:
36,192,43488,1,0,0:0:0:0:
402,192,43525,1,0,0:0:0:0:
329,192,43563,1,0,0:0:0:0:
256,192,43600,1,0,0:0:0:0:
36,192,43638,1,0,0:0:0:0:
109,192,43675,1,0,0:0:0:0:
182,192,43713,1,0,0:0:0:0:
256,192,43750,1,0,0:0:0:0:
475,192,43788,1,0,0:0:0:0:
36,192,43788,1,0,0:0:0:0:
329,192,43788,1,0,0:0:0:0:
402,192,43788,1,0,0:0:0:0:
182,192,43863,1,0,0:0:0:0:
109,192,43938,1,0,0:0:0:0:
36,192,44013,1,0,0:0:0:0:
475,192,44088,1,0,0:0:0:0:
402,192,44088,1,0,0:0:0:0:
256,192,44088,1,0,0:0:0:0:
329,192,44238,128,0,44613:0:0:0:0:
182,192,44538,1,0,0:0:0:0:
109,192,44613,1,0,0:0:0:0:
475,192,44688,1,0,0:0:0:0:
329,192,44688,1,0,0:0:0:0:
36,192,44688,1,0,0:0:0:0:
182,192,44988,1,0,0:0:0:0:
402,192,44988,1,0,0:0:0:0:
109,192,45138,1,0,0:0:0:0:
256,192,45138,1,0,0:0:0:0:
475,192,45288,1,0,0:0:0:0:
329,192,45288,1,0,0:0:0:0:
402,192,45438,1,0,0:0:0:0:
182,192,45438,1,0,0:0:0:0:
329,192,45513,1,0,0:0:0:0:
109,192,45513,1,0,0:0:0:0:
475,192,45588,1,0,0:0:0:0:
256,192,45588,1,0,0:0:0:0:
36,192,45588,1,0,0:0:0:0:
182,192,45738,1,0,0:0:0:0:
256,192,45813,1,0,0:0:0:0:
36,192,45888,1,0,0:0:0:0:
475,192,45888,1,0,0:0:0:0:
329,192,45888,1,0,0:0:0:0:
109,192,45988,1,0,0:0:0:0:
402,192,45988,1,0,0:0:0:0:
256,192,45988,1,0,0:0:0:0:
475,192,46088,1,0,0:0:0:0:
182,192,46088,1,0,0:0:0:0:
36,192,46088,1,0,0:0:0:0:
402,192,46188,1,0,0:0:0:0:
256,192,46188,1,0,0:0:0:0:
109,192,46188,1,0,0:0:0:0:
36,192,46288,1,0,0:0:0:0:
475,192,46288,1,0,0:0:0:0:
329,192,46288,1,0,0:0:0:0:
402,192,46388,1,0,0:0:0:0:
256,192,46388,1,0,0:0:0:0:
109,192,46388,1,0,0:0:0:0:
475,192,46488,1,0,0:0:0:0:
329,192,46488,1,0,0:0:0:0:
36,192,46488,1,0,0:0:0:0:
182,192,46488,1,0,0:0:0:0:
256,192,46638,1,0,0:0:0:0:
402,192,46638,128,0,47013:0:0:0:0:
182,192,46938,1,0,0:0:0:0:
109,192,47013,1,0,0:0:0:0:
475,192,47088,1,0,0:0:0:0:
402,192,47088,1,0,0:0:0:0:
36,192,47088,1,0,0:0:0:0:
329,192,47388,1,0,0:0:0:0:
182,192,47388,1,0,0:0:0:0:
109,192,47538,1,0,0:0:0:0:
256,192,47538,1,0,0:0:0:0:
329,192,47688,1,0,0:0:0:0:
182,192,47838,1,0,0:0:0:0:
109,192,47913,1,0,0:0:0:0:
329,192,47988,1,0,0:0:0:0:
475,192,47988,1,0,0:0:0:0:
36,192,47988,1,0,0:0:0:0:
256,192,48138,1,0,0:0:0:0:
329,192,48213,1,0,0:0:0:0:
402,192,48288,1,0,0:0:0:0:
36,192,48288,1,0,0:0:0:0:
475,192,48288,1,0,0:0:0:0:
256,192,48388,1,0,0:0:0:0:
329,192,48388,1,0,0:0:0:0:
182,192,48388,1,0,0:0:0:0:
36,192,48488,1,0,0:0:0:0:
475,192,48488,1,0,0:0:0:0:
109,192,48488,1,0,0:0:0:0:
256,192,48588,1,0,0:0:0:0:
182,192,48588,1,0,0:0:0:0:
329,192,48588,1,0,0:0:0:0:
36,192,48688,1,0,0:0:0:0:
402,192,48688,1,0,0:0:0:0:
475,192,48688,1,0,0:0:0:0:
329,192,48788,1,0,0:0:0:0:
182,192,48788,1,0,0:0:0:0:
256,192,48788,1,0,0:0:0:0:
109,192,48888,1,0,0:0:0:0:
36,192,48888,1,0,0:0:0:0:
475,192,48888,1,0,0:0:0:0:
402,192,48963,1,0,0:0:0:0:
182,192,48963,1,0,0:0:0:0:
329,192,49038,1,0,0:0:0:0:
109,192,49038,1,0,0:0:0:0:
475,192,49113,1,0,0:0:0:0:
36,192,49113,1,0,0:0:0:0:
402,192,49188,1,0,0:0:0:0:
256,192,49188,1,0,0:0:0:0:
182,192,49263,1,0,0:0:0:0:
36,192,49263,1,0,0:0:0:0:
475,192,49338,1,0,0:0:0:0:
329,192,49338,1,0,0:0:0:0:
109,192,49413,1,0,0:0:0:0:
256,192,49413,1,0,0:0:0:0:
475,192,49488,1,0,0:0:0:0:
329,192,49488,1,0,0:0:0:0:
182,192,49563,1,0,0:0:0:0:
36,192,49563,1,0,0:0:0:0:
256,192,49638,1,0,0:0:0:0:
475,192,49638,1,0,0:0:0:0:
182,192,49713,1,0,0:0:0:0:
402,192,49713,1,0,0:0:0:0:
109,192,49788,1,0,0:0:0:0:
329,192,49788,1,0,0:0:0:0:
256,192,49863,1,0,0:0:0:0:
36,192,49863,1,0,0:0:0:0:
329,192,49938,1,0,0:0:0:0:
109,192,49938,1,0,0:0:0:0:
402,192,50013,1,0,0:0:0:0:
182,192,50013,1,0,0:0:0:0:
36,192,50088,1,0,0:0:0:0:
475,192,50088,1,0,0:0:0:0:
256,192,50088,1,0,0:0:0:0:
256,192,50613,1,0,0:0:0:0:
329,192,50650,1,0,0:0:0:0:
402,192,50688,1,0,0:0:0:0:
36,192,51288,128,0,51438:0:0:0:0:
256,192,51288,1,0,0:0:0:0:
475,192,51288,128,0,51363:0:0:0:0:
329,192,51288,128,0,51363:0:0:0:0:
402,192,51288,128,0,51363:0:0:0:0:
475,192,51438,128,0,52113:0:0:0:0:
109,192,51438,1,0,0:0:0:0:
329,192,51438,128,0,51513:0:0:0:0:
402,192,51438,128,0,51513:0:0:0:0:
402,192,51588,1,0,0:0:0:0:
256,192,51588,1,0,0:0:0:0:
109,192,51588,128,0,51738:0:0:0:0:
329,192,51738,128,0,51813:0:0:0:0:
182,192,51738,1,0,0:0:0:0:
182,192,51888,128,0,52038:0:0:0:0:
36,192,51888,1,0,0:0:0:0:
402,192,51888,1,0,0:0:0:0:
109,192,51963,1,0,0:0:0:0:
329,192,51963,1,0,0:0:0:0:
256,192,52038,1,0,0:0:0:0:
36,192,52038,1,0,0:0:0:0:
182,192,52188,1,0,0:0:0:0:
475,192,52188,1,0,0:0:0:0:
256,192,52188,128,0,52338:0:0:0:0:
109,192,52263,1,0,0:0:0:0:
402,192,52263,1,0,0:0:0:0:
329,192,52338,1,0,0:0:0:0:
36,192,52338,1,0,0:0:0:0:
475,192,52488,1,0,0:0:0:0:
256,192,52488,128,0,52538:0:0:0:0:
36,192,52488,128,0,52788:0:0:0:0:
329,192,52588,128,0,52638:0:0:0:0:
109,192,52588,128,0,52788:0:0:0:0:
402,192,52688,128,0,52738:0:0:0:0:
182,192,52688,128,0,52788:0:0:0:0:
256,192,52788,128,0,52838:0:0:0:0:
475,192,52788,128,0,53088:0:0:0:0:
182,192,52888,128,0,52938:0:0:0:0:
402,192,52888,128,0,53088:0:0:0:0:
109,192,52988,128,0,53038:0:0:0:0:
329,192,52988,128,0,53088:0:0:0:0:
36,192,53088,1,0,0:0:0:0:
256,192,53088,1,0,0:0:0:0:
109,192,53163,1,0,0:0:0:0:
329,192,53163,1,0,0:0:0:0:
182,192,53238,1,0,0:0:0:0:
402,192,53238,1,0,0:0:0:0:
256,192,53313,1,0,0:0:0:0:
475,192,53313,1,0,0:0:0:0:
36,192,53388,128,0,53613:0:0:0:0:
109,192,53388,128,0,53613:0:0:0:0:
329,192,53388,128,0,53613:0:0:0:0:
182,192,53538,1,0,0:0:0:0:
256,192,53613,1,0,0:0:0:0:
329,192,53688,1,0,0:0:0:0:
475,192,53688,1,0,0:0:0:0:
36,192,53688,1,0,0:0:0:0:
109,192,53688,1,0,0:0:0:0:
329,192,53838,128,0,53950:0:0:0:0:
402,192,53838,128,0,53988:0:0:0:0:
109,192,53838,128,0,53988:0:0:0:0:
182,192,53838,128,0,53950:0:0:0:0:
256,192,53988,1,0,0:0:0:0:
329,192,53988,1,0,0:0:0:0:
182,192,53988,1,0,0:0:0:0:
329,192,54138,128,0,54250:0:0:0:0:
475,192,54138,128,0,54288:0:0:0:0:
182,192,54138,128,0,54250:0:0:0:0:
36,192,54138,128,0,54288:0:0:0:0:
256,192,54288,1,0,0:0:0:0:
329,192,54288,1,0,0:0:0:0:
182,192,54288,1,0,0:0:0:0:
109,192,54438,128,0,54550:0:0:0:0:
402,192,54438,128,0,54550:0:0:0:0:
182,192,54438,128,0,54588:0:0:0:0:
329,192,54438,128,0,54588:0:0:0:0:
109,192,54588,1,0,0:0:0:0:
256,192,54588,1,0,0:0:0:0:
402,192,54588,1,0,0:0:0:0:
182,192,54738,128,0,54888:0:0:0:0:
329,192,54738,128,0,54850:0:0:0:0:
36,192,54738,128,0,54850:0:0:0:0:
475,192,54738,128,0,54888:0:0:0:0:
256,192,54888,1,0,0:0:0:0:
36,192,54888,1,0,0:0:0:0:
329,192,54925,1,0,0:0:0:0:
182,192,55038,1,0,0:0:0:0:
475,192,55038,1,0,0:0:0:0:
402,192,55113,1,0,0:0:0:0:
109,192,55113,1,0,0:0:0:0:
329,192,55188,1,0,0:0:0:0:
36,192,55188,1,0,0:0:0:0:
475,192,55263,1,0,0:0:0:0:
182,192,55263,1,0,0:0:0:0:
402,192,55338,1,0,0:0:0:0:
109,192,55338,1,0,0:0:0:0:
329,192,55413,1,0,0:0:0:0:
36,192,55413,1,0,0:0:0:0:
256,192,55488,1,0,0:0:0:0:
475,192,55488,1,0,0:0:0:0:
182,192,55525,1,0,0:0:0:0:
329,192,55638,1,0,0:0:0:0:
36,192,55638,1,0,0:0:0:0:
402,192,55713,1,0,0:0:0:0:
109,192,55713,1,0,0:0:0:0:
475,192,55788,1,0,0:0:0:0:
182,192,55788,1,0,0:0:0:0:
36,192,55863,1,0,0:0:0:0:
329,192,55863,1,0,0:0:0:0:
109,192,55938,1,0,0:0:0:0:
402,192,55938,1,0,0:0:0:0:
475,192,56013,1,0,0:0:0:0:
182,192,56013,1,0,0:0:0:0:
475,192,56088,128,0,56238:0:0:0:0:
256,192,56088,128,0,56163:0:0:0:0:
109,192,56088,128,0,56163:0:0:0:0:
36,192,56088,128,0,56163:0:0:0:0:
256,192,56238,128,0,56313:0:0:0:0:
36,192,56238,128,0,56950:0:0:0:0:
109,192,56238,128,0,56313:0:0:0:0:
402,192,56238,1,0,0:0:0:0:
109,192,56388,1,0,0:0:0:0:
182,192,56388,1,0,0:0:0:0:
402,192,56388,128,0,56538:0:0:0:0:
329,192,56538,1,0,0:0:0:0:
182,192,56538,128,0,56688:0:0:0:0:
256,192,56613,128,0,56688:0:0:0:0:
402,192,56688,128,0,56725:0:0:0:0:
475,192,56688,128,0,56725:0:0:0:0:
329,192,56688,128,0,56838:0:0:0:0:
109,192,56763,128,0,56800:0:0:0:0:
182,192,56763,128,0,56800:0:0:0:0:
256,192,56838,1,0,0:0:0:0:
402,192,56838,128,0,56875:0:0:0:0:
475,192,56838,128,0,56875:0:0:0:0:
109,192,56913,128,0,56950:0:0:0:0:
182,192,56913,128,0,56950:0:0:0:0:
402,192,56988,128,0,57025:0:0:0:0:
329,192,56988,128,0,57025:0:0:0:0:
256,192,56988,128,0,57138:0:0:0:0:
109,192,57063,128,0,57100:0:0:0:0:
36,192,57063,128,0,57100:0:0:0:0:
402,192,57138,128,0,57175:0:0:0:0:
182,192,57138,1,0,0:0:0:0:
475,192,57138,128,0,57288:0:0:0:0:
329,192,57138,128,0,57175:0:0:0:0:
109,192,57213,128,0,57250:0:0:0:0:
36,192,57213,128,0,57250:0:0:0:0:
256,192,57213,128,0,57288:0:0:0:0:
329,192,57288,128,0,57438:0:0:0:0:
402,192,57288,128,0,57438:0:0:0:0:
109,192,57363,1,0,0:0:0:0:
36,192,57363,1,0,0:0:0:0:
256,192,57438,1,0,0:0:0:0:
182,192,57438,1,0,0:0:0:0:
402,192,57513,1,0,0:0:0:0:
329,192,57513,1,0,0:0:0:0:
182,192,57588,128,0,57813:0:0:0:0:
36,192,57588,128,0,57813:0:0:0:0:
475,192,57588,1,0,0:0:0:0:
109,192,57588,1,0,0:0:0:0:
256,192,57738,1,0,0:0:0:0:
329,192,57738,1,0,0:0:0:0:
475,192,57888,128,0,57925:0:0:0:0:
36,192,57888,1,0,0:0:0:0:
109,192,57888,128,0,58113:0:0:0:0:
402,192,57888,128,0,57925:0:0:0:0:
329,192,57963,128,0,58000:0:0:0:0:
256,192,57963,128,0,58000:0:0:0:0:
475,192,58038,128,0,58075:0:0:0:0:
402,192,58038,128,0,58075:0:0:0:0:
329,192,58113,128,0,58150:0:0:0:0:
256,192,58113,128,0,58150:0:0:0:0:
109,192,58188,128,0,58225:0:0:0:0:
475,192,58188,1,0,0:0:0:0:
402,192,58188,128,0,58413:0:0:0:0:
36,192,58188,128,0,58225:0:0:0:0:
256,192,58263,128,0,58300:0:0:0:0:
182,192,58263,128,0,58300:0:0:0:0:
109,192,58338,128,0,58375:0:0:0:0:
36,192,58338,128,0,58375:0:0:0:0:
475,192,58338,128,0,58488:0:0:0:0:
256,192,58413,128,0,58450:0:0:0:0:
182,192,58413,128,0,58450:0:0:0:0:
329,192,58413,128,0,58488:0:0:0:0:
109,192,58488,128,0,58638:0:0:0:0:
36,192,58488,128,0,58638:0:0:0:0:
402,192,58488,1,0,0:0:0:0:
256,192,58563,128,0,58600:0:0:0:0:
182,192,58563,128,0,58600:0:0:0:0:
475,192,58638,128,0,58675:0:0:0:0:
402,192,58638,128,0,58675:0:0:0:0:
329,192,58638,128,0,58675:0:0:0:0:
36,192,58713,1,0,0:0:0:0:
109,192,58713,1,0,0:0:0:0:
182,192,58713,128,0,58863:0:0:0:0:
402,192,58788,128,0,58938:0:0:0:0:
475,192,58788,128,0,58938:0:0:0:0:
329,192,58863,128,0,58900:0:0:0:0:
256,192,58863,128,0,58900:0:0:0:0:
36,192,58938,128,0,58975:0:0:0:0:
109,192,58938,128,0,58975:0:0:0:0:
182,192,58938,128,0,58975:0:0:0:0:
475,192,59013,1,0,0:0:0:0:
402,192,59013,1,0,0:0:0:0:
329,192,59013,128,0,59163:0:0:0:0:
36,192,59088,128,0,59238:0:0:0:0:
182,192,59088,128,0,59238:0:0:0:0:
256,192,59163,128,0,59200:0:0:0:0:
109,192,59163,128,0,59200:0:0:0:0:
475,192,59238,128,0,59275:0:0:0:0:
402,192,59238,128,0,59275:0:0:0:0:
329,192,59238,128,0,59275:0:0:0:0:
36,192,59313,1,0,0:0:0:0:
109,192,59313,1,0,0:0:0:0:
182,192,59313,128,0,59463:0:0:0:0:
329,192,59388,128,0,59538:0:0:0:0:
475,192,59388,128,0,59538:0:0:0:0:
402,192,59463,128,0,59500:0:0:0:0:
256,192,59463,128,0,59500:0:0:0:0:
36,192,59538,128,0,59575:0:0:0:0:
109,192,59538,128,0,59575:0:0:0:0:
182,192,59538,128,0,59575:0:0:0:0:
329,192,59613,1,0,0:0:0:0:
475,192,59613,1,0,0:0:0:0:
402,192,59613,1,0,0:0:0:0:
256,192,59688,1,0,0:0:0:0:
36,192,59688,1,0,0:0:0:0:
109,192,59725,1,0,0:0:0:0:
182,192,59763,1,0,0:0:0:0:
256,192,59800,1,0,0:0:0:0:
402,192,59838,1,0,0:0:0:0:
475,192,59838,1,0,0:0:0:0:
329,192,59838,1,0,0:0:0:0:
109,192,59913,1,0,0:0:0:0:
182,192,59913,1,0,0:0:0:0:
36,192,59913,1,0,0:0:0:0:
256,192,59950,1,0,0:0:0:0:
329,192,59988,1,0,0:0:0:0:
402,192,60025,1,0,0:0:0:0:
109,192,60063,1,0,0:0:0:0:
182,192,60063,1,0,0:0:0:0:
475,192,60063,1,0,0:0:0:0:
402,192,60138,1,0,0:0:0:0:
329,192,60138,1,0,0:0:0:0:
36,192,60138,1,0,0:0:0:0:
109,192,60175,1,0,0:0:0:0:
182,192,60213,1,0,0:0:0:0:
256,192,60250,1,0,0:0:0:0:
329,192,60288,1,0,0:0:0:0:
402,192,60288,1,0,0:0:0:0:
36,192,60288,128,0,60813:0:0:0:0:
475,192,60288,128,0,60888:0:0:0:0:
182,192,60438,1,0,0:0:0:0:
329,192,60513,1,0,0:0:0:0:
182,192,60588,128,0,60813:0:0:0:0:
256,192,60588,1,0,0:0:0:0:
329,192,60738,128,0,60888:0:0:0:0:
256,192,60888,1,0,0:0:0:0:
109,192,60888,1,0,0:0:0:0:
36,192,60888,1,0,0:0:0:0:
182,192,60888,1,0,0:0:0:0:
475,192,61038,1,0,0:0:0:0:
329,192,61038,1,0,0:0:0:0:
109,192,61188,1,0,0:0:0:0:
182,192,61338,1,0,0:0:0:0:
402,192,61338,1,0,0:0:0:0:
329,192,61488,1,0,0:0:0:0:
475,192,61488,1,0,0:0:0:0:
256,192,61488,1,0,0:0:0:0:
36,192,61488,1,0,0:0:0:0:
402,192,61788,1,0,0:0:0:0:
256,192,61788,1,0,0:0:0:0:
475,192,62088,1,0,0:0:0:0:
256,192,62088,1,0,0:0:0:0:
36,192,62088,1,0,0:0:0:0:
402,192,62188,1,0,0:0:0:0:
182,192,62188,1,0,0:0:0:0:
329,192,62288,1,0,0:0:0:0:
109,192,62288,1,0,0:0:0:0:
182,192,62388,1,0,0:0:0:0:
402,192,62388,1,0,0:0:0:0:
109,192,62488,1,0,0:0:0:0:
329,192,62488,1,0,0:0:0:0:
36,192,62588,1,0,0:0:0:0:
256,192,62588,1,0,0:0:0:0:
329,192,62688,1,0,0:0:0:0:
182,192,62688,1,0,0:0:0:0:
475,192,62688,1,0,0:0:0:0:
402,192,62688,1,0,0:0:0:0:
256,192,62788,1,0,0:0:0:0:
109,192,62788,1,0,0:0:0:0:
475,192,62838,1,0,0:0:0:0:
182,192,62888,1,0,0:0:0:0:
36,192,62888,1,0,0:0:0:0:
402,192,62988,1,0,0:0:0:0:
256,192,62988,1,0,0:0:0:0:
182,192,63088,1,0,0:0:0:0:
329,192,63088,1,0,0:0:0:0:
109,192,63188,1,0,0:0:0:0:
256,192,63188,1,0,0:0:0:0:
36,192,63288,1,0,0:0:0:0:
475,192,63288,1,0,0:0:0:0:
329,192,63288,1,0,0:0:0:0:
182,192,63288,1,0,0:0:0:0:
402,192,63438,1,0,0:0:0:0:
109,192,63588,1,0,0:0:0:0:
256,192,63588,1,0,0:0:0:0:
182,192,63738,1,0,0:0:0:0:
329,192,63738,1,0,0:0:0:0:
256,192,63888,1,0,0:0:0:0:
402,192,63888,1,0,0:0:0:0:
475,192,63888,1,0,0:0:0:0:
36,192,63888,1,0,0:0:0:0:
182,192,64088,1,0,0:0:0:0:
256,192,64288,1,0,0:0:0:0:
329,192,64488,1,0,0:0:0:0:
109,192,64488,1,0,0:0:0:0:
475,192,64506,1,0,0:0:0:0:
402,192,64688,1,0,0:0:0:0:
329,192,64888,1,0,0:0:0:0:
182,192,64888,1,0,0:0:0:0:
36,192,64888,1,0,0:0:0:0:
109,192,65088,1,0,0:0:0:0:
256,192,65088,1,0,0:0:0:0:
402,192,65088,1,0,0:0:0:0:
475,192,65088,1,0,0:0:0:0:
329,192,65163,1,0,0:0:0:0:
182,192,65238,1,0,0:0:0:0:
36,192,65238,1,0,0:0:0:0:
256,192,65313,1,0,0:0:0:0:
329,192,65388,1,0,0:0:0:0:
475,192,65388,1,0,0:0:0:0:
109,192,65538,1,0,0:0:0:0:
182,192,65538,1,0,0:0:0:0:
36,192,65688,1,0,0:0:0:0:
256,192,65688,1,0,0:0:0:0:
402,192,65688,1,0,0:0:0:0:
475,192,65688,1,0,0:0:0:0:
109,192,65838,1,0,0:0:0:0:
329,192,65838,1,0,0:0:0:0:
182,192,65988,1,0,0:0:0:0:
402,192,65988,1,0,0:0:0:0:
36,192,65988,1,0,0:0:0:0:
256,192,66138,1,0,0:0:0:0:
475,192,66138,1,0,0:0:0:0:
36,192,66288,1,0,0:0:0:0:
109,192,66288,1,0,0:0:0:0:
182,192,66288,1,0,0:0:0:0:
329,192,66288,1,0,0:0:0:0:
256,192,66438,1,0,0:0:0:0:
402,192,66438,1,0,0:0:0:0:
36,192,66588,1,0,0:0:0:0:
329,192,66588,1,0,0:0:0:0:
182,192,66588,1,0,0:0:0:0:
256,192,66738,1,0,0:0:0:0:
402,192,66738,1,0,0:0:0:0:
36,192,66888,1,0,0:0:0:0:
329,192,66888,1,0,0:0:0:0:
475,192,66888,1,0,0:0:0:0:
402,192,66988,1,0,0:0:0:0:
256,192,66988,1,0,0:0:0:0:
329,192,67088,1,0,0:0:0:0:
182,192,67088,1,0,0:0:0:0:
256,192,67188,1,0,0:0:0:0:
109,192,67188,1,0,0:0:0:0:
475,192,67188,1,0,0:0:0:0:
329,192,67288,1,0,0:0:0:0:
182,192,67288,1,0,0:0:0:0:
36,192,67338,1,0,0:0:0:0:
109,192,67338,1,0,0:0:0:0:
256,192,67388,1,0,0:0:0:0:
402,192,67388,1,0,0:0:0:0:
182,192,67488,1,0,0:0:0:0:
36,192,67488,1,0,0:0:0:0:
329,192,67488,1,0,0:0:0:0:
475,192,67488,1,0,0:0:0:0:
256,192,67588,1,0,0:0:0:0:
109,192,67588,1,0,0:0:0:0:
402,192,67638,1,0,0:0:0:0:
475,192,67638,1,0,0:0:0:0:
36,192,67688,1,0,0:0:0:0:
182,192,67688,1,0,0:0:0:0:
475,192,67788,1,0,0:0:0:0:
256,192,67788,1,0,0:0:0:0:
402,192,67888,1,0,0:0:0:0:
182,192,67888,1,0,0:0:0:0:
109,192,67988,1,0,0:0:0:0:
329,192,67988,1,0,0:0:0:0:
256,192,68088,1,0,0:0:0:0:
475,192,68088,1,0,0:0:0:0:
182,192,68088,1,0,0:0:0:0:
36,192,68088,1,0,0:0:0:0:
329,192,68238,128,0,68538:0:0:0:0:
36,192,68388,1,0,0:0:0:0:
182,192,68388,1,0,0:0:0:0:
256,192,68538,1,0,0:0:0:0:
475,192,68538,1,0,0:0:0:0:
182,192,68613,1,0,0:0:0:0:
329,192,68688,1,0,0:0:0:0:
36,192,68688,1,0,0:0:0:0:
109,192,68688,1,0,0:0:0:0:
182,192,68838,1,0,0:0:0:0:
402,192,68838,1,0,0:0:0:0:
109,192,68988,1,0,0:0:0:0:
329,192,68988,1,0,0:0:0:0:
475,192,68988,1,0,0:0:0:0:
256,192,69138,1,0,0:0:0:0:
36,192,69138,1,0,0:0:0:0:
329,192,69288,1,0,0:0:0:0:
182,192,69363,1,0,0:0:0:0:
329,192,69438,128,0,69888:0:0:0:0:
36,192,69888,128,0,70038:0:0:0:0:
182,192,69888,1,0,0:0:0:0:
475,192,69888,1,0,0:0:0:0:
109,192,69963,128,0,70113:0:0:0:0:
256,192,69963,1,0,0:0:0:0:
182,192,70038,128,0,70188:0:0:0:0:
329,192,70038,1,0,0:0:0:0:
256,192,70113,128,0,70263:0:0:0:0:
402,192,70113,1,0,0:0:0:0:
36,192,70188,1,0,0:0:0:0:
329,192,70188,128,0,70338:0:0:0:0:
475,192,70188,1,0,0:0:0:0:
402,192,70263,128,0,70413:0:0:0:0:
109,192,70263,1,0,0:0:0:0:
475,192,70338,128,0,70488:0:0:0:0:
182,192,70338,1,0,0:0:0:0:
256,192,70413,1,0,0:0:0:0:
329,192,70488,1,0,0:0:0:0:
36,192,70488,128,0,71913:0:0:0:0:
109,192,70488,128,0,71913:0:0:0:0:
182,192,70638,1,0,0:0:0:0:
256,192,70788,1,0,0:0:0:0:
329,192,70788,1,0,0:0:0:0:
402,192,70788,1,0,0:0:0:0:
475,192,70788,1,0,0:0:0:0:
182,192,70788,1,0,0:0:0:0:
475,192,70938,1,0,0:0:0:0:
402,192,70938,1,0,0:0:0:0:
329,192,71088,1,0,0:0:0:0:
182,192,71088,1,0,0:0:0:0:
475,192,71238,1,0,0:0:0:0:
402,192,71238,1,0,0:0:0:0:
182,192,71388,1,0,0:0:0:0:
256,192,71388,1,0,0:0:0:0:
329,192,71388,1,0,0:0:0:0:
402,192,71388,1,0,0:0:0:0:
475,192,71388,1,0,0:0:0:0:
182,192,71538,1,0,0:0:0:0:
256,192,71538,1,0,0:0:0:0:
329,192,71688,1,0,0:0:0:0:
402,192,71688,1,0,0:0:0:0:
475,192,71688,1,0,0:0:0:0:
256,192,71838,1,0,0:0:0:0:
329,192,71838,1,0,0:0:0:0:
36,192,71988,1,0,0:0:0:0:
109,192,71988,1,0,0:0:0:0:
182,192,71988,1,0,0:0:0:0:
475,192,71988,128,0,72813:0:0:0:0:
256,192,71988,1,0,0:0:0:0:
402,192,71988,1,0,0:0:0:0:
329,192,72138,1,0,0:0:0:0:
182,192,72138,1,0,0:0:0:0:
402,192,72288,128,0,72813:0:0:0:0:
36,192,72288,1,0,0:0:0:0:
256,192,72288,1,0,0:0:0:0:
109,192,72288,1,0,0:0:0:0:
109,192,72438,1,0,0:0:0:0:
182,192,72438,1,0,0:0:0:0:
329,192,72588,128,0,72813:0:0:0:0:
36,192,72588,1,0,0:0:0:0:
182,192,72588,1,0,0:0:0:0:
256,192,72588,1,0,0:0:0:0:
109,192,72588,1,0,0:0:0:0:
109,192,72738,1,0,0:0:0:0:
256,192,72738,1,0,0:0:0:0:
182,192,72888,128,0,73563:0:0:0:0:
36,192,72888,1,0,0:0:0:0:
329,192,72888,1,0,0:0:0:0:
402,192,72888,1,0,0:0:0:0:
475,192,72888,1,0,0:0:0:0:
329,192,73038,1,0,0:0:0:0:
256,192,73038,1,0,0:0:0:0:
109,192,73188,1,0,0:0:0:0:
402,192,73188,1,0,0:0:0:0:
36,192,73188,1,0,0:0:0:0:
475,192,73188,1,0,0:0:0:0:
329,192,73338,128,0,74013:0:0:0:0:
256,192,73338,1,0,0:0:0:0:
36,192,73488,1,0,0:0:0:0:
109,192,73488,1,0,0:0:0:0:
402,192,73488,1,0,0:0:0:0:
475,192,73488,1,0,0:0:0:0:
256,192,73638,1,0,0:0:0:0:
182,192,73638,1,0,0:0:0:0:
109,192,73638,1,0,0:0:0:0:
256,192,73788,128,0,74013:0:0:0:0:
36,192,73788,1,0,0:0:0:0:
109,192,73788,1,0,0:0:0:0:
402,192,73788,1,0,0:0:0:0:
475,192,73788,1,0,0:0:0:0:
182,192,73938,1,0,0:0:0:0:
256,192,74088,1,0,0:0:0:0:
36,192,74088,1,0,0:0:0:0:
475,192,74088,1,0,0:0:0:0:
109,192,74125,128,0,74388:0:0:0:0:
402,192,74125,128,0,74388:0:0:0:0:
36,192,74238,128,0,74763:0:0:0:0:
475,192,74238,128,0,74913:0:0:0:0:
182,192,74238,1,0,0:0:0:0:
256,192,74313,1,0,0:0:0:0:
329,192,74388,128,0,74538:0:0:0:0:
256,192,74463,128,0,74613:0:0:0:0:
182,192,74538,128,0,74688:0:0:0:0:
329,192,74688,128,0,74913:0:0:0:0:
256,192,74688,1,0,0:0:0:0:
109,192,74838,128,0,75063:0:0:0:0:
36,192,74838,1,0,0:0:0:0:
256,192,74913,128,0,75138:0:0:0:0:
329,192,74988,1,0,0:0:0:0:
402,192,74988,128,0,75213:0:0:0:0:
475,192,74988,1,0,0:0:0:0:
36,192,75063,128,0,75138:0:0:0:0:
182,192,75138,128,0,75213:0:0:0:0:
329,192,75213,128,0,75288:0:0:0:0:
256,192,75288,1,0,0:0:0:0:
36,192,75288,1,0,0:0:0:0:
475,192,75288,128,0,76113:0:0:0:0:
109,192,75288,1,0,0:0:0:0:
182,192,75438,1,0,0:0:0:0:
329,192,75438,1,0,0:0:0:0:
36,192,75588,1,0,0:0:0:0:
109,192,75588,1,0,0:0:0:0:
182,192,75588,1,0,0:0:0:0:
256,192,75588,1,0,0:0:0:0:
402,192,75588,1,0,0:0:0:0:
329,192,75738,128,0,76338:0:0:0:0:
36,192,75738,1,0,0:0:0:0:
182,192,75738,1,0,0:0:0:0:
36,192,75888,128,0,76038:0:0:0:0:
256,192,75888,1,0,0:0:0:0:
109,192,75963,128,0,76113:0:0:0:0:
182,192,76038,128,0,76188:0:0:0:0:
256,192,76113,128,0,76263:0:0:0:0:
36,192,76188,1,0,0:0:0:0:
402,192,76188,128,0,76413:0:0:0:0:
475,192,76188,128,0,76413:0:0:0:0:
109,192,76263,1,0,0:0:0:0:
182,192,76338,1,0,0:0:0:0:
256,192,76413,1,0,0:0:0:0:
329,192,76488,1,0,0:0:0:0:
475,192,76488,1,0,0:0:0:0:
402,192,76488,1,0,0:0:0:0:
36,192,76488,128,0,77313:0:0:0:0:
182,192,76638,1,0,0:0:0:0:
256,192,76638,1,0,0:0:0:0:
402,192,76788,1,0,0:0:0:0:
109,192,76788,1,0,0:0:0:0:
329,192,76788,1,0,0:0:0:0:
475,192,76788,1,0,0:0:0:0:
256,192,76788,1,0,0:0:0:0:
182,192,76938,128,0,77538:0:0:0:0:
475,192,76938,1,0,0:0:0:0:
329,192,76938,1,0,0:0:0:0:
475,192,77088,128,0,77238:0:0:0:0:
256,192,77088,1,0,0:0:0:0:
402,192,77163,128,0,77313:0:0:0:0:
329,192,77238,128,0,77388:0:0:0:0:
256,192,77313,128,0,77463:0:0:0:0:
36,192,77388,128,0,77613:0:0:0:0:
109,192,77388,128,0,77613:0:0:0:0:
475,192,77388,1,0,0:0:0:0:
402,192,77463,1,0,0:0:0:0:
329,192,77538,1,0,0:0:0:0:
256,192,77613,1,0,0:0:0:0:
109,192,77688,1,0,0:0:0:0:
36,192,77688,1,0,0:0:0:0:
182,192,77688,1,0,0:0:0:0:
402,192,77688,1,0,0:0:0:0:
475,192,77688,128,0,77913:0:0:0:0:
402,192,77838,128,0,78063:0:0:0:0:
329,192,77838,1,0,0:0:0:0:
182,192,77838,1,0,0:0:0:0:
109,192,77988,1,0,0:0:0:0:
329,192,77988,128,0,78213:0:0:0:0:
256,192,77988,1,0,0:0:0:0:
475,192,77988,1,0,0:0:0:0:
256,192,78138,128,0,78363:0:0:0:0:
182,192,78138,1,0,0:0:0:0:
36,192,78138,1,0,0:0:0:0:
402,192,78138,1,0,0:0:0:0:
109,192,78288,1,0,0:0:0:0:
182,192,78288,128,0,78513:0:0:0:0:
475,192,78288,1,0,0:0:0:0:
329,192,78288,1,0,0:0:0:0:
109,192,78438,128,0,78663:0:0:0:0:
36,192,78438,1,0,0:0:0:0:
402,192,78438,1,0,0:0:0:0:
256,192,78438,1,0,0:0:0:0:
36,192,78588,128,0,78813:0:0:0:0:
329,192,78588,1,0,0:0:0:0:
475,192,78588,128,0,78813:0:0:0:0:
182,192,78588,1,0,0:0:0:0:
256,192,78738,1,0,0:0:0:0:
109,192,78738,1,0,0:0:0:0:
256,192,78888,128,0,79413:0:0:0:0:
36,192,78888,1,0,0:0:0:0:
475,192,78888,1,0,0:0:0:0:
402,192,78888,1,0,0:0:0:0:
109,192,78963,1,0,0:0:0:0:
329,192,78963,1,0,0:0:0:0:
182,192,79038,1,0,0:0:0:0:
475,192,79038,1,0,0:0:0:0:
402,192,79038,1,0,0:0:0:0:
109,192,79113,1,0,0:0:0:0:
329,192,79113,1,0,0:0:0:0:
36,192,79188,1,0,0:0:0:0:
402,192,79188,1,0,0:0:0:0:
475,192,79188,1,0,0:0:0:0:
109,192,79263,1,0,0:0:0:0:
329,192,79263,1,0,0:0:0:0:
182,192,79338,1,0,0:0:0:0:
475,192,79338,1,0,0:0:0:0:
402,192,79338,1,0,0:0:0:0:
109,192,79413,1,0,0:0:0:0:
329,192,79413,1,0,0:0:0:0:
475,192,79488,1,0,0:0:0:0:
36,192,79488,1,0,0:0:0:0:
256,192,79488,1,0,0:0:0:0:
109,192,79525,1,0,0:0:0:0:
182,192,79563,1,0,0:0:0:0:
402,192,79600,1,0,0:0:0:0:
329,192,79638,1,0,0:0:0:0:
256,192,79675,1,0,0:0:0:0:
182,192,79713,1,0,0:0:0:0:
109,192,79750,1,0,0:0:0:0:
329,192,79788,1,0,0:0:0:0:
402,192,79825,1,0,0:0:0:0:
475,192,79863,1,0,0:0:0:0:
36,192,79900,1,0,0:0:0:0:
109,192,79938,1,0,0:0:0:0:
182,192,79975,1,0,0:0:0:0:
256,192,80013,1,0,0:0:0:0:
329,192,80050,1,0,0:0:0:0:
36,192,80088,1,0,0:0:0:0:
475,192,80088,1,0,0:0:0:0:
182,192,80088,1,0,0:0:0:0:
402,192,80088,1,0,0:0:0:0:
329,192,80238,1,0,0:0:0:0:
475,192,80238,1,0,0:0:0:0:
109,192,80238,1,0,0:0:0:0:
36,192,80388,1,0,0:0:0:0:
109,192,80388,1,0,0:0:0:0:
182,192,80388,1,0,0:0:0:0:
402,192,80388,1,0,0:0:0:0:
329,192,80388,1,0,0:0:0:0:
109,192,80538,1,0,0:0:0:0:
256,192,80538,1,0,0:0:0:0:
329,192,80538,1,0,0:0:0:0:
36,192,80688,1,0,0:0:0:0:
182,192,80688,1,0,0:0:0:0:
329,192,80688,1,0,0:0:0:0:
402,192,80688,1,0,0:0:0:0:
475,192,80688,1,0,0:0:0:0:
256,192,80838,1,0,0:0:0:0:
402,192,80838,1,0,0:0:0:0:
182,192,80838,1,0,0:0:0:0:
36,192,80988,1,0,0:0:0:0:
329,192,80988,1,0,0:0:0:0:
402,192,80988,1,0,0:0:0:0:
109,192,80988,1,0,0:0:0:0:
475,192,80988,1,0,0:0:0:0:
256,192,81138,1,0,0:0:0:0:
329,192,81138,1,0,0:0:0:0:
475,192,81138,1,0,0:0:0:0:
36,192,81288,1,0,0:0:0:0:
182,192,81288,1,0,0:0:0:0:
402,192,81288,1,0,0:0:0:0:
475,192,81288,1,0,0:0:0:0:
329,192,81288,1,0,0:0:0:0:
109,192,81363,1,0,0:0:0:0:
182,192,81438,1,0,0:0:0:0:
402,192,81438,1,0,0:0:0:0:
256,192,81513,1,0,0:0:0:0:
329,192,81588,1,0,0:0:0:0:
475,192,81588,1,0,0:0:0:0:
109,192,81588,1,0,0:0:0:0:
36,192,81588,1,0,0:0:0:0:
182,192,81663,1,0,0:0:0:0:
256,192,81738,1,0,0:0:0:0:
475,192,81738,1,0,0:0:0:0:
329,192,81738,1,0,0:0:0:0:
402,192,81813,1,0,0:0:0:0:
109,192,81813,1,0,0:0:0:0:
329,192,81888,1,0,0:0:0:0:
182,192,81888,1,0,0:0:0:0:
36,192,81888,1,0,0:0:0:0:
256,192,81963,1,0,0:0:0:0:
475,192,81963,1,0,0:0:0:0:
402,192,82038,1,0,0:0:0:0:
109,192,82038,1,0,0:0:0:0:
329,192,82113,1,0,0:0:0:0:
182,192,82113,1,0,0:0:0:0:
256,192,82188,1,0,0:0:0:0:
36,192,82188,1,0,0:0:0:0:
475,192,82188,1,0,0:0:0:0:
182,192,82263,1,0,0:0:0:0:
402,192,82263,1,0,0:0:0:0:
329,192,82338,1,0,0:0:0:0:
109,192,82338,1,0,0:0:0:0:
182,192,82413,1,0,0:0:0:0:
36,192,82488,1,0,0:0:0:0:
475,192,82488,1,0,0:0:0:0:
256,192,82488,1,0,0:0:0:0:
402,192,82488,1,0,0:0:0:0:
329,192,82563,1,0,0:0:0:0:
109,192,82563,1,0,0:0:0:0:
475,192,82638,1,0,0:0:0:0:
182,192,82638,1,0,0:0:0:0:
329,192,82713,1,0,0:0:0:0:
109,192,82713,1,0,0:0:0:0:
475,192,82788,1,0,0:0:0:0:
36,192,82788,1,0,0:0:0:0:
256,192,82788,1,0,0:0:0:0:
329,192,82863,1,0,0:0:0:0:
475,192,82938,1,0,0:0:0:0:
182,192,82938,1,0,0:0:0:0:
256,192,82938,1,0,0:0:0:0:
402,192,82938,1,0,0:0:0:0:
109,192,82938,1,0,0:0:0:0:
329,192,83013,1,0,0:0:0:0:
36,192,83088,1,0,0:0:0:0:
475,192,83088,1,0,0:0:0:0:
256,192,83088,1,0,0:0:0:0:
182,192,83163,1,0,0:0:0:0:
402,192,83163,1,0,0:0:0:0:
109,192,83238,1,0,0:0:0:0:
329,192,83238,1,0,0:0:0:0:
256,192,83313,1,0,0:0:0:0:
182,192,83388,1,0,0:0:0:0:
36,192,83388,1,0,0:0:0:0:
329,192,83388,1,0,0:0:0:0:
475,192,83388,1,0,0:0:0:0:
256,192,83463,1,0,0:0:0:0:
182,192,83538,1,0,0:0:0:0:
402,192,83538,1,0,0:0:0:0:
109,192,83613,1,0,0:0:0:0:
329,192,83613,1,0,0:0:0:0:
36,192,83688,128,0,83838:0:0:0:0:
256,192,83688,1,0,0:0:0:0:
475,192,83688,1,0,0:0:0:0:
329,192,83763,1,0,0:0:0:0:
109,192,83763,128,0,83913:0:0:0:0:
402,192,83838,1,0,0:0:0:0:
182,192,83838,128,0,83988:0:0:0:0:
475,192,83913,1,0,0:0:0:0:
256,192,83913,128,0,84063:0:0:0:0:
109,192,83988,128,0,84138:0:0:0:0:
329,192,83988,1,0,0:0:0:0:
182,192,84063,128,0,84213:0:0:0:0:
402,192,84063,1,0,0:0:0:0:
256,192,84138,128,0,84288:0:0:0:0:
475,192,84138,1,0,0:0:0:0:
329,192,84213,128,0,84363:0:0:0:0:
36,192,84213,1,0,0:0:0:0:
182,192,84288,128,0,84438:0:0:0:0:
402,192,84288,1,0,0:0:0:0:
256,192,84363,128,0,84513:0:0:0:0:
475,192,84363,1,0,0:0:0:0:
329,192,84438,128,0,84588:0:0:0:0:
109,192,84438,1,0,0:0:0:0:
402,192,84513,128,0,84663:0:0:0:0:
182,192,84513,1,0,0:0:0:0:
256,192,84588,128,0,84663:0:0:0:0:
475,192,84588,1,0,0:0:0:0:
36,192,84588,128,0,84663:0:0:0:0:
329,192,84663,128,0,84738:0:0:0:0:
109,192,84663,128,0,84738:0:0:0:0:
402,192,84738,128,0,84813:0:0:0:0:
182,192,84738,128,0,84813:0:0:0:0:
475,192,84813,128,0,84888:0:0:0:0:
256,192,84813,128,0,84888:0:0:0:0:
329,192,84888,128,0,85263:0:0:0:0:
402,192,84888,128,0,85413:0:0:0:0:
109,192,84888,128,0,85038:0:0:0:0:
36,192,84888,1,0,0:0:0:0:
182,192,85038,1,0,0:0:0:0:
36,192,85188,128,0,85338:0:0:0:0:
109,192,85188,1,0,0:0:0:0:
475,192,85188,128,0,85413:0:0:0:0:
256,192,85188,1,0,0:0:0:0:
109,192,85338,128,0,85488:0:0:0:0:
182,192,85338,1,0,0:0:0:0:
329,192,85338,1,0,0:0:0:0:
36,192,85413,1,0,0:0:0:0:
182,192,85488,128,0,85638:0:0:0:0:
256,192,85488,1,0,0:0:0:0:
475,192,85488,1,0,0:0:0:0:
402,192,85488,1,0,0:0:0:0:
109,192,85563,1,0,0:0:0:0:
256,192,85638,128,0,85788:0:0:0:0:
329,192,85638,1,0,0:0:0:0:
475,192,85638,1,0,0:0:0:0:
182,192,85713,1,0,0:0:0:0:
329,192,85788,128,0,85938:0:0:0:0:
402,192,85788,1,0,0:0:0:0:
36,192,85788,1,0,0:0:0:0:
256,192,85863,1,0,0:0:0:0:
402,192,85938,128,0,86088:0:0:0:0:
475,192,85938,1,0,0:0:0:0:
109,192,85938,1,0,0:0:0:0:
329,192,86013,1,0,0:0:0:0:
475,192,86088,128,0,86613:0:0:0:0:
36,192,86088,128,0,86613:0:0:0:0:
256,192,86088,128,0,86163:0:0:0:0:
182,192,86088,1,0,0:0:0:0:
256,192,86238,128,0,86313:0:0:0:0:
329,192,86238,1,0,0:0:0:0:
109,192,86388,128,0,86613:0:0:0:0:
402,192,86388,128,0,86613:0:0:0:0:
256,192,86388,128,0,86613:0:0:0:0:
182,192,86388,1,0,0:0:0:0:
329,192,86538,1,0,0:0:0:0:
256,192,86688,1,0,0:0:0:0:
475,192,86688,1,0,0:0:0:0:
36,192,86688,1,0,0:0:0:0:
182,192,86763,1,0,0:0:0:0:
402,192,86763,1,0,0:0:0:0:
109,192,86838,1,0,0:0:0:0:
329,192,86838,1,0,0:0:0:0:
36,192,86913,1,0,0:0:0:0:
256,192,86913,1,0,0:0:0:0:
256,192,86988,1,0,0:0:0:0:
475,192,86988,1,0,0:0:0:0:
182,192,87063,1,0,0:0:0:0:
402,192,87063,1,0,0:0:0:0:
109,192,87138,1,0,0:0:0:0:
329,192,87138,1,0,0:0:0:0:
36,192,87213,1,0,0:0:0:0:
256,192,87213,1,0,0:0:0:0:
36,192,87288,1,0,0:0:0:0:
182,192,87288,128,0,87663:0:0:0:0:
402,192,87288,128,0,88413:0:0:0:0:
109,192,87288,1,0,0:0:0:0:
475,192,87288,1,0,0:0:0:0:
329,192,87438,1,0,0:0:0:0:
36,192,87588,1,0,0:0:0:0:
109,192,87588,1,0,0:0:0:0:
256,192,87588,1,0,0:0:0:0:
475,192,87588,1,0,0:0:0:0:
329,192,87738,128,0,88113:0:0:0:0:
182,192,87738,1,0,0:0:0:0:
109,192,87738,1,0,0:0:0:0:
36,192,87888,1,0,0:0:0:0:
182,192,87888,1,0,0:0:0:0:
475,192,87888,1,0,0:0:0:0:
256,192,87888,1,0,0:0:0:0:
109,192,88038,1,0,0:0:0:0:
256,192,88038,1,0,0:0:0:0:
475,192,88188,128,0,88413:0:0:0:0:
36,192,88188,1,0,0:0:0:0:
182,192,88188,1,0,0:0:0:0:
109,192,88188,1,0,0:0:0:0:
329,192,88188,1,0,0:0:0:0:
329,192,88338,128,0,88413:0:0:0:0:
256,192,88338,1,0,0:0:0:0:
109,192,88338,1,0,0:0:0:0:
36,192,88488,1,0,0:0:0:0:
475,192,88488,1,0,0:0:0:0:
256,192,88488,1,0,0:0:0:0:
182,192,88488,1,0,0:0:0:0:
402,192,88563,1,0,0:0:0:0:
329,192,88563,1,0,0:0:0:0:
109,192,88638,1,0,0:0:0:0:
182,192,88638,1,0,0:0:0:0:
402,192,88713,1,0,0:0:0:0:
475,192,88713,1,0,0:0:0:0:
36,192,88788,1,0,0:0:0:0:
109,192,88788,1,0,0:0:0:0:
182,192,88788,1,0,0:0:0:0:
256,192,88788,1,0,0:0:0:0:
329,192,88863,1,0,0:0:0:0:
402,192,88863,1,0,0:0:0:0:
182,192,88938,1,0,0:0:0:0:
256,192,88938,1,0,0:0:0:0:
36,192,89013,1,0,0:0:0:0:
109,192,89013,1,0,0:0:0:0:
256,192,89088,1,0,0:0:0:0:
329,192,89088,1,0,0:0:0:0:
402,192,89088,1,0,0:0:0:0:
475,192,89088,1,0,0:0:0:0:
109,192,89163,1,0,0:0:0:0:
182,192,89163,1,0,0:0:0:0:
256,192,89238,1,0,0:0:0:0:
329,192,89238,1,0,0:0:0:0:
402,192,89313,1,0,0:0:0:0:
475,192,89313,1,0,0:0:0:0:
36,192,89388,1,0,0:0:0:0:
109,192,89388,1,0,0:0:0:0:
182,192,89388,1,0,0:0:0:0:
256,192,89388,1,0,0:0:0:0:
329,192,89463,1,0,0:0:0:0:
475,192,89463,1,0,0:0:0:0:
36,192,89538,1,0,0:0:0:0:
182,192,89538,1,0,0:0:0:0:
256,192,89613,1,0,0:0:0:0:
329,192,89613,1,0,0:0:0:0:
182,192,89688,1,0,0:0:0:0:
109,192,89688,128,0,89913:0:0:0:0:
36,192,89688,128,0,89913:0:0:0:0:
402,192,89688,1,0,0:0:0:0:
475,192,89688,1,0,0:0:0:0:
256,192,89838,1,0,0:0:0:0:
402,192,89838,1,0,0:0:0:0:
36,192,89988,1,0,0:0:0:0:
109,192,89988,1,0,0:0:0:0:
182,192,89988,1,0,0:0:0:0:
329,192,89988,1,0,0:0:0:0:
475,192,89988,1,0,0:0:0:0:
109,192,90138,1,0,0:0:0:0:
256,192,90138,1,0,0:0:0:0:
329,192,90138,1,0,0:0:0:0:
402,192,90138,1,0,0:0:0:0:
475,192,90138,1,0,0:0:0:0:
36,192,90288,1,0,0:0:0:0:
182,192,90288,1,0,0:0:0:0:
329,192,90288,1,0,0:0:0:0:
256,192,90288,1,0,0:0:0:0:
475,192,90288,1,0,0:0:0:0:
109,192,90438,1,0,0:0:0:0:
182,192,90438,1,0,0:0:0:0:
329,192,90438,1,0,0:0:0:0:
402,192,90438,1,0,0:0:0:0:
475,192,90438,1,0,0:0:0:0:
36,192,90588,1,0,0:0:0:0:
109,192,90588,1,0,0:0:0:0:
182,192,90588,1,0,0:0:0:0:
256,192,90588,1,0,0:0:0:0:
329,192,90588,1,0,0:0:0:0:
182,192,90738,1,0,0:0:0:0:
256,192,90738,1,0,0:0:0:0:
329,192,90738,1,0,0:0:0:0:
402,192,90738,1,0,0:0:0:0:
475,192,90738,1,0,0:0:0:0:
36,192,90888,1,0,0:0:0:0:
182,192,90888,1,0,0:0:0:0:
109,192,90888,1,0,0:0:0:0:
402,192,90888,1,0,0:0:0:0:
329,192,90888,1,0,0:0:0:0:
256,192,90963,1,0,0:0:0:0:
182,192,91038,1,0,0:0:0:0:
402,192,91038,1,0,0:0:0:0:
256,192,91113,1,0,0:0:0:0:
329,192,91188,1,0,0:0:0:0:
475,192,91188,1,0,0:0:0:0:
109,192,91188,1,0,0:0:0:0:
36,192,91188,1,0,0:0:0:0:
182,192,91263,1,0,0:0:0:0:
256,192,91338,1,0,0:0:0:0:
475,192,91338,1,0,0:0:0:0:
329,192,91338,1,0,0:0:0:0:
402,192,91413,1,0,0:0:0:0:
109,192,91413,1,0,0:0:0:0:
329,192,91488,1,0,0:0:0:0:
182,192,91488,1,0,0:0:0:0:
36,192,91488,1,0,0:0:0:0:
256,192,91563,1,0,0:0:0:0:
475,192,91563,1,0,0:0:0:0:
402,192,91638,1,0,0:0:0:0:
109,192,91638,1,0,0:0:0:0:
329,192,91713,1,0,0:0:0:0:
182,192,91713,1,0,0:0:0:0:
256,192,91788,1,0,0:0:0:0:
36,192,91788,1,0,0:0:0:0:
475,192,91788,1,0,0:0:0:0:
182,192,91863,1,0,0:0:0:0:
402,192,91863,1,0,0:0:0:0:
329,192,91938,1,0,0:0:0:0:
109,192,91938,1,0,0:0:0:0:
182,192,92013,1,0,0:0:0:0:
36,192,92088,1,0,0:0:0:0:
475,192,92088,1,0,0:0:0:0:
256,192,92088,1,0,0:0:0:0:
402,192,92088,1,0,0:0:0:0:
329,192,92163,1,0,0:0:0:0:
109,192,92163,1,0,0:0:0:0:
475,192,92238,1,0,0:0:0:0:
182,192,92238,1,0,0:0:0:0:
329,192,92313,1,0,0:0:0:0:
109,192,92313,1,0,0:0:0:0:
475,192,92388,1,0,0:0:0:0:
36,192,92388,1,0,0:0:0:0:
256,192,92388,1,0,0:0:0:0:
329,192,92463,1,0,0:0:0:0:
475,192,92538,1,0,0:0:0:0:
182,192,92538,1,0,0:0:0:0:
256,192,92538,1,0,0:0:0:0:
402,192,92538,1,0,0:0:0:0:
109,192,92538,1,0,0:0:0:0:
329,192,92613,1,0,0:0:0:0:
36,192,92688,1,0,0:0:0:0:
475,192,92688,1,0,0:0:0:0:
256,192,92688,1,0,0:0:0:0:
182,192,92763,1,0,0:0:0:0:
402,192,92763,1,0,0:0:0:0:
109,192,92838,1,0,0:0:0:0:
329,192,92838,1,0,0:0:0:0:
36,192,92838,1,0,0:0:0:0:
256,192,92913,1,0,0:0:0:0:
182,192,92988,1,0,0:0:0:0:
36,192,92988,1,0,0:0:0:0:
329,192,92988,1,0,0:0:0:0:
475,192,92988,1,0,0:0:0:0:
256,192,93063,1,0,0:0:0:0:
109,192,93138,1,0,0:0:0:0:
402,192,93138,1,0,0:0:0:0:
475,192,93138,1,0,0:0:0:0:
182,192,93213,1,0,0:0:0:0:
329,192,93213,1,0,0:0:0:0:
36,192,93288,1,0,0:0:0:0:
256,192,93288,1,0,0:0:0:0:
475,192,93288,1,0,0:0:0:0:
109,192,93338,1,0,0:0:0:0:
402,192,93338,1,0,0:0:0:0:
182,192,93388,1,0,0:0:0:0:
329,192,93388,1,0,0:0:0:0:
475,192,93438,1,0,0:0:0:0:
36,192,93438,1,0,0:0:0:0:
402,192,93488,1,0,0:0:0:0:
109,192,93488,1,0,0:0:0:0:
329,192,93538,1,0,0:0:0:0:
182,192,93538,1,0,0:0:0:0:
475,192,93588,1,0,0:0:0:0:
36,192,93588,1,0,0:0:0:0:
109,192,93638,1,0,0:0:0:0:
402,192,93638,1,0,0:0:0:0:
182,192,93688,1,0,0:0:0:0:
329,192,93688,1,0,0:0:0:0:
36,192,93738,1,0,0:0:0:0:
475,192,93738,1,0,0:0:0:0:
109,192,93788,1,0,0:0:0:0:
402,192,93788,1,0,0:0:0:0:
182,192,93838,1,0,0:0:0:0:
329,192,93838,1,0,0:0:0:0:
475,192,93888,1,0,0:0:0:0:
402,192,93888,1,0,0:0:0:0:
256,192,93888,128,0,94138:0:0:0:0:
109,192,93938,1,0,0:0:0:0:
36,192,93938,1,0,0:0:0:0:
475,192,93988,1,0,0:0:0:0:
402,192,93988,1,0,0:0:0:0:
36,192,94038,1,0,0:0:0:0:
109,192,94038,1,0,0:0:0:0:
402,192,94088,1,0,0:0:0:0:
475,192,94088,1,0,0:0:0:0:
36,192,94138,1,0,0:0:0:0:
109,192,94138,1,0,0:0:0:0:
475,192,94188,128,0,94288:0:0:0:0:
402,192,94213,128,0,94313:0:0:0:0:
329,192,94238,128,0,94338:0:0:0:0:
256,192,94263,128,0,94363:0:0:0:0:
182,192,94288,128,0,94388:0:0:0:0:
109,192,94313,128,0,94413:0:0:0:0:
475,192,94338,1,0,0:0:0:0:
36,192,94338,128,0,94438:0:0:0:0:
402,192,94363,1,0,0:0:0:0:
329,192,94388,1,0,0:0:0:0:
256,192,94413,1,0,0:0:0:0:
182,192,94438,1,0,0:0:0:0:
109,192,94463,1,0,0:0:0:0:
36,192,94488,1,0,0:0:0:0:
402,192,94488,1,0,0:0:0:0:
475,192,94488,1,0,0:0:0:0:
329,192,94488,1,0,0:0:0:0:
182,192,94638,1,0,0:0:0:0:
109,192,94638,1,0,0:0:0:0:
256,192,94638,1,0,0:0:0:0:
329,192,94638,1,0,0:0:0:0:
329,192,94788,1,0,0:0:0:0:
402,192,94788,1,0,0:0:0:0:
256,192,94788,1,0,0:0:0:0:
182,192,94788,1,0,0:0:0:0:
36,192,94938,1,0,0:0:0:0:
109,192,94938,1,0,0:0:0:0:
182,192,94938,1,0,0:0:0:0:
256,192,94938,1,0,0:0:0:0:
256,192,95088,1,0,0:0:0:0:
402,192,95088,128,0,95163:0:0:0:0:
329,192,95088,1,0,0:0:0:0:
475,192,95163,128,0,95238:0:0:0:0:
182,192,95238,1,0,0:0:0:0:
329,192,95238,128,0,95313:0:0:0:0:
256,192,95238,1,0,0:0:0:0:
402,192,95313,128,0,95388:0:0:0:0:
109,192,95388,1,0,0:0:0:0:
256,192,95388,128,0,95463:0:0:0:0:
182,192,95388,1,0,0:0:0:0:
329,192,95463,128,0,95538:0:0:0:0:
36,192,95538,1,0,0:0:0:0:
182,192,95538,128,0,95613:0:0:0:0:
109,192,95538,1,0,0:0:0:0:
256,192,95613,128,0,95688:0:0:0:0:
329,192,95688,1,0,0:0:0:0:
475,192,95688,1,0,0:0:0:0:
109,192,95688,1,0,0:0:0:0:
36,192,95688,1,0,0:0:0:0:
182,192,95763,1,0,0:0:0:0:
256,192,95763,1,0,0:0:0:0:
329,192,95838,1,0,0:0:0:0:
402,192,95838,1,0,0:0:0:0:
36,192,95838,1,0,0:0:0:0:
182,192,95913,1,0,0:0:0:0:
109,192,95913,1,0,0:0:0:0:
402,192,95988,1,0,0:0:0:0:
329,192,95988,1,0,0:0:0:0:
36,192,95988,1,0,0:0:0:0:
182,192,96063,1,0,0:0:0:0:
256,192,96063,1,0,0:0:0:0:
329,192,96138,1,0,0:0:0:0:
402,192,96138,1,0,0:0:0:0:
36,192,96138,1,0,0:0:0:0:
182,192,96213,1,0,0:0:0:0:
109,192,96213,1,0,0:0:0:0:
36,192,96288,1,0,0:0:0:0:
475,192,96288,1,0,0:0:0:0:
256,192,96288,1,0,0:0:0:0:
402,192,96325,1,0,0:0:0:0:
329,192,96363,1,0,0:0:0:0:
256,192,96400,1,0,0:0:0:0:
182,192,96438,1,0,0:0:0:0:
36,192,96475,1,0,0:0:0:0:
109,192,96513,1,0,0:0:0:0:
182,192,96550,1,0,0:0:0:0:
256,192,96588,1,0,0:0:0:0:
475,192,96625,1,0,0:0:0:0:
402,192,96663,1,0,0:0:0:0:
329,192,96700,1,0,0:0:0:0:
256,192,96738,1,0,0:0:0:0:
182,192,96775,1,0,0:0:0:0:
109,192,96813,1,0,0:0:0:0:
36,192,96850,1,0,0:0:0:0:
402,192,96888,1,0,0:0:0:0:
256,192,96888,1,0,0:0:0:0:
182,192,97038,1,0,0:0:0:0:
109,192,97188,1,0,0:0:0:0:
329,192,97338,1,0,0:0:0:0:
475,192,97338,1,0,0:0:0:0:
109,192,97638,1,0,0:0:0:0:
329,192,97638,1,0,0:0:0:0:
182,192,97788,1,0,0:0:0:0:
402,192,97788,1,0,0:0:0:0:
256,192,97938,1,0,0:0:0:0:
475,192,97938,1,0,0:0:0:0:
36,192,98088,1,0,0:0:0:0:
182,192,98088,1,0,0:0:0:0:
329,192,98538,1,0,0:0:0:0:
329,192,98613,1,0,0:0:0:0:
109,192,98688,128,0,98763:0:0:0:0:
182,192,98688,128,0,98763:0:0:0:0:
329,192,98838,128,0,98913:0:0:0:0:
475,192,98838,128,0,98913:0:0:0:0:
36,192,98988,128,0,99213:0:0:0:0:
256,192,98988,128,0,99063:0:0:0:0:
182,192,98988,1,0,0:0:0:0:
402,192,99063,128,0,99138:0:0:0:0:
329,192,99063,1,0,0:0:0:0:
182,192,99138,128,0,99213:0:0:0:0:
109,192,99138,1,0,0:0:0:0:
329,192,99213,128,0,99288:0:0:0:0:
256,192,99213,1,0,0:0:0:0:
182,192,99288,1,0,0:0:0:0:
36,192,99288,1,0,0:0:0:0:
475,192,99288,1,0,0:0:0:0:
402,192,99288,1,0,0:0:0:0:
256,192,99438,1,0,0:0:0:0:
182,192,99438,1,0,0:0:0:0:
109,192,99513,1,0,0:0:0:0:
36,192,99588,1,0,0:0:0:0:
256,192,99588,1,0,0:0:0:0:
402,192,99588,1,0,0:0:0:0:
475,192,99588,1,0,0:0:0:0:
109,192,99738,1,0,0:0:0:0:
402,192,99813,1,0,0:0:0:0:
182,192,99813,1,0,0:0:0:0:
329,192,99813,1,0,0:0:0:0:
36,192,99888,1,0,0:0:0:0:
256,192,99888,1,0,0:0:0:0:
475,192,99888,1,0,0:0:0:0:
182,192,99963,1,0,0:0:0:0:
329,192,99963,1,0,0:0:0:0:
402,192,99963,1,0,0:0:0:0:
109,192,100038,1,0,0:0:0:0:
182,192,100113,1,0,0:0:0:0:
329,192,100113,1,0,0:0:0:0:
402,192,100113,1,0,0:0:0:0:
256,192,100188,1,0,0:0:0:0:
475,192,100188,1,0,0:0:0:0:
36,192,100188,1,0,0:0:0:0:
182,192,100263,1,0,0:0:0:0:
402,192,100263,1,0,0:0:0:0:
109,192,100338,1,0,0:0:0:0:
329,192,100338,1,0,0:0:0:0:
256,192,100413,1,0,0:0:0:0:
475,192,100413,1,0,0:0:0:0:
329,192,100488,1,0,0:0:0:0:
182,192,100488,1,0,0:0:0:0:
36,192,100488,1,0,0:0:0:0:
475,192,100563,1,0,0:0:0:0:
402,192,100563,1,0,0:0:0:0:
109,192,100638,1,0,0:0:0:0:
256,192,100638,1,0,0:0:0:0:
329,192,100713,1,0,0:0:0:0:
402,192,100713,1,0,0:0:0:0:
36,192,100788,1,0,0:0:0:0:
182,192,100788,1,0,0:0:0:0:
475,192,100788,1,0,0:0:0:0:
256,192,100863,1,0,0:0:0:0:
329,192,100863,1,0,0:0:0:0:
109,192,100938,1,0,0:0:0:0:
402,192,100938,1,0,0:0:0:0:
182,192,101013,1,0,0:0:0:0:
256,192,101013,1,0,0:0:0:0:
36,192,101088,1,0,0:0:0:0:
475,192,101088,1,0,0:0:0:0:
329,192,101088,1,0,0:0:0:0:
182,192,101163,1,0,0:0:0:0:
109,192,101163,1,0,0:0:0:0:
256,192,101238,1,0,0:0:0:0:
402,192,101238,1,0,0:0:0:0:
36,192,101313,1,0,0:0:0:0:
109,192,101313,1,0,0:0:0:0:
182,192,101388,1,0,0:0:0:0:
256,192,101388,1,0,0:0:0:0:
329,192,101388,1,0,0:0:0:0:
402,192,101463,1,0,0:0:0:0:
475,192,101463,1,0,0:0:0:0:
182,192,101538,1,0,0:0:0:0:
256,192,101538,1,0,0:0:0:0:
109,192,101538,1,0,0:0:0:0:
402,192,101613,1,0,0:0:0:0:
329,192,101613,1,0,0:0:0:0:
36,192,101688,128,0,101913:0:0:0:0:
182,192,101688,128,0,101913:0:0:0:0:
475,192,101688,128,0,101913:0:0:0:0:
329,192,101838,1,0,0:0:0:0:
256,192,101913,1,0,0:0:0:0:
36,192,101988,1,0,0:0:0:0:
182,192,101988,1,0,0:0:0:0:
475,192,101988,1,0,0:0:0:0:
256,192,102063,1,0,0:0:0:0:
329,192,102138,128,0,102213:0:0:0:0:
402,192,102138,128,0,102213:0:0:0:0:
182,192,102213,128,0,102288:0:0:0:0:
109,192,102213,128,0,102288:0:0:0:0:
256,192,102288,1,0,0:0:0:0:
36,192,102288,1,0,0:0:0:0:
475,192,102288,1,0,0:0:0:0:
402,192,102363,1,0,0:0:0:0:
109,192,102363,128,0,102438:0:0:0:0:
182,192,102363,128,0,102438:0:0:0:0:
329,192,102438,1,0,0:0:0:0:
402,192,102513,1,0,0:0:0:0:
109,192,102513,128,0,102588:0:0:0:0:
182,192,102513,128,0,102588:0:0:0:0:
475,192,102588,1,0,0:0:0:0:
36,192,102588,1,0,0:0:0:0:
256,192,102588,1,0,0:0:0:0:
329,192,102663,1,0,0:0:0:0:
109,192,102663,1,0,0:0:0:0:
402,192,102738,1,0,0:0:0:0:
182,192,102738,1,0,0:0:0:0:
256,192,102813,1,0,0:0:0:0:
36,192,102813,1,0,0:0:0:0:
182,192,102888,1,0,0:0:0:0:
329,192,102888,1,0,0:0:0:0:
475,192,102888,1,0,0:0:0:0:
109,192,102963,128,0,103038:0:0:0:0:
36,192,102963,128,0,103038:0:0:0:0:
402,192,103038,1,0,0:0:0:0:
256,192,103038,1,0,0:0:0:0:
182,192,103113,128,0,103188:0:0:0:0:
109,192,103113,128,0,103188:0:0:0:0:
475,192,103188,1,0,0:0:0:0:
329,192,103188,1,0,0:0:0:0:
36,192,103188,1,0,0:0:0:0:
256,192,103263,128,0,103338:0:0:0:0:
182,192,103263,128,0,103338:0:0:0:0:
402,192,103338,1,0,0:0:0:0:
109,192,103338,1,0,0:0:0:0:
256,192,103413,128,0,103488:0:0:0:0:
329,192,103413,128,0,103488:0:0:0:0:
475,192,103488,1,0,0:0:0:0:
36,192,103488,1,0,0:0:0:0:
182,192,103488,1,0,0:0:0:0:
402,192,103563,128,0,103638:0:0:0:0:
329,192,103563,128,0,103638:0:0:0:0:
256,192,103638,1,0,0:0:0:0:
109,192,103638,1,0,0:0:0:0:
402,192,103713,128,0,103788:0:0:0:0:
475,192,103713,128,0,103788:0:0:0:0:
329,192,103788,1,0,0:0:0:0:
256,192,103788,1,0,0:0:0:0:
182,192,103788,1,0,0:0:0:0:
109,192,103863,128,0,103938:0:0:0:0:
36,192,103863,128,0,103938:0:0:0:0:
329,192,103938,1,0,0:0:0:0:
256,192,103938,1,0,0:0:0:0:
402,192,103938,1,0,0:0:0:0:
182,192,104013,1,0,0:0:0:0:
109,192,104013,1,0,0:0:0:0:
256,192,104088,128,0,104313:0:0:0:0:
475,192,104088,128,0,104313:0:0:0:0:
402,192,104088,128,0,104313:0:0:0:0:
36,192,104088,128,0,104313:0:0:0:0:
182,192,104238,1,0,0:0:0:0:
109,192,104313,1,0,0:0:0:0:
36,192,104388,1,0,0:0:0:0:
329,192,104388,1,0,0:0:0:0:
402,192,104388,1,0,0:0:0:0:
475,192,104406,1,0,0:0:0:0:
182,192,104463,1,0,0:0:0:0:
256,192,104538,1,0,0:0:0:0:
109,192,104538,1,0,0:0:0:0:
475,192,104613,1,0,0:0:0:0:
329,192,104613,1,0,0:0:0:0:
402,192,104613,1,0,0:0:0:0:
36,192,104688,1,0,0:0:0:0:
182,192,104688,1,0,0:0:0:0:
402,192,104763,1,0,0:0:0:0:
475,192,104763,1,0,0:0:0:0:
329,192,104763,1,0,0:0:0:0:
109,192,104838,1,0,0:0:0:0:
256,192,104838,1,0,0:0:0:0:
402,192,104913,1,0,0:0:0:0:
329,192,104913,1,0,0:0:0:0:
256,192,104988,1,0,0:0:0:0:
475,192,104988,1,0,0:0:0:0:
36,192,104988,1,0,0:0:0:0:
182,192,105063,1,0,0:0:0:0:
402,192,105063,1,0,0:0:0:0:
109,192,105138,1,0,0:0:0:0:
329,192,105138,1,0,0:0:0:0:
36,192,105213,1,0,0:0:0:0:
256,192,105213,1,0,0:0:0:0:
329,192,105288,1,0,0:0:0:0:
182,192,105288,1,0,0:0:0:0:
109,192,105288,1,0,0:0:0:0:
475,192,105363,1,0,0:0:0:0:
402,192,105363,1,0,0:0:0:0:
256,192,105438,1,0,0:0:0:0:
109,192,105438,1,0,0:0:0:0:
329,192,105513,1,0,0:0:0:0:
402,192,105513,1,0,0:0:0:0:
256,192,105588,1,0,0:0:0:0:
36,192,105588,1,0,0:0:0:0:
475,192,105588,1,0,0:0:0:0:
109,192,105663,1,0,0:0:0:0:
182,192,105663,1,0,0:0:0:0:
256,192,105738,1,0,0:0:0:0:
475,192,105738,1,0,0:0:0:0:
402,192,105813,1,0,0:0:0:0:
182,192,105813,1,0,0:0:0:0:
36,192,105888,1,0,0:0:0:0:
329,192,105888,1,0,0:0:0:0:
109,192,105888,1,0,0:0:0:0:
182,192,105963,1,0,0:0:0:0:
475,192,105963,1,0,0:0:0:0:
36,192,106038,1,0,0:0:0:0:
256,192,106038,1,0,0:0:0:0:
109,192,106113,1,0,0:0:0:0:
329,192,106113,1,0,0:0:0:0:
182,192,106188,1,0,0:0:0:0:
402,192,106188,1,0,0:0:0:0:
475,192,106188,1,0,0:0:0:0:
36,192,106263,1,0,0:0:0:0:
329,192,106263,1,0,0:0:0:0:
256,192,106338,1,0,0:0:0:0:
475,192,106338,1,0,0:0:0:0:
182,192,106413,1,0,0:0:0:0:
402,192,106413,1,0,0:0:0:0:
329,192,106488,1,0,0:0:0:0:
36,192,106488,1,0,0:0:0:0:
109,192,106488,1,0,0:0:0:0:
256,192,106488,128,0,106713:0:0:0:0:
475,192,106563,1,0,0:0:0:0:
182,192,106563,1,0,0:0:0:0:
402,192,106638,1,0,0:0:0:0:
36,192,106638,1,0,0:0:0:0:
329,192,106713,1,0,0:0:0:0:
182,192,106713,1,0,0:0:0:0:
475,192,106788,1,0,0:0:0:0:
402,192,106788,1,0,0:0:0:0:
36,192,106788,1,0,0:0:0:0:
256,192,106788,1,0,0:0:0:0:
475,192,106863,128,0,106938:0:0:0:0:
109,192,106863,1,0,0:0:0:0:
329,192,106938,1,0,0:0:0:0:
402,192,106938,1,0,0:0:0:0:
182,192,106938,1,0,0:0:0:0:
402,192,107013,128,0,107088:0:0:0:0:
109,192,107013,1,0,0:0:0:0:
256,192,107088,1,0,0:0:0:0:
329,192,107088,1,0,0:0:0:0:
36,192,107088,1,0,0:0:0:0:
329,192,107163,128,0,107238:0:0:0:0:
109,192,107163,1,0,0:0:0:0:
182,192,107238,1,0,0:0:0:0:
256,192,107238,1,0,0:0:0:0:
475,192,107238,1,0,0:0:0:0:
256,192,107313,128,0,107388:0:0:0:0:
402,192,107313,1,0,0:0:0:0:
109,192,107313,1,0,0:0:0:0:
329,192,107388,1,0,0:0:0:0:
36,192,107388,128,0,107463:0:0:0:0:
475,192,107388,1,0,0:0:0:0:
256,192,107463,1,0,0:0:0:0:
109,192,107463,128,0,107538:0:0:0:0:
329,192,107538,1,0,0:0:0:0:
182,192,107538,128,0,107613:0:0:0:0:
402,192,107613,1,0,0:0:0:0:
256,192,107613,128,0,107688:0:0:0:0:
475,192,107688,1,0,0:0:0:0:
36,192,107688,1,0,0:0:0:0:
109,192,107688,1,0,0:0:0:0:
402,192,107725,1,0,0:0:0:0:
329,192,107763,1,0,0:0:0:0:
256,192,107800,1,0,0:0:0:0:
36,192,107838,1,0,0:0:0:0:
109,192,107875,1,0,0:0:0:0:
182,192,107913,1,0,0:0:0:0:
256,192,107950,1,0,0:0:0:0:
329,192,107988,1,0,0:0:0:0:
402,192,108025,1,0,0:0:0:0:
182,192,108063,1,0,0:0:0:0:
109,192,108100,1,0,0:0:0:0:
36,192,108138,1,0,0:0:0:0:
256,192,108175,1,0,0:0:0:0:
329,192,108213,1,0,0:0:0:0:
402,192,108250,1,0,0:0:0:0:
475,192,108288,1,0,0:0:0:0:
256,192,108325,1,0,0:0:0:0:
182,192,108363,1,0,0:0:0:0:
109,192,108400,1,0,0:0:0:0:
36,192,108438,1,0,0:0:0:0:
329,192,108475,1,0,0:0:0:0:
256,192,108513,1,0,0:0:0:0:
182,192,108550,1,0,0:0:0:0:
109,192,108588,1,0,0:0:0:0:
402,192,108625,1,0,0:0:0:0:
329,192,108663,1,0,0:0:0:0:
256,192,108700,1,0,0:0:0:0:
182,192,108738,1,0,0:0:0:0:
475,192,108775,1,0,0:0:0:0:
402,192,108813,1,0,0:0:0:0:
329,192,108850,1,0,0:0:0:0:
36,192,108888,1,0,0:0:0:0:
109,192,108888,1,0,0:0:0:0:
256,192,108888,1,0,0:0:0:0:
329,192,108963,1,0,0:0:0:0:
402,192,109038,1,0,0:0:0:0:
475,192,109113,1,0,0:0:0:0:
402,192,109188,1,0,0:0:0:0:
109,192,109188,1,0,0:0:0:0:
329,192,109263,1,0,0:0:0:0:
256,192,109338,1,0,0:0:0:0:
182,192,109413,1,0,0:0:0:0:
329,192,109488,1,0,0:0:0:0:
36,192,109488,1,0,0:0:0:0:
256,192,109563,1,0,0:0:0:0:
182,192,109638,1,0,0:0:0:0:
402,192,109638,1,0,0:0:0:0:
109,192,109713,1,0,0:0:0:0:
36,192,109788,1,0,0:0:0:0:
329,192,109788,1,0,0:0:0:0:
475,192,109788,1,0,0:0:0:0:
109,192,109863,1,0,0:0:0:0:
182,192,109938,1,0,0:0:0:0:
109,192,110013,1,0,0:0:0:0:
36,192,110088,1,0,0:0:0:0:
402,192,110088,1,0,0:0:0:0:
109,192,110163,1,0,0:0:0:0:
182,192,110238,1,0,0:0:0:0:
475,192,110238,1,0,0:0:0:0:
256,192,110313,1,0,0:0:0:0:
182,192,110388,1,0,0:0:0:0:
36,192,110388,1,0,0:0:0:0:
256,192,110463,1,0,0:0:0:0:
329,192,110538,1,0,0:0:0:0:
109,192,110538,1,0,0:0:0:0:
402,192,110613,1,0,0:0:0:0:
36,192,110688,1,0,0:0:0:0:
182,192,110688,1,0,0:0:0:0:
475,192,110688,1,0,0:0:0:0:
256,192,110788,1,0,0:0:0:0:
402,192,110788,1,0,0:0:0:0:
36,192,110888,1,0,0:0:0:0:
182,192,110888,1,0,0:0:0:0:
475,192,110988,1,0,0:0:0:0:
329,192,110988,1,0,0:0:0:0:
109,192,111088,1,0,0:0:0:0:
256,192,111088,1,0,0:0:0:0:
475,192,111188,1,0,0:0:0:0:
402,192,111188,1,0,0:0:0:0:
36,192,111288,1,0,0:0:0:0:
256,192,111288,1,0,0:0:0:0:
402,192,111388,1,0,0:0:0:0:
182,192,111388,1,0,0:0:0:0:
109,192,111488,1,0,0:0:0:0:
329,192,111488,1,0,0:0:0:0:
475,192,111588,1,0,0:0:0:0:
256,192,111588,1,0,0:0:0:0:
109,192,111688,1,0,0:0:0:0:
329,192,111688,1,0,0:0:0:0:
182,192,111788,1,0,0:0:0:0:
402,192,111788,1,0,0:0:0:0:
36,192,111888,1,0,0:0:0:0:
256,192,111888,1,0,0:0:0:0:
109,192,111963,1,0,0:0:0:0:
329,192,111963,1,0,0:0:0:0:
182,192,112038,1,0,0:0:0:0:
402,192,112038,1,0,0:0:0:0:
256,192,112113,1,0,0:0:0:0:
475,192,112113,1,0,0:0:0:0:
329,192,112188,1,0,0:0:0:0:
109,192,112188,1,0,0:0:0:0:
402,192,112263,1,0,0:0:0:0:
182,192,112263,1,0,0:0:0:0:
475,192,112338,1,0,0:0:0:0:
256,192,112338,1,0,0:0:0:0:
36,192,112338,1,0,0:0:0:0:
182,192,112488,1,0,0:0:0:0:
256,192,112563,1,0,0:0:0:0:
329,192,112638,1,0,0:0:0:0:
402,192,112788,1,0,0:0:0:0:
182,192,112938,1,0,0:0:0:0:
475,192,112938,1,0,0:0:0:0:
109,192,113013,1,0,0:0:0:0:
402,192,113013,1,0,0:0:0:0:
36,192,113088,1,0,0:0:0:0:
329,192,113088,1,0,0:0:0:0:
256,192,113088,1,0,0:0:0:0:
182,192,113238,1,0,0:0:0:0:
256,192,113238,1,0,0:0:0:0:
475,192,113238,1,0,0:0:0:0:
109,192,113538,1,0,0:0:0:0:
182,192,113538,1,0,0:0:0:0:
402,192,113538,1,0,0:0:0:0:
256,192,113688,1,0,0:0:0:0:
475,192,113688,1,0,0:0:0:0:
182,192,113688,1,0,0:0:0:0:
329,192,113988,1,0,0:0:0:0:
475,192,113988,1,0,0:0:0:0:
182,192,113988,1,0,0:0:0:0:
36,192,114138,1,0,0:0:0:0:
329,192,114138,1,0,0:0:0:0:
109,192,114138,1,0,0:0:0:0:
256,192,114438,1,0,0:0:0:0:
402,192,114438,1,0,0:0:0:0:
36,192,114588,1,0,0:0:0:0:
182,192,114588,1,0,0:0:0:0:
256,192,114888,1,0,0:0:0:0:
402,192,114888,1,0,0:0:0:0:
182,192,115038,1,0,0:0:0:0:
329,192,115038,1,0,0:0:0:0:
109,192,115188,1,0,0:0:0:0:
256,192,115188,1,0,0:0:0:0:
329,192,115263,1,0,0:0:0:0:
402,192,115338,128,0,117288:0:0:0:0:
475,192,115338,128,0,116488:0:0:0:0:
182,192,115988,128,0,116188:0:0:0:0:
36,192,116188,128,0,116888:0:0:0:0:
182,192,116288,128,0,116688:0:0:0:0:
329,192,116388,128,0,116588:0:0:0:0:
475,192,116588,128,0,117388:0:0:0:0:
329,192,116688,128,0,117188:0:0:0:0:
182,192,116788,128,0,117088:0:0:0:0:
36,192,116988,128,0,117788:0:0:0:0:
109,192,117088,1,0,0:0:0:0:
182,192,117188,128,0,117688:0:0:0:0:
329,192,117288,128,0,117488:0:0:0:0:
402,192,117388,1,0,0:0:0:0:
475,192,117488,128,0,118188:0:0:0:0:
329,192,117588,128,0,118288:0:0:0:0:
256,192,117688,1,0,0:0:0:0:
182,192,117788,128,0,117888:0:0:0:0:
36,192,117888,1,0,0:0:0:0:
182,192,117988,1,0,0:0:0:0:
402,192,118088,1,0,0:0:0:0:
256,192,118188,1,0,0:0:0:0:
475,192,118288,1,0,0:0:0:0:
329,192,118388,1,0,0:0:0:0:
