[Metadata]
絶対零度
かねこちはる
inava
Zettai Reido konami SOUND VOLTEX kaneko chiharu
51
0


[TimingPoints]
763,287.081339712919,4,2,1,60,1,0


[HitObjects]
36,192,763,128,0,1839:0:0:0:0:
182,192,906,128,0,1552:0:0:0:0:
329,192,1050,128,0,1624:0:0:0:0:
475,192,1193,128,0,1911:0:0:0:0:
256,192,1337,128,0,1839:0:0:0:0:
109,192,1624,1,0,0:0:0:0:
182,192,1624,1,0,0:0:0:0:
329,192,1696,1,0,0:0:0:0:
402,192,1696,1,0,0:0:0:0:
109,192,1767,1,0,0:0:0:0:
182,192,1767,1,0,0:0:0:0:
329,192,1839,1,0,0:0:0:0:
402,192,1839,1,0,0:0:0:0:
36,192,1911,1,0,0:0:0:0:
109,192,1911,1,0,0:0:0:0:
182,192,1911,1,0,0:0:0:0:
256,192,1911,1,0,0:0:0:0:
182,192,2054,1,0,0:0:0:0:
329,192,2054,1,0,0:0:0:0:
182,192,2198,1,0,0:0:0:0:
402,192,2198,1,0,0:0:0:0:
475,192,2198,1,0,0:0:0:0:
109,192,2341,1,0,0:0:0:0:
256,192,2341,1,0,0:0:0:0:
36,192,2341,1,0,0:0:0:0:
182,192,2485,1,0,0:0:0:0:
329,192,2485,1,0,0:0:0:0:
182,192,2629,1,0,0:0:0:0:
402,192,2629,1,0,0:0:0:0:
475,192,2629,1,0,0:0:0:0:
36,192,2772,1,0,0:0:0:0:
256,192,2772,1,0,0:0:0:0:
109,192,2772,1,0,0:0:0:0:
182,192,2916,1,0,0:0:0:0:
329,192,2916,1,0,0:0:0:0:
182,192,3059,1,0,0:0:0:0:
475,192,3059,1,0,0:0:0:0:
402,192,3059,1,0,0:0:0:0:
256,192,3203,1,0,0:0:0:0:
109,192,3203,1,0,0:0:0:0:
36,192,3203,1,0,0:0:0:0:
182,192,3346,1,0,0:0:0:0:
329,192,3346,1,0,0:0:0:0:
475,192,3490,1,0,0:0:0:0:
182,192,3490,1,0,0:0:0:0:
402,192,3490,1,0,0:0:0:0:
36,192,3633,1,0,0:0:0:0:
109,192,3633,1,0,0:0:0:0:
256,192,3633,1,0,0:0:0:0:
475,192,3777,1,0,0:0:0:0:
329,192,3777,1,0,0:0:0:0:
182,192,3777,1,0,0:0:0:0:
182,192,3920,1,0,0:0:0:0:
36,192,3920,1,0,0:0:0:0:
329,192,4064,1,0,0:0:0:0:
475,192,4064,1,0,0:0:0:0:
256,192,4064,1,0,0:0:0:0:
36,192,4207,1,0,0:0:0:0:
182,192,4207,1,0,0:0:0:0:
256,192,4207,1,0,0:0:0:0:
109,192,4351,1,0,0:0:0:0:
329,192,4351,1,0,0:0:0:0:
109,192,4495,1,0,0:0:0:0:
402,192,4495,1,0,0:0:0:0:
475,192,4495,1,0,0:0:0:0:
182,192,4638,1,0,0:0:0:0:
256,192,4638,1,0,0:0:0:0:
36,192,4638,1,0,0:0:0:0:
109,192,4782,1,0,0:0:0:0:
329,192,4782,1,0,0:0:0:0:
109,192,4925,1,0,0:0:0:0:
402,192,4925,1,0,0:0:0:0:
475,192,4925,1,0,0:0:0:0:
36,192,5069,1,0,0:0:0:0:
256,192,5069,1,0,0:0:0:0:
182,192,5069,1,0,0:0:0:0:
109,192,5212,1,0,0:0:0:0:
329,192,5212,1,0,0:0:0:0:
109,192,5356,1,0,0:0:0:0:
475,192,5356,1,0,0:0:0:0:
402,192,5356,1,0,0:0:0:0:
256,192,5499,1,0,0:0:0:0:
182,192,5499,1,0,0:0:0:0:
36,192,5499,1,0,0:0:0:0:
109,192,5643,1,0,0:0:0:0:
329,192,5643,1,0,0:0:0:0:
475,192,5786,1,0,0:0:0:0:
109,192,5786,1,0,0:0:0:0:
402,192,5786,1,0,0:0:0:0:
36,192,5930,1,0,0:0:0:0:
182,192,5930,1,0,0:0:0:0:
256,192,5930,1,0,0:0:0:0:
109,192,6074,1,0,0:0:0:0:
329,192,6074,1,0,0:0:0:0:
109,192,6217,1,0,0:0:0:0:
402,192,6217,1,0,0:0:0:0:
475,192,6217,1,0,0:0:0:0:
182,192,6361,1,0,0:0:0:0:
329,192,6361,1,0,0:0:0:0:
36,192,6361,1,0,0:0:0:0:
475,192,6504,128,0,8729:0:0:0:0:
36,192,6504,128,0,8729:0:0:0:0:
256,192,6504,1,0,0:0:0:0:
402,192,6504,1,0,0:0:0:0:
182,192,6648,1,0,0:0:0:0:
182,192,6791,1,0,0:0:0:0:
402,192,6791,1,0,0:0:0:0:
329,192,6791,1,0,0:0:0:0:
109,192,6935,1,0,0:0:0:0:
256,192,6935,1,0,0:0:0:0:
329,192,7078,1,0,0:0:0:0:
109,192,7222,1,0,0:0:0:0:
329,192,7222,1,0,0:0:0:0:
182,192,7222,1,0,0:0:0:0:
402,192,7365,1,0,0:0:0:0:
256,192,7365,1,0,0:0:0:0:
182,192,7509,1,0,0:0:0:0:
329,192,7652,1,0,0:0:0:0:
402,192,7652,1,0,0:0:0:0:
182,192,7652,1,0,0:0:0:0:
256,192,7796,1,0,0:0:0:0:
109,192,7796,1,0,0:0:0:0:
329,192,7940,1,0,0:0:0:0:
329,192,8083,1,0,0:0:0:0:
109,192,8083,1,0,0:0:0:0:
182,192,8083,1,0,0:0:0:0:
256,192,8227,1,0,0:0:0:0:
402,192,8227,1,0,0:0:0:0:
182,192,8370,1,0,0:0:0:0:
402,192,8514,1,0,0:0:0:0:
329,192,8514,1,0,0:0:0:0:
182,192,8514,1,0,0:0:0:0:
109,192,8657,1,0,0:0:0:0:
256,192,8657,1,0,0:0:0:0:
256,192,8801,128,0,11026:0:0:0:0:
475,192,8801,1,0,0:0:0:0:
329,192,8801,1,0,0:0:0:0:
36,192,8801,1,0,0:0:0:0:
182,192,8944,1,0,0:0:0:0:
402,192,8944,1,0,0:0:0:0:
182,192,9088,1,0,0:0:0:0:
36,192,9088,1,0,0:0:0:0:
109,192,9088,1,0,0:0:0:0:
329,192,9231,1,0,0:0:0:0:
475,192,9231,1,0,0:0:0:0:
182,192,9375,1,0,0:0:0:0:
36,192,9375,1,0,0:0:0:0:
475,192,9518,1,0,0:0:0:0:
402,192,9518,1,0,0:0:0:0:
329,192,9518,1,0,0:0:0:0:
109,192,9662,1,0,0:0:0:0:
402,192,9662,1,0,0:0:0:0:
109,192,9806,1,0,0:0:0:0:
402,192,9806,1,0,0:0:0:0:
36,192,9949,1,0,0:0:0:0:
109,192,9949,1,0,0:0:0:0:
182,192,9949,1,0,0:0:0:0:
329,192,10093,1,0,0:0:0:0:
36,192,10093,1,0,0:0:0:0:
402,192,10164,1,0,0:0:0:0:
109,192,10164,1,0,0:0:0:0:
475,192,10236,1,0,0:0:0:0:
182,192,10236,1,0,0:0:0:0:
36,192,10380,1,0,0:0:0:0:
329,192,10380,1,0,0:0:0:0:
109,192,10380,1,0,0:0:0:0:
402,192,10380,1,0,0:0:0:0:
329,192,10523,128,0,10739:0:0:0:0:
36,192,10523,128,0,10739:0:0:0:0:
475,192,10667,128,0,10882:0:0:0:0:
182,192,10667,128,0,10882:0:0:0:0:
329,192,10810,128,0,11026:0:0:0:0:
36,192,10810,128,0,11026:0:0:0:0:
475,192,10954,128,0,11097:0:0:0:0:
182,192,10954,128,0,11097:0:0:0:0:
329,192,11097,1,0,0:0:0:0:
256,192,11097,1,0,0:0:0:0:
36,192,11097,1,0,0:0:0:0:
109,192,11097,1,0,0:0:0:0:
402,192,11241,1,0,0:0:0:0:
182,192,11241,1,0,0:0:0:0:
36,192,11385,1,0,0:0:0:0:
475,192,11385,1,0,0:0:0:0:
256,192,11385,1,0,0:0:0:0:
109,192,11385,128,0,11600:0:0:0:0:
182,192,11528,1,0,0:0:0:0:
329,192,11528,1,0,0:0:0:0:
36,192,11672,1,0,0:0:0:0:
402,192,11672,1,0,0:0:0:0:
256,192,11672,1,0,0:0:0:0:
109,192,11672,1,0,0:0:0:0:
182,192,11815,1,0,0:0:0:0:
475,192,11815,1,0,0:0:0:0:
329,192,11815,1,0,0:0:0:0:
36,192,11959,1,0,0:0:0:0:
329,192,11959,1,0,0:0:0:0:
256,192,11959,1,0,0:0:0:0:
109,192,11959,128,0,12174:0:0:0:0:
182,192,12102,1,0,0:0:0:0:
402,192,12102,1,0,0:0:0:0:
475,192,12246,1,0,0:0:0:0:
256,192,12246,1,0,0:0:0:0:
36,192,12246,1,0,0:0:0:0:
109,192,12246,1,0,0:0:0:0:
182,192,12389,1,0,0:0:0:0:
329,192,12389,1,0,0:0:0:0:
36,192,12533,1,0,0:0:0:0:
402,192,12533,1,0,0:0:0:0:
256,192,12533,1,0,0:0:0:0:
109,192,12533,128,0,12748:0:0:0:0:
182,192,12676,1,0,0:0:0:0:
329,192,12676,1,0,0:0:0:0:
475,192,12676,1,0,0:0:0:0:
36,192,12820,1,0,0:0:0:0:
256,192,12820,1,0,0:0:0:0:
329,192,12820,1,0,0:0:0:0:
109,192,12820,1,0,0:0:0:0:
182,192,12963,1,0,0:0:0:0:
402,192,12963,1,0,0:0:0:0:
256,192,13107,1,0,0:0:0:0:
475,192,13107,1,0,0:0:0:0:
36,192,13107,1,0,0:0:0:0:
109,192,13107,128,0,13322:0:0:0:0:
329,192,13251,1,0,0:0:0:0:
475,192,13251,1,0,0:0:0:0:
182,192,13251,1,0,0:0:0:0:
36,192,13394,1,0,0:0:0:0:
182,192,13394,1,0,0:0:0:0:
256,192,13394,1,0,0:0:0:0:
475,192,13394,1,0,0:0:0:0:
402,192,13394,1,0,0:0:0:0:
329,192,13538,1,0,0:0:0:0:
109,192,13538,1,0,0:0:0:0:
256,192,13681,1,0,0:0:0:0:
475,192,13681,1,0,0:0:0:0:
36,192,13681,1,0,0:0:0:0:
402,192,13681,128,0,13896:0:0:0:0:
182,192,13825,1,0,0:0:0:0:
329,192,13825,1,0,0:0:0:0:
109,192,13968,1,0,0:0:0:0:
256,192,13968,1,0,0:0:0:0:
475,192,13968,1,0,0:0:0:0:
402,192,13968,1,0,0:0:0:0:
182,192,14112,1,0,0:0:0:0:
36,192,14112,1,0,0:0:0:0:
329,192,14112,1,0,0:0:0:0:
182,192,14255,1,0,0:0:0:0:
256,192,14255,1,0,0:0:0:0:
475,192,14255,1,0,0:0:0:0:
402,192,14255,128,0,14471:0:0:0:0:
109,192,14399,1,0,0:0:0:0:
329,192,14399,1,0,0:0:0:0:
475,192,14542,1,0,0:0:0:0:
36,192,14542,1,0,0:0:0:0:
256,192,14542,1,0,0:0:0:0:
402,192,14542,1,0,0:0:0:0:
182,192,14686,1,0,0:0:0:0:
329,192,14686,1,0,0:0:0:0:
109,192,14829,1,0,0:0:0:0:
256,192,14829,1,0,0:0:0:0:
475,192,14829,1,0,0:0:0:0:
402,192,14829,128,0,15045:0:0:0:0:
36,192,14973,1,0,0:0:0:0:
182,192,14973,1,0,0:0:0:0:
329,192,14973,1,0,0:0:0:0:
182,192,15117,1,0,0:0:0:0:
256,192,15117,1,0,0:0:0:0:
475,192,15117,1,0,0:0:0:0:
402,192,15117,1,0,0:0:0:0:
109,192,15260,1,0,0:0:0:0:
329,192,15260,1,0,0:0:0:0:
475,192,15404,1,0,0:0:0:0:
36,192,15404,1,0,0:0:0:0:
256,192,15404,1,0,0:0:0:0:
402,192,15404,128,0,15619:0:0:0:0:
329,192,15547,1,0,0:0:0:0:
182,192,15547,1,0,0:0:0:0:
109,192,15547,1,0,0:0:0:0:
36,192,15691,1,0,0:0:0:0:
109,192,15691,1,0,0:0:0:0:
256,192,15691,1,0,0:0:0:0:
329,192,15691,1,0,0:0:0:0:
475,192,15691,1,0,0:0:0:0:
36,192,15834,1,0,0:0:0:0:
182,192,15834,1,0,0:0:0:0:
402,192,15834,1,0,0:0:0:0:
36,192,15978,1,0,0:0:0:0:
256,192,15978,1,0,0:0:0:0:
475,192,15978,1,0,0:0:0:0:
36,192,16121,1,0,0:0:0:0:
329,192,16121,1,0,0:0:0:0:
36,192,16265,1,0,0:0:0:0:
256,192,16265,1,0,0:0:0:0:
109,192,16265,1,0,0:0:0:0:
36,192,16408,1,0,0:0:0:0:
329,192,16408,1,0,0:0:0:0:
475,192,16408,1,0,0:0:0:0:
36,192,16552,1,0,0:0:0:0:
182,192,16552,1,0,0:0:0:0:
256,192,16552,1,0,0:0:0:0:
36,192,16696,1,0,0:0:0:0:
182,192,16696,1,0,0:0:0:0:
256,192,16696,1,0,0:0:0:0:
36,192,16839,1,0,0:0:0:0:
329,192,16839,1,0,0:0:0:0:
475,192,16839,1,0,0:0:0:0:
36,192,16983,1,0,0:0:0:0:
256,192,16983,1,0,0:0:0:0:
402,192,16983,1,0,0:0:0:0:
36,192,17126,1,0,0:0:0:0:
182,192,17126,1,0,0:0:0:0:
329,192,17126,1,0,0:0:0:0:
36,192,17270,1,0,0:0:0:0:
475,192,17270,1,0,0:0:0:0:
329,192,17270,1,0,0:0:0:0:
36,192,17413,1,0,0:0:0:0:
109,192,17413,1,0,0:0:0:0:
256,192,17413,1,0,0:0:0:0:
36,192,17557,1,0,0:0:0:0:
182,192,17557,1,0,0:0:0:0:
329,192,17557,1,0,0:0:0:0:
36,192,17700,1,0,0:0:0:0:
402,192,17700,1,0,0:0:0:0:
256,192,17700,1,0,0:0:0:0:
36,192,17844,1,0,0:0:0:0:
475,192,17844,1,0,0:0:0:0:
329,192,17844,1,0,0:0:0:0:
36,192,17987,1,0,0:0:0:0:
475,192,17987,1,0,0:0:0:0:
256,192,17987,1,0,0:0:0:0:
402,192,17987,1,0,0:0:0:0:
109,192,18059,1,0,0:0:0:0:
329,192,18059,1,0,0:0:0:0:
182,192,18131,1,0,0:0:0:0:
402,192,18131,1,0,0:0:0:0:
256,192,18203,1,0,0:0:0:0:
475,192,18203,1,0,0:0:0:0:
36,192,18274,1,0,0:0:0:0:
256,192,18274,1,0,0:0:0:0:
109,192,18346,1,0,0:0:0:0:
329,192,18346,1,0,0:0:0:0:
182,192,18418,1,0,0:0:0:0:
402,192,18418,1,0,0:0:0:0:
256,192,18490,1,0,0:0:0:0:
475,192,18490,1,0,0:0:0:0:
256,192,18562,1,0,0:0:0:0:
36,192,18562,1,0,0:0:0:0:
329,192,18633,1,0,0:0:0:0:
109,192,18633,1,0,0:0:0:0:
182,192,18705,1,0,0:0:0:0:
402,192,18705,1,0,0:0:0:0:
256,192,18777,1,0,0:0:0:0:
475,192,18777,1,0,0:0:0:0:
36,192,18849,1,0,0:0:0:0:
256,192,18849,1,0,0:0:0:0:
109,192,18920,1,0,0:0:0:0:
329,192,18920,1,0,0:0:0:0:
402,192,18992,1,0,0:0:0:0:
182,192,18992,1,0,0:0:0:0:
475,192,19064,1,0,0:0:0:0:
256,192,19064,1,0,0:0:0:0:
36,192,19136,1,0,0:0:0:0:
109,192,19172,1,0,0:0:0:0:
182,192,19207,1,0,0:0:0:0:
256,192,19243,1,0,0:0:0:0:
329,192,19279,1,0,0:0:0:0:
402,192,19315,1,0,0:0:0:0:
36,192,19351,1,0,0:0:0:0:
475,192,19351,1,0,0:0:0:0:
109,192,19387,1,0,0:0:0:0:
182,192,19423,1,0,0:0:0:0:
256,192,19459,1,0,0:0:0:0:
329,192,19495,1,0,0:0:0:0:
402,192,19530,1,0,0:0:0:0:
475,192,19566,1,0,0:0:0:0:
329,192,19602,1,0,0:0:0:0:
256,192,19638,1,0,0:0:0:0:
182,192,19674,1,0,0:0:0:0:
36,192,19710,1,0,0:0:0:0:
109,192,19746,1,0,0:0:0:0:
182,192,19782,1,0,0:0:0:0:
256,192,19818,1,0,0:0:0:0:
329,192,19853,1,0,0:0:0:0:
402,192,19889,1,0,0:0:0:0:
475,192,19925,1,0,0:0:0:0:
329,192,19961,1,0,0:0:0:0:
256,192,19997,1,0,0:0:0:0:
182,192,20033,1,0,0:0:0:0:
36,192,20069,1,0,0:0:0:0:
109,192,20105,1,0,0:0:0:0:
182,192,20140,1,0,0:0:0:0:
256,192,20176,1,0,0:0:0:0:
329,192,20212,1,0,0:0:0:0:
402,192,20248,1,0,0:0:0:0:
182,192,20284,1,0,0:0:0:0:
109,192,20284,1,0,0:0:0:0:
36,192,20284,128,0,20643:0:0:0:0:
475,192,20284,1,0,0:0:0:0:
256,192,20428,128,0,20643:0:0:0:0:
329,192,20428,1,0,0:0:0:0:
475,192,20571,1,0,0:0:0:0:
182,192,20571,128,0,20643:0:0:0:0:
402,192,20571,1,0,0:0:0:0:
109,192,20715,128,0,21002:0:0:0:0:
182,192,20715,1,0,0:0:0:0:
329,192,20715,1,0,0:0:0:0:
36,192,20715,128,0,21002:0:0:0:0:
256,192,20858,1,0,0:0:0:0:
475,192,20858,1,0,0:0:0:0:
329,192,21002,1,0,0:0:0:0:
36,192,21145,1,0,0:0:0:0:
256,192,21145,1,0,0:0:0:0:
475,192,21145,1,0,0:0:0:0:
109,192,21145,1,0,0:0:0:0:
402,192,21217,1,0,0:0:0:0:
182,192,21289,1,0,0:0:0:0:
329,192,21289,1,0,0:0:0:0:
256,192,21361,1,0,0:0:0:0:
36,192,21432,1,0,0:0:0:0:
329,192,21432,128,0,21791:0:0:0:0:
402,192,21432,1,0,0:0:0:0:
475,192,21432,1,0,0:0:0:0:
182,192,21576,1,0,0:0:0:0:
475,192,21576,128,0,21791:0:0:0:0:
109,192,21719,1,0,0:0:0:0:
256,192,21719,128,0,21791:0:0:0:0:
36,192,21719,1,0,0:0:0:0:
402,192,21863,128,0,22150:0:0:0:0:
182,192,21863,1,0,0:0:0:0:
475,192,21863,1,0,0:0:0:0:
329,192,21863,128,0,22150:0:0:0:0:
36,192,22007,1,0,0:0:0:0:
256,192,22007,1,0,0:0:0:0:
182,192,22150,1,0,0:0:0:0:
36,192,22294,1,0,0:0:0:0:
109,192,22294,1,0,0:0:0:0:
256,192,22294,1,0,0:0:0:0:
475,192,22294,1,0,0:0:0:0:
329,192,22365,1,0,0:0:0:0:
182,192,22437,1,0,0:0:0:0:
402,192,22437,1,0,0:0:0:0:
475,192,22509,1,0,0:0:0:0:
36,192,22581,1,0,0:0:0:0:
256,192,22581,1,0,0:0:0:0:
402,192,22581,1,0,0:0:0:0:
182,192,22724,1,0,0:0:0:0:
329,192,22796,1,0,0:0:0:0:
402,192,22868,1,0,0:0:0:0:
475,192,22868,1,0,0:0:0:0:
36,192,22868,1,0,0:0:0:0:
182,192,22868,1,0,0:0:0:0:
109,192,22868,1,0,0:0:0:0:
329,192,22940,1,0,0:0:0:0:
182,192,23011,1,0,0:0:0:0:
329,192,23083,1,0,0:0:0:0:
36,192,23155,1,0,0:0:0:0:
402,192,23155,1,0,0:0:0:0:
475,192,23155,1,0,0:0:0:0:
109,192,23155,1,0,0:0:0:0:
256,192,23155,1,0,0:0:0:0:
36,192,23298,1,0,0:0:0:0:
182,192,23298,1,0,0:0:0:0:
475,192,23298,1,0,0:0:0:0:
329,192,23298,1,0,0:0:0:0:
475,192,23442,1,0,0:0:0:0:
36,192,23442,1,0,0:0:0:0:
256,192,23442,1,0,0:0:0:0:
475,192,23585,128,0,24231:0:0:0:0:
256,192,23585,1,0,0:0:0:0:
182,192,23585,1,0,0:0:0:0:
36,192,23585,128,0,24231:0:0:0:0:
329,192,23585,1,0,0:0:0:0:
402,192,23729,1,0,0:0:0:0:
109,192,23729,1,0,0:0:0:0:
182,192,23801,1,0,0:0:0:0:
329,192,23801,1,0,0:0:0:0:
256,192,23873,1,0,0:0:0:0:
182,192,23944,1,0,0:0:0:0:
329,192,23944,1,0,0:0:0:0:
109,192,24016,1,0,0:0:0:0:
402,192,24016,1,0,0:0:0:0:
182,192,24088,1,0,0:0:0:0:
329,192,24088,1,0,0:0:0:0:
256,192,24160,1,0,0:0:0:0:
182,192,24231,1,0,0:0:0:0:
329,192,24231,1,0,0:0:0:0:
36,192,24303,1,0,0:0:0:0:
256,192,24303,1,0,0:0:0:0:
109,192,24303,1,0,0:0:0:0:
475,192,24303,1,0,0:0:0:0:
402,192,24303,1,0,0:0:0:0:
109,192,24447,128,0,24806:0:0:0:0:
182,192,24447,128,0,24806:0:0:0:0:
402,192,24447,128,0,24806:0:0:0:0:
329,192,24447,128,0,24806:0:0:0:0:
256,192,24590,1,0,0:0:0:0:
36,192,24877,1,0,0:0:0:0:
256,192,24877,1,0,0:0:0:0:
475,192,24877,1,0,0:0:0:0:
402,192,24877,1,0,0:0:0:0:
182,192,25021,1,0,0:0:0:0:
36,192,25164,1,0,0:0:0:0:
109,192,25164,1,0,0:0:0:0:
256,192,25164,128,0,25523:0:0:0:0:
475,192,25164,1,0,0:0:0:0:
402,192,25164,128,0,25380:0:0:0:0:
182,192,25308,1,0,0:0:0:0:
329,192,25451,128,0,25523:0:0:0:0:
36,192,25451,1,0,0:0:0:0:
402,192,25451,1,0,0:0:0:0:
182,192,25595,1,0,0:0:0:0:
256,192,25667,1,0,0:0:0:0:
475,192,25667,128,0,25954:0:0:0:0:
36,192,25739,1,0,0:0:0:0:
109,192,25739,1,0,0:0:0:0:
329,192,25739,1,0,0:0:0:0:
182,192,25882,1,0,0:0:0:0:
329,192,25882,128,0,25954:0:0:0:0:
36,192,26026,1,0,0:0:0:0:
256,192,26026,1,0,0:0:0:0:
402,192,26026,128,0,26385:0:0:0:0:
475,192,26026,1,0,0:0:0:0:
182,192,26169,1,0,0:0:0:0:
256,192,26169,128,0,26743:0:0:0:0:
475,192,26313,128,0,26456:0:0:0:0:
36,192,26313,1,0,0:0:0:0:
109,192,26313,1,0,0:0:0:0:
182,192,26456,1,0,0:0:0:0:
402,192,26456,1,0,0:0:0:0:
329,192,26528,128,0,26743:0:0:0:0:
36,192,26600,1,0,0:0:0:0:
475,192,26600,1,0,0:0:0:0:
182,192,26743,1,0,0:0:0:0:
36,192,26887,1,0,0:0:0:0:
109,192,26887,1,0,0:0:0:0:
256,192,26887,1,0,0:0:0:0:
329,192,26959,1,0,0:0:0:0:
182,192,27030,1,0,0:0:0:0:
402,192,27030,1,0,0:0:0:0:
475,192,27102,1,0,0:0:0:0:
36,192,27174,1,0,0:0:0:0:
256,192,27174,1,0,0:0:0:0:
329,192,27174,1,0,0:0:0:0:
36,192,27318,1,0,0:0:0:0:
402,192,27318,1,0,0:0:0:0:
475,192,27318,1,0,0:0:0:0:
36,192,27461,1,0,0:0:0:0:
182,192,27461,1,0,0:0:0:0:
256,192,27461,1,0,0:0:0:0:
329,192,27605,1,0,0:0:0:0:
36,192,27605,1,0,0:0:0:0:
402,192,27605,1,0,0:0:0:0:
36,192,27748,1,0,0:0:0:0:
475,192,27748,128,0,27963:0:0:0:0:
256,192,27748,1,0,0:0:0:0:
182,192,27820,1,0,0:0:0:0:
36,192,27892,1,0,0:0:0:0:
329,192,27892,128,0,28107:0:0:0:0:
182,192,27963,1,0,0:0:0:0:
36,192,28035,1,0,0:0:0:0:
475,192,28035,128,0,28107:0:0:0:0:
182,192,28107,1,0,0:0:0:0:
36,192,28179,1,0,0:0:0:0:
329,192,28179,1,0,0:0:0:0:
182,192,28251,1,0,0:0:0:0:
402,192,28251,1,0,0:0:0:0:
256,192,28322,1,0,0:0:0:0:
36,192,28322,1,0,0:0:0:0:
475,192,28322,1,0,0:0:0:0:
402,192,28358,1,0,0:0:0:0:
329,192,28394,1,0,0:0:0:0:
182,192,28394,1,0,0:0:0:0:
109,192,28430,1,0,0:0:0:0:
475,192,28466,1,0,0:0:0:0:
36,192,28466,1,0,0:0:0:0:
402,192,28502,1,0,0:0:0:0:
329,192,28538,1,0,0:0:0:0:
182,192,28538,1,0,0:0:0:0:
109,192,28574,1,0,0:0:0:0:
36,192,28609,128,0,28825:0:0:0:0:
256,192,28609,128,0,28825:0:0:0:0:
475,192,28609,128,0,28825:0:0:0:0:
182,192,28896,1,0,0:0:0:0:
256,192,28896,1,0,0:0:0:0:
402,192,28896,1,0,0:0:0:0:
475,192,28896,1,0,0:0:0:0:
182,192,29112,1,0,0:0:0:0:
109,192,29112,1,0,0:0:0:0:
329,192,29112,1,0,0:0:0:0:
402,192,29112,1,0,0:0:0:0:
36,192,29327,1,0,0:0:0:0:
109,192,29327,1,0,0:0:0:0:
256,192,29327,1,0,0:0:0:0:
329,192,29327,1,0,0:0:0:0:
402,192,29471,128,0,29973:0:0:0:0:
475,192,29471,128,0,29973:0:0:0:0:
182,192,29471,1,0,0:0:0:0:
36,192,29471,1,0,0:0:0:0:
256,192,29614,1,0,0:0:0:0:
182,192,29686,128,0,30547:0:0:0:0:
36,192,29686,128,0,29973:0:0:0:0:
329,192,30045,128,0,30547:0:0:0:0:
402,192,30045,1,0,0:0:0:0:
475,192,30045,1,0,0:0:0:0:
256,192,30045,128,0,30547:0:0:0:0:
36,192,30045,1,0,0:0:0:0:
109,192,30045,1,0,0:0:0:0:
36,192,30332,128,0,30547:0:0:0:0:
475,192,30332,128,0,30547:0:0:0:0:
109,192,30619,128,0,30691:0:0:0:0:
182,192,30619,128,0,30691:0:0:0:0:
256,192,30619,1,0,0:0:0:0:
36,192,30619,1,0,0:0:0:0:
475,192,30619,1,0,0:0:0:0:
402,192,30834,128,0,30906:0:0:0:0:
329,192,30834,128,0,30906:0:0:0:0:
256,192,30906,1,0,0:0:0:0:
109,192,31050,128,0,31121:0:0:0:0:
182,192,31050,128,0,31121:0:0:0:0:
329,192,31121,128,0,31193:0:0:0:0:
402,192,31121,128,0,31193:0:0:0:0:
109,192,31193,128,0,31265:0:0:0:0:
182,192,31193,128,0,31265:0:0:0:0:
256,192,31193,1,0,0:0:0:0:
36,192,31337,128,0,31696:0:0:0:0:
475,192,31337,128,0,31696:0:0:0:0:
182,192,31337,128,0,31408:0:0:0:0:
329,192,31337,128,0,31408:0:0:0:0:
256,192,31480,1,0,0:0:0:0:
109,192,31480,128,0,31696:0:0:0:0:
402,192,31480,128,0,31696:0:0:0:0:
256,192,31624,1,0,0:0:0:0:
36,192,31767,1,0,0:0:0:0:
109,192,31767,1,0,0:0:0:0:
402,192,31767,1,0,0:0:0:0:
475,192,31767,1,0,0:0:0:0:
182,192,31839,128,0,31983:0:0:0:0:
256,192,31839,128,0,31983:0:0:0:0:
329,192,31839,128,0,31983:0:0:0:0:
36,192,32054,1,0,0:0:0:0:
256,192,32054,1,0,0:0:0:0:
109,192,32126,1,0,0:0:0:0:
329,192,32126,1,0,0:0:0:0:
182,192,32198,1,0,0:0:0:0:
402,192,32198,1,0,0:0:0:0:
256,192,32270,1,0,0:0:0:0:
475,192,32270,1,0,0:0:0:0:
182,192,32341,1,0,0:0:0:0:
109,192,32341,128,0,32413:0:0:0:0:
402,192,32413,128,0,32485:0:0:0:0:
329,192,32413,1,0,0:0:0:0:
182,192,32485,1,0,0:0:0:0:
109,192,32485,128,0,32557:0:0:0:0:
402,192,32557,128,0,32629:0:0:0:0:
329,192,32557,1,0,0:0:0:0:
475,192,32629,128,0,32700:0:0:0:0:
182,192,32629,128,0,32700:0:0:0:0:
329,192,32700,128,0,32772:0:0:0:0:
36,192,32700,128,0,32772:0:0:0:0:
475,192,32772,128,0,32844:0:0:0:0:
182,192,32772,128,0,32844:0:0:0:0:
36,192,32844,128,0,32916:0:0:0:0:
329,192,32844,128,0,32916:0:0:0:0:
475,192,32916,128,0,33131:0:0:0:0:
402,192,32916,128,0,33131:0:0:0:0:
256,192,32916,128,0,33131:0:0:0:0:
182,192,32916,128,0,33131:0:0:0:0:
329,192,33203,1,0,0:0:0:0:
256,192,33203,1,0,0:0:0:0:
109,192,33203,1,0,0:0:0:0:
36,192,33203,1,0,0:0:0:0:
256,192,33490,1,0,0:0:0:0:
329,192,33490,1,0,0:0:0:0:
182,192,33490,1,0,0:0:0:0:
475,192,33508,1,0,0:0:0:0:
182,192,33705,1,0,0:0:0:0:
109,192,33705,1,0,0:0:0:0:
256,192,33705,1,0,0:0:0:0:
402,192,33777,128,0,33849:0:0:0:0:
475,192,33777,128,0,33849:0:0:0:0:
36,192,33920,1,0,0:0:0:0:
109,192,33920,1,0,0:0:0:0:
182,192,33920,1,0,0:0:0:0:
402,192,33920,128,0,33992:0:0:0:0:
475,192,33920,128,0,33992:0:0:0:0:
475,192,34064,1,0,0:0:0:0:
256,192,34064,1,0,0:0:0:0:
36,192,34064,1,0,0:0:0:0:
402,192,34100,1,0,0:0:0:0:
329,192,34136,1,0,0:0:0:0:
182,192,34207,1,0,0:0:0:0:
36,192,34351,1,0,0:0:0:0:
109,192,34351,1,0,0:0:0:0:
256,192,34351,1,0,0:0:0:0:
475,192,34351,1,0,0:0:0:0:
182,192,34495,1,0,0:0:0:0:
36,192,34638,1,0,0:0:0:0:
329,192,34638,1,0,0:0:0:0:
182,192,34782,1,0,0:0:0:0:
402,192,34782,1,0,0:0:0:0:
475,192,34782,1,0,0:0:0:0:
256,192,34853,1,0,0:0:0:0:
36,192,34925,1,0,0:0:0:0:
109,192,34925,1,0,0:0:0:0:
329,192,34925,128,0,35428:0:0:0:0:
182,192,35069,1,0,0:0:0:0:
475,192,35212,128,0,35428:0:0:0:0:
36,192,35212,1,0,0:0:0:0:
256,192,35212,1,0,0:0:0:0:
402,192,35212,1,0,0:0:0:0:
182,192,35356,1,0,0:0:0:0:
36,192,35499,1,0,0:0:0:0:
109,192,35499,1,0,0:0:0:0:
402,192,35499,1,0,0:0:0:0:
475,192,35499,1,0,0:0:0:0:
182,192,35571,1,0,0:0:0:0:
256,192,35571,1,0,0:0:0:0:
329,192,35571,1,0,0:0:0:0:
402,192,35643,1,0,0:0:0:0:
36,192,35643,1,0,0:0:0:0:
109,192,35643,1,0,0:0:0:0:
475,192,35643,1,0,0:0:0:0:
182,192,35715,1,0,0:0:0:0:
256,192,35715,1,0,0:0:0:0:
329,192,35715,1,0,0:0:0:0:
36,192,35786,128,0,35858:0:0:0:0:
182,192,35786,128,0,35858:0:0:0:0:
329,192,35786,128,0,35858:0:0:0:0:
475,192,35786,128,0,35858:0:0:0:0:
36,192,35930,128,0,36002:0:0:0:0:
182,192,35930,128,0,36002:0:0:0:0:
329,192,35930,128,0,36002:0:0:0:0:
475,192,35930,128,0,36002:0:0:0:0:
109,192,36074,1,0,0:0:0:0:
402,192,36074,1,0,0:0:0:0:
182,192,36145,1,0,0:0:0:0:
329,192,36145,1,0,0:0:0:0:
109,192,36217,1,0,0:0:0:0:
402,192,36217,1,0,0:0:0:0:
182,192,36289,1,0,0:0:0:0:
329,192,36289,1,0,0:0:0:0:
475,192,36361,128,0,36432:0:0:0:0:
109,192,36361,128,0,36432:0:0:0:0:
329,192,36432,128,0,36504:0:0:0:0:
256,192,36432,128,0,36504:0:0:0:0:
475,192,36504,128,0,36576:0:0:0:0:
109,192,36504,128,0,36576:0:0:0:0:
329,192,36576,128,0,36648:0:0:0:0:
256,192,36576,128,0,36648:0:0:0:0:
36,192,36648,128,0,36719:0:0:0:0:
402,192,36648,128,0,36719:0:0:0:0:
182,192,36719,128,0,36791:0:0:0:0:
256,192,36719,128,0,36791:0:0:0:0:
36,192,36791,128,0,36863:0:0:0:0:
402,192,36791,128,0,36863:0:0:0:0:
182,192,36863,128,0,36935:0:0:0:0:
256,192,36863,128,0,36935:0:0:0:0:
475,192,36935,1,0,0:0:0:0:
36,192,36935,1,0,0:0:0:0:
109,192,37007,1,0,0:0:0:0:
402,192,37007,1,0,0:0:0:0:
182,192,37078,1,0,0:0:0:0:
329,192,37078,1,0,0:0:0:0:
109,192,37150,1,0,0:0:0:0:
402,192,37150,1,0,0:0:0:0:
36,192,37222,1,0,0:0:0:0:
475,192,37222,1,0,0:0:0:0:
256,192,37294,1,0,0:0:0:0:
182,192,37365,1,0,0:0:0:0:
329,192,37365,1,0,0:0:0:0:
109,192,37437,1,0,0:0:0:0:
402,192,37437,1,0,0:0:0:0:
475,192,37509,1,0,0:0:0:0:
36,192,37509,1,0,0:0:0:0:
256,192,37509,128,0,37724:0:0:0:0:
329,192,37581,128,0,37724:0:0:0:0:
182,192,37581,1,0,0:0:0:0:
402,192,37652,128,0,37724:0:0:0:0:
36,192,37652,1,0,0:0:0:0:
182,192,37724,1,0,0:0:0:0:
475,192,37724,1,0,0:0:0:0:
256,192,37796,1,0,0:0:0:0:
402,192,37796,1,0,0:0:0:0:
329,192,37796,1,0,0:0:0:0:
182,192,37868,1,0,0:0:0:0:
36,192,37868,1,0,0:0:0:0:
109,192,37868,1,0,0:0:0:0:
256,192,37940,1,0,0:0:0:0:
402,192,37940,1,0,0:0:0:0:
329,192,37940,1,0,0:0:0:0:
36,192,38011,1,0,0:0:0:0:
109,192,38011,1,0,0:0:0:0:
182,192,38011,1,0,0:0:0:0:
329,192,38083,1,0,0:0:0:0:
475,192,38083,1,0,0:0:0:0:
329,192,38155,1,0,0:0:0:0:
475,192,38155,1,0,0:0:0:0:
36,192,38227,1,0,0:0:0:0:
182,192,38227,1,0,0:0:0:0:
36,192,38298,1,0,0:0:0:0:
182,192,38298,1,0,0:0:0:0:
329,192,38370,1,0,0:0:0:0:
475,192,38370,1,0,0:0:0:0:
329,192,38442,1,0,0:0:0:0:
475,192,38442,1,0,0:0:0:0:
36,192,38514,1,0,0:0:0:0:
182,192,38514,1,0,0:0:0:0:
36,192,38585,1,0,0:0:0:0:
182,192,38585,1,0,0:0:0:0:
256,192,38657,1,0,0:0:0:0:
329,192,38657,1,0,0:0:0:0:
402,192,38657,1,0,0:0:0:0:
475,192,38657,1,0,0:0:0:0:
109,192,38944,1,0,0:0:0:0:
182,192,38944,1,0,0:0:0:0:
402,192,38944,1,0,0:0:0:0:
36,192,39088,1,0,0:0:0:0:
256,192,39088,1,0,0:0:0:0:
475,192,39088,1,0,0:0:0:0:
256,192,39375,1,0,0:0:0:0:
36,192,39375,1,0,0:0:0:0:
329,192,39447,1,0,0:0:0:0:
109,192,39447,1,0,0:0:0:0:
402,192,39518,1,0,0:0:0:0:
182,192,39518,1,0,0:0:0:0:
475,192,39518,1,0,0:0:0:0:
475,192,39662,1,0,0:0:0:0:
256,192,39662,1,0,0:0:0:0:
36,192,39662,1,0,0:0:0:0:
402,192,39806,1,0,0:0:0:0:
329,192,39806,1,0,0:0:0:0:
109,192,39806,1,0,0:0:0:0:
475,192,40021,1,0,0:0:0:0:
402,192,40021,1,0,0:0:0:0:
182,192,40021,1,0,0:0:0:0:
109,192,40236,1,0,0:0:0:0:
36,192,40236,1,0,0:0:0:0:
256,192,40236,1,0,0:0:0:0:
109,192,40810,1,0,0:0:0:0:
329,192,40810,1,0,0:0:0:0:
182,192,40882,1,0,0:0:0:0:
402,192,40882,1,0,0:0:0:0:
475,192,40954,1,0,0:0:0:0:
256,192,40954,1,0,0:0:0:0:
36,192,40954,1,0,0:0:0:0:
329,192,41241,1,0,0:0:0:0:
475,192,41241,1,0,0:0:0:0:
256,192,41241,1,0,0:0:0:0:
402,192,41528,1,0,0:0:0:0:
182,192,41528,1,0,0:0:0:0:
256,192,41528,1,0,0:0:0:0:
475,192,41564,1,0,0:0:0:0:
109,192,41743,1,0,0:0:0:0:
329,192,41743,1,0,0:0:0:0:
182,192,41743,1,0,0:0:0:0:
256,192,41959,1,0,0:0:0:0:
36,192,41959,1,0,0:0:0:0:
109,192,41959,1,0,0:0:0:0:
182,192,42102,1,0,0:0:0:0:
329,192,42102,1,0,0:0:0:0:
475,192,42102,1,0,0:0:0:0:
402,192,42318,1,0,0:0:0:0:
475,192,42318,1,0,0:0:0:0:
256,192,42318,1,0,0:0:0:0:
109,192,42533,1,0,0:0:0:0:
182,192,42533,1,0,0:0:0:0:
475,192,42676,1,0,0:0:0:0:
329,192,42676,1,0,0:0:0:0:
36,192,42963,1,0,0:0:0:0:
182,192,42963,1,0,0:0:0:0:
256,192,43251,1,0,0:0:0:0:
329,192,43251,1,0,0:0:0:0:
402,192,43251,1,0,0:0:0:0:
475,192,43251,1,0,0:0:0:0:
109,192,43538,1,0,0:0:0:0:
182,192,43538,1,0,0:0:0:0:
402,192,43538,1,0,0:0:0:0:
36,192,43681,1,0,0:0:0:0:
256,192,43681,1,0,0:0:0:0:
475,192,43681,1,0,0:0:0:0:
256,192,43968,1,0,0:0:0:0:
36,192,43968,1,0,0:0:0:0:
329,192,44040,1,0,0:0:0:0:
109,192,44040,1,0,0:0:0:0:
402,192,44112,1,0,0:0:0:0:
182,192,44112,1,0,0:0:0:0:
475,192,44112,1,0,0:0:0:0:
475,192,44255,1,0,0:0:0:0:
256,192,44255,1,0,0:0:0:0:
36,192,44255,1,0,0:0:0:0:
402,192,44399,1,0,0:0:0:0:
329,192,44399,1,0,0:0:0:0:
109,192,44399,1,0,0:0:0:0:
475,192,44614,1,0,0:0:0:0:
402,192,44614,1,0,0:0:0:0:
182,192,44614,1,0,0:0:0:0:
109,192,44829,1,0,0:0:0:0:
36,192,44829,1,0,0:0:0:0:
256,192,44829,1,0,0:0:0:0:
402,192,45404,1,0,0:0:0:0:
182,192,45404,1,0,0:0:0:0:
329,192,45475,1,0,0:0:0:0:
109,192,45475,1,0,0:0:0:0:
36,192,45547,1,0,0:0:0:0:
256,192,45547,1,0,0:0:0:0:
475,192,45547,1,0,0:0:0:0:
329,192,45834,1,0,0:0:0:0:
475,192,45834,1,0,0:0:0:0:
182,192,45834,1,0,0:0:0:0:
256,192,46121,1,0,0:0:0:0:
109,192,46121,1,0,0:0:0:0:
329,192,46121,1,0,0:0:0:0:
475,192,46157,1,0,0:0:0:0:
182,192,46337,1,0,0:0:0:0:
36,192,46337,1,0,0:0:0:0:
256,192,46337,1,0,0:0:0:0:
256,192,46552,1,0,0:0:0:0:
475,192,46552,1,0,0:0:0:0:
402,192,46552,1,0,0:0:0:0:
329,192,46696,1,0,0:0:0:0:
182,192,46696,1,0,0:0:0:0:
36,192,46696,1,0,0:0:0:0:
329,192,46911,1,0,0:0:0:0:
475,192,46911,1,0,0:0:0:0:
256,192,46911,1,0,0:0:0:0:
36,192,47126,1,0,0:0:0:0:
182,192,47126,1,0,0:0:0:0:
109,192,47126,1,0,0:0:0:0:
36,192,47270,128,0,47341:0:0:0:0:
256,192,47270,128,0,47341:0:0:0:0:
109,192,47341,128,0,47413:0:0:0:0:
329,192,47341,128,0,47413:0:0:0:0:
182,192,47413,128,0,47485:0:0:0:0:
402,192,47413,128,0,47485:0:0:0:0:
256,192,47485,128,0,47557:0:0:0:0:
475,192,47485,128,0,47557:0:0:0:0:
36,192,47557,128,0,47629:0:0:0:0:
109,192,47557,128,0,47629:0:0:0:0:
329,192,47629,128,0,47700:0:0:0:0:
402,192,47629,128,0,47700:0:0:0:0:
109,192,47700,128,0,47772:0:0:0:0:
182,192,47700,128,0,47772:0:0:0:0:
402,192,47772,128,0,47844:0:0:0:0:
475,192,47772,128,0,47844:0:0:0:0:
256,192,47844,1,0,0:0:0:0:
36,192,47844,128,0,48203:0:0:0:0:
109,192,47844,1,0,0:0:0:0:
182,192,47987,1,0,0:0:0:0:
329,192,47987,1,0,0:0:0:0:
182,192,48131,128,0,48562:0:0:0:0:
256,192,48131,1,0,0:0:0:0:
475,192,48131,1,0,0:0:0:0:
402,192,48131,1,0,0:0:0:0:
109,192,48274,128,0,48562:0:0:0:0:
36,192,48274,1,0,0:0:0:0:
329,192,48274,1,0,0:0:0:0:
256,192,48418,1,0,0:0:0:0:
475,192,48418,1,0,0:0:0:0:
402,192,48562,1,0,0:0:0:0:
329,192,48562,1,0,0:0:0:0:
109,192,48633,1,0,0:0:0:0:
182,192,48633,1,0,0:0:0:0:
329,192,48705,128,0,48849:0:0:0:0:
402,192,48705,128,0,48849:0:0:0:0:
256,192,48705,1,0,0:0:0:0:
36,192,48705,1,0,0:0:0:0:
109,192,48849,128,0,48992:0:0:0:0:
182,192,48849,128,0,48992:0:0:0:0:
256,192,48992,1,0,0:0:0:0:
475,192,48992,128,0,49351:0:0:0:0:
36,192,48992,1,0,0:0:0:0:
402,192,49136,1,0,0:0:0:0:
182,192,49136,1,0,0:0:0:0:
329,192,49207,128,0,49925:0:0:0:0:
36,192,49279,1,0,0:0:0:0:
109,192,49279,1,0,0:0:0:0:
256,192,49279,1,0,0:0:0:0:
402,192,49423,128,0,49925:0:0:0:0:
475,192,49423,1,0,0:0:0:0:
182,192,49423,1,0,0:0:0:0:
36,192,49566,1,0,0:0:0:0:
256,192,49566,1,0,0:0:0:0:
182,192,49710,1,0,0:0:0:0:
36,192,49853,1,0,0:0:0:0:
109,192,49853,1,0,0:0:0:0:
256,192,49853,1,0,0:0:0:0:
402,192,49997,1,0,0:0:0:0:
329,192,49997,1,0,0:0:0:0:
182,192,50069,1,0,0:0:0:0:
109,192,50069,1,0,0:0:0:0:
36,192,50140,128,0,50428:0:0:0:0:
256,192,50140,128,0,50356:0:0:0:0:
475,192,50140,128,0,50428:0:0:0:0:
109,192,50284,1,0,0:0:0:0:
402,192,50284,1,0,0:0:0:0:
182,192,50428,128,0,50643:0:0:0:0:
329,192,50428,128,0,50643:0:0:0:0:
256,192,50428,1,0,0:0:0:0:
36,192,50499,128,0,50715:0:0:0:0:
475,192,50499,128,0,50715:0:0:0:0:
182,192,50715,1,0,0:0:0:0:
329,192,50715,1,0,0:0:0:0:
109,192,50715,1,0,0:0:0:0:
402,192,50715,1,0,0:0:0:0:
256,192,50858,1,0,0:0:0:0:
182,192,50930,1,0,0:0:0:0:
329,192,50930,1,0,0:0:0:0:
475,192,51002,1,0,0:0:0:0:
36,192,51002,1,0,0:0:0:0:
109,192,51002,1,0,0:0:0:0:
402,192,51002,1,0,0:0:0:0:
256,192,51002,1,0,0:0:0:0:
182,192,51145,1,0,0:0:0:0:
329,192,51145,1,0,0:0:0:0:
402,192,51289,128,0,51432:0:0:0:0:
36,192,51289,1,0,0:0:0:0:
475,192,51289,1,0,0:0:0:0:
329,192,51289,128,0,51432:0:0:0:0:
256,192,51289,1,0,0:0:0:0:
109,192,51432,1,0,0:0:0:0:
182,192,51432,1,0,0:0:0:0:
402,192,51504,1,0,0:0:0:0:
329,192,51504,1,0,0:0:0:0:
36,192,51576,1,0,0:0:0:0:
475,192,51576,1,0,0:0:0:0:
256,192,51576,1,0,0:0:0:0:
109,192,51719,128,0,51863:0:0:0:0:
182,192,51719,128,0,51863:0:0:0:0:
329,192,51719,1,0,0:0:0:0:
36,192,51863,1,0,0:0:0:0:
475,192,51863,1,0,0:0:0:0:
256,192,51863,1,0,0:0:0:0:
402,192,51959,1,0,0:0:0:0:
182,192,52007,1,0,0:0:0:0:
329,192,52054,1,0,0:0:0:0:
36,192,52150,1,0,0:0:0:0:
109,192,52150,1,0,0:0:0:0:
475,192,52150,1,0,0:0:0:0:
256,192,52150,1,0,0:0:0:0:
402,192,52246,1,0,0:0:0:0:
182,192,52294,1,0,0:0:0:0:
329,192,52341,1,0,0:0:0:0:
36,192,52437,128,0,52652:0:0:0:0:
256,192,52437,128,0,52652:0:0:0:0:
475,192,52437,128,0,52652:0:0:0:0:
109,192,52437,128,0,52652:0:0:0:0:
402,192,52437,128,0,52652:0:0:0:0:
109,192,52724,128,0,52796:0:0:0:0:
182,192,52724,128,0,52796:0:0:0:0:
329,192,52724,128,0,52796:0:0:0:0:
402,192,52724,128,0,52796:0:0:0:0:
36,192,52868,128,0,53083:0:0:0:0:
182,192,52868,128,0,53083:0:0:0:0:
329,192,52868,128,0,53155:0:0:0:0:
475,192,52868,128,0,53155:0:0:0:0:
256,192,52868,1,0,0:0:0:0:
36,192,53155,1,0,0:0:0:0:
182,192,53155,1,0,0:0:0:0:
329,192,53227,1,0,0:0:0:0:
475,192,53227,1,0,0:0:0:0:
109,192,53298,128,0,53514:0:0:0:0:
402,192,53298,128,0,53514:0:0:0:0:
256,192,53298,1,0,0:0:0:0:
256,192,53442,128,0,53514:0:0:0:0:
182,192,53442,128,0,53514:0:0:0:0:
329,192,53442,128,0,53514:0:0:0:0:
36,192,53585,128,0,53657:0:0:0:0:
109,192,53585,128,0,53657:0:0:0:0:
182,192,53585,128,0,53657:0:0:0:0:
329,192,53585,128,0,53657:0:0:0:0:
402,192,53585,128,0,53657:0:0:0:0:
475,192,53585,128,0,53657:0:0:0:0:
402,192,53801,128,0,53873:0:0:0:0:
329,192,53801,128,0,53873:0:0:0:0:
256,192,53801,128,0,53873:0:0:0:0:
182,192,53801,128,0,53873:0:0:0:0:
109,192,53801,128,0,53873:0:0:0:0:
36,192,54016,128,0,54447:0:0:0:0:
109,192,54016,128,0,54447:0:0:0:0:
182,192,54016,128,0,54447:0:0:0:0:
329,192,54016,128,0,54447:0:0:0:0:
402,192,54016,128,0,54447:0:0:0:0:
475,192,54016,128,0,54447:0:0:0:0:
256,192,54447,1,0,0:0:0:0:
402,192,54590,1,0,0:0:0:0:
475,192,54590,1,0,0:0:0:0:
36,192,54590,1,0,0:0:0:0:
109,192,54590,1,0,0:0:0:0:
256,192,54590,1,0,0:0:0:0:
329,192,54662,1,0,0:0:0:0:
182,192,54662,1,0,0:0:0:0:
36,192,54734,128,0,54949:0:0:0:0:
109,192,54734,128,0,54949:0:0:0:0:
256,192,54734,128,0,54949:0:0:0:0:
402,192,54734,128,0,54949:0:0:0:0:
475,192,54734,128,0,54949:0:0:0:0:
36,192,55021,128,0,55236:0:0:0:0:
182,192,55021,128,0,55236:0:0:0:0:
256,192,55021,128,0,55236:0:0:0:0:
329,192,55021,128,0,55236:0:0:0:0:
475,192,55021,128,0,55236:0:0:0:0:
36,192,55308,1,0,0:0:0:0:
109,192,55308,1,0,0:0:0:0:
182,192,55308,1,0,0:0:0:0:
256,192,55308,1,0,0:0:0:0:
329,192,55308,1,0,0:0:0:0:
109,192,55523,1,0,0:0:0:0:
182,192,55523,1,0,0:0:0:0:
256,192,55523,1,0,0:0:0:0:
402,192,55523,1,0,0:0:0:0:
329,192,55523,1,0,0:0:0:0:
182,192,55739,1,0,0:0:0:0:
256,192,55739,1,0,0:0:0:0:
329,192,55739,1,0,0:0:0:0:
402,192,55739,1,0,0:0:0:0:
475,192,55739,1,0,0:0:0:0:
475,192,55882,128,0,56241:0:0:0:0:
402,192,55882,128,0,55954:0:0:0:0:
329,192,55882,128,0,55954:0:0:0:0:
256,192,55882,128,0,56385:0:0:0:0:
182,192,55882,128,0,56097:0:0:0:0:
109,192,55882,128,0,56097:0:0:0:0:
36,192,55882,128,0,56672:0:0:0:0:
329,192,56026,128,0,56528:0:0:0:0:
402,192,56026,128,0,56241:0:0:0:0:
109,192,56169,128,0,56672:0:0:0:0:
182,192,56169,128,0,56385:0:0:0:0:
402,192,56313,128,0,56528:0:0:0:0:
475,192,56313,128,0,56815:0:0:0:0:
182,192,56456,128,0,56959:0:0:0:0:
256,192,56456,128,0,57389:0:0:0:0:
329,192,56600,128,0,57102:0:0:0:0:
402,192,56600,128,0,56815:0:0:0:0:
109,192,56743,128,0,56959:0:0:0:0:
36,192,56743,128,0,57246:0:0:0:0:
402,192,56887,128,0,57102:0:0:0:0:
475,192,56887,128,0,57676:0:0:0:0:
109,192,57030,128,0,57246:0:0:0:0:
182,192,57030,128,0,57533:0:0:0:0:
402,192,57174,128,0,57676:0:0:0:0:
329,192,57174,128,0,57389:0:0:0:0:
36,192,57318,128,0,58107:0:0:0:0:
109,192,57318,128,0,57533:0:0:0:0:
329,192,57461,128,0,57963:0:0:0:0:
256,192,57461,128,0,57820:0:0:0:0:
182,192,57605,128,0,57820:0:0:0:0:
109,192,57605,128,0,58107:0:0:0:0:
475,192,57748,128,0,58825:0:0:0:0:
402,192,57748,128,0,57963:0:0:0:0:
256,192,57892,128,0,58251:0:0:0:0:
182,192,57892,128,0,58394:0:0:0:0:
402,192,58035,128,0,58538:0:0:0:0:
329,192,58035,128,0,58251:0:0:0:0:
36,192,58179,128,0,58968:0:0:0:0:
109,192,58179,128,0,58394:0:0:0:0:
256,192,58322,128,0,58681:0:0:0:0:
329,192,58322,128,0,58538:0:0:0:0:
109,192,58466,128,0,58968:0:0:0:0:
182,192,58466,128,0,58681:0:0:0:0:
329,192,58609,128,0,59112:0:0:0:0:
402,192,58609,128,0,58825:0:0:0:0:
182,192,58753,128,0,59255:0:0:0:0:
256,192,58753,128,0,59112:0:0:0:0:
402,192,58896,128,0,59399:0:0:0:0:
475,192,58896,128,0,59686:0:0:0:0:
36,192,59040,128,0,59829:0:0:0:0:
109,192,59040,128,0,59255:0:0:0:0:
256,192,59184,128,0,59542:0:0:0:0:
329,192,59184,128,0,59399:0:0:0:0:
109,192,59327,128,0,59829:0:0:0:0:
182,192,59327,128,0,59542:0:0:0:0:
329,192,59471,128,0,60260:0:0:0:0:
402,192,59471,128,0,59686:0:0:0:0:
182,192,59614,128,0,59973:0:0:0:0:
256,192,59614,128,0,59973:0:0:0:0:
475,192,59758,128,0,60117:0:0:0:0:
402,192,59758,128,0,60117:0:0:0:0:
36,192,59901,128,0,60404:0:0:0:0:
109,192,59901,128,0,60404:0:0:0:0:
182,192,60045,128,0,60404:0:0:0:0:
256,192,60045,128,0,60260:0:0:0:0:
402,192,60188,128,0,60404:0:0:0:0:
475,192,60188,128,0,60404:0:0:0:0:
256,192,60332,128,0,60404:0:0:0:0:
329,192,60332,128,0,60404:0:0:0:0:
36,192,60475,1,0,0:0:0:0:
109,192,60475,1,0,0:0:0:0:
402,192,60475,1,0,0:0:0:0:
475,192,60475,1,0,0:0:0:0:
329,192,60547,1,0,0:0:0:0:
256,192,60547,1,0,0:0:0:0:
182,192,60547,1,0,0:0:0:0:
36,192,60619,1,0,0:0:0:0:
109,192,60619,1,0,0:0:0:0:
402,192,60619,1,0,0:0:0:0:
475,192,60619,1,0,0:0:0:0:
182,192,60691,1,0,0:0:0:0:
256,192,60691,1,0,0:0:0:0:
329,192,60691,1,0,0:0:0:0:
36,192,60763,1,0,0:0:0:0:
109,192,60763,1,0,0:0:0:0:
402,192,60763,1,0,0:0:0:0:
475,192,60763,1,0,0:0:0:0:
36,192,60906,128,0,61121:0:0:0:0:
109,192,60906,128,0,61121:0:0:0:0:
402,192,60906,128,0,61121:0:0:0:0:
475,192,60906,128,0,61121:0:0:0:0:
256,192,60906,1,0,0:0:0:0:
256,192,61050,128,0,61265:0:0:0:0:
182,192,61050,128,0,61265:0:0:0:0:
329,192,61193,128,0,61408:0:0:0:0:
402,192,61193,128,0,61408:0:0:0:0:
475,192,61193,1,0,0:0:0:0:
109,192,61337,128,0,61552:0:0:0:0:
182,192,61337,128,0,61552:0:0:0:0:
402,192,61480,128,0,61696:0:0:0:0:
475,192,61480,128,0,61696:0:0:0:0:
256,192,61624,128,0,61839:0:0:0:0:
182,192,61624,128,0,61839:0:0:0:0:
329,192,61624,1,0,0:0:0:0:
36,192,61767,128,0,61983:0:0:0:0:
109,192,61767,128,0,61983:0:0:0:0:
329,192,61911,128,0,62126:0:0:0:0:
402,192,61911,128,0,62126:0:0:0:0:
109,192,62054,128,0,62270:0:0:0:0:
182,192,62054,128,0,62270:0:0:0:0:
36,192,62054,1,0,0:0:0:0:
256,192,62198,128,0,62413:0:0:0:0:
329,192,62198,128,0,62413:0:0:0:0:
402,192,62341,128,0,62557:0:0:0:0:
475,192,62341,128,0,62557:0:0:0:0:
182,192,62485,128,0,62700:0:0:0:0:
256,192,62485,128,0,62700:0:0:0:0:
36,192,62629,128,0,62844:0:0:0:0:
109,192,62629,128,0,62844:0:0:0:0:
256,192,62772,128,0,62987:0:0:0:0:
329,192,62772,128,0,62987:0:0:0:0:
402,192,62916,128,0,63131:0:0:0:0:
475,192,62916,128,0,63131:0:0:0:0:
182,192,63059,128,0,63274:0:0:0:0:
109,192,63059,128,0,63274:0:0:0:0:
256,192,63059,1,0,0:0:0:0:
329,192,63203,128,0,63418:0:0:0:0:
402,192,63203,128,0,63418:0:0:0:0:
36,192,63346,128,0,63562:0:0:0:0:
109,192,63346,128,0,63562:0:0:0:0:
475,192,63490,128,0,63705:0:0:0:0:
329,192,63490,128,0,63705:0:0:0:0:
256,192,63490,1,0,0:0:0:0:
36,192,63633,128,0,63849:0:0:0:0:
182,192,63633,128,0,63849:0:0:0:0:
475,192,63777,128,0,63849:0:0:0:0:
329,192,63777,128,0,63849:0:0:0:0:
36,192,63920,1,0,0:0:0:0:
256,192,63920,1,0,0:0:0:0:
109,192,63992,1,0,0:0:0:0:
329,192,63992,1,0,0:0:0:0:
182,192,64064,1,0,0:0:0:0:
402,192,64064,1,0,0:0:0:0:
256,192,64136,1,0,0:0:0:0:
475,192,64136,1,0,0:0:0:0:
36,192,64207,128,0,64997:0:0:0:0:
109,192,64207,1,0,0:0:0:0:
329,192,64207,1,0,0:0:0:0:
182,192,64279,1,0,0:0:0:0:
402,192,64279,1,0,0:0:0:0:
256,192,64351,1,0,0:0:0:0:
475,192,64351,1,0,0:0:0:0:
182,192,64423,1,0,0:0:0:0:
402,192,64423,1,0,0:0:0:0:
109,192,64495,128,0,64997:0:0:0:0:
329,192,64495,1,0,0:0:0:0:
182,192,64566,1,0,0:0:0:0:
402,192,64566,1,0,0:0:0:0:
256,192,64638,1,0,0:0:0:0:
475,192,64638,1,0,0:0:0:0:
329,192,64710,1,0,0:0:0:0:
182,192,64782,128,0,64997:0:0:0:0:
402,192,64782,1,0,0:0:0:0:
475,192,64853,1,0,0:0:0:0:
256,192,64853,1,0,0:0:0:0:
329,192,64925,1,0,0:0:0:0:
402,192,64997,1,0,0:0:0:0:
36,192,65069,1,0,0:0:0:0:
182,192,65069,1,0,0:0:0:0:
329,192,65069,1,0,0:0:0:0:
475,192,65069,1,0,0:0:0:0:
256,192,65069,1,0,0:0:0:0:
256,192,65212,1,0,0:0:0:0:
402,192,65212,1,0,0:0:0:0:
36,192,65356,1,0,0:0:0:0:
109,192,65356,1,0,0:0:0:0:
182,192,65356,1,0,0:0:0:0:
402,192,65356,128,0,65428:0:0:0:0:
475,192,65356,128,0,65428:0:0:0:0:
329,192,65356,128,0,65428:0:0:0:0:
109,192,65499,1,0,0:0:0:0:
256,192,65499,1,0,0:0:0:0:
36,192,65643,1,0,0:0:0:0:
182,192,65643,1,0,0:0:0:0:
256,192,65643,1,0,0:0:0:0:
329,192,65643,1,0,0:0:0:0:
475,192,65643,1,0,0:0:0:0:
329,192,65786,128,0,65858:0:0:0:0:
402,192,65786,128,0,65858:0:0:0:0:
256,192,65786,128,0,65858:0:0:0:0:
36,192,65930,1,0,0:0:0:0:
256,192,65930,1,0,0:0:0:0:
402,192,65930,1,0,0:0:0:0:
475,192,65930,1,0,0:0:0:0:
109,192,65930,1,0,0:0:0:0:
182,192,66074,1,0,0:0:0:0:
329,192,66074,1,0,0:0:0:0:
36,192,66217,1,0,0:0:0:0:
475,192,66217,1,0,0:0:0:0:
256,192,66217,128,0,66289:0:0:0:0:
329,192,66217,128,0,66289:0:0:0:0:
182,192,66217,128,0,66289:0:0:0:0:
402,192,66361,1,0,0:0:0:0:
109,192,66361,1,0,0:0:0:0:
36,192,66504,1,0,0:0:0:0:
329,192,66504,1,0,0:0:0:0:
256,192,66504,1,0,0:0:0:0:
475,192,66504,1,0,0:0:0:0:
182,192,66504,1,0,0:0:0:0:
182,192,66648,128,0,66719:0:0:0:0:
256,192,66648,128,0,66719:0:0:0:0:
109,192,66648,128,0,66719:0:0:0:0:
36,192,66791,1,0,0:0:0:0:
256,192,66791,1,0,0:0:0:0:
402,192,66791,1,0,0:0:0:0:
109,192,66791,1,0,0:0:0:0:
475,192,66791,1,0,0:0:0:0:
182,192,66935,1,0,0:0:0:0:
329,192,66935,1,0,0:0:0:0:
256,192,67078,1,0,0:0:0:0:
402,192,67078,1,0,0:0:0:0:
475,192,67078,1,0,0:0:0:0:
182,192,67078,128,0,67150:0:0:0:0:
109,192,67078,128,0,67150:0:0:0:0:
36,192,67078,128,0,67150:0:0:0:0:
329,192,67222,128,0,67294:0:0:0:0:
402,192,67222,128,0,67294:0:0:0:0:
475,192,67222,128,0,67294:0:0:0:0:
36,192,67365,1,0,0:0:0:0:
256,192,67365,1,0,0:0:0:0:
402,192,67365,1,0,0:0:0:0:
475,192,67365,1,0,0:0:0:0:
109,192,67365,1,0,0:0:0:0:
329,192,67509,1,0,0:0:0:0:
182,192,67509,1,0,0:0:0:0:
109,192,67652,128,0,67724:0:0:0:0:
256,192,67652,128,0,67724:0:0:0:0:
402,192,67652,128,0,67724:0:0:0:0:
36,192,67652,128,0,67724:0:0:0:0:
475,192,67652,128,0,67724:0:0:0:0:
329,192,67796,1,0,0:0:0:0:
182,192,67796,1,0,0:0:0:0:
36,192,67940,1,0,0:0:0:0:
402,192,67940,1,0,0:0:0:0:
109,192,67940,1,0,0:0:0:0:
475,192,67940,1,0,0:0:0:0:
256,192,67940,1,0,0:0:0:0:
36,192,68083,128,0,68155:0:0:0:0:
475,192,68083,128,0,68155:0:0:0:0:
182,192,68083,128,0,68155:0:0:0:0:
329,192,68083,128,0,68155:0:0:0:0:
256,192,68227,1,0,0:0:0:0:
329,192,68227,1,0,0:0:0:0:
36,192,68227,1,0,0:0:0:0:
182,192,68227,1,0,0:0:0:0:
475,192,68227,1,0,0:0:0:0:
402,192,68370,1,0,0:0:0:0:
109,192,68370,1,0,0:0:0:0:
256,192,68514,128,0,69447:0:0:0:0:
475,192,68514,128,0,68585:0:0:0:0:
36,192,68514,128,0,68585:0:0:0:0:
182,192,68514,128,0,68585:0:0:0:0:
329,192,68514,128,0,68585:0:0:0:0:
109,192,68657,1,0,0:0:0:0:
402,192,68657,1,0,0:0:0:0:
36,192,68801,1,0,0:0:0:0:
109,192,68801,1,0,0:0:0:0:
402,192,68801,1,0,0:0:0:0:
475,192,68801,1,0,0:0:0:0:
329,192,68944,128,0,69016:0:0:0:0:
182,192,68944,128,0,69016:0:0:0:0:
109,192,68944,128,0,69016:0:0:0:0:
402,192,68944,128,0,69016:0:0:0:0:
36,192,69088,1,0,0:0:0:0:
182,192,69088,1,0,0:0:0:0:
329,192,69088,1,0,0:0:0:0:
475,192,69088,1,0,0:0:0:0:
109,192,69231,1,0,0:0:0:0:
402,192,69231,1,0,0:0:0:0:
36,192,69375,128,0,69447:0:0:0:0:
182,192,69375,128,0,69447:0:0:0:0:
329,192,69375,128,0,69447:0:0:0:0:
475,192,69375,128,0,69447:0:0:0:0:
109,192,69518,128,0,69590:0:0:0:0:
402,192,69518,128,0,69590:0:0:0:0:
256,192,69518,1,0,0:0:0:0:
36,192,69662,1,0,0:0:0:0:
329,192,69662,128,0,69734:0:0:0:0:
475,192,69662,1,0,0:0:0:0:
182,192,69662,128,0,69734:0:0:0:0:
36,192,69806,1,0,0:0:0:0:
402,192,69806,128,0,69877:0:0:0:0:
256,192,69806,128,0,69877:0:0:0:0:
36,192,69949,1,0,0:0:0:0:
475,192,69949,128,0,70021:0:0:0:0:
329,192,69949,128,0,70021:0:0:0:0:
36,192,70093,1,0,0:0:0:0:
256,192,70093,128,0,70164:0:0:0:0:
109,192,70093,128,0,70164:0:0:0:0:
36,192,70236,1,0,0:0:0:0:
329,192,70236,128,0,70308:0:0:0:0:
182,192,70236,128,0,70308:0:0:0:0:
36,192,70380,1,0,0:0:0:0:
402,192,70380,128,0,70451:0:0:0:0:
475,192,70380,128,0,70451:0:0:0:0:
36,192,70523,1,0,0:0:0:0:
182,192,70523,128,0,70595:0:0:0:0:
256,192,70523,128,0,70595:0:0:0:0:
36,192,70667,1,0,0:0:0:0:
182,192,70667,128,0,70739:0:0:0:0:
256,192,70667,128,0,70739:0:0:0:0:
36,192,70810,1,0,0:0:0:0:
329,192,70810,128,0,70882:0:0:0:0:
475,192,70810,128,0,70882:0:0:0:0:
36,192,70954,1,0,0:0:0:0:
109,192,70954,128,0,71026:0:0:0:0:
256,192,70954,128,0,71026:0:0:0:0:
36,192,71097,1,0,0:0:0:0:
182,192,71097,128,0,71169:0:0:0:0:
329,192,71097,128,0,71169:0:0:0:0:
36,192,71241,1,0,0:0:0:0:
256,192,71241,128,0,71313:0:0:0:0:
402,192,71241,128,0,71313:0:0:0:0:
36,192,71385,1,0,0:0:0:0:
182,192,71385,128,0,71456:0:0:0:0:
109,192,71385,128,0,71456:0:0:0:0:
36,192,71528,1,0,0:0:0:0:
329,192,71528,128,0,71600:0:0:0:0:
402,192,71528,128,0,71600:0:0:0:0:
36,192,71672,1,0,0:0:0:0:
256,192,71672,128,0,71743:0:0:0:0:
182,192,71672,128,0,71743:0:0:0:0:
36,192,71815,1,0,0:0:0:0:
402,192,71815,128,0,71887:0:0:0:0:
475,192,71815,128,0,71887:0:0:0:0:
36,192,71959,1,0,0:0:0:0:
256,192,71959,1,0,0:0:0:0:
475,192,71959,1,0,0:0:0:0:
109,192,72030,1,0,0:0:0:0:
329,192,72030,1,0,0:0:0:0:
182,192,72102,1,0,0:0:0:0:
402,192,72102,1,0,0:0:0:0:
256,192,72174,1,0,0:0:0:0:
475,192,72174,1,0,0:0:0:0:
36,192,72246,1,0,0:0:0:0:
256,192,72246,1,0,0:0:0:0:
109,192,72318,1,0,0:0:0:0:
329,192,72318,1,0,0:0:0:0:
402,192,72389,1,0,0:0:0:0:
182,192,72389,1,0,0:0:0:0:
475,192,72461,1,0,0:0:0:0:
256,192,72461,1,0,0:0:0:0:
36,192,72533,1,0,0:0:0:0:
109,192,72569,1,0,0:0:0:0:
182,192,72605,1,0,0:0:0:0:
475,192,72640,1,0,0:0:0:0:
256,192,72640,1,0,0:0:0:0:
402,192,72676,1,0,0:0:0:0:
329,192,72712,1,0,0:0:0:0:
256,192,72748,1,0,0:0:0:0:
36,192,72748,1,0,0:0:0:0:
109,192,72784,1,0,0:0:0:0:
182,192,72820,1,0,0:0:0:0:
256,192,72856,1,0,0:0:0:0:
475,192,72856,1,0,0:0:0:0:
402,192,72892,1,0,0:0:0:0:
329,192,72928,1,0,0:0:0:0:
256,192,72963,1,0,0:0:0:0:
36,192,72963,1,0,0:0:0:0:
109,192,72999,1,0,0:0:0:0:
182,192,73035,1,0,0:0:0:0:
256,192,73071,1,0,0:0:0:0:
36,192,73107,128,0,73251:0:0:0:0:
109,192,73107,128,0,73251:0:0:0:0:
402,192,73107,128,0,73251:0:0:0:0:
475,192,73107,128,0,73251:0:0:0:0:
182,192,73322,128,0,73466:0:0:0:0:
36,192,73322,128,0,73466:0:0:0:0:
475,192,73322,128,0,73466:0:0:0:0:
256,192,73322,128,0,73466:0:0:0:0:
329,192,73322,128,0,73466:0:0:0:0:
36,192,73538,1,0,0:0:0:0:
109,192,73538,1,0,0:0:0:0:
402,192,73538,1,0,0:0:0:0:
475,192,73538,1,0,0:0:0:0:
182,192,73609,1,0,0:0:0:0:
256,192,73609,1,0,0:0:0:0:
329,192,73609,1,0,0:0:0:0:
475,192,73681,128,0,73753:0:0:0:0:
402,192,73681,128,0,73753:0:0:0:0:
109,192,73681,128,0,73753:0:0:0:0:
36,192,73681,128,0,73753:0:0:0:0:
109,192,73825,128,0,73896:0:0:0:0:
256,192,73825,128,0,73896:0:0:0:0:
329,192,73825,128,0,73896:0:0:0:0:
36,192,73968,128,0,74184:0:0:0:0:
182,192,73968,128,0,74184:0:0:0:0:
402,192,73968,128,0,74184:0:0:0:0:
475,192,73968,128,0,74184:0:0:0:0:
329,192,73968,128,0,74184:0:0:0:0:
36,192,74255,1,0,0:0:0:0:
402,192,74255,1,0,0:0:0:0:
475,192,74255,1,0,0:0:0:0:
256,192,74255,1,0,0:0:0:0:
109,192,74327,1,0,0:0:0:0:
329,192,74327,1,0,0:0:0:0:
182,192,74399,1,0,0:0:0:0:
402,192,74399,1,0,0:0:0:0:
256,192,74471,1,0,0:0:0:0:
475,192,74471,1,0,0:0:0:0:
36,192,74542,1,0,0:0:0:0:
109,192,74542,1,0,0:0:0:0:
329,192,74542,1,0,0:0:0:0:
182,192,74686,1,0,0:0:0:0:
402,192,74686,1,0,0:0:0:0:
475,192,74686,1,0,0:0:0:0:
182,192,74758,1,0,0:0:0:0:
329,192,74758,1,0,0:0:0:0:
256,192,74829,1,0,0:0:0:0:
36,192,74829,1,0,0:0:0:0:
475,192,74829,128,0,75045:0:0:0:0:
402,192,74829,128,0,75045:0:0:0:0:
182,192,74973,1,0,0:0:0:0:
109,192,74973,1,0,0:0:0:0:
256,192,75045,128,0,75332:0:0:0:0:
36,192,75117,1,0,0:0:0:0:
109,192,75117,1,0,0:0:0:0:
402,192,75117,1,0,0:0:0:0:
475,192,75117,1,0,0:0:0:0:
182,192,75260,1,0,0:0:0:0:
329,192,75260,128,0,75332:0:0:0:0:
402,192,75260,128,0,75332:0:0:0:0:
475,192,75404,1,0,0:0:0:0:
109,192,75404,1,0,0:0:0:0:
256,192,75404,1,0,0:0:0:0:
36,192,75404,1,0,0:0:0:0:
182,192,75475,1,0,0:0:0:0:
402,192,75475,1,0,0:0:0:0:
109,192,75547,1,0,0:0:0:0:
329,192,75547,1,0,0:0:0:0:
256,192,75619,1,0,0:0:0:0:
36,192,75619,1,0,0:0:0:0:
182,192,75691,1,0,0:0:0:0:
402,192,75691,1,0,0:0:0:0:
475,192,75691,1,0,0:0:0:0:
329,192,75834,1,0,0:0:0:0:
36,192,75834,1,0,0:0:0:0:
109,192,75834,1,0,0:0:0:0:
329,192,75906,1,0,0:0:0:0:
182,192,75906,1,0,0:0:0:0:
109,192,75978,128,0,76193:0:0:0:0:
475,192,75978,1,0,0:0:0:0:
256,192,75978,1,0,0:0:0:0:
36,192,75978,128,0,76193:0:0:0:0:
329,192,76121,1,0,0:0:0:0:
402,192,76121,1,0,0:0:0:0:
256,192,76193,128,0,76480:0:0:0:0:
109,192,76265,1,0,0:0:0:0:
36,192,76265,1,0,0:0:0:0:
475,192,76265,1,0,0:0:0:0:
402,192,76265,1,0,0:0:0:0:
109,192,76408,128,0,76480:0:0:0:0:
329,192,76408,1,0,0:0:0:0:
182,192,76408,128,0,76480:0:0:0:0:
256,192,76552,1,0,0:0:0:0:
36,192,76552,1,0,0:0:0:0:
475,192,76552,1,0,0:0:0:0:
109,192,76552,1,0,0:0:0:0:
182,192,76696,1,0,0:0:0:0:
329,192,76696,1,0,0:0:0:0:
109,192,76767,1,0,0:0:0:0:
36,192,76839,1,0,0:0:0:0:
475,192,76839,1,0,0:0:0:0:
256,192,76839,1,0,0:0:0:0:
402,192,76839,1,0,0:0:0:0:
109,192,76911,1,0,0:0:0:0:
182,192,76983,1,0,0:0:0:0:
329,192,76983,1,0,0:0:0:0:
256,192,77126,1,0,0:0:0:0:
329,192,77126,1,0,0:0:0:0:
402,192,77126,1,0,0:0:0:0:
109,192,77126,1,0,0:0:0:0:
475,192,77270,1,0,0:0:0:0:
36,192,77270,1,0,0:0:0:0:
329,192,77341,1,0,0:0:0:0:
182,192,77341,1,0,0:0:0:0:
256,192,77341,1,0,0:0:0:0:
36,192,77413,1,0,0:0:0:0:
475,192,77413,1,0,0:0:0:0:
256,192,77557,1,0,0:0:0:0:
182,192,77557,1,0,0:0:0:0:
109,192,77557,1,0,0:0:0:0:
402,192,77557,1,0,0:0:0:0:
36,192,77700,1,0,0:0:0:0:
256,192,77700,1,0,0:0:0:0:
329,192,77700,1,0,0:0:0:0:
475,192,77700,1,0,0:0:0:0:
109,192,77772,1,0,0:0:0:0:
402,192,77844,1,0,0:0:0:0:
182,192,77844,1,0,0:0:0:0:
109,192,77916,1,0,0:0:0:0:
329,192,77916,1,0,0:0:0:0:
256,192,77987,1,0,0:0:0:0:
36,192,77987,1,0,0:0:0:0:
475,192,77987,1,0,0:0:0:0:
402,192,78059,1,0,0:0:0:0:
329,192,78131,1,0,0:0:0:0:
109,192,78131,1,0,0:0:0:0:
402,192,78203,1,0,0:0:0:0:
182,192,78203,1,0,0:0:0:0:
475,192,78274,1,0,0:0:0:0:
36,192,78274,1,0,0:0:0:0:
256,192,78274,1,0,0:0:0:0:
329,192,78346,1,0,0:0:0:0:
182,192,78418,1,0,0:0:0:0:
36,192,78490,1,0,0:0:0:0:
109,192,78490,1,0,0:0:0:0:
329,192,78490,1,0,0:0:0:0:
256,192,78562,1,0,0:0:0:0:
182,192,78562,1,0,0:0:0:0:
475,192,78562,1,0,0:0:0:0:
402,192,78562,1,0,0:0:0:0:
109,192,78705,1,0,0:0:0:0:
329,192,78705,128,0,78777:0:0:0:0:
36,192,78849,1,0,0:0:0:0:
256,192,78849,1,0,0:0:0:0:
402,192,78849,1,0,0:0:0:0:
475,192,78849,1,0,0:0:0:0:
109,192,78920,1,0,0:0:0:0:
182,192,78992,1,0,0:0:0:0:
329,192,78992,1,0,0:0:0:0:
402,192,79064,1,0,0:0:0:0:
475,192,79136,1,0,0:0:0:0:
36,192,79136,1,0,0:0:0:0:
256,192,79136,1,0,0:0:0:0:
109,192,79136,1,0,0:0:0:0:
402,192,79207,1,0,0:0:0:0:
329,192,79279,1,0,0:0:0:0:
182,192,79279,1,0,0:0:0:0:
402,192,79351,1,0,0:0:0:0:
182,192,79351,1,0,0:0:0:0:
475,192,79423,1,0,0:0:0:0:
36,192,79423,1,0,0:0:0:0:
182,192,79423,128,0,79566:0:0:0:0:
256,192,79423,1,0,0:0:0:0:
329,192,79566,1,0,0:0:0:0:
402,192,79566,1,0,0:0:0:0:
182,192,79638,1,0,0:0:0:0:
256,192,79710,1,0,0:0:0:0:
36,192,79710,1,0,0:0:0:0:
475,192,79710,1,0,0:0:0:0:
109,192,79710,1,0,0:0:0:0:
329,192,79853,128,0,79925:0:0:0:0:
182,192,79853,1,0,0:0:0:0:
36,192,79997,1,0,0:0:0:0:
109,192,79997,1,0,0:0:0:0:
256,192,79997,1,0,0:0:0:0:
475,192,79997,1,0,0:0:0:0:
402,192,80069,1,0,0:0:0:0:
329,192,80140,1,0,0:0:0:0:
182,192,80140,1,0,0:0:0:0:
109,192,80212,1,0,0:0:0:0:
36,192,80284,1,0,0:0:0:0:
256,192,80284,1,0,0:0:0:0:
475,192,80284,1,0,0:0:0:0:
402,192,80284,1,0,0:0:0:0:
109,192,80356,1,0,0:0:0:0:
182,192,80428,1,0,0:0:0:0:
329,192,80428,1,0,0:0:0:0:
109,192,80499,1,0,0:0:0:0:
329,192,80499,1,0,0:0:0:0:
256,192,80571,1,0,0:0:0:0:
475,192,80571,1,0,0:0:0:0:
36,192,80571,1,0,0:0:0:0:
329,192,80571,128,0,80715:0:0:0:0:
109,192,80715,1,0,0:0:0:0:
182,192,80715,1,0,0:0:0:0:
329,192,80786,1,0,0:0:0:0:
475,192,80858,1,0,0:0:0:0:
402,192,80858,1,0,0:0:0:0:
256,192,80858,1,0,0:0:0:0:
36,192,80858,1,0,0:0:0:0:
329,192,81002,1,0,0:0:0:0:
182,192,81002,128,0,81074:0:0:0:0:
36,192,81145,1,0,0:0:0:0:
182,192,81145,1,0,0:0:0:0:
402,192,81145,1,0,0:0:0:0:
475,192,81145,1,0,0:0:0:0:
256,192,81217,1,0,0:0:0:0:
36,192,81289,1,0,0:0:0:0:
402,192,81289,1,0,0:0:0:0:
256,192,81361,1,0,0:0:0:0:
36,192,81432,1,0,0:0:0:0:
109,192,81432,1,0,0:0:0:0:
475,192,81432,1,0,0:0:0:0:
402,192,81504,1,0,0:0:0:0:
329,192,81576,1,0,0:0:0:0:
36,192,81576,1,0,0:0:0:0:
182,192,81576,1,0,0:0:0:0:
402,192,81648,1,0,0:0:0:0:
182,192,81648,1,0,0:0:0:0:
475,192,81719,1,0,0:0:0:0:
36,192,81719,1,0,0:0:0:0:
182,192,81719,128,0,82078:0:0:0:0:
256,192,81719,1,0,0:0:0:0:
475,192,81863,128,0,81935:0:0:0:0:
402,192,81863,128,0,81935:0:0:0:0:
329,192,81863,128,0,81935:0:0:0:0:
36,192,81863,1,0,0:0:0:0:
36,192,82007,1,0,0:0:0:0:
475,192,82007,128,0,82078:0:0:0:0:
402,192,82007,128,0,82078:0:0:0:0:
329,192,82007,128,0,82078:0:0:0:0:
36,192,82150,1,0,0:0:0:0:
256,192,82150,128,0,82222:0:0:0:0:
182,192,82150,1,0,0:0:0:0:
36,192,82294,128,0,82437:0:0:0:0:
182,192,82294,128,0,82437:0:0:0:0:
329,192,82294,128,0,82437:0:0:0:0:
475,192,82294,128,0,82437:0:0:0:0:
109,192,82294,128,0,82437:0:0:0:0:
402,192,82294,128,0,82437:0:0:0:0:
36,192,82509,1,0,0:0:0:0:
182,192,82509,1,0,0:0:0:0:
329,192,82509,1,0,0:0:0:0:
475,192,82509,1,0,0:0:0:0:
256,192,82509,1,0,0:0:0:0:
109,192,82724,128,0,82868:0:0:0:0:
182,192,82724,128,0,82868:0:0:0:0:
256,192,82724,128,0,82868:0:0:0:0:
329,192,82724,128,0,82868:0:0:0:0:
402,192,82724,128,0,82868:0:0:0:0:
109,192,82940,1,0,0:0:0:0:
36,192,82940,1,0,0:0:0:0:
256,192,82940,1,0,0:0:0:0:
475,192,82940,1,0,0:0:0:0:
402,192,82940,1,0,0:0:0:0:
475,192,83155,1,0,0:0:0:0:
329,192,83155,1,0,0:0:0:0:
182,192,83155,1,0,0:0:0:0:
36,192,83155,1,0,0:0:0:0:
402,192,83155,1,0,0:0:0:0:
475,192,83298,1,0,0:0:0:0:
329,192,83298,1,0,0:0:0:0:
182,192,83298,1,0,0:0:0:0:
36,192,83298,1,0,0:0:0:0:
109,192,83298,1,0,0:0:0:0:
182,192,83442,128,0,83657:0:0:0:0:
36,192,83442,128,0,83657:0:0:0:0:
256,192,83442,1,0,0:0:0:0:
475,192,83442,1,0,0:0:0:0:
402,192,83514,1,0,0:0:0:0:
329,192,83585,1,0,0:0:0:0:
402,192,83657,1,0,0:0:0:0:
256,192,83729,1,0,0:0:0:0:
475,192,83729,1,0,0:0:0:0:
182,192,83729,1,0,0:0:0:0:
36,192,83729,1,0,0:0:0:0:
109,192,83873,1,0,0:0:0:0:
402,192,83873,128,0,83944:0:0:0:0:
475,192,83873,128,0,83944:0:0:0:0:
182,192,83944,1,0,0:0:0:0:
329,192,83944,128,0,84088:0:0:0:0:
182,192,84016,1,0,0:0:0:0:
36,192,84016,1,0,0:0:0:0:
475,192,84016,128,0,84231:0:0:0:0:
402,192,84016,128,0,84231:0:0:0:0:
109,192,84160,1,0,0:0:0:0:
256,192,84160,1,0,0:0:0:0:
36,192,84231,128,0,84518:0:0:0:0:
182,192,84231,128,0,84518:0:0:0:0:
329,192,84303,1,0,0:0:0:0:
475,192,84303,1,0,0:0:0:0:
402,192,84303,1,0,0:0:0:0:
256,192,84447,128,0,84518:0:0:0:0:
109,192,84447,128,0,84518:0:0:0:0:
475,192,84590,128,0,84806:0:0:0:0:
256,192,84590,1,0,0:0:0:0:
329,192,84590,128,0,84806:0:0:0:0:
36,192,84590,1,0,0:0:0:0:
109,192,84662,1,0,0:0:0:0:
182,192,84734,1,0,0:0:0:0:
109,192,84806,1,0,0:0:0:0:
256,192,84877,1,0,0:0:0:0:
36,192,84877,1,0,0:0:0:0:
475,192,84877,1,0,0:0:0:0:
329,192,84877,1,0,0:0:0:0:
402,192,85021,1,0,0:0:0:0:
109,192,85021,128,0,85093:0:0:0:0:
36,192,85021,128,0,85093:0:0:0:0:
182,192,85093,128,0,85236:0:0:0:0:
329,192,85093,1,0,0:0:0:0:
109,192,85164,128,0,85380:0:0:0:0:
329,192,85164,1,0,0:0:0:0:
475,192,85164,1,0,0:0:0:0:
36,192,85164,128,0,85380:0:0:0:0:
256,192,85308,1,0,0:0:0:0:
402,192,85308,1,0,0:0:0:0:
475,192,85380,128,0,85667:0:0:0:0:
329,192,85380,128,0,85667:0:0:0:0:
36,192,85451,1,0,0:0:0:0:
182,192,85451,1,0,0:0:0:0:
109,192,85451,1,0,0:0:0:0:
402,192,85595,128,0,85667:0:0:0:0:
256,192,85595,128,0,85667:0:0:0:0:
475,192,85739,1,0,0:0:0:0:
182,192,85739,128,0,85954:0:0:0:0:
36,192,85739,128,0,85954:0:0:0:0:
109,192,85739,128,0,85954:0:0:0:0:
402,192,85810,1,0,0:0:0:0:
329,192,85882,1,0,0:0:0:0:
256,192,85954,1,0,0:0:0:0:
36,192,86026,1,0,0:0:0:0:
402,192,86026,128,0,86241:0:0:0:0:
475,192,86026,128,0,86241:0:0:0:0:
329,192,86026,128,0,86241:0:0:0:0:
109,192,86097,1,0,0:0:0:0:
182,192,86169,1,0,0:0:0:0:
256,192,86241,1,0,0:0:0:0:
36,192,86313,128,0,86385:0:0:0:0:
329,192,86313,128,0,86385:0:0:0:0:
475,192,86313,128,0,86385:0:0:0:0:
182,192,86313,128,0,86385:0:0:0:0:
402,192,86456,1,0,0:0:0:0:
109,192,86456,1,0,0:0:0:0:
182,192,86528,128,0,86600:0:0:0:0:
256,192,86528,128,0,86600:0:0:0:0:
329,192,86528,128,0,86600:0:0:0:0:
36,192,86600,1,0,0:0:0:0:
475,192,86600,1,0,0:0:0:0:
109,192,86743,128,0,86815:0:0:0:0:
256,192,86743,128,0,86815:0:0:0:0:
402,192,86743,128,0,86815:0:0:0:0:
36,192,86887,128,0,87102:0:0:0:0:
109,192,86887,128,0,87102:0:0:0:0:
475,192,86887,1,0,0:0:0:0:
402,192,86959,1,0,0:0:0:0:
182,192,87030,128,0,87102:0:0:0:0:
329,192,87030,1,0,0:0:0:0:
256,192,87102,1,0,0:0:0:0:
475,192,87174,128,0,87389:0:0:0:0:
36,192,87174,1,0,0:0:0:0:
402,192,87174,128,0,87389:0:0:0:0:
109,192,87246,1,0,0:0:0:0:
329,192,87318,128,0,87389:0:0:0:0:
182,192,87318,1,0,0:0:0:0:
256,192,87389,1,0,0:0:0:0:
475,192,87461,128,0,87533:0:0:0:0:
329,192,87461,128,0,87533:0:0:0:0:
36,192,87461,128,0,87533:0:0:0:0:
182,192,87461,128,0,87533:0:0:0:0:
109,192,87605,1,0,0:0:0:0:
402,192,87605,1,0,0:0:0:0:
182,192,87676,128,0,87748:0:0:0:0:
256,192,87676,128,0,87748:0:0:0:0:
329,192,87676,128,0,87748:0:0:0:0:
475,192,87748,1,0,0:0:0:0:
36,192,87748,1,0,0:0:0:0:
402,192,87892,128,0,87963:0:0:0:0:
256,192,87892,128,0,87963:0:0:0:0:
109,192,87892,128,0,87963:0:0:0:0:
256,192,88035,1,0,0:0:0:0:
475,192,88035,1,0,0:0:0:0:
36,192,88035,1,0,0:0:0:0:
402,192,88035,1,0,0:0:0:0:
109,192,88107,1,0,0:0:0:0:
182,192,88179,1,0,0:0:0:0:
329,192,88179,1,0,0:0:0:0:
402,192,88251,1,0,0:0:0:0:
475,192,88322,1,0,0:0:0:0:
36,192,88322,1,0,0:0:0:0:
256,192,88322,1,0,0:0:0:0:
109,192,88322,1,0,0:0:0:0:
402,192,88394,1,0,0:0:0:0:
329,192,88466,1,0,0:0:0:0:
36,192,88466,128,0,88502:0:0:0:0:
182,192,88466,128,0,88502:0:0:0:0:
402,192,88538,1,0,0:0:0:0:
182,192,88538,128,0,88574:0:0:0:0:
36,192,88538,128,0,88574:0:0:0:0:
475,192,88609,1,0,0:0:0:0:
182,192,88609,128,0,88753:0:0:0:0:
256,192,88609,1,0,0:0:0:0:
36,192,88609,128,0,88753:0:0:0:0:
329,192,88753,1,0,0:0:0:0:
402,192,88753,1,0,0:0:0:0:
36,192,88825,1,0,0:0:0:0:
182,192,88825,1,0,0:0:0:0:
256,192,88896,1,0,0:0:0:0:
109,192,88896,1,0,0:0:0:0:
475,192,88896,1,0,0:0:0:0:
402,192,88896,1,0,0:0:0:0:
329,192,89040,128,0,89112:0:0:0:0:
182,192,89040,1,0,0:0:0:0:
475,192,89040,128,0,89112:0:0:0:0:
36,192,89184,1,0,0:0:0:0:
109,192,89184,1,0,0:0:0:0:
256,192,89184,1,0,0:0:0:0:
475,192,89184,1,0,0:0:0:0:
402,192,89255,1,0,0:0:0:0:
329,192,89327,1,0,0:0:0:0:
182,192,89327,1,0,0:0:0:0:
109,192,89399,1,0,0:0:0:0:
36,192,89471,1,0,0:0:0:0:
256,192,89471,1,0,0:0:0:0:
475,192,89471,1,0,0:0:0:0:
402,192,89471,1,0,0:0:0:0:
109,192,89542,1,0,0:0:0:0:
182,192,89614,1,0,0:0:0:0:
329,192,89614,128,0,89650:0:0:0:0:
475,192,89614,128,0,89650:0:0:0:0:
109,192,89686,1,0,0:0:0:0:
329,192,89686,128,0,89722:0:0:0:0:
475,192,89686,128,0,89722:0:0:0:0:
256,192,89758,1,0,0:0:0:0:
36,192,89758,1,0,0:0:0:0:
329,192,89758,128,0,89901:0:0:0:0:
475,192,89758,128,0,89901:0:0:0:0:
109,192,89901,1,0,0:0:0:0:
182,192,89901,1,0,0:0:0:0:
329,192,89973,1,0,0:0:0:0:
475,192,89973,1,0,0:0:0:0:
402,192,90045,1,0,0:0:0:0:
256,192,90045,1,0,0:0:0:0:
36,192,90045,1,0,0:0:0:0:
182,192,90045,1,0,0:0:0:0:
329,192,90188,1,0,0:0:0:0:
182,192,90188,128,0,90260:0:0:0:0:
36,192,90188,128,0,90260:0:0:0:0:
36,192,90332,1,0,0:0:0:0:
256,192,90332,1,0,0:0:0:0:
475,192,90332,1,0,0:0:0:0:
182,192,90404,1,0,0:0:0:0:
402,192,90404,1,0,0:0:0:0:
109,192,90475,1,0,0:0:0:0:
329,192,90475,1,0,0:0:0:0:
36,192,90547,1,0,0:0:0:0:
256,192,90547,1,0,0:0:0:0:
256,192,90619,1,0,0:0:0:0:
475,192,90619,1,0,0:0:0:0:
182,192,90691,1,0,0:0:0:0:
402,192,90691,1,0,0:0:0:0:
109,192,90763,1,0,0:0:0:0:
329,192,90763,1,0,0:0:0:0:
36,192,90834,1,0,0:0:0:0:
256,192,90834,1,0,0:0:0:0:
256,192,90906,1,0,0:0:0:0:
475,192,90906,1,0,0:0:0:0:
182,192,90978,1,0,0:0:0:0:
402,192,90978,1,0,0:0:0:0:
329,192,91050,1,0,0:0:0:0:
109,192,91050,1,0,0:0:0:0:
256,192,91121,1,0,0:0:0:0:
36,192,91121,1,0,0:0:0:0:
475,192,91193,1,0,0:0:0:0:
256,192,91193,1,0,0:0:0:0:
402,192,91265,1,0,0:0:0:0:
182,192,91265,1,0,0:0:0:0:
109,192,91337,1,0,0:0:0:0:
329,192,91337,1,0,0:0:0:0:
36,192,91408,1,0,0:0:0:0:
256,192,91408,1,0,0:0:0:0:
475,192,91480,128,0,91624:0:0:0:0:
402,192,91516,128,0,91660:0:0:0:0:
329,192,91552,128,0,91696:0:0:0:0:
256,192,91588,128,0,91731:0:0:0:0:
182,192,91624,128,0,91767:0:0:0:0:
109,192,91660,128,0,91803:0:0:0:0:
475,192,91696,1,0,0:0:0:0:
36,192,91696,128,0,91839:0:0:0:0:
402,192,91731,1,0,0:0:0:0:
329,192,91767,1,0,0:0:0:0:
256,192,91803,1,0,0:0:0:0:
182,192,91839,1,0,0:0:0:0:
109,192,91875,1,0,0:0:0:0:
36,192,91911,1,0,0:0:0:0:
182,192,91947,1,0,0:0:0:0:
256,192,91983,1,0,0:0:0:0:
329,192,92018,1,0,0:0:0:0:
475,192,92054,1,0,0:0:0:0:
402,192,92090,1,0,0:0:0:0:
329,192,92126,1,0,0:0:0:0:
256,192,92162,1,0,0:0:0:0:
182,192,92198,1,0,0:0:0:0:
109,192,92234,1,0,0:0:0:0:
36,192,92270,1,0,0:0:0:0:
182,192,92306,1,0,0:0:0:0:
256,192,92341,1,0,0:0:0:0:
329,192,92377,1,0,0:0:0:0:
475,192,92413,1,0,0:0:0:0:
402,192,92449,1,0,0:0:0:0:
329,192,92485,1,0,0:0:0:0:
256,192,92521,1,0,0:0:0:0:
182,192,92557,1,0,0:0:0:0:
109,192,92593,1,0,0:0:0:0:
475,192,92629,128,0,92844:0:0:0:0:
36,192,92629,128,0,92844:0:0:0:0:
182,192,92772,128,0,92987:0:0:0:0:
329,192,92772,128,0,92987:0:0:0:0:
256,192,92916,128,0,92987:0:0:0:0:
475,192,92916,128,0,93346:0:0:0:0:
36,192,92916,128,0,93346:0:0:0:0:
109,192,93059,128,0,93346:0:0:0:0:
402,192,93059,128,0,93346:0:0:0:0:
182,192,93059,1,0,0:0:0:0:
329,192,93059,1,0,0:0:0:0:
256,192,93203,1,0,0:0:0:0:
182,192,93346,1,0,0:0:0:0:
329,192,93346,1,0,0:0:0:0:
36,192,93490,1,0,0:0:0:0:
256,192,93490,1,0,0:0:0:0:
475,192,93490,1,0,0:0:0:0:
402,192,93562,1,0,0:0:0:0:
109,192,93562,1,0,0:0:0:0:
329,192,93633,1,0,0:0:0:0:
182,192,93633,1,0,0:0:0:0:
256,192,93705,1,0,0:0:0:0:
36,192,93777,1,0,0:0:0:0:
329,192,93777,128,0,94136:0:0:0:0:
475,192,93777,1,0,0:0:0:0:
182,192,93777,128,0,94136:0:0:0:0:
475,192,93920,128,0,94136:0:0:0:0:
36,192,93920,128,0,94136:0:0:0:0:
256,192,94064,128,0,94136:0:0:0:0:
329,192,94207,128,0,94495:0:0:0:0:
402,192,94207,128,0,94495:0:0:0:0:
475,192,94207,1,0,0:0:0:0:
182,192,94207,128,0,94495:0:0:0:0:
109,192,94207,128,0,94495:0:0:0:0:
36,192,94207,1,0,0:0:0:0:
256,192,94351,1,0,0:0:0:0:
36,192,94495,1,0,0:0:0:0:
475,192,94495,1,0,0:0:0:0:
109,192,94638,1,0,0:0:0:0:
402,192,94638,1,0,0:0:0:0:
182,192,94638,1,0,0:0:0:0:
329,192,94638,1,0,0:0:0:0:
256,192,94710,1,0,0:0:0:0:
182,192,94782,1,0,0:0:0:0:
329,192,94782,1,0,0:0:0:0:
109,192,94853,1,0,0:0:0:0:
402,192,94853,1,0,0:0:0:0:
475,192,94925,1,0,0:0:0:0:
36,192,94925,1,0,0:0:0:0:
256,192,94925,1,0,0:0:0:0:
402,192,95069,128,0,95356:0:0:0:0:
109,192,95069,128,0,95356:0:0:0:0:
182,192,95069,1,0,0:0:0:0:
329,192,95140,1,0,0:0:0:0:
36,192,95212,1,0,0:0:0:0:
475,192,95212,1,0,0:0:0:0:
256,192,95212,1,0,0:0:0:0:
182,192,95284,1,0,0:0:0:0:
329,192,95356,1,0,0:0:0:0:
36,192,95499,1,0,0:0:0:0:
475,192,95499,1,0,0:0:0:0:
402,192,95499,1,0,0:0:0:0:
109,192,95499,1,0,0:0:0:0:
256,192,95499,1,0,0:0:0:0:
36,192,95643,1,0,0:0:0:0:
329,192,95643,1,0,0:0:0:0:
182,192,95643,1,0,0:0:0:0:
475,192,95643,1,0,0:0:0:0:
36,192,95786,1,0,0:0:0:0:
256,192,95786,1,0,0:0:0:0:
475,192,95786,1,0,0:0:0:0:
36,192,95930,128,0,96576:0:0:0:0:
256,192,95930,1,0,0:0:0:0:
182,192,95930,1,0,0:0:0:0:
475,192,95930,128,0,96576:0:0:0:0:
329,192,95930,1,0,0:0:0:0:
109,192,96074,1,0,0:0:0:0:
402,192,96074,1,0,0:0:0:0:
329,192,96145,1,0,0:0:0:0:
182,192,96145,1,0,0:0:0:0:
256,192,96217,1,0,0:0:0:0:
182,192,96289,1,0,0:0:0:0:
329,192,96289,1,0,0:0:0:0:
109,192,96361,1,0,0:0:0:0:
402,192,96361,1,0,0:0:0:0:
182,192,96432,1,0,0:0:0:0:
329,192,96432,1,0,0:0:0:0:
256,192,96504,1,0,0:0:0:0:
182,192,96576,1,0,0:0:0:0:
329,192,96576,1,0,0:0:0:0:
475,192,96648,1,0,0:0:0:0:
36,192,96648,1,0,0:0:0:0:
402,192,96648,1,0,0:0:0:0:
256,192,96648,1,0,0:0:0:0:
109,192,96648,1,0,0:0:0:0:
109,192,96791,128,0,97150:0:0:0:0:
182,192,96791,128,0,97150:0:0:0:0:
402,192,96791,128,0,97150:0:0:0:0:
329,192,96791,128,0,97150:0:0:0:0:
256,192,96935,1,0,0:0:0:0:
36,192,97222,1,0,0:0:0:0:
256,192,97222,1,0,0:0:0:0:
475,192,97222,1,0,0:0:0:0:
402,192,97222,1,0,0:0:0:0:
182,192,97365,1,0,0:0:0:0:
36,192,97509,1,0,0:0:0:0:
109,192,97509,1,0,0:0:0:0:
256,192,97509,128,0,97868:0:0:0:0:
475,192,97509,1,0,0:0:0:0:
402,192,97509,128,0,97724:0:0:0:0:
182,192,97652,1,0,0:0:0:0:
329,192,97796,128,0,97868:0:0:0:0:
36,192,97796,1,0,0:0:0:0:
402,192,97796,1,0,0:0:0:0:
182,192,97940,1,0,0:0:0:0:
256,192,98011,1,0,0:0:0:0:
475,192,98011,128,0,98298:0:0:0:0:
36,192,98083,1,0,0:0:0:0:
109,192,98083,1,0,0:0:0:0:
329,192,98083,1,0,0:0:0:0:
182,192,98227,1,0,0:0:0:0:
329,192,98227,128,0,98298:0:0:0:0:
36,192,98370,1,0,0:0:0:0:
256,192,98370,1,0,0:0:0:0:
402,192,98370,128,0,98729:0:0:0:0:
475,192,98370,1,0,0:0:0:0:
182,192,98514,1,0,0:0:0:0:
256,192,98514,128,0,99088:0:0:0:0:
475,192,98657,128,0,98801:0:0:0:0:
36,192,98657,1,0,0:0:0:0:
109,192,98657,1,0,0:0:0:0:
182,192,98801,1,0,0:0:0:0:
402,192,98801,1,0,0:0:0:0:
329,192,98873,128,0,99088:0:0:0:0:
36,192,98944,1,0,0:0:0:0:
475,192,98944,1,0,0:0:0:0:
182,192,99016,1,0,0:0:0:0:
36,192,99088,1,0,0:0:0:0:
182,192,99160,1,0,0:0:0:0:
256,192,99231,1,0,0:0:0:0:
36,192,99231,1,0,0:0:0:0:
475,192,99231,1,0,0:0:0:0:
109,192,99303,1,0,0:0:0:0:
329,192,99375,1,0,0:0:0:0:
182,192,99375,1,0,0:0:0:0:
402,192,99447,1,0,0:0:0:0:
475,192,99518,1,0,0:0:0:0:
36,192,99518,128,0,99734:0:0:0:0:
109,192,99518,128,0,99734:0:0:0:0:
182,192,99518,128,0,99734:0:0:0:0:
256,192,99518,128,0,99734:0:0:0:0:
329,192,99662,1,0,0:0:0:0:
402,192,99662,1,0,0:0:0:0:
475,192,99662,1,0,0:0:0:0:
36,192,99806,1,0,0:0:0:0:
109,192,99806,1,0,0:0:0:0:
182,192,99806,1,0,0:0:0:0:
256,192,99806,1,0,0:0:0:0:
329,192,99949,1,0,0:0:0:0:
402,192,99949,1,0,0:0:0:0:
475,192,99949,1,0,0:0:0:0:
36,192,100093,1,0,0:0:0:0:
109,192,100093,1,0,0:0:0:0:
182,192,100093,1,0,0:0:0:0:
256,192,100236,1,0,0:0:0:0:
329,192,100236,1,0,0:0:0:0:
402,192,100236,1,0,0:0:0:0:
475,192,100236,1,0,0:0:0:0:
36,192,100380,1,0,0:0:0:0:
109,192,100380,1,0,0:0:0:0:
182,192,100380,1,0,0:0:0:0:
329,192,100380,1,0,0:0:0:0:
36,192,100523,1,0,0:0:0:0:
109,192,100523,1,0,0:0:0:0:
182,192,100523,1,0,0:0:0:0:
329,192,100523,1,0,0:0:0:0:
475,192,100667,128,0,100882:0:0:0:0:
402,192,100667,128,0,100882:0:0:0:0:
329,192,100667,128,0,100882:0:0:0:0:
256,192,100667,128,0,100882:0:0:0:0:
182,192,100810,1,0,0:0:0:0:
109,192,100810,1,0,0:0:0:0:
36,192,100810,1,0,0:0:0:0:
475,192,100954,1,0,0:0:0:0:
402,192,100954,1,0,0:0:0:0:
329,192,100954,1,0,0:0:0:0:
256,192,100954,1,0,0:0:0:0:
182,192,101097,1,0,0:0:0:0:
36,192,101097,1,0,0:0:0:0:
109,192,101097,1,0,0:0:0:0:
402,192,101241,1,0,0:0:0:0:
329,192,101241,1,0,0:0:0:0:
475,192,101241,1,0,0:0:0:0:
256,192,101385,1,0,0:0:0:0:
182,192,101385,1,0,0:0:0:0:
36,192,101385,1,0,0:0:0:0:
109,192,101385,1,0,0:0:0:0:
475,192,101528,1,0,0:0:0:0:
402,192,101528,1,0,0:0:0:0:
329,192,101528,1,0,0:0:0:0:
182,192,101528,1,0,0:0:0:0:
402,192,101672,1,0,0:0:0:0:
329,192,101672,1,0,0:0:0:0:
475,192,101672,1,0,0:0:0:0:
182,192,101672,1,0,0:0:0:0:
36,192,101815,1,0,0:0:0:0:
475,192,101815,1,0,0:0:0:0:
256,192,101815,1,0,0:0:0:0:
402,192,101815,1,0,0:0:0:0:
109,192,101815,1,0,0:0:0:0:
182,192,101887,1,0,0:0:0:0:
329,192,101887,1,0,0:0:0:0:
36,192,101959,1,0,0:0:0:0:
402,192,101959,1,0,0:0:0:0:
182,192,102030,1,0,0:0:0:0:
36,192,102102,1,0,0:0:0:0:
256,192,102102,1,0,0:0:0:0:
475,192,102102,1,0,0:0:0:0:
182,192,102174,1,0,0:0:0:0:
36,192,102246,1,0,0:0:0:0:
329,192,102246,1,0,0:0:0:0:
402,192,102246,1,0,0:0:0:0:
182,192,102318,1,0,0:0:0:0:
36,192,102389,1,0,0:0:0:0:
109,192,102389,1,0,0:0:0:0:
402,192,102389,1,0,0:0:0:0:
475,192,102389,1,0,0:0:0:0:
256,192,102389,1,0,0:0:0:0:
182,192,102461,1,0,0:0:0:0:
329,192,102461,1,0,0:0:0:0:
36,192,102533,1,0,0:0:0:0:
402,192,102533,1,0,0:0:0:0:
182,192,102605,1,0,0:0:0:0:
36,192,102676,1,0,0:0:0:0:
256,192,102676,1,0,0:0:0:0:
475,192,102676,1,0,0:0:0:0:
182,192,102748,1,0,0:0:0:0:
36,192,102820,1,0,0:0:0:0:
402,192,102820,1,0,0:0:0:0:
329,192,102820,1,0,0:0:0:0:
182,192,102892,1,0,0:0:0:0:
36,192,102963,1,0,0:0:0:0:
475,192,102963,1,0,0:0:0:0:
109,192,102963,1,0,0:0:0:0:
402,192,102999,1,0,0:0:0:0:
329,192,103035,1,0,0:0:0:0:
256,192,103071,1,0,0:0:0:0:
182,192,103107,1,0,0:0:0:0:
36,192,103143,1,0,0:0:0:0:
109,192,103179,1,0,0:0:0:0:
182,192,103215,1,0,0:0:0:0:
256,192,103251,1,0,0:0:0:0:
329,192,103286,1,0,0:0:0:0:
402,192,103322,1,0,0:0:0:0:
475,192,103358,1,0,0:0:0:0:
329,192,103394,1,0,0:0:0:0:
256,192,103430,1,0,0:0:0:0:
182,192,103466,1,0,0:0:0:0:
109,192,103502,1,0,0:0:0:0:
36,192,103538,1,0,0:0:0:0:
402,192,103538,1,0,0:0:0:0:
475,192,103538,128,0,103896:0:0:0:0:
329,192,103538,1,0,0:0:0:0:
329,192,103681,1,0,0:0:0:0:
256,192,103681,1,0,0:0:0:0:
182,192,103681,1,0,0:0:0:0:
36,192,103825,1,0,0:0:0:0:
109,192,103825,1,0,0:0:0:0:
182,192,103825,1,0,0:0:0:0:
402,192,103968,1,0,0:0:0:0:
475,192,103968,1,0,0:0:0:0:
329,192,103968,1,0,0:0:0:0:
182,192,104040,1,0,0:0:0:0:
109,192,104040,1,0,0:0:0:0:
36,192,104040,1,0,0:0:0:0:
256,192,104112,1,0,0:0:0:0:
36,192,104112,1,0,0:0:0:0:
329,192,104112,1,0,0:0:0:0:
475,192,104112,1,0,0:0:0:0:
182,192,104255,1,0,0:0:0:0:
256,192,104255,1,0,0:0:0:0:
402,192,104255,1,0,0:0:0:0:
36,192,104327,1,0,0:0:0:0:
109,192,104327,1,0,0:0:0:0:
329,192,104399,1,0,0:0:0:0:
475,192,104399,1,0,0:0:0:0:
256,192,104471,1,0,0:0:0:0:
402,192,104471,1,0,0:0:0:0:
109,192,104471,1,0,0:0:0:0:
329,192,104614,128,0,104794:0:0:0:0:
36,192,104614,128,0,104722:0:0:0:0:
475,192,104614,1,0,0:0:0:0:
182,192,104614,1,0,0:0:0:0:
36,192,104758,128,0,104794:0:0:0:0:
109,192,104758,128,0,104794:0:0:0:0:
182,192,104758,128,0,104794:0:0:0:0:
329,192,104829,128,0,104865:0:0:0:0:
402,192,104829,128,0,104865:0:0:0:0:
475,192,104829,128,0,104865:0:0:0:0:
36,192,104973,1,0,0:0:0:0:
475,192,104973,1,0,0:0:0:0:
256,192,104973,1,0,0:0:0:0:
109,192,105045,1,0,0:0:0:0:
182,192,105117,1,0,0:0:0:0:
329,192,105117,1,0,0:0:0:0:
402,192,105188,1,0,0:0:0:0:
36,192,105260,1,0,0:0:0:0:
475,192,105260,1,0,0:0:0:0:
256,192,105260,1,0,0:0:0:0:
182,192,105260,1,0,0:0:0:0:
329,192,105404,1,0,0:0:0:0:
256,192,105404,1,0,0:0:0:0:
109,192,105404,1,0,0:0:0:0:
475,192,105475,1,0,0:0:0:0:
402,192,105475,1,0,0:0:0:0:
36,192,105547,1,0,0:0:0:0:
182,192,105547,1,0,0:0:0:0:
109,192,105619,1,0,0:0:0:0:
256,192,105619,1,0,0:0:0:0:
402,192,105619,1,0,0:0:0:0:
182,192,105763,128,0,105942:0:0:0:0:
36,192,105763,1,0,0:0:0:0:
475,192,105763,128,0,105870:0:0:0:0:
329,192,105763,1,0,0:0:0:0:
329,192,105906,128,0,105942:0:0:0:0:
402,192,105906,128,0,105942:0:0:0:0:
475,192,105906,128,0,105942:0:0:0:0:
182,192,105978,128,0,106014:0:0:0:0:
109,192,105978,128,0,106014:0:0:0:0:
36,192,105978,128,0,106014:0:0:0:0:
475,192,106121,1,0,0:0:0:0:
36,192,106121,1,0,0:0:0:0:
256,192,106121,1,0,0:0:0:0:
402,192,106193,1,0,0:0:0:0:
329,192,106265,1,0,0:0:0:0:
182,192,106265,1,0,0:0:0:0:
109,192,106337,1,0,0:0:0:0:
36,192,106408,1,0,0:0:0:0:
329,192,106408,1,0,0:0:0:0:
256,192,106408,1,0,0:0:0:0:
475,192,106408,1,0,0:0:0:0:
256,192,106552,1,0,0:0:0:0:
182,192,106552,1,0,0:0:0:0:
402,192,106552,1,0,0:0:0:0:
36,192,106624,1,0,0:0:0:0:
109,192,106624,1,0,0:0:0:0:
475,192,106696,1,0,0:0:0:0:
329,192,106696,1,0,0:0:0:0:
109,192,106767,1,0,0:0:0:0:
256,192,106767,1,0,0:0:0:0:
402,192,106767,1,0,0:0:0:0:
182,192,106911,1,0,0:0:0:0:
475,192,106911,1,0,0:0:0:0:
329,192,106911,128,0,107090:0:0:0:0:
36,192,106911,128,0,107018:0:0:0:0:
36,192,107054,128,0,107090:0:0:0:0:
109,192,107054,128,0,107090:0:0:0:0:
182,192,107054,128,0,107090:0:0:0:0:
329,192,107126,128,0,107162:0:0:0:0:
402,192,107126,128,0,107162:0:0:0:0:
475,192,107126,128,0,107162:0:0:0:0:
36,192,107270,1,0,0:0:0:0:
475,192,107270,1,0,0:0:0:0:
256,192,107270,1,0,0:0:0:0:
109,192,107341,1,0,0:0:0:0:
182,192,107413,1,0,0:0:0:0:
329,192,107413,1,0,0:0:0:0:
402,192,107485,1,0,0:0:0:0:
475,192,107557,1,0,0:0:0:0:
182,192,107557,1,0,0:0:0:0:
36,192,107557,1,0,0:0:0:0:
256,192,107557,1,0,0:0:0:0:
329,192,107700,1,0,0:0:0:0:
109,192,107700,1,0,0:0:0:0:
256,192,107700,1,0,0:0:0:0:
402,192,107772,1,0,0:0:0:0:
475,192,107772,1,0,0:0:0:0:
182,192,107844,1,0,0:0:0:0:
36,192,107844,1,0,0:0:0:0:
256,192,107916,1,0,0:0:0:0:
402,192,107916,1,0,0:0:0:0:
109,192,107916,1,0,0:0:0:0:
329,192,108059,1,0,0:0:0:0:
36,192,108059,1,0,0:0:0:0:
182,192,108059,128,0,108239:0:0:0:0:
475,192,108059,128,0,108167:0:0:0:0:
329,192,108203,128,0,108239:0:0:0:0:
402,192,108203,128,0,108239:0:0:0:0:
475,192,108203,128,0,108239:0:0:0:0:
182,192,108274,128,0,108310:0:0:0:0:
109,192,108274,128,0,108310:0:0:0:0:
36,192,108274,128,0,108310:0:0:0:0:
256,192,108346,1,0,0:0:0:0:
475,192,108418,1,0,0:0:0:0:
36,192,108418,1,0,0:0:0:0:
402,192,108454,1,0,0:0:0:0:
329,192,108490,1,0,0:0:0:0:
182,192,108490,1,0,0:0:0:0:
109,192,108526,1,0,0:0:0:0:
36,192,108562,1,0,0:0:0:0:
475,192,108562,1,0,0:0:0:0:
402,192,108597,1,0,0:0:0:0:
329,192,108633,1,0,0:0:0:0:
182,192,108633,1,0,0:0:0:0:
109,192,108669,1,0,0:0:0:0:
36,192,108705,1,0,0:0:0:0:
256,192,108705,1,0,0:0:0:0:
475,192,108705,1,0,0:0:0:0:
402,192,108705,1,0,0:0:0:0:
109,192,108849,1,0,0:0:0:0:
256,192,108849,1,0,0:0:0:0:
182,192,108849,1,0,0:0:0:0:
109,192,108920,1,0,0:0:0:0:
182,192,108920,1,0,0:0:0:0:
36,192,108920,1,0,0:0:0:0:
329,192,108992,1,0,0:0:0:0:
475,192,108992,1,0,0:0:0:0:
36,192,109064,128,0,109136:0:0:0:0:
182,192,109064,128,0,109136:0:0:0:0:
256,192,109136,1,0,0:0:0:0:
329,192,109207,128,0,109279:0:0:0:0:
475,192,109207,128,0,109279:0:0:0:0:
36,192,109279,1,0,0:0:0:0:
182,192,109279,1,0,0:0:0:0:
329,192,109351,1,0,0:0:0:0:
402,192,109351,1,0,0:0:0:0:
475,192,109351,1,0,0:0:0:0:
329,192,109423,1,0,0:0:0:0:
402,192,109423,1,0,0:0:0:0:
256,192,109423,1,0,0:0:0:0:
36,192,109566,1,0,0:0:0:0:
256,192,109566,1,0,0:0:0:0:
475,192,109566,1,0,0:0:0:0:
182,192,109566,1,0,0:0:0:0:
402,192,109638,1,0,0:0:0:0:
329,192,109710,1,0,0:0:0:0:
109,192,109710,1,0,0:0:0:0:
402,192,109782,1,0,0:0:0:0:
182,192,109782,1,0,0:0:0:0:
256,192,109853,1,0,0:0:0:0:
36,192,109853,1,0,0:0:0:0:
475,192,109853,1,0,0:0:0:0:
109,192,109853,1,0,0:0:0:0:
329,192,109997,1,0,0:0:0:0:
402,192,109997,1,0,0:0:0:0:
256,192,109997,1,0,0:0:0:0:
475,192,110069,1,0,0:0:0:0:
402,192,110069,1,0,0:0:0:0:
329,192,110069,1,0,0:0:0:0:
182,192,110140,1,0,0:0:0:0:
36,192,110140,1,0,0:0:0:0:
402,192,110212,128,0,110284:0:0:0:0:
329,192,110212,128,0,110284:0:0:0:0:
256,192,110284,1,0,0:0:0:0:
109,192,110356,128,0,110428:0:0:0:0:
182,192,110356,128,0,110428:0:0:0:0:
475,192,110428,1,0,0:0:0:0:
329,192,110428,1,0,0:0:0:0:
36,192,110499,1,0,0:0:0:0:
182,192,110499,1,0,0:0:0:0:
109,192,110499,1,0,0:0:0:0:
182,192,110571,1,0,0:0:0:0:
109,192,110571,1,0,0:0:0:0:
256,192,110571,1,0,0:0:0:0:
475,192,110715,1,0,0:0:0:0:
256,192,110715,1,0,0:0:0:0:
36,192,110715,1,0,0:0:0:0:
329,192,110715,1,0,0:0:0:0:
109,192,110786,1,0,0:0:0:0:
182,192,110858,1,0,0:0:0:0:
402,192,110858,1,0,0:0:0:0:
109,192,110930,1,0,0:0:0:0:
329,192,110930,1,0,0:0:0:0:
256,192,111002,1,0,0:0:0:0:
475,192,111002,1,0,0:0:0:0:
36,192,111002,1,0,0:0:0:0:
402,192,111002,1,0,0:0:0:0:
182,192,111145,1,0,0:0:0:0:
109,192,111145,1,0,0:0:0:0:
256,192,111145,1,0,0:0:0:0:
402,192,111145,1,0,0:0:0:0:
36,192,111217,1,0,0:0:0:0:
109,192,111217,1,0,0:0:0:0:
182,192,111217,1,0,0:0:0:0:
329,192,111289,1,0,0:0:0:0:
475,192,111289,1,0,0:0:0:0:
109,192,111361,128,0,111432:0:0:0:0:
182,192,111361,128,0,111432:0:0:0:0:
256,192,111432,1,0,0:0:0:0:
402,192,111504,128,0,111576:0:0:0:0:
329,192,111504,128,0,111576:0:0:0:0:
36,192,111576,1,0,0:0:0:0:
182,192,111576,1,0,0:0:0:0:
475,192,111648,1,0,0:0:0:0:
329,192,111648,1,0,0:0:0:0:
402,192,111648,1,0,0:0:0:0:
109,192,111719,1,0,0:0:0:0:
329,192,111719,1,0,0:0:0:0:
402,192,111719,1,0,0:0:0:0:
256,192,111719,1,0,0:0:0:0:
36,192,111863,1,0,0:0:0:0:
182,192,111863,1,0,0:0:0:0:
475,192,111863,1,0,0:0:0:0:
256,192,111863,1,0,0:0:0:0:
402,192,111935,1,0,0:0:0:0:
329,192,112007,1,0,0:0:0:0:
109,192,112007,1,0,0:0:0:0:
402,192,112078,1,0,0:0:0:0:
182,192,112078,1,0,0:0:0:0:
475,192,112150,1,0,0:0:0:0:
36,192,112150,1,0,0:0:0:0:
256,192,112150,1,0,0:0:0:0:
109,192,112150,1,0,0:0:0:0:
402,192,112294,1,0,0:0:0:0:
256,192,112294,1,0,0:0:0:0:
329,192,112294,1,0,0:0:0:0:
109,192,112294,1,0,0:0:0:0:
475,192,112365,1,0,0:0:0:0:
402,192,112365,1,0,0:0:0:0:
329,192,112365,1,0,0:0:0:0:
36,192,112437,1,0,0:0:0:0:
182,192,112437,1,0,0:0:0:0:
402,192,112509,128,0,112581:0:0:0:0:
329,192,112509,128,0,112581:0:0:0:0:
256,192,112581,1,0,0:0:0:0:
182,192,112652,128,0,112724:0:0:0:0:
109,192,112652,128,0,112724:0:0:0:0:
329,192,112724,1,0,0:0:0:0:
475,192,112724,1,0,0:0:0:0:
109,192,112796,1,0,0:0:0:0:
182,192,112796,1,0,0:0:0:0:
36,192,112796,1,0,0:0:0:0:
182,192,112868,1,0,0:0:0:0:
109,192,112868,1,0,0:0:0:0:
256,192,112868,1,0,0:0:0:0:
402,192,112940,1,0,0:0:0:0:
329,192,112940,1,0,0:0:0:0:
36,192,113011,1,0,0:0:0:0:
475,192,113011,1,0,0:0:0:0:
402,192,113047,1,0,0:0:0:0:
109,192,113047,1,0,0:0:0:0:
329,192,113083,1,0,0:0:0:0:
182,192,113083,1,0,0:0:0:0:
256,192,113119,1,0,0:0:0:0:
475,192,113155,1,0,0:0:0:0:
36,192,113155,1,0,0:0:0:0:
402,192,113191,1,0,0:0:0:0:
109,192,113191,1,0,0:0:0:0:
329,192,113227,1,0,0:0:0:0:
182,192,113227,1,0,0:0:0:0:
256,192,113263,1,0,0:0:0:0:
475,192,113298,1,0,0:0:0:0:
36,192,113298,1,0,0:0:0:0:
402,192,113298,1,0,0:0:0:0:
109,192,113298,1,0,0:0:0:0:
256,192,113370,1,0,0:0:0:0:
329,192,113442,1,0,0:0:0:0:
182,192,113442,1,0,0:0:0:0:
109,192,113514,1,0,0:0:0:0:
402,192,113514,1,0,0:0:0:0:
36,192,113514,1,0,0:0:0:0:
475,192,113514,1,0,0:0:0:0:
36,192,113657,128,0,113729:0:0:0:0:
182,192,113657,128,0,113729:0:0:0:0:
256,192,113657,128,0,113729:0:0:0:0:
329,192,113657,128,0,113729:0:0:0:0:
475,192,113657,128,0,113729:0:0:0:0:
256,192,113801,1,0,0:0:0:0:
36,192,113801,1,0,0:0:0:0:
329,192,113801,1,0,0:0:0:0:
475,192,113801,1,0,0:0:0:0:
182,192,113873,1,0,0:0:0:0:
109,192,113873,1,0,0:0:0:0:
402,192,113944,1,0,0:0:0:0:
329,192,113944,1,0,0:0:0:0:
182,192,114016,1,0,0:0:0:0:
109,192,114016,1,0,0:0:0:0:
475,192,114088,1,0,0:0:0:0:
329,192,114088,1,0,0:0:0:0:
36,192,114088,1,0,0:0:0:0:
256,192,114088,1,0,0:0:0:0:
475,192,114231,128,0,114303:0:0:0:0:
402,192,114231,128,0,114303:0:0:0:0:
182,192,114231,128,0,114303:0:0:0:0:
109,192,114231,128,0,114303:0:0:0:0:
36,192,114231,128,0,114303:0:0:0:0:
329,192,114231,128,0,114303:0:0:0:0:
256,192,114375,1,0,0:0:0:0:
182,192,114375,1,0,0:0:0:0:
475,192,114375,1,0,0:0:0:0:
36,192,114375,1,0,0:0:0:0:
402,192,114447,1,0,0:0:0:0:
329,192,114447,1,0,0:0:0:0:
109,192,114518,1,0,0:0:0:0:
182,192,114518,1,0,0:0:0:0:
329,192,114590,1,0,0:0:0:0:
402,192,114590,1,0,0:0:0:0:
256,192,114662,1,0,0:0:0:0:
182,192,114662,1,0,0:0:0:0:
475,192,114662,1,0,0:0:0:0:
36,192,114662,1,0,0:0:0:0:
36,192,114806,128,0,114877:0:0:0:0:
475,192,114806,128,0,114877:0:0:0:0:
256,192,114806,128,0,114877:0:0:0:0:
182,192,114806,128,0,114877:0:0:0:0:
329,192,114806,128,0,114877:0:0:0:0:
36,192,114949,1,0,0:0:0:0:
256,192,114949,1,0,0:0:0:0:
475,192,114949,1,0,0:0:0:0:
402,192,114949,1,0,0:0:0:0:
182,192,115021,1,0,0:0:0:0:
109,192,115021,1,0,0:0:0:0:
329,192,115021,1,0,0:0:0:0:
256,192,115093,1,0,0:0:0:0:
475,192,115093,1,0,0:0:0:0:
402,192,115164,1,0,0:0:0:0:
182,192,115164,1,0,0:0:0:0:
36,192,115164,1,0,0:0:0:0:
109,192,115236,1,0,0:0:0:0:
329,192,115236,1,0,0:0:0:0:
475,192,115308,1,0,0:0:0:0:
256,192,115308,1,0,0:0:0:0:
36,192,115308,1,0,0:0:0:0:
402,192,115308,1,0,0:0:0:0:
182,192,115451,1,0,0:0:0:0:
109,192,115451,1,0,0:0:0:0:
36,192,115451,1,0,0:0:0:0:
256,192,115523,128,0,115739:0:0:0:0:
329,192,115523,128,0,115739:0:0:0:0:
402,192,115523,128,0,115739:0:0:0:0:
475,192,115523,128,0,115739:0:0:0:0:
36,192,115595,128,0,116385:0:0:0:0:
109,192,115667,128,0,116241:0:0:0:0:
182,192,115739,128,0,116097:0:0:0:0:
256,192,115810,128,0,115954:0:0:0:0:
329,192,115882,128,0,116026:0:0:0:0:
402,192,115954,128,0,116097:0:0:0:0:
475,192,116026,128,0,116672:0:0:0:0:
256,192,116026,128,0,116169:0:0:0:0:
329,192,116097,128,0,116241:0:0:0:0:
402,192,116169,128,0,116600:0:0:0:0:
182,192,116169,128,0,116313:0:0:0:0:
256,192,116241,128,0,116385:0:0:0:0:
329,192,116313,128,0,116528:0:0:0:0:
109,192,116313,128,0,116456:0:0:0:0:
182,192,116385,128,0,116528:0:0:0:0:
256,192,116456,128,0,116672:0:0:0:0:
36,192,116456,128,0,117102:0:0:0:0:
109,192,116528,128,0,116959:0:0:0:0:
329,192,116600,128,0,116743:0:0:0:0:
182,192,116600,128,0,116815:0:0:0:0:
402,192,116672,128,0,116815:0:0:0:0:
475,192,116743,128,0,117389:0:0:0:0:
256,192,116743,128,0,116887:0:0:0:0:
329,192,116815,128,0,116959:0:0:0:0:
402,192,116887,128,0,117318:0:0:0:0:
182,192,116887,128,0,117030:0:0:0:0:
256,192,116959,128,0,117102:0:0:0:0:
329,192,117030,128,0,117246:0:0:0:0:
109,192,117030,128,0,117174:0:0:0:0:
182,192,117102,128,0,117246:0:0:0:0:
256,192,117174,128,0,117605:0:0:0:0:
36,192,117174,128,0,117820:0:0:0:0:
109,192,117246,128,0,117748:0:0:0:0:
329,192,117318,128,0,117533:0:0:0:0:
182,192,117318,128,0,117676:0:0:0:0:
402,192,117389,128,0,117461:0:0:0:0:
475,192,117461,1,0,0:0:0:0:
402,192,117533,1,0,0:0:0:0:
329,192,117605,1,0,0:0:0:0:
256,192,117676,1,0,0:0:0:0:
182,192,117748,1,0,0:0:0:0:
109,192,117820,1,0,0:0:0:0:
36,192,117892,1,0,0:0:0:0:
182,192,117928,1,0,0:0:0:0:
329,192,117963,1,0,0:0:0:0:
475,192,117999,1,0,0:0:0:0:
