[Metadata]
CENSORED!!
t+pazolite
Tix B.
Sound Voltex
55
0.596

[TimingPoints]
0,307.692307692308,4,2,2,100,1,0
44923,153.846153846154,4,2,2,100,1,0
45077,307.692307692308,4,2,2,100,1,0
45231,615.384615384615,4,2,2,100,1,0
45538,307.692307692308,4,2,2,100,1,0
71385,153.846153846154,4,2,2,100,1,0
71423,461.538461538462,4,2,2,100,1,0
71538,153.846153846154,4,2,2,100,1,0
71577,461.538461538462,4,2,2,100,1,0
71692,153.846153846154,4,2,2,100,1,0
71731,461.538461538462,4,2,2,100,1,0
71846,153.846153846154,4,2,2,100,1,0
71885,461.538461538462,4,2,2,100,1,0
72000,153.846153846154,4,2,2,100,1,0
72309,1230.76923076923,4,2,2,100,1,0
72617,307.692307692308,4,2,2,100,1,0
109540,615.384615384615,4,2,2,100,1,0
109694,153.846153846154,4,2,2,100,1,0
109771,615.384615384615,4,2,2,100,1,0
109924,153.846153846154,4,2,2,100,1,0
110001,615.384615384615,4,2,2,100,1,0
110155,153.846153846154,4,2,2,100,1,0
110232,615.384615384615,4,2,2,100,1,0
110386,153.846153846154,4,2,2,100,1,0
110463,307.692307692308,4,2,2,100,1,0
110771,615.384615384615,4,2,2,100,1,0
110924,153.846153846154,4,2,2,100,1,0
111001,615.384615384615,4,2,2,100,1,0
111155,153.846153846154,4,2,2,100,1,0
111232,615.384615384615,4,2,2,100,1,0
111386,153.846153846154,4,2,2,100,1,0
111463,307.692307692308,4,2,2,100,1,0
112001,615.384615384615,4,2,2,100,1,0
112155,153.846153846154,4,2,2,100,1,0
112232,615.384615384615,4,2,2,100,1,0
112386,153.846153846154,4,2,2,100,1,0
112463,615.384615384615,4,2,2,100,1,0
112617,153.846153846154,4,2,2,100,1,0
112694,615.384615384615,4,2,2,100,1,0
112848,153.846153846154,4,2,2,100,1,0
112924,307.692307692308,4,2,2,100,1,0
115694,307.692307692308,4,2,2,100,1,0

[HitObjects]
36,192,1231,5,0,0:0:0:0:
109,192,1231,1,0,0:0:0:0:
402,0,1231,128,0,1385:0:0:0:0:
475,0,1231,128,0,2462:0:0:0:0:
329,0,1385,128,0,1538:0:0:0:0:
402,0,1538,128,0,1692:0:0:0:0:
182,0,1692,128,0,1846:0:0:0:0:
256,0,1846,128,0,2000:0:0:0:0:
109,0,2000,128,0,2154:0:0:0:0:
36,0,2154,128,0,2308:0:0:0:0:
182,192,2308,1,0,0:0:0:0:
256,192,2385,1,0,0:0:0:0:
36,192,2462,1,0,0:0:0:0:
329,192,2462,1,0,0:0:0:0:
402,192,2462,1,0,0:0:0:0:
109,0,2462,128,0,3692:0:0:0:0:
475,0,2769,128,0,3077:0:0:0:0:
402,0,3077,128,0,3385:0:0:0:0:
256,0,3385,128,0,3692:0:0:0:0:
36,0,3692,128,0,3846:0:0:0:0:
329,192,3692,1,0,0:0:0:0:
475,192,3692,1,0,0:0:0:0:
402,0,3692,128,0,4923:0:0:0:0:
109,0,3846,128,0,4000:0:0:0:0:
182,0,4000,128,0,4154:0:0:0:0:
475,0,4154,128,0,4308:0:0:0:0:
329,0,4308,128,0,4462:0:0:0:0:
256,0,4462,128,0,4615:0:0:0:0:
182,0,4615,128,0,4769:0:0:0:0:
109,0,4769,128,0,4923:0:0:0:0:
182,192,4923,1,0,0:0:0:0:
329,192,4923,1,0,0:0:0:0:
475,192,4923,1,0,0:0:0:0:
36,0,4923,128,0,6154:0:0:0:0:
256,192,5231,1,0,0:0:0:0:
402,0,5538,128,0,5846:0:0:0:0:
109,192,6000,1,0,0:0:0:0:
182,192,6077,1,0,0:0:0:0:
256,192,6154,1,0,0:0:0:0:
402,192,6154,1,0,0:0:0:0:
475,192,6154,1,0,0:0:0:0:
329,0,6154,128,0,7385:0:0:0:0:
182,192,6308,1,0,0:0:0:0:
109,192,6462,1,0,0:0:0:0:
402,192,6462,1,0,0:0:0:0:
182,192,6615,1,0,0:0:0:0:
36,192,6769,1,0,0:0:0:0:
402,192,6769,1,0,0:0:0:0:
475,192,6769,1,0,0:0:0:0:
109,192,6923,1,0,0:0:0:0:
256,192,7077,1,0,0:0:0:0:
402,192,7077,1,0,0:0:0:0:
182,192,7231,1,0,0:0:0:0:
475,192,7231,1,0,0:0:0:0:
109,192,7308,1,0,0:0:0:0:
36,192,7385,1,0,0:0:0:0:
256,192,7385,1,0,0:0:0:0:
402,192,7385,1,0,0:0:0:0:
182,0,7385,128,0,8615:0:0:0:0:
109,192,7538,1,0,0:0:0:0:
475,192,7538,1,0,0:0:0:0:
36,192,7692,1,0,0:0:0:0:
402,192,7692,1,0,0:0:0:0:
329,192,7846,1,0,0:0:0:0:
36,192,8000,1,0,0:0:0:0:
109,192,8000,1,0,0:0:0:0:
256,0,8000,128,0,8308:0:0:0:0:
36,192,8308,1,0,0:0:0:0:
109,192,8308,1,0,0:0:0:0:
329,0,8308,128,0,8615:0:0:0:0:
402,0,8308,128,0,8615:0:0:0:0:
109,192,8615,1,0,0:0:0:0:
475,192,8615,1,0,0:0:0:0:
36,0,8615,128,0,9846:0:0:0:0:
182,192,8769,1,0,0:0:0:0:
256,192,8923,1,0,0:0:0:0:
475,192,8923,1,0,0:0:0:0:
329,192,9077,1,0,0:0:0:0:
256,192,9231,1,0,0:0:0:0:
402,192,9231,1,0,0:0:0:0:
475,192,9231,1,0,0:0:0:0:
182,192,9385,1,0,0:0:0:0:
256,192,9538,1,0,0:0:0:0:
475,192,9538,1,0,0:0:0:0:
329,192,9692,1,0,0:0:0:0:
402,192,9692,1,0,0:0:0:0:
256,192,9769,1,0,0:0:0:0:
182,192,9846,1,0,0:0:0:0:
256,0,9846,128,0,10462:0:0:0:0:
475,192,9846,1,0,0:0:0:0:
109,192,10000,1,0,0:0:0:0:
402,192,10000,1,0,0:0:0:0:
36,192,10154,1,0,0:0:0:0:
475,192,10154,1,0,0:0:0:0:
109,192,10308,1,0,0:0:0:0:
182,0,10462,128,0,10769:0:0:0:0:
402,192,10462,1,0,0:0:0:0:
475,192,10462,1,0,0:0:0:0:
109,192,10769,1,0,0:0:0:0:
402,192,10769,1,0,0:0:0:0:
109,192,11077,1,0,0:0:0:0:
256,192,11077,1,0,0:0:0:0:
329,192,11077,1,0,0:0:0:0:
402,0,11077,128,0,11154:0:0:0:0:
475,192,11077,1,0,0:0:0:0:
36,0,11077,128,0,16000:0:0:0:0:
182,0,11308,128,0,11385:0:0:0:0:
329,0,11538,128,0,11615:0:0:0:0:
475,0,11769,128,0,11846:0:0:0:0:
402,0,12000,128,0,12077:0:0:0:0:
475,0,12154,128,0,12231:0:0:0:0:
329,0,12308,128,0,12385:0:0:0:0:
256,0,12538,128,0,12615:0:0:0:0:
109,0,12769,128,0,12846:0:0:0:0:
475,0,13000,128,0,13077:0:0:0:0:
182,0,13231,128,0,13308:0:0:0:0:
329,0,13385,128,0,13462:0:0:0:0:
402,0,13538,128,0,13615:0:0:0:0:
182,0,13769,128,0,13846:0:0:0:0:
329,0,14000,128,0,14077:0:0:0:0:
475,0,14231,128,0,14308:0:0:0:0:
402,0,14462,128,0,14538:0:0:0:0:
475,0,14615,128,0,14692:0:0:0:0:
329,0,14769,128,0,14846:0:0:0:0:
256,0,15000,128,0,15077:0:0:0:0:
109,0,15231,128,0,15308:0:0:0:0:
475,0,15462,128,0,15538:0:0:0:0:
182,0,15692,128,0,15769:0:0:0:0:
256,0,15846,128,0,15923:0:0:0:0:
256,192,16000,1,0,0:0:0:0:
329,0,16000,128,0,16077:0:0:0:0:
402,192,16000,1,0,0:0:0:0:
475,0,16000,128,0,19692:0:0:0:0:
36,192,16231,1,0,0:0:0:0:
109,0,16231,128,0,16308:0:0:0:0:
182,192,16231,1,0,0:0:0:0:
182,192,16462,1,0,0:0:0:0:
256,0,16462,128,0,16538:0:0:0:0:
329,192,16462,1,0,0:0:0:0:
256,192,16692,1,0,0:0:0:0:
329,192,16692,1,0,0:0:0:0:
402,0,16692,128,0,16769:0:0:0:0:
36,192,16923,1,0,0:0:0:0:
109,192,16923,1,0,0:0:0:0:
329,0,16923,128,0,17000:0:0:0:0:
109,192,17077,1,0,0:0:0:0:
182,192,17077,1,0,0:0:0:0:
402,0,17077,128,0,17154:0:0:0:0:
182,192,17231,1,0,0:0:0:0:
256,0,17231,128,0,17308:0:0:0:0:
329,192,17231,1,0,0:0:0:0:
109,192,17462,1,0,0:0:0:0:
182,0,17462,128,0,17538:0:0:0:0:
256,192,17462,1,0,0:0:0:0:
36,0,17692,128,0,17769:0:0:0:0:
109,192,17692,1,0,0:0:0:0:
182,192,17692,1,0,0:0:0:0:
256,192,17923,1,0,0:0:0:0:
329,192,17923,1,0,0:0:0:0:
402,0,17923,128,0,18000:0:0:0:0:
36,192,18154,1,0,0:0:0:0:
109,0,18154,128,0,18231:0:0:0:0:
182,192,18154,1,0,0:0:0:0:
182,192,18308,1,0,0:0:0:0:
256,0,18308,128,0,18385:0:0:0:0:
329,192,18308,1,0,0:0:0:0:
256,192,18462,1,0,0:0:0:0:
329,0,18462,128,0,18538:0:0:0:0:
402,192,18462,1,0,0:0:0:0:
36,192,18692,1,0,0:0:0:0:
109,0,18692,128,0,18769:0:0:0:0:
182,192,18692,1,0,0:0:0:0:
182,192,18923,1,0,0:0:0:0:
256,0,18923,128,0,19000:0:0:0:0:
329,192,18923,1,0,0:0:0:0:
256,192,19154,1,0,0:0:0:0:
329,192,19154,1,0,0:0:0:0:
402,0,19154,128,0,19231:0:0:0:0:
36,192,19385,1,0,0:0:0:0:
109,192,19385,1,0,0:0:0:0:
329,0,19385,128,0,19462:0:0:0:0:
109,192,19538,1,0,0:0:0:0:
182,192,19538,1,0,0:0:0:0:
402,0,19538,128,0,19615:0:0:0:0:
256,0,19692,128,0,20615:0:0:0:0:
182,0,19846,128,0,19885:0:0:0:0:
329,0,19923,128,0,19962:0:0:0:0:
182,0,20000,128,0,20038:0:0:0:0:
329,0,20077,128,0,20115:0:0:0:0:
182,0,20154,128,0,20192:0:0:0:0:
329,0,20231,128,0,20269:0:0:0:0:
109,0,20308,128,0,20615:0:0:0:0:
402,0,20308,128,0,20615:0:0:0:0:
182,192,20615,1,0,0:0:0:0:
329,192,20615,1,0,0:0:0:0:
182,0,20923,128,0,21000:0:0:0:0:
256,192,20923,1,0,0:0:0:0:
402,192,20923,1,0,0:0:0:0:
475,192,20923,1,0,0:0:0:0:
109,0,21000,128,0,21077:0:0:0:0:
329,0,21077,128,0,21231:0:0:0:0:
36,0,21077,128,0,23038:0:0:0:0:
402,192,21154,1,0,0:0:0:0:
109,192,21231,1,0,0:0:0:0:
182,192,21231,1,0,0:0:0:0:
475,192,21231,1,0,0:0:0:0:
256,0,21385,128,0,21538:0:0:0:0:
329,192,21385,1,0,0:0:0:0:
402,192,21538,1,0,0:0:0:0:
475,192,21538,1,0,0:0:0:0:
256,192,21615,1,0,0:0:0:0:
329,0,21692,128,0,21846:0:0:0:0:
109,192,21846,1,0,0:0:0:0:
182,192,21846,1,0,0:0:0:0:
402,192,21846,1,0,0:0:0:0:
475,192,21846,1,0,0:0:0:0:
329,192,22000,1,0,0:0:0:0:
256,0,22000,128,0,22154:0:0:0:0:
182,192,22154,1,0,0:0:0:0:
402,192,22154,1,0,0:0:0:0:
475,192,22154,1,0,0:0:0:0:
329,0,22308,128,0,22462:0:0:0:0:
402,192,22385,1,0,0:0:0:0:
109,192,22462,1,0,0:0:0:0:
182,192,22462,1,0,0:0:0:0:
475,192,22462,1,0,0:0:0:0:
256,0,22615,128,0,22769:0:0:0:0:
329,192,22615,1,0,0:0:0:0:
402,192,22769,1,0,0:0:0:0:
475,192,22769,1,0,0:0:0:0:
109,0,22846,128,0,22923:0:0:0:0:
256,192,22846,1,0,0:0:0:0:
182,0,22923,128,0,23038:0:0:0:0:
329,0,22923,128,0,23077:0:0:0:0:
36,192,23077,1,0,0:0:0:0:
109,192,23077,1,0,0:0:0:0:
182,192,23077,1,0,0:0:0:0:
402,192,23077,1,0,0:0:0:0:
475,192,23077,1,0,0:0:0:0:
329,192,23231,1,0,0:0:0:0:
182,0,23231,128,0,23385:0:0:0:0:
109,192,23385,1,0,0:0:0:0:
256,0,23385,128,0,23538:0:0:0:0:
402,192,23385,1,0,0:0:0:0:
475,192,23538,1,0,0:0:0:0:
256,0,23615,128,0,23769:0:0:0:0:
36,192,23692,1,0,0:0:0:0:
182,192,23692,1,0,0:0:0:0:
329,192,23692,1,0,0:0:0:0:
256,0,23846,128,0,24000:0:0:0:0:
475,192,23846,1,0,0:0:0:0:
109,192,24000,1,0,0:0:0:0:
402,192,24000,1,0,0:0:0:0:
256,0,24077,128,0,24231:0:0:0:0:
36,192,24154,1,0,0:0:0:0:
182,192,24308,1,0,0:0:0:0:
256,0,24308,128,0,24385:0:0:0:0:
329,192,24308,1,0,0:0:0:0:
475,192,24308,1,0,0:0:0:0:
36,192,24462,1,0,0:0:0:0:
256,0,24462,128,0,24615:0:0:0:0:
109,192,24615,1,0,0:0:0:0:
329,192,24615,1,0,0:0:0:0:
402,192,24615,1,0,0:0:0:0:
256,192,24692,1,0,0:0:0:0:
36,0,24769,128,0,24923:0:0:0:0:
256,0,24769,128,0,24923:0:0:0:0:
475,192,24769,1,0,0:0:0:0:
109,192,24923,1,0,0:0:0:0:
182,192,24923,1,0,0:0:0:0:
329,192,24923,1,0,0:0:0:0:
256,0,25000,128,0,25154:0:0:0:0:
36,0,25077,128,0,25231:0:0:0:0:
475,192,25077,1,0,0:0:0:0:
109,192,25231,1,0,0:0:0:0:
256,0,25231,128,0,25385:0:0:0:0:
402,192,25231,1,0,0:0:0:0:
182,192,25385,1,0,0:0:0:0:
475,192,25385,1,0,0:0:0:0:
256,0,25462,128,0,25615:0:0:0:0:
402,192,25462,1,0,0:0:0:0:
36,192,25538,1,0,0:0:0:0:
109,192,25538,1,0,0:0:0:0:
329,192,25538,1,0,0:0:0:0:
475,0,25538,128,0,25769:0:0:0:0:
182,192,25692,1,0,0:0:0:0:
256,0,25692,128,0,25769:0:0:0:0:
36,192,25846,1,0,0:0:0:0:
109,192,25846,1,0,0:0:0:0:
256,192,25846,1,0,0:0:0:0:
329,0,25846,128,0,25923:0:0:0:0:
402,0,25923,128,0,26000:0:0:0:0:
182,0,26000,128,0,26154:0:0:0:0:
475,0,26000,128,0,27962:0:0:0:0:
109,192,26077,1,0,0:0:0:0:
36,192,26154,1,0,0:0:0:0:
329,192,26154,1,0,0:0:0:0:
402,192,26154,1,0,0:0:0:0:
182,192,26308,1,0,0:0:0:0:
256,0,26308,128,0,26462:0:0:0:0:
36,192,26462,1,0,0:0:0:0:
109,192,26462,1,0,0:0:0:0:
256,192,26538,1,0,0:0:0:0:
182,0,26615,128,0,26769:0:0:0:0:
36,192,26769,1,0,0:0:0:0:
109,192,26769,1,0,0:0:0:0:
329,192,26769,1,0,0:0:0:0:
402,192,26769,1,0,0:0:0:0:
182,192,26923,1,0,0:0:0:0:
256,0,26923,128,0,27077:0:0:0:0:
36,192,27077,1,0,0:0:0:0:
109,192,27077,1,0,0:0:0:0:
329,192,27077,1,0,0:0:0:0:
182,0,27231,128,0,27385:0:0:0:0:
109,192,27308,1,0,0:0:0:0:
36,192,27385,1,0,0:0:0:0:
329,192,27385,1,0,0:0:0:0:
402,192,27385,1,0,0:0:0:0:
182,192,27538,1,0,0:0:0:0:
256,0,27538,128,0,27692:0:0:0:0:
36,192,27692,1,0,0:0:0:0:
109,192,27692,1,0,0:0:0:0:
256,192,27769,1,0,0:0:0:0:
402,0,27769,128,0,27846:0:0:0:0:
182,0,27846,128,0,28000:0:0:0:0:
329,0,27846,128,0,27962:0:0:0:0:
36,192,28000,1,0,0:0:0:0:
109,192,28000,1,0,0:0:0:0:
329,192,28000,1,0,0:0:0:0:
402,192,28000,1,0,0:0:0:0:
475,192,28000,1,0,0:0:0:0:
182,192,28154,1,0,0:0:0:0:
256,0,28154,128,0,28308:0:0:0:0:
36,0,28308,128,0,28538:0:0:0:0:
402,0,28308,128,0,28692:0:0:0:0:
475,0,28308,128,0,28692:0:0:0:0:
109,0,28385,128,0,28538:0:0:0:0:
182,0,28462,128,0,29000:0:0:0:0:
256,0,28462,128,0,28615:0:0:0:0:
329,0,28462,128,0,28846:0:0:0:0:
36,0,28615,128,0,28846:0:0:0:0:
109,0,28615,128,0,28846:0:0:0:0:
256,0,28692,128,0,29000:0:0:0:0:
402,0,28769,128,0,29077:0:0:0:0:
475,0,28769,128,0,29462:0:0:0:0:
36,0,28923,128,0,29154:0:0:0:0:
109,0,28923,128,0,29077:0:0:0:0:
329,0,28923,128,0,29308:0:0:0:0:
256,0,29077,128,0,29308:0:0:0:0:
182,0,29077,128,0,30077:0:0:0:0:
109,0,29154,128,0,30231:0:0:0:0:
402,0,29154,128,0,29615:0:0:0:0:
36,0,29231,128,0,30385:0:0:0:0:
256,0,29385,128,0,29923:0:0:0:0:
329,0,29385,128,0,29769:0:0:0:0:
475,192,29538,1,0,0:0:0:0:
402,192,29692,1,0,0:0:0:0:
329,192,29846,1,0,0:0:0:0:
256,192,30000,1,0,0:0:0:0:
182,192,30154,1,0,0:0:0:0:
182,192,30231,1,0,0:0:0:0:
109,192,30308,1,0,0:0:0:0:
36,0,30462,128,0,30769:0:0:0:0:
475,0,30462,128,0,30769:0:0:0:0:
182,192,30769,1,0,0:0:0:0:
256,192,30769,1,0,0:0:0:0:
329,192,30769,1,0,0:0:0:0:
109,0,30923,128,0,31077:0:0:0:0:
402,192,30923,1,0,0:0:0:0:
36,192,31077,1,0,0:0:0:0:
182,0,31077,128,0,31231:0:0:0:0:
256,192,31077,1,0,0:0:0:0:
329,192,31077,1,0,0:0:0:0:
475,192,31077,1,0,0:0:0:0:
109,192,31231,1,0,0:0:0:0:
329,0,31308,128,0,31538:0:0:0:0:
36,192,31385,1,0,0:0:0:0:
182,192,31385,1,0,0:0:0:0:
402,192,31385,1,0,0:0:0:0:
256,0,31538,128,0,31692:0:0:0:0:
475,192,31538,1,0,0:0:0:0:
36,192,31692,1,0,0:0:0:0:
109,192,31692,1,0,0:0:0:0:
182,192,31692,1,0,0:0:0:0:
329,192,31692,1,0,0:0:0:0:
402,0,31692,128,0,31846:0:0:0:0:
256,192,31846,1,0,0:0:0:0:
329,0,31846,128,0,32000:0:0:0:0:
36,192,32000,1,0,0:0:0:0:
182,192,32000,1,0,0:0:0:0:
475,192,32000,1,0,0:0:0:0:
109,0,32154,128,0,32308:0:0:0:0:
402,192,32154,1,0,0:0:0:0:
36,192,32308,1,0,0:0:0:0:
182,0,32308,128,0,32462:0:0:0:0:
256,192,32308,1,0,0:0:0:0:
329,192,32308,1,0,0:0:0:0:
475,192,32308,1,0,0:0:0:0:
256,0,32462,128,0,32538:0:0:0:0:
402,192,32462,1,0,0:0:0:0:
329,0,32538,128,0,32769:0:0:0:0:
36,192,32615,1,0,0:0:0:0:
109,192,32615,1,0,0:0:0:0:
475,192,32615,1,0,0:0:0:0:
256,0,32769,128,0,32923:0:0:0:0:
402,192,32769,1,0,0:0:0:0:
36,192,32923,1,0,0:0:0:0:
109,192,32923,1,0,0:0:0:0:
182,192,32923,1,0,0:0:0:0:
329,192,32923,1,0,0:0:0:0:
475,0,32923,128,0,33077:0:0:0:0:
256,192,33077,1,0,0:0:0:0:
402,0,33077,128,0,33231:0:0:0:0:
36,192,33231,1,0,0:0:0:0:
182,192,33231,1,0,0:0:0:0:
329,192,33231,1,0,0:0:0:0:
109,0,33385,128,0,33538:0:0:0:0:
475,192,33385,1,0,0:0:0:0:
36,192,33538,1,0,0:0:0:0:
182,0,33538,128,0,33692:0:0:0:0:
256,192,33538,1,0,0:0:0:0:
329,192,33538,1,0,0:0:0:0:
402,192,33538,1,0,0:0:0:0:
109,192,33692,1,0,0:0:0:0:
329,0,33769,128,0,34000:0:0:0:0:
182,192,33846,1,0,0:0:0:0:
402,192,33846,1,0,0:0:0:0:
475,192,33846,1,0,0:0:0:0:
109,192,34000,1,0,0:0:0:0:
256,0,34000,128,0,34154:0:0:0:0:
36,192,34154,1,0,0:0:0:0:
182,0,34154,128,0,34308:0:0:0:0:
329,192,34154,1,0,0:0:0:0:
402,192,34154,1,0,0:0:0:0:
475,192,34154,1,0,0:0:0:0:
109,192,34308,1,0,0:0:0:0:
329,0,34308,128,0,34462:0:0:0:0:
36,192,34462,1,0,0:0:0:0:
256,192,34462,1,0,0:0:0:0:
475,192,34462,1,0,0:0:0:0:
109,0,34615,128,0,34769:0:0:0:0:
329,192,34615,1,0,0:0:0:0:
36,192,34769,1,0,0:0:0:0:
182,0,34769,128,0,34923:0:0:0:0:
256,192,34769,1,0,0:0:0:0:
402,192,34769,1,0,0:0:0:0:
475,192,34769,1,0,0:0:0:0:
109,192,34923,1,0,0:0:0:0:
256,0,34923,128,0,35000:0:0:0:0:
329,0,35000,128,0,35077:0:0:0:0:
36,192,35077,1,0,0:0:0:0:
256,192,35077,1,0,0:0:0:0:
402,0,35077,128,0,35231:0:0:0:0:
475,192,35077,1,0,0:0:0:0:
109,192,35231,1,0,0:0:0:0:
182,0,35231,128,0,35385:0:0:0:0:
256,192,35385,1,0,0:0:0:0:
329,0,35385,128,0,35538:0:0:0:0:
402,192,35385,1,0,0:0:0:0:
36,0,35385,128,0,35692:0:0:0:0:
475,0,35385,128,0,35692:0:0:0:0:
109,0,35538,128,0,35692:0:0:0:0:
182,192,35692,1,0,0:0:0:0:
256,192,35692,1,0,0:0:0:0:
329,192,35692,1,0,0:0:0:0:
109,0,35846,128,0,36000:0:0:0:0:
402,192,35846,1,0,0:0:0:0:
36,192,36000,1,0,0:0:0:0:
182,0,36000,128,0,36154:0:0:0:0:
256,192,36000,1,0,0:0:0:0:
329,192,36000,1,0,0:0:0:0:
475,192,36000,1,0,0:0:0:0:
109,192,36154,1,0,0:0:0:0:
329,0,36231,128,0,36462:0:0:0:0:
36,192,36308,1,0,0:0:0:0:
182,192,36308,1,0,0:0:0:0:
402,192,36308,1,0,0:0:0:0:
256,0,36462,128,0,36615:0:0:0:0:
475,192,36462,1,0,0:0:0:0:
36,192,36615,1,0,0:0:0:0:
109,192,36615,1,0,0:0:0:0:
182,192,36615,1,0,0:0:0:0:
329,192,36615,1,0,0:0:0:0:
402,0,36615,128,0,36769:0:0:0:0:
256,192,36769,1,0,0:0:0:0:
329,0,36769,128,0,36923:0:0:0:0:
36,192,36923,1,0,0:0:0:0:
182,192,36923,1,0,0:0:0:0:
475,192,36923,1,0,0:0:0:0:
109,0,37077,128,0,37231:0:0:0:0:
402,192,37077,1,0,0:0:0:0:
36,192,37231,1,0,0:0:0:0:
182,0,37231,128,0,37385:0:0:0:0:
256,192,37231,1,0,0:0:0:0:
329,192,37231,1,0,0:0:0:0:
475,192,37231,1,0,0:0:0:0:
256,0,37385,128,0,37462:0:0:0:0:
402,192,37385,1,0,0:0:0:0:
329,0,37462,128,0,37692:0:0:0:0:
36,192,37538,1,0,0:0:0:0:
109,192,37538,1,0,0:0:0:0:
475,192,37538,1,0,0:0:0:0:
256,0,37692,128,0,37846:0:0:0:0:
402,192,37692,1,0,0:0:0:0:
36,192,37846,1,0,0:0:0:0:
109,192,37846,1,0,0:0:0:0:
182,192,37846,1,0,0:0:0:0:
329,192,37846,1,0,0:0:0:0:
475,0,37846,128,0,38000:0:0:0:0:
256,192,38000,1,0,0:0:0:0:
402,0,38000,128,0,38154:0:0:0:0:
36,0,38154,128,0,38769:0:0:0:0:
182,192,38154,1,0,0:0:0:0:
329,192,38154,1,0,0:0:0:0:
475,0,38154,128,0,38769:0:0:0:0:
109,0,38308,128,0,38462:0:0:0:0:
402,192,38308,1,0,0:0:0:0:
182,0,38462,128,0,38615:0:0:0:0:
256,192,38462,1,0,0:0:0:0:
329,192,38462,1,0,0:0:0:0:
109,192,38615,1,0,0:0:0:0:
329,0,38692,128,0,38923:0:0:0:0:
182,192,38769,1,0,0:0:0:0:
402,192,38769,1,0,0:0:0:0:
109,192,38923,1,0,0:0:0:0:
256,0,38923,128,0,39077:0:0:0:0:
36,192,39077,1,0,0:0:0:0:
182,0,39077,128,0,39231:0:0:0:0:
329,192,39077,1,0,0:0:0:0:
402,192,39077,1,0,0:0:0:0:
475,192,39077,1,0,0:0:0:0:
109,192,39231,1,0,0:0:0:0:
329,0,39231,128,0,39385:0:0:0:0:
36,192,39385,1,0,0:0:0:0:
256,192,39385,1,0,0:0:0:0:
475,192,39385,1,0,0:0:0:0:
109,0,39538,128,0,39692:0:0:0:0:
329,192,39538,1,0,0:0:0:0:
36,192,39692,1,0,0:0:0:0:
182,0,39692,128,0,39846:0:0:0:0:
256,192,39692,1,0,0:0:0:0:
402,192,39692,1,0,0:0:0:0:
475,192,39692,1,0,0:0:0:0:
109,192,39846,1,0,0:0:0:0:
256,0,39846,128,0,39923:0:0:0:0:
329,0,39923,128,0,40000:0:0:0:0:
36,192,40000,1,0,0:0:0:0:
256,192,40000,1,0,0:0:0:0:
402,0,40000,128,0,40154:0:0:0:0:
475,192,40000,1,0,0:0:0:0:
109,192,40154,1,0,0:0:0:0:
182,0,40154,128,0,40308:0:0:0:0:
256,192,40308,1,0,0:0:0:0:
329,0,40308,128,0,40462:0:0:0:0:
402,192,40308,1,0,0:0:0:0:
475,0,40308,128,0,40385:0:0:0:0:
36,0,40385,128,0,40462:0:0:0:0:
182,192,40462,1,0,0:0:0:0:
475,0,40462,128,0,40538:0:0:0:0:
109,0,40462,128,0,40615:0:0:0:0:
36,0,40538,128,0,40615:0:0:0:0:
182,192,40615,1,0,0:0:0:0:
256,192,40615,1,0,0:0:0:0:
329,192,40615,1,0,0:0:0:0:
402,0,40615,128,0,40692:0:0:0:0:
475,192,40769,1,0,0:0:0:0:
109,0,40846,128,0,40923:0:0:0:0:
36,192,40923,1,0,0:0:0:0:
182,192,40923,1,0,0:0:0:0:
329,192,40923,1,0,0:0:0:0:
402,192,40923,1,0,0:0:0:0:
109,192,41077,1,0,0:0:0:0:
256,0,41077,128,0,41154:0:0:0:0:
182,192,41231,1,0,0:0:0:0:
256,192,41231,1,0,0:0:0:0:
475,192,41231,1,0,0:0:0:0:
329,192,41385,1,0,0:0:0:0:
109,192,41538,1,0,0:0:0:0:
182,192,41538,1,0,0:0:0:0:
256,192,41538,1,0,0:0:0:0:
402,192,41538,1,0,0:0:0:0:
36,0,41538,128,0,41846:0:0:0:0:
475,0,41538,128,0,41846:0:0:0:0:
329,192,41692,1,0,0:0:0:0:
109,192,41846,1,0,0:0:0:0:
182,192,41846,1,0,0:0:0:0:
256,192,41846,1,0,0:0:0:0:
402,0,41846,128,0,41923:0:0:0:0:
475,192,42000,1,0,0:0:0:0:
109,0,42077,128,0,42154:0:0:0:0:
182,192,42154,1,0,0:0:0:0:
329,192,42154,1,0,0:0:0:0:
402,192,42154,1,0,0:0:0:0:
36,0,42308,128,0,42385:0:0:0:0:
109,192,42308,1,0,0:0:0:0:
256,0,42308,128,0,42385:0:0:0:0:
475,0,42308,128,0,42385:0:0:0:0:
182,192,42462,1,0,0:0:0:0:
256,192,42462,1,0,0:0:0:0:
402,192,42462,1,0,0:0:0:0:
109,192,42615,1,0,0:0:0:0:
182,192,42769,1,0,0:0:0:0:
256,192,42769,1,0,0:0:0:0:
329,192,42769,1,0,0:0:0:0:
402,192,42769,1,0,0:0:0:0:
36,0,42769,128,0,43077:0:0:0:0:
475,0,42769,128,0,43077:0:0:0:0:
109,192,42923,1,0,0:0:0:0:
182,192,43077,1,0,0:0:0:0:
256,192,43077,1,0,0:0:0:0:
329,192,43077,1,0,0:0:0:0:
402,0,43077,128,0,43154:0:0:0:0:
36,0,43231,128,0,43308:0:0:0:0:
402,192,43231,1,0,0:0:0:0:
475,0,43231,128,0,43308:0:0:0:0:
109,0,43308,128,0,43385:0:0:0:0:
182,192,43385,1,0,0:0:0:0:
256,192,43385,1,0,0:0:0:0:
329,192,43385,1,0,0:0:0:0:
475,192,43385,1,0,0:0:0:0:
109,192,43538,1,0,0:0:0:0:
256,0,43538,128,0,43615:0:0:0:0:
36,0,43692,128,0,43846:0:0:0:0:
182,192,43692,1,0,0:0:0:0:
256,192,43692,1,0,0:0:0:0:
329,192,43692,1,0,0:0:0:0:
402,0,43692,128,0,43769:0:0:0:0:
475,0,43692,128,0,43846:0:0:0:0:
402,192,43846,1,0,0:0:0:0:
36,0,43923,128,0,44000:0:0:0:0:
109,0,43923,128,0,44000:0:0:0:0:
475,0,43923,128,0,44000:0:0:0:0:
182,192,44000,1,0,0:0:0:0:
256,192,44000,1,0,0:0:0:0:
329,192,44000,1,0,0:0:0:0:
36,0,44154,128,0,44231:0:0:0:0:
256,0,44154,128,0,44231:0:0:0:0:
402,192,44154,1,0,0:0:0:0:
475,0,44231,128,0,44308:0:0:0:0:
36,192,44308,1,0,0:0:0:0:
109,192,44308,1,0,0:0:0:0:
182,192,44308,1,0,0:0:0:0:
109,192,44462,1,0,0:0:0:0:
182,192,44462,1,0,0:0:0:0:
256,192,44462,1,0,0:0:0:0:
182,192,44615,1,0,0:0:0:0:
256,192,44615,1,0,0:0:0:0:
329,192,44615,1,0,0:0:0:0:
256,192,44769,1,0,0:0:0:0:
329,192,44769,1,0,0:0:0:0:
402,192,44769,1,0,0:0:0:0:
475,192,44923,1,0,0:0:0:0:
329,192,45538,1,0,0:0:0:0:
402,192,45538,1,0,0:0:0:0:
475,0,45538,128,0,46385:0:0:0:0:
256,0,45615,128,0,45692:0:0:0:0:
256,192,45769,1,0,0:0:0:0:
329,192,45769,1,0,0:0:0:0:
402,0,45769,128,0,46385:0:0:0:0:
182,0,45846,128,0,45923:0:0:0:0:
182,192,46000,1,0,0:0:0:0:
256,192,46000,1,0,0:0:0:0:
329,0,46000,128,0,46385:0:0:0:0:
109,0,46077,128,0,46154:0:0:0:0:
109,192,46231,1,0,0:0:0:0:
182,192,46231,1,0,0:0:0:0:
256,0,46231,128,0,46385:0:0:0:0:
36,0,46308,128,0,46385:0:0:0:0:
402,192,46462,1,0,0:0:0:0:
475,192,46462,1,0,0:0:0:0:
36,0,46769,128,0,47615:0:0:0:0:
109,192,46769,1,0,0:0:0:0:
182,192,46769,1,0,0:0:0:0:
256,0,46846,128,0,46923:0:0:0:0:
109,0,47000,128,0,47538:0:0:0:0:
182,192,47000,1,0,0:0:0:0:
256,192,47000,1,0,0:0:0:0:
329,0,47077,128,0,47154:0:0:0:0:
182,0,47231,128,0,47462:0:0:0:0:
256,192,47231,1,0,0:0:0:0:
329,192,47231,1,0,0:0:0:0:
402,0,47308,128,0,47385:0:0:0:0:
256,192,47462,1,0,0:0:0:0:
329,192,47462,1,0,0:0:0:0:
402,192,47462,1,0,0:0:0:0:
182,192,47538,1,0,0:0:0:0:
475,0,47538,128,0,47615:0:0:0:0:
109,192,47615,1,0,0:0:0:0:
36,192,47692,1,0,0:0:0:0:
256,192,47692,1,0,0:0:0:0:
36,0,48000,128,0,48615:0:0:0:0:
109,192,48000,1,0,0:0:0:0:
402,192,48000,1,0,0:0:0:0:
475,0,48000,128,0,48615:0:0:0:0:
109,0,48308,128,0,48615:0:0:0:0:
182,192,48308,1,0,0:0:0:0:
329,192,48308,1,0,0:0:0:0:
402,0,48308,128,0,48615:0:0:0:0:
182,0,48385,128,0,48615:0:0:0:0:
256,192,48385,1,0,0:0:0:0:
329,0,48385,128,0,48615:0:0:0:0:
256,0,48538,128,0,48615:0:0:0:0:
256,192,48692,1,0,0:0:0:0:
182,192,48769,1,0,0:0:0:0:
329,192,48769,1,0,0:0:0:0:
109,192,48846,1,0,0:0:0:0:
256,192,48846,1,0,0:0:0:0:
402,192,48846,1,0,0:0:0:0:
36,192,48923,1,0,0:0:0:0:
182,192,48923,1,0,0:0:0:0:
329,192,48923,1,0,0:0:0:0:
475,192,48923,1,0,0:0:0:0:
36,192,49231,1,0,0:0:0:0:
109,0,49231,128,0,50154:0:0:0:0:
256,0,49231,128,0,50154:0:0:0:0:
402,0,49231,128,0,50154:0:0:0:0:
182,192,49308,1,0,0:0:0:0:
329,192,49385,1,0,0:0:0:0:
475,192,49462,1,0,0:0:0:0:
36,192,49538,1,0,0:0:0:0:
182,192,49615,1,0,0:0:0:0:
329,192,49692,1,0,0:0:0:0:
475,192,49769,1,0,0:0:0:0:
36,192,49846,1,0,0:0:0:0:
182,192,49923,1,0,0:0:0:0:
329,192,50000,1,0,0:0:0:0:
475,192,50077,1,0,0:0:0:0:
36,192,50154,1,0,0:0:0:0:
109,192,50231,1,0,0:0:0:0:
182,192,50308,1,0,0:0:0:0:
256,192,50385,1,0,0:0:0:0:
182,192,50462,1,0,0:0:0:0:
329,192,50462,1,0,0:0:0:0:
402,192,50462,1,0,0:0:0:0:
475,192,50462,1,0,0:0:0:0:
109,192,50615,1,0,0:0:0:0:
182,192,50769,1,0,0:0:0:0:
329,192,50769,1,0,0:0:0:0:
402,192,50769,1,0,0:0:0:0:
475,192,50769,1,0,0:0:0:0:
36,192,50923,1,0,0:0:0:0:
109,192,51077,1,0,0:0:0:0:
329,192,51077,1,0,0:0:0:0:
402,192,51077,1,0,0:0:0:0:
475,192,51077,1,0,0:0:0:0:
36,192,51231,1,0,0:0:0:0:
182,192,51385,1,0,0:0:0:0:
329,192,51385,1,0,0:0:0:0:
402,192,51385,1,0,0:0:0:0:
475,192,51385,1,0,0:0:0:0:
256,192,51538,1,0,0:0:0:0:
329,192,51615,1,0,0:0:0:0:
36,192,51692,1,0,0:0:0:0:
109,192,51692,1,0,0:0:0:0:
182,192,51692,1,0,0:0:0:0:
402,0,51692,128,0,52000:0:0:0:0:
36,192,52000,1,0,0:0:0:0:
109,192,52000,1,0,0:0:0:0:
182,192,52000,1,0,0:0:0:0:
475,0,52000,128,0,52308:0:0:0:0:
36,192,52308,1,0,0:0:0:0:
109,192,52308,1,0,0:0:0:0:
182,192,52308,1,0,0:0:0:0:
329,0,52308,128,0,52615:0:0:0:0:
36,192,52615,1,0,0:0:0:0:
109,192,52615,1,0,0:0:0:0:
182,192,52615,1,0,0:0:0:0:
256,0,52615,128,0,52923:0:0:0:0:
36,192,52769,1,0,0:0:0:0:
182,192,52769,1,0,0:0:0:0:
109,192,52923,1,0,0:0:0:0:
329,192,52923,1,0,0:0:0:0:
402,192,52923,1,0,0:0:0:0:
475,192,52923,1,0,0:0:0:0:
182,192,53077,1,0,0:0:0:0:
256,192,53231,1,0,0:0:0:0:
329,192,53231,1,0,0:0:0:0:
402,192,53231,1,0,0:0:0:0:
475,192,53231,1,0,0:0:0:0:
36,192,53385,1,0,0:0:0:0:
256,192,53538,1,0,0:0:0:0:
329,192,53538,1,0,0:0:0:0:
402,192,53538,1,0,0:0:0:0:
475,192,53538,1,0,0:0:0:0:
182,192,53692,1,0,0:0:0:0:
109,192,53846,1,0,0:0:0:0:
329,192,53846,1,0,0:0:0:0:
402,192,53846,1,0,0:0:0:0:
475,192,53846,1,0,0:0:0:0:
36,192,54000,1,0,0:0:0:0:
36,192,54154,1,0,0:0:0:0:
109,192,54154,1,0,0:0:0:0:
182,192,54154,1,0,0:0:0:0:
256,0,54154,128,0,54462:0:0:0:0:
36,192,54462,1,0,0:0:0:0:
109,192,54462,1,0,0:0:0:0:
182,192,54462,1,0,0:0:0:0:
329,0,54462,128,0,54769:0:0:0:0:
36,192,54769,1,0,0:0:0:0:
109,192,54769,1,0,0:0:0:0:
182,192,54769,1,0,0:0:0:0:
402,0,54769,128,0,55000:0:0:0:0:
36,192,55000,1,0,0:0:0:0:
109,192,55000,1,0,0:0:0:0:
182,192,55000,1,0,0:0:0:0:
36,192,55231,1,0,0:0:0:0:
109,192,55231,1,0,0:0:0:0:
182,192,55231,1,0,0:0:0:0:
329,192,55231,1,0,0:0:0:0:
256,192,55308,1,0,0:0:0:0:
182,192,55385,1,0,0:0:0:0:
329,192,55385,1,0,0:0:0:0:
402,192,55385,1,0,0:0:0:0:
475,192,55385,1,0,0:0:0:0:
36,192,55538,1,0,0:0:0:0:
475,192,55538,1,0,0:0:0:0:
109,192,55692,1,0,0:0:0:0:
475,192,55692,1,0,0:0:0:0:
182,192,55846,1,0,0:0:0:0:
475,192,55846,1,0,0:0:0:0:
329,192,56000,1,0,0:0:0:0:
475,192,56000,1,0,0:0:0:0:
256,192,56154,1,0,0:0:0:0:
475,192,56154,1,0,0:0:0:0:
402,192,56308,1,0,0:0:0:0:
475,192,56308,1,0,0:0:0:0:
329,192,56462,1,0,0:0:0:0:
475,192,56462,1,0,0:0:0:0:
256,192,56538,1,0,0:0:0:0:
36,192,56615,1,0,0:0:0:0:
109,192,56615,1,0,0:0:0:0:
182,192,56615,1,0,0:0:0:0:
402,192,56615,1,0,0:0:0:0:
36,192,56769,1,0,0:0:0:0:
329,192,56769,1,0,0:0:0:0:
36,192,56923,1,0,0:0:0:0:
256,192,56923,1,0,0:0:0:0:
36,192,57077,1,0,0:0:0:0:
182,192,57077,1,0,0:0:0:0:
36,192,57231,1,0,0:0:0:0:
109,0,57231,128,0,57538:0:0:0:0:
36,192,57385,1,0,0:0:0:0:
36,192,57538,1,0,0:0:0:0:
256,0,57538,128,0,57846:0:0:0:0:
36,192,57692,1,0,0:0:0:0:
182,192,57769,1,0,0:0:0:0:
36,192,57846,1,0,0:0:0:0:
109,192,57846,1,0,0:0:0:0:
329,192,57846,1,0,0:0:0:0:
402,192,57846,1,0,0:0:0:0:
475,192,57923,1,0,0:0:0:0:
109,192,58000,1,0,0:0:0:0:
329,192,58000,1,0,0:0:0:0:
475,192,58077,1,0,0:0:0:0:
182,192,58154,1,0,0:0:0:0:
329,192,58154,1,0,0:0:0:0:
475,192,58231,1,0,0:0:0:0:
256,192,58308,1,0,0:0:0:0:
329,192,58308,1,0,0:0:0:0:
475,192,58385,1,0,0:0:0:0:
36,192,58462,1,0,0:0:0:0:
109,192,58462,1,0,0:0:0:0:
256,192,58462,1,0,0:0:0:0:
402,192,58462,1,0,0:0:0:0:
182,192,58538,1,0,0:0:0:0:
36,192,58615,1,0,0:0:0:0:
329,192,58615,1,0,0:0:0:0:
182,192,58692,1,0,0:0:0:0:
36,192,58769,1,0,0:0:0:0:
402,192,58769,1,0,0:0:0:0:
182,192,58846,1,0,0:0:0:0:
36,192,58923,1,0,0:0:0:0:
475,192,58923,1,0,0:0:0:0:
182,192,59000,1,0,0:0:0:0:
402,192,59000,1,0,0:0:0:0:
36,192,59077,1,0,0:0:0:0:
329,0,59077,128,0,59385:0:0:0:0:
182,192,59231,1,0,0:0:0:0:
182,0,59385,128,0,59692:0:0:0:0:
475,192,59385,1,0,0:0:0:0:
329,192,59538,1,0,0:0:0:0:
36,0,59692,128,0,60000:0:0:0:0:
475,0,59692,128,0,60000:0:0:0:0:
109,192,60000,1,0,0:0:0:0:
182,192,60000,1,0,0:0:0:0:
256,192,60000,1,0,0:0:0:0:
329,192,60000,1,0,0:0:0:0:
402,192,60000,1,0,0:0:0:0:
36,0,60308,128,0,60538:0:0:0:0:
182,192,60308,1,0,0:0:0:0:
256,192,60308,1,0,0:0:0:0:
475,0,60308,128,0,60385:0:0:0:0:
329,192,60462,1,0,0:0:0:0:
475,0,60462,128,0,60538:0:0:0:0:
36,0,60615,128,0,60692:0:0:0:0:
109,192,60615,1,0,0:0:0:0:
256,192,60615,1,0,0:0:0:0:
402,192,60615,1,0,0:0:0:0:
475,0,60615,128,0,60846:0:0:0:0:
36,0,60769,128,0,60846:0:0:0:0:
182,192,60769,1,0,0:0:0:0:
36,0,60923,128,0,61385:0:0:0:0:
109,192,60923,1,0,0:0:0:0:
402,192,60923,1,0,0:0:0:0:
475,0,60923,128,0,61385:0:0:0:0:
256,192,61077,1,0,0:0:0:0:
182,192,61154,1,0,0:0:0:0:
329,192,61154,1,0,0:0:0:0:
109,192,61231,1,0,0:0:0:0:
256,192,61231,1,0,0:0:0:0:
402,192,61231,1,0,0:0:0:0:
182,192,61308,1,0,0:0:0:0:
329,192,61308,1,0,0:0:0:0:
256,192,61385,1,0,0:0:0:0:
36,0,61538,128,0,61615:0:0:0:0:
256,192,61538,1,0,0:0:0:0:
329,192,61538,1,0,0:0:0:0:
475,0,61538,128,0,61769:0:0:0:0:
36,0,61692,128,0,61769:0:0:0:0:
182,192,61692,1,0,0:0:0:0:
36,0,61846,128,0,62077:0:0:0:0:
109,192,61846,1,0,0:0:0:0:
256,192,61846,1,0,0:0:0:0:
402,192,61846,1,0,0:0:0:0:
475,0,61846,128,0,61923:0:0:0:0:
329,192,62000,1,0,0:0:0:0:
475,0,62000,128,0,62077:0:0:0:0:
36,0,62154,128,0,62615:0:0:0:0:
109,192,62154,1,0,0:0:0:0:
402,192,62154,1,0,0:0:0:0:
475,0,62154,128,0,62615:0:0:0:0:
256,192,62308,1,0,0:0:0:0:
182,192,62385,1,0,0:0:0:0:
329,192,62385,1,0,0:0:0:0:
109,192,62462,1,0,0:0:0:0:
256,192,62462,1,0,0:0:0:0:
402,192,62462,1,0,0:0:0:0:
182,192,62538,1,0,0:0:0:0:
329,192,62538,1,0,0:0:0:0:
256,192,62615,1,0,0:0:0:0:
36,192,62769,1,0,0:0:0:0:
475,192,62769,1,0,0:0:0:0:
182,0,62923,128,0,63077:0:0:0:0:
256,0,62923,128,0,63077:0:0:0:0:
329,0,62923,128,0,63077:0:0:0:0:
36,192,63077,1,0,0:0:0:0:
402,192,63077,1,0,0:0:0:0:
475,192,63077,1,0,0:0:0:0:
109,0,63231,128,0,63385:0:0:0:0:
256,0,63231,128,0,63385:0:0:0:0:
402,0,63231,128,0,63385:0:0:0:0:
182,192,63385,1,0,0:0:0:0:
329,192,63385,1,0,0:0:0:0:
36,0,63538,128,0,63692:0:0:0:0:
256,0,63538,128,0,63692:0:0:0:0:
475,0,63538,128,0,63692:0:0:0:0:
109,192,63692,1,0,0:0:0:0:
182,192,63692,1,0,0:0:0:0:
329,192,63692,1,0,0:0:0:0:
109,0,63846,128,0,64000:0:0:0:0:
256,0,63846,128,0,64000:0:0:0:0:
402,0,63846,128,0,64000:0:0:0:0:
36,192,64000,1,0,0:0:0:0:
475,192,64000,1,0,0:0:0:0:
182,0,64154,128,0,64308:0:0:0:0:
256,0,64154,128,0,64308:0:0:0:0:
329,0,64154,128,0,64308:0:0:0:0:
36,192,64308,1,0,0:0:0:0:
402,192,64308,1,0,0:0:0:0:
475,192,64308,1,0,0:0:0:0:
109,0,64462,128,0,64615:0:0:0:0:
256,0,64462,128,0,64615:0:0:0:0:
402,0,64462,128,0,64615:0:0:0:0:
182,192,64615,1,0,0:0:0:0:
329,192,64615,1,0,0:0:0:0:
36,0,64769,128,0,64846:0:0:0:0:
256,0,64769,128,0,65154:0:0:0:0:
475,0,64769,128,0,64846:0:0:0:0:
36,0,64923,128,0,65154:0:0:0:0:
109,192,64923,1,0,0:0:0:0:
402,192,64923,1,0,0:0:0:0:
475,0,64923,128,0,65154:0:0:0:0:
36,0,65231,128,0,65462:0:0:0:0:
182,192,65231,1,0,0:0:0:0:
256,192,65231,1,0,0:0:0:0:
475,0,65231,128,0,65308:0:0:0:0:
329,192,65385,1,0,0:0:0:0:
475,0,65385,128,0,65462:0:0:0:0:
36,0,65538,128,0,65615:0:0:0:0:
109,192,65538,1,0,0:0:0:0:
256,192,65538,1,0,0:0:0:0:
402,192,65538,1,0,0:0:0:0:
475,0,65538,128,0,65769:0:0:0:0:
36,0,65692,128,0,65769:0:0:0:0:
182,192,65692,1,0,0:0:0:0:
36,0,65846,128,0,66308:0:0:0:0:
109,192,65846,1,0,0:0:0:0:
402,192,65846,1,0,0:0:0:0:
475,0,65846,128,0,66308:0:0:0:0:
256,192,66000,1,0,0:0:0:0:
182,192,66077,1,0,0:0:0:0:
329,192,66077,1,0,0:0:0:0:
109,192,66154,1,0,0:0:0:0:
256,192,66154,1,0,0:0:0:0:
402,192,66154,1,0,0:0:0:0:
182,192,66231,1,0,0:0:0:0:
329,192,66231,1,0,0:0:0:0:
256,192,66308,1,0,0:0:0:0:
36,0,66462,128,0,66538:0:0:0:0:
256,192,66462,1,0,0:0:0:0:
329,192,66462,1,0,0:0:0:0:
475,0,66462,128,0,66692:0:0:0:0:
36,0,66615,128,0,66692:0:0:0:0:
182,192,66615,1,0,0:0:0:0:
36,0,66769,128,0,67000:0:0:0:0:
109,192,66769,1,0,0:0:0:0:
256,192,66769,1,0,0:0:0:0:
402,192,66769,1,0,0:0:0:0:
475,0,66769,128,0,66846:0:0:0:0:
329,192,66923,1,0,0:0:0:0:
475,0,66923,128,0,67000:0:0:0:0:
36,0,67077,128,0,67538:0:0:0:0:
109,192,67077,1,0,0:0:0:0:
402,192,67077,1,0,0:0:0:0:
475,0,67077,128,0,67538:0:0:0:0:
256,192,67231,1,0,0:0:0:0:
182,192,67308,1,0,0:0:0:0:
329,192,67308,1,0,0:0:0:0:
109,192,67385,1,0,0:0:0:0:
256,192,67385,1,0,0:0:0:0:
402,192,67385,1,0,0:0:0:0:
182,192,67462,1,0,0:0:0:0:
329,192,67462,1,0,0:0:0:0:
256,192,67538,1,0,0:0:0:0:
36,192,67692,1,0,0:0:0:0:
475,192,67692,1,0,0:0:0:0:
182,0,67846,128,0,68000:0:0:0:0:
256,0,67846,128,0,68000:0:0:0:0:
329,0,67846,128,0,68000:0:0:0:0:
36,192,68000,1,0,0:0:0:0:
402,192,68000,1,0,0:0:0:0:
475,192,68000,1,0,0:0:0:0:
109,0,68154,128,0,68308:0:0:0:0:
256,0,68154,128,0,68308:0:0:0:0:
402,0,68154,128,0,68308:0:0:0:0:
182,192,68308,1,0,0:0:0:0:
329,192,68308,1,0,0:0:0:0:
36,0,68462,128,0,68615:0:0:0:0:
182,192,68462,1,0,0:0:0:0:
329,192,68462,1,0,0:0:0:0:
475,0,68462,128,0,68615:0:0:0:0:
256,0,68538,128,0,68615:0:0:0:0:
109,192,68615,1,0,0:0:0:0:
182,192,68615,1,0,0:0:0:0:
329,192,68615,1,0,0:0:0:0:
402,192,68615,1,0,0:0:0:0:
182,192,68769,1,0,0:0:0:0:
329,192,68769,1,0,0:0:0:0:
109,0,68769,128,0,68923:0:0:0:0:
256,0,68769,128,0,68923:0:0:0:0:
402,0,68769,128,0,68923:0:0:0:0:
36,192,68923,1,0,0:0:0:0:
182,0,68923,128,0,69538:0:0:0:0:
329,0,68923,128,0,69538:0:0:0:0:
475,192,68923,1,0,0:0:0:0:
109,192,69077,1,0,0:0:0:0:
256,192,69231,1,0,0:0:0:0:
402,192,69385,1,0,0:0:0:0:
36,0,69538,128,0,70000:0:0:0:0:
256,192,69538,1,0,0:0:0:0:
475,0,69538,128,0,70000:0:0:0:0:
182,192,69692,1,0,0:0:0:0:
329,192,69692,1,0,0:0:0:0:
109,192,69769,1,0,0:0:0:0:
402,192,69769,1,0,0:0:0:0:
182,192,69846,1,0,0:0:0:0:
329,192,69846,1,0,0:0:0:0:
256,192,70000,1,0,0:0:0:0:
109,192,70154,1,0,0:0:0:0:
329,192,70154,1,0,0:0:0:0:
402,192,70154,1,0,0:0:0:0:
475,0,70154,128,0,70385:0:0:0:0:
182,192,70308,1,0,0:0:0:0:
256,0,70308,128,0,70538:0:0:0:0:
36,192,70462,1,0,0:0:0:0:
109,192,70462,1,0,0:0:0:0:
329,192,70462,1,0,0:0:0:0:
402,0,70462,128,0,70692:0:0:0:0:
475,192,70462,1,0,0:0:0:0:
182,0,70615,128,0,70846:0:0:0:0:
256,192,70615,1,0,0:0:0:0:
36,192,70769,1,0,0:0:0:0:
329,0,70769,128,0,71000:0:0:0:0:
402,192,70769,1,0,0:0:0:0:
475,192,70769,1,0,0:0:0:0:
109,0,70923,128,0,71154:0:0:0:0:
182,192,70923,1,0,0:0:0:0:
36,192,71077,1,0,0:0:0:0:
256,0,71077,128,0,71308:0:0:0:0:
329,192,71077,1,0,0:0:0:0:
402,192,71077,1,0,0:0:0:0:
475,192,71077,1,0,0:0:0:0:
36,0,71231,128,0,71308:0:0:0:0:
109,192,71231,1,0,0:0:0:0:
182,192,71385,1,0,0:0:0:0:
256,192,71385,1,0,0:0:0:0:
329,192,71385,1,0,0:0:0:0:
109,192,71538,1,0,0:0:0:0:
182,192,71538,1,0,0:0:0:0:
329,192,71538,1,0,0:0:0:0:
402,192,71538,1,0,0:0:0:0:
36,192,71692,1,0,0:0:0:0:
109,192,71692,1,0,0:0:0:0:
256,192,71692,1,0,0:0:0:0:
402,192,71692,1,0,0:0:0:0:
475,192,71692,1,0,0:0:0:0:
36,192,71846,1,0,0:0:0:0:
109,192,71846,1,0,0:0:0:0:
182,192,71846,1,0,0:0:0:0:
329,192,71846,1,0,0:0:0:0:
402,192,71846,1,0,0:0:0:0:
475,192,71846,1,0,0:0:0:0:
36,192,72000,1,0,0:0:0:0:
109,192,72000,1,0,0:0:0:0:
182,192,72000,1,0,0:0:0:0:
256,192,72000,1,0,0:0:0:0:
329,192,72000,1,0,0:0:0:0:
402,192,72000,1,0,0:0:0:0:
475,192,72000,1,0,0:0:0:0:
256,192,72617,1,0,0:0:0:0:
402,192,72617,1,0,0:0:0:0:
475,192,72617,1,0,0:0:0:0:
36,0,72771,128,0,72924:0:0:0:0:
182,0,72771,128,0,73232:0:0:0:0:
329,0,72771,128,0,72924:0:0:0:0:
109,192,72924,1,0,0:0:0:0:
256,192,72924,1,0,0:0:0:0:
402,192,72924,1,0,0:0:0:0:
329,0,73078,128,0,73540:0:0:0:0:
475,0,73078,128,0,73232:0:0:0:0:
36,192,73232,1,0,0:0:0:0:
402,192,73232,1,0,0:0:0:0:
256,0,73386,128,0,73540:0:0:0:0:
109,0,73386,128,0,73848:0:0:0:0:
36,192,73540,1,0,0:0:0:0:
182,192,73540,1,0,0:0:0:0:
475,192,73540,1,0,0:0:0:0:
256,0,73694,128,0,73848:0:0:0:0:
402,0,73694,128,0,74155:0:0:0:0:
182,192,73848,1,0,0:0:0:0:
475,192,73848,1,0,0:0:0:0:
256,0,74001,128,0,74463:0:0:0:0:
329,0,74001,128,0,74155:0:0:0:0:
36,192,74155,1,0,0:0:0:0:
109,192,74155,1,0,0:0:0:0:
475,192,74155,1,0,0:0:0:0:
109,0,74309,128,0,74617:0:0:0:0:
182,0,74309,128,0,74463:0:0:0:0:
329,192,74463,1,0,0:0:0:0:
475,192,74463,1,0,0:0:0:0:
36,192,74617,1,0,0:0:0:0:
182,192,74617,1,0,0:0:0:0:
109,192,74771,1,0,0:0:0:0:
329,192,74771,1,0,0:0:0:0:
402,192,74771,1,0,0:0:0:0:
256,0,74771,128,0,75078:0:0:0:0:
36,192,75078,1,0,0:0:0:0:
329,192,75078,1,0,0:0:0:0:
402,192,75078,1,0,0:0:0:0:
475,192,75078,1,0,0:0:0:0:
109,192,75155,1,0,0:0:0:0:
182,192,75232,1,0,0:0:0:0:
109,192,75309,1,0,0:0:0:0:
256,192,75309,1,0,0:0:0:0:
402,192,75309,1,0,0:0:0:0:
475,192,75309,1,0,0:0:0:0:
36,192,75386,1,0,0:0:0:0:
109,192,75463,1,0,0:0:0:0:
182,192,75540,1,0,0:0:0:0:
256,192,75540,1,0,0:0:0:0:
329,192,75540,1,0,0:0:0:0:
475,192,75540,1,0,0:0:0:0:
109,192,75617,1,0,0:0:0:0:
36,192,75694,1,0,0:0:0:0:
256,192,75694,1,0,0:0:0:0:
329,192,75694,1,0,0:0:0:0:
402,192,75694,1,0,0:0:0:0:
109,192,75771,1,0,0:0:0:0:
182,192,75848,1,0,0:0:0:0:
109,192,75924,1,0,0:0:0:0:
256,192,75924,1,0,0:0:0:0:
329,192,75924,1,0,0:0:0:0:
475,192,75924,1,0,0:0:0:0:
36,192,76001,1,0,0:0:0:0:
109,192,76078,1,0,0:0:0:0:
182,192,76155,1,0,0:0:0:0:
256,192,76155,1,0,0:0:0:0:
402,192,76155,1,0,0:0:0:0:
475,192,76155,1,0,0:0:0:0:
109,192,76232,1,0,0:0:0:0:
36,192,76309,1,0,0:0:0:0:
182,192,76309,1,0,0:0:0:0:
256,192,76309,1,0,0:0:0:0:
329,192,76309,1,0,0:0:0:0:
475,192,76309,1,0,0:0:0:0:
402,192,76386,1,0,0:0:0:0:
329,192,76463,1,0,0:0:0:0:
36,192,76540,1,0,0:0:0:0:
109,192,76540,1,0,0:0:0:0:
256,192,76540,1,0,0:0:0:0:
402,192,76540,1,0,0:0:0:0:
475,192,76617,1,0,0:0:0:0:
402,192,76694,1,0,0:0:0:0:
36,192,76771,1,0,0:0:0:0:
182,192,76771,1,0,0:0:0:0:
256,192,76771,1,0,0:0:0:0:
329,192,76771,1,0,0:0:0:0:
402,192,76848,1,0,0:0:0:0:
109,192,76924,1,0,0:0:0:0:
182,192,76924,1,0,0:0:0:0:
256,192,76924,1,0,0:0:0:0:
475,192,76924,1,0,0:0:0:0:
402,192,77001,1,0,0:0:0:0:
329,192,77078,1,0,0:0:0:0:
36,192,77155,1,0,0:0:0:0:
182,192,77155,1,0,0:0:0:0:
256,192,77155,1,0,0:0:0:0:
402,192,77155,1,0,0:0:0:0:
475,192,77232,1,0,0:0:0:0:
402,192,77309,1,0,0:0:0:0:
36,192,77386,1,0,0:0:0:0:
109,192,77386,1,0,0:0:0:0:
256,192,77386,1,0,0:0:0:0:
329,192,77386,1,0,0:0:0:0:
402,192,77463,1,0,0:0:0:0:
36,192,77540,1,0,0:0:0:0:
256,192,77540,1,0,0:0:0:0:
329,192,77540,1,0,0:0:0:0:
475,192,77540,1,0,0:0:0:0:
109,192,77617,1,0,0:0:0:0:
182,192,77694,1,0,0:0:0:0:
256,192,77694,1,0,0:0:0:0:
402,192,77694,1,0,0:0:0:0:
475,192,77694,1,0,0:0:0:0:
109,192,77771,1,0,0:0:0:0:
36,192,77848,1,0,0:0:0:0:
329,192,77848,1,0,0:0:0:0:
402,192,77848,1,0,0:0:0:0:
475,192,77848,1,0,0:0:0:0:
109,192,77924,1,0,0:0:0:0:
182,192,78001,1,0,0:0:0:0:
256,192,78001,1,0,0:0:0:0:
329,192,78001,1,0,0:0:0:0:
402,192,78001,1,0,0:0:0:0:
109,192,78078,1,0,0:0:0:0:
36,192,78155,1,0,0:0:0:0:
256,192,78155,1,0,0:0:0:0:
475,192,78155,1,0,0:0:0:0:
182,192,78232,1,0,0:0:0:0:
402,192,78232,1,0,0:0:0:0:
109,192,78309,1,0,0:0:0:0:
329,192,78309,1,0,0:0:0:0:
36,192,78386,1,0,0:0:0:0:
402,192,78386,1,0,0:0:0:0:
109,192,78463,1,0,0:0:0:0:
182,192,78463,1,0,0:0:0:0:
256,192,78463,1,0,0:0:0:0:
475,192,78463,1,0,0:0:0:0:
402,192,78540,1,0,0:0:0:0:
329,192,78617,1,0,0:0:0:0:
256,192,78694,1,0,0:0:0:0:
182,0,78771,128,0,78924:0:0:0:0:
256,192,78771,1,0,0:0:0:0:
475,0,78771,128,0,78924:0:0:0:0:
109,0,78924,128,0,79078:0:0:0:0:
402,0,78924,128,0,79078:0:0:0:0:
36,0,79078,128,0,79232:0:0:0:0:
329,0,79078,128,0,79232:0:0:0:0:
109,0,79232,128,0,79386:0:0:0:0:
402,0,79232,128,0,79386:0:0:0:0:
182,0,79386,128,0,79694:0:0:0:0:
475,0,79386,128,0,79694:0:0:0:0:
256,192,79694,1,0,0:0:0:0:
402,192,79694,1,0,0:0:0:0:
36,0,80001,128,0,80924:0:0:0:0:
182,192,80001,1,0,0:0:0:0:
256,192,80001,1,0,0:0:0:0:
329,0,80001,128,0,80078:0:0:0:0:
475,0,80001,128,0,80924:0:0:0:0:
109,0,80232,128,0,80309:0:0:0:0:
182,0,80463,128,0,80540:0:0:0:0:
402,0,80694,128,0,80771:0:0:0:0:
182,192,80924,1,0,0:0:0:0:
256,0,80924,128,0,81001:0:0:0:0:
329,192,81001,1,0,0:0:0:0:
182,192,81078,1,0,0:0:0:0:
402,0,81078,128,0,81155:0:0:0:0:
329,192,81155,1,0,0:0:0:0:
36,192,81232,1,0,0:0:0:0:
109,192,81232,1,0,0:0:0:0:
402,192,81232,1,0,0:0:0:0:
475,192,81232,1,0,0:0:0:0:
36,192,81463,1,0,0:0:0:0:
182,192,81463,1,0,0:0:0:0:
329,192,81463,1,0,0:0:0:0:
475,192,81463,1,0,0:0:0:0:
109,192,81694,1,0,0:0:0:0:
182,192,81694,1,0,0:0:0:0:
329,192,81694,1,0,0:0:0:0:
402,192,81694,1,0,0:0:0:0:
256,192,81848,1,0,0:0:0:0:
329,0,81848,128,0,82386:0:0:0:0:
182,192,82001,1,0,0:0:0:0:
256,0,82001,128,0,82386:0:0:0:0:
109,192,82155,1,0,0:0:0:0:
182,0,82155,128,0,82386:0:0:0:0:
36,192,82309,1,0,0:0:0:0:
109,0,82309,128,0,82386:0:0:0:0:
36,0,82463,128,0,83386:0:0:0:0:
182,192,82463,1,0,0:0:0:0:
256,192,82463,1,0,0:0:0:0:
329,0,82463,128,0,82540:0:0:0:0:
475,0,82463,128,0,83386:0:0:0:0:
109,0,82694,128,0,82771:0:0:0:0:
182,0,82924,128,0,83001:0:0:0:0:
402,0,83155,128,0,83232:0:0:0:0:
182,192,83386,1,0,0:0:0:0:
256,0,83386,128,0,83463:0:0:0:0:
329,192,83463,1,0,0:0:0:0:
182,192,83540,1,0,0:0:0:0:
402,0,83540,128,0,83617:0:0:0:0:
329,192,83617,1,0,0:0:0:0:
36,192,83694,1,0,0:0:0:0:
109,192,83694,1,0,0:0:0:0:
402,192,83694,1,0,0:0:0:0:
475,192,83694,1,0,0:0:0:0:
36,192,83924,1,0,0:0:0:0:
182,192,83924,1,0,0:0:0:0:
329,192,83924,1,0,0:0:0:0:
475,192,83924,1,0,0:0:0:0:
109,192,84155,1,0,0:0:0:0:
182,192,84155,1,0,0:0:0:0:
256,192,84155,1,0,0:0:0:0:
402,192,84155,1,0,0:0:0:0:
329,192,84309,1,0,0:0:0:0:
402,0,84309,128,0,84848:0:0:0:0:
256,192,84463,1,0,0:0:0:0:
329,0,84463,128,0,84848:0:0:0:0:
182,192,84617,1,0,0:0:0:0:
256,0,84617,128,0,84848:0:0:0:0:
109,192,84771,1,0,0:0:0:0:
182,0,84771,128,0,84848:0:0:0:0:
256,192,84924,1,0,0:0:0:0:
329,0,84924,128,0,85001:0:0:0:0:
402,192,84924,1,0,0:0:0:0:
475,0,84924,128,0,88617:0:0:0:0:
36,192,85155,1,0,0:0:0:0:
109,0,85155,128,0,85232:0:0:0:0:
182,192,85155,1,0,0:0:0:0:
182,192,85386,1,0,0:0:0:0:
256,0,85386,128,0,85463:0:0:0:0:
329,192,85386,1,0,0:0:0:0:
256,192,85617,1,0,0:0:0:0:
329,192,85617,1,0,0:0:0:0:
402,0,85617,128,0,85694:0:0:0:0:
36,192,85848,1,0,0:0:0:0:
109,192,85848,1,0,0:0:0:0:
329,0,85848,128,0,85924:0:0:0:0:
109,192,86001,1,0,0:0:0:0:
182,192,86001,1,0,0:0:0:0:
402,0,86001,128,0,86078:0:0:0:0:
182,192,86155,1,0,0:0:0:0:
256,0,86155,128,0,86232:0:0:0:0:
329,192,86155,1,0,0:0:0:0:
109,192,86386,1,0,0:0:0:0:
182,0,86386,128,0,86463:0:0:0:0:
256,192,86386,1,0,0:0:0:0:
36,0,86617,128,0,86694:0:0:0:0:
109,192,86617,1,0,0:0:0:0:
182,192,86617,1,0,0:0:0:0:
256,192,86848,1,0,0:0:0:0:
329,192,86848,1,0,0:0:0:0:
402,0,86848,128,0,86924:0:0:0:0:
36,192,87078,1,0,0:0:0:0:
109,0,87078,128,0,87155:0:0:0:0:
182,192,87078,1,0,0:0:0:0:
182,192,87232,1,0,0:0:0:0:
256,0,87232,128,0,87309:0:0:0:0:
329,192,87232,1,0,0:0:0:0:
256,192,87386,1,0,0:0:0:0:
329,0,87386,128,0,87463:0:0:0:0:
402,192,87386,1,0,0:0:0:0:
36,192,87617,1,0,0:0:0:0:
109,0,87617,128,0,87694:0:0:0:0:
182,192,87617,1,0,0:0:0:0:
182,192,87848,1,0,0:0:0:0:
256,0,87848,128,0,87924:0:0:0:0:
329,192,87848,1,0,0:0:0:0:
256,192,88078,1,0,0:0:0:0:
329,192,88078,1,0,0:0:0:0:
402,0,88078,128,0,88155:0:0:0:0:
36,192,88309,1,0,0:0:0:0:
109,192,88309,1,0,0:0:0:0:
329,0,88309,128,0,88386:0:0:0:0:
109,192,88463,1,0,0:0:0:0:
182,192,88463,1,0,0:0:0:0:
402,0,88463,128,0,88540:0:0:0:0:
256,0,88617,128,0,89540:0:0:0:0:
182,0,88771,128,0,88809:0:0:0:0:
329,0,88848,128,0,88886:0:0:0:0:
182,0,88924,128,0,88963:0:0:0:0:
329,0,89001,128,0,89040:0:0:0:0:
182,0,89078,128,0,89117:0:0:0:0:
329,0,89155,128,0,89194:0:0:0:0:
109,0,89232,128,0,89540:0:0:0:0:
402,0,89232,128,0,89540:0:0:0:0:
182,192,89540,1,0,0:0:0:0:
329,192,89540,1,0,0:0:0:0:
182,0,89848,128,0,89924:0:0:0:0:
256,192,89848,1,0,0:0:0:0:
402,192,89848,1,0,0:0:0:0:
475,192,89848,1,0,0:0:0:0:
109,0,89924,128,0,90001:0:0:0:0:
329,0,90001,128,0,90155:0:0:0:0:
36,0,90001,128,0,91963:0:0:0:0:
402,192,90078,1,0,0:0:0:0:
109,192,90155,1,0,0:0:0:0:
182,192,90155,1,0,0:0:0:0:
475,192,90155,1,0,0:0:0:0:
256,0,90309,128,0,90463:0:0:0:0:
329,192,90309,1,0,0:0:0:0:
402,192,90463,1,0,0:0:0:0:
475,192,90463,1,0,0:0:0:0:
256,192,90540,1,0,0:0:0:0:
329,0,90617,128,0,90771:0:0:0:0:
109,192,90771,1,0,0:0:0:0:
182,192,90771,1,0,0:0:0:0:
402,192,90771,1,0,0:0:0:0:
475,192,90771,1,0,0:0:0:0:
329,192,90924,1,0,0:0:0:0:
256,0,90924,128,0,91078:0:0:0:0:
182,192,91078,1,0,0:0:0:0:
402,192,91078,1,0,0:0:0:0:
475,192,91078,1,0,0:0:0:0:
329,0,91232,128,0,91386:0:0:0:0:
402,192,91309,1,0,0:0:0:0:
109,192,91386,1,0,0:0:0:0:
182,192,91386,1,0,0:0:0:0:
475,192,91386,1,0,0:0:0:0:
256,0,91540,128,0,91694:0:0:0:0:
329,192,91540,1,0,0:0:0:0:
402,192,91694,1,0,0:0:0:0:
475,192,91694,1,0,0:0:0:0:
109,0,91771,128,0,91848:0:0:0:0:
256,192,91771,1,0,0:0:0:0:
182,0,91848,128,0,91963:0:0:0:0:
329,0,91848,128,0,92001:0:0:0:0:
36,192,92001,1,0,0:0:0:0:
109,192,92001,1,0,0:0:0:0:
182,192,92001,1,0,0:0:0:0:
402,192,92001,1,0,0:0:0:0:
475,192,92001,1,0,0:0:0:0:
329,192,92155,1,0,0:0:0:0:
182,0,92155,128,0,92309:0:0:0:0:
109,192,92309,1,0,0:0:0:0:
256,0,92309,128,0,92463:0:0:0:0:
402,192,92309,1,0,0:0:0:0:
475,192,92463,1,0,0:0:0:0:
256,0,92540,128,0,92694:0:0:0:0:
36,192,92617,1,0,0:0:0:0:
182,192,92617,1,0,0:0:0:0:
329,192,92617,1,0,0:0:0:0:
256,0,92771,128,0,92924:0:0:0:0:
475,192,92771,1,0,0:0:0:0:
109,192,92924,1,0,0:0:0:0:
402,192,92924,1,0,0:0:0:0:
256,0,93001,128,0,93155:0:0:0:0:
36,192,93078,1,0,0:0:0:0:
182,192,93232,1,0,0:0:0:0:
256,0,93232,128,0,93309:0:0:0:0:
329,192,93232,1,0,0:0:0:0:
475,192,93232,1,0,0:0:0:0:
36,192,93386,1,0,0:0:0:0:
256,0,93386,128,0,93540:0:0:0:0:
109,192,93540,1,0,0:0:0:0:
182,192,93540,1,0,0:0:0:0:
402,192,93540,1,0,0:0:0:0:
256,192,93617,1,0,0:0:0:0:
36,0,93694,128,0,93848:0:0:0:0:
256,0,93694,128,0,93848:0:0:0:0:
475,192,93694,1,0,0:0:0:0:
109,192,93848,1,0,0:0:0:0:
182,192,93848,1,0,0:0:0:0:
329,192,93848,1,0,0:0:0:0:
256,0,93924,128,0,94078:0:0:0:0:
36,0,94001,128,0,94155:0:0:0:0:
475,192,94001,1,0,0:0:0:0:
109,192,94155,1,0,0:0:0:0:
256,0,94155,128,0,94309:0:0:0:0:
402,192,94155,1,0,0:0:0:0:
182,192,94309,1,0,0:0:0:0:
475,192,94309,1,0,0:0:0:0:
256,0,94386,128,0,94540:0:0:0:0:
402,192,94386,1,0,0:0:0:0:
36,192,94463,1,0,0:0:0:0:
109,192,94463,1,0,0:0:0:0:
329,192,94463,1,0,0:0:0:0:
475,0,94463,128,0,94694:0:0:0:0:
182,192,94617,1,0,0:0:0:0:
256,0,94617,128,0,94694:0:0:0:0:
36,192,94771,1,0,0:0:0:0:
109,192,94771,1,0,0:0:0:0:
256,192,94771,1,0,0:0:0:0:
329,0,94771,128,0,94848:0:0:0:0:
402,0,94848,128,0,94924:0:0:0:0:
182,0,94924,128,0,95078:0:0:0:0:
475,0,94924,128,0,96886:0:0:0:0:
109,192,95001,1,0,0:0:0:0:
36,192,95078,1,0,0:0:0:0:
329,192,95078,1,0,0:0:0:0:
402,192,95078,1,0,0:0:0:0:
182,192,95232,1,0,0:0:0:0:
256,0,95232,128,0,95386:0:0:0:0:
36,192,95386,1,0,0:0:0:0:
109,192,95386,1,0,0:0:0:0:
256,192,95463,1,0,0:0:0:0:
182,0,95540,128,0,95694:0:0:0:0:
36,192,95694,1,0,0:0:0:0:
109,192,95694,1,0,0:0:0:0:
329,192,95694,1,0,0:0:0:0:
402,192,95694,1,0,0:0:0:0:
182,192,95848,1,0,0:0:0:0:
256,0,95848,128,0,96001:0:0:0:0:
36,192,96001,1,0,0:0:0:0:
109,192,96001,1,0,0:0:0:0:
329,192,96001,1,0,0:0:0:0:
182,0,96155,128,0,96309:0:0:0:0:
109,192,96232,1,0,0:0:0:0:
36,192,96309,1,0,0:0:0:0:
329,192,96309,1,0,0:0:0:0:
402,192,96309,1,0,0:0:0:0:
182,192,96463,1,0,0:0:0:0:
256,0,96463,128,0,96617:0:0:0:0:
36,192,96617,1,0,0:0:0:0:
109,192,96617,1,0,0:0:0:0:
256,192,96694,1,0,0:0:0:0:
402,0,96694,128,0,96771:0:0:0:0:
182,0,96771,128,0,96924:0:0:0:0:
329,0,96771,128,0,96886:0:0:0:0:
36,192,96924,1,0,0:0:0:0:
109,192,96924,1,0,0:0:0:0:
329,192,96924,1,0,0:0:0:0:
402,192,96924,1,0,0:0:0:0:
475,192,96924,1,0,0:0:0:0:
182,192,97078,1,0,0:0:0:0:
256,0,97078,128,0,97232:0:0:0:0:
36,0,97232,128,0,97463:0:0:0:0:
402,0,97232,128,0,97617:0:0:0:0:
475,0,97232,128,0,97617:0:0:0:0:
109,0,97309,128,0,97463:0:0:0:0:
182,0,97386,128,0,97924:0:0:0:0:
256,0,97386,128,0,97540:0:0:0:0:
329,0,97386,128,0,97771:0:0:0:0:
36,0,97540,128,0,97771:0:0:0:0:
109,0,97540,128,0,97771:0:0:0:0:
256,0,97617,128,0,97924:0:0:0:0:
402,0,97694,128,0,98001:0:0:0:0:
475,0,97694,128,0,98386:0:0:0:0:
36,0,97848,128,0,98078:0:0:0:0:
109,0,97848,128,0,98001:0:0:0:0:
329,0,97848,128,0,98232:0:0:0:0:
256,0,98001,128,0,98232:0:0:0:0:
182,0,98001,128,0,99001:0:0:0:0:
109,0,98078,128,0,98694:0:0:0:0:
402,0,98078,128,0,98694:0:0:0:0:
36,0,98155,128,0,98386:0:0:0:0:
256,0,98309,128,0,99309:0:0:0:0:
329,0,98309,128,0,99001:0:0:0:0:
36,192,98463,1,0,0:0:0:0:
475,192,98463,1,0,0:0:0:0:
36,0,98617,128,0,98694:0:0:0:0:
475,0,98617,128,0,98694:0:0:0:0:
109,192,98771,1,0,0:0:0:0:
402,192,98771,1,0,0:0:0:0:
109,0,98924,128,0,99001:0:0:0:0:
402,0,98924,128,0,99001:0:0:0:0:
182,192,99078,1,0,0:0:0:0:
329,192,99078,1,0,0:0:0:0:
182,0,99232,128,0,99309:0:0:0:0:
329,0,99232,128,0,99309:0:0:0:0:
256,0,99386,128,0,99694:0:0:0:0:
182,0,99694,128,0,99771:0:0:0:0:
329,192,99694,1,0,0:0:0:0:
402,192,99694,1,0,0:0:0:0:
475,0,99694,128,0,99771:0:0:0:0:
109,0,99771,128,0,99848:0:0:0:0:
475,192,99848,1,0,0:0:0:0:
36,0,99848,128,0,101848:0:0:0:0:
402,0,99924,128,0,100001:0:0:0:0:
109,192,100001,1,0,0:0:0:0:
182,192,100001,1,0,0:0:0:0:
256,192,100001,1,0,0:0:0:0:
329,192,100001,1,0,0:0:0:0:
329,0,100155,128,0,100232:0:0:0:0:
402,192,100155,1,0,0:0:0:0:
109,192,100309,1,0,0:0:0:0:
182,192,100309,1,0,0:0:0:0:
475,192,100309,1,0,0:0:0:0:
256,0,100386,128,0,100463:0:0:0:0:
329,192,100463,1,0,0:0:0:0:
109,0,100540,128,0,100617:0:0:0:0:
182,0,100617,128,0,100771:0:0:0:0:
256,192,100617,1,0,0:0:0:0:
329,192,100617,1,0,0:0:0:0:
402,192,100617,1,0,0:0:0:0:
475,192,100617,1,0,0:0:0:0:
402,0,100771,128,0,100924:0:0:0:0:
109,0,100924,128,0,101001:0:0:0:0:
182,192,100924,1,0,0:0:0:0:
256,192,100924,1,0,0:0:0:0:
475,192,100924,1,0,0:0:0:0:
109,192,101078,1,0,0:0:0:0:
182,0,101155,128,0,101232:0:0:0:0:
256,192,101232,1,0,0:0:0:0:
329,192,101232,1,0,0:0:0:0:
402,192,101232,1,0,0:0:0:0:
475,192,101232,1,0,0:0:0:0:
182,192,101386,1,0,0:0:0:0:
256,0,101386,128,0,101463:0:0:0:0:
109,192,101540,1,0,0:0:0:0:
256,192,101540,1,0,0:0:0:0:
402,192,101540,1,0,0:0:0:0:
329,0,101617,128,0,101694:0:0:0:0:
475,192,101694,1,0,0:0:0:0:
109,192,101848,1,0,0:0:0:0:
182,192,101848,1,0,0:0:0:0:
256,192,101848,1,0,0:0:0:0:
329,192,101848,1,0,0:0:0:0:
402,0,101848,128,0,102001:0:0:0:0:
36,192,102001,1,0,0:0:0:0:
475,0,102001,128,0,102155:0:0:0:0:
109,192,102155,1,0,0:0:0:0:
182,192,102155,1,0,0:0:0:0:
256,0,102155,128,0,102309:0:0:0:0:
402,192,102155,1,0,0:0:0:0:
475,192,102309,1,0,0:0:0:0:
256,0,102386,128,0,102540:0:0:0:0:
36,192,102463,1,0,0:0:0:0:
109,192,102463,1,0,0:0:0:0:
182,192,102463,1,0,0:0:0:0:
329,192,102463,1,0,0:0:0:0:
402,192,102463,1,0,0:0:0:0:
256,0,102617,128,0,102771:0:0:0:0:
475,192,102617,1,0,0:0:0:0:
109,192,102771,1,0,0:0:0:0:
329,192,102771,1,0,0:0:0:0:
402,192,102771,1,0,0:0:0:0:
256,0,102848,128,0,103001:0:0:0:0:
36,192,102924,1,0,0:0:0:0:
109,192,103078,1,0,0:0:0:0:
182,192,103078,1,0,0:0:0:0:
256,0,103078,128,0,103155:0:0:0:0:
329,192,103078,1,0,0:0:0:0:
402,192,103078,1,0,0:0:0:0:
475,192,103078,1,0,0:0:0:0:
36,192,103232,1,0,0:0:0:0:
256,0,103232,128,0,103386:0:0:0:0:
109,192,103386,1,0,0:0:0:0:
182,192,103386,1,0,0:0:0:0:
402,192,103386,1,0,0:0:0:0:
256,192,103463,1,0,0:0:0:0:
36,0,103540,128,0,103694:0:0:0:0:
256,0,103540,128,0,103694:0:0:0:0:
475,192,103540,1,0,0:0:0:0:
109,192,103694,1,0,0:0:0:0:
182,192,103694,1,0,0:0:0:0:
329,192,103694,1,0,0:0:0:0:
402,192,103694,1,0,0:0:0:0:
256,0,103771,128,0,103924:0:0:0:0:
36,0,103848,128,0,104001:0:0:0:0:
475,192,103848,1,0,0:0:0:0:
109,192,104001,1,0,0:0:0:0:
256,0,104001,128,0,104155:0:0:0:0:
329,192,104001,1,0,0:0:0:0:
402,192,104001,1,0,0:0:0:0:
182,192,104155,1,0,0:0:0:0:
475,192,104155,1,0,0:0:0:0:
256,0,104232,128,0,104386:0:0:0:0:
402,192,104232,1,0,0:0:0:0:
36,0,104309,128,0,104540:0:0:0:0:
109,192,104309,1,0,0:0:0:0:
182,192,104309,1,0,0:0:0:0:
329,192,104309,1,0,0:0:0:0:
402,192,104309,1,0,0:0:0:0:
475,0,104309,128,0,104540:0:0:0:0:
182,192,104463,1,0,0:0:0:0:
256,0,104540,128,0,104617:0:0:0:0:
36,0,104617,128,0,104694:0:0:0:0:
109,192,104617,1,0,0:0:0:0:
182,192,104617,1,0,0:0:0:0:
329,0,104617,128,0,104694:0:0:0:0:
402,0,104694,128,0,104771:0:0:0:0:
36,192,104771,1,0,0:0:0:0:
475,0,104771,128,0,106771:0:0:0:0:
109,0,104848,128,0,104924:0:0:0:0:
182,192,104924,1,0,0:0:0:0:
256,192,104924,1,0,0:0:0:0:
329,192,104924,1,0,0:0:0:0:
402,192,104924,1,0,0:0:0:0:
109,192,105078,1,0,0:0:0:0:
182,0,105078,128,0,105155:0:0:0:0:
36,192,105232,1,0,0:0:0:0:
329,192,105232,1,0,0:0:0:0:
402,192,105232,1,0,0:0:0:0:
256,0,105309,128,0,105386:0:0:0:0:
182,192,105386,1,0,0:0:0:0:
402,0,105463,128,0,105540:0:0:0:0:
36,192,105540,1,0,0:0:0:0:
109,192,105540,1,0,0:0:0:0:
182,192,105540,1,0,0:0:0:0:
256,192,105540,1,0,0:0:0:0:
329,0,105540,128,0,105694:0:0:0:0:
109,0,105694,128,0,105848:0:0:0:0:
36,192,105848,1,0,0:0:0:0:
256,192,105848,1,0,0:0:0:0:
329,192,105848,1,0,0:0:0:0:
402,0,105848,128,0,105924:0:0:0:0:
402,192,106001,1,0,0:0:0:0:
329,0,106078,128,0,106155:0:0:0:0:
36,192,106155,1,0,0:0:0:0:
109,192,106155,1,0,0:0:0:0:
182,192,106155,1,0,0:0:0:0:
256,192,106155,1,0,0:0:0:0:
256,0,106309,128,0,106386:0:0:0:0:
329,192,106309,1,0,0:0:0:0:
109,192,106463,1,0,0:0:0:0:
256,192,106463,1,0,0:0:0:0:
402,192,106463,1,0,0:0:0:0:
182,0,106540,128,0,106617:0:0:0:0:
329,192,106617,1,0,0:0:0:0:
36,192,106771,1,0,0:0:0:0:
109,0,106771,128,0,106924:0:0:0:0:
182,192,106771,1,0,0:0:0:0:
256,192,106771,1,0,0:0:0:0:
402,192,106771,1,0,0:0:0:0:
329,192,106924,1,0,0:0:0:0:
256,0,106924,128,0,107078:0:0:0:0:
36,0,107078,128,0,107309:0:0:0:0:
402,0,107078,128,0,107386:0:0:0:0:
475,0,107078,128,0,107309:0:0:0:0:
109,0,107155,128,0,107309:0:0:0:0:
182,0,107232,128,0,107463:0:0:0:0:
256,0,107232,128,0,107463:0:0:0:0:
329,0,107232,128,0,107463:0:0:0:0:
36,0,107386,128,0,107694:0:0:0:0:
109,0,107386,128,0,107617:0:0:0:0:
475,0,107386,128,0,107617:0:0:0:0:
402,0,107463,128,0,107617:0:0:0:0:
182,0,107540,128,0,107771:0:0:0:0:
256,0,107540,128,0,107771:0:0:0:0:
329,0,107540,128,0,107771:0:0:0:0:
109,0,107694,128,0,107924:0:0:0:0:
402,0,107694,128,0,107924:0:0:0:0:
475,0,107694,128,0,108001:0:0:0:0:
36,0,107771,128,0,107924:0:0:0:0:
182,0,107848,128,0,108078:0:0:0:0:
256,0,107848,128,0,108078:0:0:0:0:
329,0,107848,128,0,108078:0:0:0:0:
36,0,108001,128,0,108232:0:0:0:0:
109,0,108001,128,0,108540:0:0:0:0:
402,0,108001,128,0,108540:0:0:0:0:
475,0,108078,128,0,108232:0:0:0:0:
182,0,108155,128,0,108848:0:0:0:0:
256,0,108155,128,0,109155:0:0:0:0:
329,0,108155,128,0,108848:0:0:0:0:
36,192,108309,1,0,0:0:0:0:
475,192,108309,1,0,0:0:0:0:
36,0,108463,128,0,108540:0:0:0:0:
475,0,108463,128,0,108540:0:0:0:0:
109,192,108617,1,0,0:0:0:0:
402,192,108617,1,0,0:0:0:0:
109,0,108771,128,0,108848:0:0:0:0:
402,0,108771,128,0,108848:0:0:0:0:
182,192,108924,1,0,0:0:0:0:
329,192,108924,1,0,0:0:0:0:
182,0,109078,128,0,109155:0:0:0:0:
329,0,109078,128,0,109155:0:0:0:0:
256,0,109232,128,0,109540:0:0:0:0:
329,192,109540,1,0,0:0:0:0:
402,192,109540,1,0,0:0:0:0:
475,0,109540,128,0,110424:0:0:0:0:
256,0,109617,128,0,109694:0:0:0:0:
256,192,109771,1,0,0:0:0:0:
329,192,109771,1,0,0:0:0:0:
402,0,109771,128,0,110424:0:0:0:0:
182,0,109848,128,0,109924:0:0:0:0:
182,192,110001,1,0,0:0:0:0:
256,192,110001,1,0,0:0:0:0:
329,0,110001,128,0,110424:0:0:0:0:
109,0,110078,128,0,110155:0:0:0:0:
109,192,110232,1,0,0:0:0:0:
182,192,110232,1,0,0:0:0:0:
256,0,110232,128,0,110424:0:0:0:0:
36,0,110309,128,0,110386:0:0:0:0:
329,192,110463,1,0,0:0:0:0:
402,192,110463,1,0,0:0:0:0:
475,192,110463,1,0,0:0:0:0:
256,0,110617,128,0,110771:0:0:0:0:
36,0,110771,128,0,111617:0:0:0:0:
109,192,110771,1,0,0:0:0:0:
182,192,110771,1,0,0:0:0:0:
256,0,110848,128,0,110924:0:0:0:0:
109,0,111001,128,0,111617:0:0:0:0:
182,192,111001,1,0,0:0:0:0:
256,192,111001,1,0,0:0:0:0:
329,0,111078,128,0,111155:0:0:0:0:
182,0,111232,128,0,111617:0:0:0:0:
256,192,111232,1,0,0:0:0:0:
329,192,111232,1,0,0:0:0:0:
402,0,111309,128,0,111386:0:0:0:0:
256,0,111463,128,0,111617:0:0:0:0:
402,192,111463,1,0,0:0:0:0:
329,192,111540,1,0,0:0:0:0:
475,0,111540,128,0,111617:0:0:0:0:
402,192,111617,1,0,0:0:0:0:
36,192,111694,1,0,0:0:0:0:
109,192,111694,1,0,0:0:0:0:
182,192,111694,1,0,0:0:0:0:
256,0,111771,128,0,112001:0:0:0:0:
329,192,112001,1,0,0:0:0:0:
402,192,112001,1,0,0:0:0:0:
475,0,112001,128,0,112886:0:0:0:0:
256,0,112078,128,0,112155:0:0:0:0:
36,0,112232,128,0,112886:0:0:0:0:
109,192,112232,1,0,0:0:0:0:
182,192,112232,1,0,0:0:0:0:
256,0,112309,128,0,112386:0:0:0:0:
256,192,112463,1,0,0:0:0:0:
329,192,112463,1,0,0:0:0:0:
402,0,112463,128,0,112886:0:0:0:0:
182,0,112540,128,0,112617:0:0:0:0:
109,0,112694,128,0,112886:0:0:0:0:
182,192,112694,1,0,0:0:0:0:
256,192,112694,1,0,0:0:0:0:
329,0,112771,128,0,112848:0:0:0:0:
36,192,112924,1,0,0:0:0:0:
109,192,112924,1,0,0:0:0:0:
182,0,112924,128,0,113078:0:0:0:0:
402,192,112924,1,0,0:0:0:0:
475,192,112924,1,0,0:0:0:0:
329,0,113001,128,0,113078:0:0:0:0:
109,0,113078,128,0,113232:0:0:0:0:
402,0,113078,128,0,113232:0:0:0:0:
36,0,113232,128,0,113694:0:0:0:0:
182,192,113232,1,0,0:0:0:0:
329,192,113232,1,0,0:0:0:0:
475,0,113232,128,0,113694:0:0:0:0:
256,0,113232,128,0,115078:0:0:0:0:
109,192,113694,1,0,0:0:0:0:
402,192,113694,1,0,0:0:0:0:
36,192,113771,1,0,0:0:0:0:
475,192,113771,1,0,0:0:0:0:
182,192,113848,1,0,0:0:0:0:
329,192,113848,1,0,0:0:0:0:
109,0,113848,128,0,114463:0:0:0:0:
402,0,113848,128,0,114463:0:0:0:0:
