[Metadata]
WHITEOUT
かねこちはる
inava
Kaneko Chiharu SOUND VOLTEX konami
112
0

[TimingPoints]
950,303.030303030303,4,2,0,5,1,0
10040,606.060606060606,4,2,2,5,1,0
10343,303.030303030303,4,2,2,5,1,0
10495,151.515151515152,4,2,2,5,1,0
10646,303.030303030303,4,2,2,5,1,0
63373,151.515151515152,4,2,2,5,1,0
63525,303.030303030303,4,2,2,5,1,0
63677,606.060606060606,4,2,2,5,1,0
63980,303.030303030303,4,2,2,5,1,0
73373,606.060606060606,4,2,2,5,1,0
73525,303.030303030303,4,2,2,5,1,0
73601,151.515151515152,4,2,2,5,1,0
73677,303.030303030303,4,2,2,5,1,0
95495,606.060606060606,4,2,2,5,1,0
95646,303.030303030303,4,2,2,5,1,0
95722,151.515151515152,4,2,2,5,1,0
95798,303.030303030303,4,2,2,5,1,0
117313,606.060606060606,4,2,2,5,1,0
117464,303.030303030303,4,2,2,5,1,0
117540,151.515151515152,4,2,2,5,1,0
117616,303.030303030303,4,2,2,5,1,0


[HitObjects]
36,192,950,128,0,3879:0:0:0:0:
475,192,950,128,0,3879:0:0:0:0:
182,192,950,1,0,0:0:0:0:
256,192,1051,1,0,0:0:0:0:
329,192,1152,1,0,0:0:0:0:
256,192,1253,1,0,0:0:0:0:
402,192,1354,1,0,0:0:0:0:
256,192,1455,1,0,0:0:0:0:
109,192,1556,1,0,0:0:0:0:
256,192,1657,1,0,0:0:0:0:
329,192,1758,1,0,0:0:0:0:
182,192,1859,1,0,0:0:0:0:
402,192,1960,1,0,0:0:0:0:
256,192,2061,1,0,0:0:0:0:
109,192,2162,1,0,0:0:0:0:
256,192,2263,1,0,0:0:0:0:
329,192,2364,1,0,0:0:0:0:
182,192,2465,1,0,0:0:0:0:
402,192,2566,1,0,0:0:0:0:
256,192,2667,1,0,0:0:0:0:
109,192,2768,1,0,0:0:0:0:
182,192,2869,1,0,0:0:0:0:
256,192,2970,1,0,0:0:0:0:
402,192,3071,1,0,0:0:0:0:
329,192,3172,1,0,0:0:0:0:
256,192,3273,1,0,0:0:0:0:
109,192,3374,1,0,0:0:0:0:
182,192,3475,1,0,0:0:0:0:
329,192,3576,1,0,0:0:0:0:
256,192,3677,1,0,0:0:0:0:
109,192,3778,1,0,0:0:0:0:
182,192,3879,1,0,0:0:0:0:
329,192,3980,1,0,0:0:0:0:
36,192,3980,1,0,0:0:0:0:
256,192,4030,1,0,0:0:0:0:
182,192,4081,128,0,4485:0:0:0:0:
402,192,4081,1,0,0:0:0:0:
475,192,4182,1,0,0:0:0:0:
256,192,4283,1,0,0:0:0:0:
36,192,4384,1,0,0:0:0:0:
402,192,4485,1,0,0:0:0:0:
329,192,4586,1,0,0:0:0:0:
109,192,4586,1,0,0:0:0:0:
402,192,4636,1,0,0:0:0:0:
475,192,4687,128,0,5091:0:0:0:0:
256,192,4687,1,0,0:0:0:0:
109,192,4788,1,0,0:0:0:0:
36,192,4889,1,0,0:0:0:0:
182,192,4990,1,0,0:0:0:0:
329,192,5091,1,0,0:0:0:0:
182,192,5192,1,0,0:0:0:0:
475,192,5192,1,0,0:0:0:0:
109,192,5242,1,0,0:0:0:0:
36,192,5293,128,0,5697:0:0:0:0:
402,192,5293,1,0,0:0:0:0:
256,192,5394,1,0,0:0:0:0:
475,192,5495,1,0,0:0:0:0:
329,192,5596,1,0,0:0:0:0:
182,192,5697,1,0,0:0:0:0:
36,192,5798,1,0,0:0:0:0:
256,192,5798,128,0,6808:0:0:0:0:
475,192,5798,1,0,0:0:0:0:
402,192,5899,1,0,0:0:0:0:
329,192,6000,1,0,0:0:0:0:
109,192,6101,1,0,0:0:0:0:
402,192,6101,1,0,0:0:0:0:
329,192,6202,1,0,0:0:0:0:
36,192,6253,1,0,0:0:0:0:
182,192,6303,1,0,0:0:0:0:
402,192,6303,1,0,0:0:0:0:
475,192,6404,1,0,0:0:0:0:
402,192,6505,1,0,0:0:0:0:
329,192,6606,1,0,0:0:0:0:
109,192,6606,1,0,0:0:0:0:
36,192,6606,1,0,0:0:0:0:
402,192,6707,1,0,0:0:0:0:
329,192,6808,1,0,0:0:0:0:
36,192,6808,1,0,0:0:0:0:
182,192,6909,128,0,8121:0:0:0:0:
402,192,6909,1,0,0:0:0:0:
475,192,7010,1,0,0:0:0:0:
256,192,7010,1,0,0:0:0:0:
36,192,7111,1,0,0:0:0:0:
402,192,7111,1,0,0:0:0:0:
329,192,7212,1,0,0:0:0:0:
109,192,7313,1,0,0:0:0:0:
402,192,7313,1,0,0:0:0:0:
329,192,7414,1,0,0:0:0:0:
402,192,7515,1,0,0:0:0:0:
475,192,7616,1,0,0:0:0:0:
256,192,7616,1,0,0:0:0:0:
36,192,7717,1,0,0:0:0:0:
402,192,7717,1,0,0:0:0:0:
329,192,7818,1,0,0:0:0:0:
109,192,7919,1,0,0:0:0:0:
402,192,7919,1,0,0:0:0:0:
475,192,8020,1,0,0:0:0:0:
256,192,8121,1,0,0:0:0:0:
402,192,8222,1,0,0:0:0:0:
36,192,8222,128,0,8525:0:0:0:0:
109,192,8222,1,0,0:0:0:0:
329,192,8323,1,0,0:0:0:0:
256,192,8424,1,0,0:0:0:0:
329,192,8525,128,0,8828:0:0:0:0:
475,192,8525,1,0,0:0:0:0:
109,192,8626,1,0,0:0:0:0:
182,192,8677,128,0,8828:0:0:0:0:
402,192,8727,1,0,0:0:0:0:
256,192,8828,1,0,0:0:0:0:
36,192,8929,1,0,0:0:0:0:
402,192,8980,128,0,9434:0:0:0:0:
329,192,8980,1,0,0:0:0:0:
182,192,9030,1,0,0:0:0:0:
256,192,9131,1,0,0:0:0:0:
475,192,9131,1,0,0:0:0:0:
329,192,9232,1,0,0:0:0:0:
109,192,9283,128,0,9434:0:0:0:0:
182,192,9333,1,0,0:0:0:0:
36,192,9434,5,0,0:0:0:0:
256,192,9434,1,0,0:0:0:0:
475,192,9434,1,0,0:0:0:0:
402,192,9485,1,0,0:0:0:0:
109,192,9485,1,0,0:0:0:0:
182,192,9535,1,0,0:0:0:0:
329,192,9535,1,0,0:0:0:0:
256,192,9586,1,0,0:0:0:0:
475,192,9636,1,0,0:0:0:0:
36,192,9636,1,0,0:0:0:0:
402,192,9687,1,0,0:0:0:0:
109,192,9687,1,0,0:0:0:0:
329,192,9737,1,0,0:0:0:0:
182,192,9737,1,0,0:0:0:0:
402,192,9788,1,0,0:0:0:0:
109,192,9788,1,0,0:0:0:0:
475,192,9838,1,0,0:0:0:0:
36,192,9838,1,0,0:0:0:0:
256,192,9889,1,0,0:0:0:0:
182,192,9939,1,0,0:0:0:0:
329,192,9939,1,0,0:0:0:0:
402,192,9990,1,0,0:0:0:0:
109,192,9990,1,0,0:0:0:0:
36,192,10040,128,0,10570:0:0:0:0:
256,192,10040,128,0,10570:0:0:0:0:
475,192,10040,128,0,10570:0:0:0:0:
475,192,10646,128,0,11025:0:0:0:0:
329,192,10646,128,0,11177:0:0:0:0:
402,192,10646,128,0,11025:0:0:0:0:
182,192,10646,1,0,0:0:0:0:
256,192,10646,1,0,0:0:0:0:
36,192,10646,128,0,10949:0:0:0:0:
109,192,10747,128,0,10848:0:0:0:0:
182,192,10848,128,0,11177:0:0:0:0:
109,192,10949,128,0,11177:0:0:0:0:
36,192,11051,128,0,11177:0:0:0:0:
475,192,11101,1,0,0:0:0:0:
402,192,11101,1,0,0:0:0:0:
475,192,11177,1,0,0:0:0:0:
402,192,11177,1,0,0:0:0:0:
36,192,11253,1,0,0:0:0:0:
329,192,11253,1,0,0:0:0:0:
256,192,11253,1,0,0:0:0:0:
182,192,11253,1,0,0:0:0:0:
109,192,11253,1,0,0:0:0:0:
402,192,11404,128,0,12061:0:0:0:0:
475,192,11404,1,0,0:0:0:0:
256,192,11404,128,0,12389:0:0:0:0:
36,192,11859,128,0,12237:0:0:0:0:
109,192,11859,128,0,12237:0:0:0:0:
329,192,11859,128,0,12162:0:0:0:0:
475,192,12061,128,0,12389:0:0:0:0:
402,192,12162,128,0,12389:0:0:0:0:
329,192,12263,128,0,12389:0:0:0:0:
109,192,12313,1,0,0:0:0:0:
36,192,12313,1,0,0:0:0:0:
109,192,12389,1,0,0:0:0:0:
36,192,12389,1,0,0:0:0:0:
475,192,12465,1,0,0:0:0:0:
402,192,12465,1,0,0:0:0:0:
329,192,12465,1,0,0:0:0:0:
256,192,12465,1,0,0:0:0:0:
182,192,12465,1,0,0:0:0:0:
256,192,12768,1,0,0:0:0:0:
36,192,12768,1,0,0:0:0:0:
329,192,12869,1,0,0:0:0:0:
109,192,12869,1,0,0:0:0:0:
402,192,12970,1,0,0:0:0:0:
182,192,12970,1,0,0:0:0:0:
36,192,13071,128,0,13449:0:0:0:0:
182,192,13071,128,0,13601:0:0:0:0:
109,192,13071,128,0,13449:0:0:0:0:
475,192,13071,128,0,13374:0:0:0:0:
256,192,13071,1,0,0:0:0:0:
329,192,13071,1,0,0:0:0:0:
402,192,13172,128,0,13273:0:0:0:0:
329,192,13273,128,0,13601:0:0:0:0:
402,192,13374,128,0,13601:0:0:0:0:
475,192,13475,128,0,13601:0:0:0:0:
36,192,13525,1,0,0:0:0:0:
109,192,13525,1,0,0:0:0:0:
36,192,13601,1,0,0:0:0:0:
109,192,13601,1,0,0:0:0:0:
402,192,13677,1,0,0:0:0:0:
329,192,13677,1,0,0:0:0:0:
256,192,13677,1,0,0:0:0:0:
475,192,13677,1,0,0:0:0:0:
182,192,13677,1,0,0:0:0:0:
475,192,13879,1,0,0:0:0:0:
36,192,13879,1,0,0:0:0:0:
402,192,13980,1,0,0:0:0:0:
109,192,13980,1,0,0:0:0:0:
329,192,14081,1,0,0:0:0:0:
182,192,14081,1,0,0:0:0:0:
475,192,14182,1,0,0:0:0:0:
256,192,14182,1,0,0:0:0:0:
402,192,14283,1,0,0:0:0:0:
36,192,14283,1,0,0:0:0:0:
109,192,14384,1,0,0:0:0:0:
329,192,14384,1,0,0:0:0:0:
182,192,14485,1,0,0:0:0:0:
402,192,14485,1,0,0:0:0:0:
109,192,14586,1,0,0:0:0:0:
475,192,14586,1,0,0:0:0:0:
36,192,14687,1,0,0:0:0:0:
256,192,14687,1,0,0:0:0:0:
109,192,14788,1,0,0:0:0:0:
329,192,14788,1,0,0:0:0:0:
256,192,14889,1,0,0:0:0:0:
402,192,14889,1,0,0:0:0:0:
182,192,14990,1,0,0:0:0:0:
475,192,14990,1,0,0:0:0:0:
402,192,15091,1,0,0:0:0:0:
36,192,15091,1,0,0:0:0:0:
109,192,15192,1,0,0:0:0:0:
329,192,15192,1,0,0:0:0:0:
182,192,15293,1,0,0:0:0:0:
475,192,15293,1,0,0:0:0:0:
402,192,15394,1,0,0:0:0:0:
109,192,15394,1,0,0:0:0:0:
475,192,15495,1,0,0:0:0:0:
329,192,15495,1,0,0:0:0:0:
182,192,15495,128,0,15722:0:0:0:0:
256,192,15495,128,0,15874:0:0:0:0:
36,192,15495,128,0,15571:0:0:0:0:
109,192,15495,128,0,15571:0:0:0:0:
402,192,15596,1,0,0:0:0:0:
36,192,15646,128,0,16025:0:0:0:0:
109,192,15646,128,0,15722:0:0:0:0:
475,192,15697,1,0,0:0:0:0:
402,192,15798,1,0,0:0:0:0:
109,192,15798,128,0,16025:0:0:0:0:
182,192,15798,128,0,15874:0:0:0:0:
329,192,15899,1,0,0:0:0:0:
182,192,15949,128,0,16177:0:0:0:0:
256,192,15949,128,0,16328:0:0:0:0:
402,192,16000,1,0,0:0:0:0:
475,192,16101,1,0,0:0:0:0:
36,192,16101,128,0,16480:0:0:0:0:
109,192,16101,128,0,16177:0:0:0:0:
402,192,16202,1,0,0:0:0:0:
109,192,16253,128,0,16480:0:0:0:0:
182,192,16253,128,0,16328:0:0:0:0:
329,192,16303,1,0,0:0:0:0:
402,192,16404,1,0,0:0:0:0:
182,192,16404,128,0,16631:0:0:0:0:
256,192,16404,128,0,16631:0:0:0:0:
475,192,16505,1,0,0:0:0:0:
36,192,16556,128,0,16631:0:0:0:0:
109,192,16556,128,0,16631:0:0:0:0:
402,192,16606,1,0,0:0:0:0:
36,192,16707,1,0,0:0:0:0:
329,192,16707,128,0,16934:0:0:0:0:
475,192,16707,128,0,16783:0:0:0:0:
256,192,16707,128,0,17086:0:0:0:0:
402,192,16707,128,0,16783:0:0:0:0:
182,192,16707,1,0,0:0:0:0:
109,192,16808,1,0,0:0:0:0:
475,192,16859,128,0,17237:0:0:0:0:
402,192,16859,128,0,16934:0:0:0:0:
36,192,16909,1,0,0:0:0:0:
329,192,17010,128,0,17086:0:0:0:0:
402,192,17010,128,0,17237:0:0:0:0:
109,192,17010,1,0,0:0:0:0:
182,192,17111,1,0,0:0:0:0:
256,192,17162,128,0,17540:0:0:0:0:
329,192,17162,128,0,17389:0:0:0:0:
109,192,17212,1,0,0:0:0:0:
475,192,17313,128,0,17692:0:0:0:0:
36,192,17313,1,0,0:0:0:0:
402,192,17313,128,0,17389:0:0:0:0:
109,192,17414,1,0,0:0:0:0:
402,192,17465,128,0,17692:0:0:0:0:
329,192,17465,128,0,17540:0:0:0:0:
182,192,17515,1,0,0:0:0:0:
329,192,17616,128,0,17843:0:0:0:0:
256,192,17616,128,0,17843:0:0:0:0:
109,192,17616,1,0,0:0:0:0:
36,192,17717,1,0,0:0:0:0:
475,192,17768,128,0,17843:0:0:0:0:
402,192,17768,128,0,17843:0:0:0:0:
109,192,17818,1,0,0:0:0:0:
36,192,17919,1,0,0:0:0:0:
109,192,17919,1,0,0:0:0:0:
182,192,17919,128,0,18121:0:0:0:0:
475,192,17995,1,0,0:0:0:0:
402,192,17995,1,0,0:0:0:0:
256,192,18020,128,0,18222:0:0:0:0:
109,192,18071,1,0,0:0:0:0:
36,192,18071,1,0,0:0:0:0:
329,192,18121,128,0,18323:0:0:0:0:
475,192,18146,1,0,0:0:0:0:
402,192,18146,1,0,0:0:0:0:
109,192,18222,1,0,0:0:0:0:
36,192,18222,1,0,0:0:0:0:
182,192,18222,128,0,18424:0:0:0:0:
402,192,18298,1,0,0:0:0:0:
475,192,18298,1,0,0:0:0:0:
256,192,18323,128,0,18525:0:0:0:0:
109,192,18374,1,0,0:0:0:0:
36,192,18374,1,0,0:0:0:0:
329,192,18424,128,0,18626:0:0:0:0:
475,192,18449,1,0,0:0:0:0:
402,192,18449,1,0,0:0:0:0:
36,192,18525,1,0,0:0:0:0:
109,192,18525,1,0,0:0:0:0:
182,192,18525,128,0,18727:0:0:0:0:
475,192,18601,1,0,0:0:0:0:
402,192,18601,1,0,0:0:0:0:
256,192,18626,128,0,18828:0:0:0:0:
36,192,18677,1,0,0:0:0:0:
109,192,18677,1,0,0:0:0:0:
329,192,18727,128,0,18929:0:0:0:0:
402,192,18753,1,0,0:0:0:0:
475,192,18753,1,0,0:0:0:0:
109,192,18828,1,0,0:0:0:0:
36,192,18828,1,0,0:0:0:0:
182,192,18828,1,0,0:0:0:0:
402,192,18904,1,0,0:0:0:0:
475,192,18904,1,0,0:0:0:0:
256,192,18929,1,0,0:0:0:0:
109,192,18980,1,0,0:0:0:0:
36,192,18980,1,0,0:0:0:0:
329,192,19030,1,0,0:0:0:0:
475,192,19056,1,0,0:0:0:0:
402,192,19056,1,0,0:0:0:0:
36,192,19131,128,0,20268:0:0:0:0:
475,192,19131,128,0,20268:0:0:0:0:
182,192,19131,128,0,19737:0:0:0:0:
329,192,19131,128,0,19889:0:0:0:0:
109,192,19737,1,0,0:0:0:0:
182,192,19813,128,0,19965:0:0:0:0:
256,192,19889,1,0,0:0:0:0:
329,192,19965,128,0,20116:0:0:0:0:
109,192,19965,1,0,0:0:0:0:
182,192,20040,1,0,0:0:0:0:
402,192,20040,1,0,0:0:0:0:
256,192,20116,1,0,0:0:0:0:
329,192,20192,1,0,0:0:0:0:
402,192,20268,1,0,0:0:0:0:
182,192,20343,128,0,20722:0:0:0:0:
36,192,20343,1,0,0:0:0:0:
109,192,20343,1,0,0:0:0:0:
475,192,20343,1,0,0:0:0:0:
329,192,20343,1,0,0:0:0:0:
329,192,20495,128,0,20874:0:0:0:0:
402,192,20495,1,0,0:0:0:0:
256,192,20571,1,0,0:0:0:0:
109,192,20646,1,0,0:0:0:0:
475,192,20646,128,0,21328:0:0:0:0:
36,192,20646,1,0,0:0:0:0:
402,192,20798,128,0,21328:0:0:0:0:
182,192,20798,1,0,0:0:0:0:
256,192,20874,1,0,0:0:0:0:
109,192,20949,1,0,0:0:0:0:
36,192,20949,1,0,0:0:0:0:
329,192,20949,1,0,0:0:0:0:
256,192,21101,128,0,21480:0:0:0:0:
182,192,21101,1,0,0:0:0:0:
329,192,21177,1,0,0:0:0:0:
36,192,21253,1,0,0:0:0:0:
109,192,21253,1,0,0:0:0:0:
402,192,21404,1,0,0:0:0:0:
109,192,21404,128,0,21783:0:0:0:0:
475,192,21404,1,0,0:0:0:0:
182,192,21480,1,0,0:0:0:0:
36,192,21556,1,0,0:0:0:0:
475,192,21556,1,0,0:0:0:0:
329,192,21556,1,0,0:0:0:0:
256,192,21556,1,0,0:0:0:0:
256,192,21707,1,0,0:0:0:0:
475,192,21707,1,0,0:0:0:0:
182,192,21783,1,0,0:0:0:0:
402,192,21783,1,0,0:0:0:0:
329,192,21859,128,0,21934:0:0:0:0:
36,192,21859,1,0,0:0:0:0:
109,192,21859,1,0,0:0:0:0:
475,192,22010,128,0,22768:0:0:0:0:
329,192,22010,1,0,0:0:0:0:
182,192,22010,1,0,0:0:0:0:
109,192,22086,1,0,0:0:0:0:
402,192,22086,1,0,0:0:0:0:
36,192,22162,1,0,0:0:0:0:
256,192,22162,1,0,0:0:0:0:
329,192,22313,128,0,22540:0:0:0:0:
109,192,22313,1,0,0:0:0:0:
256,192,22389,1,0,0:0:0:0:
36,192,22465,1,0,0:0:0:0:
109,192,22465,128,0,22692:0:0:0:0:
402,192,22465,1,0,0:0:0:0:
182,192,22540,1,0,0:0:0:0:
256,192,22616,128,0,22768:0:0:0:0:
402,192,22616,1,0,0:0:0:0:
329,192,22616,1,0,0:0:0:0:
109,192,22768,1,0,0:0:0:0:
36,192,22768,128,0,23146:0:0:0:0:
182,192,22768,1,0,0:0:0:0:
182,192,22919,128,0,23298:0:0:0:0:
256,192,22919,1,0,0:0:0:0:
475,192,22919,1,0,0:0:0:0:
329,192,22995,1,0,0:0:0:0:
402,192,23071,128,0,23449:0:0:0:0:
109,192,23071,1,0,0:0:0:0:
475,192,23071,1,0,0:0:0:0:
256,192,23222,128,0,23601:0:0:0:0:
329,192,23222,1,0,0:0:0:0:
475,192,23222,1,0,0:0:0:0:
36,192,23222,1,0,0:0:0:0:
36,192,23374,1,0,0:0:0:0:
109,192,23374,1,0,0:0:0:0:
182,192,23374,1,0,0:0:0:0:
182,192,23525,128,0,23904:0:0:0:0:
402,192,23525,1,0,0:0:0:0:
475,192,23525,1,0,0:0:0:0:
329,192,23601,1,0,0:0:0:0:
36,192,23677,1,0,0:0:0:0:
109,192,23677,1,0,0:0:0:0:
256,192,23677,1,0,0:0:0:0:
36,192,23828,128,0,25116:0:0:0:0:
329,192,23828,1,0,0:0:0:0:
475,192,23828,1,0,0:0:0:0:
402,192,23904,1,0,0:0:0:0:
256,192,23980,1,0,0:0:0:0:
329,192,23980,1,0,0:0:0:0:
182,192,23980,1,0,0:0:0:0:
475,192,24131,1,0,0:0:0:0:
256,192,24131,128,0,24965:0:0:0:0:
329,192,24207,1,0,0:0:0:0:
182,192,24283,1,0,0:0:0:0:
109,192,24283,1,0,0:0:0:0:
475,192,24434,128,0,25419:0:0:0:0:
329,192,24434,1,0,0:0:0:0:
182,192,24510,1,0,0:0:0:0:
109,192,24586,128,0,25192:0:0:0:0:
402,192,24586,1,0,0:0:0:0:
329,192,24737,1,0,0:0:0:0:
402,192,24813,128,0,25495:0:0:0:0:
182,192,24889,1,0,0:0:0:0:
256,192,25040,128,0,25343:0:0:0:0:
329,192,25040,1,0,0:0:0:0:
182,192,25192,1,0,0:0:0:0:
36,192,25192,128,0,25419:0:0:0:0:
109,192,25268,128,0,25495:0:0:0:0:
182,192,25343,128,0,25571:0:0:0:0:
256,192,25419,128,0,25646:0:0:0:0:
475,192,25495,128,0,25722:0:0:0:0:
329,192,25495,1,0,0:0:0:0:
402,192,25571,128,0,25798:0:0:0:0:
329,192,25646,128,0,25874:0:0:0:0:
36,192,25646,1,0,0:0:0:0:
256,192,25722,128,0,25949:0:0:0:0:
36,192,25798,128,0,26025:0:0:0:0:
182,192,25798,1,0,0:0:0:0:
109,192,25874,128,0,26101:0:0:0:0:
182,192,25949,128,0,26177:0:0:0:0:
475,192,25949,1,0,0:0:0:0:
256,192,26025,128,0,26253:0:0:0:0:
475,192,26101,128,0,26328:0:0:0:0:
329,192,26101,1,0,0:0:0:0:
402,192,26177,128,0,26404:0:0:0:0:
182,192,26253,128,0,26480:0:0:0:0:
36,192,26253,1,0,0:0:0:0:
109,192,26328,128,0,26556:0:0:0:0:
36,192,26404,128,0,26631:0:0:0:0:
256,192,26404,1,0,0:0:0:0:
329,192,26480,128,0,26707:0:0:0:0:
475,192,26556,128,0,26783:0:0:0:0:
182,192,26556,1,0,0:0:0:0:
256,192,26631,128,0,26859:0:0:0:0:
36,192,26707,128,0,26934:0:0:0:0:
402,192,26707,1,0,0:0:0:0:
182,192,26859,128,0,27086:0:0:0:0:
329,192,26859,1,0,0:0:0:0:
256,192,26934,128,0,27162:0:0:0:0:
329,192,27010,128,0,27237:0:0:0:0:
402,192,27010,1,0,0:0:0:0:
475,192,27086,128,0,27313:0:0:0:0:
182,192,27162,128,0,27389:0:0:0:0:
36,192,27162,1,0,0:0:0:0:
109,192,27237,128,0,27465:0:0:0:0:
36,192,27313,128,0,27540:0:0:0:0:
256,192,27313,1,0,0:0:0:0:
329,192,27389,128,0,27540:0:0:0:0:
402,192,27465,128,0,27616:0:0:0:0:
256,192,27465,1,0,0:0:0:0:
475,192,27540,128,0,27692:0:0:0:0:
36,192,27616,128,0,28146:0:0:0:0:
182,192,27616,128,0,27843:0:0:0:0:
329,192,27616,128,0,27843:0:0:0:0:
256,192,27616,1,0,0:0:0:0:
109,192,27768,128,0,27995:0:0:0:0:
256,192,27768,128,0,27995:0:0:0:0:
402,192,27768,128,0,27995:0:0:0:0:
182,192,27919,128,0,28222:0:0:0:0:
329,192,27919,128,0,28298:0:0:0:0:
475,192,27919,128,0,28374:0:0:0:0:
109,192,28071,128,0,28146:0:0:0:0:
256,192,28071,128,0,28222:0:0:0:0:
402,192,28071,128,0,28298:0:0:0:0:
109,192,28222,1,0,0:0:0:0:
36,192,28222,128,0,28449:0:0:0:0:
182,192,28298,128,0,28525:0:0:0:0:
256,192,28298,1,0,0:0:0:0:
329,192,28374,128,0,28601:0:0:0:0:
402,192,28374,1,0,0:0:0:0:
475,192,28449,128,0,28677:0:0:0:0:
36,192,28525,1,0,0:0:0:0:
109,192,28525,128,0,28601:0:0:0:0:
182,192,28601,1,0,0:0:0:0:
256,192,28601,128,0,28677:0:0:0:0:
329,192,28677,1,0,0:0:0:0:
402,192,28677,128,0,28753:0:0:0:0:
475,192,28753,1,0,0:0:0:0:
36,192,28828,1,0,0:0:0:0:
475,192,28828,1,0,0:0:0:0:
109,192,28866,1,0,0:0:0:0:
402,192,28866,1,0,0:0:0:0:
182,192,28904,1,0,0:0:0:0:
329,192,28904,1,0,0:0:0:0:
256,192,28942,1,0,0:0:0:0:
329,192,28980,1,0,0:0:0:0:
182,192,28980,1,0,0:0:0:0:
402,192,29018,1,0,0:0:0:0:
109,192,29018,1,0,0:0:0:0:
475,192,29056,1,0,0:0:0:0:
36,192,29056,1,0,0:0:0:0:
36,192,29131,128,0,29813:0:0:0:0:
475,192,29131,128,0,29813:0:0:0:0:
109,192,29131,128,0,29586:0:0:0:0:
402,192,29131,128,0,29586:0:0:0:0:
256,192,29131,1,0,0:0:0:0:
182,192,29434,128,0,29813:0:0:0:0:
329,192,29434,128,0,29813:0:0:0:0:
256,192,29434,128,0,29586:0:0:0:0:
402,192,29662,128,0,29965:0:0:0:0:
109,192,29662,128,0,29965:0:0:0:0:
256,192,29662,128,0,29813:0:0:0:0:
329,192,29889,128,0,29965:0:0:0:0:
256,192,29889,128,0,29965:0:0:0:0:
182,192,29889,128,0,29965:0:0:0:0:
36,192,29889,128,0,29965:0:0:0:0:
475,192,29889,128,0,29965:0:0:0:0:
475,192,30040,1,0,0:0:0:0:
36,192,30040,128,0,30571:0:0:0:0:
256,192,30040,1,0,0:0:0:0:
402,192,30040,1,0,0:0:0:0:
109,192,30040,1,0,0:0:0:0:
182,192,30192,128,0,30571:0:0:0:0:
329,192,30343,128,0,30646:0:0:0:0:
402,192,30343,1,0,0:0:0:0:
475,192,30343,128,0,30646:0:0:0:0:
109,192,30343,1,0,0:0:0:0:
256,192,30495,128,0,30571:0:0:0:0:
36,192,30646,1,0,0:0:0:0:
109,192,30646,1,0,0:0:0:0:
182,192,30646,128,0,30874:0:0:0:0:
256,192,30646,1,0,0:0:0:0:
329,192,30798,128,0,31025:0:0:0:0:
475,192,30798,1,0,0:0:0:0:
36,192,30949,128,0,31177:0:0:0:0:
182,192,30949,128,0,31177:0:0:0:0:
256,192,30949,1,0,0:0:0:0:
329,192,31101,128,0,31177:0:0:0:0:
475,192,31101,128,0,31177:0:0:0:0:
256,192,31101,1,0,0:0:0:0:
36,192,31253,1,0,0:0:0:0:
182,192,31253,1,0,0:0:0:0:
329,192,31253,1,0,0:0:0:0:
475,192,31253,1,0,0:0:0:0:
109,192,31404,128,0,31631:0:0:0:0:
402,192,31404,128,0,31631:0:0:0:0:
256,192,31556,128,0,31783:0:0:0:0:
36,192,31556,1,0,0:0:0:0:
475,192,31556,1,0,0:0:0:0:
109,192,31707,1,0,0:0:0:0:
402,192,31707,1,0,0:0:0:0:
182,192,31707,1,0,0:0:0:0:
329,192,31707,1,0,0:0:0:0:
256,192,31859,128,0,32313:0:0:0:0:
36,192,31859,1,0,0:0:0:0:
475,192,31859,1,0,0:0:0:0:
109,192,31859,128,0,32313:0:0:0:0:
402,192,31859,128,0,32313:0:0:0:0:
182,192,32010,1,0,0:0:0:0:
475,192,32010,1,0,0:0:0:0:
36,192,32162,1,0,0:0:0:0:
329,192,32162,1,0,0:0:0:0:
475,192,32313,1,0,0:0:0:0:
182,192,32313,1,0,0:0:0:0:
109,192,32465,1,0,0:0:0:0:
475,192,32465,128,0,32995:0:0:0:0:
36,192,32465,128,0,32692:0:0:0:0:
256,192,32465,1,0,0:0:0:0:
402,192,32465,1,0,0:0:0:0:
329,192,32616,128,0,32995:0:0:0:0:
109,192,32616,1,0,0:0:0:0:
256,192,32616,1,0,0:0:0:0:
402,192,32616,1,0,0:0:0:0:
182,192,32768,128,0,33071:0:0:0:0:
109,192,32768,1,0,0:0:0:0:
36,192,32768,128,0,33071:0:0:0:0:
402,192,32768,1,0,0:0:0:0:
256,192,32768,1,0,0:0:0:0:
256,192,32919,128,0,32995:0:0:0:0:
475,192,33071,1,0,0:0:0:0:
402,192,33071,1,0,0:0:0:0:
329,192,33071,128,0,33298:0:0:0:0:
256,192,33071,1,0,0:0:0:0:
182,192,33222,128,0,33450:0:0:0:0:
36,192,33222,1,0,0:0:0:0:
475,192,33374,128,0,33601:0:0:0:0:
329,192,33374,128,0,33601:0:0:0:0:
256,192,33374,1,0,0:0:0:0:
182,192,33525,128,0,33601:0:0:0:0:
36,192,33525,128,0,33601:0:0:0:0:
256,192,33525,1,0,0:0:0:0:
475,192,33677,1,0,0:0:0:0:
36,192,33677,1,0,0:0:0:0:
329,192,33753,1,0,0:0:0:0:
182,192,33753,1,0,0:0:0:0:
402,192,33828,128,0,34056:0:0:0:0:
109,192,33828,128,0,34056:0:0:0:0:
36,192,33828,1,0,0:0:0:0:
475,192,33828,1,0,0:0:0:0:
256,192,33980,128,0,34207:0:0:0:0:
329,192,33980,1,0,0:0:0:0:
182,192,33980,1,0,0:0:0:0:
402,192,34131,1,0,0:0:0:0:
109,192,34131,1,0,0:0:0:0:
475,192,34131,1,0,0:0:0:0:
36,192,34131,1,0,0:0:0:0:
475,192,34283,1,0,0:0:0:0:
36,192,34283,128,0,34510:0:0:0:0:
256,192,34283,128,0,34434:0:0:0:0:
109,192,34359,128,0,34586:0:0:0:0:
329,192,34359,128,0,34586:0:0:0:0:
182,192,34434,128,0,34662:0:0:0:0:
402,192,34434,128,0,34662:0:0:0:0:
256,192,34510,1,0,0:0:0:0:
475,192,34510,128,0,34737:0:0:0:0:
36,192,34586,1,0,0:0:0:0:
256,192,34586,128,0,34737:0:0:0:0:
109,192,34662,1,0,0:0:0:0:
329,192,34662,1,0,0:0:0:0:
182,192,34737,1,0,0:0:0:0:
402,192,34737,1,0,0:0:0:0:
256,192,34813,1,0,0:0:0:0:
475,192,34813,1,0,0:0:0:0:
36,192,34889,128,0,35950:0:0:0:0:
182,192,34889,128,0,35950:0:0:0:0:
109,192,34889,1,0,0:0:0:0:
329,192,34889,1,0,0:0:0:0:
402,192,34889,1,0,0:0:0:0:
256,192,35040,1,0,0:0:0:0:
475,192,35040,1,0,0:0:0:0:
402,192,35040,1,0,0:0:0:0:
109,192,35192,1,0,0:0:0:0:
329,192,35192,1,0,0:0:0:0:
402,192,35192,1,0,0:0:0:0:
256,192,35343,1,0,0:0:0:0:
475,192,35343,1,0,0:0:0:0:
402,192,35343,1,0,0:0:0:0:
109,192,35495,1,0,0:0:0:0:
329,192,35495,1,0,0:0:0:0:
402,192,35495,1,0,0:0:0:0:
256,192,35646,1,0,0:0:0:0:
475,192,35646,1,0,0:0:0:0:
402,192,35646,1,0,0:0:0:0:
329,192,35798,128,0,36101:0:0:0:0:
109,192,35798,1,0,0:0:0:0:
402,192,35798,1,0,0:0:0:0:
256,192,35950,1,0,0:0:0:0:
475,192,35950,1,0,0:0:0:0:
402,192,35950,1,0,0:0:0:0:
109,192,36101,128,0,36707:0:0:0:0:
256,192,36101,128,0,37162:0:0:0:0:
36,192,36101,1,0,0:0:0:0:
182,192,36101,1,0,0:0:0:0:
402,192,36101,1,0,0:0:0:0:
329,192,36253,1,0,0:0:0:0:
475,192,36253,1,0,0:0:0:0:
402,192,36253,1,0,0:0:0:0:
36,192,36404,1,0,0:0:0:0:
182,192,36404,1,0,0:0:0:0:
402,192,36404,1,0,0:0:0:0:
329,192,36556,1,0,0:0:0:0:
475,192,36556,1,0,0:0:0:0:
402,192,36556,1,0,0:0:0:0:
475,192,36707,128,0,37162:0:0:0:0:
36,192,36707,1,0,0:0:0:0:
182,192,36707,1,0,0:0:0:0:
402,192,36707,1,0,0:0:0:0:
182,192,36859,1,0,0:0:0:0:
402,192,36859,1,0,0:0:0:0:
329,192,36859,1,0,0:0:0:0:
36,192,37010,1,0,0:0:0:0:
109,192,37010,1,0,0:0:0:0:
402,192,37010,1,0,0:0:0:0:
182,192,37162,1,0,0:0:0:0:
402,192,37162,1,0,0:0:0:0:
329,192,37162,1,0,0:0:0:0:
475,192,37313,128,0,37540:0:0:0:0:
256,192,37313,128,0,37540:0:0:0:0:
36,192,37313,1,0,0:0:0:0:
182,192,37389,128,0,37616:0:0:0:0:
402,192,37389,128,0,37616:0:0:0:0:
329,192,37465,128,0,37692:0:0:0:0:
109,192,37465,128,0,37692:0:0:0:0:
36,192,37540,128,0,37768:0:0:0:0:
256,192,37616,128,0,37843:0:0:0:0:
475,192,37616,1,0,0:0:0:0:
402,192,37692,1,0,0:0:0:0:
182,192,37692,1,0,0:0:0:0:
109,192,37768,1,0,0:0:0:0:
329,192,37768,128,0,37995:0:0:0:0:
36,192,37843,128,0,38071:0:0:0:0:
402,192,37843,128,0,37919:0:0:0:0:
475,192,37919,128,0,38146:0:0:0:0:
256,192,37919,128,0,38146:0:0:0:0:
109,192,37919,128,0,37995:0:0:0:0:
182,192,37995,128,0,38222:0:0:0:0:
402,192,37995,128,0,38222:0:0:0:0:
329,192,38071,128,0,38298:0:0:0:0:
109,192,38071,128,0,38298:0:0:0:0:
36,192,38146,128,0,38374:0:0:0:0:
256,192,38222,128,0,38450:0:0:0:0:
475,192,38222,1,0,0:0:0:0:
182,192,38298,1,0,0:0:0:0:
402,192,38298,1,0,0:0:0:0:
329,192,38374,1,0,0:0:0:0:
109,192,38374,1,0,0:0:0:0:
36,192,38450,1,0,0:0:0:0:
475,192,38525,1,0,0:0:0:0:
256,192,38525,1,0,0:0:0:0:
402,192,38601,1,0,0:0:0:0:
475,192,38601,128,0,39131:0:0:0:0:
329,192,38677,1,0,0:0:0:0:
402,192,38677,128,0,39056:0:0:0:0:
256,192,38753,1,0,0:0:0:0:
329,192,38753,128,0,38980:0:0:0:0:
182,192,38828,1,0,0:0:0:0:
256,192,38828,128,0,39359:0:0:0:0:
109,192,38904,1,0,0:0:0:0:
182,192,38904,128,0,39434:0:0:0:0:
109,192,38980,128,0,39359:0:0:0:0:
36,192,38980,1,0,0:0:0:0:
36,192,39056,128,0,39283:0:0:0:0:
329,192,39056,128,0,39283:0:0:0:0:
402,192,39131,1,0,0:0:0:0:
475,192,39207,1,0,0:0:0:0:
402,192,39283,1,0,0:0:0:0:
329,192,39359,1,0,0:0:0:0:
36,192,39359,128,0,39586:0:0:0:0:
256,192,39434,1,0,0:0:0:0:
109,192,39434,1,0,0:0:0:0:
182,192,39510,1,0,0:0:0:0:
109,192,39586,1,0,0:0:0:0:
36,192,39662,1,0,0:0:0:0:
36,192,39737,128,0,40874:0:0:0:0:
109,192,39737,128,0,39965:0:0:0:0:
256,192,39737,128,0,39965:0:0:0:0:
109,192,40040,128,0,40874:0:0:0:0:
182,192,40040,128,0,40268:0:0:0:0:
329,192,40040,128,0,40268:0:0:0:0:
182,192,40343,128,0,40874:0:0:0:0:
256,192,40343,128,0,40571:0:0:0:0:
402,192,40343,128,0,40571:0:0:0:0:
256,192,40646,128,0,40874:0:0:0:0:
329,192,40646,128,0,41177:0:0:0:0:
475,192,40646,128,0,41783:0:0:0:0:
182,192,40950,128,0,41480:0:0:0:0:
36,192,40950,128,0,42086:0:0:0:0:
256,192,40950,128,0,41177:0:0:0:0:
329,192,41253,128,0,41480:0:0:0:0:
256,192,41253,128,0,41783:0:0:0:0:
109,192,41253,128,0,42086:0:0:0:0:
182,192,41556,128,0,42086:0:0:0:0:
329,192,41556,128,0,42389:0:0:0:0:
402,192,41556,128,0,41783:0:0:0:0:
256,192,41859,128,0,42086:0:0:0:0:
402,192,41859,128,0,42692:0:0:0:0:
475,192,41859,128,0,42995:0:0:0:0:
109,192,42162,1,0,0:0:0:0:
36,192,42162,128,0,43298:0:0:0:0:
256,192,42162,1,0,0:0:0:0:
182,192,42162,128,0,42389:0:0:0:0:
182,192,42465,1,0,0:0:0:0:
329,192,42465,1,0,0:0:0:0:
109,192,42465,128,0,43298:0:0:0:0:
256,192,42465,128,0,42692:0:0:0:0:
256,192,42768,1,0,0:0:0:0:
402,192,42768,1,0,0:0:0:0:
182,192,42768,128,0,43601:0:0:0:0:
329,192,42768,128,0,42995:0:0:0:0:
329,192,43071,1,0,0:0:0:0:
475,192,43071,1,0,0:0:0:0:
256,192,43071,128,0,43298:0:0:0:0:
402,192,43071,128,0,43601:0:0:0:0:
109,192,43374,1,0,0:0:0:0:
256,192,43374,1,0,0:0:0:0:
329,192,43374,128,0,44207:0:0:0:0:
36,192,43374,128,0,44207:0:0:0:0:
402,192,43677,1,0,0:0:0:0:
256,192,43677,1,0,0:0:0:0:
182,192,43677,128,0,44207:0:0:0:0:
475,192,43677,128,0,44207:0:0:0:0:
109,192,43980,128,0,44207:0:0:0:0:
256,192,43980,128,0,44207:0:0:0:0:
402,192,43980,128,0,44207:0:0:0:0:
36,192,44283,1,0,0:0:0:0:
256,192,44283,1,0,0:0:0:0:
475,192,44283,1,0,0:0:0:0:
109,192,44359,1,0,0:0:0:0:
329,192,44359,1,0,0:0:0:0:
182,192,44434,1,0,0:0:0:0:
402,192,44434,1,0,0:0:0:0:
256,192,44510,1,0,0:0:0:0:
475,192,44510,1,0,0:0:0:0:
36,192,44586,1,0,0:0:0:0:
182,192,44586,128,0,44889:0:0:0:0:
109,192,44889,1,0,0:0:0:0:
329,192,44889,1,0,0:0:0:0:
256,192,45040,1,0,0:0:0:0:
402,192,45040,1,0,0:0:0:0:
475,192,45040,1,0,0:0:0:0:
182,192,45040,1,0,0:0:0:0:
36,192,45343,1,0,0:0:0:0:
475,192,45343,1,0,0:0:0:0:
182,192,45343,1,0,0:0:0:0:
329,192,45343,128,0,45722:0:0:0:0:
256,192,45722,1,0,0:0:0:0:
109,192,45722,1,0,0:0:0:0:
329,192,45798,1,0,0:0:0:0:
475,192,45798,1,0,0:0:0:0:
36,192,46101,1,0,0:0:0:0:
182,192,46101,1,0,0:0:0:0:
256,192,46253,1,0,0:0:0:0:
475,192,46253,1,0,0:0:0:0:
182,192,46556,1,0,0:0:0:0:
402,192,46556,1,0,0:0:0:0:
329,192,46556,1,0,0:0:0:0:
109,192,46859,1,0,0:0:0:0:
329,192,46859,1,0,0:0:0:0:
256,192,47010,1,0,0:0:0:0:
402,192,47010,1,0,0:0:0:0:
475,192,47010,1,0,0:0:0:0:
109,192,47313,1,0,0:0:0:0:
329,192,47313,1,0,0:0:0:0:
36,192,47465,1,0,0:0:0:0:
182,192,47465,1,0,0:0:0:0:
402,192,47465,1,0,0:0:0:0:
109,192,47768,1,0,0:0:0:0:
256,192,47768,1,0,0:0:0:0:
475,192,47768,1,0,0:0:0:0:
182,192,48071,1,0,0:0:0:0:
329,192,48071,1,0,0:0:0:0:
256,192,48146,1,0,0:0:0:0:
402,192,48146,1,0,0:0:0:0:
36,192,48222,1,0,0:0:0:0:
329,192,48222,1,0,0:0:0:0:
475,192,48222,1,0,0:0:0:0:
109,192,48222,1,0,0:0:0:0:
402,192,48525,1,0,0:0:0:0:
109,192,48677,1,0,0:0:0:0:
182,192,48677,1,0,0:0:0:0:
329,192,48677,1,0,0:0:0:0:
36,192,48980,1,0,0:0:0:0:
256,192,48980,1,0,0:0:0:0:
475,192,48980,1,0,0:0:0:0:
182,192,48980,1,0,0:0:0:0:
256,192,49283,1,0,0:0:0:0:
329,192,49283,1,0,0:0:0:0:
36,192,49434,1,0,0:0:0:0:
182,192,49434,1,0,0:0:0:0:
256,192,49434,1,0,0:0:0:0:
475,192,49434,1,0,0:0:0:0:
329,192,49586,1,0,0:0:0:0:
402,192,49586,1,0,0:0:0:0:
109,192,49737,1,0,0:0:0:0:
182,192,49737,1,0,0:0:0:0:
36,192,49737,1,0,0:0:0:0:
256,192,49889,128,0,50192:0:0:0:0:
402,192,49889,128,0,50192:0:0:0:0:
329,192,50192,1,0,0:0:0:0:
109,192,50343,1,0,0:0:0:0:
256,192,50343,1,0,0:0:0:0:
182,192,50495,1,0,0:0:0:0:
329,192,50495,1,0,0:0:0:0:
36,192,50646,1,0,0:0:0:0:
109,192,50646,1,0,0:0:0:0:
329,192,50798,128,0,51101:0:0:0:0:
475,192,50798,128,0,51101:0:0:0:0:
256,192,50950,1,0,0:0:0:0:
402,192,51101,1,0,0:0:0:0:
109,192,51253,1,0,0:0:0:0:
329,192,51253,1,0,0:0:0:0:
475,192,51404,1,0,0:0:0:0:
182,192,51404,1,0,0:0:0:0:
402,192,51404,1,0,0:0:0:0:
36,192,51556,1,0,0:0:0:0:
182,192,51688,1,0,0:0:0:0:
329,192,51707,1,0,0:0:0:0:
475,192,51726,1,0,0:0:0:0:
182,192,52010,1,0,0:0:0:0:
329,192,52010,1,0,0:0:0:0:
475,192,52010,1,0,0:0:0:0:
182,192,52162,1,0,0:0:0:0:
329,192,52162,1,0,0:0:0:0:
475,192,52162,1,0,0:0:0:0:
182,192,52313,1,0,0:0:0:0:
329,192,52313,1,0,0:0:0:0:
475,192,52313,1,0,0:0:0:0:
402,192,52465,1,0,0:0:0:0:
182,192,52465,1,0,0:0:0:0:
475,192,52484,1,0,0:0:0:0:
109,192,52616,1,0,0:0:0:0:
36,192,52616,1,0,0:0:0:0:
182,192,52692,1,0,0:0:0:0:
329,192,52692,1,0,0:0:0:0:
475,192,52768,1,0,0:0:0:0:
36,192,52919,1,0,0:0:0:0:
256,192,52919,1,0,0:0:0:0:
109,192,52919,1,0,0:0:0:0:
182,192,53071,1,0,0:0:0:0:
329,192,53071,1,0,0:0:0:0:
475,192,53071,1,0,0:0:0:0:
109,192,53298,1,0,0:0:0:0:
256,192,53298,1,0,0:0:0:0:
402,192,53298,1,0,0:0:0:0:
36,192,53525,1,0,0:0:0:0:
182,192,53525,1,0,0:0:0:0:
329,192,53525,1,0,0:0:0:0:
256,192,53677,1,0,0:0:0:0:
402,192,53677,1,0,0:0:0:0:
475,192,53677,1,0,0:0:0:0:
36,192,53980,1,0,0:0:0:0:
256,192,53980,1,0,0:0:0:0:
182,192,53980,128,0,54056:0:0:0:0:
475,192,53980,128,0,54131:0:0:0:0:
109,192,54056,1,0,0:0:0:0:
329,192,54056,1,0,0:0:0:0:
256,192,54056,128,0,54131:0:0:0:0:
36,192,54056,128,0,54207:0:0:0:0:
182,192,54131,1,0,0:0:0:0:
402,192,54131,1,0,0:0:0:0:
329,192,54131,128,0,54207:0:0:0:0:
256,192,54207,1,0,0:0:0:0:
475,192,54207,1,0,0:0:0:0:
109,192,54283,128,0,54813:0:0:0:0:
402,192,54283,128,0,54510:0:0:0:0:
36,192,54283,1,0,0:0:0:0:
329,192,54283,1,0,0:0:0:0:
256,192,54359,1,0,0:0:0:0:
182,192,54434,1,0,0:0:0:0:
256,192,54510,1,0,0:0:0:0:
475,192,54586,1,0,0:0:0:0:
402,192,54586,128,0,55116:0:0:0:0:
329,192,54586,1,0,0:0:0:0:
256,192,54662,1,0,0:0:0:0:
182,192,54737,1,0,0:0:0:0:
256,192,54813,1,0,0:0:0:0:
329,192,54889,1,0,0:0:0:0:
36,192,54889,1,0,0:0:0:0:
109,192,54889,128,0,55419:0:0:0:0:
256,192,54965,1,0,0:0:0:0:
182,192,55040,1,0,0:0:0:0:
256,192,55116,1,0,0:0:0:0:
475,192,55192,1,0,0:0:0:0:
402,192,55192,128,0,55495:0:0:0:0:
329,192,55192,1,0,0:0:0:0:
182,192,55268,1,0,0:0:0:0:
329,192,55343,1,0,0:0:0:0:
256,192,55343,128,0,55495:0:0:0:0:
182,192,55419,128,0,55495:0:0:0:0:
36,192,55495,128,0,56480:0:0:0:0:
475,192,55495,128,0,56480:0:0:0:0:
109,192,55495,1,0,0:0:0:0:
329,192,55571,1,0,0:0:0:0:
256,192,55646,1,0,0:0:0:0:
182,192,55722,1,0,0:0:0:0:
182,192,55798,128,0,56177:0:0:0:0:
402,192,55798,1,0,0:0:0:0:
109,192,55874,1,0,0:0:0:0:
329,192,55950,128,0,56253:0:0:0:0:
256,192,55950,1,0,0:0:0:0:
402,192,56025,1,0,0:0:0:0:
109,192,56101,1,0,0:0:0:0:
256,192,56253,128,0,57086:0:0:0:0:
182,192,56253,1,0,0:0:0:0:
402,192,56253,1,0,0:0:0:0:
109,192,56328,1,0,0:0:0:0:
329,192,56404,1,0,0:0:0:0:
402,192,56480,1,0,0:0:0:0:
36,192,56556,128,0,57768:0:0:0:0:
475,192,56556,128,0,57843:0:0:0:0:
109,192,56556,1,0,0:0:0:0:
182,192,56707,128,0,56934:0:0:0:0:
329,192,56707,128,0,57086:0:0:0:0:
402,192,56707,1,0,0:0:0:0:
109,192,56859,1,0,0:0:0:0:
182,192,57010,128,0,57162:0:0:0:0:
402,192,57010,1,0,0:0:0:0:
329,192,57162,128,0,57768:0:0:0:0:
256,192,57162,1,0,0:0:0:0:
109,192,57162,1,0,0:0:0:0:
109,192,57313,1,0,0:0:0:0:
182,192,57389,1,0,0:0:0:0:
402,192,57465,1,0,0:0:0:0:
256,192,57465,1,0,0:0:0:0:
109,192,57540,1,0,0:0:0:0:
182,192,57616,1,0,0:0:0:0:
256,192,57692,1,0,0:0:0:0:
109,192,57768,1,0,0:0:0:0:
182,192,57768,1,0,0:0:0:0:
329,192,57843,1,0,0:0:0:0:
402,192,57843,1,0,0:0:0:0:
36,192,57919,1,0,0:0:0:0:
475,192,57919,1,0,0:0:0:0:
256,192,57919,1,0,0:0:0:0:
109,192,57919,1,0,0:0:0:0:
402,192,57995,1,0,0:0:0:0:
182,192,57995,1,0,0:0:0:0:
109,192,58071,1,0,0:0:0:0:
329,192,58071,1,0,0:0:0:0:
256,192,58146,1,0,0:0:0:0:
36,192,58146,1,0,0:0:0:0:
329,192,58222,1,0,0:0:0:0:
475,192,58222,128,0,58753:0:0:0:0:
182,192,58222,1,0,0:0:0:0:
256,192,58298,1,0,0:0:0:0:
402,192,58298,128,0,58450:0:0:0:0:
182,192,58374,1,0,0:0:0:0:
329,192,58374,128,0,58601:0:0:0:0:
109,192,58450,1,0,0:0:0:0:
256,192,58450,128,0,58525:0:0:0:0:
36,192,58525,128,0,58980:0:0:0:0:
402,192,58525,1,0,0:0:0:0:
182,192,58525,1,0,0:0:0:0:
109,192,58601,128,0,58753:0:0:0:0:
256,192,58601,1,0,0:0:0:0:
182,192,58677,128,0,58904:0:0:0:0:
329,192,58677,1,0,0:0:0:0:
256,192,58753,128,0,58828:0:0:0:0:
402,192,58753,1,0,0:0:0:0:
475,192,58828,1,0,0:0:0:0:
109,192,58828,1,0,0:0:0:0:
329,192,58828,1,0,0:0:0:0:
402,192,58904,128,0,59056:0:0:0:0:
256,192,58904,1,0,0:0:0:0:
182,192,58980,1,0,0:0:0:0:
329,192,58980,128,0,59056:0:0:0:0:
109,192,59056,1,0,0:0:0:0:
329,192,59131,1,0,0:0:0:0:
256,192,59131,1,0,0:0:0:0:
402,192,59131,1,0,0:0:0:0:
475,192,59131,128,0,59510:0:0:0:0:
36,192,59131,128,0,59510:0:0:0:0:
329,192,59283,128,0,59510:0:0:0:0:
256,192,59283,1,0,0:0:0:0:
182,192,59283,128,0,59965:0:0:0:0:
109,192,59586,128,0,59965:0:0:0:0:
475,192,59586,1,0,0:0:0:0:
36,192,59586,128,0,59965:0:0:0:0:
256,192,59586,128,0,59965:0:0:0:0:
329,192,59586,1,0,0:0:0:0:
402,192,59889,1,0,0:0:0:0:
329,192,59889,1,0,0:0:0:0:
329,192,59965,1,0,0:0:0:0:
402,192,59965,1,0,0:0:0:0:
109,192,60040,1,0,0:0:0:0:
256,192,60040,1,0,0:0:0:0:
182,192,60040,1,0,0:0:0:0:
36,192,60040,128,0,60419:0:0:0:0:
475,192,60040,128,0,60419:0:0:0:0:
256,192,60192,1,0,0:0:0:0:
182,192,60192,128,0,60419:0:0:0:0:
329,192,60192,128,0,60874:0:0:0:0:
256,192,60495,128,0,60874:0:0:0:0:
182,192,60495,1,0,0:0:0:0:
475,192,60495,128,0,60874:0:0:0:0:
402,192,60495,128,0,60874:0:0:0:0:
36,192,60495,1,0,0:0:0:0:
182,192,60798,1,0,0:0:0:0:
109,192,60798,1,0,0:0:0:0:
109,192,60874,1,0,0:0:0:0:
182,192,60874,1,0,0:0:0:0:
36,192,60949,128,0,61328:0:0:0:0:
475,192,60949,128,0,61328:0:0:0:0:
256,192,60949,1,0,0:0:0:0:
402,192,60949,1,0,0:0:0:0:
329,192,60949,1,0,0:0:0:0:
329,192,61101,128,0,61328:0:0:0:0:
182,192,61101,128,0,61783:0:0:0:0:
256,192,61101,1,0,0:0:0:0:
329,192,61404,1,0,0:0:0:0:
475,192,61404,1,0,0:0:0:0:
109,192,61404,128,0,61783:0:0:0:0:
256,192,61404,128,0,61631:0:0:0:0:
36,192,61404,128,0,61783:0:0:0:0:
256,192,61707,1,0,0:0:0:0:
329,192,61707,1,0,0:0:0:0:
402,192,61707,1,0,0:0:0:0:
475,192,61707,1,0,0:0:0:0:
36,192,61859,1,0,0:0:0:0:
109,192,61859,1,0,0:0:0:0:
182,192,61859,1,0,0:0:0:0:
256,192,61859,1,0,0:0:0:0:
256,192,62010,1,0,0:0:0:0:
329,192,62010,1,0,0:0:0:0:
402,192,62010,1,0,0:0:0:0:
475,192,62010,1,0,0:0:0:0:
36,192,62086,1,0,0:0:0:0:
109,192,62086,1,0,0:0:0:0:
182,192,62162,1,0,0:0:0:0:
256,192,62162,1,0,0:0:0:0:
329,192,62162,1,0,0:0:0:0:
402,192,62162,128,0,62389:0:0:0:0:
475,192,62162,128,0,62389:0:0:0:0:
109,192,62237,1,0,0:0:0:0:
36,192,62313,128,0,62465:0:0:0:0:
109,192,62351,128,0,62503:0:0:0:0:
182,192,62389,128,0,62540:0:0:0:0:
256,192,62427,128,0,62578:0:0:0:0:
329,192,62465,128,0,62616:0:0:0:0:
402,192,62503,128,0,62654:0:0:0:0:
36,192,62540,1,0,0:0:0:0:
475,192,62540,128,0,62692:0:0:0:0:
109,192,62578,1,0,0:0:0:0:
182,192,62616,1,0,0:0:0:0:
256,192,62654,1,0,0:0:0:0:
329,192,62692,1,0,0:0:0:0:
402,192,62730,1,0,0:0:0:0:
475,192,62768,1,0,0:0:0:0:
36,192,62768,1,0,0:0:0:0:
109,192,62768,1,0,0:0:0:0:
182,192,62768,1,0,0:0:0:0:
256,192,62768,1,0,0:0:0:0:
36,192,62970,1,0,0:0:0:0:
329,192,62970,1,0,0:0:0:0:
402,192,62970,1,0,0:0:0:0:
475,192,62970,1,0,0:0:0:0:
256,192,62970,1,0,0:0:0:0:
36,192,63172,1,0,0:0:0:0:
109,192,63172,1,0,0:0:0:0:
182,192,63172,1,0,0:0:0:0:
256,192,63172,1,0,0:0:0:0:
475,192,63172,1,0,0:0:0:0:
182,192,63374,1,0,0:0:0:0:
329,192,63374,1,0,0:0:0:0:
36,192,63374,128,0,63904:0:0:0:0:
256,192,63374,128,0,63904:0:0:0:0:
475,192,63374,128,0,63904:0:0:0:0:
329,192,63677,128,0,63696:0:0:0:0:
182,192,63753,128,0,63771:0:0:0:0:
329,192,63828,128,0,63847:0:0:0:0:
182,192,63904,128,0,63923:0:0:0:0:
402,192,63980,128,0,66631:0:0:0:0:
475,192,63980,128,0,66631:0:0:0:0:
36,192,63980,128,0,64207:0:0:0:0:
256,192,63980,1,0,0:0:0:0:
329,192,63980,1,0,0:0:0:0:
109,192,64056,1,0,0:0:0:0:
182,192,64131,1,0,0:0:0:0:
329,192,64131,1,0,0:0:0:0:
256,192,64207,1,0,0:0:0:0:
329,192,64283,128,0,64510:0:0:0:0:
182,192,64283,1,0,0:0:0:0:
36,192,64283,1,0,0:0:0:0:
256,192,64359,1,0,0:0:0:0:
36,192,64434,1,0,0:0:0:0:
109,192,64434,1,0,0:0:0:0:
182,192,64510,1,0,0:0:0:0:
256,192,64586,1,0,0:0:0:0:
329,192,64586,1,0,0:0:0:0:
36,192,64586,128,0,64813:0:0:0:0:
109,192,64662,1,0,0:0:0:0:
329,192,64737,1,0,0:0:0:0:
182,192,64737,1,0,0:0:0:0:
256,192,64813,1,0,0:0:0:0:
182,192,64889,1,0,0:0:0:0:
36,192,64889,1,0,0:0:0:0:
329,192,64889,128,0,65116:0:0:0:0:
256,192,64965,1,0,0:0:0:0:
36,192,65040,1,0,0:0:0:0:
109,192,65040,1,0,0:0:0:0:
182,192,65116,1,0,0:0:0:0:
256,192,65192,1,0,0:0:0:0:
329,192,65192,1,0,0:0:0:0:
36,192,65192,128,0,65419:0:0:0:0:
109,192,65268,1,0,0:0:0:0:
329,192,65343,1,0,0:0:0:0:
182,192,65343,1,0,0:0:0:0:
256,192,65419,1,0,0:0:0:0:
36,192,65495,1,0,0:0:0:0:
182,192,65495,1,0,0:0:0:0:
329,192,65495,128,0,65722:0:0:0:0:
256,192,65571,1,0,0:0:0:0:
109,192,65646,1,0,0:0:0:0:
36,192,65646,1,0,0:0:0:0:
182,192,65722,1,0,0:0:0:0:
329,192,65798,1,0,0:0:0:0:
256,192,65798,1,0,0:0:0:0:
36,192,65798,128,0,66025:0:0:0:0:
109,192,65874,1,0,0:0:0:0:
329,192,65949,1,0,0:0:0:0:
182,192,65949,1,0,0:0:0:0:
256,192,66025,1,0,0:0:0:0:
36,192,66101,1,0,0:0:0:0:
182,192,66101,1,0,0:0:0:0:
329,192,66101,128,0,66328:0:0:0:0:
256,192,66177,1,0,0:0:0:0:
109,192,66253,1,0,0:0:0:0:
36,192,66253,1,0,0:0:0:0:
182,192,66328,1,0,0:0:0:0:
36,192,66404,128,0,66631:0:0:0:0:
329,192,66404,1,0,0:0:0:0:
256,192,66404,1,0,0:0:0:0:
109,192,66480,1,0,0:0:0:0:
182,192,66556,1,0,0:0:0:0:
329,192,66556,1,0,0:0:0:0:
256,192,66631,1,0,0:0:0:0:
36,192,66707,1,0,0:0:0:0:
329,192,66707,128,0,66934:0:0:0:0:
402,192,66707,1,0,0:0:0:0:
475,192,66707,1,0,0:0:0:0:
182,192,66783,1,0,0:0:0:0:
36,192,66859,1,0,0:0:0:0:
256,192,66859,1,0,0:0:0:0:
475,192,66859,1,0,0:0:0:0:
182,192,66934,1,0,0:0:0:0:
182,192,67010,128,0,67540:0:0:0:0:
256,192,67010,1,0,0:0:0:0:
329,192,67010,1,0,0:0:0:0:
475,192,67010,128,0,67237:0:0:0:0:
36,192,67010,128,0,67540:0:0:0:0:
402,192,67086,1,0,0:0:0:0:
329,192,67162,1,0,0:0:0:0:
109,192,67162,1,0,0:0:0:0:
402,192,67237,1,0,0:0:0:0:
475,192,67313,1,0,0:0:0:0:
256,192,67313,128,0,67540:0:0:0:0:
402,192,67389,1,0,0:0:0:0:
109,192,67465,1,0,0:0:0:0:
329,192,67465,1,0,0:0:0:0:
402,192,67540,1,0,0:0:0:0:
329,192,67616,128,0,68146:0:0:0:0:
182,192,67616,128,0,68146:0:0:0:0:
256,192,67616,1,0,0:0:0:0:
475,192,67616,1,0,0:0:0:0:
36,192,67616,128,0,67843:0:0:0:0:
109,192,67692,1,0,0:0:0:0:
256,192,67768,1,0,0:0:0:0:
402,192,67843,1,0,0:0:0:0:
475,192,67919,128,0,68146:0:0:0:0:
36,192,67919,1,0,0:0:0:0:
256,192,67919,1,0,0:0:0:0:
109,192,67995,1,0,0:0:0:0:
256,192,68071,1,0,0:0:0:0:
402,192,68146,1,0,0:0:0:0:
329,192,68222,128,0,68753:0:0:0:0:
475,192,68222,128,0,68753:0:0:0:0:
256,192,68222,1,0,0:0:0:0:
182,192,68222,1,0,0:0:0:0:
36,192,68222,128,0,68449:0:0:0:0:
109,192,68298,1,0,0:0:0:0:
182,192,68374,1,0,0:0:0:0:
402,192,68374,1,0,0:0:0:0:
109,192,68449,1,0,0:0:0:0:
256,192,68525,128,0,68753:0:0:0:0:
36,192,68525,1,0,0:0:0:0:
109,192,68601,1,0,0:0:0:0:
182,192,68677,1,0,0:0:0:0:
402,192,68677,1,0,0:0:0:0:
109,192,68753,1,0,0:0:0:0:
475,192,68828,128,0,69813:0:0:0:0:
256,192,68828,1,0,0:0:0:0:
329,192,68828,1,0,0:0:0:0:
36,192,68828,128,0,69359:0:0:0:0:
109,192,68904,1,0,0:0:0:0:
402,192,68980,1,0,0:0:0:0:
182,192,68980,1,0,0:0:0:0:
329,192,68980,1,0,0:0:0:0:
256,192,69056,1,0,0:0:0:0:
329,192,69131,128,0,69359:0:0:0:0:
402,192,69131,1,0,0:0:0:0:
109,192,69131,1,0,0:0:0:0:
256,192,69207,1,0,0:0:0:0:
109,192,69283,1,0,0:0:0:0:
256,192,69359,128,0,69965:0:0:0:0:
182,192,69359,1,0,0:0:0:0:
36,192,69434,1,0,0:0:0:0:
329,192,69434,1,0,0:0:0:0:
109,192,69510,1,0,0:0:0:0:
402,192,69586,128,0,69813:0:0:0:0:
182,192,69586,1,0,0:0:0:0:
36,192,69662,1,0,0:0:0:0:
329,192,69662,1,0,0:0:0:0:
109,192,69737,1,0,0:0:0:0:
182,192,69813,1,0,0:0:0:0:
109,192,69889,128,0,71177:0:0:0:0:
36,192,69889,128,0,71177:0:0:0:0:
475,192,69889,1,0,0:0:0:0:
402,192,69889,1,0,0:0:0:0:
329,192,69965,1,0,0:0:0:0:
256,192,70040,1,0,0:0:0:0:
475,192,70040,128,0,70268:0:0:0:0:
402,192,70040,1,0,0:0:0:0:
182,192,70116,1,0,0:0:0:0:
402,192,70192,1,0,0:0:0:0:
256,192,70192,1,0,0:0:0:0:
329,192,70268,1,0,0:0:0:0:
402,192,70343,1,0,0:0:0:0:
182,192,70343,128,0,70571:0:0:0:0:
475,192,70343,1,0,0:0:0:0:
329,192,70419,1,0,0:0:0:0:
475,192,70495,1,0,0:0:0:0:
256,192,70495,1,0,0:0:0:0:
402,192,70571,1,0,0:0:0:0:
329,192,70646,1,0,0:0:0:0:
475,192,70646,128,0,70874:0:0:0:0:
256,192,70646,1,0,0:0:0:0:
182,192,70722,1,0,0:0:0:0:
256,192,70798,1,0,0:0:0:0:
402,192,70798,1,0,0:0:0:0:
329,192,70874,1,0,0:0:0:0:
475,192,70949,1,0,0:0:0:0:
182,192,70949,128,0,71177:0:0:0:0:
402,192,70949,1,0,0:0:0:0:
329,192,71025,1,0,0:0:0:0:
256,192,71101,1,0,0:0:0:0:
475,192,71101,1,0,0:0:0:0:
402,192,71177,1,0,0:0:0:0:
36,192,71253,128,0,71404:0:0:0:0:
182,192,71253,128,0,71328:0:0:0:0:
329,192,71253,128,0,71404:0:0:0:0:
475,192,71253,128,0,71328:0:0:0:0:
109,192,71328,1,0,0:0:0:0:
475,192,71404,1,0,0:0:0:0:
256,192,71404,128,0,71480:0:0:0:0:
402,192,71404,128,0,71556:0:0:0:0:
109,192,71404,128,0,71556:0:0:0:0:
182,192,71480,1,0,0:0:0:0:
36,192,71556,128,0,71631:0:0:0:0:
182,192,71556,128,0,71707:0:0:0:0:
329,192,71556,128,0,71631:0:0:0:0:
475,192,71556,128,0,71707:0:0:0:0:
256,192,71631,1,0,0:0:0:0:
36,192,71707,1,0,0:0:0:0:
109,192,71707,128,0,71783:0:0:0:0:
402,192,71707,128,0,71783:0:0:0:0:
256,192,71707,128,0,71859:0:0:0:0:
329,192,71783,1,0,0:0:0:0:
36,192,71859,128,0,72010:0:0:0:0:
182,192,71859,128,0,71934:0:0:0:0:
329,192,71859,128,0,71934:0:0:0:0:
475,192,71859,128,0,72010:0:0:0:0:
109,192,71859,1,0,0:0:0:0:
402,192,71934,1,0,0:0:0:0:
109,192,72010,128,0,72086:0:0:0:0:
256,192,72010,128,0,72162:0:0:0:0:
402,192,72010,128,0,72162:0:0:0:0:
329,192,72010,1,0,0:0:0:0:
182,192,72086,1,0,0:0:0:0:
36,192,72162,128,0,72237:0:0:0:0:
182,192,72162,128,0,72313:0:0:0:0:
329,192,72162,128,0,72313:0:0:0:0:
475,192,72162,128,0,72237:0:0:0:0:
402,192,72237,1,0,0:0:0:0:
36,192,72313,1,0,0:0:0:0:
475,192,72313,1,0,0:0:0:0:
402,192,72313,128,0,72389:0:0:0:0:
109,192,72313,128,0,72465:0:0:0:0:
256,192,72313,128,0,72465:0:0:0:0:
402,192,72465,1,0,0:0:0:0:
475,192,72465,1,0,0:0:0:0:
329,192,72465,1,0,0:0:0:0:
36,192,72540,1,0,0:0:0:0:
109,192,72540,1,0,0:0:0:0:
182,192,72540,1,0,0:0:0:0:
475,192,72616,1,0,0:0:0:0:
402,192,72616,1,0,0:0:0:0:
329,192,72616,1,0,0:0:0:0:
36,192,72692,1,0,0:0:0:0:
109,192,72692,1,0,0:0:0:0:
182,192,72692,1,0,0:0:0:0:
36,192,72768,128,0,72881:0:0:0:0:
329,192,72768,1,0,0:0:0:0:
402,192,72768,1,0,0:0:0:0:
475,192,72768,1,0,0:0:0:0:
109,192,72806,128,0,72919:0:0:0:0:
182,192,72843,128,0,73033:0:0:0:0:
256,192,72881,128,0,72995:0:0:0:0:
329,192,72919,128,0,72957:0:0:0:0:
402,192,72957,128,0,73071:0:0:0:0:
36,192,72957,128,0,73071:0:0:0:0:
475,192,72995,128,0,73109:0:0:0:0:
109,192,72995,128,0,73109:0:0:0:0:
329,192,73033,128,0,73222:0:0:0:0:
256,192,73071,128,0,73184:0:0:0:0:
182,192,73109,128,0,73146:0:0:0:0:
36,192,73146,1,0,0:0:0:0:
402,192,73146,128,0,73260:0:0:0:0:
109,192,73184,1,0,0:0:0:0:
475,192,73184,128,0,73298:0:0:0:0:
182,192,73222,1,0,0:0:0:0:
256,192,73260,1,0,0:0:0:0:
329,192,73298,1,0,0:0:0:0:
402,192,73336,1,0,0:0:0:0:
256,192,73374,1,0,0:0:0:0:
329,192,73374,128,0,73601:0:0:0:0:
182,192,73374,128,0,73601:0:0:0:0:
36,192,73374,128,0,73601:0:0:0:0:
475,192,73374,128,0,73601:0:0:0:0:
36,192,73677,128,0,74207:0:0:0:0:
109,192,73677,128,0,74207:0:0:0:0:
402,192,73677,1,0,0:0:0:0:
475,192,73677,1,0,0:0:0:0:
182,192,73677,128,0,73904:0:0:0:0:
256,192,73753,1,0,0:0:0:0:
329,192,73753,1,0,0:0:0:0:
402,192,73828,1,0,0:0:0:0:
475,192,73828,1,0,0:0:0:0:
256,192,73904,1,0,0:0:0:0:
329,192,73904,1,0,0:0:0:0:
475,192,73980,128,0,74207:0:0:0:0:
402,192,73980,1,0,0:0:0:0:
182,192,73980,1,0,0:0:0:0:
402,192,74056,128,0,74207:0:0:0:0:
329,192,74056,1,0,0:0:0:0:
329,192,74131,128,0,74207:0:0:0:0:
256,192,74131,1,0,0:0:0:0:
182,192,74207,1,0,0:0:0:0:
475,192,74283,128,0,74813:0:0:0:0:
109,192,74283,1,0,0:0:0:0:
36,192,74283,1,0,0:0:0:0:
402,192,74283,128,0,74813:0:0:0:0:
329,192,74283,128,0,74510:0:0:0:0:
182,192,74359,1,0,0:0:0:0:
256,192,74359,1,0,0:0:0:0:
109,192,74434,1,0,0:0:0:0:
36,192,74434,1,0,0:0:0:0:
256,192,74510,1,0,0:0:0:0:
182,192,74510,1,0,0:0:0:0:
329,192,74586,1,0,0:0:0:0:
36,192,74586,128,0,74813:0:0:0:0:
109,192,74586,1,0,0:0:0:0:
182,192,74662,1,0,0:0:0:0:
109,192,74662,128,0,74813:0:0:0:0:
256,192,74737,1,0,0:0:0:0:
182,192,74737,128,0,74813:0:0:0:0:
329,192,74813,1,0,0:0:0:0:
36,192,74889,128,0,75419:0:0:0:0:
475,192,74889,1,0,0:0:0:0:
402,192,74889,1,0,0:0:0:0:
109,192,74889,128,0,75419:0:0:0:0:
256,192,74889,128,0,75116:0:0:0:0:
182,192,74965,1,0,0:0:0:0:
329,192,74965,1,0,0:0:0:0:
402,192,75040,1,0,0:0:0:0:
475,192,75040,1,0,0:0:0:0:
329,192,75116,1,0,0:0:0:0:
182,192,75116,1,0,0:0:0:0:
402,192,75192,1,0,0:0:0:0:
475,192,75192,128,0,75419:0:0:0:0:
256,192,75192,1,0,0:0:0:0:
329,192,75268,1,0,0:0:0:0:
402,192,75268,128,0,75419:0:0:0:0:
256,192,75343,1,0,0:0:0:0:
329,192,75343,128,0,75419:0:0:0:0:
182,192,75419,1,0,0:0:0:0:
475,192,75495,128,0,76025:0:0:0:0:
256,192,75495,128,0,75722:0:0:0:0:
36,192,75495,1,0,0:0:0:0:
402,192,75495,128,0,76025:0:0:0:0:
109,192,75495,1,0,0:0:0:0:
329,192,75571,1,0,0:0:0:0:
182,192,75571,1,0,0:0:0:0:
36,192,75646,1,0,0:0:0:0:
109,192,75646,1,0,0:0:0:0:
329,192,75722,1,0,0:0:0:0:
182,192,75722,1,0,0:0:0:0:
36,192,75798,128,0,76025:0:0:0:0:
109,192,75798,1,0,0:0:0:0:
256,192,75798,1,0,0:0:0:0:
182,192,75874,1,0,0:0:0:0:
109,192,75874,128,0,76025:0:0:0:0:
256,192,75949,1,0,0:0:0:0:
182,192,75949,128,0,76025:0:0:0:0:
329,192,76025,1,0,0:0:0:0:
36,192,76101,128,0,76631:0:0:0:0:
109,192,76101,128,0,76631:0:0:0:0:
182,192,76101,128,0,76328:0:0:0:0:
402,192,76101,1,0,0:0:0:0:
475,192,76101,1,0,0:0:0:0:
256,192,76177,1,0,0:0:0:0:
329,192,76177,1,0,0:0:0:0:
402,192,76253,1,0,0:0:0:0:
475,192,76253,1,0,0:0:0:0:
329,192,76328,1,0,0:0:0:0:
256,192,76328,1,0,0:0:0:0:
402,192,76404,1,0,0:0:0:0:
475,192,76404,128,0,76631:0:0:0:0:
182,192,76404,1,0,0:0:0:0:
256,192,76480,1,0,0:0:0:0:
329,192,76480,128,0,76631:0:0:0:0:
402,192,76556,1,0,0:0:0:0:
182,192,76556,128,0,76631:0:0:0:0:
256,192,76631,1,0,0:0:0:0:
475,192,76707,128,0,77237:0:0:0:0:
109,192,76707,1,0,0:0:0:0:
36,192,76707,1,0,0:0:0:0:
329,192,76707,128,0,76934:0:0:0:0:
402,192,76707,128,0,77237:0:0:0:0:
256,192,76783,1,0,0:0:0:0:
182,192,76783,1,0,0:0:0:0:
109,192,76859,1,0,0:0:0:0:
36,192,76859,1,0,0:0:0:0:
256,192,76934,1,0,0:0:0:0:
182,192,76934,1,0,0:0:0:0:
109,192,77010,1,0,0:0:0:0:
36,192,77010,128,0,77237:0:0:0:0:
329,192,77010,1,0,0:0:0:0:
256,192,77086,1,0,0:0:0:0:
182,192,77086,128,0,77237:0:0:0:0:
109,192,77162,1,0,0:0:0:0:
329,192,77162,128,0,77237:0:0:0:0:
256,192,77237,1,0,0:0:0:0:
36,192,77313,128,0,77843:0:0:0:0:
109,192,77313,128,0,77843:0:0:0:0:
256,192,77313,128,0,77540:0:0:0:0:
402,192,77313,1,0,0:0:0:0:
475,192,77313,1,0,0:0:0:0:
182,192,77389,1,0,0:0:0:0:
329,192,77389,1,0,0:0:0:0:
402,192,77465,1,0,0:0:0:0:
475,192,77465,1,0,0:0:0:0:
329,192,77540,1,0,0:0:0:0:
182,192,77540,1,0,0:0:0:0:
402,192,77616,1,0,0:0:0:0:
475,192,77616,128,0,77843:0:0:0:0:
256,192,77616,1,0,0:0:0:0:
182,192,77692,1,0,0:0:0:0:
329,192,77692,128,0,77843:0:0:0:0:
402,192,77768,1,0,0:0:0:0:
256,192,77768,128,0,77843:0:0:0:0:
182,192,77843,1,0,0:0:0:0:
475,192,77919,128,0,78449:0:0:0:0:
109,192,77919,1,0,0:0:0:0:
36,192,77919,1,0,0:0:0:0:
256,192,77919,128,0,78146:0:0:0:0:
402,192,77919,128,0,78449:0:0:0:0:
329,192,77995,1,0,0:0:0:0:
182,192,77995,1,0,0:0:0:0:
109,192,78071,1,0,0:0:0:0:
36,192,78071,1,0,0:0:0:0:
329,192,78146,1,0,0:0:0:0:
182,192,78146,1,0,0:0:0:0:
109,192,78222,1,0,0:0:0:0:
36,192,78222,128,0,78449:0:0:0:0:
256,192,78222,1,0,0:0:0:0:
329,192,78298,1,0,0:0:0:0:
182,192,78298,128,0,78449:0:0:0:0:
109,192,78374,1,0,0:0:0:0:
256,192,78374,128,0,78449:0:0:0:0:
329,192,78449,1,0,0:0:0:0:
36,192,78525,128,0,78601:0:0:0:0:
109,192,78525,128,0,78601:0:0:0:0:
256,192,78525,1,0,0:0:0:0:
475,192,78525,1,0,0:0:0:0:
402,192,78525,1,0,0:0:0:0:
329,192,78601,1,0,0:0:0:0:
109,192,78677,128,0,78753:0:0:0:0:
182,192,78677,128,0,78753:0:0:0:0:
402,192,78677,1,0,0:0:0:0:
475,192,78753,1,0,0:0:0:0:
182,192,78828,128,0,78904:0:0:0:0:
256,192,78828,128,0,78904:0:0:0:0:
36,192,78828,1,0,0:0:0:0:
329,192,78828,1,0,0:0:0:0:
402,192,78904,1,0,0:0:0:0:
256,192,78980,128,0,79056:0:0:0:0:
329,192,78980,128,0,79056:0:0:0:0:
475,192,78980,1,0,0:0:0:0:
36,192,78980,1,0,0:0:0:0:
109,192,79056,1,0,0:0:0:0:
329,192,79131,128,0,79207:0:0:0:0:
402,192,79131,128,0,79207:0:0:0:0:
475,192,79131,1,0,0:0:0:0:
182,192,79131,1,0,0:0:0:0:
36,192,79207,1,0,0:0:0:0:
256,192,79207,1,0,0:0:0:0:
109,192,79283,1,0,0:0:0:0:
402,192,79283,128,0,79359:0:0:0:0:
475,192,79283,128,0,79359:0:0:0:0:
329,192,79359,1,0,0:0:0:0:
182,192,79359,1,0,0:0:0:0:
109,192,79434,128,0,79510:0:0:0:0:
36,192,79434,128,0,79510:0:0:0:0:
475,192,79434,1,0,0:0:0:0:
256,192,79434,1,0,0:0:0:0:
402,192,79434,1,0,0:0:0:0:
182,192,79510,1,0,0:0:0:0:
329,192,79510,1,0,0:0:0:0:
109,192,79586,128,0,79662:0:0:0:0:
402,192,79586,1,0,0:0:0:0:
182,192,79586,128,0,79662:0:0:0:0:
475,192,79662,1,0,0:0:0:0:
329,192,79737,1,0,0:0:0:0:
36,192,79737,1,0,0:0:0:0:
182,192,79737,128,0,79813:0:0:0:0:
256,192,79737,128,0,79813:0:0:0:0:
402,192,79813,1,0,0:0:0:0:
475,192,79889,1,0,0:0:0:0:
256,192,79889,128,0,79965:0:0:0:0:
36,192,79889,1,0,0:0:0:0:
329,192,79889,128,0,79965:0:0:0:0:
109,192,79965,1,0,0:0:0:0:
402,192,80040,128,0,80116:0:0:0:0:
475,192,80040,1,0,0:0:0:0:
182,192,80040,1,0,0:0:0:0:
329,192,80040,128,0,80116:0:0:0:0:
36,192,80116,1,0,0:0:0:0:
256,192,80116,1,0,0:0:0:0:
475,192,80192,128,0,80268:0:0:0:0:
402,192,80192,128,0,80268:0:0:0:0:
109,192,80192,1,0,0:0:0:0:
329,192,80268,1,0,0:0:0:0:
182,192,80268,1,0,0:0:0:0:
475,192,80343,1,0,0:0:0:0:
256,192,80343,1,0,0:0:0:0:
109,192,80343,128,0,80419:0:0:0:0:
36,192,80343,128,0,80419:0:0:0:0:
402,192,80343,1,0,0:0:0:0:
182,192,80419,1,0,0:0:0:0:
329,192,80419,1,0,0:0:0:0:
109,192,80495,128,0,80571:0:0:0:0:
256,192,80495,1,0,0:0:0:0:
36,192,80495,128,0,80571:0:0:0:0:
402,192,80495,1,0,0:0:0:0:
475,192,80495,1,0,0:0:0:0:
329,192,80571,1,0,0:0:0:0:
402,192,80646,128,0,80722:0:0:0:0:
475,192,80646,128,0,80722:0:0:0:0:
256,192,80646,1,0,0:0:0:0:
36,192,80646,1,0,0:0:0:0:
109,192,80646,1,0,0:0:0:0:
182,192,80722,1,0,0:0:0:0:
36,192,80798,1,0,0:0:0:0:
475,192,80798,128,0,80874:0:0:0:0:
402,192,80798,128,0,80874:0:0:0:0:
256,192,80798,1,0,0:0:0:0:
109,192,80798,1,0,0:0:0:0:
329,192,80874,1,0,0:0:0:0:
402,192,80949,128,0,81177:0:0:0:0:
256,192,80949,1,0,0:0:0:0:
109,192,80949,128,0,81025:0:0:0:0:
182,192,80949,128,0,81025:0:0:0:0:
36,192,81025,1,0,0:0:0:0:
329,192,81101,128,0,81253:0:0:0:0:
109,192,81101,128,0,81177:0:0:0:0:
182,192,81101,128,0,81177:0:0:0:0:
36,192,81177,1,0,0:0:0:0:
402,192,81253,1,0,0:0:0:0:
475,192,81253,1,0,0:0:0:0:
109,192,81253,128,0,81328:0:0:0:0:
182,192,81253,128,0,81328:0:0:0:0:
36,192,81328,1,0,0:0:0:0:
329,192,81404,1,0,0:0:0:0:
109,192,81404,128,0,81480:0:0:0:0:
182,192,81404,128,0,81480:0:0:0:0:
36,192,81480,1,0,0:0:0:0:
182,192,81556,1,0,0:0:0:0:
256,192,81556,1,0,0:0:0:0:
329,192,81556,128,0,81631:0:0:0:0:
402,192,81556,128,0,81631:0:0:0:0:
475,192,81631,1,0,0:0:0:0:
109,192,81707,128,0,81859:0:0:0:0:
256,192,81707,128,0,81859:0:0:0:0:
329,192,81707,128,0,81783:0:0:0:0:
402,192,81707,128,0,81783:0:0:0:0:
475,192,81783,1,0,0:0:0:0:
182,192,81859,1,0,0:0:0:0:
329,192,81859,128,0,81934:0:0:0:0:
402,192,81859,128,0,81934:0:0:0:0:
475,192,81934,1,0,0:0:0:0:
36,192,82010,128,0,82578:0:0:0:0:
182,192,82010,128,0,82313:0:0:0:0:
329,192,82010,128,0,82086:0:0:0:0:
402,192,82010,128,0,82086:0:0:0:0:
475,192,82086,1,0,0:0:0:0:
256,192,82162,1,0,0:0:0:0:
329,192,82199,1,0,0:0:0:0:
475,192,82237,1,0,0:0:0:0:
402,192,82275,1,0,0:0:0:0:
475,192,82313,128,0,82730:0:0:0:0:
329,192,82313,1,0,0:0:0:0:
256,192,82351,1,0,0:0:0:0:
182,192,82389,1,0,0:0:0:0:
109,192,82427,1,0,0:0:0:0:
402,192,82465,1,0,0:0:0:0:
329,192,82503,1,0,0:0:0:0:
256,192,82540,1,0,0:0:0:0:
182,192,82578,1,0,0:0:0:0:
109,192,82616,1,0,0:0:0:0:
36,192,82654,1,0,0:0:0:0:
256,192,82692,128,0,82806:0:0:0:0:
36,192,82730,128,0,83071:0:0:0:0:
329,192,82730,1,0,0:0:0:0:
402,192,82768,1,0,0:0:0:0:
475,192,82806,1,0,0:0:0:0:
182,192,82843,128,0,82957:0:0:0:0:
475,192,82881,128,0,83298:0:0:0:0:
256,192,82881,1,0,0:0:0:0:
329,192,82919,1,0,0:0:0:0:
402,192,82957,1,0,0:0:0:0:
109,192,82995,128,0,83109:0:0:0:0:
402,192,83033,128,0,83260:0:0:0:0:
182,192,83033,1,0,0:0:0:0:
256,192,83071,1,0,0:0:0:0:
329,192,83109,1,0,0:0:0:0:
36,192,83146,1,0,0:0:0:0:
329,192,83184,128,0,83222:0:0:0:0:
109,192,83184,1,0,0:0:0:0:
182,192,83222,1,0,0:0:0:0:
256,192,83260,1,0,0:0:0:0:
329,192,83298,1,0,0:0:0:0:
402,192,83336,1,0,0:0:0:0:
475,192,83374,1,0,0:0:0:0:
36,192,83374,1,0,0:0:0:0:
182,192,83374,1,0,0:0:0:0:
109,192,83677,1,0,0:0:0:0:
256,192,83828,1,0,0:0:0:0:
329,192,83828,1,0,0:0:0:0:
36,192,83828,1,0,0:0:0:0:
182,192,84131,1,0,0:0:0:0:
402,192,84131,1,0,0:0:0:0:
475,192,84131,1,0,0:0:0:0:
256,192,84434,1,0,0:0:0:0:
109,192,84510,1,0,0:0:0:0:
182,192,84586,1,0,0:0:0:0:
329,192,84586,1,0,0:0:0:0:
402,192,84586,1,0,0:0:0:0:
109,192,84889,1,0,0:0:0:0:
256,192,84889,1,0,0:0:0:0:
182,192,85040,1,0,0:0:0:0:
402,192,85040,1,0,0:0:0:0:
475,192,85040,1,0,0:0:0:0:
109,192,85343,1,0,0:0:0:0:
329,192,85343,1,0,0:0:0:0:
256,192,85646,1,0,0:0:0:0:
182,192,85798,128,0,86101:0:0:0:0:
402,192,85798,128,0,86101:0:0:0:0:
36,192,86101,1,0,0:0:0:0:
256,192,86101,1,0,0:0:0:0:
182,192,86253,1,0,0:0:0:0:
402,192,86253,1,0,0:0:0:0:
475,192,86253,1,0,0:0:0:0:
109,192,86556,1,0,0:0:0:0:
329,192,86556,1,0,0:0:0:0:
475,192,86556,1,0,0:0:0:0:
36,192,86859,1,0,0:0:0:0:
475,192,86859,1,0,0:0:0:0:
182,192,86934,1,0,0:0:0:0:
329,192,86934,1,0,0:0:0:0:
36,192,87010,128,0,87086:0:0:0:0:
109,192,87010,128,0,87086:0:0:0:0:
402,192,87010,128,0,87086:0:0:0:0:
475,192,87010,128,0,87086:0:0:0:0:
329,192,87313,128,0,87389:0:0:0:0:
182,192,87465,128,0,87540:0:0:0:0:
402,192,87768,128,0,88146:0:0:0:0:
475,192,87768,128,0,87843:0:0:0:0:
109,192,88071,128,0,88146:0:0:0:0:
36,192,88222,128,0,88449:0:0:0:0:
475,192,88222,128,0,88601:0:0:0:0:
402,192,88222,1,0,0:0:0:0:
109,192,88222,128,0,88298:0:0:0:0:
182,192,88222,128,0,88298:0:0:0:0:
329,192,88222,128,0,88298:0:0:0:0:
329,192,88374,128,0,88601:0:0:0:0:
256,192,88374,1,0,0:0:0:0:
182,192,88374,128,0,88601:0:0:0:0:
109,192,88374,128,0,88449:0:0:0:0:
36,192,88525,128,0,88753:0:0:0:0:
109,192,88525,128,0,88601:0:0:0:0:
256,192,88677,128,0,89056:0:0:0:0:
329,192,88677,1,0,0:0:0:0:
109,192,88677,128,0,88753:0:0:0:0:
475,192,88677,1,0,0:0:0:0:
182,192,88677,128,0,88904:0:0:0:0:
36,192,88828,128,0,89056:0:0:0:0:
109,192,88828,128,0,88904:0:0:0:0:
329,192,88980,1,0,0:0:0:0:
475,192,88980,1,0,0:0:0:0:
109,192,88980,128,0,89056:0:0:0:0:
182,192,88980,128,0,89056:0:0:0:0:
329,192,89056,1,0,0:0:0:0:
475,192,89056,1,0,0:0:0:0:
36,192,89131,128,0,89510:0:0:0:0:
402,192,89131,128,0,89207:0:0:0:0:
329,192,89131,128,0,89207:0:0:0:0:
182,192,89131,128,0,89207:0:0:0:0:
109,192,89131,1,0,0:0:0:0:
475,192,89131,128,0,89359:0:0:0:0:
256,192,89283,1,0,0:0:0:0:
402,192,89283,128,0,89359:0:0:0:0:
182,192,89283,128,0,89510:0:0:0:0:
329,192,89283,128,0,89510:0:0:0:0:
402,192,89434,128,0,89510:0:0:0:0:
475,192,89434,128,0,89662:0:0:0:0:
36,192,89586,1,0,0:0:0:0:
182,192,89586,1,0,0:0:0:0:
256,192,89586,128,0,89965:0:0:0:0:
402,192,89586,128,0,89662:0:0:0:0:
329,192,89586,128,0,89813:0:0:0:0:
402,192,89737,128,0,89813:0:0:0:0:
475,192,89737,128,0,89965:0:0:0:0:
182,192,89889,1,0,0:0:0:0:
329,192,89889,128,0,89965:0:0:0:0:
36,192,89889,1,0,0:0:0:0:
402,192,89889,128,0,89965:0:0:0:0:
36,192,89965,1,0,0:0:0:0:
182,192,89965,1,0,0:0:0:0:
475,192,90040,128,0,90268:0:0:0:0:
36,192,90040,128,0,90268:0:0:0:0:
402,192,90040,1,0,0:0:0:0:
182,192,90040,128,0,90116:0:0:0:0:
329,192,90040,128,0,90116:0:0:0:0:
109,192,90040,1,0,0:0:0:0:
329,192,90192,128,0,90268:0:0:0:0:
182,192,90192,128,0,90268:0:0:0:0:
256,192,90192,1,0,0:0:0:0:
256,192,90343,1,0,0:0:0:0:
36,192,90343,128,0,90419:0:0:0:0:
475,192,90343,128,0,90419:0:0:0:0:
182,192,90343,1,0,0:0:0:0:
329,192,90343,1,0,0:0:0:0:
109,192,90343,128,0,90419:0:0:0:0:
402,192,90343,128,0,90419:0:0:0:0:
182,192,90495,1,0,0:0:0:0:
329,192,90495,1,0,0:0:0:0:
36,192,90495,1,0,0:0:0:0:
475,192,90495,1,0,0:0:0:0:
36,192,90646,1,0,0:0:0:0:
109,192,90646,1,0,0:0:0:0:
182,192,90646,1,0,0:0:0:0:
182,192,90684,1,0,0:0:0:0:
329,192,90722,1,0,0:0:0:0:
402,192,90722,1,0,0:0:0:0:
475,192,90722,1,0,0:0:0:0:
256,192,90722,1,0,0:0:0:0:
329,192,90760,1,0,0:0:0:0:
36,192,90798,1,0,0:0:0:0:
109,192,90798,1,0,0:0:0:0:
182,192,90798,1,0,0:0:0:0:
256,192,90798,1,0,0:0:0:0:
182,192,90836,1,0,0:0:0:0:
329,192,90874,1,0,0:0:0:0:
402,192,90874,1,0,0:0:0:0:
475,192,90874,1,0,0:0:0:0:
256,192,90874,1,0,0:0:0:0:
329,192,90912,1,0,0:0:0:0:
36,192,90949,1,0,0:0:0:0:
109,192,90949,1,0,0:0:0:0:
182,192,90949,1,0,0:0:0:0:
256,192,90949,1,0,0:0:0:0:
182,192,90987,1,0,0:0:0:0:
329,192,91025,1,0,0:0:0:0:
402,192,91025,1,0,0:0:0:0:
475,192,91025,1,0,0:0:0:0:
256,192,91025,1,0,0:0:0:0:
329,192,91063,1,0,0:0:0:0:
36,192,91101,1,0,0:0:0:0:
109,192,91101,1,0,0:0:0:0:
182,192,91101,1,0,0:0:0:0:
256,192,91101,1,0,0:0:0:0:
182,192,91139,1,0,0:0:0:0:
329,192,91177,1,0,0:0:0:0:
402,192,91177,1,0,0:0:0:0:
475,192,91177,1,0,0:0:0:0:
256,192,91177,1,0,0:0:0:0:
329,192,91215,1,0,0:0:0:0:
36,192,91253,1,0,0:0:0:0:
475,192,91253,1,0,0:0:0:0:
256,192,91253,1,0,0:0:0:0:
109,192,91303,1,0,0:0:0:0:
402,192,91303,1,0,0:0:0:0:
182,192,91354,1,0,0:0:0:0:
329,192,91354,1,0,0:0:0:0:
256,192,91404,1,0,0:0:0:0:
36,192,91455,1,0,0:0:0:0:
182,192,91455,1,0,0:0:0:0:
329,192,91455,1,0,0:0:0:0:
475,192,91455,1,0,0:0:0:0:
109,192,91505,1,0,0:0:0:0:
402,192,91505,1,0,0:0:0:0:
182,192,91556,1,0,0:0:0:0:
329,192,91556,1,0,0:0:0:0:
256,192,91606,1,0,0:0:0:0:
36,192,91657,1,0,0:0:0:0:
182,192,91657,1,0,0:0:0:0:
329,192,91657,1,0,0:0:0:0:
475,192,91657,1,0,0:0:0:0:
109,192,91707,1,0,0:0:0:0:
402,192,91707,1,0,0:0:0:0:
182,192,91758,1,0,0:0:0:0:
329,192,91758,1,0,0:0:0:0:
256,192,91808,1,0,0:0:0:0:
475,192,91808,1,0,0:0:0:0:
36,192,91859,1,0,0:0:0:0:
329,192,91859,1,0,0:0:0:0:
402,192,91909,1,0,0:0:0:0:
109,192,91909,1,0,0:0:0:0:
475,192,91960,1,0,0:0:0:0:
182,192,91960,1,0,0:0:0:0:
256,192,92010,1,0,0:0:0:0:
36,192,92010,1,0,0:0:0:0:
329,192,92061,1,0,0:0:0:0:
182,192,92061,1,0,0:0:0:0:
402,192,92111,1,0,0:0:0:0:
109,192,92111,1,0,0:0:0:0:
475,192,92162,1,0,0:0:0:0:
36,192,92162,1,0,0:0:0:0:
109,192,92212,1,0,0:0:0:0:
329,192,92212,1,0,0:0:0:0:
182,192,92263,1,0,0:0:0:0:
402,192,92263,1,0,0:0:0:0:
109,192,92313,1,0,0:0:0:0:
256,192,92313,1,0,0:0:0:0:
36,192,92364,1,0,0:0:0:0:
475,192,92364,1,0,0:0:0:0:
402,192,92414,1,0,0:0:0:0:
182,192,92414,1,0,0:0:0:0:
329,192,92465,1,0,0:0:0:0:
109,192,92465,1,0,0:0:0:0:
36,192,92515,1,0,0:0:0:0:
475,192,92515,1,0,0:0:0:0:
402,192,92566,1,0,0:0:0:0:
182,192,92566,1,0,0:0:0:0:
329,192,92616,1,0,0:0:0:0:
109,192,92616,1,0,0:0:0:0:
256,192,92667,1,0,0:0:0:0:
475,192,92717,1,0,0:0:0:0:
36,192,92717,1,0,0:0:0:0:
402,192,92768,1,0,0:0:0:0:
182,192,92768,1,0,0:0:0:0:
329,192,92818,1,0,0:0:0:0:
109,192,92818,1,0,0:0:0:0:
256,192,92869,1,0,0:0:0:0:
36,192,92869,1,0,0:0:0:0:
475,192,92919,1,0,0:0:0:0:
182,192,92919,1,0,0:0:0:0:
402,192,92970,1,0,0:0:0:0:
109,192,92970,1,0,0:0:0:0:
36,192,93020,1,0,0:0:0:0:
329,192,93020,1,0,0:0:0:0:
109,192,93071,1,0,0:0:0:0:
36,192,93071,128,0,93323:0:0:0:0:
402,192,93071,1,0,0:0:0:0:
182,192,93121,1,0,0:0:0:0:
109,192,93121,128,0,93374:0:0:0:0:
475,192,93121,1,0,0:0:0:0:
256,192,93172,1,0,0:0:0:0:
182,192,93172,128,0,93424:0:0:0:0:
329,192,93222,1,0,0:0:0:0:
256,192,93222,128,0,93475:0:0:0:0:
402,192,93273,1,0,0:0:0:0:
329,192,93273,128,0,93525:0:0:0:0:
475,192,93323,1,0,0:0:0:0:
402,192,93323,128,0,93576:0:0:0:0:
475,192,93374,128,0,93626:0:0:0:0:
36,192,93374,1,0,0:0:0:0:
109,192,93424,1,0,0:0:0:0:
182,192,93475,1,0,0:0:0:0:
256,192,93525,1,0,0:0:0:0:
329,192,93576,1,0,0:0:0:0:
36,192,93576,1,0,0:0:0:0:
182,192,93626,1,0,0:0:0:0:
402,192,93626,1,0,0:0:0:0:
475,192,93677,1,0,0:0:0:0:
109,192,93677,1,0,0:0:0:0:
475,192,93727,128,0,93980:0:0:0:0:
182,192,93727,1,0,0:0:0:0:
402,192,93727,1,0,0:0:0:0:
36,192,93778,1,0,0:0:0:0:
329,192,93778,1,0,0:0:0:0:
402,192,93778,128,0,94030:0:0:0:0:
256,192,93828,1,0,0:0:0:0:
329,192,93828,128,0,94081:0:0:0:0:
182,192,93879,1,0,0:0:0:0:
256,192,93879,128,0,94131:0:0:0:0:
109,192,93929,1,0,0:0:0:0:
182,192,93929,128,0,94182:0:0:0:0:
36,192,93980,1,0,0:0:0:0:
109,192,93980,128,0,94232:0:0:0:0:
475,192,94030,1,0,0:0:0:0:
36,192,94030,128,0,94283:0:0:0:0:
402,192,94081,1,0,0:0:0:0:
329,192,94131,1,0,0:0:0:0:
256,192,94182,1,0,0:0:0:0:
182,192,94232,1,0,0:0:0:0:
475,192,94283,1,0,0:0:0:0:
109,192,94283,1,0,0:0:0:0:
329,192,94283,1,0,0:0:0:0:
36,192,94333,1,0,0:0:0:0:
256,192,94384,1,0,0:0:0:0:
402,192,94384,1,0,0:0:0:0:
182,192,94434,1,0,0:0:0:0:
109,192,94434,1,0,0:0:0:0:
256,192,94485,1,0,0:0:0:0:
402,192,94485,1,0,0:0:0:0:
182,192,94535,1,0,0:0:0:0:
36,192,94535,1,0,0:0:0:0:
329,192,94586,1,0,0:0:0:0:
475,192,94586,1,0,0:0:0:0:
109,192,94636,1,0,0:0:0:0:
256,192,94636,1,0,0:0:0:0:
402,192,94687,1,0,0:0:0:0:
329,192,94687,1,0,0:0:0:0:
109,192,94737,1,0,0:0:0:0:
256,192,94737,1,0,0:0:0:0:
329,192,94788,1,0,0:0:0:0:
475,192,94788,1,0,0:0:0:0:
36,192,94838,1,0,0:0:0:0:
182,192,94838,1,0,0:0:0:0:
329,192,94889,1,0,0:0:0:0:
475,192,94889,1,0,0:0:0:0:
109,192,94939,1,0,0:0:0:0:
182,192,94939,1,0,0:0:0:0:
256,192,94990,1,0,0:0:0:0:
402,192,94990,1,0,0:0:0:0:
109,192,95040,1,0,0:0:0:0:
182,192,95040,1,0,0:0:0:0:
329,192,95091,1,0,0:0:0:0:
475,192,95091,1,0,0:0:0:0:
36,192,95141,1,0,0:0:0:0:
182,192,95141,1,0,0:0:0:0:
256,192,95192,1,0,0:0:0:0:
402,192,95192,1,0,0:0:0:0:
109,192,95242,1,0,0:0:0:0:
256,192,95242,1,0,0:0:0:0:
329,192,95293,1,0,0:0:0:0:
475,192,95293,1,0,0:0:0:0:
36,192,95343,1,0,0:0:0:0:
182,192,95343,1,0,0:0:0:0:
256,192,95394,1,0,0:0:0:0:
402,192,95394,1,0,0:0:0:0:
109,192,95444,1,0,0:0:0:0:
256,192,95444,1,0,0:0:0:0:
36,192,95495,128,0,95722:0:0:0:0:
475,192,95495,128,0,95722:0:0:0:0:
182,192,95495,128,0,95722:0:0:0:0:
329,192,95495,128,0,95722:0:0:0:0:
36,192,95798,1,0,0:0:0:0:
182,192,95798,1,0,0:0:0:0:
329,192,95798,1,0,0:0:0:0:
475,192,95798,1,0,0:0:0:0:
109,192,95798,1,0,0:0:0:0:
402,192,95798,1,0,0:0:0:0:
402,192,95949,1,0,0:0:0:0:
475,192,95949,1,0,0:0:0:0:
256,192,95949,128,0,96025:0:0:0:0:
36,192,95949,1,0,0:0:0:0:
402,192,96025,1,0,0:0:0:0:
475,192,96025,1,0,0:0:0:0:
109,192,96025,1,0,0:0:0:0:
402,192,96101,128,0,96328:0:0:0:0:
475,192,96101,128,0,96631:0:0:0:0:
256,192,96101,1,0,0:0:0:0:
182,192,96101,1,0,0:0:0:0:
109,192,96177,1,0,0:0:0:0:
329,192,96177,1,0,0:0:0:0:
256,192,96253,128,0,96328:0:0:0:0:
36,192,96253,1,0,0:0:0:0:
109,192,96328,128,0,96631:0:0:0:0:
256,192,96404,1,0,0:0:0:0:
402,192,96404,1,0,0:0:0:0:
329,192,96480,1,0,0:0:0:0:
256,192,96556,128,0,96631:0:0:0:0:
36,192,96556,128,0,96631:0:0:0:0:
402,192,96556,1,0,0:0:0:0:
182,192,96631,128,0,96707:0:0:0:0:
256,192,96707,1,0,0:0:0:0:
329,192,96707,128,0,96934:0:0:0:0:
475,192,96707,128,0,97313:0:0:0:0:
36,192,96707,1,0,0:0:0:0:
109,192,96707,1,0,0:0:0:0:
182,192,96783,1,0,0:0:0:0:
256,192,96859,128,0,96934:0:0:0:0:
36,192,96859,1,0,0:0:0:0:
402,192,96859,1,0,0:0:0:0:
109,192,96934,1,0,0:0:0:0:
256,192,97010,1,0,0:0:0:0:
329,192,97010,1,0,0:0:0:0:
182,192,97010,128,0,97237:0:0:0:0:
109,192,97086,1,0,0:0:0:0:
256,192,97162,128,0,97237:0:0:0:0:
329,192,97162,128,0,97313:0:0:0:0:
402,192,97162,1,0,0:0:0:0:
36,192,97162,128,0,97616:0:0:0:0:
109,192,97313,1,0,0:0:0:0:
402,192,97313,128,0,97540:0:0:0:0:
256,192,97313,1,0,0:0:0:0:
182,192,97313,128,0,97465:0:0:0:0:
329,192,97389,1,0,0:0:0:0:
475,192,97389,1,0,0:0:0:0:
256,192,97465,1,0,0:0:0:0:
182,192,97540,1,0,0:0:0:0:
475,192,97616,128,0,97919:0:0:0:0:
109,192,97616,128,0,97843:0:0:0:0:
329,192,97616,128,0,97768:0:0:0:0:
402,192,97616,1,0,0:0:0:0:
36,192,97692,1,0,0:0:0:0:
182,192,97692,1,0,0:0:0:0:
256,192,97768,1,0,0:0:0:0:
329,192,97843,1,0,0:0:0:0:
109,192,97919,1,0,0:0:0:0:
36,192,97919,128,0,98146:0:0:0:0:
182,192,97919,128,0,98146:0:0:0:0:
402,192,97919,128,0,98146:0:0:0:0:
256,192,97919,1,0,0:0:0:0:
256,192,98071,1,0,0:0:0:0:
36,192,98222,1,0,0:0:0:0:
182,192,98222,1,0,0:0:0:0:
256,192,98222,1,0,0:0:0:0:
402,192,98222,1,0,0:0:0:0:
475,192,98222,1,0,0:0:0:0:
36,192,98374,1,0,0:0:0:0:
475,192,98374,1,0,0:0:0:0:
256,192,98374,128,0,98449:0:0:0:0:
109,192,98374,1,0,0:0:0:0:
402,192,98449,1,0,0:0:0:0:
36,192,98449,1,0,0:0:0:0:
109,192,98449,1,0,0:0:0:0:
256,192,98525,1,0,0:0:0:0:
36,192,98525,128,0,99056:0:0:0:0:
109,192,98525,128,0,98753:0:0:0:0:
329,192,98525,1,0,0:0:0:0:
182,192,98601,1,0,0:0:0:0:
402,192,98601,1,0,0:0:0:0:
475,192,98677,1,0,0:0:0:0:
256,192,98677,128,0,98753:0:0:0:0:
402,192,98753,128,0,99131:0:0:0:0:
109,192,98828,1,0,0:0:0:0:
256,192,98828,1,0,0:0:0:0:
182,192,98904,1,0,0:0:0:0:
109,192,98980,1,0,0:0:0:0:
256,192,98980,128,0,99056:0:0:0:0:
475,192,98980,128,0,99131:0:0:0:0:
36,192,99131,128,0,99662:0:0:0:0:
182,192,99131,128,0,99359:0:0:0:0:
256,192,99131,1,0,0:0:0:0:
329,192,99131,1,0,0:0:0:0:
256,192,99283,128,0,99510:0:0:0:0:
329,192,99283,1,0,0:0:0:0:
402,192,99359,1,0,0:0:0:0:
329,192,99359,128,0,99510:0:0:0:0:
475,192,99434,1,0,0:0:0:0:
402,192,99434,128,0,99586:0:0:0:0:
109,192,99434,128,0,99662:0:0:0:0:
182,192,99434,128,0,99662:0:0:0:0:
256,192,99586,1,0,0:0:0:0:
329,192,99586,1,0,0:0:0:0:
402,192,99662,1,0,0:0:0:0:
475,192,99737,128,0,100268:0:0:0:0:
182,192,99737,1,0,0:0:0:0:
256,192,99737,1,0,0:0:0:0:
329,192,99737,128,0,99965:0:0:0:0:
256,192,99889,128,0,100116:0:0:0:0:
182,192,99889,1,0,0:0:0:0:
109,192,99965,1,0,0:0:0:0:
182,192,99965,128,0,100116:0:0:0:0:
36,192,100040,1,0,0:0:0:0:
109,192,100040,128,0,100192:0:0:0:0:
402,192,100040,128,0,100268:0:0:0:0:
329,192,100040,128,0,100268:0:0:0:0:
182,192,100192,1,0,0:0:0:0:
256,192,100192,1,0,0:0:0:0:
109,192,100268,1,0,0:0:0:0:
36,192,100343,128,0,100571:0:0:0:0:
256,192,100343,128,0,100571:0:0:0:0:
475,192,100343,128,0,100571:0:0:0:0:
402,192,100343,1,0,0:0:0:0:
182,192,100343,1,0,0:0:0:0:
329,192,100419,1,0,0:0:0:0:
182,192,100495,1,0,0:0:0:0:
109,192,100571,1,0,0:0:0:0:
329,192,100571,1,0,0:0:0:0:
36,192,100646,1,0,0:0:0:0:
256,192,100646,1,0,0:0:0:0:
475,192,100646,1,0,0:0:0:0:
109,192,100722,1,0,0:0:0:0:
402,192,100722,1,0,0:0:0:0:
329,192,100798,128,0,100949:0:0:0:0:
182,192,100798,1,0,0:0:0:0:
256,192,100798,1,0,0:0:0:0:
402,192,100874,128,0,101025:0:0:0:0:
109,192,100874,1,0,0:0:0:0:
475,192,100949,128,0,101480:0:0:0:0:
36,192,100949,1,0,0:0:0:0:
256,192,100949,1,0,0:0:0:0:
182,192,101025,1,0,0:0:0:0:
329,192,101025,1,0,0:0:0:0:
256,192,101101,128,0,101253:0:0:0:0:
36,192,101101,1,0,0:0:0:0:
402,192,101101,1,0,0:0:0:0:
329,192,101177,128,0,101404:0:0:0:0:
182,192,101177,1,0,0:0:0:0:
109,192,101253,1,0,0:0:0:0:
182,192,101328,128,0,101480:0:0:0:0:
36,192,101328,1,0,0:0:0:0:
256,192,101404,128,0,101480:0:0:0:0:
402,192,101404,1,0,0:0:0:0:
329,192,101480,1,0,0:0:0:0:
36,192,101480,1,0,0:0:0:0:
36,192,101556,128,0,101934:0:0:0:0:
182,192,101556,1,0,0:0:0:0:
256,192,101556,1,0,0:0:0:0:
475,192,101556,1,0,0:0:0:0:
402,192,101631,1,0,0:0:0:0:
329,192,101707,1,0,0:0:0:0:
182,192,101707,1,0,0:0:0:0:
402,192,101783,1,0,0:0:0:0:
256,192,101859,128,0,102086:0:0:0:0:
475,192,101859,1,0,0:0:0:0:
109,192,101859,1,0,0:0:0:0:
402,192,101934,1,0,0:0:0:0:
36,192,102010,128,0,102616:0:0:0:0:
329,192,102010,1,0,0:0:0:0:
182,192,102010,1,0,0:0:0:0:
402,192,102086,1,0,0:0:0:0:
109,192,102086,1,0,0:0:0:0:
475,192,102162,1,0,0:0:0:0:
256,192,102162,1,0,0:0:0:0:
402,192,102237,1,0,0:0:0:0:
182,192,102313,128,0,102540:0:0:0:0:
329,192,102313,1,0,0:0:0:0:
109,192,102313,1,0,0:0:0:0:
402,192,102389,1,0,0:0:0:0:
475,192,102465,1,0,0:0:0:0:
256,192,102465,1,0,0:0:0:0:
329,192,102465,128,0,102692:0:0:0:0:
475,192,102616,128,0,102768:0:0:0:0:
182,192,102616,1,0,0:0:0:0:
36,192,102692,1,0,0:0:0:0:
256,192,102768,128,0,102995:0:0:0:0:
329,192,102768,1,0,0:0:0:0:
109,192,102768,1,0,0:0:0:0:
182,192,102843,1,0,0:0:0:0:
402,192,102919,128,0,103071:0:0:0:0:
36,192,102919,1,0,0:0:0:0:
475,192,102919,1,0,0:0:0:0:
109,192,102995,1,0,0:0:0:0:
329,192,102995,1,0,0:0:0:0:
182,192,103071,128,0,103298:0:0:0:0:
475,192,103071,1,0,0:0:0:0:
36,192,103071,1,0,0:0:0:0:
256,192,103146,1,0,0:0:0:0:
329,192,103222,128,0,103374:0:0:0:0:
402,192,103222,1,0,0:0:0:0:
109,192,103222,1,0,0:0:0:0:
475,192,103298,1,0,0:0:0:0:
109,192,103374,128,0,103601:0:0:0:0:
36,192,103374,1,0,0:0:0:0:
182,192,103374,1,0,0:0:0:0:
329,192,103449,1,0,0:0:0:0:
475,192,103449,1,0,0:0:0:0:
256,192,103525,128,0,103677:0:0:0:0:
182,192,103525,1,0,0:0:0:0:
329,192,103601,1,0,0:0:0:0:
36,192,103677,128,0,103904:0:0:0:0:
475,192,103677,1,0,0:0:0:0:
109,192,103677,1,0,0:0:0:0:
256,192,103753,1,0,0:0:0:0:
182,192,103828,128,0,103980:0:0:0:0:
402,192,103828,1,0,0:0:0:0:
329,192,103904,1,0,0:0:0:0:
475,192,103980,1,0,0:0:0:0:
36,192,103980,1,0,0:0:0:0:
256,192,103980,1,0,0:0:0:0:
109,192,103980,128,0,104510:0:0:0:0:
402,192,103980,128,0,104510:0:0:0:0:
182,192,104056,1,0,0:0:0:0:
329,192,104131,1,0,0:0:0:0:
475,192,104131,1,0,0:0:0:0:
256,192,104131,128,0,104510:0:0:0:0:
182,192,104207,1,0,0:0:0:0:
36,192,104283,128,0,104359:0:0:0:0:
475,192,104283,128,0,104359:0:0:0:0:
182,192,104359,1,0,0:0:0:0:
329,192,104359,1,0,0:0:0:0:
36,192,104434,128,0,104510:0:0:0:0:
475,192,104434,128,0,104510:0:0:0:0:
182,192,104510,1,0,0:0:0:0:
329,192,104510,1,0,0:0:0:0:
36,192,104586,1,0,0:0:0:0:
109,192,104586,1,0,0:0:0:0:
256,192,104586,1,0,0:0:0:0:
402,192,104586,1,0,0:0:0:0:
475,192,104586,1,0,0:0:0:0:
182,192,104662,1,0,0:0:0:0:
329,192,104662,1,0,0:0:0:0:
109,192,104737,1,0,0:0:0:0:
256,192,104737,1,0,0:0:0:0:
402,192,104737,1,0,0:0:0:0:
182,192,104813,1,0,0:0:0:0:
329,192,104813,1,0,0:0:0:0:
36,192,104889,1,0,0:0:0:0:
256,192,104889,1,0,0:0:0:0:
475,192,104889,1,0,0:0:0:0:
109,192,104965,1,0,0:0:0:0:
402,192,104965,1,0,0:0:0:0:
256,192,104965,1,0,0:0:0:0:
182,192,105040,1,0,0:0:0:0:
329,192,105040,1,0,0:0:0:0:
256,192,105116,1,0,0:0:0:0:
109,192,105116,1,0,0:0:0:0:
402,192,105116,1,0,0:0:0:0:
36,192,105192,128,0,105419:0:0:0:0:
475,192,105192,128,0,105419:0:0:0:0:
182,192,105192,128,0,105419:0:0:0:0:
329,192,105192,128,0,105419:0:0:0:0:
36,192,105495,1,0,0:0:0:0:
182,192,105495,1,0,0:0:0:0:
329,192,105495,1,0,0:0:0:0:
475,192,105495,1,0,0:0:0:0:
109,192,105495,1,0,0:0:0:0:
402,192,105495,1,0,0:0:0:0:
402,192,105646,1,0,0:0:0:0:
475,192,105646,1,0,0:0:0:0:
256,192,105646,128,0,105722:0:0:0:0:
36,192,105646,128,0,105874:0:0:0:0:
402,192,105722,1,0,0:0:0:0:
475,192,105722,1,0,0:0:0:0:
109,192,105722,128,0,105798:0:0:0:0:
402,192,105798,128,0,106025:0:0:0:0:
475,192,105798,128,0,106328:0:0:0:0:
256,192,105798,1,0,0:0:0:0:
182,192,105798,128,0,105949:0:0:0:0:
109,192,105874,128,0,105949:0:0:0:0:
329,192,105874,1,0,0:0:0:0:
256,192,105949,128,0,106025:0:0:0:0:
36,192,105949,128,0,106177:0:0:0:0:
109,192,106025,128,0,106328:0:0:0:0:
182,192,106025,1,0,0:0:0:0:
256,192,106101,1,0,0:0:0:0:
402,192,106101,1,0,0:0:0:0:
329,192,106177,128,0,106328:0:0:0:0:
256,192,106253,128,0,106328:0:0:0:0:
36,192,106253,128,0,106328:0:0:0:0:
402,192,106253,1,0,0:0:0:0:
182,192,106328,128,0,106404:0:0:0:0:
256,192,106404,1,0,0:0:0:0:
329,192,106404,128,0,106556:0:0:0:0:
475,192,106404,128,0,107010:0:0:0:0:
36,192,106404,1,0,0:0:0:0:
109,192,106404,1,0,0:0:0:0:
182,192,106480,128,0,106631:0:0:0:0:
256,192,106556,128,0,106631:0:0:0:0:
402,192,106556,1,0,0:0:0:0:
36,192,106556,128,0,106707:0:0:0:0:
109,192,106631,1,0,0:0:0:0:
329,192,106631,1,0,0:0:0:0:
256,192,106707,1,0,0:0:0:0:
182,192,106707,128,0,106934:0:0:0:0:
109,192,106783,1,0,0:0:0:0:
256,192,106859,128,0,106934:0:0:0:0:
329,192,106859,128,0,107010:0:0:0:0:
402,192,106859,1,0,0:0:0:0:
36,192,106859,128,0,107313:0:0:0:0:
109,192,107010,1,0,0:0:0:0:
402,192,107010,128,0,107237:0:0:0:0:
256,192,107010,1,0,0:0:0:0:
182,192,107010,128,0,107162:0:0:0:0:
475,192,107086,1,0,0:0:0:0:
329,192,107086,128,0,107237:0:0:0:0:
256,192,107162,128,0,107389:0:0:0:0:
182,192,107237,128,0,107313:0:0:0:0:
475,192,107313,128,0,107616:0:0:0:0:
109,192,107313,128,0,107540:0:0:0:0:
329,192,107313,128,0,107465:0:0:0:0:
402,192,107313,1,0,0:0:0:0:
36,192,107389,1,0,0:0:0:0:
182,192,107389,1,0,0:0:0:0:
256,192,107465,1,0,0:0:0:0:
329,192,107540,1,0,0:0:0:0:
109,192,107616,1,0,0:0:0:0:
36,192,107616,128,0,107843:0:0:0:0:
182,192,107616,128,0,107843:0:0:0:0:
402,192,107616,128,0,107843:0:0:0:0:
256,192,107616,1,0,0:0:0:0:
256,192,107768,1,0,0:0:0:0:
36,192,107919,1,0,0:0:0:0:
182,192,107919,1,0,0:0:0:0:
256,192,107919,1,0,0:0:0:0:
402,192,107919,1,0,0:0:0:0:
475,192,107919,1,0,0:0:0:0:
36,192,108071,1,0,0:0:0:0:
475,192,108071,128,0,108298:0:0:0:0:
256,192,108071,128,0,108146:0:0:0:0:
109,192,108071,1,0,0:0:0:0:
109,192,108146,1,0,0:0:0:0:
36,192,108146,1,0,0:0:0:0:
402,192,108146,128,0,108222:0:0:0:0:
256,192,108222,1,0,0:0:0:0:
36,192,108222,128,0,108753:0:0:0:0:
109,192,108222,128,0,108449:0:0:0:0:
329,192,108222,128,0,108374:0:0:0:0:
402,192,108298,128,0,108374:0:0:0:0:
182,192,108298,1,0,0:0:0:0:
256,192,108374,128,0,108449:0:0:0:0:
475,192,108374,128,0,108601:0:0:0:0:
329,192,108449,1,0,0:0:0:0:
402,192,108449,128,0,108753:0:0:0:0:
109,192,108525,1,0,0:0:0:0:
256,192,108525,1,0,0:0:0:0:
182,192,108601,128,0,108753:0:0:0:0:
109,192,108677,1,0,0:0:0:0:
256,192,108677,128,0,108753:0:0:0:0:
475,192,108677,128,0,108753:0:0:0:0:
329,192,108753,128,0,108904:0:0:0:0:
36,192,108828,128,0,109359:0:0:0:0:
182,192,108828,128,0,109056:0:0:0:0:
475,192,108828,1,0,0:0:0:0:
256,192,108828,1,0,0:0:0:0:
402,192,108828,1,0,0:0:0:0:
256,192,108980,128,0,109207:0:0:0:0:
329,192,108980,1,0,0:0:0:0:
402,192,109056,1,0,0:0:0:0:
329,192,109056,128,0,109207:0:0:0:0:
475,192,109131,1,0,0:0:0:0:
402,192,109131,128,0,109283:0:0:0:0:
109,192,109131,128,0,109359:0:0:0:0:
182,192,109131,128,0,109510:0:0:0:0:
256,192,109283,1,0,0:0:0:0:
329,192,109283,1,0,0:0:0:0:
402,192,109359,1,0,0:0:0:0:
475,192,109434,128,0,109965:0:0:0:0:
109,192,109434,1,0,0:0:0:0:
256,192,109434,1,0,0:0:0:0:
329,192,109434,128,0,109662:0:0:0:0:
36,192,109434,1,0,0:0:0:0:
256,192,109586,128,0,109813:0:0:0:0:
182,192,109586,1,0,0:0:0:0:
109,192,109662,1,0,0:0:0:0:
182,192,109662,128,0,109813:0:0:0:0:
36,192,109737,1,0,0:0:0:0:
109,192,109737,128,0,109889:0:0:0:0:
402,192,109737,128,0,109965:0:0:0:0:
329,192,109737,128,0,109965:0:0:0:0:
182,192,109889,1,0,0:0:0:0:
256,192,109889,1,0,0:0:0:0:
109,192,109965,1,0,0:0:0:0:
256,192,110040,1,0,0:0:0:0:
402,192,110040,1,0,0:0:0:0:
475,192,110040,1,0,0:0:0:0:
182,192,110040,128,0,110324:0:0:0:0:
329,192,110040,128,0,110173:0:0:0:0:
36,192,110040,128,0,110324:0:0:0:0:
256,192,110192,1,0,0:0:0:0:
402,192,110192,1,0,0:0:0:0:
475,192,110192,1,0,0:0:0:0:
329,192,110192,128,0,110324:0:0:0:0:
36,192,110343,1,0,0:0:0:0:
109,192,110343,1,0,0:0:0:0:
256,192,110343,1,0,0:0:0:0:
329,192,110343,128,0,110628:0:0:0:0:
182,192,110343,128,0,110476:0:0:0:0:
475,192,110343,128,0,110628:0:0:0:0:
36,192,110495,1,0,0:0:0:0:
109,192,110495,1,0,0:0:0:0:
256,192,110495,1,0,0:0:0:0:
182,192,110495,128,0,110628:0:0:0:0:
256,192,110646,1,0,0:0:0:0:
402,192,110646,1,0,0:0:0:0:
475,192,110646,1,0,0:0:0:0:
182,192,110646,128,0,110931:0:0:0:0:
329,192,110646,128,0,110779:0:0:0:0:
36,192,110646,128,0,110931:0:0:0:0:
256,192,110798,1,0,0:0:0:0:
402,192,110798,1,0,0:0:0:0:
475,192,110798,1,0,0:0:0:0:
329,192,110798,128,0,110931:0:0:0:0:
36,192,110949,1,0,0:0:0:0:
109,192,110949,1,0,0:0:0:0:
256,192,110949,1,0,0:0:0:0:
329,192,110949,128,0,111234:0:0:0:0:
182,192,110949,128,0,111082:0:0:0:0:
475,192,110949,128,0,111234:0:0:0:0:
36,192,111101,1,0,0:0:0:0:
109,192,111101,1,0,0:0:0:0:
256,192,111101,1,0,0:0:0:0:
182,192,111101,128,0,111234:0:0:0:0:
36,192,111253,128,0,111366:0:0:0:0:
329,192,111253,1,0,0:0:0:0:
182,192,111253,128,0,111366:0:0:0:0:
475,192,111253,1,0,0:0:0:0:
109,192,111328,128,0,111442:0:0:0:0:
256,192,111328,128,0,111442:0:0:0:0:
402,192,111328,1,0,0:0:0:0:
182,192,111404,128,0,111518:0:0:0:0:
329,192,111404,128,0,111518:0:0:0:0:
36,192,111404,1,0,0:0:0:0:
475,192,111404,1,0,0:0:0:0:
256,192,111480,128,0,111593:0:0:0:0:
402,192,111480,128,0,111593:0:0:0:0:
109,192,111480,1,0,0:0:0:0:
329,192,111556,128,0,111669:0:0:0:0:
475,192,111556,128,0,111669:0:0:0:0:
36,192,111556,1,0,0:0:0:0:
182,192,111556,1,0,0:0:0:0:
256,192,111631,128,0,111745:0:0:0:0:
402,192,111631,128,0,111745:0:0:0:0:
109,192,111631,1,0,0:0:0:0:
182,192,111707,128,0,111821:0:0:0:0:
329,192,111707,128,0,111821:0:0:0:0:
36,192,111707,1,0,0:0:0:0:
475,192,111707,1,0,0:0:0:0:
109,192,111783,128,0,111896:0:0:0:0:
256,192,111783,128,0,111896:0:0:0:0:
402,192,111783,1,0,0:0:0:0:
329,192,111859,1,0,0:0:0:0:
36,192,111859,128,0,111972:0:0:0:0:
182,192,111859,128,0,111972:0:0:0:0:
475,192,111859,128,0,112111:0:0:0:0:
402,192,111909,128,0,112162:0:0:0:0:
329,192,111960,128,0,112212:0:0:0:0:
256,192,112010,1,0,0:0:0:0:
182,192,112061,128,0,112313:0:0:0:0:
109,192,112111,128,0,112364:0:0:0:0:
475,192,112162,1,0,0:0:0:0:
256,192,112162,1,0,0:0:0:0:
36,192,112162,128,0,112414:0:0:0:0:
402,192,112212,1,0,0:0:0:0:
329,192,112263,1,0,0:0:0:0:
256,192,112313,1,0,0:0:0:0:
182,192,112364,1,0,0:0:0:0:
109,192,112414,1,0,0:0:0:0:
402,192,112465,128,0,112540:0:0:0:0:
475,192,112465,128,0,112540:0:0:0:0:
256,192,112465,128,0,112843:0:0:0:0:
36,192,112465,128,0,112692:0:0:0:0:
329,192,112465,128,0,112540:0:0:0:0:
182,192,112540,128,0,112616:0:0:0:0:
402,192,112616,128,0,112692:0:0:0:0:
475,192,112616,128,0,112692:0:0:0:0:
329,192,112616,128,0,112692:0:0:0:0:
182,192,112692,128,0,112843:0:0:0:0:
329,192,112768,1,0,0:0:0:0:
402,192,112768,1,0,0:0:0:0:
475,192,112768,1,0,0:0:0:0:
36,192,112768,1,0,0:0:0:0:
109,192,112768,1,0,0:0:0:0:
182,192,112919,1,0,0:0:0:0:
256,192,112919,1,0,0:0:0:0:
329,192,112919,1,0,0:0:0:0:
402,192,112919,1,0,0:0:0:0:
36,192,112919,1,0,0:0:0:0:
256,192,112995,1,0,0:0:0:0:
329,192,112995,1,0,0:0:0:0:
402,192,112995,1,0,0:0:0:0:
475,192,112995,1,0,0:0:0:0:
36,192,113071,128,0,113298:0:0:0:0:
256,192,113071,128,0,113146:0:0:0:0:
109,192,113071,128,0,113146:0:0:0:0:
182,192,113071,128,0,113298:0:0:0:0:
475,192,113071,128,0,113298:0:0:0:0:
109,192,113222,128,0,113298:0:0:0:0:
329,192,113222,128,0,113449:0:0:0:0:
256,192,113222,128,0,113449:0:0:0:0:
36,192,113374,1,0,0:0:0:0:
109,192,113374,1,0,0:0:0:0:
402,192,113374,1,0,0:0:0:0:
475,192,113374,1,0,0:0:0:0:
182,192,113374,1,0,0:0:0:0:
329,192,113525,1,0,0:0:0:0:
182,192,113525,1,0,0:0:0:0:
475,192,113525,1,0,0:0:0:0:
256,192,113525,1,0,0:0:0:0:
109,192,113525,1,0,0:0:0:0:
182,192,113601,1,0,0:0:0:0:
36,192,113601,1,0,0:0:0:0:
109,192,113601,1,0,0:0:0:0:
256,192,113601,1,0,0:0:0:0:
402,192,113677,128,0,113753:0:0:0:0:
329,192,113677,128,0,113904:0:0:0:0:
256,192,113677,128,0,113753:0:0:0:0:
475,192,113677,128,0,113904:0:0:0:0:
36,192,113677,128,0,113904:0:0:0:0:
182,192,113828,128,0,114056:0:0:0:0:
402,192,113828,128,0,113904:0:0:0:0:
256,192,113828,128,0,114056:0:0:0:0:
329,192,113980,1,0,0:0:0:0:
36,192,113980,1,0,0:0:0:0:
109,192,113980,1,0,0:0:0:0:
402,192,113980,1,0,0:0:0:0:
475,192,113980,1,0,0:0:0:0:
182,192,114131,1,0,0:0:0:0:
36,192,114131,1,0,0:0:0:0:
402,192,114131,1,0,0:0:0:0:
329,192,114131,1,0,0:0:0:0:
256,192,114131,1,0,0:0:0:0:
475,192,114207,1,0,0:0:0:0:
402,192,114207,1,0,0:0:0:0:
256,192,114207,1,0,0:0:0:0:
329,192,114207,1,0,0:0:0:0:
36,192,114283,128,0,114510:0:0:0:0:
329,192,114283,128,0,114359:0:0:0:0:
256,192,114283,128,0,114510:0:0:0:0:
182,192,114283,128,0,114359:0:0:0:0:
475,192,114283,128,0,114510:0:0:0:0:
182,192,114434,128,0,114662:0:0:0:0:
329,192,114434,128,0,114662:0:0:0:0:
36,192,114586,1,0,0:0:0:0:
256,192,114586,1,0,0:0:0:0:
475,192,114586,1,0,0:0:0:0:
109,192,114586,1,0,0:0:0:0:
402,192,114586,1,0,0:0:0:0:
475,192,114737,1,0,0:0:0:0:
329,192,114737,1,0,0:0:0:0:
182,192,114737,1,0,0:0:0:0:
36,192,114737,1,0,0:0:0:0:
256,192,114737,1,0,0:0:0:0:
182,192,114813,1,0,0:0:0:0:
109,192,114813,1,0,0:0:0:0:
402,192,114813,1,0,0:0:0:0:
329,192,114813,1,0,0:0:0:0:
109,192,114889,128,0,114965:0:0:0:0:
36,192,114889,128,0,114965:0:0:0:0:
256,192,114889,128,0,115268:0:0:0:0:
475,192,114889,128,0,115116:0:0:0:0:
182,192,114889,128,0,114965:0:0:0:0:
329,192,114965,128,0,115040:0:0:0:0:
109,192,115040,128,0,115116:0:0:0:0:
36,192,115040,128,0,115116:0:0:0:0:
182,192,115040,128,0,115116:0:0:0:0:
329,192,115116,128,0,115268:0:0:0:0:
182,192,115192,1,0,0:0:0:0:
109,192,115192,1,0,0:0:0:0:
36,192,115192,1,0,0:0:0:0:
475,192,115192,1,0,0:0:0:0:
402,192,115192,1,0,0:0:0:0:
329,192,115343,1,0,0:0:0:0:
256,192,115343,1,0,0:0:0:0:
402,192,115343,1,0,0:0:0:0:
109,192,115343,1,0,0:0:0:0:
475,192,115343,1,0,0:0:0:0:
256,192,115419,1,0,0:0:0:0:
109,192,115419,1,0,0:0:0:0:
182,192,115419,1,0,0:0:0:0:
36,192,115419,1,0,0:0:0:0:
402,192,115495,128,0,115571:0:0:0:0:
256,192,115495,128,0,115571:0:0:0:0:
475,192,115495,128,0,115571:0:0:0:0:
329,192,115495,128,0,115722:0:0:0:0:
36,192,115495,128,0,115722:0:0:0:0:
475,192,115646,128,0,115722:0:0:0:0:
182,192,115646,128,0,115874:0:0:0:0:
256,192,115646,128,0,115722:0:0:0:0:
402,192,115646,128,0,115722:0:0:0:0:
475,192,115798,1,0,0:0:0:0:
402,192,115798,1,0,0:0:0:0:
109,192,115798,1,0,0:0:0:0:
36,192,115798,1,0,0:0:0:0:
329,192,115798,1,0,0:0:0:0:
256,192,115798,128,0,115874:0:0:0:0:
182,192,115949,1,0,0:0:0:0:
109,192,115949,1,0,0:0:0:0:
36,192,115949,1,0,0:0:0:0:
256,192,115949,1,0,0:0:0:0:
402,192,115949,1,0,0:0:0:0:
329,192,116025,1,0,0:0:0:0:
475,192,116025,1,0,0:0:0:0:
402,192,116025,1,0,0:0:0:0:
256,192,116025,1,0,0:0:0:0:
109,192,116101,1,0,0:0:0:0:
182,192,116101,1,0,0:0:0:0:
36,192,116101,128,0,116556:0:0:0:0:
256,192,116101,128,0,116404:0:0:0:0:
402,192,116177,1,0,0:0:0:0:
329,192,116177,128,0,116253:0:0:0:0:
475,192,116177,128,0,116404:0:0:0:0:
182,192,116177,128,0,116253:0:0:0:0:
182,192,116328,1,0,0:0:0:0:
109,192,116328,128,0,116556:0:0:0:0:
402,192,116328,128,0,116404:0:0:0:0:
329,192,116328,1,0,0:0:0:0:
256,192,116480,1,0,0:0:0:0:
329,192,116480,128,0,116631:0:0:0:0:
475,192,116480,128,0,116783:0:0:0:0:
402,192,116480,1,0,0:0:0:0:
109,192,116631,1,0,0:0:0:0:
256,192,116631,1,0,0:0:0:0:
182,192,116631,128,0,116707:0:0:0:0:
36,192,116631,128,0,116934:0:0:0:0:
402,192,116707,128,0,116783:0:0:0:0:
329,192,116707,1,0,0:0:0:0:
109,192,116783,128,0,116934:0:0:0:0:
182,192,116783,1,0,0:0:0:0:
329,192,116859,128,0,117086:0:0:0:0:
475,192,116859,128,0,117086:0:0:0:0:
256,192,116859,1,0,0:0:0:0:
36,192,117010,1,0,0:0:0:0:
109,192,117010,1,0,0:0:0:0:
182,192,117010,1,0,0:0:0:0:
256,192,117010,1,0,0:0:0:0:
256,192,117162,1,0,0:0:0:0:
329,192,117162,1,0,0:0:0:0:
402,192,117162,1,0,0:0:0:0:
475,192,117162,1,0,0:0:0:0:
36,192,117237,128,0,117540:0:0:0:0:
109,192,117237,128,0,117540:0:0:0:0:
182,192,117237,128,0,117540:0:0:0:0:
36,192,117616,1,0,0:0:0:0:
109,192,117616,1,0,0:0:0:0:
256,192,117616,1,0,0:0:0:0:
329,192,117616,1,0,0:0:0:0:
475,192,117616,1,0,0:0:0:0:
182,192,117692,1,0,0:0:0:0:
402,192,117692,1,0,0:0:0:0:
109,192,117768,1,0,0:0:0:0:
329,192,117768,1,0,0:0:0:0:
36,192,117843,1,0,0:0:0:0:
256,192,117843,1,0,0:0:0:0:
475,192,117919,1,0,0:0:0:0:
182,192,117919,1,0,0:0:0:0:
402,192,117970,1,0,0:0:0:0:
36,192,117970,1,0,0:0:0:0:
256,192,118020,1,0,0:0:0:0:
109,192,118020,1,0,0:0:0:0:
329,192,118071,1,0,0:0:0:0:
182,192,118121,1,0,0:0:0:0:
109,192,118172,1,0,0:0:0:0:
475,192,118172,1,0,0:0:0:0:
36,192,118222,1,0,0:0:0:0:
402,192,118222,1,0,0:0:0:0:
329,192,118273,1,0,0:0:0:0:
182,192,118273,1,0,0:0:0:0:
109,192,118323,1,0,0:0:0:0:
475,192,118323,1,0,0:0:0:0:
256,192,118374,1,0,0:0:0:0:
402,192,118374,1,0,0:0:0:0:
109,192,118424,1,0,0:0:0:0:
329,192,118424,1,0,0:0:0:0:
36,192,118475,1,0,0:0:0:0:
256,192,118475,1,0,0:0:0:0:
182,192,118525,1,0,0:0:0:0:
475,192,118525,1,0,0:0:0:0:
109,192,118576,1,0,0:0:0:0:
402,192,118576,1,0,0:0:0:0:
36,192,118626,1,0,0:0:0:0:
329,192,118626,1,0,0:0:0:0:
475,192,118677,1,0,0:0:0:0:
402,192,118677,1,0,0:0:0:0:
182,192,118727,1,0,0:0:0:0:
256,192,118727,1,0,0:0:0:0:
36,192,118778,1,0,0:0:0:0:
402,192,118778,1,0,0:0:0:0:
256,192,118828,1,0,0:0:0:0:
329,192,118828,1,0,0:0:0:0:
109,192,118879,1,0,0:0:0:0:
475,192,118879,1,0,0:0:0:0:
36,192,118929,1,0,0:0:0:0:
402,192,118929,1,0,0:0:0:0:
182,192,118980,1,0,0:0:0:0:
329,192,118980,1,0,0:0:0:0:
256,192,119030,1,0,0:0:0:0:
109,192,119081,1,0,0:0:0:0:
36,192,119131,1,0,0:0:0:0:
329,192,119131,128,0,119359:0:0:0:0:
475,192,119131,128,0,119737:0:0:0:0:
182,192,119131,1,0,0:0:0:0:
402,192,119131,128,0,119737:0:0:0:0:
36,192,119283,1,0,0:0:0:0:
109,192,119283,1,0,0:0:0:0:
256,192,119283,1,0,0:0:0:0:
109,192,119434,1,0,0:0:0:0:
182,192,119434,1,0,0:0:0:0:
329,192,119434,1,0,0:0:0:0:
256,192,119586,1,0,0:0:0:0:
329,192,119586,1,0,0:0:0:0:
36,192,119662,1,0,0:0:0:0:
109,192,119662,1,0,0:0:0:0:
36,192,119737,128,0,119990:0:0:0:0:
109,192,119788,128,0,120040:0:0:0:0:
182,192,119838,128,0,119939:0:0:0:0:
256,192,119889,128,0,119990:0:0:0:0:
329,192,119939,128,0,120040:0:0:0:0:
182,192,119990,1,0,0:0:0:0:
402,192,119990,128,0,120242:0:0:0:0:
256,192,120040,1,0,0:0:0:0:
475,192,120040,128,0,120293:0:0:0:0:
36,192,120040,128,0,120293:0:0:0:0:
329,192,120091,1,0,0:0:0:0:
109,192,120091,128,0,120242:0:0:0:0:
182,192,120141,128,0,120394:0:0:0:0:
256,192,120192,128,0,120293:0:0:0:0:
329,192,120242,128,0,120495:0:0:0:0:
109,192,120293,1,0,0:0:0:0:
402,192,120293,128,0,120343:0:0:0:0:
256,192,120343,1,0,0:0:0:0:
475,192,120343,128,0,120596:0:0:0:0:
36,192,120343,128,0,120596:0:0:0:0:
402,192,120394,1,0,0:0:0:0:
109,192,120394,128,0,120646:0:0:0:0:
182,192,120444,128,0,120545:0:0:0:0:
256,192,120495,128,0,120596:0:0:0:0:
329,192,120545,128,0,120646:0:0:0:0:
182,192,120596,1,0,0:0:0:0:
402,192,120596,128,0,120848:0:0:0:0:
256,192,120646,1,0,0:0:0:0:
475,192,120646,128,0,120899:0:0:0:0:
36,192,120646,128,0,120899:0:0:0:0:
329,192,120697,1,0,0:0:0:0:
109,192,120697,128,0,120949:0:0:0:0:
182,192,120747,128,0,121000:0:0:0:0:
256,192,120798,128,0,121051:0:0:0:0:
329,192,120848,128,0,121000:0:0:0:0:
402,192,120899,128,0,120949:0:0:0:0:
36,192,120949,128,0,121202:0:0:0:0:
475,192,120949,128,0,121051:0:0:0:0:
109,192,121000,128,0,121152:0:0:0:0:
402,192,121000,1,0,0:0:0:0:
182,192,121051,128,0,121101:0:0:0:0:
402,192,121051,128,0,121152:0:0:0:0:
329,192,121051,128,0,121101:0:0:0:0:
475,192,121101,1,0,0:0:0:0:
256,192,121101,128,0,121202:0:0:0:0:
329,192,121152,128,0,121253:0:0:0:0:
182,192,121152,128,0,121303:0:0:0:0:
402,192,121202,1,0,0:0:0:0:
109,192,121202,128,0,121404:0:0:0:0:
475,192,121253,128,0,121505:0:0:0:0:
256,192,121253,128,0,121354:0:0:0:0:
36,192,121253,128,0,121505:0:0:0:0:
329,192,121303,1,0,0:0:0:0:
402,192,121354,128,0,121606:0:0:0:0:
182,192,121354,128,0,121455:0:0:0:0:
256,192,121404,1,0,0:0:0:0:
329,192,121455,128,0,121707:0:0:0:0:
109,192,121455,128,0,121556:0:0:0:0:
182,192,121505,1,0,0:0:0:0:
256,192,121556,128,0,121808:0:0:0:0:
36,192,121556,128,0,121657:0:0:0:0:
475,192,121556,1,0,0:0:0:0:
109,192,121606,1,0,0:0:0:0:
182,192,121657,128,0,121909:0:0:0:0:
402,192,121657,1,0,0:0:0:0:
36,192,121707,1,0,0:0:0:0:
475,192,121707,128,0,122111:0:0:0:0:
109,192,121758,128,0,122010:0:0:0:0:
329,192,121758,1,0,0:0:0:0:
402,192,121808,128,0,122111:0:0:0:0:
36,192,121859,128,0,122111:0:0:0:0:
256,192,121859,1,0,0:0:0:0:
329,192,121909,128,0,122111:0:0:0:0:
182,192,121960,1,0,0:0:0:0:
256,192,122010,128,0,122111:0:0:0:0:
109,192,122061,1,0,0:0:0:0:
329,192,122162,1,0,0:0:0:0:
36,192,122162,1,0,0:0:0:0:
182,192,122162,128,0,129434:0:0:0:0:
475,192,122162,128,0,129434:0:0:0:0:
402,192,122263,1,0,0:0:0:0:
256,192,122364,1,0,0:0:0:0:
329,192,122465,1,0,0:0:0:0:
402,192,122566,1,0,0:0:0:0:
36,192,122566,1,0,0:0:0:0:
256,192,122667,1,0,0:0:0:0:
402,192,122768,1,0,0:0:0:0:
256,192,122869,1,0,0:0:0:0:
36,192,122970,1,0,0:0:0:0:
402,192,123071,1,0,0:0:0:0:
109,192,123071,1,0,0:0:0:0:
256,192,123172,1,0,0:0:0:0:
36,192,123273,1,0,0:0:0:0:
329,192,123374,1,0,0:0:0:0:
402,192,123475,1,0,0:0:0:0:
36,192,123576,1,0,0:0:0:0:
256,192,123677,1,0,0:0:0:0:
402,192,123778,1,0,0:0:0:0:
329,192,123879,1,0,0:0:0:0:
36,192,123980,1,0,0:0:0:0:
109,192,124081,1,0,0:0:0:0:
402,192,124182,1,0,0:0:0:0:
256,192,124283,1,0,0:0:0:0:
36,192,124384,1,0,0:0:0:0:
329,192,124485,1,0,0:0:0:0:
109,192,124586,1,0,0:0:0:0:
402,192,124687,1,0,0:0:0:0:
329,192,124788,1,0,0:0:0:0:
256,192,124889,1,0,0:0:0:0:
36,192,124990,1,0,0:0:0:0:
256,192,125091,1,0,0:0:0:0:
402,192,125192,1,0,0:0:0:0:
329,192,125293,1,0,0:0:0:0:
109,192,125394,1,0,0:0:0:0:
36,192,125495,1,0,0:0:0:0:
256,192,125596,1,0,0:0:0:0:
402,192,125697,1,0,0:0:0:0:
329,192,125798,1,0,0:0:0:0:
36,192,125899,1,0,0:0:0:0:
256,192,126000,1,0,0:0:0:0:
402,192,126101,1,0,0:0:0:0:
109,192,126202,1,0,0:0:0:0:
36,192,126303,1,0,0:0:0:0:
256,192,126404,1,0,0:0:0:0:
402,192,126505,1,0,0:0:0:0:
36,192,126606,1,0,0:0:0:0:
329,192,126707,1,0,0:0:0:0:
109,192,126808,1,0,0:0:0:0:
256,192,126909,1,0,0:0:0:0:
36,192,127010,128,0,129434:0:0:0:0:
329,192,127010,128,0,129434:0:0:0:0:
402,192,127010,1,0,0:0:0:0:
